diamond  3 2015年01月16日14点6小时降雨量                     
  15  01  16  14    -1 3 10 25 50 1 0
 39 122.7  37.3 122.5  36.7 120.8  36.2 119.3  35.0 120.4  34.3
 121.1  32.7 122.3  30.9 122.5  30.1 121.5  28.0 119.8  25.0
 116.1  22.6 111.0  21.0 111.0  18.6 109.6  18.1 108.3  18.5
 108.9  19.9 109.3  21.0 106.4  21.6 104.1  22.2 101.6  20.8
  98.7  22.0  97.1  24.1  97.7  27.0  91.7  26.6  85.7  27.7
  78.9  30.6  73.3  37.1  74.1  40.7  87.6  49.8  98.5  43.9
 110.4  44.3 122.0  54.7 135.7  48.3 131.5  42.2 125.2  39.4
 121.3  38.5 121.2  40.3 118.5  38.6 120.8  38.1
 1      78
 50778 132.53  47.67    57   0.01
 50779 134.28  48.37    40   0.01
 51145  83.65  46.55   521   0.01
 51356  86.05  44.32   442   0.01
 51357  85.62  44.33   522   0.01
 51368  87.32  44.12   515    0.2
 51369  87.65  43.97   600    1.2
 51377  87.92  44.17   547    0.4
 51378  89.17  44.00   742    1.3
 51435  82.23  43.47   774   0.01
 51465  87.10  43.48  1871    1.5
 51482  90.28  43.83  1271    3.9
 54047 123.28  44.13   145    0.2
 54117 117.53  43.25  1003   0.01
 54122 120.03  43.86   428   0.01
 54155 124.23  43.67   144    0.1
 54156 124.80  43.52   200    0.3
 54164 125.28  43.35   248    0.1
 54169 126.02  43.30   271   0.01
 54187 128.92  43.12   366    0.4
 54223 120.65  42.85   362   0.01
 54225 119.94  42.29   579    0.1
 54231 122.35  42.97   248    0.1
 54234 121.75  42.73   297    0.1
 54244 123.33  42.75   118    0.1
 54245 123.40  42.50    97    0.1
 54252 124.75  42.73   196    0.1
 54261 125.47  42.67   345    0.3
 54267 125.73  42.25   362    0.8
 54274 125.99  42.69   306    0.4
 54279 126.58  42.05   544    0.9
 54290 129.40  42.77   241    0.5
 54293 129.83  42.95   142    0.5
 54301 115.67  41.67  1412   0.01
 54313 118.70  41.93   733   0.01
 54320 119.30  41.60   544   0.01
 54330 121.33  41.13    45    0.1
 54331 121.75  41.60   113   0.01
 54332 122.72  41.52    12   0.01
 54338 121.95  41.28     3   0.01
 54340 123.32  41.67    35   0.01
 54348 123.37  41.41    45   0.01
 54362 125.73  41.67   380    0.6
 54371 126.43  41.93   520    0.9
 54453 120.96  40.87    38   0.01
 54474 122.35  40.42    24   0.01
 54475 122.45  40.57    11   0.01
 54540 119.20  39.73    17    0.1
 54541 119.23  39.90    24    0.1
 54568 121.75  39.05    90   0.01
 54608 115.55  38.00    26   0.01
 54765 121.43  37.48    82    1.8
 54849 120.03  36.22    84   0.01
 56071 102.50  34.59  3190   0.01
 56373 102.85  29.78   763   0.01
 56585 103.56  27.19  1952   0.01
 56697 104.08  26.22  1984   0.01
 56790 104.25  25.68  1925   0.01
 56839  98.82  23.77   995   0.01
 56889 104.17  24.05  1518    0.1
 56891 104.32  24.98  1482    0.7
 56992 104.70  23.45  1507   0.01
 56996 104.70  23.13  1093   0.01
 57176 112.42  33.48   231    0.1
 57261 111.52  33.12   233    0.1
 57414 106.45  30.52   403   0.01
 57415 106.63  30.53   394   0.01
 57416 106.93  30.33   391   0.01
 57425 107.33  30.33   433   0.01
 57540 109.15  29.68   776   0.01
 57543 110.03  29.90   539   0.01
 57708 105.60  27.15  1700   0.01
 57800 105.37  26.77  1457   0.01
 57807 105.47  26.21  1361   0.01
 57811 106.60  26.83  1296   0.01
 57814 106.27  26.42  1298   0.01
 57900 105.22  25.83  1552   0.01
 57908 105.48  25.12  1394   0.01
