diamond  3 2015年01月06日08点6小时降雨量                     
  15  01  06  08    -1 3 10 25 50 1 0
 39 122.7  37.3 122.5  36.7 120.8  36.2 119.3  35.0 120.4  34.3
 121.1  32.7 122.3  30.9 122.5  30.1 121.5  28.0 119.8  25.0
 116.1  22.6 111.0  21.0 111.0  18.6 109.6  18.1 108.3  18.5
 108.9  19.9 109.3  21.0 106.4  21.6 104.1  22.2 101.6  20.8
  98.7  22.0  97.1  24.1  97.7  27.0  91.7  26.6  85.7  27.7
  78.9  30.6  73.3  37.1  74.1  40.7  87.6  49.8  98.5  43.9
 110.4  44.3 122.0  54.7 135.7  48.3 131.5  42.2 125.2  39.4
 121.3  38.5 121.2  40.3 118.5  38.6 120.8  38.1
 1     275
 50772 129.23  48.10   288    0.6
 51430  81.15  43.83   602    0.2
 51438  81.77  43.18  1210    0.7
 52853 100.98  36.90  3010    0.3
 56184 103.17  31.43  1896    0.9
 56185 102.98  32.08  2400    0.1
 56263 101.88  30.88  1949    1.9
 56273 102.82  30.39  1022    0.1
 56490 103.90  28.95   424    0.1
 56493 104.97  28.85   292    0.1
 56494 104.33  28.84   386    0.1
 56496 105.23  28.32   358    0.1
 56499 104.78  28.38   368    0.1
 56593 104.92  28.58   279    0.1
 56641  98.87  26.90  1189    0.1
 56841  98.68  24.60  1528    0.1
 56843  99.62  24.83  1650    0.1
 57140 109.12  33.67   818    0.2
 57216 106.83  32.35   579    0.9
 57249 109.68  32.32   448    1.4
 57257 110.23  32.23   307    1.4
 57309 105.88  30.98   378    0.1
 57314 106.07  31.35   405    0.4
 57315 106.40  31.53   655    0.9
 57317 106.42  31.03   324    0.6
 57318 106.55  31.07   338    0.8
 57320 107.22  31.93   482    2.0
 57324 107.08  31.58   364    2.8
 57326 107.72  31.37   389    6.3
 57329 107.85  31.10   467   12.4
 57333 108.67  31.95   798    2.6
 57338 108.42  31.18   216    8.1
 57339 108.68  30.95   297    6.5
 57345 109.62  31.40   337    1.6
 57349 109.86  31.08   606    9.1
 57368 111.63  31.05   141    0.4
 57370 112.22  31.73    67    1.3
 57386 114.00  31.25    51    0.7
 57387 113.13  31.00    84    0.3
 57388 113.71  31.27    53    1.4
 57389 113.75  31.03    32    0.4
 57396 114.85  31.63   128    0.8
 57398 114.62  31.28    74    0.3
 57413 106.97  30.85   295    5.1
 57414 106.45  30.52   403    3.1
 57415 106.63  30.53   394    4.4
 57416 106.93  30.33   391    3.8
 57417 106.28  30.35   315    1.8
 57420 107.19  30.75   418    7.3
 57425 107.33  30.33   433    4.1
 57431 108.35  30.83   257    9.6
 57437 108.03  30.30   325   15.3
 57438 108.12  29.98   632   14.0
 57453 111.32  30.77   115    0.3
 57462 111.08  30.87   139    1.5
 57464 111.18  30.47   142    0.4
 57465 111.45  30.38    74    0.2
 57466 111.75  30.43    50    0.2
 57469 111.77  30.18    69    0.8
 57475 112.90  30.40    31    0.1
 57477 112.22  30.07    38    0.1
 57481 113.57  30.95    30    0.4
 57485 113.47  30.28    23    0.4
 57492 114.84  30.84    40    0.7
 57495 114.88  30.67    28    0.7
 57496 114.87  30.37    31    0.9
 57498 114.94  30.52    26    0.7
 57499 114.88  30.07    40    1.4
 57506 105.90  29.37   353    0.3
 57509 106.92  28.99   599    2.6
 57511 106.45  29.85   240    0.1
 57513 106.62  29.73   464    3.1
 57514 106.22  29.58   331    0.1
 57518 106.50  29.33   506    0.5
 57519 107.11  29.16   698    3.6
 57522 107.27  29.74   372    5.0
 57525 107.75  29.32   277   10.1
 57540 109.15  29.68   776    4.4
 57541 109.48  30.00   532    6.1
 57544 109.45  29.47   488    6.1
 57558 110.47  29.13   183    4.3
 57564 111.13  29.43   103    0.8
 57566 111.65  29.45    51    0.6
 57571 112.40  29.70    35    0.7
 57575 112.55  29.52    31    0.1
 57577 112.17  29.40    36    0.3
 57582 113.88  29.72    46    0.9
 57585 113.45  29.48    60    1.1
 57586 114.03  29.53    78    1.3
 57589 113.87  29.27   146    2.5
 57590 114.37  29.85    98    1.4
 57596 114.20  29.63   751    1.8
 57603 105.83  28.82   283    0.5
 57609 105.70  28.58   317    1.1
 57623 107.60  28.88   685    4.4
 57634 107.88  28.52   660    8.9
 57635 108.98  28.45   363    3.2
 57636 108.50  28.57   334    4.2
 57637 108.10  28.25   629    6.8
 57640 109.45  28.58   341    5.3
 57643 109.83  29.00   268    2.7
 57646 109.95  28.62   302    3.9
 57657 110.21  28.23   186    3.9
 57658 110.20  28.02   152    2.2
 57661 111.48  28.92    48    0.5
 57663 111.95  28.92    31    0.5
 57666 112.13  28.52    52    0.3
 57674 112.38  28.57    46    0.1
 57688 113.63  28.16   101    4.2
 57694 114.38  28.53   259    2.6
 57698 114.45  28.12    98    4.4
 57699 114.92  28.23    66    2.9
 57719 106.97  27.07  1275    0.2
 57723 107.72  27.98   710    1.9
 57728 107.47  27.07  1096    0.9
 57732 108.40  28.02   456    5.2
 57734 108.23  27.57   467    2.6
 57735 108.82  27.18   404    4.7
 57736 108.85  27.70   369    1.3
 57737 108.12  27.03   547    2.1
 57739 108.92  27.23   394    5.5
 57740 109.60  27.95   349    8.5
 57742 109.20  27.52   884    5.2
 57743 109.80  27.88   176    4.7
 57744 109.17  27.37   355    3.3
 57754 109.84  27.21   252    4.3
 57768 111.45  27.32   242    0.1
 57781 113.50  27.65    74    0.4
 57783 113.82  27.88   118    2.7
 57786 113.85  27.63   117    0.6
 57792 114.68  27.82    93    2.8
 57794 114.02  27.63   177    1.3
 57796 114.88  27.83   189    2.5
 57807 105.47  26.21  1361    0.1
 57811 106.60  26.83  1296    0.1
 57813 106.47  26.57  1261    0.2
 57814 106.27  26.42  1298    0.1
 57818 106.45  26.03  1140    0.1
 57822 107.90  26.90   835    0.8
 57824 107.23  26.58  1001    0.3
 57828 107.58  26.50   983    0.6
 57829 107.80  26.20   963    0.4
 57834 108.30  26.68   641    3.1
 57835 108.43  26.72   527    3.3
 57837 108.07  26.40   839    1.7
 57842 109.72  26.88   281    3.4
 57844 109.18  26.68   343    2.2
 57846 110.15  26.58   310    3.7
 57851 110.83  26.46   346    1.6
 57859 110.63  26.03   408    1.0
 57860 111.28  27.00   283    0.3
 57867 111.28  26.40   169    0.3
 57868 111.86  26.59   113    0.2
 57875 112.68  26.75   137    1.2
 57876 112.83  26.43   135    0.3
 57900 105.22  25.83  1552    0.3
 57903 105.60  25.94  1142    0.1
 57913 106.98  26.45  1093    0.1
 57915 106.77  26.63  1104    0.1
 57923 107.87  25.98   419    0.1
 57936 108.91  25.76   258    2.2
 57941 109.60  25.78   197    2.4
 57942 110.00  25.80   268    2.7
 57948 109.25  25.08   122    4.8
 57949 110.00  24.98   156    6.1
 57954 110.18  25.23   157    6.1
 57955 110.67  25.62   224    3.2
 57956 110.32  25.42   167    5.2
 57958 110.32  25.08   151    3.7
 57960 111.07  25.93   195    1.0
 57962 111.65  25.97   167    1.3
 57964 111.15  25.50   263    3.5
 57966 111.96  25.59   244    3.2
 57969 111.31  25.28   269    1.7
 57971 112.20  25.92   224    1.3
 57981 113.22  25.97   139    0.1
 58254 120.45  32.52     5    0.1
 58269 121.65  31.78     3    0.1
 58306 115.88  31.68    95    0.1
 58316 116.92  31.47    23    0.1
 58317 116.37  30.87   434    0.2
 58337 118.18  31.08    26    0.2
 58365 121.25  31.37     4   0.01
 58366 121.49  31.67     4   0.01
 58370 121.53  31.23     4   0.01
 58401 115.40  30.75   123    0.5
 58404 115.22  30.47    61    0.5
 58408 115.43  30.23    35    1.6
 58409 115.93  30.10    32    0.3
 58421 117.87  30.63    31    0.1
 58423 117.78  30.48   647    0.2
 58435 118.53  30.30   220    0.1
 58441 119.42  30.87    43    0.1
 58449 119.95  30.05    46    0.8
 58453 120.50  30.07     7    0.7
 58459 120.29  30.19    44    0.1
 58501 115.63  29.92    23    2.9
 58502 116.02  29.67    74    0.6
 58503 115.67  29.70    41    2.5
 58505 115.90  29.62    63    0.8
 58507 115.12  29.25   116    3.8
 58508 115.77  29.33    41    0.5
 58524 117.22  29.37    87    0.1
 58529 117.85  29.27   171    0.7
 58530 118.43  29.87   168    0.4
 58534 118.18  29.78   170    2.4
 58537 118.40  29.13   153    0.3
 58542 119.68  29.82    46    0.6
 58544 119.27  29.48    88    0.7
 58546 119.88  29.47   115    0.6
 58547 119.18  29.03    66    1.3
 58548 119.47  29.22    50    0.3
 58550 120.25  29.70    39    0.1
 58601 115.38  28.70    53    0.5
 58602 115.55  28.85    40    0.1
 58605 115.38  28.42    46    3.4
 58607 115.95  28.55    31    0.8
 58609 115.82  28.22    27    1.6
 58612 116.68  28.70    21    0.3
 58614 116.27  28.38    34    1.2
 58615 117.08  28.68    56    0.6
 58616 116.82  28.20    40    0.1
 58618 116.60  28.27    82    0.6
 58619 116.37  28.00    49    0.1
 58620 117.10  29.02    51   0.01
 58624 117.43  28.40    70    0.3
 58627 117.06  28.31    56    0.4
 58631 118.50  28.90   137    0.1
 58644 119.28  28.60   237    0.1
 58701 115.40  27.77    46    0.7
 58704 115.35  27.58   104    0.4
 58710 116.05  27.77    78    0.5
 58714 116.23  27.55   120    0.1
 59012 106.55  24.78   972    0.3
 59022 107.55  24.98   749    0.7
 59025 107.38  24.53   248    0.2
 59031 108.26  24.81   342    3.8
 59033 108.90  24.78   328    1.3
 59034 108.67  24.48   150    0.4
 59038 108.65  24.07   138    0.2
 59041 109.25  24.65   108    0.9
 59044 109.38  24.46    97    0.1
 59047 109.33  24.25   100    0.2
 59051 110.50  24.77   136    4.2
 59052 110.82  24.83   169    5.0
 59053 110.64  24.65   157    2.0
 59055 110.40  24.50   165    2.0
 59057 110.18  24.13   830    0.7
 59059 110.80  24.18   105    1.0
 59061 111.27  24.82   193    2.7
 59063 111.45  25.18   265    1.8
 59064 111.32  24.55   136    0.4
 59071 112.28  24.73   174    0.2
 59074 112.15  24.57   300    0.6
 59075 112.63  24.48    70    0.1
 59091 114.52  24.75   277    1.0
 59093 115.03  24.78   253    0.5
 59094 114.12  24.35   184    2.5
 59229 107.70  23.17   125    0.3
 59230 108.17  23.72   168    0.3
 59235 108.62  23.43   115    0.4
 59237 108.28  23.17   111    0.2
 59238 108.80  23.22   122    0.3
 59241 109.68  23.97    90    0.9
 59246 109.67  23.60    70    0.5
 59249 109.62  23.12    51    1.8
 59255 110.38  23.55    32    0.1
 59284 113.24  23.42    38    0.3
 59285 113.62  23.57    38    0.1
 59421 107.20  22.83   255    0.2
 59426 107.92  22.61   146    0.2
 59432 108.40  22.80   194    1.2
 59435 108.48  22.77    74    1.1
 59441 109.25  22.70    78    0.8
 59469 111.78  22.17    37    0.1
