diamond  3 2015年01月21日20点6小时降雨量                     
  15  01  21  20    -1 3 10 25 50 1 0
 39 122.7  37.3 122.5  36.7 120.8  36.2 119.3  35.0 120.4  34.3
 121.1  32.7 122.3  30.9 122.5  30.1 121.5  28.0 119.8  25.0
 116.1  22.6 111.0  21.0 111.0  18.6 109.6  18.1 108.3  18.5
 108.9  19.9 109.3  21.0 106.4  21.6 104.1  22.2 101.6  20.8
  98.7  22.0  97.1  24.1  97.7  27.0  91.7  26.6  85.7  27.7
  78.9  30.6  73.3  37.1  74.1  40.7  87.6  49.8  98.5  43.9
 110.4  44.3 122.0  54.7 135.7  48.3 131.5  42.2 125.2  39.4
 121.3  38.5 121.2  40.3 118.5  38.6 120.8  38.1
 1      71
 50137 122.37  53.47   296    0.2
 50892 134.00  46.80    54    0.4
 51058  87.97  47.10   563    2.1
 51137  82.93  46.20   715    0.4
 51145  83.65  46.55   521    0.5
 51378  89.17  44.00   742   0.01
 51482  90.28  43.83  1271   0.01
 51568  86.80  42.25  1085   0.01
 54568 121.75  39.05    90   0.01
 54627 117.23  38.03     8   0.01
 54729 117.87  37.17    11   0.01
 54730 118.14  37.69     6   0.01
 54732 118.52  37.87     5    0.1
 54738 118.40  37.05    15    0.2
 54749 119.95  37.18    48    0.2
 54752 120.77  37.80    60    1.9
 54755 120.39  37.33   117   0.01
 54765 121.43  37.48    82    1.1
 54766 121.59  37.43    39    1.2
 54777 122.07  37.20   118    2.1
 54778 122.48  37.17    61    0.2
 54821 117.20  37.00    20   0.01
 54822 117.73  36.87    47    0.3
 54824 117.95  36.63    95    0.5
 54825 117.85  36.52   189    0.5
 54828 117.68  36.23   229   0.01
 54829 117.87  36.77    85    0.8
 54830 117.93  36.82    34    0.1
 54831 118.50  36.65   102    1.2
 54832 118.80  36.86    23    0.7
 54833 118.08  36.97    15    0.1
 54834 118.28  36.87    46    0.4
 54835 118.55  36.50   106    0.4
 54837 118.84  36.68    78    0.5
 54844 119.18  36.42    62   0.01
 54846 119.74  36.39    51    1.2
 54851 120.56  36.90    76    0.7
 54852 120.73  36.97    54    1.0
 54853 120.42  36.17    42    1.8
 54855 120.38  36.40    47    2.1
 54861 121.53  36.93    45    2.2
 54871 122.48  36.93     9    0.2
 54932 118.65  35.77   186   0.01
 54935 118.43  35.53   119   0.01
 54938 118.40  35.05    65   0.01
 54939 118.82  35.17   113   0.01
 54943 120.00  35.88    10    0.4
 58035 118.35  34.33    29    0.3
 58036 118.71  34.54    32   0.01
 58041 119.43  34.78    26    0.1
 58044 119.23  34.55     4    0.4
 58045 119.60  34.20     4    0.4
 58048 119.35  34.12     4    0.1
 58049 119.80  34.02     4   0.01
 58126 117.87  33.47    19    0.1
 58132 118.68  33.72    14    0.4
 58139 118.91  33.31    10    0.2
 58140 119.30  33.77     9    0.5
 58145 119.15  33.50     7    0.5
 58146 119.77  33.47     3    0.2
 58147 118.97  32.98    24    0.2
 58148 119.34  33.27     3    0.2
 58154 120.20  33.43     2   0.01
 58240 119.02  32.68    21   0.01
 58243 119.82  32.95     3    0.8
 58246 119.99  32.56     2    0.1
 58250 120.16  32.51     6    0.4
 58254 120.45  32.52     5    0.4
 58264 121.18  32.33     3   0.01
 58268 121.08  32.10     4    0.1
 58712 116.78  27.92   130    0.1
