diamond  3 2015年01月05日20点6小时降雨量                     
  15  01  05  20    -1 3 10 25 50 1 0
 39 122.7  37.3 122.5  36.7 120.8  36.2 119.3  35.0 120.4  34.3
 121.1  32.7 122.3  30.9 122.5  30.1 121.5  28.0 119.8  25.0
 116.1  22.6 111.0  21.0 111.0  18.6 109.6  18.1 108.3  18.5
 108.9  19.9 109.3  21.0 106.4  21.6 104.1  22.2 101.6  20.8
  98.7  22.0  97.1  24.1  97.7  27.0  91.7  26.6  85.7  27.7
  78.9  30.6  73.3  37.1  74.1  40.7  87.6  49.8  98.5  43.9
 110.4  44.3 122.0  54.7 135.7  48.3 131.5  42.2 125.2  39.4
 121.3  38.5 121.2  40.3 118.5  38.6 120.8  38.1
 1     423
 50137 122.37  53.47   296   0.01
 50566 128.47  49.55   116    0.8
 50673 130.40  48.88    90    0.3
 50674 129.43  48.57   404    0.2
 50772 129.23  48.10   288   0.01
 50775 130.20  47.34   182    0.1
 50867 127.35  46.08   134   0.01
 50884 131.15  46.63   175   0.01
 50892 134.00  46.80    54   0.01
 50937 121.48  45.06   282    0.1
 51369  87.65  43.97   600   0.01
 51378  89.17  44.00   742   0.01
 52745  99.02  37.30  3417    0.2
 52842  99.08  36.78  3087   0.01
 52855 101.25  36.68  2675   0.01
 52863 101.95  36.82  2480   0.01
 52869 101.58  36.50  2667    0.3
 52874 102.41  36.49  2021   0.01
 52875 102.10  36.50  2125   0.01
 52957 100.60  35.25  3148    0.5
 52968 101.47  35.03  3662    0.3
 52978 102.49  35.19  2948   0.01
 52982 103.55  35.48  1953    1.0
 52985 103.33  35.42  2162    1.1
 52988 103.72  35.37  2015    1.2
 52993 105.07  35.68  1739   0.01
 52996 105.02  35.38  2450    0.1
 53367 111.23  41.32  1602    0.1
 54169 126.02  43.30   271    0.4
 54172 126.53  43.87   290    0.6
 54187 128.92  43.12   366    0.3
 54204 115.00  42.30  1346   0.01
 54248 123.53  42.03    61    0.4
 54261 125.47  42.67   345    0.5
 54267 125.73  42.25   362    2.4
 54274 125.99  42.69   306    1.4
 54279 126.58  42.05   544    3.3
 54305 115.27  41.88  1468   0.01
 54332 122.72  41.52    12   0.01
 54338 121.95  41.28     3    0.1
 54340 123.32  41.67    35    0.7
 54345 123.07  41.20    30    0.6
 54347 123.17  41.23    24    1.3
 54348 123.37  41.41    45    0.9
 54362 125.73  41.67   380    4.1
 54371 126.43  41.93   520    4.5
 54474 122.35  40.42    24    1.9
 54475 122.45  40.57    11    0.5
 54483 123.90  40.88   233    0.4
 54494 124.07  40.47    72    1.8
 54568 121.75  39.05    90    5.0
 54569 121.95  39.42    11    2.6
 54575 122.37  39.42    43    3.3
 54590 124.17  39.88     4    4.7
 54729 117.87  37.17    11    0.5
 54730 118.14  37.69     6   0.01
 54731 118.22  37.48    11    0.3
 54732 118.52  37.87     5   0.01
 54734 118.00  37.36    12    0.1
 54736 118.67  37.43     6    1.0
 54737 118.15  37.15     9    0.6
 54738 118.40  37.05    15    1.2
 54749 119.95  37.18    48    1.7
 54752 120.77  37.80    60    4.3
 54755 120.39  37.33   117    1.6
 54765 121.43  37.48    82    3.8
 54766 121.59  37.43    39    3.7
 54777 122.07  37.20   118    1.1
 54778 122.48  37.17    61    0.4
 54807 115.77  36.15    41   0.01
 54811 116.62  36.93    20   0.01
 54812 116.75  36.78    22   0.01
 54814 116.25  36.53    29   0.01
 54815 116.27  36.38    31   0.01
 54816 116.80  36.52    98    0.1
 54819 116.80  36.18   113    0.1
 54821 117.20  37.00    20   0.01
 54822 117.73  36.87    47    0.2
 54824 117.95  36.63    95    0.9
 54825 117.85  36.52   189    1.0
 54827 117.15  36.17   128    0.2
 54828 117.68  36.23   229    0.2
 54829 117.87  36.77    85    0.7
 54830 117.93  36.82    34    0.8
 54831 118.50  36.65   102    1.1
 54832 118.80  36.86    23    1.3
 54833 118.08  36.97    15    1.0
 54834 118.28  36.87    46    1.5
 54835 118.55  36.50   106    0.9
 54837 118.84  36.68    78    1.3
 54841 119.42  36.86    23    1.2
 54844 119.18  36.42    62    0.9
 54846 119.74  36.39    51    1.2
 54848 119.42  35.98    82    0.2
 54849 120.03  36.22    84   0.01
 54851 120.56  36.90    76    1.0
 54852 120.73  36.97    54    1.0
 54853 120.42  36.17    42   0.01
 54855 120.38  36.40    47    0.1
 54861 121.53  36.93    45    0.3
 54871 122.48  36.93     9   0.01
 54905 115.93  35.58    46   0.01
 54906 115.42  35.25    49   0.01
 54907 116.65  34.98    34   0.01
 54910 116.05  35.82    40   0.01
 54911 116.40  35.93    44   0.01
 54912 116.50  35.77    41    0.5
 54914 116.08  35.42    40    0.4
 54915 116.60  35.43    33    0.2
 54917 116.32  35.13    35    0.3
 54918 116.97  35.60    62   0.01
 54919 116.98  35.38    88   0.01
 54920 117.28  35.65   110   0.01
 54921 116.33  35.42    38    0.7
 54922 117.78  35.88   224    0.2
 54923 117.93  35.72   202    0.3
 54925 117.63  35.52   167    0.1
 54927 117.20  35.10    74   0.01
 54932 118.65  35.77   186    0.4
 54935 118.43  35.53   119    0.1
 54938 118.40  35.05    65   0.01
 54939 118.82  35.17   113   0.01
 54940 119.20  35.75   148    0.5
 54943 120.00  35.88    10   0.01
 56034  97.13  33.80  4415    0.3
 56081 103.35  34.70  2810   0.01
 56082 103.50  34.58  2540    0.1
 56084 103.23  34.07  2374    0.1
 56091 104.47  34.85  1883   0.01
 56095 104.38  34.03  1753   0.01
 56147  98.83  31.22  3260   0.01
 56164 100.98  32.27  3284    0.1
 56171 101.70  32.90  3275    0.4
 56184 103.17  31.43  1896   0.01
 56185 102.98  32.08  2400    0.6
 56317  94.22  29.22  2950    0.3
 56376 102.63  29.33  1098    1.7
 56378 102.35  29.23   890    1.5
 56393 104.85  29.77   369   0.01
 56394 104.43  29.45   384    0.1
 56395 104.67  29.52   351    0.5
 56396 104.77  29.35   352    0.7
 56399 104.98  29.18   306   0.01
 56441  99.28  28.72  2422   0.01
 56443  99.80  28.93  2842   0.01
 56473 102.77  28.95  1060    0.2
 56478 102.43  28.30  1818   0.01
 56480 103.53  28.82   564   0.01
 56483 103.95  28.58   496   0.01
 56487 103.13  28.33  1943    4.1
 56490 103.90  28.95   424   0.01
 56493 104.97  28.85   292    0.1
 56494 104.33  28.84   386    0.1
 56496 105.23  28.32   358    0.4
 56569 102.18  27.42  1380    0.4
 56575 102.55  27.37  1428    0.1
 56578 102.75  27.07   993   0.01
 56580 102.80  27.72  2460    1.6
 56582 103.90  27.75  1176    0.6
 56584 103.25  27.70  1093    0.1
 56585 103.56  27.19  1952   0.01
 56592 104.52  28.43   359    0.2
 56594 104.05  27.63   880    0.6
 56596 105.05  27.85  1177    0.4
 56598 104.73  27.13  1535   0.01
 56641  98.87  26.90  1189    3.0
 56645  99.42  26.42  2344    0.1
 56646  99.92  26.53  2191   0.01
 56649  99.96  26.11  2059    0.8
 56652 100.75  26.68  2130    1.5
 56654 100.18  26.58  2195   0.01
 56665 101.85  26.68  1140   0.01
 56670 102.12  26.92  1136    1.3
 56674 101.73  26.50  1108   0.01
 56742  99.37  25.90  1658    0.2
 56745  99.95  25.68  1626   0.01
 56746  99.52  25.47  1616   0.01
 56755 100.40  25.39  1711    0.4
 56756 100.58  25.48  1992    0.1
 56781 103.27  25.55  1873   0.01
 56835  97.82  24.07   959   0.01
 56836  97.95  24.70   826   0.01
 56839  98.82  23.77   995    3.6
 56840  98.30  24.82  1012    0.2
 56841  98.68  24.60  1528    0.8
 56842  99.18  24.73  1471    0.2
 56843  99.62  24.83  1650    0.4
 56844  98.58  24.43   913    0.3
 56846  99.93  24.58  1569    3.4
 56849  99.23  24.03  1606    1.6
 56854 100.13  24.45  1108    0.7
 56862 101.60  24.68  1968   0.01
 57004 104.88  34.73  1495   0.01
 57007 105.18  34.18  1404   0.01
 57008 105.30  34.03  1579    0.2
 57105 105.60  33.33  1221    0.1
 57247 108.90  32.32   438    0.1
 57248 109.33  32.40   431   0.01
 57293 114.98  32.73    38    0.1
 57296 114.73  32.35    48   0.01
 57298 114.55  32.22    55   0.01
 57299 114.90  32.02    49   0.01
 57303 105.92  31.73   459   0.01
 57307 105.08  31.10   404   0.01
 57308 105.38  31.22   421   0.01
 57314 106.07  31.35   405   0.01
 57317 106.42  31.03   324   0.01
 57318 106.55  31.07   338   0.01
 57326 107.72  31.37   389    0.2
 57329 107.85  31.10   467    1.9
 57338 108.42  31.18   216    0.4
 57339 108.68  30.95   297    0.4
 57349 109.86  31.08   606   0.01
 57386 114.00  31.25    51   0.01
 57390 114.07  31.80   733   0.01
 57396 114.85  31.63   128    0.2
 57398 114.62  31.28    74    0.1
 57409 105.80  30.18   297    0.1
 57413 106.97  30.85   295    1.7
 57414 106.45  30.52   403    0.6
 57415 106.63  30.53   394    1.2
 57416 106.93  30.33   391    2.7
 57417 106.28  30.35   315    0.5
 57420 107.19  30.75   418    2.1
 57425 107.33  30.33   433    1.0
 57431 108.35  30.83   257    1.5
 57437 108.03  30.30   325    0.2
 57438 108.12  29.98   632   0.01
 57491 114.40  30.87    31   0.01
 57492 114.84  30.84    40    0.5
 57495 114.88  30.67    28   0.01
 57496 114.87  30.37    31    0.2
 57498 114.94  30.52    26    0.2
 57499 114.88  30.07    40    0.9
 57505 105.58  29.42   338    0.1
 57506 105.90  29.37   353    2.2
 57507 105.30  29.33   385   0.01
 57508 105.37  29.15   301    0.4
 57509 106.92  28.99   599    0.1
 57510 106.07  29.85   326    0.3
 57511 106.45  29.85   240    1.0
 57513 106.62  29.73   464    0.6
 57514 106.22  29.58   331    2.5
 57518 106.50  29.33   506    0.5
 57519 107.11  29.16   698    0.6
 57522 107.27  29.74   372    0.1
 57540 109.15  29.68   776    0.1
 57541 109.48  30.00   532    0.4
 57543 110.03  29.90   539    2.2
 57544 109.45  29.47   488    0.5
 57558 110.47  29.13   183    1.2
 57582 113.88  29.72    46    0.8
 57585 113.45  29.48    60    0.8
 57586 114.03  29.53    78    0.8
 57589 113.87  29.27   146    0.8
 57590 114.37  29.85    98    1.3
 57596 114.20  29.63   751    2.1
 57600 105.06  28.71   420   0.01
 57603 105.83  28.82   283    0.5
 57609 105.70  28.58   317    0.5
 57635 108.98  28.45   363    0.1
 57636 108.50  28.57   334   0.01
 57637 108.10  28.25   629   0.01
 57640 109.45  28.58   341    1.0
 57643 109.83  29.00   268    0.5
 57646 109.95  28.62   302    1.2
 57657 110.21  28.23   186    2.3
 57658 110.20  28.02   152    2.6
 57666 112.13  28.52    52    0.7
 57674 112.38  28.57    46    0.3
 57678 112.55  28.25    74   0.01
 57680 113.11  28.86    82   0.01
 57688 113.63  28.16   101   0.01
 57699 114.92  28.23    66   0.01
 57708 105.60  27.15  1700   0.01
 57732 108.40  28.02   456    0.1
 57735 108.82  27.18   404   0.01
 57736 108.85  27.70   369    0.2
 57737 108.12  27.03   547   0.01
 57738 108.42  27.05   516   0.01
 57739 108.92  27.23   394   0.01
 57740 109.60  27.95   349    2.4
 57742 109.20  27.52   884    1.1
 57743 109.80  27.88   176    2.5
 57744 109.17  27.37   355    0.5
 57754 109.84  27.21   252    1.5
 57760 111.43  27.70   249    0.5
 57762 111.70  27.69   165    0.8
 57763 112.00  27.68   205    1.0
 57767 111.01  27.13   308    0.2
 57768 111.45  27.32   242    0.3
 57769 111.73  27.23   252   0.01
 57771 112.53  27.93    88   0.01
 57772 112.50  27.75    86    0.5
 57773 112.83  27.88    63   0.01
 57800 105.37  26.77  1457   0.01
 57807 105.47  26.21  1361   0.01
 57808 105.75  26.32  1274   0.01
 57809 105.75  26.07  1251   0.01
 57811 106.60  26.83  1296   0.01
 57813 106.47  26.57  1261   0.01
 57814 106.27  26.42  1298   0.01
 57821 107.50  26.70   925   0.01
 57822 107.90  26.90   835    0.1
 57824 107.23  26.58  1001   0.01
 57828 107.58  26.50   983    0.2
 57829 107.80  26.20   963    0.4
 57834 108.30  26.68   641    0.5
 57835 108.43  26.72   527    0.3
 57837 108.07  26.40   839    0.8
 57842 109.72  26.88   281    1.6
 57844 109.18  26.68   343    0.4
 57846 110.15  26.58   310    1.0
 57859 110.63  26.03   408   0.01
 57867 111.28  26.40   169    0.3
 57900 105.22  25.83  1552   0.01
 57911 106.65  26.67  1323   0.01
 57913 106.98  26.45  1093    0.3
 57914 106.67  26.42  1149   0.01
 57915 106.77  26.63  1104   0.01
 57923 107.87  25.98   419    0.5
 57941 109.60  25.78   197    0.4
 57942 110.00  25.80   268   0.01
 57948 109.25  25.08   122    0.4
 57955 110.67  25.62   224   0.01
 57956 110.32  25.42   167   0.01
 57960 111.07  25.93   195   0.01
 57964 111.15  25.50   263   0.01
 57976 112.94  25.41   222   0.01
 57988 113.35  25.11   143   0.01
 57989 113.77  25.07   112   0.01
 57994 114.35  25.40   215    0.1
 58002 115.58  34.85    49   0.01
 58006 115.88  34.38    46   0.01
 58012 116.66  34.67    42   0.01
 58013 116.91  34.75    36   0.01
 58017 116.13  34.25    41    0.2
 58020 117.13  34.80    35   0.01
 58021 117.28  34.78    80   0.01
 58022 117.57  34.75    48   0.01
 58024 117.58  34.87    77    0.1
 58025 117.73  34.57    27   0.01
 58030 118.02  34.88    44   0.01
 58032 118.65  34.95    90   0.01
 58036 118.71  34.54    32   0.01
 58044 119.23  34.55     4   0.01
 58048 119.35  34.12     4   0.01
 58049 119.80  34.02     4   0.01
 58116 116.83  33.98    31   0.01
 58140 119.30  33.77     9   0.01
 58148 119.34  33.27     3   0.01
 58202 115.57  32.67    31    0.1
 58205 115.43  32.47    34    0.1
 58207 115.05  32.17    42    0.2
 58210 116.23  32.65    25   0.01
 58214 116.30  32.37    27    0.4
 58222 117.55  32.85    24   0.01
 58224 117.02  32.65    32    0.3
 58235 118.85  32.37    10    0.1
 58237 118.59  32.07    46   0.01
 58242 119.16  32.30    22    0.1
 58244 119.59  32.45     5   0.01
 58245 119.42  32.41     9   0.01
 58246 119.99  32.56     2   0.01
 58247 119.80  32.27     3   0.01
 58249 120.05  32.16     6   0.01
 58301 115.38  31.82    92    1.2
 58306 115.88  31.68    95   0.01
 58323 117.47  31.88    25   0.01
 58341 119.59  31.98     6   0.01
 58351 120.30  31.90     4   0.01
 58404 115.22  30.47    61    0.2
 58408 115.43  30.23    35    0.5
 58421 117.87  30.63    31    0.5
 58423 117.78  30.48   647    4.7
 58426 118.13  30.30   193    0.9
 58427 117.50  30.65    15    0.6
 58428 117.50  30.22   118    0.9
 58431 118.32  30.90    39    0.3
 58432 118.40  30.68    57    0.3
 58435 118.53  30.30   220    2.1
 58438 118.58  30.08   191    0.8
 58441 119.42  30.87    43    0.1
 58446 119.70  30.63    72    0.1
 58507 115.12  29.25   116    1.1
 58512 116.55  29.90    71   0.01
 58523 117.93  29.93   227    1.9
 58529 117.85  29.27   171   0.01
 58530 118.43  29.87   168    1.8
 58534 118.18  29.78   170    1.9
 58601 115.38  28.70    53   0.01
 58605 115.38  28.42    46   0.01
 59022 107.55  24.98   749   0.01
 59031 108.26  24.81   342    0.2
 59033 108.90  24.78   328    0.5
 59034 108.67  24.48   150   0.01
 59041 109.25  24.65   108   0.01
 59047 109.33  24.25   100   0.01
 59059 110.80  24.18   105    0.2
 59061 111.27  24.82   193   0.01
 59064 111.32  24.55   136   0.01
 59071 112.28  24.73   174    1.7
 59075 112.63  24.48    70    1.0
 59081 113.29  24.78   131   0.01
 59127 117.83  24.43    32    1.9
 59129 117.60  24.13    53    0.5
 59238 108.80  23.22   122   0.01
 59279 112.87  23.18    24    0.1
 59288 113.02  23.15    29   0.01
 59312 116.70  23.67    60    2.2
 59314 116.13  23.30    29    0.1
 59315 116.40  23.59    43    0.9
 59318 116.58  23.27     5   0.01
 59320 117.13  23.75    37   0.01
 59322 117.37  23.98    22    0.5
 59421 107.20  22.83   255   0.01
 59448 109.55  22.27    69   0.01
 59451 110.35  22.70    98   0.01
 59470 112.20  22.70    57    0.5
 59473 112.98  22.74    47    0.2
 59475 112.65  22.40    27    0.1
 59476 113.03  22.53    36   0.01
 59477 112.23  22.27    68    0.5
