diamond  3 2015年01月10日14点6小时降雨量                     
  15  01  10  14    -1 3 10 25 50 1 0
 39 122.7  37.3 122.5  36.7 120.8  36.2 119.3  35.0 120.4  34.3
 121.1  32.7 122.3  30.9 122.5  30.1 121.5  28.0 119.8  25.0
 116.1  22.6 111.0  21.0 111.0  18.6 109.6  18.1 108.3  18.5
 108.9  19.9 109.3  21.0 106.4  21.6 104.1  22.2 101.6  20.8
  98.7  22.0  97.1  24.1  97.7  27.0  91.7  26.6  85.7  27.7
  78.9  30.6  73.3  37.1  74.1  40.7  87.6  49.8  98.5  43.9
 110.4  44.3 122.0  54.7 135.7  48.3 131.5  42.2 125.2  39.4
 121.3  38.5 121.2  40.3 118.5  38.6 120.8  38.1
 1     250
 50647 123.48  48.13   236   0.01
 50741 123.50  47.93   185    0.1
 50779 134.28  48.37    40   0.01
 50832 122.08  46.72   332    0.7
 50833 122.90  46.72   187    0.5
 50913 118.83  45.72   865    0.1
 50924 119.65  45.55   860    0.2
 50928 120.33  45.07   628   0.01
 50939 122.82  45.33   150   0.01
 50940 123.17  45.85   141    1.2
 51137  82.93  46.20   715    0.5
 51145  83.65  46.55   521    0.2
 51328  80.42  44.20   770    1.2
 51329  80.85  44.05   640    2.4
 51430  81.15  43.83   602    1.5
 51434  81.53  43.97   770    2.9
 51435  82.23  43.47   774   0.01
 51438  81.77  43.18  1210   0.01
 54069 125.80  44.12   173   0.01
 54172 126.53  43.87   290    0.2
 56186 104.20  31.33   589   0.01
 56190 104.55  31.55   519   0.01
 56195 104.73  31.80   543   0.01
 56342  98.60  29.68  3870   0.01
 56443  99.80  28.93  2842   0.01
 56474 102.17  28.55  1774    0.1
 56569 102.18  27.42  1380    0.6
 56575 102.55  27.37  1428    3.0
 56578 102.75  27.07   993    2.9
 56580 102.80  27.72  2460    3.0
 56584 103.25  27.70  1093    0.6
 56585 103.56  27.19  1952    0.5
 56598 104.73  27.13  1535   0.01
 56641  98.87  26.90  1189    5.5
 56645  99.42  26.42  2344    3.5
 56652 100.75  26.68  2130    6.0
 56665 101.85  26.68  1140    4.4
 56669 101.67  26.05  1531    7.3
 56670 102.12  26.92  1136    2.8
 56673 102.92  26.92   893    1.3
 56674 101.73  26.50  1108    6.9
 56675 102.58  26.65  1694    0.2
 56688 103.17  26.10  1254    1.2
 56697 104.08  26.22  1984    2.9
 56745  99.95  25.68  1626    8.2
 56746  99.52  25.47  1616    6.3
 56752 100.57  25.83  1438   11.0
 56755 100.40  25.39  1711    9.3
 56756 100.58  25.48  1992    5.8
 56757 100.28  25.27  1742    5.9
 56761 101.32  25.72  1878    5.6
 56766 101.52  25.31  1822    1.4
 56767 101.28  25.18  1857    3.7
 56774 102.42  25.53  1710   0.01
 56775 102.45  25.55  1750    0.1
 56781 103.27  25.55  1873    0.2
 56782 103.55  25.42  2067    0.1
 56783 103.80  25.50  1906    0.4
 56788 103.62  24.98  1857    0.9
 56790 104.25  25.68  1925    1.4
 56835  97.82  24.07   959   0.01
 56841  98.68  24.60  1528   0.01
 56842  99.18  24.73  1471    0.5
 56843  99.62  24.83  1650    2.3
 56851 100.53  25.04  1377    0.9
 56854 100.13  24.45  1108    2.1
 56862 101.60  24.68  1968    0.2
 56873 102.92  24.68  1796    0.1
 56876 102.77  24.28  1731    0.2
 56878 102.75  24.13  1801    0.7
 56879 102.91  24.19  1702    0.2
 56880 103.17  24.92  1532    0.4
 56881 103.27  24.75  1695    0.4
 56882 102.83  24.91  1976   0.01
 56883 103.98  24.82  1900    1.5
 56885 103.45  24.40  1415    1.3
 56891 104.32  24.98  1482    0.7
 56898 102.41  24.18  1600    0.2
 56944  99.27  23.15  1278    8.7
 56950  99.80  23.47  1044    3.5
 56958 100.47  21.96  1222   0.01
 56962 101.67  23.42  1314   0.01
 56973 102.83  23.62  1309    3.1
 56975 102.43  23.37   974    4.0
 56976 102.85  23.22   312    4.4
 56978 102.42  23.00  1642    3.8
 56982 103.29  23.70  1117    1.8
 56984 103.15  23.38  1720    4.4
 56987 103.23  22.78  1260    2.5
 56989 103.95  22.50   137    3.7
 56992 104.70  23.45  1507    5.1
 56994 104.28  23.33  1293    5.9
 56995 104.42  23.03  1332    2.2
 56996 104.70  23.13  1093    2.6
 57333 108.67  31.95   798    0.1
 57708 105.60  27.15  1700    0.8
 57714 106.23  27.47   942    0.2
 57735 108.82  27.18   404    0.2
 57737 108.12  27.03   547    0.1
 57738 108.42  27.05   516    0.2
 57739 108.92  27.23   394   0.01
 57767 111.01  27.13   308   0.01
 57769 111.73  27.23   252    0.1
 57771 112.53  27.93    88   0.01
 57778 112.95  27.09    70   0.01
 57781 113.50  27.65    74    0.1
 57792 114.68  27.82    93   0.01
 57794 114.02  27.63   177   0.01
 57796 114.88  27.83   189   0.01
 57798 114.60  27.40    85   0.01
 57800 105.37  26.77  1457    0.5
 57807 105.47  26.21  1361    0.7
 57808 105.75  26.32  1274    0.4
 57809 105.75  26.07  1251    0.3
 57811 106.60  26.83  1296    0.7
 57813 106.47  26.57  1261    0.4
 57814 106.27  26.42  1298    0.2
 57818 106.45  26.03  1140    0.5
 57821 107.50  26.70   925    0.1
 57822 107.90  26.90   835   0.01
 57824 107.23  26.58  1001    0.2
 57828 107.58  26.50   983    0.4
 57829 107.80  26.20   963    0.3
 57834 108.30  26.68   641    0.2
 57835 108.43  26.72   527    0.1
 57837 108.07  26.40   839    0.3
 57844 109.18  26.68   343    0.2
 57846 110.15  26.58   310    0.1
 57851 110.83  26.46   346    0.4
 57859 110.63  26.03   408    0.5
 57860 111.28  27.00   283    0.2
 57865 111.62  26.50   192    0.6
 57867 111.28  26.40   169    0.7
 57868 111.86  26.59   113    0.6
 57870 112.10  26.80   151    0.2
 57871 112.37  26.98    90   0.01
 57875 112.68  26.75   137    0.1
 57876 112.83  26.43   135    0.7
 57881 113.25  26.72   101    0.1
 57882 113.55  26.79   136    0.1
 57883 114.28  26.75   253    0.1
 57886 113.80  26.48   268    0.7
 57887 113.12  26.12   167    2.1
 57891 114.25  26.93   153    0.1
 57895 114.78  26.47   101    0.1
 57899 114.92  26.80    71    0.1
 57900 105.22  25.83  1552    0.8
 57903 105.60  25.94  1142    0.3
 57905 105.61  25.40  1184    1.7
 57908 105.48  25.12  1394    2.1
 57909 105.82  24.98   584    3.1
 57911 106.65  26.67  1323    0.2
 57913 106.98  26.45  1093    0.2
 57914 106.67  26.42  1149   0.01
 57915 106.77  26.63  1104    0.1
 57921 107.34  25.85   821    0.8
 57923 107.87  25.98   419    0.2
 57927 107.18  24.97   287    1.8
 57936 108.91  25.76   258    0.4
 57941 109.60  25.78   197    0.2
 57942 110.00  25.80   268    0.3
 57948 109.25  25.08   122    1.0
 57949 110.00  24.98   156    3.2
 57954 110.18  25.23   157    2.4
 57955 110.67  25.62   224    1.2
 57956 110.32  25.42   167    0.9
 57958 110.32  25.08   151    3.3
 57960 111.07  25.93   195    0.7
 57962 111.65  25.97   167    1.7
 57964 111.15  25.50   263    3.4
 57966 111.96  25.59   244    4.3
 57969 111.31  25.28   269    5.8
 57971 112.20  25.92   224    2.4
 57973 112.72  25.75   329    3.1
 57975 112.20  25.38   277    7.1
 57976 112.94  25.41   222    3.0
 57978 112.55  25.27   292    4.1
 57981 113.22  25.97   139    2.8
 57985 113.68  25.57   609    2.0
 57988 113.35  25.11   143    0.3
 57989 113.77  25.07   112   0.01
 57990 114.30  25.70   246    0.9
 57991 114.55  25.80   140    0.5
 57992 114.75  25.67   127   0.01
 57994 114.35  25.40   215    0.6
 57995 114.93  25.40   164   0.01
 58707 115.13  27.22    66    0.2
 58719 116.93  27.30   131    0.1
 58724 117.32  27.53   268   0.01
 58735 118.75  27.52   260   0.01
 58746 119.70  27.55   538   0.01
 58748 119.65  27.10    50   0.01
 58749 119.88  27.23   684   0.01
 58804 115.35  26.35   151    0.4
 58814 116.35  26.35   247    0.1
 58819 116.82  26.18   336    0.2
 58823 117.80  26.80   175   0.01
 58826 117.80  26.40   120   0.01
 58828 117.62  26.27   208   0.01
 58905 115.42  25.97   133    0.1
 58906 115.80  25.60   167   0.01
 58907 115.40  25.15   305   0.01
 59001 105.33  24.78   672    3.1
 59004 105.10  24.50   725    5.3
 59012 106.55  24.78   972    3.7
 59015 106.57  24.35   437    4.0
 59017 106.27  24.27   278    4.4
 59022 107.55  24.98   749    1.9
 59025 107.38  24.53   248    2.8
 59027 107.25  24.13   254    6.7
 59031 108.26  24.81   342    2.1
 59033 108.90  24.78   328    1.0
 59034 108.67  24.48   150    2.3
 59038 108.65  24.07   138    5.3
 59041 109.25  24.65   108    2.6
 59044 109.38  24.46    97    4.5
 59045 109.75  24.48    94    3.8
 59047 109.33  24.25   100    6.2
 59051 110.50  24.77   136    4.1
 59052 110.82  24.83   169    3.8
 59053 110.64  24.65   157    4.9
 59055 110.40  24.50   165    3.8
 59057 110.18  24.13   830    5.6
 59059 110.80  24.18   105    3.4
 59061 111.27  24.82   193    4.1
 59063 111.45  25.18   265    5.5
 59064 111.32  24.55   136    3.8
 59071 112.28  24.73   174    1.5
 59074 112.15  24.57   300    1.0
 59075 112.63  24.48    70    0.3
 59081 113.29  24.78   131   0.01
 59090 114.07  24.95   103   0.01
 59205 105.63  23.65   685    2.6
 59213 106.92  23.73   110    7.0
 59215 106.63  23.33   680    3.3
 59224 107.12  23.60   111    4.3
 59227 107.14  23.11   454    4.6
 59229 107.70  23.17   125    4.1
 59230 108.17  23.72   168    4.0
 59235 108.62  23.43   115    4.0
 59237 108.28  23.17   111    3.8
 59238 108.80  23.22   122    4.6
 59241 109.68  23.97    90    4.6
 59246 109.67  23.60    70    4.3
 59249 109.62  23.12    51    2.4
 59255 110.38  23.55    32    3.0
 59256 110.90  23.37   105    0.6
 59266 111.23  23.42    42   0.01
 59268 111.54  23.26    70   0.01
 59270 112.18  23.92    84   0.01
