diamond  3 2015年01月01日20点6小时降雨量                     
  15  01  01  20    -1 3 10 25 50 1 0
 39 122.7  37.3 122.5  36.7 120.8  36.2 119.3  35.0 120.4  34.3
 121.1  32.7 122.3  30.9 122.5  30.1 121.5  28.0 119.8  25.0
 116.1  22.6 111.0  21.0 111.0  18.6 109.6  18.1 108.3  18.5
 108.9  19.9 109.3  21.0 106.4  21.6 104.1  22.2 101.6  20.8
  98.7  22.0  97.1  24.1  97.7  27.0  91.7  26.6  85.7  27.7
  78.9  30.6  73.3  37.1  74.1  40.7  87.6  49.8  98.5  43.9
 110.4  44.3 122.0  54.7 135.7  48.3 131.5  42.2 125.2  39.4
 121.3  38.5 121.2  40.3 118.5  38.6 120.8  38.1
 1      10
 51352  85.25  44.85   337   0.01
 51353  86.10  45.02   346   0.01
 51369  87.65  43.97   600   0.01
 56756 100.58  25.48  1992   0.01
 56835  97.82  24.07   959   0.01
 56836  97.95  24.70   826   0.01
 56839  98.82  23.77   995   0.01
 56840  98.30  24.82  1012   0.01
 57324 107.08  31.58   364   0.01
 57413 106.97  30.85   295   0.01
