diamond  3 2015年01月17日20点6小时降雨量                     
  15  01  17  20    -1 3 10 25 50 1 0
 39 122.7  37.3 122.5  36.7 120.8  36.2 119.3  35.0 120.4  34.3
 121.1  32.7 122.3  30.9 122.5  30.1 121.5  28.0 119.8  25.0
 116.1  22.6 111.0  21.0 111.0  18.6 109.6  18.1 108.3  18.5
 108.9  19.9 109.3  21.0 106.4  21.6 104.1  22.2 101.6  20.8
  98.7  22.0  97.1  24.1  97.7  27.0  91.7  26.6  85.7  27.7
  78.9  30.6  73.3  37.1  74.1  40.7  87.6  49.8  98.5  43.9
 110.4  44.3 122.0  54.7 135.7  48.3 131.5  42.2 125.2  39.4
 121.3  38.5 121.2  40.3 118.5  38.6 120.8  38.1
 1     228
 51352  85.25  44.85   337   0.01
 51353  86.10  45.02   346   0.01
 51357  85.62  44.33   522   0.01
 51359  86.20  44.32   471   0.01
 51559  86.40  42.32  1100   0.01
 52557 100.17  39.15  1453   0.01
 52607 106.65  39.43  1252   0.01
 52656 100.82  38.43  2281    0.4
 52784 102.90  37.47  2072    3.1
 52881 103.18  36.98  2484    2.7
 52885 103.25  36.75  2118    1.3
 52896 104.15  36.55  1738   0.01
 52993 105.07  35.68  1739   0.01
 52996 105.02  35.38  2450    0.2
 53337 108.47  41.09  1023   0.01
 53343 109.97  41.77  1612   0.01
 53348 109.13  41.02  1078    0.1
 53367 111.23  41.32  1602    0.2
 53368 111.47  41.08  1637    0.3
 53433 108.65  40.73  1020   0.01
 53457 110.03  40.40  1011    0.2
 53469 111.82  40.40  1166   0.01
 53472 112.57  40.87  1451   0.01
 53505 105.40  37.88  1380    0.3
 53512 106.80  39.80  1105    0.2
 53517 106.33  39.27  1464    0.4
 53533 108.71  39.81  1414    0.2
 53545 109.71  39.56  1367   0.01
 53547 109.03  39.10  1312    0.5
 53553 111.22  39.87  1221    0.4
 53562 111.67  39.92  1208    0.1
 53565 111.50  39.43  1051   0.01
 53567 111.00  39.02  1024    0.2
 53575 112.20  39.10  1525   0.01
 53602 105.67  38.83  1561    1.6
 53644 108.83  38.60  1307    0.2
 53659 111.00  37.97  1163   0.01
 53660 111.08  39.02   894    0.1
 53707 105.25  36.93  1697   0.01
 53727 107.12  37.17  1712    0.6
 53730 107.48  38.18  1333    1.2
 53767 111.17  37.33  1213   0.01
 53829 107.90  35.98  1093   0.01
 53857 110.18  36.07   840   0.01
 53914 106.12  35.62  2078    0.2
 53916 106.32  35.50  1948    0.1
 53917 106.07  35.22  1631   0.01
 53927 106.62  35.20  1477    0.3
 53934 107.98  35.78  1274   0.01
 53935 108.40  35.49  1481   0.01
 53937 107.92  35.52   979   0.01
 53938 108.30  35.17  1277   0.01
 53944 109.25  35.57   863   0.01
 53945 109.07  35.43  1395   0.01
 56082 103.50  34.58  2540   0.01
 56181 103.70  30.68   541   0.01
 56189 103.93  30.98   581   0.01
 56190 104.55  31.55   519   0.01
 56194 104.45  31.63   597   0.01
 56195 104.73  31.80   543   0.01
 56197 104.17  31.15   535   0.01
 56273 102.82  30.39  1022   0.01
 56281 103.50  30.18   510    0.7
 56284 103.43  30.45   518   0.01
 56380 103.35  29.88   571    2.4
 56381 103.50  30.07   630    0.4
 56382 103.55  29.75   475    1.1
 56384 103.48  29.60   446    1.1
 56389 103.95  29.20   387   0.01
 56393 104.85  29.77   369   0.01
 56395 104.67  29.52   351   0.01
 56396 104.77  29.35   352    0.3
 56399 104.98  29.18   306    2.1
 56491 104.57  28.70   287    0.3
 56493 104.97  28.85   292    1.2
 56494 104.33  28.84   386   0.01
 56496 105.23  28.32   358    0.8
 56497 104.23  28.10   448    0.1
 56498 104.50  28.15   549    0.2
 56499 104.78  28.38   368    0.6
 56592 104.52  28.43   359    0.1
 56593 104.92  28.58   279    1.1
 56596 105.05  27.85  1177    0.2
 56641  98.87  26.90  1189   0.01
 56755 100.40  25.39  1711    0.4
 56756 100.58  25.48  1992   0.01
 56767 101.28  25.18  1857   0.01
 56772 102.50  25.23  1692    0.4
 56774 102.42  25.53  1710    0.2
 56775 102.45  25.55  1750    0.3
 56777 102.10  25.11  1671    1.0
 56781 103.27  25.55  1873    0.5
 56782 103.55  25.42  2067    0.5
 56783 103.80  25.50  1906    0.5
 56785 103.08  25.36  1915    2.0
 56788 103.62  24.98  1857    3.2
 56790 104.25  25.68  1925    1.4
 56835  97.82  24.07   959   0.01
 56839  98.82  23.77   995    9.2
 56841  98.68  24.60  1528    0.4
 56842  99.18  24.73  1471    1.7
 56843  99.62  24.83  1650    3.1
 56844  98.58  24.43   913    0.6
 56846  99.93  24.58  1569    2.8
 56849  99.23  24.03  1606    6.7
 56851 100.53  25.04  1377    1.5
 56854 100.13  24.45  1108    2.2
 56862 101.60  24.68  1968    2.2
 56863 102.48  24.93  1848    3.2
 56867 101.12  23.98  1105    2.6
 56869 101.97  24.07  1497    1.9
 56870 102.18  24.66  1600    2.6
 56871 102.60  24.65  1893    2.4
 56872 102.62  24.95  2358    3.6
 56873 102.92  24.68  1796    2.8
 56876 102.77  24.28  1731    1.5
 56878 102.75  24.13  1801    1.1
 56879 102.91  24.19  1702    1.1
 56880 103.17  24.92  1532    3.1
 56881 103.27  24.75  1695    3.1
 56882 102.83  24.91  1976    4.3
 56883 103.98  24.82  1900    1.4
 56885 103.45  24.40  1415    0.9
 56889 104.17  24.05  1518    0.1
 56891 104.32  24.98  1482    1.7
 56898 102.41  24.18  1600    1.2
 56944  99.27  23.15  1278    3.6
 56948  99.60  22.63  1155    3.6
 56949  99.60  22.32   945    1.0
 56950  99.80  23.47  1044    2.4
 56952 100.70  23.50   913    3.6
 56958 100.47  21.96  1222    3.7
 56961 101.05  23.03  1336    7.5
 56962 101.67  23.42  1314    4.1
 56970 102.48  23.70  1419    2.1
 56973 102.83  23.62  1309    3.7
 56975 102.43  23.37   974    4.4
 56976 102.85  23.22   312    0.4
 56978 102.42  23.00  1642    1.7
 56982 103.29  23.70  1117    0.8
 56984 103.15  23.38  1720    0.5
 56987 103.23  22.78  1260   0.01
 56992 104.70  23.45  1507    0.2
 56995 104.42  23.03  1332   0.01
 56996 104.70  23.13  1093   0.01
 57003 106.83  34.90   924   0.01
 57006 105.75  34.58  1141   0.01
 57008 105.30  34.03  1579   0.01
 57011 106.15  34.75  1378    0.2
 57012 106.20  34.98  1664    0.2
 57016 107.13  34.35   612   0.01
 57020 107.40  34.37   563    0.3
 57021 107.13  34.65   751   0.01
 57024 107.65  34.45   669    0.4
 57026 107.88  34.37   585    0.1
 57027 107.73  34.27   517    0.5
 57054 110.23  34.55   556   0.01
 57057 110.15  34.10   963   0.01
 57102 105.72  33.75   970   0.01
 57105 105.60  33.33  1221   0.01
 57110 106.08  33.78   930   0.01
 57111 106.30  33.92   961    0.2
 57113 106.55  33.93   984    0.4
 57119 106.70  33.17   548    1.2
 57123 108.07  34.28   506   0.01
 57126 107.55  33.22   468    0.8
 57128 107.33  33.17   486    0.3
 57129 107.72  32.98   446    1.0
 57137 108.32  33.32   802    1.0
 57155 109.87  33.55   660    0.2
 57208 105.52  32.28   544    0.2
 57213 106.93  33.00   536    1.1
 57216 106.83  32.35   579    2.0
 57217 106.28  32.23   485    1.1
 57231 108.53  32.53   503    1.0
 57233 108.50  32.90   413    0.3
 57242 109.37  32.85   285    0.5
 57247 108.90  32.32   438    0.3
 57248 109.33  32.40   431    0.3
 57249 109.68  32.32   448   0.01
 57254 110.12  32.82   322   0.01
 57257 110.23  32.23   307   0.01
 57303 105.92  31.73   459   0.01
 57304 105.17  31.67   516   0.01
 57308 105.38  31.22   421   0.01
 57309 105.88  30.98   378    0.5
 57314 106.07  31.35   405    0.2
 57315 106.40  31.53   655    1.9
 57317 106.42  31.03   324    0.5
 57318 106.55  31.07   338    0.5
 57320 107.22  31.93   482    3.8
 57324 107.08  31.58   364    1.2
 57326 107.72  31.37   389    0.5
 57329 107.85  31.10   467   0.01
 57333 108.67  31.95   798    1.9
 57339 108.68  30.95   297   0.01
 57345 109.62  31.40   337   0.01
 57401 105.37  30.87   383   0.01
 57402 105.70  30.77   394    0.9
 57408 105.35  30.12   338    2.0
 57409 105.80  30.18   297    0.1
 57413 106.97  30.85   295    0.1
 57414 106.45  30.52   403   0.01
 57415 106.63  30.53   394   0.01
 57420 107.19  30.75   418   0.01
 57505 105.58  29.42   338    0.1
 57507 105.30  29.33   385    0.9
 57508 105.37  29.15   301    0.4
 57600 105.06  28.71   420    1.6
 57603 105.83  28.82   283    1.1
 57609 105.70  28.58   317    0.3
 57708 105.60  27.15  1700   0.01
 57728 107.47  27.07  1096   0.01
 57737 108.12  27.03   547   0.01
 57807 105.47  26.21  1361   0.01
 57808 105.75  26.32  1274   0.01
 57809 105.75  26.07  1251    0.4
 57811 106.60  26.83  1296   0.01
 57824 107.23  26.58  1001   0.01
 57900 105.22  25.83  1552    0.3
 57903 105.60  25.94  1142    0.1
 57905 105.61  25.40  1184   0.01
 57908 105.48  25.12  1394   0.01
 57909 105.82  24.98   584   0.01
 57911 106.65  26.67  1323   0.01
 57915 106.77  26.63  1104   0.01
 59001 105.33  24.78   672   0.01
 59004 105.10  24.50   725   0.01
