diamond  3 2015年01月18日08点6小时降雨量                     
  15  01  18  08    -1 3 10 25 50 1 0
 39 122.7  37.3 122.5  36.7 120.8  36.2 119.3  35.0 120.4  34.3
 121.1  32.7 122.3  30.9 122.5  30.1 121.5  28.0 119.8  25.0
 116.1  22.6 111.0  21.0 111.0  18.6 109.6  18.1 108.3  18.5
 108.9  19.9 109.3  21.0 106.4  21.6 104.1  22.2 101.6  20.8
  98.7  22.0  97.1  24.1  97.7  27.0  91.7  26.6  85.7  27.7
  78.9  30.6  73.3  37.1  74.1  40.7  87.6  49.8  98.5  43.9
 110.4  44.3 122.0  54.7 135.7  48.3 131.5  42.2 125.2  39.4
 121.3  38.5 121.2  40.3 118.5  38.6 120.8  38.1
 1     205
 50924 119.65  45.55   860    1.8
 50928 120.33  45.07   628    0.7
 50934 121.58  45.38   311    0.1
 53367 111.23  41.32  1602    0.8
 53392 114.60  41.85  1422    0.8
 53498 115.03  40.57   629    0.1
 53517 106.33  39.27  1464    0.1
 53518 106.35  39.03  1117    0.1
 53577 112.30  39.00  1437    0.7
 53860 111.17  36.98  1406    0.7
 54024 119.30  44.45   710    0.1
 54117 117.53  43.25  1003    1.0
 54122 120.03  43.86   428    0.9
 54223 120.65  42.85   362    0.4
 54225 119.94  42.29   579    0.3
 54304 115.27  40.95  1239    1.6
 54434 118.33  40.17   131    0.1
 54616 116.85  38.35     8    0.4
 54645 117.47  38.85     2    0.4
 56273 102.82  30.39  1022    0.2
 56278 102.77  30.07   755    0.1
 56279 102.93  30.15   682    0.3
 56280 103.12  30.08   691    0.4
 56281 103.50  30.18   510    0.2
 56289 103.87  30.20   437    0.2
 56297 104.15  30.02   436    0.4
 56373 102.85  29.78   763    0.2
 56380 103.35  29.88   571    0.2
 56381 103.50  30.07   630    0.2
 56382 103.55  29.75   475    0.3
 56383 103.87  29.83   455    0.9
 56384 103.48  29.60   446    1.7
 56387 103.27  29.23   642    0.5
 56390 104.07  29.67   404    1.0
 56391 103.82  30.08   415    0.6
 56393 104.85  29.77   369    0.2
 56394 104.43  29.45   384    0.8
 56395 104.67  29.52   351    0.8
 56396 104.77  29.35   352    1.5
 56399 104.98  29.18   306    1.0
 56480 103.53  28.82   564    0.1
 56490 103.90  28.95   424    0.2
 56491 104.57  28.70   287    0.9
 56493 104.97  28.85   292    0.6
 56494 104.33  28.84   386    0.3
 56496 105.23  28.32   358    0.6
 56497 104.23  28.10   448    0.3
 56498 104.50  28.15   549    0.3
 56499 104.78  28.38   368    2.4
 56569 102.18  27.42  1380    0.6
 56578 102.75  27.07   993    5.1
 56582 103.90  27.75  1176    1.2
 56592 104.52  28.43   359    0.8
 56593 104.92  28.58   279    0.8
 56595 104.87  27.42  1645    1.3
 56598 104.73  27.13  1535    0.5
 56646  99.92  26.53  2191    0.2
 56649  99.96  26.11  2059    2.8
 56652 100.75  26.68  2130    0.1
 56654 100.18  26.58  2195    0.4
 56665 101.85  26.68  1140    0.1
 56669 101.67  26.05  1531    9.7
 56670 102.12  26.92  1136    1.1
 56673 102.92  26.92   893    1.1
 56688 103.17  26.10  1254    2.2
 56697 104.08  26.22  1984    3.4
 56742  99.37  25.90  1658    4.1
 56745  99.95  25.68  1626   13.8
 56746  99.52  25.47  1616   13.1
 56752 100.57  25.83  1438   10.7
 56755 100.40  25.39  1711   14.4
 56756 100.58  25.48  1992   12.3
 56757 100.28  25.27  1742   16.3
 56761 101.32  25.72  1878   10.0
 56764 101.23  25.53  1873    9.1
 56766 101.52  25.31  1822    0.4
 56767 101.28  25.18  1857    6.3
 56772 102.50  25.23  1692    2.2
 56774 102.42  25.53  1710    3.1
 56775 102.45  25.55  1750    2.7
 56777 102.10  25.11  1671    2.4
 56781 103.27  25.55  1873    5.5
 56782 103.55  25.42  2067    4.4
 56783 103.80  25.50  1906    4.5
 56785 103.08  25.36  1915    4.8
 56788 103.62  24.98  1857    1.3
 56790 104.25  25.68  1925    2.3
 56836  97.95  24.70   826   31.9
 56840  98.30  24.82  1012   28.1
 56841  98.68  24.60  1528   24.4
 56842  99.18  24.73  1471   15.9
 56843  99.62  24.83  1650   11.1
 56844  98.58  24.43   913   14.5
 56846  99.93  24.58  1569    6.9
 56849  99.23  24.03  1606    0.3
 56851 100.53  25.04  1377    7.7
 56854 100.13  24.45  1108    3.2
 56862 101.60  24.68  1968    2.2
 56863 102.48  24.93  1848    4.1
 56869 101.97  24.07  1497    1.8
 56870 102.18  24.66  1600    2.3
 56871 102.60  24.65  1893    0.9
 56872 102.62  24.95  2358    5.7
 56873 102.92  24.68  1796    1.8
 56876 102.77  24.28  1731    0.2
 56878 102.75  24.13  1801    0.7
 56879 102.91  24.19  1702    0.7
 56880 103.17  24.92  1532    2.3
 56881 103.27  24.75  1695    1.8
 56882 102.83  24.91  1976    2.4
 56885 103.45  24.40  1415    0.8
 56891 104.32  24.98  1482    1.8
 56898 102.41  24.18  1600    0.2
 56944  99.27  23.15  1278    6.0
 56948  99.60  22.63  1155    4.0
 56950  99.80  23.47  1044    5.7
 56952 100.70  23.50   913    5.9
 56958 100.47  21.96  1222    0.3
 56961 101.05  23.03  1336   13.0
 56962 101.67  23.42  1314    7.3
 56970 102.48  23.70  1419    1.7
 56973 102.83  23.62  1309    0.6
 56975 102.43  23.37   974    1.2
 56976 102.85  23.22   312    1.6
 56978 102.42  23.00  1642    1.5
 56982 103.29  23.70  1117    0.1
 57315 106.40  31.53   655    0.1
 57320 107.22  31.93   482    0.1
 57338 108.42  31.18   216    0.1
 57505 105.58  29.42   338    0.1
 57507 105.30  29.33   385    0.3
 57508 105.37  29.15   301    0.3
 57525 107.75  29.32   277    0.9
 57537 108.17  29.30   322    0.4
 57600 105.06  28.71   420    1.0
 57605 105.82  28.03   537    0.1
 57609 105.70  28.58   317    0.2
 57657 110.21  28.23   186    0.1
 57658 110.20  28.02   152    0.2
 57661 111.48  28.92    48    0.5
 57663 111.95  28.92    31    0.4
 57666 112.13  28.52    52    0.9
 57674 112.38  28.57    46    0.5
 57678 112.55  28.25    74    1.9
 57688 113.63  28.16   101    0.1
 57698 114.45  28.12    98    0.1
 57708 105.60  27.15  1700    0.6
 57714 106.23  27.47   942    0.1
 57719 106.97  27.07  1275    0.6
 57728 107.47  27.07  1096    1.0
 57735 108.82  27.18   404    5.1
 57737 108.12  27.03   547    5.2
 57738 108.42  27.05   516    5.7
 57739 108.92  27.23   394    6.0
 57740 109.60  27.95   349    0.1
 57742 109.20  27.52   884    3.3
 57743 109.80  27.88   176    0.7
 57744 109.17  27.37   355    3.6
 57754 109.84  27.21   252    4.6
 57760 111.43  27.70   249    5.2
 57762 111.70  27.69   165    4.4
 57763 112.00  27.68   205    4.9
 57767 111.01  27.13   308    3.0
 57768 111.45  27.32   242    2.7
 57769 111.73  27.23   252    2.1
 57771 112.53  27.93    88    1.9
 57772 112.50  27.75    86    2.6
 57773 112.83  27.88    63    1.7
 57781 113.50  27.65    74    1.0
 57783 113.82  27.88   118    1.0
 57800 105.37  26.77  1457    0.3
 57807 105.47  26.21  1361    4.4
 57808 105.75  26.32  1274    2.9
 57809 105.75  26.07  1251    5.1
 57811 106.60  26.83  1296    1.0
 57813 106.47  26.57  1261    1.2
 57814 106.27  26.42  1298    1.7
 57818 106.45  26.03  1140    1.0
 57821 107.50  26.70   925    1.0
 57822 107.90  26.90   835    4.5
 57824 107.23  26.58  1001    0.6
 57828 107.58  26.50   983    0.5
 57829 107.80  26.20   963    2.0
 57834 108.30  26.68   641    4.8
 57835 108.43  26.72   527    5.2
 57837 108.07  26.40   839    1.9
 57842 109.72  26.88   281    5.7
 57844 109.18  26.68   343    6.1
 57846 110.15  26.58   310    1.5
 57851 110.83  26.46   346    0.5
 57860 111.28  27.00   283    1.3
 57900 105.22  25.83  1552    5.5
 57903 105.60  25.94  1142    4.0
 57905 105.61  25.40  1184    3.5
 57908 105.48  25.12  1394    1.9
 57909 105.82  24.98   584    4.0
 57911 106.65  26.67  1323    0.3
 57913 106.98  26.45  1093    0.5
 57914 106.67  26.42  1149    1.8
 57915 106.77  26.63  1104    0.4
 57921 107.34  25.85   821    2.2
 57936 108.91  25.76   258    1.4
 57941 109.60  25.78   197    0.3
 59001 105.33  24.78   672    0.9
 59004 105.10  24.50   725    0.2
