diamond  3 2015年01月30日14点6小时降雨量                     
  15  01  30  14    -1 3 10 25 50 1 0
 39 122.7  37.3 122.5  36.7 120.8  36.2 119.3  35.0 120.4  34.3
 121.1  32.7 122.3  30.9 122.5  30.1 121.5  28.0 119.8  25.0
 116.1  22.6 111.0  21.0 111.0  18.6 109.6  18.1 108.3  18.5
 108.9  19.9 109.3  21.0 106.4  21.6 104.1  22.2 101.6  20.8
  98.7  22.0  97.1  24.1  97.7  27.0  91.7  26.6  85.7  27.7
  78.9  30.6  73.3  37.1  74.1  40.7  87.6  49.8  98.5  43.9
 110.4  44.3 122.0  54.7 135.7  48.3 131.5  42.2 125.2  39.4
 121.3  38.5 121.2  40.3 118.5  38.6 120.8  38.1
 1     223
 51353  86.10  45.02   346   0.01
 51356  86.05  44.32   442   0.01
 51368  87.32  44.12   515   0.01
 51378  89.17  44.00   742   0.01
 51568  86.80  42.25  1085   0.01
 51629  80.23  41.27  1132   0.01
 51707  76.73  39.50  1208   0.01
 51708  75.95  39.15  1325   0.01
 51717  76.78  39.25  1206   0.01
 51722  80.40  40.65  1044   0.01
 51747  83.67  39.00  1099   0.01
 51814  77.40  37.92  1360   0.01
 51826  80.80  37.02  1336   0.01
 51827  79.63  37.17  1348   0.01
 51829  80.17  37.08  1347   0.01
 52874 102.41  36.49  2021   0.01
 52957 100.60  35.25  3148    1.7
 52968 101.47  35.03  3662    1.6
 52972 102.45  35.85  1921   0.01
 52978 102.49  35.19  2948    1.0
 52980 103.30  35.97  1648   0.01
 52981 103.38  35.68  2421    1.8
 52982 103.55  35.48  1953    1.1
 52988 103.72  35.37  2015    1.5
 52993 105.07  35.68  1739    0.1
 52995 104.62  35.58  1897    1.2
 52996 105.02  35.38  2450    1.0
 52998 104.20  35.13  2111    1.0
 53908 105.23  35.22  1768   0.01
 53914 106.12  35.62  2078    0.4
 53916 106.32  35.50  1948    1.9
 53917 106.07  35.22  1631   0.01
 53924 107.62  35.07   966    0.1
 53927 106.62  35.20  1477   0.01
 53928 107.02  35.30  1149   0.01
 54065 125.65  44.53   169   0.01
 54069 125.80  44.12   173   0.01
 54072 126.52  44.85   196    1.0
 54076 126.93  44.38   268   0.01
 54749 119.95  37.18    48   0.01
 54755 120.39  37.33   117   0.01
 54759 120.85  37.32   205   0.01
 54837 118.84  36.68    78    0.6
 54841 119.42  36.86    23   0.01
 54851 120.56  36.90    76   0.01
 56016  95.62  33.85  4179    0.5
 56034  97.13  33.80  4415    0.3
 56071 102.50  34.59  3190    0.7
 56081 103.35  34.70  2810    1.2
 56082 103.50  34.58  2540    0.3
 56084 103.23  34.07  2374    0.1
 56092 104.65  35.00  1728    0.3
 56094 104.37  33.78  1400   0.01
 56095 104.38  34.03  1753    0.2
 56097 104.25  33.27  1440   0.01
 56180 103.85  31.68  1590    0.1
 56183 103.62  31.50  1370   0.01
 56184 103.17  31.43  1896   0.01
 56186 104.20  31.33   589   0.01
 56193 104.52  32.42   893   0.01
 56273 102.82  30.39  1022   0.01
 56278 102.77  30.07   755   0.01
 56279 102.93  30.15   682   0.01
 56342  98.60  29.68  3870    0.3
 56373 102.85  29.78   763   0.01
 56380 103.35  29.88   571    0.1
 56496 105.23  28.32   358    0.1
 56596 105.05  27.85  1177    0.2
 56891 104.32  24.98  1482    0.1
 56989 103.95  22.50   137   0.01
 57001 105.33  34.75  1271    0.1
 57002 105.65  34.85  1216    0.4
 57004 104.88  34.73  1495    0.1
 57006 105.75  34.58  1141   0.01
 57007 105.18  34.18  1404    0.4
 57008 105.30  34.03  1579    0.7
 57016 107.13  34.35   612    0.2
 57020 107.40  34.37   563   0.01
 57102 105.72  33.75   970    0.2
 57105 105.60  33.33  1221    0.1
 57204 105.22  32.57   782   0.01
 57216 106.83  32.35   579   0.01
 57217 106.28  32.23   485   0.01
 57299 114.90  32.02    49   0.01
 57303 105.92  31.73   459   0.01
 57308 105.38  31.22   421   0.01
 57309 105.88  30.98   378   0.01
 57314 106.07  31.35   405    0.5
 57315 106.40  31.53   655    0.5
 57317 106.42  31.03   324    0.1
 57318 106.55  31.07   338    0.3
 57320 107.22  31.93   482   0.01
 57324 107.08  31.58   364    0.3
 57326 107.72  31.37   389    0.1
 57329 107.85  31.10   467    0.1
 57333 108.67  31.95   798   0.01
 57339 108.68  30.95   297   0.01
 57349 109.86  31.08   606   0.01
 57362 110.67  31.75   935    0.1
 57407 105.03  30.28   462   0.01
 57408 105.35  30.12   338    0.5
 57409 105.80  30.18   297    0.7
 57413 106.97  30.85   295    0.3
 57414 106.45  30.52   403    0.1
 57415 106.63  30.53   394    0.2
 57416 106.93  30.33   391    1.0
 57417 106.28  30.35   315    0.5
 57420 107.19  30.75   418    1.3
 57425 107.33  30.33   433    1.4
 57505 105.58  29.42   338    0.1
 57506 105.90  29.37   353    0.1
 57507 105.30  29.33   385    0.1
 57510 106.07  29.85   326    0.7
 57511 106.45  29.85   240    0.5
 57513 106.62  29.73   464    1.6
 57514 106.22  29.58   331   0.01
 57518 106.50  29.33   506   0.01
 57540 109.15  29.68   776    0.1
 57541 109.48  30.00   532    0.6
 57543 110.03  29.90   539   0.01
 57571 112.40  29.70    35   0.01
 57577 112.17  29.40    36   0.01
 57603 105.83  28.82   283   0.01
 57605 105.82  28.03   537   0.01
 57609 105.70  28.58   317    0.2
 57634 107.88  28.52   660    0.1
 57674 112.38  28.57    46   0.01
 57680 113.11  28.86    82   0.01
 57698 114.45  28.12    98    0.6
 57708 105.60  27.15  1700    0.7
 57714 106.23  27.47   942   0.01
 57717 106.83  27.53   974   0.01
 57719 106.97  27.07  1275   0.01
 57723 107.72  27.98   710    0.8
 57728 107.47  27.07  1096    0.2
 57767 111.01  27.13   308    0.2
 57769 111.73  27.23   252    0.1
 57772 112.50  27.75    86    0.1
 57777 112.87  27.23    63    0.1
 57778 112.95  27.09    70   0.01
 57786 113.85  27.63   117   0.01
 57792 114.68  27.82    93    0.1
 57794 114.02  27.63   177   0.01
 57796 114.88  27.83   189   0.01
 57800 105.37  26.77  1457    0.1
 57807 105.47  26.21  1361    0.2
 57808 105.75  26.32  1274   0.01
 57809 105.75  26.07  1251    0.1
 57811 106.60  26.83  1296   0.01
 57813 106.47  26.57  1261    0.2
 57814 106.27  26.42  1298   0.01
 57824 107.23  26.58  1001   0.01
 57828 107.58  26.50   983   0.01
 57829 107.80  26.20   963   0.01
 57834 108.30  26.68   641    0.1
 57842 109.72  26.88   281   0.01
 57844 109.18  26.68   343   0.01
 57851 110.83  26.46   346    0.4
 57860 111.28  27.00   283   0.01
 57867 111.28  26.40   169   0.01
 57881 113.25  26.72   101    0.1
 57882 113.55  26.79   136   0.01
 57886 113.80  26.48   268    0.1
 57887 113.12  26.12   167   0.01
 57891 114.25  26.93   153    0.1
 57899 114.92  26.80    71    0.1
 57900 105.22  25.83  1552    0.5
 57903 105.60  25.94  1142    0.4
 57905 105.61  25.40  1184    0.3
 57908 105.48  25.12  1394   0.01
 57911 106.65  26.67  1323   0.01
 57913 106.98  26.45  1093   0.01
 57914 106.67  26.42  1149   0.01
 57915 106.77  26.63  1104    0.1
 57955 110.67  25.62   224   0.01
 57964 111.15  25.50   263    0.1
 57966 111.96  25.59   244   0.01
 57973 112.72  25.75   329   0.01
 57975 112.20  25.38   277   0.01
 57981 113.22  25.97   139    0.1
 57985 113.68  25.57   609    0.1
 58112 116.45  30.73   968    0.9
 58242 119.16  32.30    22    0.1
 58404 115.22  30.47    61   0.01
 58423 117.78  30.48   647    1.3
 58435 118.53  30.30   220   0.01
 58453 120.50  30.07     7   0.01
 58454 119.98  30.53   102   0.01
 58455 120.65  30.52     8   0.01
 58458 120.90  30.54     4   0.01
 58459 120.29  30.19    44   0.01
 58468 121.17  30.05     5   0.01
 58503 115.67  29.70    41   0.01
 58537 118.40  29.13   153   0.01
 58544 119.27  29.48    88   0.01
 58550 120.25  29.70    39   0.01
 58561 121.60  29.98     4   0.01
 58563 121.83  29.88     5   0.01
 58615 117.08  28.68    56   0.01
 58623 117.92  28.47    90    0.1
 58624 117.43  28.40    70    0.1
 58625 117.60  28.42    79    0.1
 58629 117.71  28.29   100   0.01
 58635 118.20  28.43    95   0.01
 58706 115.83  27.43   181   0.01
 58707 115.13  27.22    66    0.1
 58735 118.75  27.52   260   0.01
 58736 118.82  27.38   262   0.01
 58745 119.08  27.62   400    0.1
 58746 119.70  27.55   538    0.3
 58747 119.35  27.15   899    1.2
 58748 119.65  27.10    50    0.1
 58749 119.88  27.23   684    0.6
 58826 117.80  26.40   120   0.01
 58839 118.85  26.23    40   0.01
 58844 119.15  26.15    57    0.3
 58845 119.53  26.50    60    0.4
 58848 119.55  26.20    13    0.5
 58850 120.23  26.92    92    0.1
 58932 118.93  25.87    85   0.01
 58940 119.33  26.08    25    0.1
 59017 106.27  24.27   278    0.1
 59022 107.55  24.98   749   0.01
