diamond  3 2015年01月05日08点6小时降雨量                     
  15  01  05  08    -1 3 10 25 50 1 0
 39 122.7  37.3 122.5  36.7 120.8  36.2 119.3  35.0 120.4  34.3
 121.1  32.7 122.3  30.9 122.5  30.1 121.5  28.0 119.8  25.0
 116.1  22.6 111.0  21.0 111.0  18.6 109.6  18.1 108.3  18.5
 108.9  19.9 109.3  21.0 106.4  21.6 104.1  22.2 101.6  20.8
  98.7  22.0  97.1  24.1  97.7  27.0  91.7  26.6  85.7  27.7
  78.9  30.6  73.3  37.1  74.1  40.7  87.6  49.8  98.5  43.9
 110.4  44.3 122.0  54.7 135.7  48.3 131.5  42.2 125.2  39.4
 121.3  38.5 121.2  40.3 118.5  38.6 120.8  38.1
 1     136
 50445 123.73  50.58   423    0.3
 52968 101.47  35.03  3662    3.3
 54304 115.27  40.95  1239    0.1
 54528 117.13  39.23     3    0.2
 54530 117.77  39.23     1    0.1
 54622 117.37  38.98     3    0.1
 54718 116.47  37.15    22    0.1
 54726 117.18  37.70    11    0.1
 54732 118.52  37.87     5    0.2
 54803 116.02  36.98    27    0.1
 54805 115.47  36.45    39    0.2
 54906 115.42  35.25    49    0.1
 56034  97.13  33.80  4415    6.8
 56045  99.90  33.97  4050    3.6
 56189 103.93  30.98   581    0.1
 56276 103.82  30.45   467    0.1
 56280 103.12  30.08   691    0.3
 56281 103.50  30.18   510    0.3
 56284 103.43  30.45   518    0.2
 56285 103.52  30.60   523    0.1
 56295 104.55  30.38   448    0.1
 56298 104.60  30.13   417    0.1
 56317  94.22  29.22  2950    4.5
 56391 103.82  30.08   415    0.1
 56494 104.33  28.84   386    0.1
 56496 105.23  28.32   358    0.1
 56498 104.50  28.15   549    0.1
 56593 104.92  28.58   279    0.1
 56641  98.87  26.90  1189    7.4
 56645  99.42  26.42  2344    2.6
 56646  99.92  26.53  2191    0.7
 56649  99.96  26.11  2059    1.0
 56742  99.37  25.90  1658    0.1
 56746  99.52  25.47  1616    0.1
 56757 100.28  25.27  1742    0.3
 56836  97.95  24.70   826    6.6
 56840  98.30  24.82  1012    4.3
 56841  98.68  24.60  1528    8.1
 56842  99.18  24.73  1471    4.3
 56843  99.62  24.83  1650    3.2
 56844  98.58  24.43   913    7.2
 56846  99.93  24.58  1569    2.2
 56851 100.53  25.04  1377    0.6
 56994 104.28  23.33  1293    0.1
 57094 114.22  34.40    67    0.5
 57095 114.15  34.12    61    1.2
 57099 114.85  34.07    52    0.1
 57177 113.53  33.33    89    1.2
 57179 113.00  33.28   160    1.9
 57183 113.92  33.80    60    1.0
 57184 113.30  33.63    97    0.1
 57185 113.58  33.45    91    1.1
 57188 114.03  33.37    55    0.2
 57189 113.95  33.13    64    0.6
 57191 114.47  34.51    64    0.1
 57194 114.27  33.28    59    0.1
 57198 114.57  33.50    44    0.3
 57216 106.83  32.35   579    0.1
 57314 106.07  31.35   405    0.4
 57315 106.40  31.53   655    0.3
 57317 106.42  31.03   324    2.4
 57318 106.55  31.07   338    2.3
 57320 107.22  31.93   482    0.2
 57324 107.08  31.58   364    1.4
 57326 107.72  31.37   389    0.5
 57329 107.85  31.10   467    0.6
 57333 108.67  31.95   798    1.8
 57402 105.70  30.77   394    0.5
 57407 105.03  30.28   462    0.1
 57408 105.35  30.12   338    0.8
 57409 105.80  30.18   297    1.0
 57413 106.97  30.85   295    1.2
 57414 106.45  30.52   403    1.5
 57415 106.63  30.53   394    1.2
 57416 106.93  30.33   391    1.0
 57417 106.28  30.35   315    2.1
 57420 107.19  30.75   418    0.2
 57425 107.33  30.33   433    0.4
 57437 108.03  30.30   325    0.2
 57438 108.12  29.98   632    0.2
 57505 105.58  29.42   338    0.1
 57507 105.30  29.33   385    0.2
 57509 106.92  28.99   599    1.3
 57510 106.07  29.85   326    0.9
 57511 106.45  29.85   240    0.8
 57513 106.62  29.73   464    0.8
 57514 106.22  29.58   331    0.4
 57518 106.50  29.33   506    0.6
 57519 107.11  29.16   698    0.2
 57540 109.15  29.68   776    0.4
 57543 110.03  29.90   539    0.8
 57600 105.06  28.71   420    0.1
 57603 105.83  28.82   283    0.3
 57609 105.70  28.58   317    0.5
 57623 107.60  28.88   685    1.0
 57634 107.88  28.52   660    1.2
 57635 108.98  28.45   363    1.7
 57636 108.50  28.57   334    1.7
 57637 108.10  28.25   629    2.1
 57640 109.45  28.58   341    0.9
 57643 109.83  29.00   268    0.2
 57646 109.95  28.62   302    0.4
 57657 110.21  28.23   186    0.1
 57658 110.20  28.02   152    0.1
 57713 106.88  27.70   843    0.7
 57717 106.83  27.53   974    0.1
 57719 106.97  27.07  1275    0.6
 57720 107.17  27.88   889    0.7
 57723 107.72  27.98   710    0.9
 57728 107.47  27.07  1096    0.3
 57732 108.40  28.02   456    2.2
 57734 108.23  27.57   467    0.6
 57736 108.85  27.70   369    1.1
 57740 109.60  27.95   349    0.7
 57742 109.20  27.52   884    0.4
 57743 109.80  27.88   176    0.1
 57811 106.60  26.83  1296    0.4
 57829 107.80  26.20   963    0.1
 57859 110.63  26.03   408    0.1
 57911 106.65  26.67  1323    0.3
 57915 106.77  26.63  1104   0.01
 57948 109.25  25.08   122    0.4
 57949 110.00  24.98   156    0.4
 57954 110.18  25.23   157    1.0
 57956 110.32  25.42   167    0.3
 58003 115.88  34.95    45    0.3
 58004 115.15  34.65    60    0.2
 59033 108.90  24.78   328    0.3
 59044 109.38  24.46    97    0.1
 59059 110.80  24.18   105    0.6
 59230 108.17  23.72   168    0.1
 59238 108.80  23.22   122    0.6
 59419 106.74  22.06   348    0.1
 59421 107.20  22.83   255    0.1
 59451 110.35  22.70    98    0.1
 59477 112.23  22.27    68    0.3
