diamond  3 2015年01月30日02点6小时降雨量                     
  15  01  30  02    -1 3 10 25 50 1 0
 39 122.7  37.3 122.5  36.7 120.8  36.2 119.3  35.0 120.4  34.3
 121.1  32.7 122.3  30.9 122.5  30.1 121.5  28.0 119.8  25.0
 116.1  22.6 111.0  21.0 111.0  18.6 109.6  18.1 108.3  18.5
 108.9  19.9 109.3  21.0 106.4  21.6 104.1  22.2 101.6  20.8
  98.7  22.0  97.1  24.1  97.7  27.0  91.7  26.6  85.7  27.7
  78.9  30.6  73.3  37.1  74.1  40.7  87.6  49.8  98.5  43.9
 110.4  44.3 122.0  54.7 135.7  48.3 131.5  42.2 125.2  39.4
 121.3  38.5 121.2  40.3 118.5  38.6 120.8  38.1
 1     176
 51707  76.73  39.50  1208    1.1
 53367 111.23  41.32  1602    0.1
 53576 112.82  39.50  1045    0.1
 54279 126.58  42.05   544    0.3
 54483 123.90  40.88   233    0.1
 54752 120.77  37.80    60    0.1
 56317  94.22  29.22  2950    0.8
 56394 104.43  29.45   384    0.1
 56496 105.23  28.32   358    0.1
 56596 105.05  27.85  1177    0.2
 57414 106.45  30.52   403    0.1
 57416 106.93  30.33   391    0.4
 57425 107.33  30.33   433    0.5
 57509 106.92  28.99   599    2.8
 57511 106.45  29.85   240    0.1
 57513 106.62  29.73   464    0.4
 57514 106.22  29.58   331    0.3
 57518 106.50  29.33   506    0.4
 57522 107.27  29.74   372    0.5
 57603 105.83  28.82   283    0.4
 57609 105.70  28.58   317    1.8
 57634 107.88  28.52   660    0.1
 57688 113.63  28.16   101    0.2
 57698 114.45  28.12    98    0.2
 57699 114.92  28.23    66    0.7
 57708 105.60  27.15  1700    2.0
 57714 106.23  27.47   942    1.3
 57717 106.83  27.53   974    0.4
 57723 107.72  27.98   710    0.1
 57768 111.45  27.32   242    0.1
 57777 112.87  27.23    63    0.7
 57778 112.95  27.09    70    0.5
 57781 113.50  27.65    74    0.4
 57783 113.82  27.88   118    0.1
 57786 113.85  27.63   117    0.5
 57792 114.68  27.82    93    0.4
 57794 114.02  27.63   177    0.5
 57796 114.88  27.83   189    1.2
 57798 114.60  27.40    85    0.1
 57800 105.37  26.77  1457    0.8
 57811 106.60  26.83  1296    0.2
 57814 106.27  26.42  1298    0.3
 57828 107.58  26.50   983    0.1
 57851 110.83  26.46   346    0.3
 57859 110.63  26.03   408    0.1
 57860 111.28  27.00   283    0.5
 57871 112.37  26.98    90    0.2
 57875 112.68  26.75   137    0.5
 57876 112.83  26.43   135    0.5
 57881 113.25  26.72   101    0.2
 57883 114.28  26.75   253    0.2
 57886 113.80  26.48   268    0.7
 57887 113.12  26.12   167    0.1
 57891 114.25  26.93   153    0.1
 57899 114.92  26.80    71    0.1
 57915 106.77  26.63  1104    0.2
 57923 107.87  25.98   419   0.01
 57960 111.07  25.93   195    0.2
 57973 112.72  25.75   329    0.1
 57975 112.20  25.38   277    0.3
 57978 112.55  25.27   292    0.2
 57981 113.22  25.97   139    1.1
 57989 113.77  25.07   112    0.4
 58235 118.85  32.37    10    0.2
 58237 118.59  32.07    46    0.4
 58246 119.99  32.56     2    0.4
 58264 121.18  32.33     3    1.6
 58269 121.65  31.78     3    1.3
 58320 117.13  31.73    21    0.1
 58339 118.90  31.33    15    0.6
 58340 119.03  31.66    25    0.6
 58349 120.56  31.41     8    1.2
 58351 120.30  31.90     4    1.3
 58352 120.77  31.65     4    0.8
 58353 120.57  31.86    11    0.8
 58359 120.62  31.13     4    0.9
 58360 121.20  31.92     3    0.4
 58361 121.37  31.10     5    0.8
 58365 121.25  31.37     4    0.9
 58366 121.49  31.67     4    1.1
 58367 121.43  31.20     4    0.9
 58369 121.78  31.05     5    1.0
 58370 121.53  31.23     4    0.7
 58377 121.11  31.51     5    1.0
 58408 115.43  30.23    35    0.1
 58409 115.93  30.10    32    0.1
 58428 117.50  30.22   118    0.1
 58431 118.32  30.90    39    0.5
 58443 119.89  31.02    25    1.3
 58446 119.70  30.63    72    1.0
 58449 119.95  30.05    46    1.8
 58451 120.93  30.83     2    0.9
 58452 120.77  30.73     4    1.0
 58454 119.98  30.53   102    0.9
 58456 120.52  30.63     6    0.5
 58458 120.90  30.54     4    1.4
 58459 120.29  30.19    44    2.5
 58460 121.35  30.73     5    1.1
 58461 121.12  31.13     4    0.9
 58462 121.23  31.03     4    0.8
 58463 121.50  30.88     4    0.9
 58468 121.17  30.05     5    3.7
 58484 122.20  30.25    37    5.6
 58501 115.63  29.92    23    0.1
 58502 116.02  29.67    74    0.1
 58523 117.93  29.93   227    0.3
 58524 117.22  29.37    87    0.4
 58529 117.85  29.27   171    0.8
 58530 118.43  29.87   168    0.2
 58534 118.18  29.78   170    0.7
 58537 118.40  29.13   153    1.6
 58542 119.68  29.82    46    2.0
 58544 119.27  29.48    88    1.0
 58546 119.88  29.47   115    3.5
 58547 119.18  29.03    66    3.1
 58548 119.47  29.22    50    2.0
 58550 120.25  29.70    39    3.4
 58555 120.88  29.52   113    2.6
 58558 120.22  29.27    89    3.8
 58559 120.97  29.15   107    1.4
 58560 120.43  29.05   304    1.9
 58561 121.60  29.98     4    2.0
 58563 121.83  29.88     5    4.8
 58565 121.39  29.69    41    2.2
 58566 121.88  29.47     6    4.5
 58567 121.43  29.32    39    4.2
 58568 121.38  29.12    34    2.2
 58570 122.30  29.95    85    6.1
 58605 115.38  28.42    46    0.1
 58609 115.82  28.22    27    0.1
 58616 116.82  28.20    40    0.2
 58618 116.60  28.27    82    0.1
 58619 116.37  28.00    49    0.1
 58620 117.10  29.02    51    0.2
 58623 117.92  28.47    90    0.8
 58624 117.43  28.40    70    0.3
 58625 117.60  28.42    79    0.6
 58627 117.06  28.31    56    0.1
 58629 117.71  28.29   100    1.7
 58631 118.50  28.90   137    0.7
 58632 118.60  28.72   126    2.8
 58635 118.20  28.43    95    1.6
 58642 119.80  28.88   105    1.8
 58643 120.03  28.90   102    2.3
 58644 119.28  28.60   237    2.1
 58647 119.13  28.08   222    1.2
 58654 120.08  28.67   184    2.2
 58656 120.97  28.07    60    0.7
 58657 120.28  28.15    57    0.2
 58658 120.68  28.15    34    0.1
 58659 120.65  28.03    28    0.2
 58660 121.20  28.87     6    1.4
 58664 121.37  28.37    35    1.7
 58701 115.40  27.77    46    0.9
 58704 115.35  27.58   104    0.4
 58707 115.13  27.22    66    1.1
 58710 116.05  27.77    78    0.5
 58712 116.78  27.92   130    0.5
 58713 117.07  27.72   225    0.5
 58714 116.23  27.55   120    0.3
 58719 116.93  27.30   131    0.3
 58724 117.32  27.53   268    0.2
 58735 118.75  27.52   260    1.1
 58736 118.82  27.38   262    0.1
 58745 119.08  27.62   400    1.2
 58746 119.70  27.55   538    0.5
 58749 119.88  27.23   684    0.1
 58750 120.08  27.78   105    0.4
 58751 120.57  27.67   254    0.2
 59053 110.64  24.65   157    0.1
 59059 110.80  24.18   105    1.2
 59227 107.14  23.11   454    0.1
 59235 108.62  23.43   115    0.2
 59238 108.80  23.22   122    0.1
 59421 107.20  22.83   255    0.5
 59426 107.92  22.61   146    0.1
