diamond  3 2015年01月13日20点6小时降雨量                     
  15  01  13  20    -1 3 10 25 50 1 0
 39 122.7  37.3 122.5  36.7 120.8  36.2 119.3  35.0 120.4  34.3
 121.1  32.7 122.3  30.9 122.5  30.1 121.5  28.0 119.8  25.0
 116.1  22.6 111.0  21.0 111.0  18.6 109.6  18.1 108.3  18.5
 108.9  19.9 109.3  21.0 106.4  21.6 104.1  22.2 101.6  20.8
  98.7  22.0  97.1  24.1  97.7  27.0  91.7  26.6  85.7  27.7
  78.9  30.6  73.3  37.1  74.1  40.7  87.6  49.8  98.5  43.9
 110.4  44.3 122.0  54.7 135.7  48.3 131.5  42.2 125.2  39.4
 121.3  38.5 121.2  40.3 118.5  38.6 120.8  38.1
 1     266
 50867 127.35  46.08   134    0.2
 51352  85.25  44.85   337    0.2
 51436  83.30  43.45   928    0.7
 51438  81.77  43.18  1210    0.4
 51465  87.10  43.48  1871    1.3
 51468  86.83  43.10  3539    1.1
 53337 108.47  41.09  1023    0.1
 53343 109.97  41.77  1612    0.7
 53348 109.13  41.02  1078   0.01
 53367 111.23  41.32  1602    1.4
 53368 111.47  41.08  1637    0.1
 53433 108.65  40.73  1020   0.01
 56016  95.62  33.85  4179    0.2
 56186 104.20  31.33   589   0.01
 56194 104.45  31.63   597    0.1
 56195 104.73  31.80   543   0.01
 56276 103.82  30.45   467   0.01
 56281 103.50  30.18   510    0.3
 56288 103.92  30.58   494   0.01
 56381 103.50  30.07   630   0.01
 56382 103.55  29.75   475   0.01
 57208 105.52  32.28   544   0.01
 57304 105.17  31.67   516   0.01
 57674 112.38  28.57    46   0.01
 57678 112.55  28.25    74   0.01
 57694 114.38  28.53   259   0.01
 57698 114.45  28.12    98    0.6
 57699 114.92  28.23    66    0.4
 57771 112.53  27.93    88   0.01
 57781 113.50  27.65    74    0.1
 57792 114.68  27.82    93    0.7
 57796 114.88  27.83   189    1.1
 57798 114.60  27.40    85    0.3
 57800 105.37  26.77  1457    0.1
 57821 107.50  26.70   925    0.1
 57881 113.25  26.72   101   0.01
 57882 113.55  26.79   136   0.01
 57883 114.28  26.75   253    0.1
 57886 113.80  26.48   268    0.2
 57887 113.12  26.12   167    0.1
 57891 114.25  26.93   153    0.4
 57895 114.78  26.47   101    0.2
 57899 114.92  26.80    71    0.3
 57981 113.22  25.97   139    0.1
 57992 114.75  25.67   127   0.01
 57995 114.93  25.40   164   0.01
 58126 117.87  33.47    19    0.3
 58127 117.20  32.98    21    0.1
 58129 117.83  33.15    14    0.3
 58139 118.91  33.31    10    0.3
 58147 118.97  32.98    24    0.8
 58148 119.34  33.27     3   0.01
 58212 116.77  32.72    23    0.2
 58220 117.15  32.47    28    0.7
 58222 117.55  32.85    24    0.5
 58223 117.98  32.80    31    0.9
 58224 117.02  32.65    32    0.5
 58230 118.28  32.12    26    3.1
 58234 118.42  32.47    40    2.6
 58235 118.85  32.37    10    4.3
 58237 118.59  32.07    46    4.6
 58240 119.02  32.68    21    3.1
 58242 119.16  32.30    22    3.8
 58243 119.82  32.95     3    1.2
 58244 119.59  32.45     5    3.0
 58245 119.42  32.41     9    3.7
 58246 119.99  32.56     2    1.6
 58247 119.80  32.27     3    3.1
 58249 120.05  32.16     6    3.0
 58250 120.16  32.51     6    1.5
 58254 120.45  32.52     5    0.9
 58257 120.26  31.99     4    3.9
 58264 121.18  32.33     3    0.3
 58268 121.08  32.10     4    1.8
 58269 121.65  31.78     3    1.7
 58316 116.92  31.47    23    0.2
 58327 117.28  31.27    45    0.2
 58329 117.87  31.33     9    4.6
 58330 118.08  31.75    26    4.3
 58331 118.37  31.73    22    5.3
 58334 118.37  31.38     9    6.6
 58335 118.52  31.57    23    6.1
 58337 118.18  31.08    26    6.7
 58339 118.90  31.33    15    6.9
 58340 119.03  31.66    25    7.1
 58341 119.59  31.98     6    5.0
 58342 119.55  31.72     6    6.1
 58344 119.20  31.96    36    8.6
 58346 119.81  31.34    16   10.2
 58349 120.56  31.41     8    6.8
 58351 120.30  31.90     4    4.2
 58352 120.77  31.65     4    5.0
 58353 120.57  31.86    11    3.8
 58359 120.62  31.13     4    9.2
 58360 121.20  31.92     3    2.0
 58361 121.37  31.10     5   11.1
 58365 121.25  31.37     4    5.1
 58366 121.49  31.67     4    2.3
 58367 121.43  31.20     4    8.6
 58369 121.78  31.05     5   13.2
 58370 121.53  31.23     4    9.1
 58377 121.11  31.51     5    4.4
 58418 116.67  30.13    60    1.5
 58420 117.23  30.72    58    1.7
 58421 117.87  30.63    31    6.4
 58423 117.78  30.48   647    4.8
 58427 117.50  30.65    15    3.6
 58428 117.50  30.22   118    4.9
 58431 118.32  30.90    39    7.1
 58432 118.40  30.68    57    8.3
 58433 118.75  30.93    31    9.5
 58435 118.53  30.30   220    7.0
 58438 118.58  30.08   191    8.9
 58441 119.42  30.87    43   10.4
 58442 119.18  31.17    16    8.4
 58443 119.89  31.02    25    9.6
 58446 119.70  30.63    72   11.3
 58449 119.95  30.05    46    9.1
 58451 120.93  30.83     2   12.4
 58452 120.77  30.73     4   12.5
 58453 120.50  30.07     7   14.9
 58454 119.98  30.53   102   12.0
 58455 120.65  30.52     8    9.0
 58456 120.52  30.63     6   11.7
 58458 120.90  30.54     4    7.8
 58459 120.29  30.19    44    9.2
 58460 121.35  30.73     5   10.5
 58461 121.12  31.13     4    9.4
 58462 121.23  31.03     4   14.4
 58463 121.50  30.88     4   14.4
 58468 121.17  30.05     5    6.4
 58484 122.20  30.25    37    2.4
 58501 115.63  29.92    23   0.01
 58502 116.02  29.67    74   0.01
 58505 115.90  29.62    63    0.1
 58507 115.12  29.25   116   0.01
 58508 115.77  29.33    41    0.1
 58509 115.82  29.05    36   0.01
 58510 116.23  29.73    40    0.7
 58512 116.55  29.90    71    0.9
 58514 116.05  29.45    37    0.2
 58517 116.20  29.27    35    0.2
 58523 117.93  29.93   227    5.9
 58524 117.22  29.37    87    2.5
 58529 117.85  29.27   171    6.3
 58530 118.43  29.87   168    8.9
 58534 118.18  29.78   170    7.6
 58537 118.40  29.13   153    9.0
 58542 119.68  29.82    46    8.4
 58544 119.27  29.48    88    8.9
 58546 119.88  29.47   115   12.5
 58547 119.18  29.03    66    7.5
 58548 119.47  29.22    50    9.7
 58550 120.25  29.70    39   11.1
 58555 120.88  29.52   113    7.7
 58558 120.22  29.27    89   10.2
 58559 120.97  29.15   107   10.0
 58560 120.43  29.05   304    9.7
 58561 121.60  29.98     4    3.2
 58563 121.83  29.88     5    1.0
 58565 121.39  29.69    41    4.4
 58566 121.88  29.47     6    1.5
 58567 121.43  29.32    39    4.5
 58568 121.38  29.12    34    9.5
 58570 122.30  29.95    85    0.9
 58601 115.38  28.70    53   0.01
 58605 115.38  28.42    46    0.1
 58607 115.95  28.55    31    0.2
 58609 115.82  28.22    27    0.1
 58612 116.68  28.70    21    1.2
 58614 116.27  28.38    34    0.4
 58615 117.08  28.68    56    1.8
 58616 116.82  28.20    40    1.0
 58618 116.60  28.27    82    0.7
 58619 116.37  28.00    49    0.5
 58620 117.10  29.02    51    2.6
 58623 117.92  28.47    90    3.9
 58624 117.43  28.40    70    3.2
 58625 117.60  28.42    79    1.2
 58627 117.06  28.31    56    2.1
 58629 117.71  28.29   100    3.5
 58631 118.50  28.90   137    7.5
 58632 118.60  28.72   126    5.1
 58635 118.20  28.43    95    3.7
 58642 119.80  28.88   105    8.4
 58643 120.03  28.90   102   11.3
 58644 119.28  28.60   237   11.1
 58647 119.13  28.08   222   11.8
 58654 120.08  28.67   184   11.7
 58656 120.97  28.07    60   15.5
 58657 120.28  28.15    57   21.8
 58658 120.68  28.15    34   20.7
 58659 120.65  28.03    28   27.8
 58660 121.20  28.87     6   10.6
 58664 121.37  28.37    35   29.0
 58701 115.40  27.77    46    0.7
 58704 115.35  27.58   104    0.2
 58706 115.83  27.43   181    0.4
 58707 115.13  27.22    66    0.3
 58710 116.05  27.77    78    0.6
 58712 116.78  27.92   130    2.3
 58713 117.07  27.72   225    2.5
 58714 116.23  27.55   120    2.1
 58719 116.93  27.30   131    1.7
 58724 117.32  27.53   268    2.6
 58735 118.75  27.52   260   10.9
 58736 118.82  27.38   262    9.1
 58745 119.08  27.62   400   11.3
 58746 119.70  27.55   538   15.9
 58747 119.35  27.15   899   17.6
 58748 119.65  27.10    50   15.5
 58749 119.88  27.23   684   20.4
 58750 120.08  27.78   105   23.5
 58751 120.57  27.67   254   40.5
 58804 115.35  26.35   151   0.01
 58814 116.35  26.35   247    1.9
 58819 116.82  26.18   336    2.8
 58821 117.47  26.73   173    3.6
 58822 116.85  26.83   342    1.8
 58823 117.80  26.80   175    6.7
 58824 117.15  26.40   357    4.3
 58826 117.80  26.40   120    6.9
 58828 117.62  26.27   208    6.2
 58836 118.73  26.58   361   10.3
 58839 118.85  26.23    40   13.6
 58844 119.15  26.15    57   13.7
 58845 119.53  26.50    60   19.1
 58848 119.55  26.20    13   20.2
 58850 120.23  26.92    92   21.6
 58903 116.03  25.90   210    0.3
 58906 115.80  25.60   167   0.01
 58907 115.40  25.15   305    0.1
 58912 116.73  25.72   404    4.2
 58917 116.10  25.08   307    2.5
 58923 117.83  25.70   400    4.6
 58928 117.53  25.02   166    9.4
 58929 118.15  25.07    68   15.6
 58932 118.93  25.87    85   15.9
 58934 118.27  25.33   183   16.9
 58935 118.23  25.48   521   17.7
 58938 118.98  25.23    23   14.4
 58940 119.33  26.08    25   14.9
 58941 119.50  25.97    25   18.3
 58942 119.38  25.72    39   14.8
 58946 119.00  25.45    81   13.7
 59093 115.03  24.78   253   0.01
 59099 114.93  24.45   173   0.01
 59106 115.90  24.58   152    2.0
 59109 115.73  24.15   123    1.5
 59114 116.17  24.65   135    2.0
 59122 117.75  24.62    43   16.0
 59124 117.38  24.52    53    0.2
 59125 117.30  24.38   108    8.6
 59127 117.83  24.43    32   23.1
 59129 117.60  24.13    53   22.8
 59130 118.15  24.73    30   22.9
 59297 114.28  23.17    17   0.01
 59310 116.18  23.77    45    2.6
 59312 116.70  23.67    60   11.4
 59313 116.98  23.68    44   21.2
 59314 116.13  23.30    29    4.6
 59315 116.40  23.59    43    7.1
 59318 116.58  23.27     5   22.5
 59319 116.83  23.43     4   23.3
 59320 117.13  23.75    37   19.3
 59322 117.37  23.98    22   19.7
