diamond  3 2015年01月12日08点6小时降雨量                     
  15  01  12  08    -1 3 10 25 50 1 0
 39 122.7  37.3 122.5  36.7 120.8  36.2 119.3  35.0 120.4  34.3
 121.1  32.7 122.3  30.9 122.5  30.1 121.5  28.0 119.8  25.0
 116.1  22.6 111.0  21.0 111.0  18.6 109.6  18.1 108.3  18.5
 108.9  19.9 109.3  21.0 106.4  21.6 104.1  22.2 101.6  20.8
  98.7  22.0  97.1  24.1  97.7  27.0  91.7  26.6  85.7  27.7
  78.9  30.6  73.3  37.1  74.1  40.7  87.6  49.8  98.5  43.9
 110.4  44.3 122.0  54.7 135.7  48.3 131.5  42.2 125.2  39.4
 121.3  38.5 121.2  40.3 118.5  38.6 120.8  38.1
 1     168
 51137  82.93  46.20   715    0.2
 51145  83.65  46.55   521    0.1
 51328  80.42  44.20   770    2.8
 51329  80.85  44.05   640    0.6
 51430  81.15  43.83   602    1.8
 51434  81.53  43.97   770    1.0
 51435  82.23  43.47   774    2.2
 56380 103.35  29.88   571    0.1
 56381 103.50  30.07   630    0.1
 56846  99.93  24.58  1569    0.1
 56869 101.97  24.07  1497    0.1
 56898 102.41  24.18  1600    0.1
 56952 100.70  23.50   913    0.1
 57674 112.38  28.57    46    0.1
 57678 112.55  28.25    74    0.2
 57688 113.63  28.16   101    0.8
 57694 114.38  28.53   259    0.4
 57698 114.45  28.12    98    2.3
 57699 114.92  28.23    66    1.3
 57763 112.00  27.68   205    0.1
 57768 111.45  27.32   242    0.1
 57769 111.73  27.23   252    0.3
 57771 112.53  27.93    88    0.7
 57772 112.50  27.75    86    0.6
 57773 112.83  27.88    63    1.3
 57777 112.87  27.23    63    1.2
 57778 112.95  27.09    70    2.3
 57783 113.82  27.88   118    2.0
 57786 113.85  27.63   117    2.5
 57792 114.68  27.82    93    2.5
 57794 114.02  27.63   177    2.4
 57796 114.88  27.83   189    4.3
 57798 114.60  27.40    85    3.5
 57851 110.83  26.46   346    0.5
 57859 110.63  26.03   408    0.9
 57860 111.28  27.00   283    0.4
 57865 111.62  26.50   192    2.6
 57867 111.28  26.40   169    1.4
 57868 111.86  26.59   113    2.9
 57870 112.10  26.80   151    1.0
 57871 112.37  26.98    90    0.9
 57875 112.68  26.75   137    2.9
 57876 112.83  26.43   135    7.5
 57881 113.25  26.72   101    6.4
 57882 113.55  26.79   136    5.0
 57883 114.28  26.75   253    7.2
 57886 113.80  26.48   268    5.6
 57887 113.12  26.12   167    6.6
 57891 114.25  26.93   153    4.6
 57895 114.78  26.47   101    6.0
 57899 114.92  26.80    71    5.1
 57936 108.91  25.76   258    0.1
 57942 110.00  25.80   268    0.1
 57948 109.25  25.08   122    0.2
 57949 110.00  24.98   156    9.0
 57954 110.18  25.23   157    5.2
 57955 110.67  25.62   224    3.7
 57956 110.32  25.42   167    2.1
 57958 110.32  25.08   151    9.4
 57960 111.07  25.93   195    2.9
 57962 111.65  25.97   167    4.0
 57964 111.15  25.50   263    6.9
 57966 111.96  25.59   244    5.5
 57969 111.31  25.28   269    8.2
 57971 112.20  25.92   224    3.4
 57973 112.72  25.75   329    4.8
 57975 112.20  25.38   277   10.4
 57976 112.94  25.41   222   10.4
 57978 112.55  25.27   292   12.0
 57981 113.22  25.97   139    7.0
 57985 113.68  25.57   609   10.3
 57988 113.35  25.11   143   13.7
 57989 113.77  25.07   112    7.7
 57990 114.30  25.70   246    8.4
 57991 114.55  25.80   140    7.5
 57992 114.75  25.67   127    9.3
 57994 114.35  25.40   215    6.2
 57995 114.93  25.40   164    9.8
 58605 115.38  28.42    46    0.5
 58609 115.82  28.22    27    1.3
 58619 116.37  28.00    49    0.2
 58701 115.40  27.77    46    5.1
 58704 115.35  27.58   104    5.9
 58706 115.83  27.43   181    6.9
 58707 115.13  27.22    66    5.0
 58710 116.05  27.77    78    3.9
 58713 117.07  27.72   225    1.8
 58714 116.23  27.55   120    6.7
 58719 116.93  27.30   131    3.0
 58724 117.32  27.53   268    0.5
 58804 115.35  26.35   151    7.9
 58814 116.35  26.35   247    4.3
 58819 116.82  26.18   336    0.7
 58822 116.85  26.83   342    2.5
 58823 117.80  26.80   175    0.2
 58824 117.15  26.40   357    0.1
 58903 116.03  25.90   210    5.3
 58905 115.42  25.97   133    8.5
 58906 115.80  25.60   167    6.9
 58907 115.40  25.15   305   12.7
 58912 116.73  25.72   404    0.8
 58917 116.10  25.08   307    4.4
 59034 108.67  24.48   150    0.3
 59038 108.65  24.07   138    3.8
 59041 109.25  24.65   108    6.4
 59044 109.38  24.46    97   11.9
 59045 109.75  24.48    94   15.3
 59047 109.33  24.25   100   10.7
 59051 110.50  24.77   136   11.5
 59052 110.82  24.83   169    9.4
 59053 110.64  24.65   157    9.1
 59055 110.40  24.50   165    9.5
 59057 110.18  24.13   830   10.1
 59059 110.80  24.18   105   12.9
 59061 111.27  24.82   193    9.9
 59063 111.45  25.18   265    8.9
 59064 111.32  24.55   136   12.5
 59071 112.28  24.73   174   12.5
 59074 112.15  24.57   300   10.5
 59075 112.63  24.48    70   10.0
 59081 113.29  24.78   131    8.9
 59090 114.07  24.95   103    9.0
 59091 114.52  24.75   277   12.4
 59093 115.03  24.78   253   15.3
 59094 114.12  24.35   184   11.2
 59099 114.93  24.45   173   11.4
 59106 115.90  24.58   152    7.0
 59109 115.73  24.15   123    1.5
 59114 116.17  24.65   135    5.2
 59125 117.30  24.38   108    0.1
 59229 107.70  23.17   125    1.6
 59230 108.17  23.72   168    1.7
 59235 108.62  23.43   115    4.7
 59237 108.28  23.17   111    1.8
 59238 108.80  23.22   122    3.3
 59241 109.68  23.97    90    8.0
 59246 109.67  23.60    70   10.3
 59249 109.62  23.12    51   14.7
 59255 110.38  23.55    32   15.7
 59256 110.90  23.37   105   22.3
 59264 111.50  23.40    83   17.2
 59266 111.23  23.42    42   18.8
 59268 111.54  23.26    70   20.1
 59269 111.78  23.17    47   17.9
 59270 112.18  23.92    84   13.1
 59276 112.65  23.35    40   14.3
 59279 112.87  23.18    24   15.0
 59284 113.24  23.42    38   12.3
 59285 113.62  23.57    38   17.2
 59288 113.02  23.15    29   20.4
 59290 114.25  23.78    85   14.5
 59297 114.28  23.17    17    9.2
 59421 107.20  22.83   255    0.1
 59426 107.92  22.61   146    0.9
 59427 107.07  22.12   163    0.1
 59429 108.01  22.18   216    3.1
 59432 108.40  22.80   194    0.9
 59435 108.48  22.77    74    2.2
 59441 109.25  22.70    78   16.3
 59448 109.55  22.27    69   16.0
 59449 109.98  22.30    85   19.8
 59451 110.35  22.70    98   19.4
 59452 110.53  22.83   131   17.6
 59454 110.99  22.95   202   22.8
 59457 110.27  22.32   121   21.6
 59469 111.78  22.17    37   18.9
 59470 112.20  22.70    57   17.7
 59471 112.05  22.93   101   18.9
