diamond  3 2015年01月08日20点6小时降雨量                     
  15  01  08  20    -1 3 10 25 50 1 0
 39 122.7  37.3 122.5  36.7 120.8  36.2 119.3  35.0 120.4  34.3
 121.1  32.7 122.3  30.9 122.5  30.1 121.5  28.0 119.8  25.0
 116.1  22.6 111.0  21.0 111.0  18.6 109.6  18.1 108.3  18.5
 108.9  19.9 109.3  21.0 106.4  21.6 104.1  22.2 101.6  20.8
  98.7  22.0  97.1  24.1  97.7  27.0  91.7  26.6  85.7  27.7
  78.9  30.6  73.3  37.1  74.1  40.7  87.6  49.8  98.5  43.9
 110.4  44.3 122.0  54.7 135.7  48.3 131.5  42.2 125.2  39.4
 121.3  38.5 121.2  40.3 118.5  38.6 120.8  38.1
 1     164
 50913 118.83  45.72   865   0.01
 51369  87.65  43.97   600   0.01
 56109  93.78  31.48  3940   0.01
 56273 102.82  30.39  1022   0.01
 56278 102.77  30.07   755    0.5
 56279 102.93  30.15   682    0.1
 56280 103.12  30.08   691   0.01
 56289 103.87  30.20   437   0.01
 56295 104.55  30.38   448   0.01
 56297 104.15  30.02   436    0.5
 56298 104.60  30.13   417   0.01
 56317  94.22  29.22  2950    0.3
 56373 102.85  29.78   763    0.2
 56380 103.35  29.88   571    0.1
 56381 103.50  30.07   630   0.01
 56382 103.55  29.75   475    0.2
 56383 103.87  29.83   455    0.1
 56384 103.48  29.60   446    0.3
 56389 103.95  29.20   387   0.01
 56390 104.07  29.67   404   0.01
 56391 103.82  30.08   415    0.5
 56393 104.85  29.77   369   0.01
 56394 104.43  29.45   384   0.01
 56395 104.67  29.52   351    0.6
 56396 104.77  29.35   352    0.1
 56473 102.77  28.95  1060   0.01
 56483 103.95  28.58   496   0.01
 56487 103.13  28.33  1943    0.4
 56490 103.90  28.95   424    0.1
 56491 104.57  28.70   287    0.2
 56496 105.23  28.32   358    0.1
 56499 104.78  28.38   368    0.1
 56569 102.18  27.42  1380   0.01
 56575 102.55  27.37  1428   0.01
 56578 102.75  27.07   993    0.7
 56580 102.80  27.72  2460    0.4
 56584 103.25  27.70  1093    0.8
 56585 103.56  27.19  1952    0.3
 56598 104.73  27.13  1535   0.01
 56641  98.87  26.90  1189   0.01
 56645  99.42  26.42  2344    1.7
 56646  99.92  26.53  2191    1.5
 56649  99.96  26.11  2059    0.2
 56652 100.75  26.68  2130    0.3
 56654 100.18  26.58  2195   0.01
 56665 101.85  26.68  1140   0.01
 56674 101.73  26.50  1108    1.4
 56675 102.58  26.65  1694   0.01
 56688 103.17  26.10  1254    2.3
 56697 104.08  26.22  1984    0.1
 56742  99.37  25.90  1658   0.01
 56745  99.95  25.68  1626    0.3
 56746  99.52  25.47  1616   0.01
 56755 100.40  25.39  1711    4.4
 56756 100.58  25.48  1992    1.8
 56757 100.28  25.27  1742    0.4
 56761 101.32  25.72  1878    3.7
 56766 101.52  25.31  1822    0.1
 56767 101.28  25.18  1857    0.4
 56772 102.50  25.23  1692    3.8
 56774 102.42  25.53  1710    0.5
 56775 102.45  25.55  1750    0.6
 56777 102.10  25.11  1671    2.0
 56781 103.27  25.55  1873    4.2
 56782 103.55  25.42  2067    1.7
 56783 103.80  25.50  1906    0.2
 56785 103.08  25.36  1915    5.3
 56788 103.62  24.98  1857    1.5
 56790 104.25  25.68  1925    0.1
 56839  98.82  23.77   995   15.5
 56840  98.30  24.82  1012   0.01
 56841  98.68  24.60  1528    0.1
 56842  99.18  24.73  1471    1.0
 56843  99.62  24.83  1650   0.01
 56844  98.58  24.43   913    4.4
 56846  99.93  24.58  1569   14.2
 56849  99.23  24.03  1606   11.2
 56851 100.53  25.04  1377    2.1
 56854 100.13  24.45  1108    6.5
 56862 101.60  24.68  1968    0.4
 56863 102.48  24.93  1848    6.0
 56867 101.12  23.98  1105   13.8
 56869 101.97  24.07  1497    8.9
 56870 102.18  24.66  1600    2.3
 56871 102.60  24.65  1893    0.8
 56872 102.62  24.95  2358    5.6
 56873 102.92  24.68  1796    2.9
 56876 102.77  24.28  1731    2.6
 56878 102.75  24.13  1801    1.9
 56879 102.91  24.19  1702    1.5
 56880 103.17  24.92  1532    1.4
 56881 103.27  24.75  1695    1.4
 56882 102.83  24.91  1976    2.0
 56883 103.98  24.82  1900    6.7
 56885 103.45  24.40  1415    2.2
 56889 104.17  24.05  1518    0.1
 56891 104.32  24.98  1482    5.6
 56898 102.41  24.18  1600    4.6
 56944  99.27  23.15  1278   37.6
 56949  99.60  22.32   945    1.6
 56950  99.80  23.47  1044   15.2
 56952 100.70  23.50   913   19.2
 56958 100.47  21.96  1222    1.3
 56961 101.05  23.03  1336    6.7
 56962 101.67  23.42  1314    3.5
 56970 102.48  23.70  1419    1.7
 56973 102.83  23.62  1309    2.0
 56975 102.43  23.37   974    1.5
 56976 102.85  23.22   312   0.01
 56978 102.42  23.00  1642    1.5
 56987 103.23  22.78  1260   0.01
 56992 104.70  23.45  1507    0.1
 56994 104.28  23.33  1293   0.01
 56995 104.42  23.03  1332    0.2
 56996 104.70  23.13  1093    0.2
 57309 105.88  30.98   378   0.01
 57314 106.07  31.35   405   0.01
 57315 106.40  31.53   655    0.2
 57317 106.42  31.03   324    0.1
 57318 106.55  31.07   338    0.1
 57324 107.08  31.58   364   0.01
 57326 107.72  31.37   389   0.01
 57402 105.70  30.77   394    0.1
 57413 106.97  30.85   295   0.01
 57414 106.45  30.52   403   0.01
 57415 106.63  30.53   394   0.01
 57416 106.93  30.33   391    0.1
 57420 107.19  30.75   418   0.01
 57509 106.92  28.99   599    0.3
 57513 106.62  29.73   464    0.1
 57518 106.50  29.33   506   0.01
 57519 107.11  29.16   698    0.6
 57600 105.06  28.71   420   0.01
 57646 109.95  28.62   302   0.01
 57708 105.60  27.15  1700   0.01
 57714 106.23  27.47   942    0.1
 57737 108.12  27.03   547   0.01
 57740 109.60  27.95   349   0.01
 57744 109.17  27.37   355   0.01
 57800 105.37  26.77  1457   0.01
 57807 105.47  26.21  1361   0.01
 57809 105.75  26.07  1251   0.01
 57813 106.47  26.57  1261   0.01
 57814 106.27  26.42  1298   0.01
 57818 106.45  26.03  1140   0.01
 57821 107.50  26.70   925    0.2
 57824 107.23  26.58  1001    1.0
 57828 107.58  26.50   983    0.9
 57829 107.80  26.20   963   0.01
 57834 108.30  26.68   641    0.7
 57835 108.43  26.72   527    0.5
 57844 109.18  26.68   343    0.1
 57900 105.22  25.83  1552    0.2
 57903 105.60  25.94  1142   0.01
 57905 105.61  25.40  1184    3.0
 57908 105.48  25.12  1394    7.8
 57909 105.82  24.98   584    6.3
 57913 106.98  26.45  1093   0.01
 57914 106.67  26.42  1149   0.01
 57921 107.34  25.85   821    0.4
 57923 107.87  25.98   419    0.4
 59001 105.33  24.78   672    5.9
 59004 105.10  24.50   725    1.8
 59205 105.63  23.65   685    0.5
