diamond  3 2015年02月22日02点6小时降雨量                     
  15  02  22  02    -1 3 10 25 50 1 0
 39 122.7  37.3 122.5  36.7 120.8  36.2 119.3  35.0 120.4  34.3
 121.1  32.7 122.3  30.9 122.5  30.1 121.5  28.0 119.8  25.0
 116.1  22.6 111.0  21.0 111.0  18.6 109.6  18.1 108.3  18.5
 108.9  19.9 109.3  21.0 106.4  21.6 104.1  22.2 101.6  20.8
  98.7  22.0  97.1  24.1  97.7  27.0  91.7  26.6  85.7  27.7
  78.9  30.6  73.3  37.1  74.1  40.7  87.6  49.8  98.5  43.9
 110.4  44.3 122.0  54.7 135.7  48.3 131.5  42.2 125.2  39.4
 121.3  38.5 121.2  40.3 118.5  38.6 120.8  38.1
 1      96
 50431 121.52  50.78   717    0.3
 50445 123.73  50.58   423    2.2
 50524 119.43  49.32   576    1.2
 50525 119.75  49.15   620    0.8
 50526 120.70  49.28   668    1.5
 50645 124.48  48.48   195    0.7
 50647 123.48  48.13   236    0.5
 50673 130.40  48.88    90    0.7
 50772 129.23  48.10   288    0.1
 50775 130.20  47.34   182    1.3
 50776 130.83  47.57    83    0.6
 50867 127.35  46.08   134    0.3
 50878 130.72  47.00    78    0.1
 50924 119.65  45.55   860    1.5
 50928 120.33  45.07   628    2.6
 50934 121.58  45.38   311    0.4
 50937 121.48  45.06   282    2.6
 50939 122.82  45.33   150   17.8
 50958 126.93  45.53   168    0.4
 50962 128.03  45.95   112    0.3
 50965 128.27  45.43   167    0.8
 51568  86.80  42.25  1085    0.4
 54031 121.82  44.90   198   10.9
 54039 122.02  44.03   181    0.6
 54047 123.28  44.13   145    1.2
 54065 125.65  44.53   169    0.2
 54156 124.80  43.52   200    1.0
 54249 123.87  42.30    85    1.5
 54279 126.58  42.05   544    0.8
 54340 123.32  41.67    35    2.2
 54483 123.90  40.88   233    0.1
 54494 124.07  40.47    72    0.2
 54530 117.77  39.23     1   42.7
 56097 104.25  33.27  1440    0.7
 56164 100.98  32.27  3284    0.7
 56180 103.85  31.68  1590    2.1
 56184 103.17  31.43  1896    0.5
 56185 102.98  32.08  2400    2.4
 56186 104.20  31.33   589    0.4
 56278 102.77  30.07   755    9.0
 56279 102.93  30.15   682    0.9
 56280 103.12  30.08   691    1.9
 56281 103.50  30.18   510    0.1
 56297 104.15  30.02   436    0.6
 56317  94.22  29.22  2950    0.4
 56380 103.35  29.88   571    2.9
 56381 103.50  30.07   630    1.2
 56382 103.55  29.75   475    2.8
 56383 103.87  29.83   455    1.1
 56384 103.48  29.60   446    2.7
 56387 103.27  29.23   642    0.5
 56389 103.95  29.20   387    6.8
 56390 104.07  29.67   404    0.8
 56391 103.82  30.08   415    0.1
 56396 104.77  29.35   352    0.7
 56399 104.98  29.18   306    1.3
 56480 103.53  28.82   564    0.7
 56483 103.95  28.58   496    1.7
 56490 103.90  28.95   424    6.4
 56491 104.57  28.70   287    3.0
 56493 104.97  28.85   292    2.4
 56494 104.33  28.84   386    6.1
 56497 104.23  28.10   448    1.2
 56499 104.78  28.38   368    4.0
 56592 104.52  28.43   359    1.8
 56593 104.92  28.58   279    4.9
 57183 113.92  33.80    60    0.1
 57204 105.22  32.57   782    3.2
 57208 105.52  32.28   544    0.8
 57303 105.92  31.73   459    0.4
 57505 105.58  29.42   338    0.1
 57507 105.30  29.33   385    0.7
 57508 105.37  29.15   301    0.6
 57509 106.92  28.99   599    0.1
 57518 106.50  29.33   506    0.1
 57522 107.27  29.74   372    0.1
 57525 107.75  29.32   277    0.2
 57600 105.06  28.71   420    2.4
 57603 105.83  28.82   283    0.2
 57688 113.63  28.16   101    0.2
 57699 114.92  28.23    66    0.3
 57714 106.23  27.47   942    0.7
 57717 106.83  27.53   974    0.1
 57719 106.97  27.07  1275    0.1
 57777 112.87  27.23    63    5.0
 57844 109.18  26.68   343    0.1
 57883 114.28  26.75   253    0.4
 57976 112.94  25.41   222    0.1
 57994 114.35  25.40   215    0.2
 57995 114.93  25.40   164    0.1
 58435 118.53  30.30   220    0.1
 58443 119.89  31.02    25    0.1
 58446 119.70  30.63    72    0.1
 58455 120.65  30.52     8    0.2
 58458 120.90  30.54     4    0.1
 58468 121.17  30.05     5    0.3
