diamond  3 2015年02月01日08点6小时降雨量                     
  15  02  01  08    -1 3 10 25 50 1 0
 39 122.7  37.3 122.5  36.7 120.8  36.2 119.3  35.0 120.4  34.3
 121.1  32.7 122.3  30.9 122.5  30.1 121.5  28.0 119.8  25.0
 116.1  22.6 111.0  21.0 111.0  18.6 109.6  18.1 108.3  18.5
 108.9  19.9 109.3  21.0 106.4  21.6 104.1  22.2 101.6  20.8
  98.7  22.0  97.1  24.1  97.7  27.0  91.7  26.6  85.7  27.7
  78.9  30.6  73.3  37.1  74.1  40.7  87.6  49.8  98.5  43.9
 110.4  44.3 122.0  54.7 135.7  48.3 131.5  42.2 125.2  39.4
 121.3  38.5 121.2  40.3 118.5  38.6 120.8  38.1
 1     165
 51708  75.95  39.15  1325    0.3
 53420 107.12  40.85  1024    0.1
 53517 106.33  39.27  1464    0.2
 53547 109.03  39.10  1312    0.4
 53916 106.32  35.50  1948    0.1
 56186 104.20  31.33   589    0.1
 56190 104.55  31.55   519    0.2
 56195 104.73  31.80   543    0.1
 56197 104.17  31.15   535    0.5
 56198 104.50  31.32   525    0.3
 56281 103.50  30.18   510    0.6
 56288 103.92  30.58   494    0.1
 56289 103.87  30.20   437    0.1
 56290 104.18  30.78   514    0.1
 56291 104.28  30.93   469    0.1
 56295 104.55  30.38   448    0.1
 56297 104.15  30.02   436    0.1
 56298 104.60  30.13   417    0.2
 56380 103.35  29.88   571    0.4
 56384 103.48  29.60   446    0.1
 56393 104.85  29.77   369    0.2
 56394 104.43  29.45   384    0.5
 56395 104.67  29.52   351    0.3
 56396 104.77  29.35   352    0.9
 56399 104.98  29.18   306    0.2
 56483 103.95  28.58   496    0.2
 56490 103.90  28.95   424    0.1
 56493 104.97  28.85   292    0.2
 56494 104.33  28.84   386    0.1
 56497 104.23  28.10   448    0.2
 56499 104.78  28.38   368    1.1
 56582 103.90  27.75  1176    0.2
 56592 104.52  28.43   359    0.8
 56593 104.92  28.58   279    0.2
 56641  98.87  26.90  1189    0.1
 56757 100.28  25.27  1742    1.0
 56761 101.32  25.72  1878    0.3
 56764 101.23  25.53  1873    0.4
 56766 101.52  25.31  1822    0.1
 56767 101.28  25.18  1857    0.1
 56851 100.53  25.04  1377    0.1
 56891 104.32  24.98  1482    0.3
 56970 102.48  23.70  1419    1.0
 56978 102.42  23.00  1642    0.6
 56987 103.23  22.78  1260    1.8
 56992 104.70  23.45  1507    0.4
 57208 105.52  32.28   544    0.2
 57338 108.42  31.18   216    0.2
 57407 105.03  30.28   462    0.3
 57408 105.35  30.12   338    0.1
 57489 114.01  30.52    23    3.6
 57498 114.94  30.52    26    0.2
 57505 105.58  29.42   338    0.4
 57507 105.30  29.33   385    0.3
 57508 105.37  29.15   301    0.1
 57541 109.48  30.00   532    2.2
 57564 111.13  29.43   103    4.4
 57565 111.73  29.67    38    5.4
 57575 112.55  29.52    31    3.5
 57590 114.37  29.85    98    5.3
 57600 105.06  28.71   420    0.6
 57635 108.98  28.45   363    1.9
 57636 108.50  28.57   334    0.1
 57658 110.20  28.02   152    0.2
 57666 112.13  28.52    52    1.4
 57674 112.38  28.57    46    1.5
 57680 113.11  28.86    82    1.9
 57688 113.63  28.16   101    0.3
 57694 114.38  28.53   259    1.7
 57698 114.45  28.12    98    0.1
 57717 106.83  27.53   974    0.2
 57719 106.97  27.07  1275    0.3
 57734 108.23  27.57   467    0.2
 57736 108.85  27.70   369    0.2
 57739 108.92  27.23   394    1.1
 57742 109.20  27.52   884    0.6
 57743 109.80  27.88   176    0.3
 57744 109.17  27.37   355    1.8
 57754 109.84  27.21   252    0.6
 57760 111.43  27.70   249    0.2
 57762 111.70  27.69   165    0.5
 57763 112.00  27.68   205    0.9
 57767 111.01  27.13   308    0.6
 57768 111.45  27.32   242    0.7
 57769 111.73  27.23   252    1.4
 57771 112.53  27.93    88    0.4
 57772 112.50  27.75    86    0.9
 57773 112.83  27.88    63    0.9
 57777 112.87  27.23    63    0.6
 57781 113.50  27.65    74    1.6
 57783 113.82  27.88   118    0.3
 57807 105.47  26.21  1361    0.2
 57808 105.75  26.32  1274    0.2
 57809 105.75  26.07  1251    0.1
 57814 106.27  26.42  1298    0.2
 57818 106.45  26.03  1140    0.1
 57842 109.72  26.88   281    0.2
 57844 109.18  26.68   343    0.3
 57846 110.15  26.58   310    0.7
 57851 110.83  26.46   346    0.8
 57859 110.63  26.03   408    0.1
 57860 111.28  27.00   283    1.4
 57865 111.62  26.50   192    0.2
 57867 111.28  26.40   169    0.3
 57868 111.86  26.59   113    0.2
 57870 112.10  26.80   151    0.3
 57871 112.37  26.98    90    0.3
 57876 112.83  26.43   135    0.2
 57881 113.25  26.72   101    0.1
 57887 113.12  26.12   167    0.1
 57900 105.22  25.83  1552    0.8
 57903 105.60  25.94  1142    0.4
 57905 105.61  25.40  1184    0.6
 57908 105.48  25.12  1394    0.6
 57909 105.82  24.98   584    0.1
 57911 106.65  26.67  1323    0.1
 57915 106.77  26.63  1104   0.01
 57960 111.07  25.93   195    0.1
 57973 112.72  25.75   329    0.1
 57975 112.20  25.38   277    0.1
 57981 113.22  25.97   139    0.3
 58112 116.45  30.73   968    2.7
 58423 117.78  30.48   647    2.3
 58428 117.50  30.22   118    2.3
 58502 116.02  29.67    74    4.7
 58507 115.12  29.25   116    1.6
 58509 115.82  29.05    36    1.3
 58510 116.23  29.73    40    1.4
 58517 116.20  29.27    35    1.4
 58524 117.22  29.37    87    1.0
 58529 117.85  29.27   171    0.5
 58534 118.18  29.78   170    1.7
 58537 118.40  29.13   153    0.4
 58544 119.27  29.48    88    0.3
 58601 115.38  28.70    53    1.4
 58602 115.55  28.85    40    0.3
 58605 115.38  28.42    46    0.3
 58607 115.95  28.55    31    0.3
 58612 116.68  28.70    21    0.1
 58615 117.08  28.68    56    0.2
 58620 117.10  29.02    51    0.7
 58629 117.71  28.29   100    0.1
 58631 118.50  28.90   137   0.01
 58635 118.20  28.43    95    0.1
 58693 115.83  28.70    40    0.6
 58719 116.93  27.30   131    0.1
 58724 117.32  27.53   268    0.1
 58747 119.35  27.15   899    0.1
 58819 116.82  26.18   336    0.1
 58822 116.85  26.83   342    0.1
 58823 117.80  26.80   175    0.1
 58826 117.80  26.40   120    0.2
 58928 117.53  25.02   166    0.2
 59001 105.33  24.78   672    0.3
 59017 106.27  24.27   278    0.2
 59022 107.55  24.98   749    0.5
 59031 108.26  24.81   342    0.2
 59033 108.90  24.78   328    0.1
 59034 108.67  24.48   150    0.1
 59205 105.63  23.65   685    0.2
 59215 106.63  23.33   680    0.1
 59227 107.14  23.11   454    0.2
 59238 108.80  23.22   122    0.7
 59425 107.35  22.40   107    0.2
 59426 107.92  22.61   146    0.3
