diamond  3 2015年02月26日08点6小时降雨量                     
  15  02  26  08    -1 3 10 25 50 1 0
 39 122.7  37.3 122.5  36.7 120.8  36.2 119.3  35.0 120.4  34.3
 121.1  32.7 122.3  30.9 122.5  30.1 121.5  28.0 119.8  25.0
 116.1  22.6 111.0  21.0 111.0  18.6 109.6  18.1 108.3  18.5
 108.9  19.9 109.3  21.0 106.4  21.6 104.1  22.2 101.6  20.8
  98.7  22.0  97.1  24.1  97.7  27.0  91.7  26.6  85.7  27.7
  78.9  30.6  73.3  37.1  74.1  40.7  87.6  49.8  98.5  43.9
 110.4  44.3 122.0  54.7 135.7  48.3 131.5  42.2 125.2  39.4
 121.3  38.5 121.2  40.3 118.5  38.6 120.8  38.1
 1     276
 50525 119.75  49.15   620    0.1
 50526 120.70  49.28   668    0.1
 50673 130.40  48.88    90    0.1
 50924 119.65  45.55   860    0.1
 51058  87.97  47.10   563    0.6
 51145  83.65  46.55   521    0.2
 51436  83.30  43.45   928    1.0
 51438  81.77  43.18  1210    0.7
 54072 126.52  44.85   196    0.1
 54279 126.58  42.05   544    1.3
 54362 125.73  41.67   380    0.9
 56496 105.23  28.32   358    0.7
 56593 104.92  28.58   279    0.1
 56595 104.87  27.42  1645    0.2
 56598 104.73  27.13  1535    0.1
 57324 107.08  31.58   364    0.1
 57431 108.35  30.83   257    0.6
 57453 111.32  30.77   115    1.4
 57460 111.78  30.82    91    0.8
 57462 111.08  30.87   139    0.8
 57464 111.18  30.47   142    4.8
 57465 111.45  30.38    74    6.3
 57466 111.75  30.43    50    5.3
 57469 111.77  30.18    69    5.4
 57475 112.90  30.40    31    3.1
 57477 112.22  30.07    38    5.8
 57485 113.47  30.28    23    0.4
 57486 113.85  30.65    25    0.4
 57495 114.88  30.67    28    0.1
 57499 114.88  30.07    40    0.4
 57509 106.92  28.99   599    0.3
 57525 107.75  29.32   277    0.1
 57540 109.15  29.68   776    1.3
 57541 109.48  30.00   532    1.2
 57543 110.03  29.90   539    1.9
 57544 109.45  29.47   488    1.2
 57558 110.47  29.13   183    2.4
 57564 111.13  29.43   103    6.6
 57565 111.73  29.67    38    6.1
 57566 111.65  29.45    51    4.0
 57571 112.40  29.70    35    4.0
 57575 112.55  29.52    31    0.7
 57577 112.17  29.40    36    1.2
 57585 113.45  29.48    60    0.7
 57586 114.03  29.53    78    0.5
 57589 113.87  29.27   146    0.3
 57590 114.37  29.85    98    0.1
 57596 114.20  29.63   751    0.3
 57603 105.83  28.82   283    0.1
 57605 105.82  28.03   537    0.2
 57609 105.70  28.58   317    1.4
 57634 107.88  28.52   660    0.6
 57635 108.98  28.45   363    1.4
 57636 108.50  28.57   334    0.4
 57637 108.10  28.25   629    0.5
 57640 109.45  28.58   341    1.5
 57643 109.83  29.00   268    1.6
 57646 109.95  28.62   302    1.5
 57657 110.21  28.23   186    4.3
 57658 110.20  28.02   152    2.6
 57661 111.48  28.92    48    2.1
 57663 111.95  28.92    31    4.5
 57666 112.13  28.52    52    8.9
 57674 112.38  28.57    46    7.8
 57678 112.55  28.25    74    0.5
 57680 113.11  28.86    82    4.4
 57688 113.63  28.16   101    0.8
 57694 114.38  28.53   259    0.8
 57698 114.45  28.12    98    2.5
 57699 114.92  28.23    66    1.1
 57708 105.60  27.15  1700    0.9
 57714 106.23  27.47   942    0.5
 57717 106.83  27.53   974    0.6
 57719 106.97  27.07  1275    1.3
 57720 107.17  27.88   889    0.3
 57723 107.72  27.98   710    0.5
 57728 107.47  27.07  1096    0.6
 57732 108.40  28.02   456    0.3
 57734 108.23  27.57   467    0.4
 57735 108.82  27.18   404    0.5
 57736 108.85  27.70   369    3.0
 57737 108.12  27.03   547    0.2
 57738 108.42  27.05   516    0.1
 57739 108.92  27.23   394    0.7
 57740 109.60  27.95   349    1.0
 57742 109.20  27.52   884    2.1
 57743 109.80  27.88   176    1.9
 57744 109.17  27.37   355    0.8
 57754 109.84  27.21   252    2.1
 57760 111.43  27.70   249    0.6
 57762 111.70  27.69   165    0.2
 57763 112.00  27.68   205    0.3
 57767 111.01  27.13   308    0.6
 57768 111.45  27.32   242    0.5
 57771 112.53  27.93    88    0.5
 57773 112.83  27.88    63    0.3
 57777 112.87  27.23    63    3.6
 57778 112.95  27.09    70    0.7
 57781 113.50  27.65    74    1.4
 57783 113.82  27.88   118    0.7
 57786 113.85  27.63   117    1.3
 57792 114.68  27.82    93    8.9
 57794 114.02  27.63   177    1.0
 57796 114.88  27.83   189    6.1
 57798 114.60  27.40    85    0.1
 57800 105.37  26.77  1457    0.3
 57811 106.60  26.83  1296    0.4
 57813 106.47  26.57  1261    0.3
 57821 107.50  26.70   925    0.1
 57822 107.90  26.90   835    0.7
 57824 107.23  26.58  1001    0.3
 57828 107.58  26.50   983    1.1
 57829 107.80  26.20   963    0.5
 57834 108.30  26.68   641    0.2
 57835 108.43  26.72   527    0.2
 57837 108.07  26.40   839    0.2
 57842 109.72  26.88   281    0.6
 57844 109.18  26.68   343    0.3
 57851 110.83  26.46   346    0.2
 57859 110.63  26.03   408    0.9
 57860 111.28  27.00   283    0.7
 57865 111.62  26.50   192    0.1
 57867 111.28  26.40   169    0.1
 57868 111.86  26.59   113    0.1
 57870 112.10  26.80   151    0.1
 57871 112.37  26.98    90    0.8
 57875 112.68  26.75   137    0.1
 57876 112.83  26.43   135    0.1
 57881 113.25  26.72   101    0.1
 57882 113.55  26.79   136    0.1
 57883 114.28  26.75   253    1.6
 57886 113.80  26.48   268    0.2
 57891 114.25  26.93   153    0.5
 57895 114.78  26.47   101    0.2
 57899 114.92  26.80    71    0.6
 57911 106.65  26.67  1323    0.4
 57913 106.98  26.45  1093    2.1
 57914 106.67  26.42  1149    0.4
 57915 106.77  26.63  1104    1.0
 57941 109.60  25.78   197    2.0
 57948 109.25  25.08   122    0.1
 57960 111.07  25.93   195    0.1
 57971 112.20  25.92   224    0.3
 57981 113.22  25.97   139    0.1
 57991 114.55  25.80   140    0.1
 58112 116.45  30.73   968    0.2
 58269 121.65  31.78     3    0.1
 58316 116.92  31.47    23    0.1
 58337 118.18  31.08    26    0.1
 58342 119.55  31.72     6    0.1
 58346 119.81  31.34    16    0.4
 58349 120.56  31.41     8    0.9
 58352 120.77  31.65     4    0.1
 58359 120.62  31.13     4    0.7
 58361 121.37  31.10     5    0.8
 58365 121.25  31.37     4    2.0
 58366 121.49  31.67     4    0.3
 58367 121.43  31.20     4    0.8
 58369 121.78  31.05     5    1.6
 58370 121.53  31.23     4    0.7
 58377 121.11  31.51     5    1.1
 58404 115.22  30.47    61    0.1
 58408 115.43  30.23    35    0.3
 58409 115.93  30.10    32    0.3
 58417 116.13  30.17    54    0.2
 58420 117.23  30.72    58    0.3
 58426 118.13  30.30   193    1.2
 58427 117.50  30.65    15    0.4
 58428 117.50  30.22   118    1.0
 58431 118.32  30.90    39    0.5
 58432 118.40  30.68    57    0.3
 58433 118.75  30.93    31    0.8
 58435 118.53  30.30   220    1.2
 58441 119.42  30.87    43    0.3
 58442 119.18  31.17    16    0.5
 58443 119.89  31.02    25    0.3
 58446 119.70  30.63    72    0.5
 58449 119.95  30.05    46    0.5
 58451 120.93  30.83     2    0.3
 58452 120.77  30.73     4    0.6
 58453 120.50  30.07     7    0.9
 58454 119.98  30.53   102    0.5
 58455 120.65  30.52     8    0.3
 58456 120.52  30.63     6    0.4
 58458 120.90  30.54     4    0.2
 58459 120.29  30.19    44    0.3
 58460 121.35  30.73     5    0.2
 58461 121.12  31.13     4    0.6
 58462 121.23  31.03     4    0.8
 58463 121.50  30.88     4    0.1
 58468 121.17  30.05     5    1.8
 58484 122.20  30.25    37    1.1
 58501 115.63  29.92    23    1.0
 58503 115.67  29.70    41    0.1
 58510 116.23  29.73    40    0.1
 58524 117.22  29.37    87    0.3
 58529 117.85  29.27   171    0.4
 58530 118.43  29.87   168    0.2
 58534 118.18  29.78   170    0.2
 58537 118.40  29.13   153    0.7
 58542 119.68  29.82    46    1.8
 58544 119.27  29.48    88    2.3
 58546 119.88  29.47   115    2.1
 58547 119.18  29.03    66    1.9
 58548 119.47  29.22    50    2.0
 58550 120.25  29.70    39    3.8
 58555 120.88  29.52   113    4.7
 58558 120.22  29.27    89    3.3
 58559 120.97  29.15   107    4.9
 58560 120.43  29.05   304    5.5
 58561 121.60  29.98     4    3.8
 58563 121.83  29.88     5    4.2
 58565 121.39  29.69    41    5.5
 58566 121.88  29.47     6    4.8
 58567 121.43  29.32    39    7.2
 58568 121.38  29.12    34   15.4
 58570 122.30  29.95    85    3.2
 58601 115.38  28.70    53    1.1
 58602 115.55  28.85    40    0.4
 58605 115.38  28.42    46    1.1
 58607 115.95  28.55    31    1.0
 58609 115.82  28.22    27    5.6
 58614 116.27  28.38    34    2.7
 58615 117.08  28.68    56    1.8
 58616 116.82  28.20    40    4.6
 58618 116.60  28.27    82    6.1
 58619 116.37  28.00    49   13.3
 58620 117.10  29.02    51    0.4
 58623 117.92  28.47    90    7.6
 58624 117.43  28.40    70    7.4
 58625 117.60  28.42    79    5.1
 58627 117.06  28.31    56    6.2
 58629 117.71  28.29   100    6.5
 58631 118.50  28.90   137    1.6
 58632 118.60  28.72   126    3.2
 58635 118.20  28.43    95    3.9
 58642 119.80  28.88   105    5.4
 58643 120.03  28.90   102    7.4
 58644 119.28  28.60   237    6.4
 58647 119.13  28.08   222   12.1
 58654 120.08  28.67   184   10.5
 58656 120.97  28.07    60    8.1
 58657 120.28  28.15    57   11.8
 58658 120.68  28.15    34   13.1
 58659 120.65  28.03    28   10.9
 58660 121.20  28.87     6    9.4
 58664 121.37  28.37    35   13.8
 58693 115.83  28.70    40    0.6
 58701 115.40  27.77    46    6.4
 58704 115.35  27.58   104    2.8
 58706 115.83  27.43   181    4.4
 58707 115.13  27.22    66    2.1
 58710 116.05  27.77    78    7.6
 58712 116.78  27.92   130    9.9
 58713 117.07  27.72   225    5.9
 58714 116.23  27.55   120    4.3
 58719 116.93  27.30   131    6.9
 58724 117.32  27.53   268    2.7
 58735 118.75  27.52   260    3.8
 58736 118.82  27.38   262    2.8
 58745 119.08  27.62   400   19.1
 58746 119.70  27.55   538   23.4
 58747 119.35  27.15   899    0.1
 58749 119.88  27.23   684    0.1
 58750 120.08  27.78   105   10.2
 58751 120.57  27.67   254   11.2
 58814 116.35  26.35   247    0.4
 58821 117.47  26.73   173    0.2
 58822 116.85  26.83   342    1.5
 58823 117.80  26.80   175    2.8
 58845 119.53  26.50    60    0.2
 58848 119.55  26.20    13    0.7
 58850 120.23  26.92    92    0.1
 59022 107.55  24.98   749    0.4
 59449 109.98  22.30    85    0.1
 59469 111.78  22.17    37    0.3
