diamond  3 2015年02月21日14点6小时降雨量                     
  15  02  21  14    -1 3 10 25 50 1 0
 39 122.7  37.3 122.5  36.7 120.8  36.2 119.3  35.0 120.4  34.3
 121.1  32.7 122.3  30.9 122.5  30.1 121.5  28.0 119.8  25.0
 116.1  22.6 111.0  21.0 111.0  18.6 109.6  18.1 108.3  18.5
 108.9  19.9 109.3  21.0 106.4  21.6 104.1  22.2 101.6  20.8
  98.7  22.0  97.1  24.1  97.7  27.0  91.7  26.6  85.7  27.7
  78.9  30.6  73.3  37.1  74.1  40.7  87.6  49.8  98.5  43.9
 110.4  44.3 122.0  54.7 135.7  48.3 131.5  42.2 125.2  39.4
 121.3  38.5 121.2  40.3 118.5  38.6 120.8  38.1
 1     248
 50137 122.37  53.47   296   0.01
 50445 123.73  50.58   423    0.4
 50524 119.43  49.32   576    1.3
 50525 119.75  49.15   620    0.8
 50526 120.70  49.28   668    0.8
 50566 128.47  49.55   116    2.7
 50645 124.48  48.48   195    5.6
 50647 123.48  48.13   236    4.9
 50659 126.25  48.03   291    4.1
 50674 129.43  48.57   404    1.1
 50749 124.83  47.18   154    5.1
 50750 125.30  47.90   226    5.2
 50755 126.07  47.62   249    2.3
 50767 127.10  47.23   202    2.5
 50772 129.23  48.10   288    2.1
 50775 130.20  47.34   182    3.6
 50776 130.83  47.57    83    1.6
 50787 131.84  47.31    62   0.01
 50832 122.08  46.72   332    3.7
 50833 122.90  46.72   187    2.8
 50842 124.42  46.83   145    2.8
 50851 126.08  46.68   207    3.6
 50858 125.81  46.02   159    4.9
 50859 126.28  46.29   169    3.5
 50861 127.48  46.89   182    1.2
 50867 127.35  46.08   134    3.4
 50879 130.55  46.22   187   0.01
 50928 120.33  45.07   628    0.2
 50934 121.58  45.38   311    0.9
 50937 121.48  45.06   282    0.7
 50939 122.82  45.33   150    1.9
 50940 123.17  45.85   141    3.5
 50946 124.83  45.18   139    2.2
 50958 126.93  45.53   168    3.1
 50960 127.38  45.73   184    2.0
 50962 128.03  45.95   112    1.1
 50965 128.27  45.43   167    2.6
 50979 130.23  45.27   274    0.1
 51352  85.25  44.85   337   0.01
 51356  86.05  44.32   442   0.01
 51357  85.62  44.33   522   0.01
 51359  86.20  44.32   471   0.01
 51369  87.65  43.97   600   0.01
 51377  87.92  44.17   547   0.01
 52656 100.82  38.43  2281   0.01
 52784 102.90  37.47  2072    0.1
 52869 101.58  36.50  2667   0.01
 52885 103.25  36.75  2118    0.2
 52896 104.15  36.55  1738   0.01
 53272 112.63  42.75  1104   0.01
 53289 113.83  42.23  1322    0.5
 53368 111.47  41.08  1637   0.01
 53378 112.62  41.28  1737    0.4
 53384 113.18  41.45  1423    1.5
 53392 114.60  41.85  1422    0.7
 53397 113.98  41.10  1376    0.6
 53464 111.17  40.72  1042   0.01
 53466 111.70  40.75  1045    0.1
 53472 112.57  40.87  1451    1.0
 53475 112.47  40.52  1268   0.01
 53481 113.22  40.80  1316   0.01
 53483 113.83  40.87  1268    0.3
 53484 113.15  40.45  1191   0.01
 53486 113.77  40.37  1050    0.1
 53498 115.03  40.57   629   0.01
 53577 112.30  39.00  1437    0.1
 53579 112.90  39.02   859   0.01
 53662 111.58  38.72  1396   0.01
 53760 111.23  37.88  1212    0.1
 53767 111.17  37.33  1213    0.1
 54031 121.82  44.90   198    0.6
 54039 122.02  44.03   181    0.3
 54047 123.28  44.13   145    1.3
 54065 125.65  44.53   169    2.8
 54069 125.80  44.12   173    1.3
 54072 126.52  44.85   196    3.5
 54076 126.93  44.38   268    3.6
 54080 127.15  44.90   194    2.7
 54092 129.40  44.60   292    0.3
 54098 129.47  44.33   267   0.01
 54117 117.53  43.25  1003    0.2
 54154 124.30  43.35   160    0.4
 54155 124.23  43.67   144    1.0
 54156 124.80  43.52   200    1.9
 54164 125.28  43.35   248    0.5
 54169 126.02  43.30   271    1.2
 54172 126.53  43.87   290    1.8
 54187 128.92  43.12   366    1.8
 54204 115.00  42.30  1346    0.7
 54205 116.00  42.23  1315    0.6
 54214 118.42  42.58   960    0.2
 54231 122.35  42.97   248    0.3
 54244 123.33  42.75   118    0.8
 54261 125.47  42.67   345    0.2
 54267 125.73  42.25   362    0.1
 54274 125.99  42.69   306    0.7
 54279 126.58  42.05   544    1.2
 54290 129.40  42.77   241    2.8
 54291 130.28  42.90    36    1.6
 54293 129.83  42.95   142    3.4
 54301 115.67  41.67  1412    1.3
 54304 115.27  40.95  1239    1.1
 54305 115.27  41.88  1468    0.1
 54318 117.73  41.32   561    0.6
 54347 123.17  41.23    24   0.01
 54348 123.37  41.41    45   0.01
 54362 125.73  41.67   380    1.5
 54371 126.43  41.93   520    0.6
 54404 115.83  40.88   867   0.01
 54408 115.22  40.38   529    0.1
 54523 117.02  39.38     4    0.3
 54541 119.23  39.90    24    0.1
 54777 122.07  37.20   118    1.8
 54778 122.48  37.17    61    3.8
 56016  95.62  33.85  4179    1.6
 56034  97.13  33.80  4415    1.7
 56097 104.25  33.27  1440   0.01
 56193 104.52  32.42   893   0.01
 56391 103.82  30.08   415   0.01
 56480 103.53  28.82   564    0.1
 56490 103.90  28.95   424   0.01
 57179 113.00  33.28   160    0.1
 57191 114.47  34.51    64    0.1
 57281 113.30  32.70   142    0.1
 57324 107.08  31.58   364    0.1
 57398 114.62  31.28    74    0.1
 57509 106.92  28.99   599    0.2
 57540 109.15  29.68   776    0.1
 57661 111.48  28.92    48    0.1
 57708 105.60  27.15  1700   0.01
 57714 106.23  27.47   942   0.01
 57734 108.23  27.57   467   0.01
 57735 108.82  27.18   404    0.1
 57736 108.85  27.70   369   0.01
 57769 111.73  27.23   252    0.1
 57786 113.85  27.63   117   0.01
 57828 107.58  26.50   983   0.01
 57829 107.80  26.20   963    0.1
 57867 111.28  26.40   169   0.01
 57875 112.68  26.75   137    0.1
 57876 112.83  26.43   135    0.1
 57882 113.55  26.79   136    0.4
 57891 114.25  26.93   153    2.1
 57936 108.91  25.76   258    0.2
 57942 110.00  25.80   268    0.3
 57948 109.25  25.08   122    0.7
 57949 110.00  24.98   156   10.9
 57954 110.18  25.23   157    2.7
 57955 110.67  25.62   224   0.01
 57956 110.32  25.42   167    0.7
 57958 110.32  25.08   151   14.0
 57960 111.07  25.93   195    1.2
 57962 111.65  25.97   167   0.01
 57964 111.15  25.50   263    0.8
 57966 111.96  25.59   244    1.1
 57971 112.20  25.92   224    0.1
 57976 112.94  25.41   222    0.4
 57978 112.55  25.27   292    2.5
 57981 113.22  25.97   139    0.3
 57988 113.33  25.10   143    3.8
 57989 113.77  25.07   112    4.8
 57990 114.30  25.70   246    0.6
 57991 114.55  25.80   140    0.7
 57994 114.35  25.40   215    8.8
 57995 114.93  25.40   164   15.5
 58112 116.45  30.73   968    0.7
 58222 117.55  32.85    24   0.01
 58230 118.28  32.12    26    0.1
 58235 118.85  32.37    10    0.1
 58245 119.42  32.41     9    0.1
 58246 119.99  32.56     2   0.01
 58247 119.80  32.27     3   0.01
 58249 120.05  32.16     6   0.01
 58250 120.16  32.51     6   0.01
 58317 116.37  30.87   434    0.3
 58331 118.37  31.73    22   0.01
 58335 118.52  31.57    23   0.01
 58339 118.90  31.33    15    0.1
 58340 119.03  31.66    25    0.2
 58344 119.20  31.96    36   0.01
 58346 119.81  31.34    16    0.2
 58349 120.56  31.41     8   0.01
 58361 121.37  31.10     5    0.5
 58365 121.25  31.37     4    0.1
 58367 121.43  31.20     4    0.6
 58369 121.78  31.05     5    0.8
 58370 121.53  31.23     4    0.6
 58409 115.93  30.10    32   0.01
 58415 116.55  30.67    64    0.2
 58416 116.82  30.75    35    0.1
 58417 116.13  30.17    54    0.1
 58418 116.67  30.13    60    0.1
 58421 117.87  30.63    31    0.2
 58423 117.78  30.48   647    0.8
 58428 117.50  30.22   118    0.6
 58432 118.40  30.68    57   0.01
 58433 118.75  30.93    31    0.1
 58435 118.53  30.30   220   0.01
 58438 118.58  30.08   191    0.1
 58441 119.42  30.87    43    0.2
 58442 119.18  31.17    16    0.2
 58443 119.89  31.02    25    0.2
 58446 119.70  30.63    72    0.8
 58449 119.95  30.05    46    1.2
 58451 120.93  30.83     2    0.8
 58452 120.77  30.73     4    1.0
 58453 120.50  30.07     7    0.7
 58454 119.98  30.53   102   0.01
 58455 120.65  30.52     8    0.9
 58456 120.52  30.63     6    0.5
 58458 120.90  30.54     4    0.3
 58459 120.29  30.19    44    1.0
 58460 121.35  30.73     5    0.4
 58461 121.12  31.13     4    1.0
 58462 121.23  31.03     4    1.5
 58463 121.50  30.88     4    0.3
 58468 121.17  30.05     5    1.0
 58484 122.20  30.25    37    2.4
 58505 115.90  29.62    63    0.1
 58507 115.12  29.25   116    0.1
 58510 116.23  29.73    40    0.1
 58523 117.93  29.93   227    0.9
 58524 117.22  29.37    87    0.2
 58530 118.43  29.87   168    0.2
 58534 118.18  29.78   170    0.9
 58542 119.68  29.82    46    0.8
 58544 119.27  29.48    88    0.1
 58546 119.88  29.47   115    0.9
 58548 119.47  29.22    50   0.01
 58550 120.25  29.70    39    0.3
 58558 120.22  29.27    89    0.3
 58559 120.97  29.15   107    1.0
 58560 120.43  29.05   304    0.2
 58561 121.60  29.98     4    0.4
 58563 121.83  29.88     5    2.4
 58565 121.39  29.69    41    1.5
 58566 121.88  29.47     6    1.9
 58567 121.43  29.32    39    0.6
 58568 121.38  29.12    34    1.0
 58570 122.30  29.95    85    2.4
 58601 115.38  28.70    53    0.6
 58602 115.55  28.85    40    0.3
 58605 115.38  28.42    46    1.0
 58609 115.82  28.22    27    0.1
 58612 116.68  28.70    21   0.01
 58614 116.27  28.38    34   0.01
 58615 117.08  28.68    56   0.01
 58618 116.60  28.27    82    0.8
