diamond  3 2015年02月05日02点6小时降雨量                     
  15  02  05  02    -1 3 10 25 50 1 0
 39 122.7  37.3 122.5  36.7 120.8  36.2 119.3  35.0 120.4  34.3
 121.1  32.7 122.3  30.9 122.5  30.1 121.5  28.0 119.8  25.0
 116.1  22.6 111.0  21.0 111.0  18.6 109.6  18.1 108.3  18.5
 108.9  19.9 109.3  21.0 106.4  21.6 104.1  22.2 101.6  20.8
  98.7  22.0  97.1  24.1  97.7  27.0  91.7  26.6  85.7  27.7
  78.9  30.6  73.3  37.1  74.1  40.7  87.6  49.8  98.5  43.9
 110.4  44.3 122.0  54.7 135.7  48.3 131.5  42.2 125.2  39.4
 121.3  38.5 121.2  40.3 118.5  38.6 120.8  38.1
 1      89
 51627  79.23  41.22  1395    0.4
 53707 105.25  36.93  1697   11.3
 54031 121.82  44.90   198    0.1
 54304 115.27  40.95  1239    0.1
 56278 102.77  30.07   755    2.1
 56279 102.93  30.15   682    0.8
 56280 103.12  30.08   691    0.1
 56373 102.85  29.78   763    0.4
 56387 103.27  29.23   642    0.5
 56480 103.53  28.82   564    0.2
 56490 103.90  28.95   424    0.6
 56499 104.78  28.38   368    0.3
 56582 103.90  27.75  1176    0.6
 56596 105.05  27.85  1177    0.2
 56598 104.73  27.13  1535    1.1
 56697 104.08  26.22  1984    0.8
 56790 104.25  25.68  1925    0.3
 56889 104.17  24.05  1518    0.3
 56891 104.32  24.98  1482    0.5
 56992 104.70  23.45  1507    0.5
 56996 104.70  23.13  1093    0.6
 57314 106.07  31.35   405    0.1
 57519 107.11  29.16   698    0.2
 57708 105.60  27.15  1700    1.6
 57714 106.23  27.47   942    2.0
 57717 106.83  27.53   974    0.4
 57720 107.17  27.88   889    0.6
 57723 107.72  27.98   710    0.2
 57734 108.23  27.57   467    0.1
 57800 105.37  26.77  1457    0.6
 57807 105.47  26.21  1361    0.3
 57808 105.75  26.32  1274    2.0
 57811 106.60  26.83  1296    0.7
 57813 106.47  26.57  1261    0.5
 57814 106.27  26.42  1298    0.8
 57829 107.80  26.20   963    0.1
 57834 108.30  26.68   641    0.1
 57900 105.22  25.83  1552    2.4
 57903 105.60  25.94  1142    0.2
 57905 105.61  25.40  1184    1.5
 57908 105.48  25.12  1394    0.4
 57911 106.65  26.67  1323    0.1
 57915 106.77  26.63  1104    0.1
 57948 109.25  25.08   122    0.5
 57949 110.00  24.98   156    0.4
 57954 110.18  25.23   157    0.2
 57956 110.32  25.42   167    0.1
 57958 110.32  25.08   151    0.1
 57975 112.20  25.38   277    0.1
 57989 113.77  25.07   112    0.1
 58623 117.92  28.47    90    0.1
 58635 118.20  28.43    95    0.1
 58746 119.70  27.55   538    0.1
 58814 116.35  26.35   247    0.1
 58844 119.15  26.15    57    2.2
 58845 119.53  26.50    60    0.8
 58848 119.55  26.20    13    1.0
 58907 115.40  25.15   305    0.2
 58928 117.53  25.02   166    0.2
 58929 118.15  25.07    68    0.8
 58940 119.33  26.08    25    0.5
 58941 119.50  25.97    25    0.1
 58942 119.38  25.72    39    0.1
 59033 108.90  24.78   328    0.2
 59034 108.67  24.48   150    0.1
 59041 109.25  24.65   108    0.9
 59044 109.38  24.46    97    0.5
 59045 109.75  24.48    94    0.1
 59047 109.33  24.25   100    0.3
 59051 110.50  24.77   136    0.1
 59052 110.82  24.83   169    0.1
 59053 110.64  24.65   157    0.2
 59055 110.40  24.50   165    0.7
 59057 110.18  24.13   830    1.4
 59059 110.80  24.18   105    0.5
 59075 112.63  24.48    70    0.2
 59094 114.12  24.35   184    0.3
 59114 116.17  24.65   135    0.1
 59122 117.75  24.62    43    0.7
 59127 117.83  24.43    32    1.5
 59131 118.37  24.97    45    0.5
 59205 105.63  23.65   685    0.1
 59230 108.17  23.72   168    0.1
 59241 109.68  23.97    90    0.4
 59322 117.37  23.98    22    1.3
 59419 106.74  22.06   348    0.2
 59425 107.35  22.40   107    0.1
 59427 107.07  22.12   163    0.3
 59429 108.01  22.18   216    0.1
