diamond  3 2015年02月17日08点6小时降雨量                     
  15  02  17  08    -1 3 10 25 50 1 0
 39 122.7  37.3 122.5  36.7 120.8  36.2 119.3  35.0 120.4  34.3
 121.1  32.7 122.3  30.9 122.5  30.1 121.5  28.0 119.8  25.0
 116.1  22.6 111.0  21.0 111.0  18.6 109.6  18.1 108.3  18.5
 108.9  19.9 109.3  21.0 106.4  21.6 104.1  22.2 101.6  20.8
  98.7  22.0  97.1  24.1  97.7  27.0  91.7  26.6  85.7  27.7
  78.9  30.6  73.3  37.1  74.1  40.7  87.6  49.8  98.5  43.9
 110.4  44.3 122.0  54.7 135.7  48.3 131.5  42.2 125.2  39.4
 121.3  38.5 121.2  40.3 118.5  38.6 120.8  38.1
 1     140
 51328  80.42  44.20   770    2.6
 51329  80.85  44.05   640    1.9
 51430  81.15  43.83   602    1.1
 51435  82.23  43.47   774    0.5
 54156 124.80  43.52   200    1.2
 54245 123.40  42.50    97    0.6
 54248 123.53  42.03    61    0.9
 54249 123.87  42.30    85    0.9
 54252 124.75  42.73   196    2.1
 54279 126.58  42.05   544    4.3
 54340 123.32  41.67    35    0.7
 54347 123.17  41.23    24    0.1
 54348 123.37  41.41    45    0.5
 54362 125.73  41.67   380    2.0
 56879 102.91  24.19  1702    0.1
 56891 104.32  24.98  1482    0.1
 56970 102.48  23.70  1419    0.1
 56973 102.83  23.62  1309    2.3
 56976 102.85  23.22   312    0.1
 56982 103.29  23.70  1117    0.4
 56989 103.95  22.50   137    0.2
 56992 104.70  23.45  1507    1.6
 56994 104.28  23.33  1293    1.7
 56995 104.42  23.03  1332    3.6
 56996 104.70  23.13  1093    1.3
 57326 107.72  31.37   389    0.1
 57537 108.17  29.30   322   0.01
 57658 110.20  28.02   152    0.1
 57678 112.55  28.25    74    0.2
 57680 113.11  28.86    82    1.0
 57688 113.63  28.16   101    0.1
 57694 114.38  28.53   259    2.7
 57767 111.01  27.13   308    0.6
 57768 111.45  27.32   242    0.2
 57771 112.53  27.93    88    0.7
 57772 112.50  27.75    86    0.1
 57777 112.87  27.23    63    0.3
 57778 112.95  27.09    70    0.1
 57783 113.82  27.88   118    1.1
 57786 113.85  27.63   117    1.9
 57792 114.68  27.82    93    1.1
 57794 114.02  27.63   177    1.5
 57796 114.88  27.83   189    1.3
 57798 114.60  27.40    85    1.2
 57851 110.83  26.46   346    0.2
 57859 110.63  26.03   408    0.3
 57860 111.28  27.00   283    0.1
 57867 111.28  26.40   169    0.5
 57868 111.86  26.59   113    0.1
 57871 112.37  26.98    90    0.1
 57876 112.83  26.43   135    0.1
 57941 109.60  25.78   197    0.2
 57942 110.00  25.80   268    0.3
 57948 109.25  25.08   122    1.6
 57949 110.00  24.98   156    1.1
 57954 110.18  25.23   157    1.4
 57956 110.32  25.42   167    1.1
 57958 110.32  25.08   151    2.8
 57960 111.07  25.93   195    0.3
 57962 111.65  25.97   167    0.7
 57964 111.15  25.50   263    2.1
 57969 111.31  25.28   269    4.3
 57971 112.20  25.92   224    1.1
 57975 112.20  25.38   277    0.6
 57995 114.93  25.40   164    0.1
 58044 119.23  34.55     4    0.1
 58045 119.60  34.20     4    0.1
 58113 116.75  33.93    31    0.1
 58212 116.77  32.72    23    0.1
 58223 117.98  32.80    31    0.1
 58509 115.82  29.05    36    0.8
 58524 117.22  29.37    87    0.1
 58529 117.85  29.27   171    0.1
 58537 118.40  29.13   153    1.4
 58547 119.18  29.03    66    1.4
 58548 119.47  29.22    50    0.8
 58558 120.22  29.27    89    0.1
 58601 115.38  28.70    53    1.2
 58602 115.55  28.85    40    0.5
 58605 115.38  28.42    46    1.0
 58607 115.95  28.55    31    2.3
 58612 116.68  28.70    21    1.0
 58614 116.27  28.38    34    0.8
 58615 117.08  28.68    56    0.8
 58616 116.82  28.20    40    0.1
 58618 116.60  28.27    82    0.3
 58620 117.10  29.02    51    0.8
 58623 117.92  28.47    90    0.4
 58624 117.43  28.40    70    0.2
 58625 117.60  28.42    79    0.3
 58627 117.06  28.31    56    0.2
 58629 117.71  28.29   100    0.1
 58631 118.50  28.90   137    0.5
 58656 120.97  28.07    60    2.2
 58657 120.28  28.15    57    0.3
 58658 120.68  28.15    34    0.5
 58693 115.83  28.70    40    1.4
 58701 115.40  27.77    46    0.4
 58704 115.35  27.58   104    0.1
 58724 117.32  27.53   268    0.1
 58735 118.75  27.52   260    0.2
 58745 119.08  27.62   400    2.9
 58746 119.70  27.55   538    0.8
 58747 119.35  27.15   899    0.1
 58750 120.08  27.78   105    0.1
 58751 120.57  27.67   254    0.6
 58819 116.82  26.18   336    0.1
 58823 117.80  26.80   175    0.2
 58907 115.40  25.15   305    0.2
 59004 105.10  24.50   725    0.1
 59015 106.57  24.35   437    0.1
 59017 106.27  24.27   278    0.1
 59022 107.55  24.98   749    0.5
 59025 107.38  24.53   248    0.1
 59027 107.25  24.13   254    0.7
 59031 108.26  24.81   342    0.1
 59033 108.90  24.78   328    0.8
 59034 108.67  24.48   150    8.1
 59038 108.65  24.07   138    4.2
 59041 109.25  24.65   108    8.5
 59044 109.38  24.46    97    7.5
 59045 109.75  24.48    94    4.5
 59047 109.33  24.25   100    6.5
 59051 110.50  24.77   136    6.8
 59052 110.82  24.83   169    7.0
 59053 110.64  24.65   157    6.0
 59055 110.40  24.50   165    2.5
 59059 110.80  24.18   105    5.0
 59061 111.27  24.82   193   10.1
 59063 111.45  25.18   265    2.0
 59064 111.32  24.55   136   14.5
 59071 112.28  24.73   174    5.6
 59074 112.15  24.57   300    7.7
 59075 112.63  24.48    70    0.1
 59205 105.63  23.65   685    0.9
 59213 106.92  23.73   110    2.4
 59215 106.63  23.33   680    1.3
 59276 112.65  23.35    40    0.1
 59320 117.13  23.75    37    0.1
 59322 117.37  23.98    22    0.1
