diamond  3 2015年02月16日08点6小时降雨量                     
  15  02  16  08    -1 3 10 25 50 1 0
 39 122.7  37.3 122.5  36.7 120.8  36.2 119.3  35.0 120.4  34.3
 121.1  32.7 122.3  30.9 122.5  30.1 121.5  28.0 119.8  25.0
 116.1  22.6 111.0  21.0 111.0  18.6 109.6  18.1 108.3  18.5
 108.9  19.9 109.3  21.0 106.4  21.6 104.1  22.2 101.6  20.8
  98.7  22.0  97.1  24.1  97.7  27.0  91.7  26.6  85.7  27.7
  78.9  30.6  73.3  37.1  74.1  40.7  87.6  49.8  98.5  43.9
 110.4  44.3 122.0  54.7 135.7  48.3 131.5  42.2 125.2  39.4
 121.3  38.5 121.2  40.3 118.5  38.6 120.8  38.1
 1     155
 53392 114.60  41.85  1422    0.4
 54122 120.03  43.86   428    0.7
 54132 121.07  42.40   400    0.6
 54223 120.65  42.85   362    0.6
 54225 119.94  42.29   579    3.1
 54234 121.75  42.73   297    0.1
 54248 123.53  42.03    61    0.2
 54319 118.67  41.00   502    0.2
 54320 119.30  41.60   544    0.6
 54328 119.72  41.08   296    1.3
 54340 123.32  41.67    35    2.1
 54347 123.17  41.23    24    2.9
 54541 119.23  39.90    24    0.3
 54749 119.95  37.18    48    1.5
 54752 120.77  37.80    60    1.8
 54755 120.39  37.33   117    1.1
 54759 120.85  37.32   205    1.3
 54765 121.43  37.48    82    0.6
 54766 121.59  37.43    39    0.8
 54777 122.07  37.20   118    0.3
 54778 122.48  37.17    61    0.7
 54831 118.50  36.65   102    0.3
 54832 118.80  36.86    23    0.5
 54835 118.55  36.50   106    0.9
 54837 118.84  36.68    78    1.8
 54841 119.42  36.86    23    1.7
 54844 119.18  36.42    62    1.4
 54846 119.74  36.39    51    1.1
 54848 119.42  35.98    82    1.0
 54851 120.56  36.90    76    1.0
 54852 120.73  36.97    54    0.7
 54855 120.38  36.40    47    0.1
 54861 121.53  36.93    45    0.2
 54871 122.48  36.93     9    0.6
 54923 117.93  35.72   202    0.2
 54940 119.20  35.75   148    0.4
 56181 103.70  30.68   541    0.1
 56273 102.82  30.39  1022    0.3
 56278 102.77  30.07   755    0.4
 56279 102.93  30.15   682    1.2
 56280 103.12  30.08   691    1.0
 56281 103.50  30.18   510    0.1
 56297 104.15  30.02   436    0.1
 56373 102.85  29.78   763    0.2
 56376 102.63  29.33  1098    0.1
 56378 102.35  29.23   890    0.7
 56380 103.35  29.88   571    0.5
 56381 103.50  30.07   630    0.2
 56382 103.55  29.75   475    0.4
 56383 103.87  29.83   455    0.2
 56384 103.48  29.60   446    0.5
 56387 103.27  29.23   642    0.3
 56390 104.07  29.67   404    0.1
 56391 103.82  30.08   415    0.1
 56585 103.56  27.19  1952    0.4
 56871 102.60  24.65  1893    0.5
 56944  99.27  23.15  1278    0.4
 56950  99.80  23.47  1044    0.3
 57281 113.30  32.70   142    0.1
 57326 107.72  31.37   389    7.5
 57329 107.85  31.10   467    8.9
 57338 108.42  31.18   216    5.6
 57339 108.68  30.95   297    1.1
 57349 109.86  31.08   606    1.8
 57398 114.62  31.28    74    0.1
 57402 105.70  30.77   394    0.5
 57409 105.80  30.18   297    0.2
 57413 106.97  30.85   295    1.2
 57414 106.45  30.52   403    0.1
 57415 106.63  30.53   394    0.2
 57416 106.93  30.33   391    0.5
 57417 106.28  30.35   315    0.5
 57420 107.19  30.75   418    1.0
 57425 107.33  30.33   433    0.2
 57431 108.35  30.83   257    0.8
 57437 108.03  30.30   325    0.9
 57438 108.12  29.98   632    0.1
 57491 114.40  30.87    31    0.1
 57496 114.87  30.37    31    0.1
 57499 114.88  30.07    40    0.1
 57541 109.48  30.00   532    3.2
 57543 110.03  29.90   539    1.5
 57544 109.45  29.47   488    0.1
 57577 112.17  29.40    36    0.1
 57609 105.70  28.58   317    0.4
 57623 107.60  28.88   685    0.2
 57634 107.88  28.52   660    1.3
 57635 108.98  28.45   363    2.0
 57636 108.50  28.57   334    2.1
 57637 108.10  28.25   629    0.1
 57643 109.83  29.00   268    0.2
 57694 114.38  28.53   259    0.1
 57717 106.83  27.53   974    0.1
 57719 106.97  27.07  1275    0.2
 57723 107.72  27.98   710    0.4
 57732 108.40  28.02   456    0.6
 57760 111.43  27.70   249    0.2
 57762 111.70  27.69   165    0.3
 57767 111.01  27.13   308    5.1
 57768 111.45  27.32   242    5.5
 57769 111.73  27.23   252    5.8
 57777 112.87  27.23    63    0.1
 57786 113.85  27.63   117    0.1
 57794 114.02  27.63   177    0.1
 57811 106.60  26.83  1296    2.0
 57814 106.27  26.42  1298    0.3
 57829 107.80  26.20   963    8.7
 57837 108.07  26.40   839    0.1
 57870 112.10  26.80   151    1.6
 57871 112.37  26.98    90    1.3
 57905 105.61  25.40  1184    8.2
 57914 106.67  26.42  1149    2.7
 57915 106.77  26.63  1104    2.6
 57921 107.34  25.85   821    3.6
 57923 107.87  25.98   419    2.6
 57927 107.18  24.97   287    1.0
 57949 110.00  24.98   156    0.2
 57954 110.18  25.23   157    0.1
 57985 113.68  25.57   609    0.1
 57992 114.75  25.67   127    0.1
 57994 114.35  25.40   215    0.2
 57995 114.93  25.40   164    0.1
 58044 119.23  34.55     4    0.1
 58045 119.60  34.20     4    0.1
 58306 115.88  31.68    95    0.2
 58317 116.37  30.87   434    0.3
 58417 116.13  30.17    54    0.1
 58420 117.23  30.72    58    0.1
 58427 117.50  30.65    15    0.2
 58441 119.42  30.87    43    0.1
 58455 120.65  30.52     8    0.1
 58484 122.20  30.25    37    0.6
 58619 116.37  28.00    49    0.1
 58656 120.97  28.07    60    0.1
 58714 116.23  27.55   120    0.1
 58746 119.70  27.55   538    0.1
 58749 119.88  27.23   684    0.1
 58845 119.53  26.50    60    0.2
 58848 119.55  26.20    13    0.1
 58850 120.23  26.92    92    0.2
 58907 115.40  25.15   305    0.2
 58912 116.73  25.72   404    0.2
 58917 116.10  25.08   307    0.1
 58923 117.83  25.70   400    0.2
 58935 118.23  25.48   521    0.1
 59025 107.38  24.53   248    0.1
 59051 110.50  24.77   136    0.1
 59053 110.64  24.65   157    0.1
 59059 110.80  24.18   105    0.1
 59074 112.15  24.57   300    0.3
 59090 114.07  24.95   103    0.1
 59091 114.52  24.75   277    0.4
 59093 115.03  24.78   253    0.2
 59094 114.12  24.35   184    0.6
 59099 114.93  24.45   173    0.2
