diamond  3 2015年02月10日20点6小时降雨量                     
  15  02  10  20    -1 3 10 25 50 1 0
 39 122.7  37.3 122.5  36.7 120.8  36.2 119.3  35.0 120.4  34.3
 121.1  32.7 122.3  30.9 122.5  30.1 121.5  28.0 119.8  25.0
 116.1  22.6 111.0  21.0 111.0  18.6 109.6  18.1 108.3  18.5
 108.9  19.9 109.3  21.0 106.4  21.6 104.1  22.2 101.6  20.8
  98.7  22.0  97.1  24.1  97.7  27.0  91.7  26.6  85.7  27.7
  78.9  30.6  73.3  37.1  74.1  40.7  87.6  49.8  98.5  43.9
 110.4  44.3 122.0  54.7 135.7  48.3 131.5  42.2 125.2  39.4
 121.3  38.5 121.2  40.3 118.5  38.6 120.8  38.1
 1      57
 50779 134.28  48.37    40   0.01
 54080 127.15  44.90   194    0.4
 56016  95.62  33.85  4179   0.01
 56592 104.52  28.43   359   0.01
 56891 104.32  24.98  1482   0.01
 56992 104.70  23.45  1507   0.01
 57663 111.95  28.92    31   0.01
 57666 112.13  28.52    52   0.01
 57674 112.38  28.57    46   0.01
 57772 112.50  27.75    86   0.01
 57786 113.85  27.63   117   0.01
 57807 105.47  26.21  1361   0.01
 57814 106.27  26.42  1298   0.01
 57824 107.23  26.58  1001   0.01
 57846 110.15  26.58   310   0.01
 57860 111.28  27.00   283   0.01
 57868 111.86  26.59   113   0.01
 57881 113.25  26.72   101   0.01
 57882 113.55  26.79   136   0.01
 57883 114.28  26.75   253   0.01
 57900 105.22  25.83  1552    0.1
 57905 105.61  25.40  1184    0.1
 57908 105.48  25.12  1394    0.1
 57909 105.82  24.98   584    0.6
 57913 106.98  26.45  1093   0.01
 57927 107.18  24.97   287   0.01
 57973 112.72  25.75   329   0.01
 57992 114.75  25.67   127   0.01
 58906 115.80  25.60   167   0.01
 59001 105.33  24.78   672    0.1
 59004 105.10  24.50   725    0.7
 59012 106.55  24.78   972    0.4
 59015 106.57  24.35   437    1.0
 59017 106.27  24.27   278    0.3
 59022 107.55  24.98   749   0.01
 59025 107.38  24.53   248    0.2
 59027 107.25  24.13   254    1.1
 59031 108.26  24.81   342    0.1
 59033 108.90  24.78   328    1.4
 59034 108.67  24.48   150   0.01
 59041 109.25  24.65   108   0.01
 59044 109.38  24.46    97   0.01
 59045 109.75  24.48    94   0.01
 59053 110.64  24.65   157   0.01
 59061 111.27  24.82   193   0.01
 59064 111.32  24.55   136   0.01
 59090 114.07  24.95   103   0.01
 59091 114.52  24.75   277   0.01
 59213 106.92  23.73   110    0.2
 59215 106.63  23.33   680    0.8
 59224 107.12  23.60   111    0.6
 59227 107.14  23.11   454    1.6
 59229 107.70  23.17   125    0.7
 59230 108.17  23.72   168   0.01
 59419 106.74  22.06   348    0.6
 59421 107.20  22.83   255    1.3
 59425 107.35  22.40   107   0.01
