diamond  3 2015年02月20日02点6小时降雨量                     
  15  02  20  02    -1 3 10 25 50 1 0
 39 122.7  37.3 122.5  36.7 120.8  36.2 119.3  35.0 120.4  34.3
 121.1  32.7 122.3  30.9 122.5  30.1 121.5  28.0 119.8  25.0
 116.1  22.6 111.0  21.0 111.0  18.6 109.6  18.1 108.3  18.5
 108.9  19.9 109.3  21.0 106.4  21.6 104.1  22.2 101.6  20.8
  98.7  22.0  97.1  24.1  97.7  27.0  91.7  26.6  85.7  27.7
  78.9  30.6  73.3  37.1  74.1  40.7  87.6  49.8  98.5  43.9
 110.4  44.3 122.0  54.7 135.7  48.3 131.5  42.2 125.2  39.4
 121.3  38.5 121.2  40.3 118.5  38.6 120.8  38.1
 1     391
 51568  86.80  42.25  1085    0.3
 53577 112.30  39.00  1437    1.1
 53579 112.90  39.02   859    2.9
 53599 114.68  39.37   884    1.8
 53676 112.98  38.50   759    3.7
 53678 112.65  38.07   897    4.8
 53688 114.55  38.42   100    0.4
 53690 114.18  38.85   281    3.9
 53691 114.57  38.15    71    0.5
 53693 114.13  38.03   255    1.2
 53694 114.22  38.27   131    2.9
 53695 114.68  38.35    70    0.1
 53771 112.05  37.42   750    3.4
 53774 112.37  37.58   759    3.1
 53780 113.15  37.91  1066    4.8
 53860 111.17  36.98  1406    3.2
 53862 111.80  36.85   811    4.1
 53873 112.87  36.10   951    0.1
 53892 114.47  36.62    66    0.1
 54502 116.03  39.48    29    0.1
 54506 115.95  39.32    24    0.4
 54507 115.52  39.33    49    1.0
 54594 116.35  39.72    37    0.1
 54596 116.19  39.77    48    0.1
 54597 115.74  39.73   407    0.1
 54709 116.07  37.23    24    0.2
 54712 116.82  37.20    18    0.1
 54718 116.47  37.15    22    0.3
 54802 115.73  36.82    34    0.1
 54803 116.02  36.98    27    0.5
 54805 115.47  36.45    39    0.1
 54810 116.27  36.87    27    0.2
 54811 116.62  36.93    20    0.6
 54819 116.80  36.18   113    0.1
 54821 117.20  37.00    20    0.1
 54824 117.95  36.63    95    0.1
 54827 117.15  36.17   128    0.3
 54828 117.68  36.23   229    0.2
 54829 117.87  36.77    85    0.1
 54833 118.08  36.97    15    0.1
 54834 118.28  36.87    46    0.2
 54835 118.55  36.50   106    0.4
 54837 118.84  36.68    78    0.1
 54906 115.42  35.25    49    0.1
 54907 116.65  34.98    34    0.5
 54912 116.50  35.77    41    0.1
 54913 116.82  35.75    62    0.1
 54914 116.08  35.42    40    0.2
 54915 116.60  35.43    33    0.3
 54917 116.33  35.13    35    0.3
 54918 116.97  35.60    62    0.1
 54919 116.98  35.38    88    0.1
 54920 117.28  35.65   110    0.1
 54921 116.33  35.42    38    1.0
 54922 117.78  35.88   224    0.4
 54923 117.93  35.72   202    0.1
 54925 117.63  35.52   167    0.3
 54927 117.20  35.10    74    0.3
 56034  97.13  33.80  4415    0.2
 56097 104.25  33.27  1440    0.1
 56278 102.77  30.07   755    0.1
 56280 103.12  30.08   691    0.7
 56317  94.22  29.22  2950    0.6
 56373 102.85  29.78   763    0.1
 56382 103.55  29.75   475    0.4
 56384 103.48  29.60   446    0.6
 56389 103.95  29.20   387    0.1
 56490 103.90  28.95   424    1.7
 56641  98.87  26.90  1189    4.3
 56846  99.93  24.58  1569    0.2
 56849  99.23  24.03  1606    0.3
 56854 100.13  24.45  1108    0.3
 57056 110.86  34.54   484    2.9
 57065 112.13  34.55   317    1.0
 57066 111.67  34.40   408    1.2
 57070 112.12  34.73   364    0.2
 57076 112.78  34.73   189    0.1
 57086 113.72  34.38   116    0.3
 57087 113.73  34.27   104    0.6
 57093 114.82  34.85    73    0.4
 57094 114.22  34.40    67    0.3
 57095 114.15  34.12    61    1.9
 57098 114.40  34.08    58    2.6
 57099 114.85  34.07    52    4.2
 57140 109.12  33.67   818    0.4
 57169 111.87  33.05   159    0.1
 57175 112.23  33.05   191    0.3
 57177 113.53  33.33    89    0.6
 57182 113.52  33.85    80    0.1
 57183 113.92  33.80    60    1.5
 57184 113.30  33.63    97    0.1
 57185 113.58  33.45    91    0.5
 57186 114.05  33.60    58    1.3
 57188 114.03  33.37    55    2.4
 57189 113.95  33.13    64    2.4
 57190 114.40  33.75    50    3.1
 57191 114.47  34.51    64    0.8
 57192 114.85  33.73    45    3.7
 57194 114.27  33.28    59    1.7
 57195 114.62  33.62    46    3.8
 57196 114.87  33.47    42    2.8
 57197 114.35  32.97    50    1.7
 57198 114.57  33.50    44    2.5
 57268 111.62  32.27   120    1.3
 57271 112.38  32.52    87    0.3
 57273 112.85  32.68   109    0.3
 57274 112.12  32.70   107    0.1
 57281 113.30  32.70   142    0.3
 57292 114.63  32.97    44    2.3
 57293 114.98  32.73    38    5.2
 57294 114.02  32.83    83    1.4
 57295 114.35  32.62    78    5.6
 57296 114.73  32.35    48    4.6
 57298 114.55  32.22    55    1.6
 57299 114.90  32.02    49    3.6
 57345 109.62  31.40   337    0.1
 57368 111.63  31.05   141    5.0
 57370 112.22  31.73    67    0.3
 57377 112.22  31.00   191    0.8
 57385 113.82  31.62    93    0.8
 57386 114.00  31.25    51    0.7
 57387 113.13  31.00    84    2.8
 57388 113.71  31.27    53    2.5
 57389 113.75  31.03    32    4.9
 57396 114.85  31.63   128    1.9
 57398 114.62  31.28    74    1.2
 57453 111.32  30.77   115    5.0
 57460 111.78  30.82    91    3.2
 57462 111.08  30.87   139    2.8
 57464 111.18  30.47   142    2.5
 57465 111.45  30.38    74    8.8
 57466 111.75  30.43    50    6.4
 57469 111.77  30.18    69    2.2
 57475 112.90  30.40    31    9.5
 57477 112.22  30.07    38    7.1
 57481 113.57  30.95    30    4.0
 57485 113.47  30.28    23   13.3
 57486 113.85  30.65    25    3.2
 57489 114.01  30.52    23    5.4
 57491 114.40  30.87    31    3.6
 57492 114.84  30.84    40    1.9
 57495 114.88  30.67    28    3.9
 57496 114.87  30.37    31    5.0
 57498 114.94  30.52    26    1.9
 57499 114.88  30.07    40    2.0
 57537 108.17  29.30   322    0.1
 57540 109.15  29.68   776    0.1
 57541 109.48  30.00   532    2.4
 57543 110.03  29.90   539    4.8
 57544 109.45  29.47   488    2.2
 57558 110.47  29.13   183   26.3
 57564 111.13  29.43   103   19.4
 57565 111.73  29.67    38   21.3
 57566 111.65  29.45    51   32.2
 57571 112.40  29.70    35   31.0
 57575 112.55  29.52    31   22.4
 57577 112.17  29.40    36   16.4
 57582 113.88  29.72    46    9.4
 57585 113.45  29.48    60   19.2
 57586 114.03  29.53    78    5.7
 57589 113.87  29.27   146    4.0
 57590 114.37  29.85    98    3.7
 57596 114.20  29.63   751    6.6
 57635 108.98  28.45   363    0.3
 57637 108.10  28.25   629    0.1
 57640 109.45  28.58   341    0.9
 57643 109.83  29.00   268   36.5
 57646 109.95  28.62   302    1.5
 57661 111.48  28.92    48    3.3
 57663 111.95  28.92    31    5.4
 57666 112.13  28.52    52    0.9
 57674 112.38  28.57    46    0.7
 57678 112.55  28.25    74    0.1
 57680 113.11  28.86    82    0.7
 57688 113.63  28.16   101    0.5
 57694 114.38  28.53   259    9.9
 57699 114.92  28.23    66    1.6
 57720 107.17  27.88   889    0.1
 57723 107.72  27.98   710    0.1
 57736 108.85  27.70   369    0.7
 57740 109.60  27.95   349    0.2
 57742 109.20  27.52   884    0.2
 57760 111.43  27.70   249    0.4
 57762 111.70  27.69   165    0.2
 57763 112.00  27.68   205    0.6
 57767 111.01  27.13   308    0.5
 57769 111.73  27.23   252    0.2
 57771 112.53  27.93    88    1.4
 57772 112.50  27.75    86    0.5
 57773 112.83  27.88    63    1.0
 57777 112.87  27.23    63    1.9
 57778 112.95  27.09    70    0.1
 57783 113.82  27.88   118    0.3
 57786 113.85  27.63   117    3.9
 57792 114.68  27.82    93    0.1
 57794 114.02  27.63   177    0.1
 57851 110.83  26.46   346    0.1
 57859 110.63  26.03   408    0.8
 57865 111.62  26.50   192    1.1
 57867 111.28  26.40   169    1.9
 57868 111.86  26.59   113    0.2
 57870 112.10  26.80   151    0.1
 57871 112.37  26.98    90    1.4
 57875 112.68  26.75   137   10.6
 57876 112.83  26.43   135    3.0
 57881 113.25  26.72   101    6.6
 57882 113.55  26.79   136    6.4
 57886 113.80  26.48   268    4.3
 57887 113.12  26.12   167    2.6
 57891 114.25  26.93   153    0.4
 57942 110.00  25.80   268    0.2
 57948 109.25  25.08   122    0.2
 57954 110.18  25.23   157    0.2
 57955 110.67  25.62   224    1.0
 57956 110.32  25.42   167    1.0
 57960 111.07  25.93   195    2.8
 57962 111.65  25.97   167    0.2
 57964 111.15  25.50   263    0.3
 57966 111.96  25.59   244    3.8
 57969 111.31  25.28   269    6.3
 57971 112.20  25.92   224    4.7
 57973 112.72  25.75   329    0.9
 57975 112.20  25.38   277    0.2
 57976 112.94  25.41   222    2.7
 57978 112.55  25.27   292    1.2
 57981 113.22  25.97   139    1.3
 57985 113.68  25.57   609    0.9
 57988 113.33  25.10   143    1.4
 57989 113.77  25.07   112    3.1
 57990 114.30  25.70   246    0.5
 57991 114.55  25.80   140    0.1
 57994 114.35  25.40   215    1.4
 57995 114.93  25.40   164    0.4
 58001 115.10  34.43    56    3.2
 58002 115.58  34.85    49    1.1
 58003 115.88  34.95    45    1.0
 58004 115.15  34.65    60    1.6
 58006 115.88  34.38    46    2.3
 58007 115.30  34.07    47    4.3
 58008 115.33  34.47    54    3.3
 58011 116.07  34.80    46    0.5
 58012 116.66  34.67    42    1.0
 58013 116.91  34.75    36    0.1
 58016 116.97  34.18    34    1.0
 58017 116.13  34.25    41    1.0
 58021 117.28  34.78    80    0.2
 58025 117.73  34.57    27    0.1
 58100 115.17  33.65    41    3.9
 58101 115.48  33.87    41    2.9
 58107 115.28  33.02    35    4.5
 58108 115.33  33.23    34    3.3
 58109 115.65  33.13    31    8.3
 58112 116.45  30.73   968   12.1
 58113 116.75  33.93    31    1.1
 58114 116.18  33.48    31    5.8
 58116 116.83  33.98    31    0.5
 58117 116.20  33.13    27    6.8
 58125 117.52  33.58    22    2.1
 58126 117.87  33.47    19    2.1
 58127 117.20  32.98    21    4.2
 58128 117.35  33.33    21    3.5
 58129 117.83  33.15    14    2.0
 58139 118.91  33.31    10    0.1
 58202 115.57  32.67    31    5.9
 58205 115.43  32.47    34    2.1
 58207 115.05  32.17    42    2.3
 58210 116.23  32.65    25    4.5
 58212 116.77  32.72    23    4.7
 58214 116.30  32.37    27    5.7
 58220 117.15  32.47    28    2.6
 58222 117.55  32.85    24    2.2
 58223 117.98  32.80    31    1.7
 58224 117.02  32.65    32    6.9
 58230 118.28  32.12    26    3.4
 58234 118.42  32.47    40    2.7
 58235 118.85  32.37    10    1.1
 58237 118.59  32.07    46    0.8
 58240 119.02  32.68    21    0.2
 58242 119.16  32.30    22    0.1
 58301 115.38  31.82    92    1.6
 58306 115.88  31.68    95    1.2
 58316 116.92  31.47    23    3.9
 58317 116.37  30.87   434    7.4
 58320 117.13  31.73    21    2.6
 58323 117.47  31.88    25    3.8
 58327 117.28  31.27    45    2.5
 58329 117.87  31.33     9    3.5
 58330 118.08  31.75    26    3.0
 58331 118.37  31.73    22    0.6
 58334 118.37  31.38     9    0.3
 58335 118.52  31.57    23    0.2
 58337 118.18  31.08    26    0.8
 58344 119.20  31.96    36    0.1
 58401 115.40  30.75   123    2.7
 58404 115.22  30.47    61    5.6
 58408 115.43  30.23    35    2.7
 58409 115.93  30.10    32    8.2
 58415 116.55  30.67    64    6.5
 58416 116.82  30.75    35    6.6
 58417 116.13  30.17    54    7.2
 58418 116.67  30.13    60    4.1
 58420 117.23  30.72    58    4.3
 58421 117.87  30.63    31    0.8
 58423 117.78  30.48   647    0.3
 58426 118.13  30.30   193    0.5
 58427 117.50  30.65    15    2.1
 58428 117.50  30.22   118    0.8
 58432 118.40  30.68    57    0.1
 58435 118.53  30.30   220    1.8
 58438 118.58  30.08   191    4.9
 58501 115.63  29.92    23   10.7
 58502 116.02  29.67    74    1.2
 58503 115.67  29.70    41    7.3
 58505 115.90  29.62    63    1.7
 58507 115.12  29.25   116    0.7
 58508 115.77  29.33    41    4.4
 58509 115.82  29.05    36    3.3
 58510 116.23  29.73    40    2.1
 58512 116.55  29.90    71    1.3
 58514 116.05  29.45    37    6.4
 58517 116.20  29.27    35    8.7
 58523 117.93  29.93   227    7.6
 58524 117.22  29.37    87   13.2
 58529 117.85  29.27   171    0.9
 58530 118.43  29.87   168   10.7
 58534 118.18  29.78   170   11.4
 58537 118.40  29.13   153    0.2
 58542 119.68  29.82    46    0.7
 58544 119.27  29.48    88    1.1
 58547 119.18  29.03    66    0.6
 58601 115.38  28.70    53    0.9
 58602 115.55  28.85    40    0.7
 58605 115.38  28.42    46    1.8
 58607 115.95  28.55    31    4.4
 58609 115.82  28.22    27    1.2
 58612 116.68  28.70    21    1.8
 58614 116.27  28.38    34    0.3
 58615 117.08  28.68    56    2.8
 58616 116.82  28.20    40    1.8
 58618 116.60  28.27    82    0.1
 58619 116.37  28.00    49    3.0
 58620 117.10  29.02    51    0.4
 58624 117.43  28.40    70    0.1
 58625 117.60  28.42    79    0.1
 58627 117.06  28.31    56    0.7
 58629 117.71  28.29   100    3.5
 58635 118.20  28.43    95    1.0
 58644 119.28  28.60   237    0.5
 58647 119.13  28.08   222    5.8
 58654 120.08  28.67   184    0.1
 58693 115.83  28.70    40    2.1
 58701 115.40  27.77    46    0.6
 58706 115.83  27.43   181    0.2
 58707 115.13  27.22    66    0.1
 58710 116.05  27.77    78    2.0
 58712 116.78  27.92   130    3.8
 58713 117.07  27.72   225    5.3
 58714 116.23  27.55   120    1.5
 58719 116.93  27.30   131    1.7
 58724 117.32  27.53   268    3.5
 58735 118.75  27.52   260    1.8
 58736 118.82  27.38   262    0.4
 58745 119.08  27.62   400    2.6
 58746 119.70  27.55   538    0.2
 58747 119.35  27.15   899    0.1
 58750 120.08  27.78   105    0.7
 58814 116.35  26.35   247    2.8
 58819 116.82  26.18   336    2.2
 58821 117.47  26.73   173    5.2
 58822 116.85  26.83   342    0.9
 58823 117.80  26.80   175    2.8
 58824 117.15  26.40   357    5.4
 58826 117.80  26.40   120    0.2
 58828 117.62  26.27   208    0.5
 58903 116.03  25.90   210    1.1
 58905 115.42  25.97   133    2.0
 58906 115.80  25.60   167    0.6
 58912 116.73  25.72   404    1.0
 59038 108.65  24.07   138    0.1
 59045 109.75  24.48    94    0.1
 59051 110.50  24.77   136    1.1
 59052 110.82  24.83   169    0.2
 59059 110.80  24.18   105    2.6
 59061 111.27  24.82   193    5.6
 59063 111.45  25.18   265    0.1
 59064 111.32  24.55   136   11.0
 59071 112.28  24.73   174    1.8
 59074 112.15  24.57   300    1.3
 59081 113.29  24.78   131    0.4
 59235 108.62  23.43   115    0.2
 59279 112.87  23.18    24    0.2
