diamond  3 2015年02月27日08点6小时降雨量                     
  15  02  27  08    -1 3 10 25 50 1 0
 39 122.7  37.3 122.5  36.7 120.8  36.2 119.3  35.0 120.4  34.3
 121.1  32.7 122.3  30.9 122.5  30.1 121.5  28.0 119.8  25.0
 116.1  22.6 111.0  21.0 111.0  18.6 109.6  18.1 108.3  18.5
 108.9  19.9 109.3  21.0 106.4  21.6 104.1  22.2 101.6  20.8
  98.7  22.0  97.1  24.1  97.7  27.0  91.7  26.6  85.7  27.7
  78.9  30.6  73.3  37.1  74.1  40.7  87.6  49.8  98.5  43.9
 110.4  44.3 122.0  54.7 135.7  48.3 131.5  42.2 125.2  39.4
 121.3  38.5 121.2  40.3 118.5  38.6 120.8  38.1
 1     346
 51482  90.28  43.83  1271    2.0
 51707  76.73  39.50  1208    0.5
 51708  75.95  39.15  1325    2.4
 51802  76.17  38.93  1297    1.1
 52995 104.62  35.58  1897    0.1
 52996 105.02  35.38  2450    0.1
 53577 112.30  39.00  1437    0.9
 53579 112.90  39.02   859    0.5
 53676 112.98  38.50   759    0.1
 53707 105.25  36.93  1697    0.2
 53727 107.12  37.17  1712    0.3
 53771 112.05  37.42   750    0.5
 53774 112.37  37.58   759    0.1
 53780 113.15  37.91  1066    1.4
 53860 111.17  36.98  1406    2.0
 53862 111.80  36.85   811    1.0
 53873 112.87  36.10   951    1.8
 53914 106.12  35.62  2078    0.9
 53916 106.32  35.50  1948    1.1
 56045  99.90  33.97  4050    1.1
 56128  96.60  31.22  3810    1.3
 56186 104.20  31.33   589    2.4
 56190 104.55  31.55   519    0.7
 56194 104.45  31.63   597    5.6
 56195 104.73  31.80   543    2.1
 56197 104.17  31.15   535    0.1
 56278 102.77  30.07   755    0.1
 56382 103.55  29.75   475    0.3
 56389 103.95  29.20   387    0.2
 56393 104.85  29.77   369    0.2
 56394 104.43  29.45   384    0.4
 56395 104.67  29.52   351    0.6
 56396 104.77  29.35   352    1.4
 56399 104.98  29.18   306    0.2
 56483 103.95  28.58   496    0.1
 56490 103.90  28.95   424    0.4
 56491 104.57  28.70   287    1.1
 56493 104.97  28.85   292    0.1
 56494 104.33  28.84   386    1.0
 56496 105.23  28.32   358    0.7
 56499 104.78  28.38   368    1.8
 56592 104.52  28.43   359    1.0
 56593 104.92  28.58   279    0.9
 56641  98.87  26.90  1189   15.9
 57003 106.83  34.90   924    0.5
 57140 109.12  33.67   818    0.5
 57204 105.22  32.57   782    1.6
 57208 105.52  32.28   544    1.0
 57217 106.28  32.23   485    0.2
 57249 109.68  32.32   448    1.7
 57253 110.82  32.85   201    1.6
 57260 111.52  32.57   133    0.8
 57268 111.62  32.27   120    3.7
 57298 114.55  32.22    55    0.2
 57299 114.90  32.02    49    1.1
 57303 105.92  31.73   459    0.1
 57318 106.55  31.07   338    0.1
 57324 107.08  31.58   364    1.2
 57326 107.72  31.37   389    0.2
 57333 108.67  31.95   798    0.4
 57338 108.42  31.18   216    1.5
 57339 108.68  30.95   297    0.2
 57345 109.62  31.40   337    3.4
 57349 109.86  31.08   606   11.3
 57361 111.27  31.88   327    0.1
 57363 111.83  31.80   151    3.7
 57368 111.63  31.05   141    2.9
 57370 112.22  31.73    67    3.6
 57377 112.22  31.00   191    6.1
 57385 113.82  31.62    93    3.9
 57386 114.00  31.25    51   13.4
 57387 113.13  31.00    84   12.3
 57388 113.71  31.27    53   14.1
 57389 113.75  31.03    32   11.7
 57390 114.07  31.80   733    3.5
 57396 114.85  31.63   128    7.5
 57398 114.62  31.28    74   13.0
 57402 105.70  30.77   394    0.1
 57407 105.03  30.28   462    0.6
 57414 106.45  30.52   403    0.3
 57416 106.93  30.33   391    0.9
 57417 106.28  30.35   315    0.5
 57420 107.19  30.75   418    0.4
 57431 108.35  30.83   257    0.2
 57453 111.32  30.77   115    3.8
 57460 111.78  30.82    91    9.3
 57462 111.08  30.87   139    1.6
 57464 111.18  30.47   142   13.7
 57465 111.45  30.38    74   13.7
 57466 111.75  30.43    50   13.3
 57469 111.77  30.18    69   10.0
 57475 112.90  30.40    31   21.5
 57477 112.22  30.07    38   23.8
 57481 113.57  30.95    30   12.8
 57485 113.47  30.28    23   18.8
 57486 113.85  30.65    25    0.6
 57489 114.01  30.52    23   18.8
 57491 114.40  30.87    31   17.5
 57492 114.84  30.84    40   22.7
 57495 114.88  30.67    28   20.0
 57496 114.87  30.37    31   16.2
 57498 114.94  30.52    26   17.4
 57499 114.88  30.07    40   17.9
 57505 105.58  29.42   338    0.1
 57525 107.75  29.32   277    0.1
 57537 108.17  29.30   322    0.6
 57540 109.15  29.68   776    1.1
 57541 109.48  30.00   532    3.5
 57543 110.03  29.90   539    0.8
 57544 109.45  29.47   488    1.2
 57558 110.47  29.13   183    5.3
 57564 111.13  29.43   103   10.9
 57565 111.73  29.67    38   17.8
 57566 111.65  29.45    51   16.9
 57571 112.40  29.70    35   20.7
 57575 112.55  29.52    31   26.0
 57577 112.17  29.40    36   24.9
 57582 113.88  29.72    46    9.6
 57585 113.45  29.48    60    7.4
 57586 114.03  29.53    78    7.6
 57589 113.87  29.27   146    8.6
 57590 114.37  29.85    98   12.2
 57596 114.20  29.63   751    8.4
 57600 105.06  28.71   420    1.5
 57623 107.60  28.88   685    0.2
 57634 107.88  28.52   660    0.3
 57635 108.98  28.45   363    0.9
 57637 108.10  28.25   629    0.6
 57640 109.45  28.58   341    2.1
 57643 109.83  29.00   268    4.5
 57646 109.95  28.62   302    3.0
 57657 110.21  28.23   186    1.2
 57658 110.20  28.02   152    0.3
 57661 111.48  28.92    48   11.9
 57663 111.95  28.92    31   10.8
 57666 112.13  28.52    52    5.0
 57674 112.38  28.57    46    6.0
 57678 112.55  28.25    74    2.1
 57680 113.11  28.86    82    9.5
 57688 113.63  28.16   101    5.9
 57694 114.38  28.53   259    1.8
 57698 114.45  28.12    98    1.3
 57699 114.92  28.23    66    4.3
 57708 105.60  27.15  1700    0.1
 57714 106.23  27.47   942    1.0
 57717 106.83  27.53   974    1.7
 57719 106.97  27.07  1275    0.3
 57720 107.17  27.88   889    0.7
 57723 107.72  27.98   710    0.6
 57728 107.47  27.07  1096    0.1
 57734 108.23  27.57   467    0.6
 57735 108.82  27.18   404    1.0
 57736 108.85  27.70   369    0.1
 57739 108.92  27.23   394    0.8
 57740 109.60  27.95   349    0.8
 57742 109.20  27.52   884    1.0
 57743 109.80  27.88   176    0.8
 57744 109.17  27.37   355    0.1
 57754 109.84  27.21   252    0.9
 57760 111.43  27.70   249    0.6
 57762 111.70  27.69   165    0.9
 57763 112.00  27.68   205    1.1
 57767 111.01  27.13   308    0.2
 57768 111.45  27.32   242    0.4
 57769 111.73  27.23   252    0.2
 57771 112.53  27.93    88    1.2
 57772 112.50  27.75    86    1.2
 57773 112.83  27.88    63    0.7
 57777 112.87  27.23    63    0.2
 57778 112.95  27.09    70    0.1
 57783 113.82  27.88   118    1.3
 57792 114.68  27.82    93    1.9
 57796 114.88  27.83   189    3.1
 57798 114.60  27.40    85    0.2
 57808 105.75  26.32  1274    0.2
 57811 106.60  26.83  1296    0.2
 57813 106.47  26.57  1261    0.1
 57818 106.45  26.03  1140    0.1
 57821 107.50  26.70   925    0.6
 57822 107.90  26.90   835    0.9
 57828 107.58  26.50   983    0.5
 57829 107.80  26.20   963    2.1
 57842 109.72  26.88   281    0.2
 57844 109.18  26.68   343    0.6
 57851 110.83  26.46   346    0.4
 57859 110.63  26.03   408    1.6
 57865 111.62  26.50   192    0.2
 57867 111.28  26.40   169    0.4
 57868 111.86  26.59   113    0.4
 57870 112.10  26.80   151    0.3
 57871 112.37  26.98    90    0.3
 57875 112.68  26.75   137    0.2
 57876 112.83  26.43   135    0.2
 57883 114.28  26.75   253    0.2
 57911 106.65  26.67  1323    0.3
 57914 106.67  26.42  1149    0.1
 57915 106.77  26.63  1104    0.1
 57923 107.87  25.98   419    0.6
 58112 116.45  30.73   968    5.0
 58207 115.05  32.17    42    0.8
 58214 116.30  32.37    27    0.1
 58230 118.28  32.12    26    0.1
 58257 120.26  31.99     4    0.1
 58301 115.38  31.82    92    2.1
 58306 115.88  31.68    95    3.2
 58316 116.92  31.47    23    1.2
 58317 116.37  30.87   434   14.0
 58323 117.47  31.88    25    0.5
 58327 117.28  31.27    45    0.3
 58329 117.87  31.33     9    1.1
 58330 118.08  31.75    26    0.8
 58331 118.37  31.73    22    0.3
 58334 118.37  31.38     9    0.5
 58335 118.52  31.57    23    0.2
 58337 118.18  31.08    26    3.8
 58339 118.90  31.33    15    0.3
 58340 119.03  31.66    25    0.2
 58342 119.55  31.72     6    0.2
 58344 119.20  31.96    36    0.1
 58346 119.81  31.34    16    0.7
 58349 120.56  31.41     8    0.2
 58351 120.30  31.90     4    0.1
 58352 120.77  31.65     4    0.2
 58353 120.57  31.86    11    0.1
 58359 120.62  31.13     4    0.8
 58361 121.37  31.10     5    0.1
 58366 121.49  31.67     4   0.01
 58367 121.43  31.20     4    0.1
 58369 121.78  31.05     5    0.2
 58370 121.53  31.23     4    0.2
 58401 115.40  30.75   123   14.3
 58404 115.22  30.47    61   11.9
 58408 115.43  30.23    35    7.3
 58409 115.93  30.10    32    7.5
 58415 116.55  30.67    64    5.9
 58416 116.82  30.75    35    5.6
 58417 116.13  30.17    54    6.0
 58418 116.67  30.13    60    4.9
 58420 117.23  30.72    58    3.3
 58421 117.87  30.63    31    5.6
 58423 117.78  30.48   647    4.0
 58426 118.13  30.30   193    6.3
 58427 117.50  30.65    15    4.6
 58428 117.50  30.22   118   10.5
 58431 118.32  30.90    39    3.3
 58432 118.40  30.68    57    6.1
 58433 118.75  30.93    31    4.3
 58435 118.53  30.30   220    8.1
 58438 118.58  30.08   191    6.5
 58441 119.42  30.87    43    2.5
 58442 119.18  31.17    16    1.6
 58443 119.89  31.02    25    2.1
 58446 119.70  30.63    72    3.5
 58449 119.95  30.05    46    6.3
 58451 120.93  30.83     2    0.5
 58452 120.77  30.73     4    0.9
 58453 120.50  30.07     7    5.2
 58454 119.98  30.53   102    4.9
 58455 120.65  30.52     8    1.2
 58456 120.52  30.63     6    1.3
 58458 120.90  30.54     4    0.9
 58459 120.29  30.19    44    4.5
 58460 121.35  30.73     5    0.1
 58461 121.12  31.13     4    0.2
 58462 121.23  31.03     4    0.1
 58463 121.50  30.88     4    0.6
 58468 121.17  30.05     5    2.2
 58484 122.20  30.25    37    1.3
 58501 115.63  29.92    23    3.2
 58502 116.02  29.67    74   13.0
 58503 115.67  29.70    41    4.3
 58505 115.90  29.62    63   10.0
 58507 115.12  29.25   116    4.2
 58508 115.77  29.33    41    3.6
 58509 115.82  29.05    36    1.9
 58510 116.23  29.73    40   14.2
 58512 116.55  29.90    71   13.3
 58514 116.05  29.45    37    1.9
 58517 116.20  29.27    35    0.8
 58523 117.93  29.93   227   12.1
 58524 117.22  29.37    87    7.4
 58529 117.85  29.27   171   13.7
 58537 118.40  29.13   153   11.3
 58542 119.68  29.82    46    5.0
 58544 119.27  29.48    88    9.6
 58546 119.88  29.47   115    8.4
 58547 119.18  29.03    66   11.7
 58548 119.47  29.22    50    6.9
 58550 120.25  29.70    39    3.7
 58555 120.88  29.52   113    5.9
 58558 120.22  29.27    89    7.1
 58559 120.97  29.15   107    7.5
 58560 120.43  29.05   304    4.3
 58561 121.60  29.98     4    1.8
 58563 121.83  29.88     5    1.7
 58565 121.39  29.69    41    3.6
 58566 121.88  29.47     6    1.8
 58567 121.43  29.32    39    8.1
 58568 121.38  29.12    34    4.8
 58570 122.30  29.95    85    1.1
 58601 115.38  28.70    53    0.4
 58602 115.55  28.85    40    0.5
 58605 115.38  28.42    46    1.8
 58607 115.95  28.55    31    2.6
 58609 115.82  28.22    27    1.0
 58612 116.68  28.70    21    0.2
 58614 116.27  28.38    34    0.7
 58615 117.08  28.68    56    2.9
 58616 116.82  28.20    40    0.3
 58618 116.60  28.27    82    0.7
 58620 117.10  29.02    51    1.4
 58623 117.92  28.47    90    2.9
 58624 117.43  28.40    70    3.5
 58625 117.60  28.42    79    5.2
 58627 117.06  28.31    56    1.9
 58629 117.71  28.29   100    0.9
 58631 118.50  28.90   137    4.6
 58632 118.60  28.72   126   16.1
 58635 118.20  28.43    95    2.2
 58642 119.80  28.88   105    8.1
 58643 120.03  28.90   102    7.4
 58644 119.28  28.60   237    0.7
 58647 119.13  28.08   222    3.6
 58654 120.08  28.67   184    1.9
 58656 120.97  28.07    60    0.3
 58657 120.28  28.15    57    2.3
 58658 120.68  28.15    34    1.8
 58659 120.65  28.03    28    0.5
 58660 121.20  28.87     6    1.6
 58664 121.37  28.37    35    1.8
 58693 115.83  28.70    40    1.7
 58701 115.40  27.77    46    0.1
 58712 116.78  27.92   130    0.1
 58724 117.32  27.53   268    0.1
 58746 119.70  27.55   538    1.2
 58747 119.35  27.15   899    1.1
 58748 119.65  27.10    50    0.2
 58750 120.08  27.78   105    0.2
 58751 120.57  27.67   254    1.7
 58845 119.53  26.50    60    0.1
 58848 119.55  26.20    13    0.7
 58932 118.93  25.87    85    0.2
 59022 107.55  24.98   749    0.2
 59071 112.28  24.73   174    0.1
 59074 112.15  24.57   300    0.3
 59310 116.18  23.77    45    0.4
