diamond  3 2015年02月17日20点6小时降雨量                     
  15  02  17  20    -1 3 10 25 50 1 0
 39 122.7  37.3 122.5  36.7 120.8  36.2 119.3  35.0 120.4  34.3
 121.1  32.7 122.3  30.9 122.5  30.1 121.5  28.0 119.8  25.0
 116.1  22.6 111.0  21.0 111.0  18.6 109.6  18.1 108.3  18.5
 108.9  19.9 109.3  21.0 106.4  21.6 104.1  22.2 101.6  20.8
  98.7  22.0  97.1  24.1  97.7  27.0  91.7  26.6  85.7  27.7
  78.9  30.6  73.3  37.1  74.1  40.7  87.6  49.8  98.5  43.9
 110.4  44.3 122.0  54.7 135.7  48.3 131.5  42.2 125.2  39.4
 121.3  38.5 121.2  40.3 118.5  38.6 120.8  38.1
 1      64
 50767 127.10  47.23   202    0.1
 50851 126.08  46.68   207    0.1
 50852 126.45  46.82   169   0.01
 50858 125.81  46.02   159    0.1
 50859 126.28  46.29   169   0.01
 50867 127.35  46.08   134    0.3
 50956 126.77  46.08   134    0.1
 50958 126.93  45.53   168    0.4
 50960 127.38  45.73   184   0.01
 51137  82.93  46.20   715    1.0
 51145  83.65  46.55   521    0.4
 51328  80.42  44.20   770    2.8
 51329  80.85  44.05   640    0.8
 51430  81.15  43.83   602    0.5
 51434  81.53  43.97   770   0.01
 51468  86.83  43.10  3539    0.5
 54065 125.65  44.53   169    0.5
 54069 125.80  44.12   173    1.4
 54072 126.52  44.85   196    0.8
 54076 126.93  44.38   268    0.4
 54154 124.30  43.35   160    0.5
 54155 124.23  43.67   144    0.1
 54156 124.80  43.52   200    0.9
 54164 125.28  43.35   248    1.0
 54169 126.02  43.30   271    0.3
 54172 126.53  43.87   290    0.8
 54244 123.33  42.75   118   0.01
 54245 123.40  42.50    97   0.01
 54248 123.53  42.03    61    0.1
 54249 123.87  42.30    85    0.4
 54252 124.75  42.73   196    0.4
 54261 125.47  42.67   345    0.7
 54267 125.73  42.25   362    1.1
 54274 125.99  42.69   306    1.1
 54340 123.32  41.67    35   0.01
 54348 123.37  41.41    45   0.01
 54362 125.73  41.67   380    0.4
 54371 126.43  41.93   520    0.7
 57828 107.58  26.50   983   0.01
 57895 114.78  26.47   101   0.01
 57976 112.94  25.41   222    0.1
 57978 112.55  25.27   292    1.3
 57988 113.33  25.10   143   0.01
 58656 120.97  28.07    60    0.1
 58658 120.68  28.15    34    0.2
 58659 120.65  28.03    28    0.1
 58706 115.83  27.43   181    0.1
 58735 118.75  27.52   260   0.01
 58736 118.82  27.38   262    0.3
 58745 119.08  27.62   400   0.01
 58746 119.70  27.55   538    0.1
 58747 119.35  27.15   899    1.3
 58749 119.88  27.23   684    0.1
 58750 120.08  27.78   105   0.01
 58751 120.57  27.67   254    0.2
 58923 117.83  25.70   400    3.2
 58928 117.53  25.02   166    2.3
 58929 118.15  25.07    68   0.01
 58934 118.27  25.33   183   0.01
 58935 118.23  25.48   521    0.9
 59022 107.55  24.98   749   0.01
 59025 107.38  24.53   248    0.1
 59081 113.29  24.78   131    1.7
 59093 115.03  24.78   253    1.1
