diamond  3 2015年02月03日20点6小时降雨量                     
  15  02  03  20    -1 3 10 25 50 1 0
 39 122.7  37.3 122.5  36.7 120.8  36.2 119.3  35.0 120.4  34.3
 121.1  32.7 122.3  30.9 122.5  30.1 121.5  28.0 119.8  25.0
 116.1  22.6 111.0  21.0 111.0  18.6 109.6  18.1 108.3  18.5
 108.9  19.9 109.3  21.0 106.4  21.6 104.1  22.2 101.6  20.8
  98.7  22.0  97.1  24.1  97.7  27.0  91.7  26.6  85.7  27.7
  78.9  30.6  73.3  37.1  74.1  40.7  87.6  49.8  98.5  43.9
 110.4  44.3 122.0  54.7 135.7  48.3 131.5  42.2 125.2  39.4
 121.3  38.5 121.2  40.3 118.5  38.6 120.8  38.1
 1     192
 50924 119.65  45.55   860   0.01
 51627  79.23  41.22  1395    2.3
 51629  80.23  41.27  1132    2.1
 51707  76.73  39.50  1208   0.01
 51708  75.95  39.15  1325   0.01
 51802  76.17  38.93  1297    0.4
 51814  77.40  37.92  1360    0.1
 51815  77.27  38.20  1274    1.1
 51826  80.80  37.02  1336   0.01
 51829  80.17  37.08  1347   0.01
 52656 100.82  38.43  2281   0.01
 52784 102.90  37.47  2072   0.01
 53289 113.83  42.23  1322    0.1
 53505 105.40  37.88  1380   0.01
 53518 106.35  39.03  1117   0.01
 53610 106.35  38.57  1106   0.01
 53611 106.55  38.88  1098   0.01
 53619 106.30  38.12  1115    0.1
 53662 111.58  38.72  1396   0.01
 53707 105.25  36.93  1697   0.01
 53727 107.12  37.17  1712    0.4
 54313 118.70  41.93   733   0.01
 54320 119.30  41.60   544   0.01
 56393 104.85  29.77   369   0.01
 56480 103.53  28.82   564   0.01
 56595 104.87  27.42  1645    0.1
 56598 104.73  27.13  1535   0.01
 56891 104.32  24.98  1482    0.1
 57541 109.48  30.00   532   0.01
 57543 110.03  29.90   539   0.01
 57605 105.82  28.03   537   0.01
 57688 113.63  28.16   101   0.01
 57698 114.45  28.12    98    0.2
 57708 105.60  27.15  1700    0.3
 57714 106.23  27.47   942   0.01
 57739 108.92  27.23   394   0.01
 57760 111.43  27.70   249   0.01
 57762 111.70  27.69   165    0.1
 57763 112.00  27.68   205    0.1
 57767 111.01  27.13   308    0.2
 57768 111.45  27.32   242    0.2
 57769 111.73  27.23   252    0.4
 57771 112.53  27.93    88   0.01
 57772 112.50  27.75    86    0.1
 57777 112.87  27.23    63    0.7
 57778 112.95  27.09    70    1.0
 57781 113.50  27.65    74    0.5
 57783 113.82  27.88   118    0.4
 57786 113.85  27.63   117    1.1
 57792 114.68  27.82    93    0.5
 57794 114.02  27.63   177    1.5
 57796 114.88  27.83   189   0.01
 57798 114.60  27.40    85    1.0
 57800 105.37  26.77  1457    0.1
 57824 107.23  26.58  1001   0.01
 57828 107.58  26.50   983   0.01
 57834 108.30  26.68   641    0.1
 57844 109.18  26.68   343   0.01
 57846 110.15  26.58   310   0.01
 57851 110.83  26.46   346   0.01
 57859 110.63  26.03   408    0.4
 57860 111.28  27.00   283    0.3
 57865 111.62  26.50   192    0.4
 57867 111.28  26.40   169    0.5
 57868 111.86  26.59   113    0.4
 57870 112.10  26.80   151    0.4
 57871 112.37  26.98    90    0.6
 57875 112.68  26.75   137    1.8
 57876 112.83  26.43   135    2.7
 57881 113.25  26.72   101    0.7
 57882 113.55  26.79   136    0.2
 57883 114.28  26.75   253    0.9
 57886 113.80  26.48   268    1.2
 57887 113.12  26.12   167    3.3
 57891 114.25  26.93   153    1.4
 57899 114.92  26.80    71    0.1
 57900 105.22  25.83  1552   0.01
 57905 105.61  25.40  1184   0.01
 57908 105.48  25.12  1394   0.01
 57909 105.82  24.98   584    1.3
 57941 109.60  25.78   197   0.01
 57942 110.00  25.80   268    0.3
 57948 109.25  25.08   122    0.5
 57949 110.00  24.98   156    1.4
 57954 110.18  25.23   157    0.1
 57955 110.67  25.62   224    0.1
 57956 110.32  25.42   167   0.01
 57958 110.32  25.08   151    1.2
 57960 111.07  25.93   195    0.2
 57962 111.65  25.97   167    0.9
 57964 111.15  25.50   263    1.4
 57966 111.96  25.59   244    0.4
 57969 111.31  25.28   269    0.4
 57971 112.20  25.92   224    1.1
 57973 112.72  25.75   329    0.4
 57975 112.20  25.38   277   0.01
 57976 112.94  25.41   222   0.01
 57981 113.22  25.97   139    1.6
 57989 113.77  25.07   112    0.2
 58112 116.45  30.73   968    0.4
 58249 120.05  32.16     6   0.01
 58257 120.26  31.99     4   0.01
 58346 119.81  31.34    16   0.01
 58349 120.56  31.41     8   0.01
 58351 120.30  31.90     4   0.01
 58409 115.93  30.10    32   0.01
 58421 117.87  30.63    31   0.01
 58423 117.78  30.48   647    0.3
 58432 118.40  30.68    57    0.1
 58435 118.53  30.30   220   0.01
 58441 119.42  30.87    43    0.2
 58442 119.18  31.17    16    0.1
 58443 119.89  31.02    25    0.2
 58446 119.70  30.63    72   0.01
 58452 120.77  30.73     4   0.01
 58453 120.50  30.07     7   0.01
 58454 119.98  30.53   102   0.01
 58455 120.65  30.52     8   0.01
 58456 120.52  30.63     6    0.1
 58459 120.29  30.19    44   0.01
 58468 121.17  30.05     5    0.3
 58534 118.18  29.78   170    0.2
 58537 118.40  29.13   153    0.5
 58542 119.68  29.82    46    0.4
 58544 119.27  29.48    88    0.1
 58546 119.88  29.47   115    1.0
 58547 119.18  29.03    66    0.1
 58548 119.47  29.22    50   0.01
 58550 120.25  29.70    39    0.1
 58558 120.22  29.27    89    0.1
 58559 120.97  29.15   107   0.01
 58560 120.43  29.05   304    0.6
 58563 121.83  29.88     5    0.2
 58565 121.39  29.69    41   0.01
 58566 121.88  29.47     6    0.3
 58568 121.38  29.12    34   0.01
 58623 117.92  28.47    90    0.1
 58624 117.43  28.40    70    0.1
 58625 117.60  28.42    79    0.2
 58631 118.50  28.90   137   0.01
 58632 118.60  28.72   126    0.1
 58642 119.80  28.88   105   0.01
 58643 120.03  28.90   102   0.01
 58644 119.28  28.60   237   0.01
 58647 119.13  28.08   222   0.01
 58656 120.97  28.07    60   0.01
 58657 120.28  28.15    57   0.01
 58658 120.68  28.15    34   0.01
 58659 120.65  28.03    28    0.1
 58660 121.20  28.87     6    0.1
 58664 121.37  28.37    35   0.01
 58724 117.32  27.53   268   0.01
 58749 119.88  27.23   684   0.01
 58822 116.85  26.83   342   0.01
 58828 117.62  26.27   208   0.01
 58850 120.23  26.92    92    0.1
 59001 105.33  24.78   672    0.2
 59004 105.10  24.50   725    0.1
 59012 106.55  24.78   972   0.01
 59017 106.27  24.27   278    0.3
 59022 107.55  24.98   749   0.01
 59025 107.38  24.53   248    0.1
 59027 107.25  24.13   254   0.01
 59031 108.26  24.81   342    0.8
 59033 108.90  24.78   328    0.5
 59034 108.67  24.48   150    0.5
 59038 108.65  24.07   138    0.1
 59041 109.25  24.65   108    1.0
 59044 109.38  24.46    97    1.4
 59045 109.75  24.48    94    0.7
 59047 109.33  24.25   100    1.0
 59051 110.50  24.77   136    0.7
 59052 110.82  24.83   169   0.01
 59053 110.64  24.65   157    0.3
 59055 110.40  24.50   165   0.01
 59057 110.18  24.13   830   0.01
 59059 110.80  24.18   105   0.01
 59061 111.27  24.82   193    0.1
 59063 111.45  25.18   265    0.1
 59064 111.32  24.55   136   0.01
 59071 112.28  24.73   174   0.01
 59213 106.92  23.73   110    0.3
 59215 106.63  23.33   680    0.7
 59224 107.12  23.60   111    0.8
 59227 107.14  23.11   454    0.7
 59229 107.70  23.17   125   0.01
 59230 108.17  23.72   168   0.01
 59235 108.62  23.43   115    1.2
 59237 108.28  23.17   111    0.7
 59238 108.80  23.22   122    3.7
 59241 109.68  23.97    90    0.1
 59246 109.67  23.60    70    0.3
