diamond  3 2015年03月02日20点6小时降雨量                     
  15  03  02  20    -1 3 10 25 50 1 0
 39 122.7  37.3 122.5  36.7 120.8  36.2 119.3  35.0 120.4  34.3
 121.1  32.7 122.3  30.9 122.5  30.1 121.5  28.0 119.8  25.0
 116.1  22.6 111.0  21.0 111.0  18.6 109.6  18.1 108.3  18.5
 108.9  19.9 109.3  21.0 106.4  21.6 104.1  22.2 101.6  20.8
  98.7  22.0  97.1  24.1  97.7  27.0  91.7  26.6  85.7  27.7
  78.9  30.6  73.3  37.1  74.1  40.7  87.6  49.8  98.5  43.9
 110.4  44.3 122.0  54.7 135.7  48.3 131.5  42.2 125.2  39.4
 121.3  38.5 121.2  40.3 118.5  38.6 120.8  38.1
 1     215
 50431 121.52  50.78   717   0.01
 50445 123.73  50.58   423    0.2
 50924 119.65  45.55   860    0.1
 52656 100.82  38.43  2281    0.1
 52784 102.90  37.47  2072    0.4
 53337 108.47  41.09  1023   0.01
 53343 109.97  41.77  1612    0.9
 53348 109.13  41.02  1078    0.5
 53367 111.23  41.32  1602    0.6
 53368 111.47  41.08  1637    1.5
 53378 112.62  41.28  1737    0.1
 53433 108.65  40.73  1020    0.7
 53467 111.18  40.27  1016    0.1
 53469 111.82  40.40  1166   0.01
 53472 112.57  40.87  1451    0.2
 53481 113.22  40.80  1316   0.01
 53484 113.15  40.45  1191   0.01
 53518 106.35  39.03  1117   0.01
 53533 108.71  39.81  1414   0.01
 53553 111.22  39.87  1221    0.2
 53562 111.67  39.92  1208    0.1
 53565 111.50  39.43  1051   0.01
 54156 124.80  43.52   200    0.5
 54164 125.28  43.35   248    1.2
 54169 126.02  43.30   271    0.4
 54252 124.75  42.73   196    1.0
 54267 125.73  42.25   362    0.3
 56016  95.62  33.85  4179    0.2
 56034  97.13  33.80  4415    0.3
 56193 104.52  32.42   893   0.01
 56273 102.82  30.39  1022   0.01
 56278 102.77  30.07   755    0.1
 56490 103.90  28.95   424   0.01
 57333 108.67  31.95   798   0.01
 57499 114.88  30.07    40   0.01
 57582 113.88  29.72    46   0.01
 57585 113.45  29.48    60    0.1
 57586 114.03  29.53    78    0.2
 57589 113.87  29.27   146    0.6
 57590 114.37  29.85    98   0.01
 57596 114.20  29.63   751    0.7
 57674 112.38  28.57    46   0.01
 57678 112.55  28.25    74   0.01
 57680 113.11  28.86    82   0.01
 57688 113.63  28.16   101    0.7
 57694 114.38  28.53   259    1.1
 57698 114.45  28.12    98    1.2
 57699 114.92  28.23    66    1.2
 57708 105.60  27.15  1700   0.01
 57719 106.97  27.07  1275    0.2
 57728 107.47  27.07  1096    0.2
 57737 108.12  27.03   547   0.01
 57738 108.42  27.05   516   0.01
 57742 109.20  27.52   884   0.01
 57754 109.84  27.21   252   0.01
 57763 112.00  27.68   205   0.01
 57777 112.87  27.23    63   0.01
 57783 113.82  27.88   118    0.1
 57786 113.85  27.63   117    0.1
 57794 114.02  27.63   177   0.01
 57796 114.88  27.83   189   0.01
 57808 105.75  26.32  1274    0.1
 57809 105.75  26.07  1251    0.1
 57811 106.60  26.83  1296    0.2
 57813 106.47  26.57  1261    0.2
 57814 106.27  26.42  1298    0.3
 57818 106.45  26.03  1140    0.2
 57821 107.50  26.70   925    0.1
 57822 107.90  26.90   835   0.01
 57828 107.58  26.50   983    0.2
 57829 107.80  26.20   963    0.2
 57834 108.30  26.68   641    0.2
 57837 108.07  26.40   839    0.1
 57842 109.72  26.88   281   0.01
 57844 109.18  26.68   343    0.4
 57859 110.63  26.03   408    0.5
 57867 111.28  26.40   169   0.01
 57900 105.22  25.83  1552   0.01
 57903 105.60  25.94  1142    0.3
 57911 106.65  26.67  1323    0.1
 57913 106.98  26.45  1093    0.1
 57914 106.67  26.42  1149    0.2
 57915 106.77  26.63  1104    0.1
 57921 107.34  25.85   821    0.1
 57923 107.87  25.98   419    0.3
 57927 107.18  24.97   287    0.3
 57936 108.91  25.76   258   0.01
 57941 109.60  25.78   197    0.3
 57948 109.25  25.08   122    0.2
 57949 110.00  24.98   156    1.3
 57954 110.18  25.23   157    1.0
 57955 110.67  25.62   224    0.5
 57956 110.32  25.42   167    0.8
 57958 110.32  25.08   151    1.0
 57960 111.07  25.93   195    0.1
 57964 111.15  25.50   263    0.2
 57975 112.20  25.38   277    0.1
 57976 112.94  25.41   222    0.1
 57978 112.55  25.27   292    0.2
 57985 113.68  25.57   609    0.1
 57989 113.77  25.07   112   0.01
 58426 118.13  30.30   193    0.1
 58435 118.53  30.30   220   0.01
 58438 118.58  30.08   191    0.1
 58443 119.89  31.02    25   0.01
 58446 119.70  30.63    72   0.01
 58453 120.50  30.07     7   0.01
 58454 119.98  30.53   102   0.01
 58456 120.52  30.63     6   0.01
 58459 120.29  30.19    44   0.01
 58468 121.17  30.05     5   0.01
 58502 116.02  29.67    74    0.6
 58503 115.67  29.70    41   0.01
 58505 115.90  29.62    63    0.9
 58507 115.12  29.25   116    1.4
 58508 115.77  29.33    41    1.0
 58509 115.82  29.05    36    1.8
 58510 116.23  29.73    40    0.5
 58512 116.55  29.90    71    0.7
 58514 116.05  29.45    37    1.7
 58517 116.20  29.27    35    2.3
 58524 117.22  29.37    87    1.9
 58529 117.85  29.27   171    0.5
 58537 118.40  29.13   153    1.0
 58542 119.68  29.82    46   0.01
 58544 119.27  29.48    88    0.1
 58546 119.88  29.47   115   0.01
 58547 119.18  29.03    66    0.4
 58548 119.47  29.22    50   0.01
 58550 120.25  29.70    39   0.01
 58555 120.88  29.52   113   0.01
 58558 120.22  29.27    89   0.01
 58559 120.97  29.15   107    0.2
 58560 120.43  29.05   304   0.01
 58565 121.39  29.69    41   0.01
 58567 121.43  29.32    39    0.1
 58568 121.38  29.12    34    0.7
 58601 115.38  28.70    53    1.0
 58602 115.55  28.85    40    1.2
 58605 115.38  28.42    46    1.6
 58607 115.95  28.55    31    2.3
 58609 115.82  28.22    27    1.1
 58612 116.68  28.70    21    0.1
 58614 116.27  28.38    34    4.1
 58615 117.08  28.68    56    3.4
 58616 116.82  28.20    40    2.7
 58618 116.60  28.27    82    3.0
 58619 116.37  28.00    49    0.6
 58620 117.10  29.02    51    2.1
 58623 117.92  28.47    90    2.4
 58624 117.43  28.40    70    3.6
 58625 117.60  28.42    79    3.4
 58627 117.06  28.31    56    3.4
 58629 117.71  28.29   100    4.0
 58631 118.50  28.90   137    1.2
 58632 118.60  28.72   126    1.0
 58635 118.20  28.43    95    2.4
 58642 119.80  28.88   105    0.1
 58643 120.03  28.90   102    0.1
 58644 119.28  28.60   237    0.6
 58647 119.13  28.08   222   0.01
 58654 120.08  28.67   184    0.5
 58656 120.97  28.07    60    0.3
 58657 120.28  28.15    57   0.01
 58658 120.68  28.15    34    0.2
 58659 120.65  28.03    28    0.1
 58660 121.20  28.87     6    0.2
 58664 121.37  28.37    35    1.0
 58693 115.83  28.70    40    2.7
 58710 116.05  27.77    78    0.4
 58712 116.78  27.92   130    1.9
 58713 117.07  27.72   225    0.6
 58719 116.93  27.30   131   0.01
 58724 117.32  27.53   268    0.1
 58735 118.75  27.52   260    0.3
 58736 118.82  27.38   262    0.3
 58745 119.08  27.62   400   0.01
 58746 119.70  27.55   538   0.01
 58747 119.35  27.15   899   0.01
 58749 119.88  27.23   684   0.01
 58750 120.08  27.78   105   0.01
 58751 120.57  27.67   254   0.01
 58821 117.47  26.73   173   0.01
 58822 116.85  26.83   342   0.01
 58845 119.53  26.50    60   0.01
 59022 107.55  24.98   749    0.4
 59025 107.38  24.53   248   0.01
 59031 108.26  24.81   342    0.4
 59033 108.90  24.78   328    0.2
 59034 108.67  24.48   150    0.1
 59038 108.65  24.07   138   0.01
 59041 109.25  24.65   108    0.2
 59044 109.38  24.46    97    1.4
 59045 109.75  24.48    94    1.0
 59047 109.33  24.25   100    1.0
 59051 110.50  24.77   136   0.01
 59059 110.80  24.18   105    1.3
 59061 111.27  24.82   193    1.7
 59063 111.45  25.18   265    2.9
 59064 111.32  24.55   136    0.2
 59071 112.28  24.73   174    0.6
 59074 112.15  24.57   300    0.1
 59075 112.63  24.48    70    0.4
 59081 113.29  24.78   131   0.01
 59114 116.17  24.65   135    0.2
 59227 107.14  23.11   454   0.01
 59230 108.17  23.72   168   0.01
 59235 108.62  23.43   115    1.4
 59237 108.28  23.17   111   0.01
 59238 108.80  23.22   122    0.8
 59241 109.68  23.97    90    1.9
 59246 109.67  23.60    70    1.9
 59249 109.62  23.12    51   0.01
 59269 111.78  23.17    47   0.01
 59270 112.18  23.92    84   0.01
