diamond  3 2015年03月07日14点6小时降雨量                     
  15  03  07  14    -1 3 10 25 50 1 0
 39 122.7  37.3 122.5  36.7 120.8  36.2 119.3  35.0 120.4  34.3
 121.1  32.7 122.3  30.9 122.5  30.1 121.5  28.0 119.8  25.0
 116.1  22.6 111.0  21.0 111.0  18.6 109.6  18.1 108.3  18.5
 108.9  19.9 109.3  21.0 106.4  21.6 104.1  22.2 101.6  20.8
  98.7  22.0  97.1  24.1  97.7  27.0  91.7  26.6  85.7  27.7
  78.9  30.6  73.3  37.1  74.1  40.7  87.6  49.8  98.5  43.9
 110.4  44.3 122.0  54.7 135.7  48.3 131.5  42.2 125.2  39.4
 121.3  38.5 121.2  40.3 118.5  38.6 120.8  38.1
 1      73
 50778 132.53  47.67    57    0.8
 50779 134.28  48.37    40   0.01
 50787 131.84  47.31    62    0.1
 50879 130.55  46.22   187   0.01
 50884 131.15  46.63   175    0.3
 50913 118.83  45.72   865    0.1
 50924 119.65  45.55   860    0.1
 50928 120.33  45.07   628   0.01
 50960 127.38  45.73   184    0.1
 50962 128.03  45.95   112    0.3
 50971 131.02  45.77   223    0.5
 50979 130.23  45.27   274    0.4
 50985 131.87  45.55   151   0.01
 54065 125.65  44.53   169    0.7
 54069 125.80  44.12   173    1.0
 54072 126.52  44.85   196    2.6
 54076 126.93  44.38   268    3.2
 54080 127.15  44.90   194    3.5
 54092 129.40  44.60   292    0.3
 54098 129.47  44.33   267    0.1
 54172 126.53  43.87   290    0.8
 54483 123.90  40.88   233   0.01
 56194 104.45  31.63   597    1.6
 56594 104.05  27.63   880    2.2
 57728 107.47  27.07  1096   0.01
 57737 108.12  27.03   547   0.01
 57738 108.42  27.05   516   0.01
 57742 109.20  27.52   884   0.01
 57763 112.00  27.68   205   0.01
 57778 112.95  27.09    70   0.01
 57807 105.47  26.21  1361   0.01
 57808 105.75  26.32  1274    0.1
 57809 105.75  26.07  1251   0.01
 57811 106.60  26.83  1296   0.01
 57813 106.47  26.57  1261   0.01
 57814 106.27  26.42  1298    0.2
 57818 106.45  26.03  1140    0.1
 57821 107.50  26.70   925    0.1
 57822 107.90  26.90   835    0.1
 57824 107.23  26.58  1001   0.01
 57828 107.58  26.50   983    0.2
 57829 107.80  26.20   963   0.01
 57834 108.30  26.68   641   0.01
 57835 108.43  26.72   527   0.01
 57837 108.07  26.40   839   0.01
 57842 109.72  26.88   281   0.01
 57871 112.37  26.98    90   0.01
 57886 113.80  26.48   268   0.01
 57891 114.25  26.93   153   0.01
 57900 105.22  25.83  1552    0.1
 57903 105.60  25.94  1142    0.2
 57905 105.61  25.40  1184    0.2
 57908 105.48  25.12  1394    0.1
 57911 106.65  26.67  1323   0.01
 57913 106.98  26.45  1093   0.01
 57914 106.67  26.42  1149    0.1
 57915 106.77  26.63  1104    0.1
 57923 107.87  25.98   419   0.01
 57949 110.00  24.98   156    0.1
 58432 118.40  30.68    57    0.1
 58619 116.37  28.00    49   0.01
 58623 117.92  28.47    90    0.1
 58627 117.06  28.31    56   0.01
 58642 119.80  28.88   105   0.01
 58643 120.03  28.90   102    0.1
 58644 119.28  28.60   237    0.1
 58647 119.13  28.08   222   0.01
 58656 120.97  28.07    60    0.1
 58701 115.40  27.77    46    0.1
 58710 116.05  27.77    78    0.2
 58712 116.78  27.92   130   0.01
 58724 117.32  27.53   268    0.3
 58749 119.88  27.23   684   0.01
