diamond  3 2015年03月09日20点6小时降雨量                     
  15  03  09  20    -1 3 10 25 50 1 0
 39 122.7  37.3 122.5  36.7 120.8  36.2 119.3  35.0 120.4  34.3
 121.1  32.7 122.3  30.9 122.5  30.1 121.5  28.0 119.8  25.0
 116.1  22.6 111.0  21.0 111.0  18.6 109.6  18.1 108.3  18.5
 108.9  19.9 109.3  21.0 106.4  21.6 104.1  22.2 101.6  20.8
  98.7  22.0  97.1  24.1  97.7  27.0  91.7  26.6  85.7  27.7
  78.9  30.6  73.3  37.1  74.1  40.7  87.6  49.8  98.5  43.9
 110.4  44.3 122.0  54.7 135.7  48.3 131.5  42.2 125.2  39.4
 121.3  38.5 121.2  40.3 118.5  38.6 120.8  38.1
 1     134
 50958 126.93  45.53   168    0.4
 50960 127.38  45.73   184    0.1
 50965 128.27  45.43   167    0.8
 53829 107.90  35.98  1093   0.01
 53926 107.35  35.35  1028   0.01
 53927 106.62  35.20  1477   0.01
 53934 107.98  35.78  1274    0.2
 53935 108.40  35.49  1481    0.2
 53937 107.92  35.52   979   0.01
 53938 108.30  35.17  1277    0.1
 53945 109.07  35.43  1395   0.01
 54065 125.65  44.53   169    0.1
 54069 125.80  44.12   173    0.4
 54072 126.52  44.85   196    0.3
 54076 126.93  44.38   268    0.2
 54080 127.15  44.90   194    0.1
 54099 131.13  44.08   148    0.1
 54156 124.80  43.52   200   0.01
 54164 125.28  43.35   248    0.2
 54169 126.02  43.30   271    0.3
 54252 124.75  42.73   196    0.5
 54261 125.47  42.67   345    0.4
 54267 125.73  42.25   362    0.6
 54274 125.99  42.69   306    0.5
 54279 126.58  42.05   544    1.2
 54362 125.73  41.67   380    0.6
 54371 126.43  41.93   520    0.8
 56193 104.52  32.42   893   0.01
 56391 103.82  30.08   415   0.01
 56490 103.90  28.95   424   0.01
 57031 108.55  34.82  1012   0.01
 57057 110.15  34.10   963   0.01
 57105 105.60  33.33  1221   0.01
 57216 106.83  32.35   579   0.01
 57333 108.67  31.95   798   0.01
 57666 112.13  28.52    52   0.01
 57678 112.55  28.25    74   0.01
 57708 105.60  27.15  1700    0.1
 57742 109.20  27.52   884    0.1
 57763 112.00  27.68   205   0.01
 57767 111.01  27.13   308    0.1
 57768 111.45  27.32   242   0.01
 57769 111.73  27.23   252    0.2
 57777 112.87  27.23    63    0.8
 57837 108.07  26.40   839   0.01
 57844 109.18  26.68   343    0.1
 57846 110.15  26.58   310    0.1
 57851 110.83  26.46   346    0.1
 57859 110.63  26.03   408    0.6
 57867 111.28  26.40   169    0.1
 57868 111.86  26.59   113    0.7
 57876 112.83  26.43   135    0.5
 57887 113.12  26.12   167    2.7
 57905 105.61  25.40  1184   0.01
 57908 105.48  25.12  1394   0.01
 57927 107.18  24.97   287   0.01
 57936 108.91  25.76   258   0.01
 57941 109.60  25.78   197   0.01
 57942 110.00  25.80   268    0.2
 57948 109.25  25.08   122   0.01
 57949 110.00  24.98   156    1.0
 57954 110.18  25.23   157   0.01
 57955 110.67  25.62   224   0.01
 57958 110.32  25.08   151    0.3
 57960 111.07  25.93   195    0.5
 57964 111.15  25.50   263    0.3
 57966 111.96  25.59   244    0.6
 57969 111.31  25.28   269    0.3
 57973 112.72  25.75   329   0.01
 57975 112.20  25.38   277    0.1
 57976 112.94  25.41   222   0.01
 57981 113.22  25.97   139    0.1
 57985 113.68  25.57   609    0.1
 57989 113.77  25.07   112   0.01
 57994 114.35  25.40   215   0.01
 58244 119.59  32.45     5   0.01
 58250 120.16  32.51     6   0.01
 58254 120.45  32.52     5    0.1
 58351 120.30  31.90     4   0.01
 58352 120.77  31.65     4   0.01
 58353 120.57  31.86    11   0.01
 58443 119.89  31.02    25   0.01
 58459 120.29  30.19    44   0.01
 58524 117.22  29.37    87    0.1
 58928 117.53  25.02   166    0.2
 59001 105.33  24.78   672    0.2
 59004 105.10  24.50   725   0.01
 59012 106.55  24.78   972    0.8
 59022 107.55  24.98   749   0.01
 59025 107.38  24.53   248   0.01
 59027 107.25  24.13   254   0.01
 59034 108.67  24.48   150   0.01
 59041 109.25  24.65   108   0.01
 59044 109.38  24.46    97    0.1
 59045 109.75  24.48    94   0.01
 59051 110.50  24.77   136   0.01
 59053 110.64  24.65   157   0.01
 59055 110.40  24.50   165   0.01
 59061 111.27  24.82   193    0.1
 59063 111.45  25.18   265    0.8
 59064 111.32  24.55   136    0.1
 59071 112.28  24.73   174   0.01
 59075 112.63  24.48    70   0.01
 59081 113.29  24.78   131   0.01
 59090 114.07  24.95   103   0.01
 59127 117.83  24.43    32   0.01
 59213 106.92  23.73   110   0.01
 59215 106.63  23.33   680    0.4
 59224 107.12  23.60   111   0.01
 59227 107.14  23.11   454    0.6
 59229 107.70  23.17   125    0.2
 59230 108.17  23.72   168    0.2
 59235 108.62  23.43   115    0.6
 59237 108.28  23.17   111    0.1
 59238 108.80  23.22   122    0.9
 59246 109.67  23.60    70   0.01
 59264 111.50  23.40    83   0.01
 59268 111.54  23.26    70   0.01
 59269 111.78  23.17    47    0.2
 59270 112.18  23.92    84   0.01
 59419 106.74  22.06   348    0.1
 59421 107.20  22.83   255    0.5
 59426 107.92  22.61   146    0.1
 59427 107.07  22.12   163   0.01
 59432 108.40  22.80   194    0.3
 59435 108.48  22.77    74    0.1
 59448 109.55  22.27    69   0.01
 59449 109.98  22.30    85   0.01
 59451 110.35  22.70    98   0.01
 59452 110.53  22.83   131    0.3
 59454 110.99  22.95   202    0.2
 59457 110.27  22.32   121   0.01
 59471 112.05  22.93   101    0.2
 59477 112.23  22.27    68    0.4
