diamond  3 2015年03月08日08点6小时降雨量                     
  15  03  08  08    -1 3 10 25 50 1 0
 39 122.7  37.3 122.5  36.7 120.8  36.2 119.3  35.0 120.4  34.3
 121.1  32.7 122.3  30.9 122.5  30.1 121.5  28.0 119.8  25.0
 116.1  22.6 111.0  21.0 111.0  18.6 109.6  18.1 108.3  18.5
 108.9  19.9 109.3  21.0 106.4  21.6 104.1  22.2 101.6  20.8
  98.7  22.0  97.1  24.1  97.7  27.0  91.7  26.6  85.7  27.7
  78.9  30.6  73.3  37.1  74.1  40.7  87.6  49.8  98.5  43.9
 110.4  44.3 122.0  54.7 135.7  48.3 131.5  42.2 125.2  39.4
 121.3  38.5 121.2  40.3 118.5  38.6 120.8  38.1
 1     281
 54024 119.30  44.45   710    0.2
 54039 122.02  44.03   181    0.4
 54047 123.28  44.13   145    0.1
 54065 125.65  44.53   169    0.6
 54069 125.80  44.12   173    0.2
 54113 118.65  43.53   621    0.7
 54122 120.03  43.86   428    1.4
 54156 124.80  43.52   200    2.0
 54223 120.65  42.85   362    0.6
 54231 122.35  42.97   248    0.6
 54234 121.75  42.73   297    0.4
 54244 123.33  42.75   118    0.7
 54245 123.40  42.50    97    0.4
 54248 123.53  42.03    61    0.1
 54249 123.87  42.30    85    0.1
 54252 124.75  42.73   196    2.2
 56097 104.25  33.27  1440    0.2
 56278 102.77  30.07   755    0.1
 56280 103.12  30.08   691    0.1
 56480 103.53  28.82   564    0.2
 56483 103.95  28.58   496    0.6
 56497 104.23  28.10   448    0.4
 56498 104.50  28.15   549    0.3
 56582 103.90  27.75  1176    0.3
 56596 105.05  27.85  1177    0.4
 56891 104.32  24.98  1482    0.2
 57485 113.47  30.28    23    0.1
 57496 114.87  30.37    31    0.6
 57498 114.94  30.52    26    0.5
 57499 114.88  30.07    40    7.3
 57582 113.88  29.72    46    1.9
 57585 113.45  29.48    60    2.3
 57586 114.03  29.53    78    6.2
 57589 113.87  29.27   146    5.1
 57590 114.37  29.85    98    4.6
 57596 114.20  29.63   751    3.9
 57635 108.98  28.45   363    0.1
 57646 109.95  28.62   302    0.2
 57657 110.21  28.23   186    0.7
 57658 110.20  28.02   152    0.6
 57661 111.48  28.92    48    0.2
 57666 112.13  28.52    52    0.8
 57674 112.38  28.57    46    0.8
 57678 112.55  28.25    74    2.3
 57680 113.11  28.86    82    1.5
 57688 113.63  28.16   101    1.7
 57694 114.38  28.53   259    9.4
 57698 114.45  28.12    98    2.6
 57699 114.92  28.23    66    4.0
 57708 105.60  27.15  1700    0.3
 57717 106.83  27.53   974    0.4
 57719 106.97  27.07  1275    0.7
 57723 107.72  27.98   710    0.1
 57728 107.47  27.07  1096    1.2
 57734 108.23  27.57   467    0.7
 57735 108.82  27.18   404    1.5
 57736 108.85  27.70   369    0.7
 57737 108.12  27.03   547    1.3
 57738 108.42  27.05   516    1.1
 57739 108.92  27.23   394    0.9
 57740 109.60  27.95   349    0.7
 57742 109.20  27.52   884    1.2
 57743 109.80  27.88   176    0.9
 57744 109.17  27.37   355    1.0
 57754 109.84  27.21   252    2.1
 57760 111.43  27.70   249    0.4
 57762 111.70  27.69   165    0.3
 57763 112.00  27.68   205    0.8
 57771 112.53  27.93    88    1.4
 57772 112.50  27.75    86    0.2
 57773 112.83  27.88    63    1.6
 57777 112.87  27.23    63    0.7
 57778 112.95  27.09    70    0.6
 57781 113.50  27.65    74    1.4
 57783 113.82  27.88   118    1.9
 57786 113.85  27.63   117    3.4
 57792 114.68  27.82    93    2.3
 57794 114.02  27.63   177    3.5
 57796 114.88  27.83   189    2.8
 57798 114.60  27.40    85    0.6
 57800 105.37  26.77  1457    0.1
 57807 105.47  26.21  1361    0.5
 57808 105.75  26.32  1274    0.4
 57809 105.75  26.07  1251    0.3
 57811 106.60  26.83  1296    0.6
 57813 106.47  26.57  1261    1.0
 57814 106.27  26.42  1298    0.6
 57818 106.45  26.03  1140    0.6
 57821 107.50  26.70   925    1.0
 57822 107.90  26.90   835    1.1
 57824 107.23  26.58  1001    0.8
 57828 107.58  26.50   983    1.3
 57829 107.80  26.20   963    1.4
 57834 108.30  26.68   641    2.2
 57835 108.43  26.72   527    1.0
 57837 108.07  26.40   839    2.2
 57842 109.72  26.88   281    1.9
 57844 109.18  26.68   343    1.9
 57846 110.15  26.58   310    1.1
 57851 110.83  26.46   346    0.4
 57859 110.63  26.03   408    1.6
 57865 111.62  26.50   192    0.6
 57867 111.28  26.40   169    0.6
 57868 111.86  26.59   113    0.5
 57870 112.10  26.80   151    0.7
 57871 112.37  26.98    90    0.6
 57875 112.68  26.75   137    0.7
 57900 105.22  25.83  1552    0.1
 57903 105.60  25.94  1142    0.4
 57905 105.61  25.40  1184    0.1
 57911 106.65  26.67  1323    0.8
 57913 106.98  26.45  1093    1.5
 57914 106.67  26.42  1149    1.1
 57915 106.77  26.63  1104    1.5
 57921 107.34  25.85   821    0.7
 57923 107.87  25.98   419    0.9
 57936 108.91  25.76   258    0.6
 57941 109.60  25.78   197    2.2
 57942 110.00  25.80   268    0.1
 57948 109.25  25.08   122    0.4
 57949 110.00  24.98   156    1.1
 57954 110.18  25.23   157    1.5
 57955 110.67  25.62   224    1.2
 57956 110.32  25.42   167    1.6
 57958 110.32  25.08   151    0.6
 57960 111.07  25.93   195    0.4
 57962 111.65  25.97   167    0.1
 57964 111.15  25.50   263    0.6
 57969 111.31  25.28   269    0.6
 57971 112.20  25.92   224    0.2
 57975 112.20  25.38   277    0.4
 57978 112.55  25.27   292    0.3
 57988 113.33  25.10   143    0.3
 57989 113.77  25.07   112    0.3
 58404 115.22  30.47    61    0.6
 58408 115.43  30.23    35    4.6
 58409 115.93  30.10    32    6.0
 58415 116.55  30.67    64    0.7
 58417 116.13  30.17    54    4.2
 58418 116.67  30.13    60    3.2
 58426 118.13  30.30   193    2.0
 58428 117.50  30.22   118    1.4
 58435 118.53  30.30   220    3.7
 58438 118.58  30.08   191    4.5
 58449 119.95  30.05    46    0.5
 58453 120.50  30.07     7    0.3
 58454 119.98  30.53   102    0.1
 58459 120.29  30.19    44    0.2
 58484 122.20  30.25    37    0.2
 58501 115.63  29.92    23    7.2
 58502 116.02  29.67    74    7.6
 58503 115.67  29.70    41    8.5
 58505 115.90  29.62    63    8.4
 58507 115.12  29.25   116    5.0
 58508 115.77  29.33    41    7.2
 58509 115.82  29.05    36    4.5
 58510 116.23  29.73    40    8.2
 58512 116.55  29.90    71    9.5
 58514 116.05  29.45    37   11.2
 58517 116.20  29.27    35    4.3
 58523 117.93  29.93   227    5.5
 58524 117.22  29.37    87    4.2
 58529 117.85  29.27   171    0.9
 58530 118.43  29.87   168    6.2
 58534 118.18  29.78   170    3.2
 58537 118.40  29.13   153    0.9
 58542 119.68  29.82    46    2.2
 58546 119.88  29.47   115    1.6
 58547 119.18  29.03    66    1.6
 58548 119.47  29.22    50    1.2
 58550 120.25  29.70    39    5.4
 58555 120.88  29.52   113    4.0
 58558 120.22  29.27    89    2.1
 58559 120.97  29.15   107    4.2
 58560 120.43  29.05   304    2.4
 58565 121.39  29.69    41    2.0
 58566 121.88  29.47     6    6.5
 58567 121.43  29.32    39    3.8
 58568 121.38  29.12    34    4.9
 58601 115.38  28.70    53    1.5
 58602 115.55  28.85    40    2.1
 58605 115.38  28.42    46    6.2
 58607 115.95  28.55    31    7.6
 58609 115.82  28.22    27   19.0
 58612 116.68  28.70    21    7.7
 58614 116.27  28.38    34    7.5
 58615 117.08  28.68    56    8.4
 58616 116.82  28.20    40   28.2
 58618 116.60  28.27    82   22.9
 58619 116.37  28.00    49   22.8
 58620 117.10  29.02    51    1.9
 58623 117.92  28.47    90   12.4
 58624 117.43  28.40    70   20.0
 58625 117.60  28.42    79   17.3
 58627 117.06  28.31    56   20.3
 58629 117.71  28.29   100   23.9
 58631 118.50  28.90   137    0.8
 58632 118.60  28.72   126    2.0
 58635 118.20  28.43    95   12.1
 58642 119.80  28.88   105    0.1
 58643 120.03  28.90   102    0.2
 58644 119.28  28.60   237    2.6
 58647 119.13  28.08   222   17.0
 58654 120.08  28.67   184    0.7
 58656 120.97  28.07    60    6.0
 58657 120.28  28.15    57    3.8
 58658 120.68  28.15    34    6.6
 58659 120.65  28.03    28    5.7
 58660 121.20  28.87     6    1.8
 58664 121.37  28.37    35    1.7
 58693 115.83  28.70    40    3.9
 58701 115.40  27.77    46   14.7
 58704 115.35  27.58   104    3.9
 58706 115.83  27.43   181    0.3
 58710 116.05  27.77    78   14.4
 58712 116.78  27.92   130   16.4
 58713 117.07  27.72   225   35.4
 58714 116.23  27.55   120    3.3
 58719 116.93  27.30   131    0.6
 58724 117.32  27.53   268    1.5
 58735 118.75  27.52   260   11.5
 58736 118.82  27.38   262    2.9
 58745 119.08  27.62   400   38.6
 58746 119.70  27.55   538   26.8
 58747 119.35  27.15   899    1.1
 58748 119.65  27.10    50    0.9
 58749 119.88  27.23   684    1.8
 58750 120.08  27.78   105    7.1
 58751 120.57  27.67   254    5.0
 58821 117.47  26.73   173    0.9
 58822 116.85  26.83   342    0.1
 58823 117.80  26.80   175    0.1
 58824 117.15  26.40   357    0.9
 58826 117.80  26.40   120    0.6
 58836 118.73  26.58   361    3.6
 58845 119.53  26.50    60    0.3
 58848 119.55  26.20    13    0.3
 58850 120.23  26.92    92    0.7
 58941 119.50  25.97    25    0.1
 59001 105.33  24.78   672    0.2
 59022 107.55  24.98   749    0.3
 59031 108.26  24.81   342    0.4
 59033 108.90  24.78   328    0.6
 59034 108.67  24.48   150    0.5
 59038 108.65  24.07   138    0.2
 59041 109.25  24.65   108    1.0
 59044 109.38  24.46    97    2.1
 59045 109.75  24.48    94    1.8
 59047 109.33  24.25   100    2.3
 59051 110.50  24.77   136    1.4
 59052 110.82  24.83   169    1.7
 59053 110.64  24.65   157    0.8
 59055 110.40  24.50   165    0.1
 59059 110.80  24.18   105    3.5
 59061 111.27  24.82   193    5.8
 59063 111.45  25.18   265    1.1
 59064 111.32  24.55   136    4.2
 59071 112.28  24.73   174    1.8
 59075 112.63  24.48    70    0.1
 59125 117.30  24.38   108    0.2
 59229 107.70  23.17   125    1.0
 59230 108.17  23.72   168    2.5
 59235 108.62  23.43   115    1.0
 59237 108.28  23.17   111    0.1
 59238 108.80  23.22   122    0.3
 59241 109.68  23.97    90    0.5
 59246 109.67  23.60    70    0.1
 59255 110.38  23.55    32    0.3
 59256 110.90  23.37   105    0.3
 59276 112.65  23.35    40    0.4
 59279 112.87  23.18    24    0.2
 59315 116.40  23.59    43    0.1
 59419 106.74  22.06   348    1.4
 59421 107.20  22.83   255    0.4
 59425 107.35  22.40   107    0.5
 59427 107.07  22.12   163    0.1
 59432 108.40  22.80   194    0.3
 59435 108.48  22.77    74    0.2
 59441 109.25  22.70    78    0.1
 59457 110.27  22.32   121    0.2
 59470 112.20  22.70    57    0.1
