diamond  3 2015年03月12日08点6小时降雨量                     
  15  03  12  08    -1 3 10 25 50 1 0
 39 122.7  37.3 122.5  36.7 120.8  36.2 119.3  35.0 120.4  34.3
 121.1  32.7 122.3  30.9 122.5  30.1 121.5  28.0 119.8  25.0
 116.1  22.6 111.0  21.0 111.0  18.6 109.6  18.1 108.3  18.5
 108.9  19.9 109.3  21.0 106.4  21.6 104.1  22.2 101.6  20.8
  98.7  22.0  97.1  24.1  97.7  27.0  91.7  26.6  85.7  27.7
  78.9  30.6  73.3  37.1  74.1  40.7  87.6  49.8  98.5  43.9
 110.4  44.3 122.0  54.7 135.7  48.3 131.5  42.2 125.2  39.4
 121.3  38.5 121.2  40.3 118.5  38.6 120.8  38.1
 1     140
 50445 123.73  50.58   423    0.1
 50645 124.48  48.48   195    0.1
 50647 123.48  48.13   236    0.2
 50673 130.40  48.88    90    1.0
 50772 129.23  48.10   288    0.3
 50833 122.90  46.72   187    0.1
 50851 126.08  46.68   207    1.1
 50859 126.28  46.29   169    0.4
 50867 127.35  46.08   134    0.1
 50960 127.38  45.73   184    0.1
 50964 128.80  45.83   119    0.2
 54080 127.15  44.90   194    0.4
 56383 103.87  29.83   455    0.1
 56883 103.98  24.82  1900    0.1
 56889 104.17  24.05  1518    0.1
 56891 104.32  24.98  1482    0.7
 56989 103.95  22.50   137    0.3
 56992 104.70  23.45  1507    0.7
 56994 104.28  23.33  1293    0.1
 57837 108.07  26.40   839    0.4
 57859 110.63  26.03   408    0.1
 57876 112.83  26.43   135    0.1
 57905 105.61  25.40  1184    0.1
 57908 105.48  25.12  1394    0.1
 57936 108.91  25.76   258    0.4
 57941 109.60  25.78   197    0.4
 57942 110.00  25.80   268    0.8
 57948 109.25  25.08   122    3.8
 57949 110.00  24.98   156    5.4
 57954 110.18  25.23   157    1.1
 57955 110.67  25.62   224    1.5
 57956 110.32  25.42   167    2.4
 57958 110.32  25.08   151    1.9
 57964 111.15  25.50   263    0.5
 57966 111.96  25.59   244    0.9
 57969 111.31  25.28   269    0.5
 57975 112.20  25.38   277    0.5
 57978 112.55  25.27   292    0.1
 57981 113.22  25.97   139    0.1
 57989 113.77  25.07   112    0.2
 57994 114.35  25.40   215    0.1
 58644 119.28  28.60   237    0.1
 58701 115.40  27.77    46    0.1
 58850 120.23  26.92    92    0.1
 58903 116.03  25.90   210    0.1
 58906 115.80  25.60   167    0.1
 58907 115.40  25.15   305    0.1
 58917 116.10  25.08   307    0.2
 58923 117.83  25.70   400    0.1
 58928 117.53  25.02   166    1.0
 58929 118.15  25.07    68    0.8
 58934 118.27  25.33   183    0.4
 58935 118.23  25.48   521    0.3
 58938 118.98  25.23    23    0.6
 58940 119.33  26.08    25    0.1
 58941 119.50  25.97    25    0.1
 58942 119.38  25.72    39    0.2
 58946 119.00  25.45    81    0.1
 59004 105.10  24.50   725    1.0
 59031 108.26  24.81   342    0.3
 59033 108.90  24.78   328    0.4
 59034 108.67  24.48   150    1.3
 59041 109.25  24.65   108    2.5
 59044 109.38  24.46    97    7.3
 59045 109.75  24.48    94   10.4
 59047 109.33  24.25   100    3.9
 59051 110.50  24.77   136    7.2
 59052 110.82  24.83   169    6.2
 59053 110.64  24.65   157    5.9
 59055 110.40  24.50   165    8.1
 59057 110.18  24.13   830    9.0
 59059 110.80  24.18   105    8.5
 59061 111.27  24.82   193    5.1
 59063 111.45  25.18   265    0.4
 59064 111.32  24.55   136    7.8
 59071 112.28  24.73   174    4.8
 59074 112.15  24.57   300    8.0
 59075 112.63  24.48    70   10.2
 59081 113.29  24.78   131    4.2
 59090 114.07  24.95   103    0.1
 59091 114.52  24.75   277    0.2
 59094 114.12  24.35   184    2.0
 59099 114.93  24.45   173    1.3
 59109 115.73  24.15   123    0.4
 59122 117.75  24.62    43    0.8
 59124 117.38  24.52    53    0.2
 59125 117.30  24.38   108    0.7
 59127 117.83  24.43    32    1.1
 59129 117.60  24.13    53    1.5
 59130 118.15  24.73    30    0.5
 59131 118.37  24.97    45    0.5
 59137 118.57  24.82    56    1.2
 59215 106.63  23.33   680    0.3
 59227 107.14  23.11   454    0.5
 59237 108.28  23.17   111    0.1
 59238 108.80  23.22   122    0.1
 59241 109.68  23.97    90    0.8
 59246 109.67  23.60    70    0.1
 59249 109.62  23.12    51    0.2
 59255 110.38  23.55    32    0.4
 59256 110.90  23.37   105    0.7
 59264 111.50  23.40    83    3.0
 59266 111.23  23.42    42    1.7
 59268 111.54  23.26    70    3.3
 59269 111.78  23.17    47    2.6
 59270 112.18  23.92    84   13.7
 59276 112.65  23.35    40    3.6
 59279 112.87  23.18    24    8.4
 59284 113.24  23.42    38    6.0
 59285 113.60  23.57    38    8.6
 59288 113.02  23.15    29   11.0
 59290 114.25  23.78    85    6.5
 59297 114.28  23.17    17   10.2
 59310 116.18  23.77    45    2.7
 59312 116.70  23.67    60    2.6
 59313 116.98  23.68    44    4.0
 59314 116.13  23.30    29    4.2
 59315 116.40  23.59    43    5.6
 59318 116.58  23.27     5    2.6
 59319 116.83  23.43     4    3.9
 59320 117.13  23.75    37    3.4
 59322 117.37  23.98    22    1.6
 59419 106.74  22.06   348    0.3
 59425 107.35  22.40   107    0.2
 59426 107.92  22.61   146    0.3
 59427 107.07  22.12   163    1.1
 59429 108.01  22.18   216    0.4
 59441 109.25  22.70    78    0.3
 59449 109.98  22.30    85    0.1
 59451 110.35  22.70    98    0.5
 59452 110.53  22.83   131    2.0
 59454 110.99  22.95   202    2.0
 59457 110.27  22.32   121    0.9
 59469 111.78  22.17    37    1.9
 59470 112.20  22.70    57    8.6
 59471 112.05  22.93   101    5.0
 59473 112.98  22.74    47   10.8
 59475 112.65  22.40    27    4.7
 59476 113.03  22.53    36    4.5
 59477 112.23  22.27    68    3.7
