diamond  3 2015年03月15日14点6小时降雨量                     
  15  03  15  14    -1 3 10 25 50 1 0
 39 122.7  37.3 122.5  36.7 120.8  36.2 119.3  35.0 120.4  34.3
 121.1  32.7 122.3  30.9 122.5  30.1 121.5  28.0 119.8  25.0
 116.1  22.6 111.0  21.0 111.0  18.6 109.6  18.1 108.3  18.5
 108.9  19.9 109.3  21.0 106.4  21.6 104.1  22.2 101.6  20.8
  98.7  22.0  97.1  24.1  97.7  27.0  91.7  26.6  85.7  27.7
  78.9  30.6  73.3  37.1  74.1  40.7  87.6  49.8  98.5  43.9
 110.4  44.3 122.0  54.7 135.7  48.3 131.5  42.2 125.2  39.4
 121.3  38.5 121.2  40.3 118.5  38.6 120.8  38.1
 1     302
 54279 126.58  42.05   544    1.1
 54362 125.73  41.67   380    0.9
 54371 126.43  41.93   520    0.6
 54483 123.90  40.88   233   0.01
 54494 124.07  40.47    72    0.2
 56171 101.70  32.90  3275    0.2
 57137 108.32  33.32   802   0.01
 57140 109.12  33.67   818   0.01
 57257 110.23  32.23   307    0.1
 57268 111.62  32.27   120    0.1
 57320 107.22  31.93   482    0.1
 57333 108.67  31.95   798    0.5
 57338 108.42  31.18   216    0.1
 57339 108.68  30.95   297    0.1
 57345 109.62  31.40   337    1.1
 57349 109.86  31.08   606    1.3
 57361 111.27  31.88   327   0.01
 57362 110.67  31.75   935    0.6
 57363 111.83  31.80   151   0.01
 57368 111.63  31.05   141    0.7
 57377 112.22  31.00   191    0.5
 57385 113.82  31.62    93   0.01
 57386 114.00  31.25    51    0.2
 57387 113.13  31.00    84    1.2
 57388 113.71  31.27    53    0.4
 57389 113.75  31.03    32    0.5
 57431 108.35  30.83   257   0.01
 57437 108.03  30.30   325   0.01
 57438 108.12  29.98   632    0.2
 57453 111.32  30.77   115    0.7
 57460 111.78  30.82    91    1.0
 57462 111.08  30.87   139    0.4
 57464 111.18  30.47   142    1.2
 57465 111.45  30.38    74    1.2
 57466 111.75  30.43    50    0.7
 57475 112.90  30.40    31    0.3
 57477 112.22  30.07    38    2.2
 57481 113.57  30.95    30    1.7
 57485 113.47  30.28    23    0.5
 57486 113.85  30.65    25    0.7
 57489 114.01  30.52    23    0.6
 57491 114.40  30.87    31    0.4
 57492 114.84  30.84    40   0.01
 57495 114.88  30.67    28   0.01
 57496 114.87  30.37    31    0.1
 57499 114.88  30.07    40   0.01
 57525 107.75  29.32   277    0.3
 57537 108.17  29.30   322    0.6
 57540 109.15  29.68   776    1.6
 57541 109.48  30.00   532    0.7
 57543 110.03  29.90   539    2.0
 57544 109.45  29.47   488   0.01
 57558 110.47  29.13   183    0.2
 57564 111.13  29.43   103    0.9
 57565 111.73  29.67    38   0.01
 57566 111.65  29.45    51   0.01
 57571 112.40  29.70    35    0.4
 57575 112.55  29.52    31    0.2
 57577 112.17  29.40    36    0.1
 57582 113.88  29.72    46    0.5
 57585 113.45  29.48    60    1.7
 57586 114.03  29.53    78    2.7
 57589 113.87  29.27   146    5.9
 57590 114.37  29.85    98   0.01
 57596 114.20  29.63   751    2.8
 57635 108.98  28.45   363    0.2
 57636 108.50  28.57   334    0.2
 57640 109.45  28.58   341   0.01
 57643 109.83  29.00   268    0.8
 57646 109.95  28.62   302   0.01
 57657 110.21  28.23   186    0.7
 57658 110.20  28.02   152    0.2
 57661 111.48  28.92    48    5.1
 57663 111.95  28.92    31    4.8
 57666 112.13  28.52    52   11.3
 57674 112.38  28.57    46    9.4
 57678 112.55  28.25    74    9.3
 57680 113.11  28.86    82   14.4
 57688 113.63  28.16   101    7.0
 57694 114.38  28.53   259    6.7
 57698 114.45  28.12    98   12.5
 57699 114.92  28.23    66   12.1
 57708 105.60  27.15  1700   0.01
 57714 106.23  27.47   942    0.1
 57717 106.83  27.53   974   0.01
 57719 106.97  27.07  1275   0.01
 57734 108.23  27.57   467   0.01
 57740 109.60  27.95   349   0.01
 57742 109.20  27.52   884    0.1
 57743 109.80  27.88   176   0.01
 57760 111.43  27.70   249    0.5
 57762 111.70  27.69   165    0.1
 57763 112.00  27.68   205    0.2
 57767 111.01  27.13   308   0.01
 57771 112.53  27.93    88    0.8
 57772 112.50  27.75    86    0.4
 57773 112.83  27.88    63    4.2
 57777 112.87  27.23    63    0.7
 57778 112.95  27.09    70    1.4
 57781 113.50  27.65    74    5.8
 57783 113.82  27.88   118    5.3
 57786 113.85  27.63   117    4.5
 57792 114.68  27.82    93   27.4
 57794 114.02  27.63   177    8.8
 57796 114.88  27.83   189   22.6
 57798 114.60  27.40    85    9.0
 57800 105.37  26.77  1457   0.01
 57811 106.60  26.83  1296   0.01
 57822 107.90  26.90   835    0.1
 57828 107.58  26.50   983   0.01
 57829 107.80  26.20   963    0.1
 57837 108.07  26.40   839   0.01
 57842 109.72  26.88   281    0.1
 57844 109.18  26.68   343   0.01
 57846 110.15  26.58   310   0.01
 57859 110.63  26.03   408   0.01
 57860 111.28  27.00   283    0.1
 57865 111.62  26.50   192    0.1
 57868 111.86  26.59   113    0.1
 57870 112.10  26.80   151    0.5
 57875 112.68  26.75   137    2.8
 57876 112.83  26.43   135    1.2
 57881 113.25  26.72   101    2.3
 57882 113.55  26.79   136    4.0
 57883 114.28  26.75   253    6.7
 57886 113.80  26.48   268    3.1
 57887 113.12  26.12   167   0.01
 57891 114.25  26.93   153   28.8
 57895 114.78  26.47   101    0.3
 57899 114.92  26.80    71    6.5
 57923 107.87  25.98   419    0.1
 57941 109.60  25.78   197   0.01
 57948 109.25  25.08   122    0.7
 57949 110.00  24.98   156    0.1
 57956 110.32  25.42   167   0.01
 57960 111.07  25.93   195   0.01
 57962 111.65  25.97   167    0.1
 57964 111.15  25.50   263    0.1
 57966 111.96  25.59   244    0.1
 57969 111.31  25.28   269    0.1
 57971 112.20  25.92   224    0.2
 57975 112.20  25.38   277    0.2
 57978 112.55  25.27   292   0.01
 57988 113.33  25.10   143    0.1
 57989 113.77  25.07   112    0.1
 57991 114.55  25.80   140   0.01
 57992 114.75  25.67   127    0.6
 57994 114.35  25.40   215    0.4
 58404 115.22  30.47    61   0.01
 58408 115.43  30.23    35    0.1
 58426 118.13  30.30   193    0.1
 58431 118.32  30.90    39    0.3
 58443 119.89  31.02    25   0.01
 58449 119.95  30.05    46   0.01
 58451 120.93  30.83     2    0.2
 58452 120.77  30.73     4   0.01
 58453 120.50  30.07     7   0.01
 58455 120.65  30.52     8   0.01
 58456 120.52  30.63     6   0.01
 58458 120.90  30.54     4   0.01
 58459 120.29  30.19    44   0.01
 58468 121.17  30.05     5   0.01
 58484 122.20  30.25    37    1.4
 58501 115.63  29.92    23   0.01
 58502 116.02  29.67    74    0.6
 58503 115.67  29.70    41    0.2
 58505 115.90  29.62    63    1.0
 58507 115.12  29.25   116    5.2
 58508 115.77  29.33    41    2.1
 58509 115.82  29.05    36    5.2
 58510 116.23  29.73    40   0.01
 58512 116.55  29.90    71   0.01
 58514 116.05  29.45    37    1.3
 58517 116.20  29.27    35    1.3
 58524 117.22  29.37    87    1.6
 58529 117.85  29.27   171    0.9
 58537 118.40  29.13   153    0.1
 58542 119.68  29.82    46   0.01
 58544 119.27  29.48    88   0.01
 58546 119.88  29.47   115    1.0
 58547 119.18  29.03    66    0.5
 58548 119.47  29.22    50    0.1
 58550 120.25  29.70    39    1.5
 58555 120.88  29.52   113    1.5
 58558 120.22  29.27    89    0.1
 58559 120.97  29.15   107    1.7
 58560 120.43  29.05   304    0.8
 58561 121.60  29.98     4    1.5
 58563 121.83  29.88     5    4.2
 58565 121.39  29.69    41    1.8
 58566 121.88  29.47     6    4.9
 58567 121.43  29.32    39    3.8
 58568 121.38  29.12    34    2.0
 58570 122.30  29.95    85    7.0
 58601 115.38  28.70    53    5.3
 58602 115.55  28.85    40    5.6
 58605 115.38  28.42    46    9.4
 58607 115.95  28.55    31    4.1
 58609 115.82  28.22    27    9.0
 58612 116.68  28.70    21    2.3
 58614 116.27  28.38    34    5.8
 58615 117.08  28.68    56    3.2
 58616 116.82  28.20    40   15.6
 58618 116.60  28.27    82   11.6
 58619 116.37  28.00    49    5.2
 58620 117.10  29.02    51    1.6
 58623 117.92  28.47    90   17.1
 58625 117.60  28.42    79   16.8
 58627 117.06  28.31    56    6.6
 58629 117.71  28.29   100   12.3
 58631 118.50  28.90   137    3.3
 58632 118.60  28.72   126    1.1
 58635 118.20  28.43    95   17.9
 58642 119.80  28.88   105    0.6
 58643 120.03  28.90   102    0.1
 58644 119.28  28.60   237    4.6
 58647 119.13  28.08   222    1.9
 58654 120.08  28.67   184    0.8
 58656 120.97  28.07    60    1.3
 58657 120.28  28.15    57    1.0
 58658 120.68  28.15    34    1.0
 58659 120.65  28.03    28    2.3
 58660 121.20  28.87     6    7.2
 58664 121.37  28.37    35    2.2
 58693 115.83  28.70    40    5.1
 58701 115.40  27.77    46   21.9
 58704 115.35  27.58   104   22.0
 58706 115.83  27.43   181   18.2
 58707 115.13  27.22    66   35.3
 58710 116.05  27.77    78   11.3
 58712 116.78  27.92   130    4.9
 58713 117.07  27.72   225    5.1
 58714 116.23  27.55   120   15.5
 58719 116.93  27.30   131   11.0
 58724 117.32  27.53   268    2.8
 58735 118.75  27.52   260    3.4
 58736 118.82  27.38   262    8.2
 58745 119.08  27.62   400    2.0
 58746 119.70  27.55   538   18.2
 58747 119.35  27.15   899    3.0
 58748 119.65  27.10    50    1.8
 58749 119.88  27.23   684    1.5
 58750 120.08  27.78   105    5.7
 58751 120.57  27.67   254    6.2
 58804 115.35  26.35   151    0.5
 58814 116.35  26.35   247    8.5
 58819 116.82  26.18   336    2.8
 58821 117.47  26.73   173   17.4
 58822 116.85  26.83   342   21.0
 58823 117.80  26.80   175   17.3
 58824 117.15  26.40   357    5.5
 58826 117.80  26.40   120    3.2
 58828 117.62  26.27   208    1.7
 58836 118.73  26.58   361    2.7
 58839 118.85  26.23    40    0.2
 58845 119.53  26.50    60   0.01
 58850 120.23  26.92    92    2.4
 58903 116.03  25.90   210    3.8
 58905 115.42  25.97   133    3.5
 58906 115.80  25.60   167    0.3
 58907 115.40  25.15   305    0.2
 58917 116.10  25.08   307   0.01
 59022 107.55  24.98   749   0.01
 59031 108.26  24.81   342    0.1
 59033 108.90  24.78   328    0.1
 59034 108.67  24.48   150    0.1
 59038 108.65  24.07   138   0.01
 59041 109.25  24.65   108    1.0
 59044 109.38  24.46    97    0.5
 59045 109.75  24.48    94   0.01
 59047 109.33  24.25   100    0.1
 59052 110.82  24.83   169   0.01
 59059 110.80  24.18   105    0.6
 59061 111.27  24.82   193    0.3
 59063 111.45  25.18   265    1.3
 59064 111.32  24.55   136   0.01
 59071 112.28  24.73   174    0.2
 59074 112.15  24.57   300    0.5
 59075 112.63  24.48    70    0.3
 59081 113.29  24.78   131    0.2
 59090 114.07  24.95   103    0.1
 59091 114.52  24.75   277    2.6
 59093 115.03  24.78   253    4.9
 59094 114.12  24.35   184    1.3
 59235 108.62  23.43   115   0.01
 59241 109.68  23.97    90   0.01
 59270 112.18  23.92    84    0.1
 59276 112.65  23.35    40    0.5
 59279 112.87  23.18    24   0.01
 59288 113.02  23.15    29   0.01
 59290 114.25  23.78    85    0.1
 59451 110.35  22.70    98   0.01
 59457 110.27  22.32   121   0.01
 59469 111.78  22.17    37    0.2
 59470 112.20  22.70    57   0.01
 59471 112.05  22.93   101   0.01
 59473 112.98  22.74    47   0.01
 59475 112.65  22.40    27    0.1
 59476 113.03  22.53    36    0.1
 59477 112.23  22.27    68    1.5
 59480 113.25  22.85    21    0.1
 59481 113.32  22.93    12    0.1
