diamond  3 2015年03月22日02点6小时降雨量                     
  15  03  22  02    -1 3 10 25 50 1 0
 39 122.7  37.3 122.5  36.7 120.8  36.2 119.3  35.0 120.4  34.3
 121.1  32.7 122.3  30.9 122.5  30.1 121.5  28.0 119.8  25.0
 116.1  22.6 111.0  21.0 111.0  18.6 109.6  18.1 108.3  18.5
 108.9  19.9 109.3  21.0 106.4  21.6 104.1  22.2 101.6  20.8
  98.7  22.0  97.1  24.1  97.7  27.0  91.7  26.6  85.7  27.7
  78.9  30.6  73.3  37.1  74.1  40.7  87.6  49.8  98.5  43.9
 110.4  44.3 122.0  54.7 135.7  48.3 131.5  42.2 125.2  39.4
 121.3  38.5 121.2  40.3 118.5  38.6 120.8  38.1
 1      38
 50787 131.84  47.31    62    0.4
 51468  86.83  43.10  3539    1.7
 54047 123.28  44.13   145    0.3
 54065 125.65  44.53   169    0.1
 54072 126.52  44.85   196    0.4
 54156 124.80  43.52   200    0.8
 54231 122.35  42.97   248    0.1
 54252 124.75  42.73   196    0.4
 56181 103.70  30.68   541    0.4
 56189 103.93  30.98   581    0.8
 56197 104.17  31.15   535    0.6
 56272 103.88  30.82   558    0.3
 56273 102.82  30.39  1022    0.1
 56276 103.82  30.45   467    0.1
 56278 102.77  30.07   755    0.1
 56284 103.43  30.45   518    0.3
 56285 103.52  30.60   523    0.3
 56286 104.26  30.61   505    0.2
 56288 103.92  30.58   494    0.2
 56290 104.18  30.78   514    0.2
 56295 104.55  30.38   448    0.3
 56296 104.43  30.85   448    0.2
 56989 103.95  22.50   137    0.2
 56992 104.70  23.45  1507    0.6
 56995 104.42  23.03  1332    0.9
 57717 106.83  27.53   974    3.6
 57719 106.97  27.07  1275    2.8
 57728 107.47  27.07  1096    5.1
 57824 107.23  26.58  1001    2.2
 57913 106.98  26.45  1093    2.0
 57914 106.67  26.42  1149    0.3
 58109 115.65  33.13    31    0.1
 58631 118.50  28.90   137    0.1
 58746 119.70  27.55   538    0.1
 58747 119.35  27.15   899    0.6
 58748 119.65  27.10    50    0.2
 58845 119.53  26.50    60    0.2
 59125 117.30  24.38   108    0.7
