diamond  3 2015年03月01日08点6小时降雨量                     
  15  03  01  08    -1 3 10 25 50 1 0
 39 122.7  37.3 122.5  36.7 120.8  36.2 119.3  35.0 120.4  34.3
 121.1  32.7 122.3  30.9 122.5  30.1 121.5  28.0 119.8  25.0
 116.1  22.6 111.0  21.0 111.0  18.6 109.6  18.1 108.3  18.5
 108.9  19.9 109.3  21.0 106.4  21.6 104.1  22.2 101.6  20.8
  98.7  22.0  97.1  24.1  97.7  27.0  91.7  26.6  85.7  27.7
  78.9  30.6  73.3  37.1  74.1  40.7  87.6  49.8  98.5  43.9
 110.4  44.3 122.0  54.7 135.7  48.3 131.5  42.2 125.2  39.4
 121.3  38.5 121.2  40.3 118.5  38.6 120.8  38.1
 1     123
 50525 119.75  49.15   620    0.1
 50673 130.40  48.88    90    0.7
 50772 129.23  48.10   288    1.4
 50775 130.20  47.34   182    1.2
 50776 130.83  47.57    83    2.2
 50787 131.84  47.31    62    1.2
 50851 126.08  46.68   207    0.1
 50867 127.35  46.08   134    0.4
 50878 130.72  47.00    78    0.2
 50958 126.93  45.53   168    0.1
 50960 127.38  45.73   184    0.2
 50962 128.03  45.95   112    0.6
 50964 128.80  45.83   119    0.2
 50965 128.27  45.43   167    0.2
 54080 127.15  44.90   194    0.2
 54156 124.80  43.52   200    0.1
 54231 122.35  42.97   248    0.1
 54279 126.58  42.05   544    1.8
 54362 125.73  41.67   380    0.2
 56493 104.97  28.85   292    0.1
 56585 103.56  27.19  1952    0.2
 56595 104.87  27.42  1645    0.1
 56596 105.05  27.85  1177    0.7
 57408 105.35  30.12   338    0.1
 57416 106.93  30.33   391    0.1
 57425 107.33  30.33   433    0.4
 57437 108.03  30.30   325    2.0
 57438 108.12  29.98   632    0.1
 57509 106.92  28.99   599    1.0
 57519 107.11  29.16   698    1.3
 57522 107.27  29.74   372    0.5
 57540 109.15  29.68   776    1.4
 57544 109.45  29.47   488    0.6
 57585 113.45  29.48    60    0.1
 57603 105.83  28.82   283    0.1
 57657 110.21  28.23   186    0.1
 57658 110.20  28.02   152    0.1
 57666 112.13  28.52    52    0.2
 57674 112.38  28.57    46    0.7
 57694 114.38  28.53   259    0.4
 57698 114.45  28.12    98    0.1
 57699 114.92  28.23    66    0.1
 57708 105.60  27.15  1700    0.2
 57714 106.23  27.47   942    0.4
 57717 106.83  27.53   974    0.3
 57723 107.72  27.98   710    0.1
 57760 111.43  27.70   249    0.8
 57762 111.70  27.69   165    0.4
 57763 112.00  27.68   205    0.2
 57767 111.01  27.13   308    0.4
 57781 113.50  27.65    74    0.1
 57814 106.27  26.42  1298    0.1
 57846 110.15  26.58   310    0.1
 57851 110.83  26.46   346    0.1
 57859 110.63  26.03   408    0.7
 57860 111.28  27.00   283    0.1
 57899 114.92  26.80    71    0.1
 57936 108.91  25.76   258    0.1
 57941 109.60  25.78   197    0.9
 57942 110.00  25.80   268    0.5
 57955 110.67  25.62   224    0.3
 57960 111.07  25.93   195    0.3
 57962 111.65  25.97   167    0.2
 57966 111.96  25.59   244    0.5
 57971 112.20  25.92   224    0.4
 57973 112.72  25.75   329    0.2
 57975 112.20  25.38   277    0.2
 57976 112.94  25.41   222    0.1
 57978 112.55  25.27   292    0.1
 58438 118.58  30.08   191    0.1
 58446 119.70  30.63    72    0.2
 58537 118.40  29.13   153    0.1
 58547 119.18  29.03    66    0.8
 58560 120.43  29.05   304    0.2
 58566 121.88  29.47     6    0.6
 58567 121.43  29.32    39    0.2
 58568 121.38  29.12    34    0.2
 58605 115.38  28.42    46    0.4
 58609 115.82  28.22    27    0.1
 58619 116.37  28.00    49    0.1
 58623 117.92  28.47    90    0.1
 58627 117.06  28.31    56    0.1
 58631 118.50  28.90   137    0.7
 58632 118.60  28.72   126    0.3
 58642 119.80  28.88   105    0.2
 58643 120.03  28.90   102    0.1
 58644 119.28  28.60   237    0.1
 58647 119.13  28.08   222    0.7
 58654 120.08  28.67   184    1.4
 58658 120.68  28.15    34    0.1
 58664 121.37  28.37    35    0.1
 58693 115.83  28.70    40    0.1
 58707 115.13  27.22    66    0.4
 58712 116.78  27.92   130    0.1
 58713 117.07  27.72   225    0.2
 58724 117.32  27.53   268    0.1
 58735 118.75  27.52   260    0.2
 58736 118.82  27.38   262    0.1
 58745 119.08  27.62   400    0.2
 58746 119.70  27.55   538    0.1
 58747 119.35  27.15   899    0.1
 58749 119.88  27.23   684    0.1
 58819 116.82  26.18   336    0.1
 58836 118.73  26.58   361    0.1
 58839 118.85  26.23    40    0.2
 58844 119.15  26.15    57    0.1
 58845 119.53  26.50    60    1.1
 58848 119.55  26.20    13    1.9
 58850 120.23  26.92    92    0.6
 58907 115.40  25.15   305    0.2
 58923 117.83  25.70   400    0.1
 58940 119.33  26.08    25    0.1
 58941 119.50  25.97    25    0.2
 59071 112.28  24.73   174    0.1
 59127 117.83  24.43    32    0.1
 59229 107.70  23.17   125    0.1
 59246 109.67  23.60    70    0.1
 59419 106.74  22.06   348    0.2
 59421 107.20  22.83   255    0.7
 59425 107.35  22.40   107    0.1
 59426 107.92  22.61   146    0.1
 59429 108.01  22.18   216    0.9
 59477 112.23  22.27    68    1.1
