diamond  3 2015年03月31日08点6小时降雨量                     
  15  03  31  08    -1 3 10 25 50 1 0
 39 122.7  37.3 122.5  36.7 120.8  36.2 119.3  35.0 120.4  34.3
 121.1  32.7 122.3  30.9 122.5  30.1 121.5  28.0 119.8  25.0
 116.1  22.6 111.0  21.0 111.0  18.6 109.6  18.1 108.3  18.5
 108.9  19.9 109.3  21.0 106.4  21.6 104.1  22.2 101.6  20.8
  98.7  22.0  97.1  24.1  97.7  27.0  91.7  26.6  85.7  27.7
  78.9  30.6  73.3  37.1  74.1  40.7  87.6  49.8  98.5  43.9
 110.4  44.3 122.0  54.7 135.7  48.3 131.5  42.2 125.2  39.4
 121.3  38.5 121.2  40.3 118.5  38.6 120.8  38.1
 1     111
 51058  87.97  47.10   563    1.3
 51328  80.42  44.20   770    1.4
 51352  85.25  44.85   337    1.0
 51359  86.20  44.32   471    0.1
 51369  87.65  43.97   600    0.8
 51377  87.92  44.17   547    0.2
 51435  82.23  43.47   774    6.9
 51436  83.30  43.45   928    0.4
 51438  81.77  43.18  1210    6.4
 51465  87.10  43.48  1871    0.5
 53696 115.02  38.55    41    0.3
 54156 124.80  43.52   200    6.2
 54231 122.35  42.97   248    0.8
 54234 121.75  42.73   297    0.1
 54244 123.33  42.75   118    1.6
 54245 123.40  42.50    97    3.0
 54248 123.53  42.03    61    2.7
 54249 123.87  42.30    85    6.0
 54252 124.75  42.73   196    4.4
 54279 126.58  42.05   544    5.2
 54318 117.73  41.32   561    2.7
 54319 118.67  41.00   502    3.1
 54320 119.30  41.60   544    0.2
 54328 119.72  41.08   296    0.4
 54332 122.72  41.52    12    0.4
 54362 125.73  41.67   380    0.4
 54398 116.62  40.13    28    0.2
 54420 117.33  40.93   529    3.0
 54421 117.12  40.65   293    0.6
 54424 117.12  40.17    32    1.2
 54425 117.47  40.40   633    2.0
 54428 117.40  40.03    15    0.8
 54430 118.21  40.78   330    0.4
 54431 116.63  39.92    43    1.0
 54432 118.47  40.61   369    0.6
 54433 116.50  39.95    35    0.1
 54502 116.03  39.48    29    0.9
 54506 115.95  39.32    24    2.3
 54514 116.25  39.87    55    0.2
 54596 116.19  39.77    48    5.6
 54603 115.77  38.72    10    6.7
 54608 115.55  38.00    26    0.1
 54611 115.32  38.93    44    1.8
 54616 116.85  38.35     8    1.5
 54619 116.92  38.92     5    8.9
 54645 117.47  38.85     2    0.6
 54702 115.70  37.73    20    1.5
 54861 121.53  36.93    45    0.4
 54871 122.48  36.93     9    1.0
 56317  94.22  29.22  2950    0.6
 57087 113.73  34.27   104    0.1
 57088 113.50  34.19   146    0.1
 57169 111.87  33.05   159    0.3
 57176 112.42  33.48   231    0.9
 57180 113.20  33.98   117    0.2
 57187 112.93  33.07   118    0.7
 57204 105.22  32.57   782    0.2
 57261 111.52  33.12   233    0.3
 57271 112.38  32.52    87    0.1
 57859 110.63  26.03   408    0.1
 57948 109.25  25.08   122    0.5
 57949 110.00  24.98   156    1.1
 57969 111.31  25.28   269    0.2
 58112 116.45  30.73   968    0.9
 58269 121.65  31.78     3    0.1
 58421 117.87  30.63    31    0.1
 58432 118.40  30.68    57    0.1
 58524 117.22  29.37    87    0.1
 58537 118.40  29.13   153    2.9
 58548 119.47  29.22    50    0.1
 58566 121.88  29.47     6    0.1
 58567 121.43  29.32    39    0.2
 58568 121.38  29.12    34    0.9
 58570 122.30  29.95    85    0.1
 58612 116.68  28.70    21    0.3
 58620 117.10  29.02    51    0.1
 58631 118.50  28.90   137    1.3
 58632 118.60  28.72   126    0.1
 58635 118.20  28.43    95    0.8
 58642 119.80  28.88   105    0.1
 58644 119.28  28.60   237    8.2
 58647 119.13  28.08   222    9.7
 58654 120.08  28.67   184    4.2
 58656 120.97  28.07    60    8.6
 58657 120.28  28.15    57    4.4
 58658 120.68  28.15    34    0.9
 58659 120.65  28.03    28    1.0
 58660 121.20  28.87     6    0.3
 58664 121.37  28.37    35   14.0
 58706 115.83  27.43   181    0.1
 58710 116.05  27.77    78    0.1
 58747 119.35  27.15   899    0.1
 58748 119.65  27.10    50    0.1
 58751 120.57  27.67   254    0.5
 58822 116.85  26.83   342    0.1
 58824 117.15  26.40   357    0.1
 59045 109.75  24.48    94    0.4
 59047 109.33  24.25   100    1.0
 59051 110.50  24.77   136    0.7
 59052 110.82  24.83   169    0.6
 59053 110.64  24.65   157    3.3
 59055 110.40  24.50   165    2.0
 59057 110.18  24.13   830    1.1
 59059 110.80  24.18   105    0.2
 59061 111.27  24.82   193    1.4
 59063 111.45  25.18   265    0.4
 59090 114.07  24.95   103    0.1
 59131 118.37  24.97    45    0.6
 59241 109.68  23.97    90    4.0
 59322 117.37  23.98    22    0.1
 59473 112.98  22.74    47    0.2
