diamond  3 2015年04月16日14点6小时降雨量                     
  15  04  16  14    -1 3 10 25 50 1 0
 39 122.7  37.3 122.5  36.7 120.8  36.2 119.3  35.0 120.4  34.3
 121.1  32.7 122.3  30.9 122.5  30.1 121.5  28.0 119.8  25.0
 116.1  22.6 111.0  21.0 111.0  18.6 109.6  18.1 108.3  18.5
 108.9  19.9 109.3  21.0 106.4  21.6 104.1  22.2 101.6  20.8
  98.7  22.0  97.1  24.1  97.7  27.0  91.7  26.6  85.7  27.7
  78.9  30.6  73.3  37.1  74.1  40.7  87.6  49.8  98.5  43.9
 110.4  44.3 122.0  54.7 135.7  48.3 131.5  42.2 125.2  39.4
 121.3  38.5 121.2  40.3 118.5  38.6 120.8  38.1
 1      50
 50137 122.37  53.47   296    1.0
 50431 121.52  50.78   717    0.8
 50524 119.43  49.32   576   0.01
 50525 119.75  49.15   620   0.01
 50526 120.70  49.28   668    1.7
 50566 128.47  49.55   116    0.6
 50674 129.43  48.57   404    1.3
 50767 127.10  47.23   202   0.01
 50772 129.23  48.10   288    5.2
 50852 126.45  46.82   169   0.01
 50861 127.48  46.89   182   0.01
 50960 127.38  45.73   184   0.01
 50962 128.03  45.95   112   0.01
 50964 128.80  45.83   119    0.7
 50965 128.27  45.43   167    1.8
 51137  82.93  46.20   715    1.8
 51145  83.65  46.55   521    1.2
 51328  80.42  44.20   770    1.7
 51329  80.85  44.05   640    6.6
 51352  85.25  44.85   337    1.2
 51353  86.10  45.02   346    0.4
 51356  86.05  44.32   442    2.8
 51357  85.62  44.33   522    2.7
 51359  86.20  44.32   471   0.01
 51369  87.65  43.97   600   0.01
 51377  87.92  44.17   547    0.1
 51430  81.15  43.83   602    4.2
 51434  81.53  43.97   770   24.2
 51435  82.23  43.47   774    5.6
 51436  83.30  43.45   928   23.4
 51438  81.77  43.18  1210   12.6
 51465  87.10  43.48  1871   0.01
 51468  86.83  43.10  3539    0.5
 51802  76.17  38.93  1297   0.01
 53881 106.48  37.28  1382    0.1
 54076 126.93  44.38   268    0.6
 54169 126.02  43.30   271    1.6
 54172 126.53  43.87   290    0.5
 54249 123.87  42.30    85   0.01
 54261 125.47  42.67   345    1.8
 54267 125.73  42.25   362    6.6
 54274 125.99  42.69   306    4.8
 54279 126.58  42.05   544    8.2
 54291 130.28  42.90    36    0.7
 54293 129.83  42.95   142    0.1
 54362 125.73  41.67   380   10.9
 54371 126.43  41.93   520    7.1
 54483 123.90  40.88   233   0.01
 54494 124.07  40.47    72    0.3
 54590 124.17  39.88     4    0.1
