diamond  3 2015年04月19日02点6小时降雨量                     
  15  04  19  02    -1 3 10 25 50 1 0
 39 122.7  37.3 122.5  36.7 120.8  36.2 119.3  35.0 120.4  34.3
 121.1  32.7 122.3  30.9 122.5  30.1 121.5  28.0 119.8  25.0
 116.1  22.6 111.0  21.0 111.0  18.6 109.6  18.1 108.3  18.5
 108.9  19.9 109.3  21.0 106.4  21.6 104.1  22.2 101.6  20.8
  98.7  22.0  97.1  24.1  97.7  27.0  91.7  26.6  85.7  27.7
  78.9  30.6  73.3  37.1  74.1  40.7  87.6  49.8  98.5  43.9
 110.4  44.3 122.0  54.7 135.7  48.3 131.5  42.2 125.2  39.4
 121.3  38.5 121.2  40.3 118.5  38.6 120.8  38.1
 1     697
 50431 121.52  50.78   717    4.5
 51435  82.23  43.47   774    0.3
 51465  87.10  43.48  1871    2.3
 52656 100.82  38.43  2281    2.0
 52853 100.98  36.90  3010    0.4
 52968 101.47  35.03  3662    0.4
 52981 103.38  35.68  2421    0.1
 52982 103.55  35.48  1953    0.1
 52985 103.33  35.42  2162    1.1
 52988 103.72  35.37  2015    0.1
 52998 104.20  35.13  2111    0.3
 53522 107.83  40.05  1180    0.1
 53596 115.13  38.85    52    2.0
 53599 114.68  39.37   884    0.4
 53603 106.37  38.83  1095    0.7
 53676 112.98  38.50   759    0.1
 53678 112.65  38.07   897    0.5
 53680 114.38  38.30   108    1.5
 53682 114.68  38.63   104    1.2
 53685 113.42  38.07   953    2.3
 53688 114.55  38.42   100    1.7
 53689 115.07  38.02    42    0.8
 53690 114.18  38.85   281    0.2
 53691 114.57  38.15    71    1.4
 53692 114.98  38.73    66    1.7
 53693 114.13  38.03   255    1.5
 53694 114.22  38.27   131    1.3
 53695 114.68  38.35    70    1.7
 53696 115.02  38.55    41    1.6
 53697 114.83  38.03    53    2.4
 53699 114.95  38.18    45    2.4
 53732 108.72  37.85  1209    0.6
 53773 114.62  36.33    64    1.1
 53774 112.37  37.58   759    0.3
 53780 113.15  37.91  1066    1.2
 53781 114.47  36.87    67    1.7
 53782 113.62  37.93   767    2.1
 53784 114.78  37.75    38    1.0
 53785 114.67  37.52    35    0.4
 53789 114.63  37.88    52    1.7
 53790 114.61  37.63    44    1.1
 53791 114.50  37.81    68    1.2
 53792 114.48  37.45   113    1.1
 53794 114.75  37.35    33    0.8
 53795 114.37  37.65   137    0.8
 53796 114.89  37.62    30    0.6
 53797 114.52  37.28    73    1.1
 53799 115.00  37.24    25    0.5
 53829 107.90  35.98  1093    0.1
 53873 112.87  36.10   951    0.1
 53874 111.90  36.25   648    0.5
 53883 114.70  37.13    36    0.8
 53886 113.67  36.57   470    1.7
 53889 113.82  36.07   306    1.1
 53890 114.10  36.67   280    1.5
 53891 114.68  37.02    43    0.6
 53892 114.47  36.62    66    1.4
 53894 114.20  36.40   149    1.9
 53895 114.50  36.78    60    1.7
 53896 114.95  36.35    50    1.0
 53897 114.38  36.38    69    2.3
 53899 114.97  36.48    48    0.7
 53914 106.12  35.62  2078    0.2
 53916 106.32  35.50  1948    1.9
 53917 106.07  35.22  1631    1.9
 53924 107.62  35.07   966    3.3
 53925 107.18  35.68  1172    0.8
 53926 107.35  35.35  1028    3.2
 53927 106.62  35.20  1477    0.3
 53928 107.02  35.30  1149    3.2
 53930 107.98  36.45  1271    0.1
 53934 107.98  35.78  1274    0.6
 53935 108.40  35.49  1481    0.9
 53937 107.92  35.52   979    2.2
 53938 108.30  35.17  1277    3.6
 53947 109.07  35.08   978    0.5
 53949 109.92  35.18   679    0.5
 53950 110.15  35.23   708    0.3
 53954 110.97  35.62   433    0.1
 53956 110.83  35.40   588    1.0
 53958 110.78  35.17   435    0.1
 53962 111.70  35.73   584    0.1
 53964 111.22  35.62   430    0.1
 53967 111.20  35.33   468    1.0
 53972 112.90  35.05   117    4.8
 53974 114.23  35.61    70    1.6
 53976 112.87  35.50   752    1.8
 53978 112.63  35.08   140    1.7
 53979 113.08  35.15   120    3.1
 53980 114.80  36.55    50    0.7
 53982 113.27  35.23   112    3.0
 53983 114.42  35.03    69    1.6
 53984 113.47  35.23    82    2.6
 53985 113.82  35.50   140    2.1
 53987 113.36  35.11    94    2.2
 53988 113.67  35.27    77    3.0
 53989 113.98  35.08    75    1.9
 53991 114.33  35.92    93    2.3
 53992 114.52  35.65    58    1.8
 53993 114.92  35.93    51    1.4
 53994 114.07  35.38    70    2.0
 53995 114.50  35.55    62    1.1
 53996 114.65  36.45    57    1.4
 53997 114.18  35.15    71    1.3
 53998 114.65  35.20    61    1.6
 54245 123.40  42.50    97    0.2
 54327 119.35  41.23   417    0.1
 54502 116.03  39.48    29    0.7
 54503 115.82  39.07    12    1.2
 54506 115.95  39.32    24    1.2
 54507 115.52  39.33    49    2.0
 54512 116.28  39.42    21    0.5
 54523 117.02  39.38     4    0.1
 54528 117.13  39.23     3    0.1
 54597 115.74  39.73   407    0.4
 54601 115.65  38.98    13    1.9
 54603 115.77  38.72    10    0.5
 54604 115.33  38.42    29    1.3
 54605 115.93  38.93     4    1.4
 54607 115.12  38.72    45    1.7
 54608 115.55  38.00    26    0.2
 54609 115.59  38.23    22    0.3
 54610 116.10  38.73     8    0.2
 54611 115.32  38.93    44    1.5
 54612 116.46  38.85     4    0.1
 54613 116.62  38.70     6    0.1
 54614 116.06  38.42    10    0.2
 54615 116.85  38.58     8    0.2
 54616 116.85  38.35     8    0.3
 54617 116.12  38.18    13    0.1
 54620 115.57  38.48    18    1.1
 54621 115.18  38.18    38    1.6
 54626 115.82  38.42    13    0.3
 54627 117.23  38.03     8    0.6
 54628 117.48  38.15     6    0.3
 54631 115.15  37.07    32    1.9
 54632 115.03  37.07    34    1.3
 54633 115.23  37.52    26    0.9
 54636 116.10  39.02    11    0.7
 54640 114.87  36.92    36    1.3
 54644 117.12  38.05    10    0.2
 54700 115.93  38.03    16    0.3
 54701 115.20  37.93    35    0.6
 54702 115.70  37.73    20    0.1
 54703 115.88  37.80    21    0.1
 54704 115.57  37.52    24    1.0
 54706 115.67  37.08    31    0.8
 54707 115.98  37.35    27    0.3
 54708 115.73  37.50    23    0.6
 54709 116.07  37.23    24    0.4
 54710 116.17  37.87    18    0.1
 54711 116.28  37.70    18    0.6
 54712 116.82  37.20    18    4.6
 54713 116.53  37.88    14    0.4
 54714 116.33  37.45    23    0.6
 54716 116.80  37.67    16    1.6
 54717 116.40  37.63    17    0.4
 54718 116.47  37.15    22    2.4
 54719 116.68  38.03    11    1.1
 54722 117.63  37.75     6    2.0
 54723 117.57  37.65    10    1.6
 54724 117.13  37.32    14    4.3
 54726 117.18  37.70    11    1.9
 54728 117.38  37.77     8    1.0
 54729 117.87  37.17    11    0.7
 54730 118.14  37.69     6    1.8
 54731 118.22  37.48    11    3.3
 54732 118.52  37.87     5    2.6
 54734 118.00  37.36    12    1.2
 54736 118.67  37.43     6    3.6
 54737 118.15  37.15     9    3.9
 54738 118.40  37.05    15    0.6
 54800 115.25  37.00    33    1.7
 54801 115.48  36.85    35    0.9
 54802 115.73  36.82    34    0.2
 54803 116.02  36.98    27    0.6
 54804 115.18  36.30    45    0.2
 54805 115.47  36.45    39    0.7
 54806 115.97  36.42    33    1.3
 54807 115.77  36.15    41    1.2
 54809 115.28  36.55    41    0.1
 54810 116.27  36.87    27    2.2
 54811 116.62  36.93    20    3.1
 54812 116.75  36.78    22    3.4
 54814 116.25  36.53    29    2.1
 54815 116.27  36.38    31    3.4
 54816 116.80  36.52    98    2.5
 54817 115.87  35.98    42    2.3
 54818 116.42  36.25    79    3.0
 54819 116.80  36.18   113    2.6
 54820 115.17  36.82    36    2.0
 54821 117.20  37.00    20    6.8
 54822 117.73  36.87    47    2.4
 54824 117.95  36.63    95    3.2
 54825 117.85  36.52   189    2.2
 54827 117.15  36.17   128    3.6
 54828 117.68  36.23   229    0.1
 54829 117.87  36.77    85    2.6
 54830 117.93  36.82    34    4.1
 54831 118.50  36.65   102    2.4
 54832 118.80  36.86    23    0.1
 54833 118.08  36.97    15    3.9
 54834 118.28  36.87    46    1.2
 54835 118.55  36.50   106    1.3
 54837 118.84  36.68    78    1.3
 54841 119.42  36.86    23    0.1
 54848 119.42  35.98    82    0.5
 54851 120.56  36.90    76    0.2
 54852 120.73  36.97    54    0.1
 54861 121.53  36.93    45    0.2
 54900 115.02  35.70    53    0.4
 54901 115.17  36.08    47    0.2
 54902 115.12  35.90    49    0.9
 54903 115.48  35.85    45    0.9
 54904 115.52  35.58    50    4.2
 54905 115.93  35.58    46    3.8
 54906 115.42  35.25    49    0.2
 54907 116.65  34.98    34    4.9
 54908 115.10  35.27    57    1.1
 54910 116.05  35.82    40    3.7
 54911 116.40  35.93    44    2.0
 54912 116.50  35.77    41    1.9
 54913 116.82  35.75    62    1.6
 54914 116.08  35.42    40    2.0
 54915 116.60  35.43    33    2.8
 54917 116.33  35.13    35    5.6
 54918 116.97  35.60    62    1.9
 54919 116.98  35.38    88    4.0
 54920 117.28  35.65   110    3.8
 54921 116.33  35.42    38    2.4
 54922 117.78  35.88   224    0.5
 54923 117.93  35.72   202    1.5
 54925 117.63  35.52   167    2.6
 54927 117.20  35.10    74    2.9
 54935 118.43  35.53   119    0.2
 54938 118.40  35.05    65    1.2
 54939 118.82  35.17   113    1.2
 54940 119.20  35.75   148    0.1
 54943 120.00  35.88    10    0.1
 56034  97.13  33.80  4415    0.7
 56045  99.90  33.97  4050    0.1
 56091 104.47  34.85  1883    1.0
 56092 104.65  35.00  1728    0.2
 56094 104.37  33.78  1400    5.5
 56095 104.38  34.03  1753    4.5
 56097 104.25  33.27  1440    4.7
 56128  96.60  31.22  3810    4.5
 56147  98.83  31.22  3260    0.3
 56158 100.67  31.40  3250    0.7
 56164 100.98  32.27  3284    8.6
 56168 102.07  31.48  2168    0.1
 56171 101.70  32.90  3275    3.5
 56180 103.85  31.68  1590    0.4
 56181 103.70  30.68   541    4.3
 56183 103.62  31.50  1370    0.4
 56185 102.98  32.08  2400   12.0
 56186 104.20  31.33   589    6.5
 56189 103.93  30.98   581    8.5
 56190 104.55  31.55   519    3.6
 56192 104.67  32.95  1014    8.3
 56193 104.52  32.42   893    6.4
 56194 104.45  31.63   597    3.9
 56195 104.73  31.80   543    1.5
 56197 104.17  31.15   535    9.3
 56198 104.50  31.32   525    6.3
 56199 104.68  31.03   423    4.3
 56272 103.88  30.82   558    8.2
 56273 102.82  30.39  1022    0.1
 56276 103.82  30.45   467    1.5
 56278 102.77  30.07   755    1.7
 56279 102.93  30.15   682    2.2
 56280 103.12  30.08   691    1.5
 56281 103.50  30.18   510    0.6
 56284 103.43  30.45   518    1.6
 56285 103.52  30.60   523    3.0
 56286 104.26  30.61   505    5.8
 56288 103.92  30.58   494    2.5
 56290 104.18  30.78   514    2.4
 56291 104.28  30.93   469    9.4
 56295 104.55  30.38   448    0.3
 56296 104.43  30.85   448    1.5
 56297 104.15  30.02   436    0.3
 56298 104.60  30.13   417    0.7
 56317  94.22  29.22  2950    0.5
 56373 102.85  29.78   763    0.3
 56380 103.35  29.88   571    0.4
 56381 103.50  30.07   630    0.3
 56382 103.55  29.75   475    0.1
 56383 103.87  29.83   455    0.1
 56389 103.95  29.20   387    2.7
 56390 104.07  29.67   404    1.0
 56393 104.85  29.77   369    2.5
 56394 104.43  29.45   384    1.0
 56396 104.77  29.35   352    0.2
 56441  99.28  28.72  2422    2.7
 56443  99.80  28.93  2842    0.9
 56483 103.95  28.58   496    0.9
 56490 103.90  28.95   424    1.3
 56491 104.57  28.70   287    1.3
 56493 104.97  28.85   292    0.3
 56494 104.33  28.84   386    2.7
 56496 105.23  28.32   358    1.6
 56497 104.23  28.10   448    0.8
 56498 104.50  28.15   549    1.7
 56499 104.78  28.38   368    1.8
 56593 104.92  28.58   279    0.1
 56641  98.87  26.90  1189   20.2
 56645  99.42  26.42  2344    0.7
 56755 100.40  25.39  1711    1.0
 56757 100.28  25.27  1742    0.5
 56835  97.82  24.07   959   33.1
 56836  97.95  24.70   826    2.8
 56839  98.82  23.77   995    0.2
 56840  98.30  24.82  1012    3.5
 56841  98.68  24.60  1528   15.8
 56842  99.18  24.73  1471    6.7
 56843  99.62  24.83  1650    4.9
 56844  98.58  24.43   913   14.2
 56846  99.93  24.58  1569    8.7
 56849  99.23  24.03  1606    6.6
 56851 100.53  25.04  1377    1.3
 56944  99.27  23.15  1278    0.2
 56948  99.60  22.63  1155    0.8
 56950  99.80  23.47  1044    0.2
 56952 100.70  23.50   913    2.3
 56958 100.47  21.96  1222    0.4
 56961 101.05  23.03  1336    5.6
 56962 101.67  23.42  1314    1.2
 56978 102.42  23.00  1642    0.8
 56984 103.15  23.38  1720    0.8
 56987 103.23  22.78  1260    0.3
 57001 105.33  34.75  1271    3.0
 57002 105.65  34.85  1216    3.6
 57003 106.83  34.90   924    5.2
 57004 104.88  34.73  1495    1.8
 57006 105.75  34.58  1141    6.4
 57007 105.18  34.18  1404    7.4
 57008 105.30  34.03  1579    6.6
 57011 106.15  34.75  1378    7.7
 57012 106.20  34.98  1664    6.0
 57016 107.13  34.35   612    6.2
 57020 107.40  34.37   563    6.1
 57021 107.13  34.65   751    6.3
 57022 107.78  34.68  1026    4.7
 57023 108.11  35.02   919    3.5
 57024 107.65  34.45   669    5.9
 57026 107.88  34.37   585    4.3
 57027 107.73  34.27   517    4.9
 57029 108.48  34.50   543    2.8
 57031 108.55  34.82  1012    2.3
 57032 108.20  34.13   436    5.4
 57033 108.82  34.55   428    1.0
 57035 108.23  34.55   636    3.1
 57038 108.45  34.28   410    4.3
 57039 108.88  34.08   445    3.2
 57040 109.08  34.52   377    1.1
 57041 108.92  34.63   424    0.7
 57042 109.18  34.78   470    0.5
 57043 109.97  34.80   351    0.1
 57044 109.23  34.40   424    1.3
 57045 109.48  34.52   349    1.3
 57047 109.32  34.17   540    3.6
 57053 110.72  34.70   505    0.7
 57054 110.23  34.55   556    1.2
 57056 110.86  34.54   484    0.6
 57057 110.15  34.10   963    0.7
 57060 111.23  35.17   402    1.0
 57061 111.20  34.83   410    0.4
 57065 112.13  34.55   317    0.2
 57066 111.67  34.40   408    0.6
 57070 112.12  34.73   364    0.2
 57072 112.75  34.92   127    6.3
 57074 112.40  34.42   252    0.8
 57075 112.87  34.17   203    1.9
 57076 112.78  34.73   189    3.2
 57078 112.47  34.15   336    0.4
 57079 113.03  34.95   106    3.2
 57080 112.97  34.73   165    2.3
 57081 113.43  34.80   140    1.9
 57082 113.02  34.47   427    3.0
 57084 113.05  34.49  1178    3.0
 57085 113.33  34.53   259    1.5
 57086 113.72  34.38   116    2.4
 57087 113.73  34.27   104    3.0
 57088 113.50  34.19   146    1.8
 57090 113.97  34.72    78    1.0
 57093 114.82  34.85    73    0.9
 57094 114.22  34.40    67    3.2
 57095 114.15  34.12    61    4.0
 57096 114.78  34.53    59    1.3
 57098 114.40  34.08    58    4.8
 57099 114.85  34.07    52    1.9
 57102 105.72  33.75   970    3.7
 57105 105.60  33.33  1221   13.6
 57110 106.08  33.78   930    4.9
 57111 106.30  33.92   961    5.1
 57113 106.55  33.93   984    8.5
 57119 106.70  33.17   548    5.3
 57123 108.07  34.28   506    3.9
 57126 107.55  33.22   468    4.5
 57128 107.33  33.17   486    5.1
 57129 107.72  32.98   446    3.5
 57132 108.58  34.13   411    4.0
 57137 108.32  33.32   802    3.0
 57140 109.12  33.67   818    1.8
 57162 112.07  34.13   440    0.5
 57169 111.87  33.05   159    1.1
 57173 112.88  33.75   145    0.2
 57175 112.23  33.05   191    0.1
 57176 112.42  33.48   231    0.2
 57177 113.53  33.33    89    3.6
 57179 113.00  33.28   160    0.6
 57180 113.20  33.98   117    0.8
 57182 113.52  33.85    80    2.5
 57183 113.92  33.80    60    3.6
 57184 113.30  33.63    97    1.7
 57185 113.58  33.45    91    4.6
 57186 114.05  33.60    58    5.6
 57187 112.93  33.07   118    0.4
 57188 114.03  33.37    55    5.0
 57189 113.95  33.13    64    4.0
 57190 114.40  33.75    50    3.6
 57191 114.47  34.51    64    3.0
 57192 114.85  33.73    45    2.8
 57194 114.27  33.28    59    6.5
 57195 114.62  33.62    46    5.9
 57196 114.87  33.47    42    3.7
 57197 114.35  32.97    50    3.7
 57198 114.57  33.50    44    8.7
 57204 105.22  32.57   782    1.7
 57208 105.52  32.28   544    3.9
 57213 106.93  33.00   536    5.3
 57216 106.83  32.35   579    4.2
 57217 106.28  32.23   485    3.7
 57231 108.53  32.53   503    2.6
 57233 108.50  32.90   413    1.4
 57247 108.90  32.32   438    0.1
 57248 109.33  32.40   431    0.1
 57254 110.12  32.82   322    0.1
 57257 110.23  32.23   307    0.3
 57260 111.52  32.57   133    0.3
 57268 111.62  32.27   120    1.5
 57271 112.38  32.52    87    0.2
 57273 112.85  32.68   109    0.8
 57274 112.12  32.70   107    0.6
 57281 113.30  32.70   142    2.2
 57292 114.63  32.97    44    3.1
 57293 114.98  32.73    38    2.2
 57294 114.02  32.83    83    3.5
 57295 114.35  32.62    78    1.4
 57298 114.55  32.22    55    6.2
 57299 114.90  32.02    49    5.9
 57303 105.92  31.73   459    6.3
 57304 105.17  31.67   516    3.0
 57307 105.08  31.10   404    2.2
 57308 105.38  31.22   421    5.4
 57309 105.88  30.98   378    0.5
 57314 106.07  31.35   405    2.6
 57315 106.40  31.53   655    5.6
 57317 106.42  31.03   324    0.2
 57318 106.55  31.07   338    0.2
 57320 107.22  31.93   482    3.9
 57324 107.08  31.58   364    4.0
 57339 108.68  30.95   297    0.2
 57363 111.83  31.80   151    1.0
 57368 111.63  31.05   141    2.1
 57370 112.22  31.73    67    0.7
 57377 112.22  31.00   191    4.6
 57385 113.82  31.62    93    8.2
 57386 114.00  31.25    51    7.2
 57387 113.13  31.00    84   13.3
 57388 113.71  31.27    53   10.3
 57389 113.75  31.03    32   14.9
 57390 114.07  31.80   733   11.1
 57396 114.85  31.63   128    6.4
 57398 114.62  31.28    74    8.3
 57401 105.37  30.87   383    1.4
 57402 105.70  30.77   394    0.4
 57407 105.03  30.28   462    6.2
 57408 105.35  30.12   338    0.7
 57409 105.80  30.18   297    0.1
 57413 106.97  30.85   295    0.1
 57415 106.63  30.53   394    0.2
 57416 106.93  30.33   391    0.1
 57417 106.28  30.35   315    0.1
 57420 107.19  30.75   418    0.1
 57425 107.33  30.33   433    4.5
 57431 108.35  30.83   257    0.1
 57438 108.12  29.98   632    0.6
 57453 111.32  30.77   115    2.8
 57460 111.78  30.82    91    4.6
 57462 111.08  30.87   139    2.4
 57464 111.18  30.47   142    2.1
 57465 111.45  30.38    74    0.9
 57466 111.75  30.43    50    1.2
 57469 111.77  30.18    69    1.7
 57475 112.90  30.40    31    2.0
 57477 112.22  30.07    38    1.1
 57481 113.57  30.95    30   14.4
 57485 113.47  30.28    23    5.4
 57486 113.85  30.65    25    3.0
 57489 114.01  30.52    23    2.1
 57491 114.40  30.87    31    1.7
 57492 114.84  30.84    40    3.4
 57495 114.88  30.67    28    2.5
 57496 114.87  30.37    31    1.1
 57498 114.94  30.52    26    1.2
 57499 114.88  30.07    40    3.1
 57509 106.92  28.99   599   15.0
 57513 106.62  29.73   464    0.6
 57514 106.22  29.58   331    0.3
 57518 106.50  29.33   506    6.8
 57519 107.11  29.16   698    4.9
 57522 107.27  29.74   372    9.2
 57525 107.75  29.32   277   26.1
 57537 108.17  29.30   322   22.7
 57540 109.15  29.68   776    2.8
 57541 109.48  30.00   532    2.8
 57543 110.03  29.90   539    3.2
 57544 109.45  29.47   488    1.7
 57558 110.47  29.13   183    1.6
 57564 111.13  29.43   103    0.5
 57565 111.73  29.67    38    0.7
 57566 111.65  29.45    51    0.3
 57571 112.40  29.70    35    0.6
 57575 112.55  29.52    31    2.1
 57577 112.17  29.40    36    2.4
 57582 113.88  29.72    46    0.9
 57585 113.45  29.48    60    1.1
 57586 114.03  29.53    78    0.3
 57590 114.37  29.85    98    2.3
 57596 114.20  29.63   751    0.1
 57600 105.06  28.71   420    0.3
 57603 105.83  28.82   283    0.8
 57609 105.70  28.58   317    1.0
 57623 107.60  28.88   685   26.8
 57634 107.88  28.52   660    1.0
 57636 108.50  28.57   334    4.5
 57643 109.83  29.00   268    1.6
 57658 110.20  28.02   152    0.8
 57661 111.48  28.92    48    0.3
 57663 111.95  28.92    31    0.9
 57666 112.13  28.52    52    0.1
 57680 113.11  28.86    82    0.3
 57720 107.17  27.88   889    0.1
 57767 111.01  27.13   308    0.2
 57768 111.45  27.32   242    0.6
 57769 111.73  27.23   252    0.3
 58001 115.10  34.43    56    0.8
 58002 115.58  34.85    49    2.1
 58003 115.88  34.95    45    2.5
 58004 115.15  34.65    60    2.2
 58006 115.88  34.38    46    2.5
 58007 115.30  34.07    47    1.3
 58008 115.33  34.47    54    1.5
 58011 116.07  34.80    46    3.4
 58012 116.66  34.67    42    4.1
 58013 116.91  34.75    36    3.4
 58016 116.97  34.18    34    4.1
 58017 116.13  34.25    41    2.3
 58020 117.13  34.80    35    1.5
 58021 117.28  34.78    80    1.9
 58022 117.57  34.75    48    1.6
 58024 117.58  34.87    77    2.0
 58025 117.73  34.57    27    0.8
 58030 118.02  34.88    44    1.5
 58032 118.65  34.95    90    1.2
 58035 118.35  34.33    29    1.3
 58036 118.71  34.54    32    2.0
 58041 119.43  34.78    26    2.8
 58044 119.23  34.55     4    0.5
 58045 119.60  34.20     4    0.1
 58048 119.35  34.12     4    0.2
 58049 119.80  34.02     4    0.4
 58100 115.17  33.65    41    3.0
 58101 115.48  33.87    41    2.1
 58104 115.07  33.40    41    3.9
 58107 115.28  33.02    35    3.5
 58108 115.33  33.23    34    8.2
 58109 115.65  33.13    31    3.7
 58112 116.45  30.73   968    1.0
 58113 116.75  33.93    31    8.2
 58114 116.18  33.48    31    7.0
 58116 116.83  33.98    31    5.3
 58117 116.20  33.13    27    6.8
 58125 117.52  33.58    22    5.8
 58126 117.87  33.47    19    2.5
 58127 117.20  32.98    21    6.3
 58128 117.35  33.33    21    2.5
 58129 117.83  33.15    14    4.5
 58131 118.22  33.97    25    3.7
 58132 118.68  33.72    14    7.1
 58139 118.91  33.31    10    2.9
 58140 119.30  33.77     9    4.3
 58145 119.15  33.50     7    0.7
 58147 118.97  32.98    24    4.0
 58202 115.57  32.67    31    3.8
 58205 115.43  32.47    34    8.5
 58207 115.05  32.17    42    5.9
 58210 116.23  32.65    25    4.6
 58212 116.77  32.72    23    4.1
 58214 116.30  32.37    27    2.8
 58220 117.15  32.47    28    2.2
 58222 117.55  32.85    24    3.8
 58223 117.98  32.80    31    4.7
 58224 117.02  32.65    32    2.0
 58230 118.28  32.12    26    3.7
 58234 118.42  32.47    40    3.1
 58235 118.85  32.37    10    0.5
 58237 118.59  32.07    46    3.2
 58240 119.02  32.68    21    1.6
 58242 119.16  32.30    22    1.2
 58244 119.59  32.45     5    0.9
 58245 119.42  32.41     9    0.5
 58301 115.38  31.82    92    6.2
 58306 115.88  31.68    95    4.3
 58316 116.92  31.47    23    2.6
 58317 116.37  30.87   434    7.7
 58320 117.13  31.73    21    5.3
 58323 117.47  31.88    25    5.8
 58327 117.28  31.27    45    6.4
 58329 117.87  31.33     9    8.1
 58330 118.08  31.75    26    4.5
 58331 118.37  31.73    22    3.5
 58334 118.37  31.38     9    6.3
 58335 118.52  31.57    23    5.0
 58337 118.18  31.08    26   11.6
 58339 118.90  31.33    15    6.7
 58340 119.03  31.66    25    4.8
 58341 119.59  31.98     6    0.5
 58342 119.55  31.72     6    3.3
 58344 119.20  31.96    36    1.0
 58346 119.81  31.34    16    3.2
 58351 120.30  31.90     4    0.8
 58359 120.62  31.13     4    0.1
 58401 115.40  30.75   123    1.1
 58404 115.22  30.47    61    0.5
 58408 115.43  30.23    35    2.6
 58415 116.55  30.67    64    0.5
 58416 116.82  30.75    35    0.5
 58418 116.67  30.13    60    0.7
 58420 117.23  30.72    58    1.0
 58421 117.87  30.63    31    0.8
 58423 117.78  30.48   647    0.6
 58427 117.50  30.65    15    0.9
 58428 117.50  30.22   118    0.3
 58431 118.32  30.90    39    7.8
 58432 118.40  30.68    57    1.4
 58433 118.75  30.93    31    6.2
 58435 118.53  30.30   220    0.1
 58441 119.42  30.87    43    4.7
 58442 119.18  31.17    16    8.4
 58443 119.89  31.02    25    4.8
 58449 119.95  30.05    46    0.4
 58455 120.65  30.52     8    0.1
 58458 120.90  30.54     4    0.5
 58460 121.35  30.73     5    0.1
 58468 121.17  30.05     5    0.2
 58484 122.20  30.25    37    0.2
 58501 115.63  29.92    23    1.2
 58502 116.02  29.67    74    0.4
 58503 115.67  29.70    41    0.5
 58507 115.12  29.25   116    0.1
 58510 116.23  29.73    40    0.9
 58512 116.55  29.90    71    1.4
 58517 116.20  29.27    35    0.1
 58524 117.22  29.37    87    0.2
 58547 119.18  29.03    66    0.4
 58561 121.60  29.98     4    0.2
 58563 121.83  29.88     5    0.1
 58570 122.30  29.95    85    1.6
 58615 117.08  28.68    56    0.4
 58616 116.82  28.20    40    0.9
 58618 116.60  28.27    82    0.3
 58623 117.92  28.47    90    6.2
 58624 117.43  28.40    70    1.9
 58625 117.60  28.42    79    1.4
 58627 117.06  28.31    56    1.4
 58629 117.71  28.29   100    1.6
 58631 118.50  28.90   137    0.1
 58632 118.60  28.72   126    5.5
 58635 118.20  28.43    95    2.9
 58643 120.03  28.90   102    0.1
 58644 119.28  28.60   237    1.1
 58647 119.13  28.08   222    1.4
 58656 120.97  28.07    60    0.1
 58657 120.28  28.15    57    0.2
 58658 120.68  28.15    34    0.7
 58659 120.65  28.03    28    0.1
 58664 121.37  28.37    35    2.1
 58735 118.75  27.52   260    0.6
 58745 119.08  27.62   400    0.8
 58746 119.70  27.55   538    0.2
 58750 120.08  27.78   105    1.0
 58917 116.10  25.08   307    0.2
 59114 116.17  24.65   135    0.3
 59492 114.73  22.97    47    0.1
