diamond  3 2015年04月26日14点6小时降雨量                     
  15  04  26  14    -1 3 10 25 50 1 0
 39 122.7  37.3 122.5  36.7 120.8  36.2 119.3  35.0 120.4  34.3
 121.1  32.7 122.3  30.9 122.5  30.1 121.5  28.0 119.8  25.0
 116.1  22.6 111.0  21.0 111.0  18.6 109.6  18.1 108.3  18.5
 108.9  19.9 109.3  21.0 106.4  21.6 104.1  22.2 101.6  20.8
  98.7  22.0  97.1  24.1  97.7  27.0  91.7  26.6  85.7  27.7
  78.9  30.6  73.3  37.1  74.1  40.7  87.6  49.8  98.5  43.9
 110.4  44.3 122.0  54.7 135.7  48.3 131.5  42.2 125.2  39.4
 121.3  38.5 121.2  40.3 118.5  38.6 120.8  38.1
 1     125
 50137 122.37  53.47   296    0.5
 50779 134.28  48.37    40   0.01
 53517 106.33  39.27  1464    0.4
 53518 106.35  39.03  1117   0.01
 53522 107.83  40.05  1180    0.7
 53577 112.30  39.00  1437    0.5
 53579 112.90  39.02   859   0.01
 53669 111.80  38.08  1150   0.01
 53674 112.70  38.40   869   0.01
 53727 107.12  37.17  1712    0.2
 53763 112.17  37.92  1006   0.01
 53769 111.78  37.25   747   0.01
 53848 109.35  36.27  1005   0.01
 53857 110.18  36.07   840   0.01
 53866 111.67  36.23   462   0.01
 53871 112.85  36.83   964   0.01
 53872 112.68  36.77   960    0.4
 53873 112.87  36.10   951    0.2
 53875 112.35  36.52  1000    1.6
 53926 107.35  35.35  1028   0.01
 53928 107.02  35.30  1149    0.4
 53930 107.98  36.45  1271    2.8
 53931 109.37  36.00   984   0.01
 53944 109.25  35.57   863   0.01
 53945 109.07  35.43  1395   0.01
 56109  93.78  31.48  3940    0.3
 56317  94.22  29.22  2950    2.8
 56342  98.60  29.68  3870    4.3
 56567 100.86  27.26  2367    1.5
 56569 102.18  27.42  1380    0.7
 56575 102.55  27.37  1428    3.0
 56578 102.75  27.07   993    0.3
 56585 103.56  27.19  1952   0.01
 56595 104.87  27.42  1645    0.5
 56641  98.87  26.90  1189    7.5
 56645  99.42  26.42  2344    0.6
 56646  99.92  26.53  2191    0.2
 56652 100.75  26.68  2130    0.8
 56654 100.18  26.58  2195    0.2
 56665 101.85  26.68  1140    0.7
 56670 102.12  26.92  1136    1.4
 56674 101.73  26.50  1108    0.4
 56675 102.58  26.65  1694    1.2
 56742  99.37  25.90  1658    0.1
 56745  99.95  25.68  1626    0.6
 56746  99.52  25.47  1616    0.1
 56755 100.40  25.39  1711   0.01
 56756 100.58  25.48  1992   0.01
 56757 100.28  25.27  1742    0.2
 56764 101.23  25.53  1873   0.01
 56775 102.45  25.55  1750    0.1
 56781 103.27  25.55  1873   0.01
 56788 103.62  24.98  1857   0.01
 56836  97.95  24.70   826   0.01
 56840  98.30  24.82  1012    0.2
 56841  98.68  24.60  1528    0.1
 56842  99.18  24.73  1471    0.1
 56843  99.62  24.83  1650   0.01
 56844  98.58  24.43   913   0.01
 56862 101.60  24.68  1968    0.1
 56869 101.97  24.07  1497   0.01
 56876 102.77  24.28  1731    0.1
 56885 103.45  24.40  1415   0.01
 56962 101.67  23.42  1314   0.01
 56970 102.48  23.70  1419   0.01
 56973 102.83  23.62  1309   0.01
 56975 102.43  23.37   974    2.1
 56976 102.85  23.22   312    3.3
 56978 102.42  23.00  1642   13.3
 56984 103.15  23.38  1720    1.5
 56987 103.23  22.78  1260    0.1
 56989 103.95  22.50   137    0.2
 56992 104.70  23.45  1507   0.01
 56994 104.28  23.33  1293   0.01
 56995 104.42  23.03  1332    0.1
 56996 104.70  23.13  1093   0.01
 57605 105.82  28.03   537    0.3
 57708 105.60  27.15  1700   0.01
 57714 106.23  27.47   942    1.3
 57717 106.83  27.53   974    0.4
 57719 106.97  27.07  1275    0.6
 57720 107.17  27.88   889    0.5
 57723 107.72  27.98   710    0.6
 57728 107.47  27.07  1096    1.8
 57732 108.40  28.02   456    0.1
 57734 108.23  27.57   467   0.01
 57737 108.12  27.03   547    0.6
 57738 108.42  27.05   516   0.01
 57754 109.84  27.21   252   0.01
 57800 105.37  26.77  1457   0.01
 57807 105.47  26.21  1361   0.01
 57808 105.75  26.32  1274   0.01
 57811 106.60  26.83  1296    1.9
 57813 106.47  26.57  1261    0.1
 57814 106.27  26.42  1298    0.1
 57821 107.50  26.70   925    0.2
 57822 107.90  26.90   835    2.9
 57824 107.23  26.58  1001    0.1
 57828 107.58  26.50   983   0.01
 57829 107.80  26.20   963    0.1
 57834 108.30  26.68   641    0.2
 57835 108.43  26.72   527   0.01
 57837 108.07  26.40   839   0.01
 57900 105.22  25.83  1552   0.01
 57911 106.65  26.67  1323    1.1
 57913 106.98  26.45  1093    0.3
 57914 106.67  26.42  1149    0.3
 57915 106.77  26.63  1104    0.6
 57921 107.34  25.85   821   0.01
 57923 107.87  25.98   419   0.01
 58559 120.97  29.15   107   0.01
 58568 121.38  29.12    34   0.01
 58629 117.71  28.29   100   0.01
 58719 116.93  27.30   131   0.01
 59022 107.55  24.98   749   0.01
 59093 115.03  24.78   253   0.01
 59279 112.87  23.18    24    0.2
 59284 113.24  23.42    38    0.6
 59285 113.60  23.57    38    1.8
 59288 113.02  23.15    29   0.01
 59290 114.25  23.78    85    0.1
 59469 111.78  22.17    37    0.6
 59470 112.20  22.70    57   0.01
 59471 112.05  22.93   101    0.5
 59481 113.32  22.94    12    0.1
