diamond  3 2015年04月21日02点6小时降雨量                     
  15  04  21  02    -1 3 10 25 50 1 0
 39 122.7  37.3 122.5  36.7 120.8  36.2 119.3  35.0 120.4  34.3
 121.1  32.7 122.3  30.9 122.5  30.1 121.5  28.0 119.8  25.0
 116.1  22.6 111.0  21.0 111.0  18.6 109.6  18.1 108.3  18.5
 108.9  19.9 109.3  21.0 106.4  21.6 104.1  22.2 101.6  20.8
  98.7  22.0  97.1  24.1  97.7  27.0  91.7  26.6  85.7  27.7
  78.9  30.6  73.3  37.1  74.1  40.7  87.6  49.8  98.5  43.9
 110.4  44.3 122.0  54.7 135.7  48.3 131.5  42.2 125.2  39.4
 121.3  38.5 121.2  40.3 118.5  38.6 120.8  38.1
 1     221
 50673 130.40  48.88    90    0.3
 50772 129.23  48.10   288    1.4
 51359  86.20  44.32   471    0.1
 52875 102.10  36.50  2125    0.2
 52982 103.55  35.48  1953    5.6
 52985 103.33  35.42  2162    2.5
 52988 103.72  35.37  2015    1.4
 52993 105.07  35.68  1739    0.5
 52995 104.62  35.58  1897    1.2
 52996 105.02  35.38  2450    0.8
 52998 104.20  35.13  2111    2.4
 53906 105.71  35.52  1656    0.1
 53914 106.12  35.62  2078    0.5
 53916 106.32  35.50  1948    1.6
 53917 106.07  35.22  1631    2.0
 53924 107.62  35.07   966    5.8
 53925 107.18  35.68  1172    2.6
 53926 107.35  35.35  1028   10.4
 53927 106.62  35.20  1477    5.2
 53928 107.02  35.30  1149    5.5
 53934 107.98  35.78  1274    1.6
 53935 108.40  35.49  1481    2.1
 53937 107.92  35.52   979    6.1
 53938 108.30  35.17  1277    7.7
 53941 109.58  35.18   804    0.2
 53947 109.07  35.08   978    0.2
 56091 104.47  34.85  1883    0.5
 56092 104.65  35.00  1728    0.5
 56094 104.37  33.78  1400    0.1
 56095 104.38  34.03  1753    3.1
 56097 104.25  33.27  1440    0.2
 56180 103.85  31.68  1590    2.8
 56183 103.62  31.50  1370    0.4
 56184 103.17  31.43  1896    0.1
 56185 102.98  32.08  2400    6.1
 56186 104.20  31.33   589    0.7
 56190 104.55  31.55   519    0.4
 56192 104.67  32.95  1014    1.7
 56193 104.52  32.42   893    0.1
 56194 104.45  31.63   597    0.4
 56197 104.17  31.15   535    0.6
 56198 104.50  31.32   525    0.7
 56199 104.68  31.03   423    0.2
 56278 102.77  30.07   755    2.5
 56279 102.93  30.15   682    1.6
 56280 103.12  30.08   691    0.1
 56291 104.28  30.93   469    0.6
 56296 104.43  30.85   448    0.3
 56373 102.85  29.78   763    0.5
 56380 103.35  29.88   571    0.1
 56473 102.77  28.95  1060    4.5
 56480 103.53  28.82   564    2.5
 56483 103.95  28.58   496    1.1
 56487 103.13  28.33  1943    2.8
 56489 103.63  28.23   877    2.9
 56491 104.57  28.70   287    0.2
 56493 104.97  28.85   292    0.3
 56496 105.23  28.32   358    0.2
 56497 104.23  28.10   448    4.1
 56498 104.50  28.15   549    0.9
 56499 104.78  28.38   368    0.2
 56582 103.90  27.75  1176    0.9
 56592 104.52  28.43   359    0.9
 56595 104.87  27.42  1645    0.1
 57002 105.65  34.85  1216    0.2
 57003 106.83  34.90   924    6.9
 57004 104.88  34.73  1495    0.1
 57006 105.75  34.58  1141    0.1
 57007 105.18  34.18  1404    0.1
 57008 105.30  34.03  1579    0.4
 57011 106.15  34.75  1378    1.2
 57012 106.20  34.98  1664    3.3
 57016 107.13  34.35   612    8.4
 57020 107.40  34.37   563   13.8
 57021 107.13  34.65   751    5.6
 57022 107.78  34.68  1026   10.6
 57023 108.11  35.02   919    7.5
 57024 107.65  34.45   669   18.5
 57026 107.88  34.37   585    9.0
 57027 107.73  34.27   517   11.1
 57029 108.48  34.50   543    1.4
 57031 108.55  34.82  1012    0.8
 57032 108.20  34.13   436   26.4
 57033 108.82  34.55   428    0.6
 57035 108.23  34.55   636    3.9
 57038 108.45  34.28   410    8.1
 57039 108.88  34.08   445    9.8
 57040 109.08  34.52   377    2.5
 57041 108.92  34.63   424    2.0
 57042 109.18  34.78   470    0.4
 57044 109.23  34.40   424   29.8
 57045 109.48  34.52   349   10.3
 57047 109.32  34.17   540   17.8
 57054 110.23  34.55   556    0.6
 57055 110.13  34.59   342    1.2
 57057 110.15  34.10   963    2.4
 57102 105.72  33.75   970    5.0
 57105 105.60  33.33  1221    2.9
 57110 106.08  33.78   930    6.9
 57111 106.30  33.92   961    3.1
 57113 106.55  33.93   984    3.9
 57123 108.07  34.28   506   11.1
 57132 108.58  34.13   411   13.6
 57204 105.22  32.57   782    0.8
 57249 109.68  32.32   448    0.1
 57307 105.08  31.10   404    0.2
 57505 105.58  29.42   338    0.2
 57506 105.90  29.37   353    0.3
 57509 106.92  28.99   599    0.5
 57518 106.50  29.33   506    0.6
 57519 107.11  29.16   698    0.1
 57605 105.82  28.03   537    2.2
 57623 107.60  28.88   685    0.7
 57637 108.10  28.25   629    0.1
 57698 114.45  28.12    98    1.1
 57699 114.92  28.23    66    0.1
 57781 113.50  27.65    74    0.1
 57783 113.82  27.88   118    0.3
 57792 114.68  27.82    93    2.6
 57794 114.02  27.63   177    0.3
 57796 114.88  27.83   189    0.7
 57798 114.60  27.40    85    0.4
 57899 114.92  26.80    71    0.2
 57985 113.68  25.57   609    0.2
 58456 120.52  30.63     6    0.1
 58503 115.67  29.70    41    0.1
 58547 119.18  29.03    66    0.5
 58548 119.47  29.22    50    0.2
 58558 120.22  29.27    89    0.5
 58559 120.97  29.15   107    1.3
 58560 120.43  29.05   304    0.4
 58566 121.88  29.47     6    0.2
 58567 121.43  29.32    39    0.6
 58568 121.38  29.12    34    3.5
 58624 117.43  28.40    70    0.3
 58625 117.60  28.42    79    0.2
 58627 117.06  28.31    56    0.3
 58629 117.71  28.29   100    0.3
 58631 118.50  28.90   137    0.2
 58642 119.80  28.88   105    0.1
 58643 120.03  28.90   102    0.2
 58644 119.28  28.60   237    0.2
 58647 119.13  28.08   222    2.2
 58654 120.08  28.67   184    3.3
 58656 120.97  28.07    60    7.2
 58657 120.28  28.15    57   12.7
 58658 120.68  28.15    34    9.3
 58659 120.65  28.03    28    8.6
 58660 121.20  28.87     6    4.9
 58664 121.37  28.37    35    6.4
 58704 115.35  27.58   104    0.1
 58719 116.93  27.30   131    0.3
 58735 118.75  27.52   260    9.2
 58736 118.82  27.38   262   17.3
 58745 119.08  27.62   400    7.6
 58746 119.70  27.55   538   16.0
 58747 119.35  27.15   899   15.1
 58748 119.65  27.10    50   11.1
 58749 119.88  27.23   684   13.8
 58750 120.08  27.78   105   11.4
 58751 120.57  27.67   254   13.8
 58819 116.82  26.18   336    0.1
 58821 117.47  26.73   173    0.6
 58822 116.85  26.83   342    0.1
 58823 117.80  26.80   175    1.5
 58824 117.15  26.40   357    0.3
 58826 117.80  26.40   120    5.2
 58828 117.62  26.27   208    2.5
 58836 118.73  26.58   361    9.9
 58839 118.85  26.23    40    9.8
 58844 119.15  26.15    57   10.5
 58845 119.53  26.50    60   13.5
 58848 119.55  26.20    13   10.0
 58850 120.23  26.92    92    4.5
 58903 116.03  25.90   210    0.1
 58907 115.40  25.15   305    0.3
 58912 116.73  25.72   404    0.5
 58917 116.10  25.08   307    1.2
 58923 117.83  25.70   400    8.4
 58928 117.53  25.02   166    8.2
 58929 118.15  25.07    68    8.9
 58932 118.93  25.87    85   11.1
 58934 118.27  25.33   183    9.2
 58935 118.23  25.48   521   10.6
 58938 118.98  25.23    23    8.6
 58940 119.33  26.08    25   10.2
 58941 119.50  25.97    25    5.5
 58942 119.38  25.72    39    5.9
 58946 119.00  25.45    81    6.5
 59091 114.52  24.75   277    1.0
 59093 115.03  24.78   253    1.4
 59094 114.12  24.35   184    0.7
 59099 114.93  24.45   173    5.2
 59106 115.90  24.58   152    8.5
 59109 115.73  24.15   123   10.0
 59114 116.17  24.65   135    7.7
 59122 117.75  24.62    43   10.6
 59124 117.38  24.52    53   12.9
 59125 117.30  24.38   108    9.6
 59127 117.83  24.43    32    9.9
 59129 117.60  24.13    53   19.9
 59130 118.15  24.73    30   10.2
 59131 118.37  24.97    45   11.2
 59137 118.57  24.82    56    7.8
 59285 113.60  23.57    38    2.3
 59290 114.25  23.78    85    9.8
 59297 114.28  23.17    17    7.5
 59310 116.18  23.77    45   24.1
 59312 116.70  23.67    60   18.8
 59314 116.13  23.30    29   91.8
 59315 116.40  23.59    43   36.4
 59318 116.58  23.27     5   56.6
 59319 116.83  23.43     4   28.5
 59320 117.13  23.75    37    9.4
 59322 117.37  23.98    22   21.0
 59470 112.20  22.70    57    0.5
 59476 113.03  22.53    36    0.2
 59487 113.30  22.23    23    0.1
 59492 114.73  22.97    47    5.1
 59500 115.32  22.97     6   17.9
 59502 115.65  22.95     5    5.0
