diamond  3 2015年04月30日14点6小时降雨量                     
  15  04  30  14    -1 3 10 25 50 1 0
 39 122.7  37.3 122.5  36.7 120.8  36.2 119.3  35.0 120.4  34.3
 121.1  32.7 122.3  30.9 122.5  30.1 121.5  28.0 119.8  25.0
 116.1  22.6 111.0  21.0 111.0  18.6 109.6  18.1 108.3  18.5
 108.9  19.9 109.3  21.0 106.4  21.6 104.1  22.2 101.6  20.8
  98.7  22.0  97.1  24.1  97.7  27.0  91.7  26.6  85.7  27.7
  78.9  30.6  73.3  37.1  74.1  40.7  87.6  49.8  98.5  43.9
 110.4  44.3 122.0  54.7 135.7  48.3 131.5  42.2 125.2  39.4
 121.3  38.5 121.2  40.3 118.5  38.6 120.8  38.1
 1     142
 52557 100.17  39.15  1453   0.01
 52575 102.78  39.42  1239   0.01
 52643  99.62  38.83  2311    0.5
 52656 100.82  38.43  2281    2.1
 52784 102.90  37.47  2072    0.9
 52853 100.98  36.90  3010    7.1
 52855 101.25  36.68  2675    3.1
 52862 101.68  36.95  2450    1.8
 52863 101.95  36.82  2480    1.0
 52869 101.58  36.50  2667    2.4
 52874 102.41  36.49  2021   0.01
 52875 102.10  36.50  2125    0.1
 52881 103.18  36.98  2484    1.3
 52885 103.25  36.75  2118    1.6
 52896 104.15  36.55  1738    0.2
 52972 102.45  35.85  1921    0.2
 52978 102.49  35.19  2948    0.1
 52980 103.30  35.97  1648    0.9
 52981 103.38  35.68  2421    0.2
 52982 103.55  35.48  1953    0.7
 52985 103.33  35.42  2162    0.1
 52988 103.72  35.37  2015    0.9
 52993 105.07  35.68  1739   0.01
 52995 104.62  35.58  1897    0.2
 52996 105.02  35.38  2450   0.01
 53727 107.12  37.17  1712    1.9
 53829 107.90  35.98  1093    0.2
 53832 108.77  36.77  1218    1.1
 53908 105.23  35.22  1768    0.6
 53914 106.12  35.62  2078   0.01
 53917 106.07  35.22  1631   0.01
 53926 107.35  35.35  1028   0.01
 53928 107.02  35.30  1149   0.01
 53930 107.98  36.45  1271    2.1
 53935 108.40  35.49  1481   0.01
 56034  97.13  33.80  4415    0.4
 56071 102.50  34.59  3190    0.2
 56081 103.35  34.70  2810   0.01
 56082 103.50  34.58  2540   0.01
 56091 104.47  34.85  1883    0.6
 56095 104.38  34.03  1753    0.2
 56109  93.78  31.48  3940    3.6
 56128  96.60  31.22  3810    1.5
 56147  98.83  31.22  3260   0.01
 56158 100.67  31.40  3250   0.01
 56164 100.98  32.27  3284    0.1
 56193 104.52  32.42   893   0.01
 56317  94.22  29.22  2950    0.1
 56342  98.60  29.68  3870   0.01
 56441  99.28  28.72  2422   0.01
 56443  99.80  28.93  2842   0.01
 56487 103.13  28.33  1943   0.01
 56641  98.87  26.90  1189    0.2
 56645  99.42  26.42  2344    0.1
 56839  98.82  23.77   995   16.0
 56843  99.62  24.83  1650    0.1
 56844  98.58  24.43   913   0.01
 56849  99.23  24.03  1606    5.7
 56851 100.53  25.04  1377   0.01
 56867 101.12  23.98  1105   0.01
 56948  99.60  22.63  1155    2.8
 56950  99.80  23.47  1044    4.7
 56952 100.70  23.50   913    2.6
 56958 100.47  21.96  1222    0.2
 56978 102.42  23.00  1642    0.5
 56987 103.23  22.78  1260    0.1
 56989 103.95  22.50   137    0.2
 57409 105.80  30.18   297   0.01
 57462 111.08  30.87   139    0.1
 57558 110.47  29.13   183    0.2
 57634 107.88  28.52   660   0.01
 57640 109.45  28.58   341   0.01
 57643 109.83  29.00   268    0.1
 57646 109.95  28.62   302   0.01
 57657 110.21  28.23   186    4.4
 57658 110.20  28.02   152    3.3
 57740 109.60  27.95   349    0.1
 57743 109.80  27.88   176    0.7
 57760 111.43  27.70   249    0.2
 57762 111.70  27.69   165    5.8
 57763 112.00  27.68   205    0.3
 57767 111.01  27.13   308    2.7
 57768 111.45  27.32   242   0.01
 57769 111.73  27.23   252    0.2
 57859 110.63  26.03   408    1.3
 57860 111.28  27.00   283   0.01
 57865 111.62  26.50   192    3.2
 57867 111.28  26.40   169    0.8
 57868 111.86  26.59   113    3.7
 57870 112.10  26.80   151    6.6
 57871 112.37  26.98    90   11.1
 57936 108.91  25.76   258    0.1
 57941 109.60  25.78   197    0.5
 57942 110.00  25.80   268    0.2
 57948 109.25  25.08   122    0.1
 57949 110.00  24.98   156    4.4
 57954 110.18  25.23   157   0.01
 57955 110.67  25.62   224    0.1
 57956 110.32  25.42   167   0.01
 57958 110.32  25.08   151    1.8
 57960 111.07  25.93   195    4.8
 57962 111.65  25.97   167    4.7
 57964 111.15  25.50   263   16.2
 57966 111.96  25.59   244    8.1
 57969 111.31  25.28   269   12.7
 57971 112.20  25.92   224    4.7
 57975 112.20  25.38   277    2.5
 57978 112.55  25.27   292   0.01
 59033 108.90  24.78   328    0.2
 59041 109.25  24.65   108   0.01
 59044 109.38  24.47    97    0.4
 59045 109.75  24.48    94    0.3
 59047 109.33  24.25   100    0.1
 59051 110.50  24.77   136   21.3
 59052 110.82  24.83   169    7.7
 59053 110.64  24.65   157   12.7
 59055 110.40  24.50   165    9.4
 59057 110.18  24.13   830    2.2
 59061 111.27  24.82   193    2.8
 59063 111.45  25.18   265    8.8
 59064 111.32  24.55   136   0.01
 59074 112.15  24.57   300    0.5
 59075 112.63  24.48    70    0.1
 59091 114.52  24.75   277   0.01
 59093 115.03  24.78   253    7.1
 59099 114.93  24.45   173   26.8
 59106 115.90  24.58   152   0.01
 59109 115.73  24.15   123    6.0
 59237 108.28  23.17   111   0.01
 59238 108.80  23.22   122    0.3
 59241 109.68  23.97    90   0.01
 59246 109.67  23.60    70   0.01
 59269 111.78  23.17    47   0.01
 59284 113.24  23.42    38   0.01
 59419 106.74  22.06   348   0.01
 59426 107.92  22.61   146   0.01
 59429 108.01  22.18   216    1.2
 59448 109.55  22.27    69   0.01
 59449 109.98  22.30    85   0.01
 59452 110.53  22.83   131    2.3
 59475 112.65  22.40    27   0.01
 59500 115.32  22.97     6    0.1
