diamond  3 2015年04月28日02点6小时降雨量                     
  15  04  28  02    -1 3 10 25 50 1 0
 39 122.7  37.3 122.5  36.7 120.8  36.2 119.3  35.0 120.4  34.3
 121.1  32.7 122.3  30.9 122.5  30.1 121.5  28.0 119.8  25.0
 116.1  22.6 111.0  21.0 111.0  18.6 109.6  18.1 108.3  18.5
 108.9  19.9 109.3  21.0 106.4  21.6 104.1  22.2 101.6  20.8
  98.7  22.0  97.1  24.1  97.7  27.0  91.7  26.6  85.7  27.7
  78.9  30.6  73.3  37.1  74.1  40.7  87.6  49.8  98.5  43.9
 110.4  44.3 122.0  54.7 135.7  48.3 131.5  42.2 125.2  39.4
 121.3  38.5 121.2  40.3 118.5  38.6 120.8  38.1
 1     217
 50647 123.48  48.13   236    0.6
 50867 127.35  46.08   134    2.0
 51145  83.65  46.55   521    4.9
 51468  86.83  43.10  3539    0.9
 53774 112.37  37.58   759    0.1
 54132 121.07  42.40   400    0.3
 54231 122.35  42.97   248    2.7
 54234 121.75  42.73   297    0.3
 54319 118.67  41.00   502   17.0
 54320 119.30  41.60   544    3.4
 54321 119.63  41.87   661    3.0
 54323 120.78  41.82   253    0.5
 54327 119.35  41.23   417   11.6
 54328 119.72  41.08   296    0.1
 54430 118.21  40.78   330    9.1
 54432 118.47  40.61   369   11.3
 54434 118.33  40.17   131    5.5
 54437 118.62  39.51    18   13.7
 54439 118.72  40.02    50   13.9
 54502 116.03  39.48    29    0.5
 54519 116.48  39.30    12    5.8
 54522 117.73  39.88    14    0.3
 54526 117.33  39.08     1    1.8
 54528 117.13  39.23     3    2.4
 54529 117.82  39.35     3    0.7
 54531 118.72  39.73    43    6.4
 54532 118.08  39.81    31    7.2
 54533 118.10  39.58     8    1.2
 54535 118.47  39.29     3    1.0
 54540 119.20  39.73    17    9.9
 54541 119.23  39.90    24    4.9
 54619 116.92  38.92     5    0.1
 54622 117.37  38.98     3    0.8
 54626 115.82  38.42    13    0.2
 54815 116.27  36.38    31    0.1
 54919 116.98  35.38    88    0.1
 56034  97.13  33.80  4415    0.1
 56158 100.67  31.40  3250    4.5
 56168 102.07  31.48  2168    8.2
 56263 101.88  30.88  1949    0.1
 56273 102.82  30.39  1022    0.1
 56474 102.17  28.55  1774    1.6
 56478 102.43  28.30  1818    3.8
 56487 103.13  28.33  1943    0.8
 56489 103.63  28.23   877    3.6
 56497 104.23  28.10   448    5.8
 56498 104.50  28.15   549    1.9
 56569 102.18  27.42  1380    1.8
 56575 102.55  27.37  1428   14.4
 56578 102.75  27.07   993    1.6
 56582 103.90  27.75  1176   31.3
 56584 103.25  27.70  1093   22.3
 56585 103.56  27.19  1952    4.8
 56594 104.05  27.63   880   16.8
 56595 104.87  27.42  1645    9.2
 56596 105.05  27.85  1177    2.1
 56598 104.73  27.13  1535   15.6
 56641  98.87  26.90  1189    7.3
 56673 102.92  26.92   893    0.2
 56746  99.52  25.47  1616    0.7
 56839  98.82  23.77   995    1.9
 56958 100.47  21.96  1222    0.1
 56989 103.95  22.50   137    0.3
 56995 104.42  23.03  1332    0.1
 57708 105.60  27.15  1700    5.9
 57714 106.23  27.47   942    0.3
 57739 108.92  27.23   394    0.2
 57754 109.84  27.21   252    0.1
 57769 111.73  27.23   252    0.1
 57777 112.87  27.23    63    0.1
 57778 112.95  27.09    70    6.8
 57796 114.88  27.83   189    0.1
 57800 105.37  26.77  1457   15.8
 57807 105.47  26.21  1361    1.2
 57808 105.75  26.32  1274    2.8
 57811 106.60  26.83  1296    0.1
 57813 106.47  26.57  1261    4.1
 57814 106.27  26.42  1298   10.2
 57828 107.58  26.50   983    0.1
 57842 109.72  26.88   281    0.2
 57846 110.15  26.58   310    5.5
 57851 110.83  26.46   346    1.4
 57859 110.63  26.03   408    8.1
 57865 111.62  26.50   192    0.9
 57867 111.28  26.40   169    1.8
 57868 111.86  26.59   113    0.3
 57870 112.10  26.80   151    0.2
 57871 112.37  26.98    90    0.2
 57875 112.68  26.75   137    0.3
 57876 112.83  26.43   135    0.6
 57881 113.25  26.72   101    0.4
 57882 113.55  26.79   136    1.1
 57883 114.28  26.75   253    0.8
 57886 113.80  26.48   268    1.6
 57887 113.12  26.12   167    1.1
 57891 114.25  26.93   153    0.4
 57895 114.78  26.47   101    2.0
 57899 114.92  26.80    71    1.4
 57905 105.61  25.40  1184    0.1
 57908 105.48  25.12  1394    2.0
 57909 105.82  24.98   584    8.2
 57911 106.65  26.67  1323    0.3
 57913 106.98  26.45  1093    0.1
 57914 106.67  26.42  1149    2.3
 57915 106.77  26.63  1104    0.2
 57927 107.18  24.97   287    9.4
 57936 108.91  25.76   258    3.7
 57941 109.60  25.78   197    1.2
 57942 110.00  25.80   268    1.2
 57948 109.25  25.08   122    0.3
 57955 110.67  25.62   224    0.4
 57956 110.32  25.42   167    0.2
 57960 111.07  25.93   195    6.9
 57962 111.65  25.97   167    1.8
 57966 111.96  25.59   244    1.2
 57971 112.20  25.92   224    0.1
 57973 112.72  25.75   329    0.1
 57981 113.22  25.97   139    0.1
 57991 114.55  25.80   140    0.2
 58016 116.97  34.18    34    0.1
 58021 117.28  34.78    80    0.1
 58035 118.35  34.33    29    2.9
 58036 118.71  34.54    32    5.4
 58041 119.43  34.78    26    0.4
 58044 119.23  34.55     4    4.1
 58045 119.60  34.20     4   17.4
 58048 119.35  34.12     4   19.0
 58049 119.80  34.02     4   19.6
 58116 116.83  33.98    31    0.1
 58126 117.87  33.47    19    0.1
 58129 117.83  33.15    14    4.0
 58131 118.22  33.97    25    0.5
 58132 118.68  33.72    14   12.6
 58139 118.91  33.31    10    7.6
 58140 119.30  33.77     9   24.1
 58145 119.15  33.50     7    6.1
 58146 119.77  33.47     3    9.1
 58147 118.97  32.98    24   12.5
 58148 119.34  33.27     3   18.8
 58154 120.20  33.43     2   20.1
 58223 117.98  32.80    31    0.6
 58230 118.28  32.12    26    0.2
 58234 118.42  32.47    40    0.2
 58237 118.59  32.07    46    3.6
 58240 119.02  32.68    21   10.8
 58243 119.82  32.95     3   15.4
 58244 119.59  32.45     5   10.4
 58245 119.42  32.41     9    0.8
 58246 119.99  32.56     2   10.0
 58247 119.80  32.27     3    1.1
 58249 120.05  32.16     6    3.3
 58250 120.16  32.51     6    3.8
 58254 120.45  32.52     5    7.5
 58257 120.26  31.99     4    3.8
 58268 121.08  32.10     4    0.1
 58320 117.13  31.73    21    0.7
 58323 117.47  31.88    25    1.4
 58340 119.03  31.66    25    0.7
 58341 119.59  31.98     6    0.8
 58342 119.55  31.72     6    3.0
 58344 119.20  31.96    36    6.0
 58351 120.30  31.90     4    2.1
 58353 120.57  31.86    11    1.2
 58627 117.06  28.31    56    0.1
 58647 119.13  28.08   222    2.5
 58656 120.97  28.07    60    4.9
 58657 120.28  28.15    57    3.5
 58658 120.68  28.15    34    3.3
 58659 120.65  28.03    28    4.7
 58664 121.37  28.37    35    2.1
 58706 115.83  27.43   181    0.2
 58707 115.13  27.22    66    0.1
 58710 116.05  27.77    78    0.1
 58712 116.78  27.92   130    0.1
 58713 117.07  27.72   225    1.5
 58714 116.23  27.55   120    0.2
 58719 116.93  27.30   131    0.6
 58724 117.32  27.53   268    1.6
 58735 118.75  27.52   260    2.7
 58736 118.82  27.38   262    3.6
 58745 119.08  27.62   400    4.0
 58746 119.70  27.55   538    5.5
 58747 119.35  27.15   899    5.0
 58748 119.65  27.10    50   11.9
 58749 119.88  27.23   684    5.9
 58750 120.08  27.78   105    6.7
 58751 120.57  27.67   254    6.1
 58804 115.35  26.35   151    0.4
 58814 116.35  26.35   247    5.1
 58819 116.82  26.18   336   22.4
 58821 117.47  26.73   173   10.8
 58822 116.85  26.83   342    3.6
 58823 117.80  26.80   175   12.0
 58824 117.15  26.40   357   25.6
 58826 117.80  26.40   120   27.3
 58828 117.62  26.27   208   25.8
 58836 118.73  26.58   361   27.9
 58839 118.85  26.23    40   22.1
 58844 119.15  26.15    57   14.9
 58845 119.53  26.50    60   22.4
 58848 119.55  26.20    13   12.9
 58850 120.23  26.92    92   39.8
 58903 116.03  25.90   210   12.1
 58905 115.42  25.97   133    7.0
 58906 115.80  25.60   167    5.3
 58912 116.73  25.72   404   18.1
 58923 117.83  25.70   400   15.1
 58932 118.93  25.87    85   17.9
 58934 118.27  25.33   183    0.1
 58935 118.23  25.48   521    3.6
 58940 119.33  26.08    25   11.7
 58941 119.50  25.97    25    7.6
 58942 119.38  25.72    39    0.1
 59015 106.57  24.35   437    0.7
 59017 106.27  24.27   278    0.9
 59022 107.55  24.98   749   36.5
 59027 107.25  24.13   254    0.2
