diamond  3 2015年04月01日08点6小时降雨量                     
  15  04  01  08    -1 3 10 25 50 1 0
 39 122.7  37.3 122.5  36.7 120.8  36.2 119.3  35.0 120.4  34.3
 121.1  32.7 122.3  30.9 122.5  30.1 121.5  28.0 119.8  25.0
 116.1  22.6 111.0  21.0 111.0  18.6 109.6  18.1 108.3  18.5
 108.9  19.9 109.3  21.0 106.4  21.6 104.1  22.2 101.6  20.8
  98.7  22.0  97.1  24.1  97.7  27.0  91.7  26.6  85.7  27.7
  78.9  30.6  73.3  37.1  74.1  40.7  87.6  49.8  98.5  43.9
 110.4  44.3 122.0  54.7 135.7  48.3 131.5  42.2 125.2  39.4
 121.3  38.5 121.2  40.3 118.5  38.6 120.8  38.1
 1     374
 51352  85.25  44.85   337    0.3
 51353  86.10  45.02   346    0.2
 51356  86.05  44.32   442    1.3
 51357  85.62  44.33   522    0.8
 51359  86.20  44.32   471    2.0
 51368  87.32  44.12   515    5.4
 51369  87.65  43.97   600    1.9
 51377  87.92  44.17   547    0.4
 51465  87.10  43.48  1871    0.9
 51468  86.83  43.10  3539    2.9
 52656 100.82  38.43  2281    1.4
 52853 100.98  36.90  3010    2.0
 52875 102.10  36.50  2125    0.6
 52881 103.18  36.98  2484    1.1
 52980 103.30  35.97  1648    0.5
 52996 105.02  35.38  2450    0.2
 53324 107.05  41.07  1035    3.9
 53337 108.47  41.09  1023    0.3
 53419 107.00  40.33  1055    3.7
 53420 107.12  40.85  1024    2.7
 53517 106.33  39.27  1464    4.5
 53518 106.35  39.03  1117   14.6
 53533 108.71  39.81  1414    4.6
 53545 109.71  39.56  1367    3.0
 53547 109.03  39.10  1312    6.4
 53577 112.30  39.00  1437    4.0
 53579 112.90  39.02   859    1.2
 53603 106.37  38.83  1095    5.8
 53610 106.35  38.57  1106    2.0
 53611 106.55  38.88  1098    2.6
 53617 106.08  38.03  1118    1.2
 53618 106.25  38.28  1113    2.8
 53619 106.30  38.12  1115    5.5
 53644 108.83  38.60  1307    3.2
 53676 112.98  38.50   759    1.8
 53678 112.65  38.07   897    1.3
 53680 114.38  38.30   108    2.8
 53682 114.68  38.63   104    0.5
 53685 113.42  38.07   953    6.3
 53688 114.55  38.42   100    5.1
 53689 115.07  38.02    42    2.0
 53690 114.18  38.85   281    0.1
 53691 114.57  38.15    71    1.7
 53693 114.13  38.03   255    2.2
 53694 114.22  38.27   131    2.9
 53695 114.68  38.35    70    2.6
 53696 115.02  38.55    41    1.1
 53697 114.83  38.03    53    2.1
 53699 114.95  38.18    45    2.4
 53732 108.72  37.85  1209    0.2
 53771 112.05  37.42   750   12.0
 53773 114.62  36.33    64    0.2
 53774 112.37  37.58   759    8.9
 53780 113.15  37.91  1066    5.8
 53782 113.62  37.93   767    4.4
 53784 114.78  37.75    38    1.3
 53785 114.67  37.52    35    3.9
 53789 114.63  37.88    52    1.9
 53790 114.61  37.63    44    1.6
 53791 114.50  37.81    68    1.4
 53792 114.48  37.45   113    4.4
 53794 114.75  37.35    33    3.6
 53795 114.37  37.65   137    1.3
 53796 114.89  37.62    30    3.2
 53797 114.52  37.28    73    2.9
 53799 115.00  37.24    25    2.2
 53860 111.17  36.98  1406    1.6
 53861 111.38  35.88   463    0.9
 53862 111.80  36.85   811    0.7
 53866 111.67  36.23   462    3.4
 53869 111.70  36.58   550    0.1
 53873 112.87  36.10   951    2.8
 53874 111.90  36.25   648    2.5
 53881 106.48  37.28  1382    0.3
 53883 114.70  37.13    36    2.5
 53886 113.67  36.57   470    1.9
 53889 113.82  36.07   306    7.0
 53890 114.10  36.67   280    0.6
 53891 114.68  37.02    43    1.5
 53893 114.95  36.77    39    0.6
 53894 114.20  36.40   149    0.5
 53895 114.50  36.78    60    0.4
 53896 114.95  36.35    50    1.7
 53897 114.38  36.38    69    0.8
 53899 114.97  36.48    48    0.1
 53906 105.71  35.52  1656    1.3
 53908 105.23  35.22  1768    1.1
 53914 106.12  35.62  2078    3.1
 53916 106.32  35.50  1948   11.5
 53917 106.07  35.22  1631    1.7
 53925 107.18  35.68  1172    0.1
 53927 106.62  35.20  1477    4.7
 53928 107.02  35.30  1149    2.7
 53972 112.90  35.05   117    2.8
 53974 114.23  35.61    70   10.9
 53976 112.87  35.50   752    0.1
 53978 112.63  35.08   140    1.7
 53980 114.80  36.55    50    0.4
 53983 114.42  35.03    69   10.0
 53984 113.47  35.23    82    6.6
 53985 113.82  35.50   140    5.3
 53987 113.36  35.11    94    5.6
 53988 113.67  35.27    77   13.5
 53989 113.98  35.08    75   13.6
 53991 114.33  35.92    93   12.5
 53992 114.52  35.65    58   15.9
 53993 114.92  35.93    51   10.4
 53994 114.07  35.38    70    7.2
 53995 114.50  35.55    62   18.7
 53996 114.65  36.45    57    0.7
 53997 114.18  35.15    71   19.3
 53998 114.65  35.20    61   13.5
 54604 115.33  38.42    29    1.4
 54608 115.55  38.00    26    1.7
 54609 115.59  38.23    22    1.7
 54617 116.12  38.18    13    2.7
 54621 115.18  38.18    38    2.0
 54626 115.82  38.42    13    0.4
 54627 117.23  38.03     8    0.4
 54631 115.15  37.07    32    0.9
 54632 115.03  37.07    34    0.9
 54633 115.23  37.52    26    3.5
 54640 114.87  36.92    36    0.1
 54644 117.12  38.05    10    0.5
 54701 115.20  37.93    35    1.9
 54702 115.70  37.73    20    2.2
 54703 115.88  37.80    21    1.3
 54704 115.57  37.52    24    2.8
 54706 115.67  37.08    31    1.9
 54707 115.98  37.35    27    1.0
 54708 115.73  37.50    23    2.3
 54709 116.07  37.23    24    1.8
 54710 116.17  37.87    18    0.9
 54711 116.28  37.70    18    2.9
 54712 116.82  37.20    18    2.0
 54713 116.53  37.88    14    0.4
 54714 116.33  37.45    23    0.9
 54716 116.80  37.67    16    2.0
 54717 116.40  37.63    17    2.8
 54718 116.47  37.15    22    2.1
 54719 116.68  38.03    11    2.0
 54722 117.63  37.75     6    0.8
 54723 117.57  37.65    10    1.8
 54724 117.13  37.32    14    1.2
 54726 117.18  37.70    11    1.8
 54728 117.38  37.77     8    0.9
 54729 117.87  37.17    11    0.6
 54730 118.14  37.69     6    0.8
 54731 118.22  37.48    11    1.0
 54736 118.67  37.43     6    0.3
 54737 118.15  37.15     9    0.3
 54738 118.40  37.05    15    0.1
 54749 119.95  37.18    48    0.7
 54755 120.39  37.33   117    0.1
 54759 120.85  37.32   205    0.2
 54765 121.43  37.48    82    0.2
 54766 121.59  37.43    39    0.5
 54800 115.25  37.00    33    0.2
 54802 115.73  36.82    34    0.6
 54805 115.47  36.45    39    0.6
 54806 115.97  36.42    33    0.5
 54807 115.77  36.15    41    5.7
 54809 115.28  36.55    41    0.7
 54810 116.27  36.87    27    0.5
 54811 116.62  36.93    20    0.1
 54812 116.75  36.78    22    1.6
 54814 116.25  36.53    29    2.5
 54815 116.27  36.38    31    1.0
 54816 116.80  36.52    98    1.0
 54817 115.87  35.98    42    6.9
 54818 116.42  36.25    79    2.8
 54819 116.80  36.18   113    2.1
 54820 115.17  36.82    36    1.1
 54821 117.20  37.00    20    0.5
 54822 117.73  36.87    47    1.9
 54824 117.95  36.63    95    1.6
 54825 117.85  36.52   189    1.5
 54827 117.15  36.17   128    4.9
 54828 117.68  36.23   229    3.4
 54829 117.87  36.77    85    1.0
 54830 117.93  36.82    34    1.1
 54831 118.50  36.65   102    1.3
 54832 118.80  36.86    23    0.9
 54833 118.08  36.97    15    0.2
 54834 118.28  36.87    46    0.6
 54835 118.55  36.50   106    0.6
 54837 118.84  36.68    78    0.9
 54841 119.42  36.86    23    1.2
 54846 119.74  36.39    51    0.9
 54848 119.42  35.98    82    0.1
 54849 120.03  36.22    84    1.0
 54851 120.56  36.90    76    0.8
 54852 120.73  36.97    54    0.2
 54853 120.42  36.17    42    1.3
 54855 120.38  36.40    47    0.2
 54900 115.02  35.70    53   21.9
 54901 115.17  36.08    47    6.5
 54902 115.12  35.90    49   16.7
 54903 115.48  35.85    45   11.6
 54904 115.52  35.58    50    8.7
 54905 115.93  35.58    46    4.0
 54906 115.42  35.25    49   10.1
 54907 116.65  34.98    34    0.2
 54908 115.10  35.27    57    6.9
 54910 116.05  35.82    40    8.2
 54911 116.40  35.93    44    2.1
 54912 116.50  35.77    41    1.8
 54913 116.82  35.75    62    0.9
 54914 116.08  35.42    40    5.3
 54915 116.60  35.43    33    4.0
 54917 116.33  35.13    35    4.5
 54918 116.97  35.60    62    0.8
 54919 116.98  35.38    88    0.9
 54920 117.28  35.65   110    0.1
 54921 116.33  35.42    38    3.7
 54922 117.78  35.88   224    0.4
 54923 117.93  35.72   202    0.1
 54927 117.20  35.10    74    0.1
 54932 118.65  35.77   186    0.2
 54940 119.20  35.75   148    0.1
 54943 120.00  35.88    10    0.1
 56034  97.13  33.80  4415    0.5
 56195 104.73  31.80   543    0.1
 56641  98.87  26.90  1189    5.0
 56742  99.37  25.90  1658    0.2
 56836  97.95  24.70   826    0.1
 56840  98.30  24.82  1012    0.1
 56841  98.68  24.60  1528    0.2
 56842  99.18  24.73  1471    0.1
 56843  99.62  24.83  1650    0.3
 56846  99.93  24.58  1569    0.3
 56849  99.23  24.03  1606    0.2
 57001 105.33  34.75  1271    0.1
 57002 105.65  34.85  1216    8.5
 57003 106.83  34.90   924    4.4
 57006 105.75  34.58  1141    1.3
 57007 105.18  34.18  1404    0.9
 57008 105.30  34.03  1579    1.2
 57011 106.15  34.75  1378    1.2
 57012 106.20  34.98  1664    0.8
 57016 107.13  34.35   612    0.2
 57020 107.40  34.37   563    1.1
 57021 107.13  34.65   751    3.6
 57027 107.73  34.27   517    0.2
 57057 110.15  34.10   963    0.3
 57063 111.77  34.77   523    1.1
 57065 112.13  34.55   317    7.8
 57066 111.67  34.40   408    8.2
 57070 112.12  34.73   364    5.0
 57072 112.75  34.92   127    2.2
 57074 112.40  34.42   252    8.9
 57075 112.87  34.17   203    6.4
 57076 112.78  34.73   189    3.4
 57078 112.47  34.15   336    9.8
 57079 113.03  34.95   106    5.7
 57080 112.97  34.73   165    7.7
 57081 113.43  34.80   140    7.1
 57082 113.02  34.47   427    0.4
 57084 113.05  34.49  1178    1.3
 57085 113.33  34.53   259   10.2
 57086 113.72  34.38   116   19.6
 57087 113.73  34.27   104   14.0
 57088 113.50  34.19   146   10.3
 57090 113.97  34.72    78   13.0
 57093 114.82  34.85    73    4.4
 57094 114.22  34.40    67    2.3
 57095 114.15  34.12    61    0.6
 57096 114.78  34.53    59    2.2
 57099 114.85  34.07    52    3.0
 57102 105.72  33.75   970    5.8
 57105 105.60  33.33  1221   14.1
 57110 106.08  33.78   930   13.0
 57111 106.30  33.92   961   19.4
 57113 106.55  33.93   984    3.8
 57119 106.70  33.17   548   24.9
 57126 107.55  33.22   468    1.5
 57128 107.33  33.17   486    1.9
 57129 107.72  32.98   446    0.1
 57153 110.33  33.70   639    0.1
 57162 112.07  34.13   440    7.5
 57169 111.87  33.05   159   12.5
 57173 112.88  33.75   145   11.1
 57175 112.23  33.05   191    1.8
 57176 112.42  33.48   231   13.1
 57177 113.53  33.33    89    4.5
 57180 113.20  33.98   117    3.6
 57182 113.52  33.85    80    1.0
 57183 113.92  33.80    60    1.5
 57184 113.30  33.63    97    0.9
 57185 113.58  33.45    91    2.7
 57188 114.03  33.37    55    1.0
 57189 113.95  33.13    64    2.5
 57191 114.47  34.51    64    2.5
 57192 114.85  33.73    45    5.8
 57194 114.27  33.28    59    4.6
 57196 114.87  33.47    42    3.7
 57197 114.35  32.97    50    1.8
 57204 105.22  32.57   782   29.8
 57208 105.52  32.28   544   25.9
 57213 106.93  33.00   536   22.5
 57253 110.82  32.85   201    1.5
 57260 111.52  32.57   133    5.7
 57261 111.52  33.12   233   19.2
 57268 111.62  32.27   120    4.6
 57274 112.12  32.70   107    0.6
 57281 113.30  32.70   142    1.1
 57292 114.63  32.97    44    0.1
 57293 114.98  32.73    38    0.3
 57294 114.02  32.83    83    1.8
 57295 114.35  32.62    78    0.8
 57298 114.55  32.22    55    0.5
 57299 114.90  32.02    49    0.1
 57303 105.92  31.73   459   19.7
 57307 105.08  31.10   404    1.1
 57308 105.38  31.22   421   17.3
 57320 107.22  31.93   482    1.1
 57361 111.27  31.88   327    4.1
 57363 111.83  31.80   151    8.7
 57368 111.63  31.05   141    4.3
 57370 112.22  31.73    67    0.2
 57385 113.82  31.62    93   18.3
 57390 114.07  31.80   733    5.8
 57396 114.85  31.63   128    0.1
 57401 105.37  30.87   383    0.2
 57453 111.32  30.77   115    0.2
 57541 109.48  30.00   532    0.1
 57543 110.03  29.90   539    1.8
 57558 110.47  29.13   183    0.1
 57859 110.63  26.03   408    2.5
 57954 110.18  25.23   157    0.1
 57956 110.32  25.42   167    0.3
 58001 115.10  34.43    56    0.8
 58002 115.58  34.85    49   13.1
 58003 115.88  34.95    45   10.9
 58004 115.15  34.65    60    0.8
 58006 115.88  34.38    46    5.2
 58007 115.30  34.07    47    0.6
 58008 115.33  34.47    54    6.6
 58011 116.07  34.80    46    4.2
 58012 116.66  34.67    42    0.3
 58016 116.97  34.18    34    4.9
 58017 116.13  34.25    41    8.6
 58020 117.13  34.80    35    0.8
 58021 117.28  34.78    80    0.9
 58022 117.57  34.75    48    0.2
 58035 118.35  34.33    29   13.9
 58036 118.71  34.54    32    1.4
 58044 119.23  34.55     4    2.5
 58045 119.60  34.20     4    0.8
 58048 119.35  34.12     4    4.6
 58100 115.17  33.65    41    2.3
 58101 115.48  33.87    41   10.1
 58104 115.07  33.40    41    3.1
 58107 115.28  33.02    35    9.4
 58108 115.33  33.23    34   38.8
 58109 115.65  33.13    31   18.7
 58114 116.18  33.48    31    0.9
 58117 116.20  33.13    27    2.4
 58131 118.22  33.97    25    1.2
 58132 118.68  33.72    14    2.4
 58205 115.43  32.47    34    1.4
 58207 115.05  32.17    42    0.2
 58210 116.23  32.65    25    3.7
 58301 115.38  31.82    92    0.2
 58418 116.67  30.13    60    1.5
 58426 118.13  30.30   193    2.0
 58432 118.40  30.68    57    1.0
 58435 118.53  30.30   220    0.7
 58438 118.58  30.08   191    0.1
 58443 119.89  31.02    25    0.1
 58510 116.23  29.73    40    2.6
 58514 116.05  29.45    37    0.9
 58523 117.93  29.93   227    3.4
 58529 117.85  29.27   171    0.8
