diamond  3 2015年04月18日08点6小时降雨量                     
  15  04  18  08    -1 3 10 25 50 1 0
 39 122.7  37.3 122.5  36.7 120.8  36.2 119.3  35.0 120.4  34.3
 121.1  32.7 122.3  30.9 122.5  30.1 121.5  28.0 119.8  25.0
 116.1  22.6 111.0  21.0 111.0  18.6 109.6  18.1 108.3  18.5
 108.9  19.9 109.3  21.0 106.4  21.6 104.1  22.2 101.6  20.8
  98.7  22.0  97.1  24.1  97.7  27.0  91.7  26.6  85.7  27.7
  78.9  30.6  73.3  37.1  74.1  40.7  87.6  49.8  98.5  43.9
 110.4  44.3 122.0  54.7 135.7  48.3 131.5  42.2 125.2  39.4
 121.3  38.5 121.2  40.3 118.5  38.6 120.8  38.1
 1     202
 50673 130.40  48.88    90    0.4
 50772 129.23  48.10   288    0.4
 50776 130.83  47.57    83    1.7
 52557 100.17  39.15  1453    0.2
 52607 106.65  39.43  1252    3.5
 52643  99.62  38.83  2311    1.5
 52656 100.82  38.43  2281    8.0
 52853 100.98  36.90  3010    4.0
 52875 102.10  36.50  2125    1.3
 52885 103.25  36.75  2118    0.8
 52957 100.60  35.25  3148    5.3
 52968 101.47  35.03  3662    4.0
 52980 103.30  35.97  1648    1.4
 52981 103.38  35.68  2421    0.8
 52982 103.55  35.48  1953    0.2
 52985 103.33  35.42  2162    0.6
 52996 105.02  35.38  2450    0.8
 53337 108.47  41.09  1023    0.7
 53348 109.13  41.02  1078    1.1
 53357 110.05  41.03  1360    0.5
 53367 111.23  41.32  1602    0.1
 53419 107.00  40.33  1055    1.6
 53420 107.12  40.85  1024    0.1
 53433 108.65  40.73  1020    1.2
 53505 105.40  37.88  1380    4.4
 53512 106.80  39.80  1105    3.0
 53517 106.33  39.27  1464    3.9
 53518 106.35  39.03  1117    0.3
 53522 107.83  40.05  1180    2.1
 53533 108.71  39.81  1414    0.8
 53602 105.67  38.83  1561    9.7
 53603 106.37  38.83  1095    0.1
 53610 106.35  38.57  1106    0.4
 53611 106.55  38.88  1098    0.5
 53618 106.25  38.28  1113    0.7
 53619 106.30  38.12  1115    0.2
 53644 108.83  38.60  1307    0.4
 53727 107.12  37.17  1712    0.9
 53732 108.72  37.85  1209    8.9
 53829 107.90  35.98  1093    4.6
 53881 106.48  37.28  1382    0.5
 53906 105.71  35.52  1656    2.7
 53914 106.12  35.62  2078   10.1
 53916 106.32  35.50  1948    7.5
 53917 106.07  35.22  1631   10.6
 53924 107.62  35.07   966   11.4
 53925 107.18  35.68  1172   10.5
 53926 107.35  35.35  1028    6.3
 53927 106.62  35.20  1477   13.6
 53928 107.02  35.30  1149    7.1
 53930 107.98  36.45  1271    7.3
 53934 107.98  35.78  1274    3.6
 53935 108.40  35.49  1481    7.9
 53937 107.92  35.52   979    7.3
 53938 108.30  35.17  1277    6.2
 54844 119.18  36.42    62    3.5
 54846 119.74  36.39    51    2.8
 54849 120.03  36.22    84    0.9
 54853 120.42  36.17    42    0.6
 54855 120.38  36.40    47    0.1
 56034  97.13  33.80  4415    5.2
 56091 104.47  34.85  1883    0.7
 56094 104.37  33.78  1400    1.3
 56095 104.38  34.03  1753    0.8
 56097 104.25  33.27  1440    0.5
 56180 103.85  31.68  1590    3.2
 56181 103.70  30.68   541    0.1
 56185 102.98  32.08  2400    0.4
 56186 104.20  31.33   589    1.1
 56190 104.55  31.55   519    5.4
 56192 104.67  32.95  1014    0.4
 56193 104.52  32.42   893   13.5
 56194 104.45  31.63   597    3.0
 56195 104.73  31.80   543    1.2
 56198 104.50  31.32   525    2.6
 56272 103.88  30.82   558    1.0
 56276 103.82  30.45   467    0.6
 56289 103.87  30.20   437    0.3
 56317  94.22  29.22  2950    1.6
 56641  98.87  26.90  1189    1.2
 56841  98.68  24.60  1528    0.2
 56842  99.18  24.73  1471    0.5
 56944  99.27  23.15  1278    1.2
 57001 105.33  34.75  1271    5.9
 57002 105.65  34.85  1216   11.0
 57003 106.83  34.90   924    5.8
 57004 104.88  34.73  1495    3.7
 57006 105.75  34.58  1141   16.3
 57007 105.18  34.18  1404   11.7
 57008 105.30  34.03  1579   13.6
 57011 106.15  34.75  1378   15.7
 57012 106.20  34.98  1664   12.7
 57016 107.13  34.35   612    3.2
 57020 107.40  34.37   563    4.5
 57021 107.13  34.65   751    8.5
 57022 107.78  34.68  1026    4.5
 57023 108.11  35.02   919    6.0
 57024 107.65  34.45   669    3.2
 57026 107.88  34.37   585    1.9
 57027 107.73  34.27   517    1.2
 57031 108.55  34.82  1012    7.1
 57032 108.20  34.13   436    0.1
 57035 108.23  34.55   636    0.8
 57060 111.23  35.17   402    0.1
 57063 111.77  34.77   523    0.9
 57070 112.12  34.73   364    1.0
 57074 112.40  34.42   252    0.1
 57075 112.87  34.17   203    0.1
 57078 112.47  34.15   336    0.1
 57102 105.72  33.75   970    5.5
 57105 105.60  33.33  1221   21.6
 57110 106.08  33.78   930    8.4
 57111 106.30  33.92   961    6.9
 57113 106.55  33.93   984    4.8
 57119 106.70  33.17   548    2.9
 57123 108.07  34.28   506    0.6
 57129 107.72  32.98   446    0.6
 57153 110.33  33.70   639    0.1
 57169 111.87  33.05   159    0.2
 57173 112.88  33.75   145    1.3
 57177 113.53  33.33    89    0.3
 57180 113.20  33.98   117    0.5
 57182 113.52  33.85    80    0.2
 57184 113.30  33.63    97    0.6
 57185 113.58  33.45    91    0.2
 57204 105.22  32.57   782    3.6
 57208 105.52  32.28   544    5.7
 57213 106.93  33.00   536    1.8
 57216 106.83  32.35   579    0.9
 57217 106.28  32.23   485    2.0
 57231 108.53  32.53   503    0.6
 57253 110.82  32.85   201    0.7
 57254 110.12  32.82   322    0.6
 57260 111.52  32.57   133    2.2
 57261 111.52  33.12   233    3.8
 57268 111.62  32.27   120    0.5
 57293 114.98  32.73    38    0.1
 57294 114.02  32.83    83    0.1
 57295 114.35  32.62    78    0.7
 57299 114.90  32.02    49    0.4
 57303 105.92  31.73   459    0.1
 57309 105.88  30.98   378    0.1
 57315 106.40  31.53   655    0.4
 57317 106.42  31.03   324    1.3
 57318 106.55  31.07   338    2.2
 57320 107.22  31.93   482    0.3
 57324 107.08  31.58   364    0.7
 57326 107.72  31.37   389    0.6
 57329 107.85  31.10   467    3.6
 57338 108.42  31.18   216    1.3
 57339 108.68  30.95   297    0.2
 57345 109.62  31.40   337    1.5
 57361 111.27  31.88   327    0.1
 57385 113.82  31.62    93    0.1
 57390 114.07  31.80   733    2.3
 57396 114.85  31.63   128    1.0
 57413 106.97  30.85   295    4.0
 57415 106.63  30.53   394    0.2
 57417 106.28  30.35   315    0.1
 57420 107.19  30.75   418    1.7
 57425 107.33  30.33   433    1.2
 57431 108.35  30.83   257    0.2
 57498 114.94  30.52    26    0.6
 57537 108.17  29.30   322    0.3
 57540 109.15  29.68   776    0.1
 57543 110.03  29.90   539    0.2
 57544 109.45  29.47   488    0.1
 57564 111.13  29.43   103    0.2
 57634 107.88  28.52   660    0.1
 57829 107.80  26.20   963    0.7
 58112 116.45  30.73   968    0.1
 58301 115.38  31.82    92    0.1
 58306 115.88  31.68    95    0.1
 58316 116.92  31.47    23    0.7
 58320 117.13  31.73    21    0.2
 58327 117.28  31.27    45    2.2
 58329 117.87  31.33     9    0.7
 58401 115.40  30.75   123    0.6
 58404 115.22  30.47    61    0.1
 58408 115.43  30.23    35    0.2
 58426 118.13  30.30   193    0.8
 58435 118.53  30.30   220    1.4
 58438 118.58  30.08   191    2.1
 58512 116.55  29.90    71    0.1
 58523 117.93  29.93   227    0.3
 58530 118.43  29.87   168    1.7
 58534 118.18  29.78   170    2.8
 58537 118.40  29.13   153    0.2
 58542 119.68  29.82    46    0.5
 58544 119.27  29.48    88    1.5
 58546 119.88  29.47   115    0.2
 58547 119.18  29.03    66    1.0
 58548 119.47  29.22    50    1.1
 58625 117.60  28.42    79    0.1
 58631 118.50  28.90   137    1.4
 58642 119.80  28.88   105    2.5
 58643 120.03  28.90   102    0.8
 58657 120.28  28.15    57    0.2
 58724 117.32  27.53   268    0.2
 58736 118.82  27.38   262    0.2
 58745 119.08  27.62   400    0.2
 58750 120.08  27.78   105    0.5
