diamond  3 2015年04月01日20点6小时降雨量                     
  15  04  01  20    -1 3 10 25 50 1 0
 39 122.7  37.3 122.5  36.7 120.8  36.2 119.3  35.0 120.4  34.3
 121.1  32.7 122.3  30.9 122.5  30.1 121.5  28.0 119.8  25.0
 116.1  22.6 111.0  21.0 111.0  18.6 109.6  18.1 108.3  18.5
 108.9  19.9 109.3  21.0 106.4  21.6 104.1  22.2 101.6  20.8
  98.7  22.0  97.1  24.1  97.7  27.0  91.7  26.6  85.7  27.7
  78.9  30.6  73.3  37.1  74.1  40.7  87.6  49.8  98.5  43.9
 110.4  44.3 122.0  54.7 135.7  48.3 131.5  42.2 125.2  39.4
 121.3  38.5 121.2  40.3 118.5  38.6 120.8  38.1
 1     576
 51352  85.25  44.85   337    0.3
 51353  86.10  45.02   346   0.01
 51357  85.62  44.33   522   0.01
 51359  86.20  44.32   471    0.2
 51368  87.32  44.12   515   0.01
 51369  87.65  43.97   600    0.5
 51377  87.92  44.17   547    0.9
 51465  87.10  43.48  1871    0.6
 51482  90.28  43.83  1271   0.01
 52607 106.65  39.43  1252    2.0
 52875 102.10  36.50  2125   0.01
 52885 103.25  36.75  2118   0.01
 52896 104.15  36.55  1738    0.6
 52993 105.07  35.68  1739    0.6
 52995 104.62  35.58  1897    0.2
 52996 105.02  35.38  2450   0.01
 53272 112.63  42.75  1104   0.01
 53289 113.83  42.23  1322    0.5
 53324 107.05  41.07  1035   10.5
 53337 108.47  41.09  1023   12.5
 53343 109.97  41.77  1612   11.5
 53348 109.13  41.02  1078    4.7
 53357 110.05  41.03  1360    5.8
 53367 111.23  41.32  1602    1.1
 53368 111.47  41.08  1637    0.8
 53378 112.62  41.28  1737    0.2
 53384 113.18  41.45  1423    1.4
 53385 113.54  41.60  1420    2.3
 53392 114.60  41.85  1422    0.3
 53397 113.98  41.10  1376    5.6
 53419 107.00  40.33  1055    2.1
 53420 107.12  40.85  1024   11.3
 53433 108.65  40.73  1020    2.2
 53455 110.53  40.55   998    6.6
 53457 110.03  40.40  1011    2.8
 53464 111.17  40.72  1042    9.4
 53466 111.70  40.75  1045    5.5
 53467 111.18  40.27  1016    3.1
 53469 111.82  40.40  1166    6.4
 53472 112.57  40.87  1451   11.7
 53475 112.47  40.52  1268   11.4
 53481 113.22  40.80  1316    9.2
 53483 113.83  40.87  1268   12.2
 53484 113.15  40.45  1191   13.0
 53486 113.77  40.37  1050   11.4
 53492 114.15  40.10   937    4.5
 53498 115.03  40.57   629    0.5
 53499 114.73  40.77   755    1.6
 53505 105.40  37.88  1380    0.1
 53512 106.80  39.80  1105    6.7
 53517 106.33  39.27  1464    0.7
 53518 106.35  39.03  1117    0.5
 53522 107.83  40.05  1180   24.0
 53533 108.71  39.81  1414   11.6
 53545 109.71  39.56  1367    2.7
 53547 109.03  39.10  1312    3.2
 53553 111.22  39.87  1221    7.0
 53562 111.67  39.92  1208    3.3
 53565 111.50  39.43  1051    6.2
 53567 111.00  39.02  1024    5.6
 53574 112.27  39.52  1409    6.4
 53575 112.20  39.10  1525    1.4
 53576 112.82  39.50  1045    1.7
 53577 112.30  39.00  1437    6.1
 53579 112.90  39.02   859    5.7
 53580 113.10  39.82  1044    1.4
 53582 113.67  39.72  1079    0.1
 53584 113.17  39.57  1000    1.1
 53590 114.27  39.75   977   0.01
 53596 115.13  38.85    52    0.2
 53599 114.68  39.37   884    8.0
 53602 105.67  38.83  1561   0.01
 53603 106.37  38.83  1095    0.3
 53610 106.35  38.57  1106    0.4
 53611 106.55  38.88  1098    1.7
 53617 106.08  38.03  1118    1.0
 53618 106.25  38.28  1113    0.9
 53619 106.30  38.12  1115    0.6
 53644 108.83  38.60  1307    3.5
 53658 110.48  38.03   894    4.4
 53659 111.00  37.97  1163    8.7
 53660 111.08  39.02   894    3.6
 53662 111.58  38.72  1396    2.3
 53665 111.65  38.28  1185    8.9
 53666 111.93  38.35  1212   10.6
 53669 111.80  38.08  1150    7.6
 53674 112.70  38.40   869    5.5
 53676 112.98  38.50   759    3.5
 53677 112.48  37.93   806    8.6
 53678 112.65  38.07   897   10.9
 53679 112.54  37.75   776    9.3
 53680 114.38  38.30   108    0.1
 53682 114.68  38.63   104    0.2
 53685 113.42  38.07   953    6.9
 53688 114.55  38.42   100    0.2
 53689 115.07  38.02    42   0.01
 53690 114.18  38.85   281    1.3
 53692 114.98  38.73    66    0.2
 53693 114.13  38.03   255    0.1
 53694 114.22  38.27   131   0.01
 53695 114.68  38.35    70   0.01
 53696 115.02  38.55    41    0.1
 53707 105.25  36.93  1697    0.1
 53727 107.12  37.17  1712    7.4
 53730 107.48  38.18  1333   15.2
 53732 108.72  37.85  1209    7.6
 53748 109.70  37.18  1063    6.7
 53750 110.18  37.77   931    3.0
 53751 110.05  37.60   894    5.2
 53756 110.72  37.52   744    5.7
 53757 110.12  37.12   938    6.4
 53759 110.83  36.98  1109    4.4
 53760 111.23  37.88  1212    1.3
 53763 112.17  37.92  1006    6.6
 53769 111.78  37.25   747    3.6
 53770 112.35  37.35   768    5.0
 53771 112.05  37.42   750    6.0
 53773 114.62  36.33    64    5.9
 53774 112.37  37.58   759   11.7
 53776 112.77  37.68   831    1.8
 53777 112.14  37.51   753    3.5
 53778 112.22  37.17   780    6.0
 53780 113.15  37.91  1066    3.9
 53781 114.47  36.87    67    3.9
 53782 113.62  37.93   767    1.0
 53786 113.33  37.09  1152    5.5
 53788 113.57  37.33  1265    1.9
 53790 114.61  37.63    44   0.01
 53792 114.48  37.45   113    0.3
 53794 114.75  37.35    33    0.1
 53795 114.37  37.65   137    0.1
 53796 114.89  37.62    30    0.1
 53797 114.52  37.28    73    0.7
 53799 115.00  37.24    25    0.1
 53829 107.90  35.98  1093    9.2
 53832 108.77  36.77  1218    6.6
 53841 109.32  36.88  1068    6.8
 53848 109.35  36.27  1005    8.5
 53850 110.18  36.88   804   10.3
 53857 110.18  36.07   840    7.5
 53860 111.17  36.98  1406   17.5
 53861 111.38  35.88   463   15.5
 53862 111.80  36.85   811   10.5
 53865 111.55  36.65  1011    9.1
 53866 111.67  36.23   462   18.6
 53869 111.70  36.58   550   13.1
 53871 112.85  36.83   964   13.3
 53872 112.68  36.77   960   11.5
 53873 112.87  36.10   951   26.7
 53874 111.90  36.25   648   20.8
 53875 112.35  36.52  1000   24.1
 53878 113.38  36.52   767   16.2
 53879 112.88  36.32   952   17.3
 53880 113.23  36.33   947   12.5
 53881 106.48  37.28  1382    2.8
 53883 114.70  37.13    36    1.0
 53885 113.20  36.12  1122   13.6
 53886 113.67  36.57   470    9.7
 53888 113.43  36.20  1089   10.6
 53889 113.82  36.07   306   11.9
 53890 114.10  36.67   280    6.1
 53891 114.68  37.02    43    2.0
 53892 114.47  36.62    66    3.4
 53893 114.95  36.77    39    1.8
 53894 114.20  36.40   149    9.2
 53895 114.50  36.78    60    4.3
 53896 114.95  36.35    50    2.1
 53897 114.38  36.38    69    8.1
 53899 114.97  36.48    48    2.3
 53906 105.71  35.52  1656    3.3
 53908 105.23  35.22  1768   0.01
 53914 106.12  35.62  2078    9.0
 53916 106.32  35.50  1948    9.6
 53917 106.07  35.22  1631    5.0
 53924 107.62  35.07   966    2.7
 53925 107.18  35.68  1172   15.6
 53926 107.35  35.35  1028    5.7
 53927 106.62  35.20  1477    5.3
 53928 107.02  35.30  1149    8.5
 53930 107.98  36.45  1271   10.6
 53931 109.37  36.00   984   13.6
 53934 107.98  35.78  1274    5.9
 53935 108.40  35.49  1481    7.5
 53937 107.92  35.52   979    4.1
 53938 108.30  35.17  1277    7.0
 53941 109.58  35.18   804    8.6
 53946 109.82  35.60  1091    7.1
 53947 109.07  35.08   978   12.8
 53949 109.92  35.18   679    8.9
 53953 110.85  35.97   965    8.7
 53954 110.97  35.62   433    9.4
 53956 110.83  35.40   588   16.5
 53957 110.72  35.62   459   14.1
 53958 110.78  35.17   435   20.9
 53961 111.48  35.65   472   23.9
 53962 111.70  35.73   584   21.0
 53964 111.22  35.62   430   13.6
 53965 111.57  35.52   761   18.8
 53966 111.83  35.98   817   13.2
 53967 111.20  35.33   468    9.2
 53972 112.90  35.05   117   26.2
 53973 112.95  35.77   837   19.1
 53974 114.23  35.61    70   11.3
 53976 112.87  35.50   752   27.3
 53978 112.63  35.08   140   35.3
 53979 113.08  35.15   120   20.4
 53980 114.80  36.55    50    1.3
 53981 113.27  35.78  1311   12.5
 53982 113.27  35.23   112   19.2
 53983 114.42  35.03    69    5.9
 53984 113.47  35.23    82   12.8
 53985 113.82  35.50   140   15.6
 53987 113.36  35.11    94    9.5
 53988 113.67  35.27    77   15.9
 53989 113.98  35.08    75   11.5
 53991 114.33  35.92    93   14.8
 53992 114.52  35.65    58    5.6
 53993 114.92  35.93    51    9.7
 53994 114.07  35.38    70   12.2
 53995 114.50  35.55    62    5.6
 53996 114.65  36.45    57    4.8
 53997 114.18  35.15    71   10.2
 53998 114.65  35.20    61    9.1
 54301 115.67  41.67  1412   0.01
 54304 115.27  40.95  1239    1.2
 54305 115.27  41.88  1468   0.01
 54398 116.62  40.13    28   0.01
 54399 116.28  39.98    45    0.1
 54408 115.22  40.38   529    0.3
 54410 116.13  40.60  1224    0.5
 54419 116.63  40.37    75   0.01
 54424 117.12  40.17    32   0.01
 54428 117.40  40.03    15   0.01
 54431 116.63  39.92    43    0.1
 54433 116.50  39.95    35   0.01
 54434 118.33  40.17   131   0.01
 54499 116.22  40.22    76    0.2
 54501 115.68  39.97   440    0.5
 54502 116.03  39.48    29   0.01
 54503 115.82  39.07    12    0.2
 54505 116.10  39.94    98   0.01
 54506 115.95  39.32    24    0.2
 54507 115.52  39.33    49    0.2
 54510 116.95  39.91    18   0.01
 54512 116.28  39.42    21    0.1
 54513 116.20  39.95    65   0.01
 54514 116.25  39.87    55   0.01
 54515 116.70  39.50    13   0.01
 54519 116.48  39.30    12   0.01
 54520 117.08  39.97    18   0.01
 54521 116.98  39.77    13   0.01
 54522 117.73  39.88    14   0.01
 54526 117.33  39.08     1   0.01
 54530 117.77  39.23     1   0.01
 54535 118.47  39.29     3   0.01
 54594 116.35  39.72    37   0.01
 54596 116.19  39.77    48   0.01
 54597 115.74  39.73   407    0.2
 54601 115.65  38.98    13    0.1
 54603 115.77  38.72    10   0.01
 54607 115.12  38.72    45    0.1
 54608 115.55  38.00    26   0.01
 54609 115.59  38.23    22   0.01
 54611 115.32  38.93    44    0.4
 54612 116.46  38.85     4   0.01
 54613 116.62  38.70     6   0.01
 54619 116.92  38.92     5   0.01
 54620 115.57  38.48    18    0.3
 54626 115.82  38.42    13    0.1
 54631 115.15  37.07    32    0.3
 54632 115.03  37.07    34    0.2
 54633 115.23  37.52    26    0.1
 54636 116.10  39.02    11   0.01
 54640 114.87  36.92    36    0.4
 54645 117.47  38.85     2   0.01
 54700 115.93  38.03    16   0.01
 54702 115.70  37.73    20   0.01
 54703 115.88  37.80    21    0.6
 54704 115.57  37.52    24    0.1
 54706 115.67  37.08    31   0.01
 54707 115.98  37.35    27   0.01
 54711 116.28  37.70    18   0.01
 54712 116.82  37.20    18    0.2
 54713 116.53  37.88    14   0.01
 54714 116.33  37.45    23   0.01
 54716 116.80  37.67    16   0.01
 54722 117.63  37.75     6    0.2
 54723 117.57  37.65    10    0.5
 54724 117.13  37.32    14   0.01
 54726 117.18  37.70    11   0.01
 54728 117.38  37.77     8   0.01
 54729 117.87  37.17    11   0.01
 54731 118.22  37.48    11   0.01
 54734 118.00  37.36    12    0.1
 54737 118.15  37.15     9   0.01
 54738 118.40  37.05    15    0.1
 54749 119.95  37.18    48   0.01
 54752 120.77  37.80    60    0.1
 54755 120.39  37.33   117   0.01
 54759 120.85  37.32   205    0.1
 54765 121.43  37.48    82    0.4
 54766 121.59  37.43    39    0.4
 54800 115.25  37.00    33    0.5
 54801 115.48  36.85    35    1.3
 54803 116.02  36.98    27   0.01
 54804 115.18  36.30    45    2.6
 54805 115.47  36.45    39    2.5
 54806 115.97  36.42    33    0.5
 54807 115.77  36.15    41    3.1
 54809 115.28  36.55    41    0.9
 54810 116.27  36.87    27   0.01
 54811 116.62  36.93    20    0.6
 54812 116.75  36.78    22    1.0
 54814 116.25  36.53    29    1.2
 54815 116.27  36.38    31    0.5
 54816 116.80  36.52    98    1.4
 54817 115.87  35.98    42    2.7
 54818 116.42  36.25    79    0.3
 54819 116.80  36.18   113    0.3
 54820 115.17  36.82    36    1.0
 54821 117.20  37.00    20    0.6
 54822 117.73  36.87    47    0.4
 54824 117.95  36.63    95    2.0
 54825 117.85  36.52   189    0.6
 54827 117.15  36.17   128    4.1
 54828 117.68  36.23   229    3.4
 54829 117.87  36.77    85    0.9
 54830 117.93  36.82    34    0.7
 54831 118.50  36.65   102    0.3
 54832 118.80  36.86    23    0.1
 54833 118.08  36.97    15    0.4
 54834 118.28  36.87    46    0.3
 54835 118.55  36.50   106    2.1
 54837 118.84  36.68    78    0.3
 54844 119.18  36.42    62    2.6
 54846 119.74  36.39    51    4.1
 54848 119.42  35.98    82    1.9
 54849 120.03  36.22    84    7.7
 54851 120.56  36.90    76   0.01
 54852 120.73  36.97    54   0.01
 54853 120.42  36.17    42    5.8
 54855 120.38  36.40    47    5.2
 54900 115.02  35.70    53    8.6
 54901 115.17  36.08    47    6.3
 54902 115.12  35.90    49    9.0
 54903 115.48  35.85    45    2.8
 54904 115.52  35.58    50    0.6
 54905 115.93  35.58    46    1.5
 54906 115.42  35.25    49    1.1
 54907 116.65  34.98    34   12.2
 54908 115.10  35.27    57    2.1
 54910 116.05  35.82    40    0.6
 54911 116.40  35.93    44    0.2
 54912 116.50  35.77    41    0.4
 54913 116.82  35.75    62    5.9
 54914 116.08  35.42    40    1.8
 54915 116.60  35.43    33    1.0
 54917 116.33  35.13    35    0.8
 54918 116.97  35.60    62    3.0
 54919 116.98  35.38    88    3.9
 54920 117.28  35.65   110    0.4
 54921 116.33  35.42    38    1.6
 54922 117.78  35.88   224    1.0
 54923 117.93  35.72   202    1.9
 54925 117.63  35.52   167    1.0
 54927 117.20  35.10    74    0.2
 54932 118.65  35.77   186    0.7
 54935 118.43  35.53   119    0.7
 54938 118.40  35.05    65    0.2
 54939 118.82  35.17   113    0.6
 54940 119.20  35.75   148    2.7
 54943 120.00  35.88    10    2.4
 56082 103.50  34.58  2540   0.01
 56091 104.47  34.85  1883    0.9
 56094 104.37  33.78  1400    0.4
 56095 104.38  34.03  1753   17.9
 56184 103.17  31.43  1896   0.01
 56185 102.98  32.08  2400    0.4
 56192 104.67  32.95  1014    3.5
 56342  98.60  29.68  3870    0.9
 56474 102.17  28.55  1774   0.01
 56487 103.13  28.33  1943   0.01
 56641  98.87  26.90  1189    1.1
 56652 100.75  26.68  2130    0.3
 56654 100.18  26.58  2195   0.01
 56755 100.40  25.39  1711    1.1
 56836  97.95  24.70   826   0.01
 56842  99.18  24.73  1471   0.01
 56843  99.62  24.83  1650   0.01
 57001 105.33  34.75  1271    0.3
 57002 105.65  34.85  1216    0.2
 57003 106.83  34.90   924    2.9
 57004 104.88  34.73  1495    0.9
 57006 105.75  34.58  1141    2.0
 57007 105.18  34.18  1404    4.9
 57008 105.30  34.03  1579    4.6
 57011 106.15  34.75  1378    2.9
 57012 106.20  34.98  1664    4.5
 57016 107.13  34.35   612    4.5
 57020 107.40  34.37   563    2.7
 57021 107.13  34.65   751    2.2
 57022 107.78  34.68  1026    5.4
 57023 108.11  35.02   919    4.1
 57024 107.65  34.45   669    4.8
 57026 107.88  34.37   585    5.1
 57027 107.73  34.27   517    3.4
 57029 108.48  34.50   543   15.6
 57031 108.55  34.82  1012   14.8
 57032 108.20  34.13   436   13.9
 57033 108.82  34.55   428   10.7
 57035 108.23  34.55   636   16.1
 57038 108.45  34.28   410   15.9
 57039 108.88  34.08   445   14.5
 57040 109.08  34.52   377   12.4
 57041 108.92  34.63   424    4.3
 57042 109.18  34.78   470   12.7
 57043 109.97  34.80   351    7.2
 57044 109.23  34.40   424   11.0
 57045 109.48  34.52   349   10.8
 57047 109.32  34.17   540   17.5
 57053 110.72  34.70   505   14.0
 57054 110.23  34.55   556    9.0
 57055 110.13  34.59   342    3.3
 57056 110.86  34.54   484   16.3
 57057 110.15  34.10   963   16.3
 57060 111.23  35.17   402   18.5
 57061 111.20  34.83   410   22.7
 57063 111.77  34.77   523   20.7
 57065 112.13  34.55   317   22.8
 57066 111.67  34.40   408    5.5
 57070 112.12  34.73   364   26.8
 57072 112.75  34.92   127   32.2
 57074 112.40  34.42   252   19.6
 57075 112.87  34.17   203   20.3
 57076 112.78  34.73   189   22.9
 57078 112.47  34.15   336   20.1
 57079 113.03  34.95   106   17.8
 57080 112.97  34.73   165   20.3
 57081 113.43  34.80   140   21.0
 57082 113.02  34.47   427   18.0
 57084 113.05  34.49  1178   17.7
 57085 113.33  34.53   259   26.5
 57086 113.72  34.38   116   23.5
 57088 113.50  34.19   146   17.3
 57090 113.97  34.72    78   14.3
 57093 114.82  34.85    73    5.0
 57094 114.22  34.40    67    2.7
 57095 114.15  34.12    61    3.2
 57096 114.78  34.53    59    3.5
 57098 114.40  34.08    58    1.9
 57099 114.85  34.07    52    1.9
 57102 105.72  33.75   970    7.7
 57105 105.60  33.33  1221    3.1
 57110 106.08  33.78   930    5.6
 57111 106.30  33.92   961    5.6
 57113 106.55  33.93   984    0.4
 57119 106.70  33.17   548    0.8
 57123 108.07  34.28   506    7.5
 57126 107.55  33.22   468    2.1
 57128 107.33  33.17   486    6.1
 57129 107.72  32.98   446   16.1
 57132 108.58  34.13   411   17.0
 57137 108.32  33.32   802   27.3
 57140 109.12  33.67   818   21.8
 57153 110.33  33.70   639   16.1
 57155 109.87  33.55   660   12.8
 57162 112.07  34.13   440   12.6
 57169 111.87  33.05   159    4.5
 57173 112.88  33.75   145   32.7
 57175 112.23  33.05   191    6.2
 57176 112.42  33.48   231   20.5
 57177 113.53  33.33    89    8.7
 57179 113.00  33.28   160   14.7
 57180 113.20  33.98   117   21.2
 57182 113.52  33.85    80   14.4
 57183 113.92  33.80    60    6.9
 57184 113.30  33.63    97   21.3
 57185 113.58  33.45    91    7.4
 57186 114.05  33.60    58    8.4
 57187 112.93  33.07   118   12.5
 57188 114.03  33.37    55   13.0
 57189 113.95  33.13    64   26.2
 57190 114.40  33.75    50    2.5
 57191 114.47  34.51    64    1.8
 57192 114.85  33.73    45    1.0
 57194 114.27  33.28    59   16.4
 57195 114.62  33.62    46    2.8
 57196 114.87  33.47    42    1.2
 57197 114.35  32.97    50    5.2
 57198 114.57  33.50    44    2.6
 57213 106.93  33.00   536    5.4
 57216 106.83  32.35   579    1.3
 57231 108.53  32.53   503    7.4
 57233 108.50  32.90   413   12.0
 57242 109.37  32.85   285    7.9
 57247 108.90  32.32   438    3.2
 57248 109.33  32.40   431    8.8
 57249 109.68  32.32   448    8.5
 57253 110.82  32.85   201    0.8
 57254 110.12  32.82   322    9.3
 57257 110.23  32.23   307    0.6
 57260 111.52  32.57   133    1.6
 57261 111.52  33.12   233    7.6
 57268 111.62  32.27   120    3.9
 57271 112.38  32.52    87   17.3
 57273 112.85  32.68   109   12.4
 57274 112.12  32.70   107    5.7
 57281 113.30  32.70   142   24.6
 57292 114.63  32.97    44    6.0
 57293 114.98  32.73    38    1.6
 57294 114.02  32.83    83    7.5
 57295 114.35  32.62    78    4.3
 57296 114.73  32.35    48    1.0
 57298 114.55  32.22    55    1.3
 57299 114.90  32.02    49    1.0
 57326 107.72  31.37   389    0.1
 57329 107.85  31.10   467   0.01
 57333 108.67  31.95   798   22.9
 57345 109.62  31.40   337    2.6
 57349 109.86  31.08   606   0.01
 57361 111.27  31.88   327    4.2
 57362 110.67  31.75   935    2.0
 57363 111.83  31.80   151    5.7
 57368 111.63  31.05   141   37.1
 57370 112.22  31.73    67   11.4
 57377 112.22  31.00   191    3.7
 57385 113.82  31.62    93    1.7
 57387 113.13  31.00    84    1.1
 57388 113.71  31.27    53    0.6
 57389 113.75  31.03    32    0.3
 57390 114.07  31.80   733    1.3
 57453 111.32  30.77   115   20.9
 57460 111.78  30.82    91    1.1
 57462 111.08  30.87   139    2.0
 57464 111.18  30.47   142   14.7
 57465 111.45  30.38    74    4.3
 57466 111.75  30.43    50   30.0
 57469 111.77  30.18    69    4.1
 57475 112.90  30.40    31   0.01
 57481 113.57  30.95    30    0.6
 57486 113.85  30.65    25    0.1
 57491 114.40  30.87    31    0.1
 57492 114.84  30.84    40   0.01
 57543 110.03  29.90   539    0.1
 57544 109.45  29.47   488    0.4
 57565 111.73  29.67    38    2.3
 57566 111.65  29.45    51   0.01
 57582 113.88  29.72    46    0.2
 57956 110.32  25.42   167    0.1
 58001 115.10  34.43    56    2.5
 58002 115.58  34.85    49    2.1
 58003 115.88  34.95    45    3.5
 58004 115.15  34.65    60    2.0
 58006 115.88  34.38    46    0.5
 58007 115.30  34.07    47    1.2
 58008 115.33  34.47    54    1.3
 58011 116.07  34.80    46    2.1
 58012 116.66  34.67    42    8.4
 58013 116.91  34.75    36    0.2
 58017 116.13  34.25    41    0.1
 58020 117.13  34.80    35   0.01
 58021 117.28  34.78    80   0.01
 58022 117.57  34.75    48   0.01
 58024 117.58  34.87    77   0.01
 58032 118.65  34.95    90   0.01
 58036 118.71  34.54    32    0.2
 58041 119.43  34.78    26    0.1
 58100 115.17  33.65    41    1.1
 58101 115.48  33.87    41    0.2
 58104 115.07  33.40    41    1.4
 58108 115.33  33.23    34    0.8
 58205 115.43  32.47    34    0.4
 58207 115.05  32.17    42    0.6
 58301 115.38  31.82    92   0.01
 58746 119.70  27.55   538    0.3
 59081 113.29  24.78   131   0.01
