diamond  3 2015年04月17日14点6小时降雨量                     
  15  04  17  14    -1 3 10 25 50 1 0
 39 122.7  37.3 122.5  36.7 120.8  36.2 119.3  35.0 120.4  34.3
 121.1  32.7 122.3  30.9 122.5  30.1 121.5  28.0 119.8  25.0
 116.1  22.6 111.0  21.0 111.0  18.6 109.6  18.1 108.3  18.5
 108.9  19.9 109.3  21.0 106.4  21.6 104.1  22.2 101.6  20.8
  98.7  22.0  97.1  24.1  97.7  27.0  91.7  26.6  85.7  27.7
  78.9  30.6  73.3  37.1  74.1  40.7  87.6  49.8  98.5  43.9
 110.4  44.3 122.0  54.7 135.7  48.3 131.5  42.2 125.2  39.4
 121.3  38.5 121.2  40.3 118.5  38.6 120.8  38.1
 1      54
 50137 122.37  53.47   296    0.1
 50431 121.52  50.78   717   0.01
 50673 130.40  48.88    90    0.1
 50772 129.23  48.10   288   0.01
 50775 130.20  47.34   182    0.1
 50776 130.83  47.57    83   0.01
 50778 132.53  47.67    57    3.2
 50779 134.28  48.37    40    0.8
 50787 131.84  47.31    62    3.9
 50880 131.12  46.73   102    0.2
 50884 131.15  46.63   175    0.7
 50892 134.00  46.80    54    5.5
 50985 131.87  45.55   151    1.6
 51368  87.32  44.12   515   0.01
 51465  87.10  43.48  1871    2.9
 51468  86.83  43.10  3539    0.5
 51829  80.17  37.08  1347   0.01
 51839  82.72  37.07  1409   0.01
 52515  94.87  39.52  2137    1.4
 52978 102.49  35.19  2948   0.01
 56045  99.90  33.97  4050   0.01
 56082 103.50  34.58  2540   0.01
 56641  98.87  26.90  1189   0.01
 57054 110.23  34.55   556    0.2
 57140 109.12  33.67   818    0.6
 57233 108.50  32.90   413   0.01
 57242 109.37  32.85   285    1.7
 57247 108.90  32.32   438   0.01
 57248 109.33  32.40   431    0.4
 57249 109.68  32.32   448    1.5
 57254 110.12  32.82   322    0.2
 57257 110.23  32.23   307    1.9
 57268 111.62  32.27   120   0.01
 57333 108.67  31.95   798    0.1
 57338 108.42  31.18   216    2.9
 57345 109.62  31.40   337    2.7
 57349 109.86  31.08   606   14.2
 57361 111.27  31.88   327    4.5
 57362 110.67  31.75   935    5.7
 57363 111.83  31.80   151    8.3
 57368 111.63  31.05   141    4.3
 57370 112.22  31.73    67    1.8
 57377 112.22  31.00   191    0.2
 57453 111.32  30.77   115    2.0
 57460 111.78  30.82    91    1.9
 57462 111.08  30.87   139   13.8
 57464 111.18  30.47   142   0.01
 57465 111.45  30.38    74    1.5
 57466 111.75  30.43    50    1.0
 57469 111.77  30.18    69    1.5
 57477 112.22  30.07    38   0.01
 59227 107.14  23.11   454   0.01
 59419 106.74  22.06   348   0.01
 59421 107.20  22.83   255   0.01
