diamond  3 2015年04月02日14点6小时降雨量                     
  15  04  02  14    -1 3 10 25 50 1 0
 39 122.7  37.3 122.5  36.7 120.8  36.2 119.3  35.0 120.4  34.3
 121.1  32.7 122.3  30.9 122.5  30.1 121.5  28.0 119.8  25.0
 116.1  22.6 111.0  21.0 111.0  18.6 109.6  18.1 108.3  18.5
 108.9  19.9 109.3  21.0 106.4  21.6 104.1  22.2 101.6  20.8
  98.7  22.0  97.1  24.1  97.7  27.0  91.7  26.6  85.7  27.7
  78.9  30.6  73.3  37.1  74.1  40.7  87.6  49.8  98.5  43.9
 110.4  44.3 122.0  54.7 135.7  48.3 131.5  42.2 125.2  39.4
 121.3  38.5 121.2  40.3 118.5  38.6 120.8  38.1
 1     451
 50913 118.83  45.72   865    1.9
 50924 119.65  45.55   860    0.7
 50928 120.33  45.07   628    3.1
 50934 121.58  45.38   311    0.3
 50937 121.48  45.06   282    6.0
 50939 122.82  45.33   150    0.1
 50940 123.17  45.85   141    0.1
 50965 128.27  45.43   167   0.01
 51352  85.25  44.85   337   0.01
 51353  86.10  45.02   346   0.01
 51356  86.05  44.32   442    0.7
 51357  85.62  44.33   522   0.01
 51359  86.20  44.32   471   0.01
 51368  87.32  44.12   515   0.01
 51369  87.65  43.97   600    0.5
 51377  87.92  44.17   547    0.2
 51378  89.17  44.00   742   0.01
 51438  81.77  43.18  1210   0.01
 51465  87.10  43.48  1871   0.01
 51482  90.28  43.83  1271   0.01
 52557 100.17  39.15  1453   0.01
 53272 112.63  42.75  1104    0.1
 53289 113.83  42.23  1322    1.5
 53367 111.23  41.32  1602    0.1
 53368 111.47  41.08  1637   0.01
 53384 113.18  41.45  1423    5.2
 53385 113.54  41.60  1420    0.4
 53392 114.60  41.85  1422    2.0
 53397 113.98  41.10  1376    0.1
 53467 111.18  40.27  1016    0.1
 53484 113.15  40.45  1191    0.3
 53486 113.77  40.37  1050    0.3
 53488 113.58  40.03  1034    0.5
 53491 114.38  40.67   837    1.9
 53492 114.15  40.10   937    0.6
 53498 115.03  40.57   629    0.2
 53499 114.73  40.77   755    0.9
 53553 111.22  39.87  1221    0.1
 53575 112.20  39.10  1525   0.01
 53576 112.82  39.50  1045    0.1
 53579 112.90  39.02   859   0.01
 53580 113.10  39.82  1044   0.01
 53582 113.67  39.72  1079    0.7
 53584 113.17  39.57  1000    0.4
 53590 114.27  39.75   977    3.1
 53658 110.48  38.03   894   0.01
 53659 111.00  37.97  1163    0.4
 53662 111.58  38.72  1396   0.01
 53674 112.70  38.40   869   0.01
 53680 114.38  38.30   108    0.1
 53682 114.68  38.63   104   0.01
 53688 114.55  38.42   100    0.1
 53690 114.18  38.85   281    0.6
 53691 114.57  38.15    71    0.1
 53692 114.98  38.73    66   0.01
 53693 114.13  38.03   255   0.01
 53694 114.22  38.27   131   0.01
 53695 114.68  38.35    70    0.1
 53696 115.02  38.55    41    0.1
 53699 114.95  38.18    45    0.1
 53750 110.18  37.77   931    0.1
 53760 111.23  37.88  1212    0.2
 53767 111.17  37.33  1213    0.2
 53792 114.48  37.45   113   0.01
 53797 114.52  37.28    73   0.01
 53850 110.18  36.88   804   0.01
 53866 111.67  36.23   462    0.1
 53949 109.92  35.18   679    0.2
 53962 111.70  35.73   584    0.1
 53965 111.57  35.52   761    0.1
 53985 113.82  35.50   140   0.01
 53987 113.36  35.11    94   0.01
 54024 119.30  44.45   710   10.2
 54031 121.82  44.90   198    3.0
 54039 122.02  44.03   181   14.3
 54047 123.28  44.13   145   11.6
 54065 125.65  44.53   169   10.4
 54069 125.80  44.12   173    7.8
 54072 126.52  44.85   196    0.5
 54076 126.93  44.38   268    5.2
 54092 129.40  44.60   292    0.5
 54093 130.55  44.93   266    0.2
 54098 129.47  44.33   267   0.01
 54113 118.65  43.53   621   14.4
 54117 117.53  43.25  1003   14.0
 54122 120.03  43.86   428   11.6
 54132 121.07  42.40   400   12.7
 54154 124.30  43.35   160    5.0
 54155 124.23  43.67   144    3.8
 54156 124.80  43.52   200    3.5
 54164 125.28  43.35   248    1.0
 54169 126.02  43.30   271    0.1
 54172 126.53  43.87   290    0.2
 54204 115.00  42.30  1346    1.4
 54205 116.00  42.23  1315    1.2
 54214 118.42  42.58   960   10.4
 54223 120.65  42.85   362   12.7
 54225 119.94  42.29   579   15.2
 54231 122.35  42.97   248   11.1
 54234 121.75  42.73   297   14.1
 54244 123.33  42.75   118    6.9
 54248 123.53  42.03    61   10.4
 54249 123.87  42.30    85   10.6
 54261 125.47  42.67   345    8.2
 54267 125.73  42.25   362    8.9
 54274 125.99  42.69   306    7.1
 54279 126.58  42.05   544    7.5
 54290 129.40  42.77   241   0.01
 54301 115.67  41.67  1412    2.9
 54304 115.27  40.95  1239    1.1
 54305 115.27  41.88  1468    2.4
 54313 118.70  41.93   733    6.9
 54316 118.75  41.52   679    8.0
 54318 117.73  41.32   561    3.4
 54319 118.67  41.00   502    8.7
 54320 119.30  41.60   544   11.8
 54321 119.63  41.87   661    1.0
 54323 120.78  41.82   253    9.2
 54325 120.35  41.18   183   12.8
 54327 119.35  41.23   417   10.6
 54328 119.72  41.08   296   11.0
 54330 121.33  41.13    45   14.9
 54331 121.75  41.60   113   13.0
 54332 122.72  41.52    12   18.5
 54336 122.42  41.42     8   18.2
 54338 121.95  41.28     3   19.9
 54340 123.32  41.67    35   15.4
 54345 123.07  41.20    30   19.3
 54348 123.37  41.41    45   20.4
 54362 125.73  41.67   380    5.4
 54371 126.43  41.93   520    6.3
 54398 116.62  40.13    28    0.1
 54399 116.28  39.98    45    0.4
 54404 115.83  40.88   867    0.7
 54408 115.22  40.38   529    0.3
 54410 116.13  40.60  1224    2.0
 54412 116.63  40.73   331    2.2
 54419 116.63  40.37    75    1.1
 54420 117.33  40.93   529    2.6
 54421 117.12  40.65   293    2.5
 54424 117.12  40.17    32    1.2
 54425 117.47  40.40   633    2.6
 54428 117.40  40.03    15    2.0
 54431 116.63  39.92    43    0.7
 54432 118.47  40.61   369    6.4
 54433 116.50  39.95    35    0.2
 54434 118.33  40.17   131    5.8
 54437 118.62  39.51    18    5.6
 54438 118.88  39.88    65    7.9
 54439 118.72  40.02    50    6.9
 54453 120.96  40.87    38    6.2
 54474 122.35  40.42    24   16.1
 54475 122.45  40.57    11   16.0
 54483 123.90  40.88   233   11.9
 54494 124.07  40.47    72   16.4
 54499 116.22  40.22    76    0.8
 54501 115.68  39.97   440    0.3
 54502 116.03  39.48    29    0.4
 54505 116.10  39.94    98    0.9
 54506 115.95  39.32    24    0.6
 54507 115.52  39.33    49    0.7
 54510 116.95  39.91    18    0.9
 54512 116.28  39.42    21   0.01
 54513 116.20  39.95    65    0.5
 54514 116.25  39.87    55    0.6
 54515 116.70  39.50    13    0.1
 54519 116.48  39.30    12   0.01
 54520 117.08  39.97    18    1.4
 54521 116.98  39.77    13    0.9
 54522 117.73  39.88    14    2.3
 54523 117.02  39.38     4    0.5
 54526 117.33  39.08     1    1.9
 54528 117.13  39.23     3    0.6
 54529 117.82  39.35     3    2.8
 54530 117.77  39.23     1    3.2
 54531 118.72  39.73    43    6.1
 54532 118.08  39.81    31    4.9
 54533 118.10  39.58     8    4.3
 54535 118.47  39.29     3    4.3
 54540 119.20  39.73    17    9.7
 54541 119.23  39.90    24    9.4
 54568 121.75  39.05    90   29.4
 54569 121.95  39.42    11   21.6
 54575 122.37  39.42    43   40.2
 54590 124.17  39.88     4   38.2
 54594 116.35  39.72    37    0.4
 54596 116.19  39.77    48    0.4
 54597 115.74  39.73   407    0.7
 54601 115.65  38.98    13    0.1
 54609 115.59  38.23    22   0.01
 54613 116.62  38.70     6    0.1
 54615 116.85  38.58     8   0.01
 54616 116.85  38.35     8    0.5
 54617 116.12  38.18    13    0.1
 54619 116.92  38.92     5    0.1
 54622 117.37  38.98     3    1.5
 54627 117.23  38.03     8    0.9
 54628 117.48  38.15     6    0.7
 54644 117.12  38.05    10    0.4
 54645 117.47  38.85     2    1.6
 54710 116.17  37.87    18    0.1
 54711 116.28  37.70    18    0.4
 54712 116.82  37.20    18    0.2
 54713 116.53  37.88    14    0.1
 54714 116.33  37.45    23   0.01
 54716 116.80  37.67    16    0.1
 54717 116.40  37.63    17    0.1
 54719 116.68  38.03    11    0.3
 54722 117.63  37.75     6    0.5
 54723 117.57  37.65    10    0.3
 54724 117.13  37.32    14    1.2
 54726 117.18  37.70    11    0.6
 54728 117.38  37.77     8    1.7
 54730 118.14  37.69     6    0.1
 54731 118.22  37.48    11   0.01
 54732 118.52  37.87     5    0.3
 54734 118.00  37.36    12   0.01
 54736 118.67  37.43     6    0.1
 54737 118.15  37.15     9   0.01
 54738 118.40  37.05    15    0.1
 54749 119.95  37.18    48    1.1
 54752 120.77  37.80    60    3.7
 54755 120.39  37.33   117    3.3
 54759 120.85  37.32   205    5.7
 54765 121.43  37.48    82   13.2
 54766 121.59  37.43    39   15.3
 54777 122.07  37.20   118   30.4
 54778 122.48  37.17    61   16.0
 54812 116.75  36.78    22    0.1
 54814 116.25  36.53    29    0.1
 54816 116.80  36.52    98    0.1
 54818 116.42  36.25    79   0.01
 54819 116.80  36.18   113   0.01
 54821 117.20  37.00    20   0.01
 54822 117.73  36.87    47    0.1
 54824 117.95  36.63    95   0.01
 54825 117.85  36.52   189    0.4
 54827 117.15  36.17   128    0.1
 54828 117.68  36.23   229   0.01
 54829 117.87  36.77    85    0.1
 54830 117.93  36.82    34   0.01
 54833 118.08  36.97    15    0.2
 54834 118.28  36.87    46    0.1
 54835 118.55  36.50   106    0.1
 54837 118.84  36.68    78    0.1
 54841 119.42  36.86    23    0.2
 54844 119.18  36.42    62   0.01
 54846 119.74  36.39    51    0.8
 54848 119.42  35.98    82    0.5
 54849 120.03  36.22    84    0.3
 54851 120.56  36.90    76    6.0
 54852 120.73  36.97    54    3.6
 54853 120.42  36.17    42    0.3
 54855 120.38  36.40    47    0.6
 54861 121.53  36.93    45   27.2
 54871 122.48  36.93     9   12.7
 54913 116.82  35.75    62   0.01
 54917 116.33  35.13    35    0.1
 54920 117.28  35.65   110   0.01
 54922 117.78  35.88   224   0.01
 54927 117.20  35.10    74    0.1
 54932 118.65  35.77   186   0.01
 54935 118.43  35.53   119   0.01
 54938 118.40  35.05    65    0.2
 54939 118.82  35.17   113    0.1
 54940 119.20  35.75   148   0.01
 54943 120.00  35.88    10    0.1
 56147  98.83  31.22  3260    0.1
 56181 103.70  30.68   541    0.1
 56395 104.67  29.52   351   0.01
 56441  99.28  28.72  2422   0.01
 56483 103.95  28.58   496    1.1
 56491 104.57  28.70   287    1.0
 56493 104.97  28.85   292    0.2
 56497 104.23  28.10   448    0.9
 56593 104.92  28.58   279   0.01
 56641  98.87  26.90  1189    1.0
 56645  99.42  26.42  2344   0.01
 56742  99.37  25.90  1658    0.2
 56745  99.95  25.68  1626    1.2
 56746  99.52  25.47  1616   0.01
 56835  97.82  24.07   959   0.01
 56843  99.62  24.83  1650   0.01
 56844  98.58  24.43   913   0.01
 56846  99.93  24.58  1569    0.1
 56854 100.13  24.45  1108   0.01
 56944  99.27  23.15  1278    0.1
 56950  99.80  23.47  1044   0.01
 56952 100.70  23.50   913   0.01
 57024 107.65  34.45   669    0.1
 57027 107.73  34.27   517   0.01
 57070 112.12  34.73   364   0.01
 57078 112.47  34.15   336    0.2
 57299 114.90  32.02    49    0.4
 57317 106.42  31.03   324    0.4
 57368 111.63  31.05   141    0.4
 57377 112.22  31.00   191    0.5
 57386 114.00  31.25    51   0.01
 57387 113.13  31.00    84    0.1
 57388 113.71  31.27    53   0.01
 57389 113.75  31.03    32    0.2
 57390 114.07  31.80   733   0.01
 57396 114.85  31.63   128    2.1
 57398 114.62  31.28    74    1.1
 57453 111.32  30.77   115    0.6
 57460 111.78  30.82    91    0.4
 57462 111.08  30.87   139    0.4
 57464 111.18  30.47   142    2.1
 57465 111.45  30.38    74    3.0
 57466 111.75  30.43    50    3.0
 57469 111.77  30.18    69    5.2
 57475 112.90  30.40    31   0.01
 57477 112.22  30.07    38    1.8
 57481 113.57  30.95    30    0.3
 57485 113.47  30.28    23    1.5
 57486 113.85  30.65    25    2.4
 57489 114.01  30.52    23    4.7
 57491 114.40  30.87    31    4.5
 57492 114.84  30.84    40    9.4
 57495 114.88  30.67    28   20.1
 57496 114.87  30.37    31    8.6
 57498 114.94  30.52    26   24.7
 57499 114.88  30.07    40   18.3
 57505 105.58  29.42   338    0.2
 57506 105.90  29.37   353    0.3
 57508 105.37  29.15   301   0.01
 57537 108.17  29.30   322    1.9
 57540 109.15  29.68   776    4.6
 57541 109.48  30.00   532    4.5
 57543 110.03  29.90   539    6.2
 57544 109.45  29.47   488    5.5
 57558 110.47  29.13   183   14.5
 57564 111.13  29.43   103   18.2
 57565 111.73  29.67    38    7.1
 57566 111.65  29.45    51   10.3
 57571 112.40  29.70    35    8.8
 57575 112.55  29.52    31    1.6
 57577 112.17  29.40    36    0.6
 57582 113.88  29.72    46    4.5
 57585 113.45  29.48    60    6.9
 57586 114.03  29.53    78   10.6
 57589 113.87  29.27   146   20.7
 57590 114.37  29.85    98   13.6
 57596 114.20  29.63   751   11.1
 57600 105.06  28.71   420   0.01
 57603 105.83  28.82   283    0.4
 57605 105.82  28.03   537    3.7
 57609 105.70  28.58   317    0.5
 57623 107.60  28.88   685    4.5
 57634 107.88  28.52   660    6.5
 57635 108.98  28.45   363    6.6
 57636 108.50  28.57   334    8.0
 57640 109.45  28.58   341    3.2
 57643 109.83  29.00   268   21.4
 57646 109.95  28.62   302    7.6
 57657 110.21  28.23   186   13.1
 57661 111.48  28.92    48    0.1
 57663 111.95  28.92    31    4.3
 57694 114.38  28.53   259   0.01
 57699 114.92  28.23    66    0.7
 57714 106.23  27.47   942    1.8
 57717 106.83  27.53   974   0.01
 57720 107.17  27.88   889    0.3
 57723 107.72  27.98   710    4.6
 57976 112.94  25.41   222   0.01
 57985 113.68  25.57   609   10.2
 57988 113.33  25.10   143    7.3
 57989 113.77  25.07   112    1.8
 57990 114.30  25.70   246   34.3
 57991 114.55  25.80   140   31.1
 57992 114.75  25.67   127   12.8
 57994 114.35  25.40   215   15.1
 57995 114.93  25.40   164    0.1
 58003 115.88  34.95    45   0.01
 58012 116.66  34.67    42   0.01
 58013 116.91  34.75    36   0.01
 58020 117.13  34.80    35   0.01
 58021 117.28  34.78    80    0.1
 58022 117.57  34.75    48   0.01
 58024 117.58  34.87    77   0.01
 58025 117.73  34.57    27   0.01
 58030 118.02  34.88    44    0.1
 58032 118.65  34.95    90    0.2
 58035 118.35  34.33    29   0.01
 58036 118.71  34.54    32   0.01
 58041 119.43  34.78    26    0.1
 58044 119.23  34.55     4    0.2
 58045 119.60  34.20     4    0.1
 58048 119.35  34.12     4    0.1
 58049 119.80  34.02     4    0.2
 58109 115.65  33.13    31    0.1
 58112 116.45  30.73   968    9.6
 58126 117.87  33.47    19    0.3
 58127 117.20  32.98    21    0.1
 58128 117.35  33.33    21    0.1
 58129 117.83  33.15    14    2.9
 58131 118.22  33.97    25   0.01
 58132 118.68  33.72    14   0.01
 58139 118.91  33.31    10   0.01
 58140 119.30  33.77     9    0.2
 58148 119.34  33.27     3   0.01
 58154 120.20  33.43     2   0.01
 58222 117.55  32.85    24    2.0
 58223 117.98  32.80    31    1.7
 58230 118.28  32.12    26    6.6
 58235 118.85  32.37    10    5.1
 58237 118.59  32.07    46   13.6
 58242 119.16  32.30    22    9.7
 58243 119.82  32.95     3   0.01
 58244 119.59  32.45     5    0.5
 58245 119.42  32.41     9    5.8
 58249 120.05  32.16     6   0.01
 58301 115.38  31.82    92    1.7
 58306 115.88  31.68    95    5.7
 58316 116.92  31.47    23   31.1
 58317 116.37  30.87   434   22.4
 58320 117.13  31.73    21   13.7
 58323 117.47  31.88    25    8.8
 58327 117.28  31.27    45   18.0
 58329 117.87  31.33     9    9.9
 58330 118.08  31.75    26   21.5
 58331 118.37  31.73    22   18.4
 58335 118.52  31.57    23    7.8
 58337 118.18  31.08    26   11.9
 58340 119.03  31.66    25    0.8
 58341 119.59  31.98     6   0.01
 58344 119.20  31.96    36    0.2
 58401 115.40  30.75   123   29.6
 58404 115.22  30.47    61   29.8
 58408 115.43  30.23    35   15.2
 58409 115.93  30.10    32   23.2
 58415 116.55  30.67    64    9.1
 58417 116.13  30.17    54   16.0
 58418 116.67  30.13    60    0.3
 58420 117.23  30.72    58    9.6
 58423 117.78  30.48   647    8.5
 58427 117.50  30.65    15    2.0
 58501 115.63  29.92    23   18.0
 58605 115.38  28.42    46   0.01
 58804 115.35  26.35   151    3.3
 58814 116.35  26.35   247   0.01
 58822 116.85  26.83   342    0.1
 58905 115.42  25.97   133    8.7
 59064 111.32  24.55   136   0.01
 59071 112.28  24.73   174   11.2
 59074 112.15  24.57   300   34.7
 59075 112.63  24.48    70    0.9
 59081 113.29  24.78   131    0.7
 59091 114.52  24.75   277    0.2
 59094 114.12  24.35   184    0.1
 59290 114.25  23.78    85   0.01
