diamond  3 2015年04月10日02点6小时降雨量                     
  15  04  10  02    -1 3 10 25 50 1 0
 39 122.7  37.3 122.5  36.7 120.8  36.2 119.3  35.0 120.4  34.3
 121.1  32.7 122.3  30.9 122.5  30.1 121.5  28.0 119.8  25.0
 116.1  22.6 111.0  21.0 111.0  18.6 109.6  18.1 108.3  18.5
 108.9  19.9 109.3  21.0 106.4  21.6 104.1  22.2 101.6  20.8
  98.7  22.0  97.1  24.1  97.7  27.0  91.7  26.6  85.7  27.7
  78.9  30.6  73.3  37.1  74.1  40.7  87.6  49.8  98.5  43.9
 110.4  44.3 122.0  54.7 135.7  48.3 131.5  42.2 125.2  39.4
 121.3  38.5 121.2  40.3 118.5  38.6 120.8  38.1
 1     266
 50525 119.75  49.15   620    0.1
 50673 130.40  48.88    90    1.7
 50772 129.23  48.10   288    3.5
 50775 130.20  47.34   182    1.4
 50776 130.83  47.57    83    1.0
 53978 112.63  35.08   140    0.1
 53991 114.33  35.92    93    0.2
 54069 125.80  44.12   173    0.3
 54132 121.07  42.40   400    0.1
 54156 124.80  43.52   200    0.5
 56128  96.60  31.22  3810   13.3
 56147  98.83  31.22  3260    4.3
 56158 100.67  31.40  3250    1.8
 56168 102.07  31.48  2168    0.1
 56183 103.62  31.50  1370    1.0
 56263 101.88  30.88  1949    7.4
 56273 102.82  30.39  1022    5.3
 56276 103.82  30.45   467    0.3
 56278 102.77  30.07   755    3.2
 56279 102.93  30.15   682    3.6
 56280 103.12  30.08   691    1.3
 56281 103.50  30.18   510    1.2
 56284 103.43  30.45   518    1.4
 56285 103.52  30.60   523    0.6
 56289 103.87  30.20   437    0.3
 56295 104.55  30.38   448    0.1
 56297 104.15  30.02   436    0.1
 56298 104.60  30.13   417    0.2
 56317  94.22  29.22  2950    3.9
 56371 102.23  29.92  1321    1.4
 56373 102.85  29.78   763    3.3
 56376 102.63  29.33  1098    0.9
 56378 102.35  29.23   890    4.7
 56380 103.35  29.88   571    0.1
 56381 103.50  30.07   630    0.5
 56382 103.55  29.75   475    0.1
 56383 103.87  29.83   455    0.2
 56384 103.48  29.60   446    0.2
 56387 103.27  29.23   642    0.5
 56389 103.95  29.20   387    0.7
 56390 104.07  29.67   404    0.7
 56391 103.82  30.08   415    0.3
 56393 104.85  29.77   369    0.3
 56394 104.43  29.45   384    0.3
 56395 104.67  29.52   351    0.2
 56473 102.77  28.95  1060    0.2
 56483 103.95  28.58   496    0.2
 56490 103.90  28.95   424    0.1
 56491 104.57  28.70   287    0.1
 56494 104.33  28.84   386    0.1
 56497 104.23  28.10   448    1.1
 56498 104.50  28.15   549    0.1
 56499 104.78  28.38   368    5.1
 56582 103.90  27.75  1176    0.2
 56585 103.56  27.19  1952    0.7
 56595 104.87  27.42  1645    0.1
 56596 105.05  27.85  1177    0.4
 56598 104.73  27.13  1535    0.1
 56641  98.87  26.90  1189    3.8
 56697 104.08  26.22  1984    0.1
 56782 103.55  25.42  2067    0.1
 56790 104.25  25.68  1925    0.3
 56854 100.13  24.45  1108    0.3
 56883 103.98  24.82  1900    0.4
 56889 104.17  24.05  1518    0.3
 56891 104.32  24.98  1482    0.5
 56958 100.47  21.96  1222    0.1
 56987 103.23  22.78  1260    6.8
 56989 103.95  22.50   137    2.5
 56992 104.70  23.45  1507    1.1
 57407 105.03  30.28   462    0.4
 57506 105.90  29.37   353    0.1
 57509 106.92  28.99   599    0.4
 57519 107.11  29.16   698    0.2
 57589 113.87  29.27   146    0.1
 57596 114.20  29.63   751    0.1
 57603 105.83  28.82   283    0.1
 57605 105.82  28.03   537    0.1
 57637 108.10  28.25   629    0.1
 57708 105.60  27.15  1700    0.2
 57714 106.23  27.47   942    0.1
 57732 108.40  28.02   456    0.1
 57781 113.50  27.65    74    0.1
 57800 105.37  26.77  1457    0.1
 57807 105.47  26.21  1361    0.2
 57835 108.43  26.72   527    0.1
 57842 109.72  26.88   281    0.1
 57846 110.15  26.58   310    0.8
 57870 112.10  26.80   151    0.1
 57900 105.22  25.83  1552    0.8
 57909 105.82  24.98   584    0.1
 57936 108.91  25.76   258    0.9
 57941 109.60  25.78   197    0.1
 57942 110.00  25.80   268    0.3
 57958 110.32  25.08   151    0.1
 57969 111.31  25.28   269    0.1
 57973 112.72  25.75   329    0.1
 57975 112.20  25.38   277    0.1
 57976 112.94  25.41   222    2.4
 57978 112.55  25.27   292    1.2
 57985 113.68  25.57   609    1.0
 57988 113.33  25.10   143    0.1
 57989 113.77  25.07   112    1.7
 57990 114.30  25.70   246    0.9
 57991 114.55  25.80   140    0.4
 57992 114.75  25.67   127    1.6
 57994 114.35  25.40   215    3.1
 57995 114.93  25.40   164    2.0
 58423 117.78  30.48   647    0.1
 58426 118.13  30.30   193    0.1
 58435 118.53  30.30   220    0.3
 58438 118.58  30.08   191    0.2
 58449 119.95  30.05    46    0.3
 58452 120.77  30.73     4    0.2
 58453 120.50  30.07     7    0.2
 58454 119.98  30.53   102    0.4
 58455 120.65  30.52     8    0.2
 58456 120.52  30.63     6    0.2
 58458 120.90  30.54     4    0.2
 58459 120.29  30.19    44    0.1
 58468 121.17  30.05     5    1.0
 58484 122.20  30.25    37    1.2
 58523 117.93  29.93   227    0.2
 58530 118.43  29.87   168    0.4
 58534 118.18  29.78   170    0.4
 58537 118.40  29.13   153    0.2
 58542 119.68  29.82    46    0.9
 58544 119.27  29.48    88    0.1
 58546 119.88  29.47   115    0.2
 58550 120.25  29.70    39    0.2
 58555 120.88  29.52   113    0.1
 58560 120.43  29.05   304    0.2
 58561 121.60  29.98     4    1.1
 58563 121.83  29.88     5    0.6
 58565 121.39  29.69    41    0.1
 58570 122.30  29.95    85    0.5
 58602 115.55  28.85    40    0.3
 58619 116.37  28.00    49    0.1
 58623 117.92  28.47    90    0.1
 58624 117.43  28.40    70    0.1
 58625 117.60  28.42    79    0.1
 58629 117.71  28.29   100    0.2
 58647 119.13  28.08   222    0.5
 58654 120.08  28.67   184    0.2
 58656 120.97  28.07    60    0.2
 58657 120.28  28.15    57    0.5
 58658 120.68  28.15    34    0.2
 58659 120.65  28.03    28    0.8
 58664 121.37  28.37    35    0.3
 58712 116.78  27.92   130    0.1
 58713 117.07  27.72   225    0.2
 58719 116.93  27.30   131    0.1
 58724 117.32  27.53   268    0.1
 58735 118.75  27.52   260    1.3
 58736 118.82  27.38   262    4.1
 58745 119.08  27.62   400    1.1
 58746 119.70  27.55   538    4.0
 58747 119.35  27.15   899    4.8
 58748 119.65  27.10    50    5.6
 58749 119.88  27.23   684    5.5
 58750 120.08  27.78   105    2.3
 58751 120.57  27.67   254    3.3
 58814 116.35  26.35   247    0.3
 58819 116.82  26.18   336    1.3
 58821 117.47  26.73   173    1.3
 58822 116.85  26.83   342    1.3
 58823 117.80  26.80   175    2.3
 58824 117.15  26.40   357    0.9
 58826 117.80  26.40   120    1.5
 58828 117.62  26.27   208    1.2
 58836 118.73  26.58   361    4.9
 58839 118.85  26.23    40    7.4
 58844 119.15  26.15    57    6.4
 58845 119.53  26.50    60   10.1
 58848 119.55  26.20    13   10.0
 58850 120.23  26.92    92    8.4
 58903 116.03  25.90   210    1.4
 58905 115.42  25.97   133    0.8
 58906 115.80  25.60   167    1.4
 58907 115.40  25.15   305    2.6
 58912 116.73  25.72   404    1.1
 58917 116.10  25.08   307    4.3
 58923 117.83  25.70   400    6.4
 58928 117.53  25.02   166    8.5
 58929 118.15  25.07    68    7.3
 58932 118.93  25.87    85    6.8
 58934 118.27  25.33   183    9.7
 58935 118.23  25.48   521   15.6
 58938 118.98  25.23    23    8.0
 58940 119.33  26.08    25    6.9
 58941 119.50  25.97    25   10.6
 58942 119.38  25.72    39   21.1
 58946 119.00  25.45    81   11.5
 59001 105.33  24.78   672    0.1
 59004 105.10  24.50   725    0.7
 59017 106.27  24.27   278    0.3
 59055 110.40  24.50   165    0.2
 59057 110.18  24.13   830    0.7
 59059 110.80  24.18   105    0.1
 59063 111.45  25.18   265    0.4
 59071 112.28  24.73   174    0.3
 59074 112.15  24.57   300    0.3
 59075 112.63  24.48    70    1.3
 59081 113.29  24.78   131    8.8
 59090 114.07  24.95   103    7.1
 59091 114.52  24.75   277   16.3
 59093 115.03  24.78   253   12.0
 59094 114.12  24.35   184    0.8
 59099 114.93  24.45   173    1.0
 59106 115.90  24.58   152    3.7
 59109 115.73  24.15   123    2.9
 59114 116.17  24.65   135    4.5
 59122 117.75  24.62    43    0.8
 59124 117.38  24.52    53    0.8
 59125 117.30  24.38   108    0.5
 59130 118.15  24.73    30    3.2
 59131 118.37  24.97    45    5.2
 59137 118.57  24.82    56    2.5
 59205 105.63  23.65   685    0.2
 59215 106.63  23.33   680    0.3
 59227 107.14  23.11   454    1.4
 59230 108.17  23.72   168    0.3
 59235 108.62  23.43   115    0.3
 59237 108.28  23.17   111    1.0
 59238 108.80  23.22   122    1.5
 59241 109.68  23.97    90    0.2
 59246 109.67  23.60    70    0.4
 59249 109.62  23.12    51    0.5
 59264 111.50  23.40    83    0.1
 59269 111.78  23.17    47    0.3
 59276 112.65  23.35    40    0.8
 59279 112.87  23.18    24    0.2
 59284 113.24  23.42    38    0.3
 59285 113.60  23.57    38    0.5
 59288 113.02  23.15    29    0.4
 59290 114.25  23.78    85    3.5
 59297 114.28  23.17    17    8.9
 59310 116.18  23.77    45    1.0
 59312 116.70  23.67    60    0.7
 59314 116.13  23.30    29    0.1
 59315 116.40  23.59    43    0.1
 59419 106.74  22.06   348    2.8
 59421 107.20  22.83   255    0.6
 59425 107.35  22.40   107    0.7
 59426 107.92  22.61   146    1.6
 59427 107.07  22.12   163    0.8
 59429 108.01  22.18   216    1.0
 59432 108.40  22.80   194    1.4
 59435 108.48  22.77    74    0.6
 59449 109.98  22.30    85    0.3
 59451 110.35  22.70    98    0.2
 59452 110.53  22.83   131    0.5
 59454 111.00  22.95   202    0.7
 59457 110.27  22.32   121    0.2
 59469 111.78  22.17    37    3.5
 59470 112.20  22.70    57    1.0
 59471 112.05  22.93   101    0.6
 59473 112.98  22.74    47    4.5
 59475 112.65  22.40    27    3.4
 59476 113.03  22.53    36    2.9
 59477 112.23  22.27    68    4.2
 59480 113.25  22.85    21    3.2
 59481 113.32  22.94    12    4.4
 59487 113.30  22.23    23    1.2
 59492 114.73  22.97    47    4.7
 59500 115.32  22.97     6    0.1
