diamond  3 2015年04月13日20点6小时降雨量                     
  15  04  13  20    -1 3 10 25 50 1 0
 39 122.7  37.3 122.5  36.7 120.8  36.2 119.3  35.0 120.4  34.3
 121.1  32.7 122.3  30.9 122.5  30.1 121.5  28.0 119.8  25.0
 116.1  22.6 111.0  21.0 111.0  18.6 109.6  18.1 108.3  18.5
 108.9  19.9 109.3  21.0 106.4  21.6 104.1  22.2 101.6  20.8
  98.7  22.0  97.1  24.1  97.7  27.0  91.7  26.6  85.7  27.7
  78.9  30.6  73.3  37.1  74.1  40.7  87.6  49.8  98.5  43.9
 110.4  44.3 122.0  54.7 135.7  48.3 131.5  42.2 125.2  39.4
 121.3  38.5 121.2  40.3 118.5  38.6 120.8  38.1
 1     145
 54778 122.48  37.17    61   0.01
 54805 115.47  36.45    39   0.01
 54806 115.97  36.42    33   0.01
 54815 116.27  36.38    31   0.01
 54834 118.28  36.87    46    0.1
 54835 118.55  36.50   106   0.01
 54848 119.42  35.98    82    0.1
 54853 120.42  36.17    42    0.5
 54855 120.38  36.40    47   0.01
 54861 121.53  36.93    45    0.1
 54871 122.48  36.93     9    0.2
 54905 115.93  35.58    46   0.01
 54906 115.42  35.25    49   0.01
 54907 116.65  34.98    34    0.3
 54910 116.05  35.82    40    0.1
 54911 116.40  35.93    44   0.01
 54913 116.82  35.75    62    0.1
 54914 116.08  35.42    40   0.01
 54915 116.60  35.43    33   0.01
 54917 116.33  35.13    35    0.1
 54919 116.98  35.38    88   0.01
 54920 117.28  35.65   110    0.4
 54921 116.33  35.42    38    0.1
 54922 117.78  35.88   224   0.01
 54923 117.93  35.72   202    0.1
 54925 117.63  35.52   167    0.4
 54927 117.20  35.10    74   0.01
 54932 118.65  35.77   186    0.3
 54935 118.43  35.53   119    1.4
 54938 118.40  35.05    65    2.8
 54939 118.82  35.17   113    2.3
 54940 119.20  35.75   148    0.7
 54943 120.00  35.88    10    0.3
 56109  93.78  31.48  3940    2.2
 56317  94.22  29.22  2950    0.6
 56641  98.87  26.90  1189   0.01
 56645  99.42  26.42  2344   0.01
 56649  99.96  26.11  2059    0.3
 56654 100.18  26.58  2195   0.01
 56742  99.37  25.90  1658   0.01
 56835  97.82  24.07   959   0.01
 58002 115.58  34.85    49   0.01
 58006 115.88  34.38    46   0.01
 58011 116.07  34.80    46    0.2
 58012 116.66  34.67    42    0.4
 58013 116.91  34.75    36    0.1
 58016 116.97  34.18    34    0.4
 58017 116.13  34.25    41    0.2
 58020 117.13  34.80    35    0.1
 58021 117.28  34.78    80    0.1
 58022 117.57  34.75    48    0.2
 58024 117.58  34.87    77    0.3
 58025 117.73  34.57    27    0.5
 58030 118.02  34.88    44    1.8
 58032 118.65  34.95    90    3.7
 58035 118.35  34.33    29    1.5
 58036 118.71  34.54    32    2.6
 58041 119.43  34.78    26    5.5
 58044 119.23  34.55     4    2.8
 58045 119.60  34.20     4    3.6
 58048 119.35  34.12     4    1.9
 58049 119.80  34.02     4    2.0
 58113 116.75  33.93    31    0.2
 58114 116.18  33.48    31    0.1
 58116 116.83  33.98    31    0.2
 58126 117.87  33.47    19   0.01
 58131 118.22  33.97    25    0.5
 58132 118.68  33.72    14    0.5
 58139 118.91  33.31    10    1.0
 58140 119.30  33.77     9    1.1
 58145 119.15  33.50     7    0.6
 58146 119.77  33.47     3    0.8
 58147 118.97  32.98    24    1.4
 58148 119.34  33.27     3   0.01
 58154 120.20  33.43     2    0.4
 58220 117.15  32.47    28   0.01
 58222 117.55  32.85    24   0.01
 58223 117.98  32.80    31   0.01
 58234 118.42  32.47    40    0.1
 58235 118.85  32.37    10   0.01
 58237 118.59  32.07    46   0.01
 58242 119.16  32.30    22    0.1
 58243 119.82  32.95     3   0.01
 58244 119.59  32.45     5    0.2
 58245 119.42  32.41     9    0.7
 58247 119.80  32.27     3   0.01
 58249 120.05  32.16     6    1.4
 58268 121.08  32.10     4    0.3
 58323 117.47  31.88    25   0.01
 58329 117.87  31.33     9    0.1
 58331 118.37  31.73    22    0.2
 58334 118.37  31.38     9    0.2
 58339 118.90  31.33    15   0.01
 58340 119.03  31.66    25   0.01
 58341 119.59  31.98     6   0.01
 58342 119.55  31.72     6   0.01
 58344 119.20  31.96    36   0.01
 58346 119.81  31.34    16   0.01
 58349 120.56  31.41     8   0.01
 58351 120.30  31.90     4   0.01
 58352 120.77  31.65     4   0.01
 58353 120.57  31.86    11   0.01
 58361 121.37  31.10     5   0.01
 58365 121.25  31.37     4   0.01
 58366 121.49  31.67     4   0.01
 58367 121.43  31.20     4   0.01
 58369 121.78  31.05     5   0.01
 58370 121.53  31.23     4   0.01
 58418 116.67  30.13    60    0.2
 58421 117.87  30.63    31    0.1
 58426 118.13  30.30   193    0.2
 58427 117.50  30.65    15    0.1
 58435 118.53  30.30   220    0.1
 58441 119.42  30.87    43    0.1
 58446 119.70  30.63    72    0.3
 58451 120.93  30.83     2   0.01
 58453 120.50  30.07     7    0.6
 58455 120.65  30.52     8   0.01
 58458 120.90  30.54     4   0.01
 58468 121.17  30.05     5   0.01
 58484 122.20  30.25    37    0.3
 58512 116.55  29.90    71   0.01
 58523 117.93  29.93   227    0.1
 58537 118.40  29.13   153   0.01
 58542 119.68  29.82    46   0.01
 58544 119.27  29.48    88    0.8
 58546 119.88  29.47   115    4.3
 58547 119.18  29.03    66    0.8
 58548 119.47  29.22    50    1.0
 58550 120.25  29.70    39    0.1
 58555 120.88  29.52   113    0.9
 58558 120.22  29.27    89    0.1
 58559 120.97  29.15   107    0.7
 58560 120.43  29.05   304    2.4
 58561 121.60  29.98     4    0.4
 58565 121.39  29.69    41   0.01
 58566 121.88  29.47     6   0.01
 58567 121.43  29.32    39   0.01
 58568 121.38  29.12    34    0.4
 58642 119.80  28.88   105    3.6
 58643 120.03  28.90   102    2.2
 58654 120.08  28.67   184   0.01
 58656 120.97  28.07    60    0.9
 58660 121.20  28.87     6    0.6
 58664 121.37  28.37    35    1.6
