diamond  3 2015年04月18日20点6小时降雨量                     
  15  04  18  20    -1 3 10 25 50 1 0
 39 122.7  37.3 122.5  36.7 120.8  36.2 119.3  35.0 120.4  34.3
 121.1  32.7 122.3  30.9 122.5  30.1 121.5  28.0 119.8  25.0
 116.1  22.6 111.0  21.0 111.0  18.6 109.6  18.1 108.3  18.5
 108.9  19.9 109.3  21.0 106.4  21.6 104.1  22.2 101.6  20.8
  98.7  22.0  97.1  24.1  97.7  27.0  91.7  26.6  85.7  27.7
  78.9  30.6  73.3  37.1  74.1  40.7  87.6  49.8  98.5  43.9
 110.4  44.3 122.0  54.7 135.7  48.3 131.5  42.2 125.2  39.4
 121.3  38.5 121.2  40.3 118.5  38.6 120.8  38.1
 1     655
 50524 119.43  49.32   576   0.01
 50787 131.84  47.31    62   0.01
 50880 131.12  46.73   102   0.01
 51438  81.77  43.18  1210    0.4
 52515  94.87  39.52  2137    2.1
 52607 106.65  39.43  1252    0.2
 52643  99.62  38.83  2311    2.4
 52855 101.25  36.68  2675    0.3
 52863 101.95  36.82  2480   0.01
 52875 102.10  36.50  2125   0.01
 52877 102.25  36.10  2834    0.6
 52885 103.25  36.75  2118    0.6
 52957 100.60  35.25  3148    4.4
 52968 101.47  35.03  3662   0.01
 52978 102.49  35.19  2948    0.3
 52981 103.38  35.68  2421    0.2
 52982 103.55  35.48  1953    0.9
 52985 103.33  35.42  2162    0.1
 52988 103.72  35.37  2015   0.01
 52993 105.07  35.68  1739   0.01
 52998 104.20  35.13  2111    0.2
 53368 111.47  41.08  1637    0.1
 53378 112.62  41.28  1737    0.9
 53384 113.18  41.45  1423    1.1
 53385 113.54  41.60  1420    0.6
 53392 114.60  41.85  1422    0.2
 53397 113.98  41.10  1376    1.2
 53455 110.53  40.55   998    0.9
 53457 110.03  40.40  1011    0.1
 53464 111.17  40.72  1042    1.7
 53466 111.70  40.75  1045    0.5
 53467 111.18  40.27  1016    0.6
 53469 111.82  40.40  1166    0.4
 53472 112.57  40.87  1451    1.0
 53475 112.47  40.52  1268    1.6
 53481 113.22  40.80  1316    2.2
 53483 113.83  40.87  1268    0.4
 53484 113.15  40.45  1191    0.1
 53486 113.77  40.37  1050   0.01
 53488 113.58  40.03  1034   0.01
 53492 114.15  40.10   937    0.4
 53498 115.03  40.57   629   0.01
 53499 114.73  40.77   755    0.3
 53512 106.80  39.80  1105    0.2
 53518 106.35  39.03  1117   0.01
 53522 107.83  40.05  1180    0.4
 53533 108.71  39.81  1414    0.3
 53545 109.71  39.56  1367    0.1
 53547 109.03  39.10  1312    0.4
 53553 111.22  39.87  1221    0.5
 53562 111.67  39.92  1208    0.1
 53565 111.50  39.43  1051    0.7
 53567 111.00  39.02  1024    0.2
 53574 112.27  39.52  1409    1.3
 53575 112.20  39.10  1525    2.4
 53576 112.82  39.50  1045    3.2
 53577 112.30  39.00  1437    3.4
 53579 112.90  39.02   859    0.3
 53580 113.10  39.82  1044    0.1
 53582 113.67  39.72  1079    0.6
 53584 113.17  39.57  1000    2.3
 53585 113.27  39.17   933    0.2
 53590 114.27  39.75   977    0.2
 53596 115.13  38.85    52    1.1
 53599 114.68  39.37   884    0.9
 53658 110.48  38.03   894    0.9
 53659 111.00  37.97  1163    1.4
 53660 111.08  39.02   894    0.3
 53662 111.58  38.72  1396    0.9
 53665 111.65  38.28  1185    2.6
 53666 111.93  38.35  1212    2.6
 53669 111.80  38.08  1150    2.6
 53674 112.70  38.40   869    2.3
 53676 112.98  38.50   759    2.1
 53677 112.48  37.93   806    2.2
 53678 112.65  38.07   897    2.4
 53679 112.54  37.75   776    2.3
 53680 114.38  38.30   108    3.3
 53681 113.37  38.83  1096    0.4
 53682 114.68  38.63   104    3.0
 53685 113.42  38.07   953    3.5
 53688 114.55  38.42   100    3.2
 53689 115.07  38.02    42    1.4
 53690 114.18  38.85   281    1.7
 53691 114.57  38.15    71    3.1
 53692 114.98  38.73    66    1.4
 53693 114.13  38.03   255    4.3
 53694 114.22  38.27   131    3.6
 53695 114.68  38.35    70    1.9
 53696 115.02  38.55    41    2.1
 53697 114.83  38.03    53    2.6
 53699 114.95  38.18    45    2.4
 53727 107.12  37.17  1712    1.0
 53730 107.48  38.18  1333    0.1
 53732 108.72  37.85  1209    1.4
 53748 109.70  37.18  1063    1.1
 53750 110.18  37.77   931    1.4
 53751 110.05  37.60   894    1.0
 53756 110.72  37.52   744    2.3
 53757 110.12  37.12   938    1.0
 53759 110.83  36.98  1109    2.4
 53760 111.23  37.88  1212    0.5
 53763 112.17  37.92  1006    2.3
 53767 111.17  37.33  1213    2.6
 53769 111.78  37.25   747    1.3
 53770 112.35  37.35   768    2.7
 53771 112.05  37.42   750    1.8
 53773 114.62  36.33    64    0.3
 53774 112.37  37.58   759    2.6
 53776 112.77  37.68   831    4.9
 53777 112.14  37.51   753    2.4
 53778 112.22  37.17   780    3.2
 53780 113.15  37.91  1066    5.1
 53781 114.47  36.87    67    5.5
 53782 113.62  37.93   767    3.1
 53783 113.72  37.60   940    5.3
 53784 114.78  37.75    38    2.5
 53785 114.67  37.52    35    4.3
 53786 113.33  37.09  1152    9.9
 53788 113.57  37.33  1265    9.8
 53789 114.63  37.88    52    2.7
 53790 114.61  37.63    44    4.5
 53791 114.50  37.81    68    5.2
 53792 114.48  37.45   113    5.9
 53794 114.75  37.35    33    2.9
 53795 114.37  37.65   137    9.2
 53796 114.89  37.62    30    1.2
 53797 114.52  37.28    73    5.5
 53799 115.00  37.24    25    1.2
 53829 107.90  35.98  1093    0.8
 53832 108.77  36.77  1218    1.3
 53841 109.32  36.88  1068    0.2
 53848 109.35  36.27  1005    0.7
 53856 110.75  36.47   765    1.1
 53857 110.18  36.07   840    2.0
 53860 111.17  36.98  1406    2.2
 53861 111.38  35.88   463    4.3
 53862 111.80  36.85   811    1.5
 53864 111.10  36.40  1030    2.8
 53865 111.55  36.65  1011    0.2
 53866 111.67  36.23   462    2.0
 53869 111.70  36.58   550    2.2
 53871 112.85  36.83   964    6.6
 53872 112.68  36.77   960    4.7
 53873 112.87  36.10   951    8.0
 53874 111.90  36.25   648    1.9
 53875 112.35  36.52  1000    5.1
 53878 113.38  36.52   767    8.4
 53879 112.88  36.32   952    9.1
 53880 113.23  36.33   947    8.7
 53883 114.70  37.13    36    1.8
 53885 113.20  36.12  1122    8.0
 53886 113.67  36.57   470   10.4
 53888 113.43  36.20  1089    7.7
 53889 113.82  36.07   306    4.4
 53890 114.10  36.67   280    7.0
 53891 114.68  37.02    43    2.1
 53892 114.47  36.62    66    2.4
 53893 114.95  36.77    39    0.7
 53894 114.20  36.40   149    6.0
 53895 114.50  36.78    60    3.9
 53896 114.95  36.35    50    1.1
 53897 114.38  36.38    69    2.5
 53899 114.97  36.48    48    0.4
 53914 106.12  35.62  2078    0.2
 53925 107.18  35.68  1172    0.3
 53926 107.35  35.35  1028   0.01
 53928 107.02  35.30  1149   0.01
 53930 107.98  36.45  1271    0.5
 53931 109.37  36.00   984    0.8
 53934 107.98  35.78  1274    0.9
 53935 108.40  35.49  1481    0.7
 53937 107.92  35.52   979    0.4
 53938 108.30  35.17  1277    0.3
 53941 109.58  35.18   804    0.1
 53944 109.25  35.57   863    0.2
 53945 109.07  35.43  1395    0.6
 53946 109.82  35.60  1091    0.4
 53947 109.07  35.08   978    0.1
 53949 109.92  35.18   679    0.9
 53950 110.15  35.23   708    3.2
 53953 110.85  35.97   965    0.2
 53954 110.97  35.62   433    3.3
 53956 110.83  35.40   588    4.5
 53957 110.72  35.62   459    3.6
 53958 110.78  35.17   435    3.7
 53961 111.48  35.65   472    5.4
 53962 111.70  35.73   584    4.2
 53964 111.22  35.62   430    5.4
 53965 111.57  35.52   761    8.2
 53966 111.83  35.98   817    4.7
 53967 111.20  35.33   468    3.8
 53972 112.90  35.05   117    2.4
 53973 112.95  35.77   837    3.4
 53974 114.23  35.61    70    2.6
 53976 112.87  35.50   752    2.6
 53978 112.63  35.08   140    3.6
 53979 113.08  35.15   120    2.7
 53980 114.80  36.55    50    0.2
 53981 113.27  35.78  1311    3.3
 53982 113.27  35.23   112    2.0
 53983 114.42  35.03    69    5.4
 53984 113.47  35.23    82    2.1
 53985 113.82  35.50   140    2.9
 53987 113.36  35.11    94    1.4
 53988 113.67  35.27    77    1.6
 53989 113.98  35.08    75    2.0
 53991 114.33  35.92    93    1.3
 53992 114.52  35.65    58    2.1
 53993 114.92  35.93    51    0.2
 53994 114.07  35.38    70    2.5
 53995 114.50  35.55    62    2.8
 53996 114.65  36.45    57    0.8
 53997 114.18  35.15    71    3.3
 53998 114.65  35.20    61    4.2
 54204 115.00  42.30  1346    0.1
 54205 116.00  42.23  1315    0.1
 54301 115.67  41.67  1412    0.5
 54304 115.27  40.95  1239    0.7
 54305 115.27  41.88  1468    0.3
 54325 120.35  41.18   183    0.2
 54327 119.35  41.23   417    0.5
 54328 119.72  41.08   296    0.6
 54330 121.33  41.13    45   0.01
 54404 115.83  40.88   867    0.5
 54408 115.22  40.38   529   0.01
 54410 116.13  40.60  1224    0.1
 54430 118.21  40.78   330   0.01
 54433 116.50  39.95    35    0.3
 54501 115.68  39.97   440   0.01
 54502 116.03  39.48    29    3.8
 54503 115.82  39.07    12    0.4
 54505 116.10  39.94    98   0.01
 54506 115.95  39.32    24    1.3
 54507 115.52  39.33    49    1.0
 54512 116.28  39.42    21    0.6
 54514 116.25  39.87    55    0.3
 54515 116.70  39.50    13   0.01
 54521 116.98  39.77    13   0.01
 54526 117.33  39.08     1   0.01
 54594 116.35  39.72    37   0.01
 54596 116.19  39.77    48    2.7
 54597 115.74  39.73   407    2.5
 54601 115.65  38.98    13    0.3
 54603 115.77  38.72    10    0.4
 54604 115.33  38.42    29    1.1
 54605 115.93  38.93     4    0.3
 54607 115.12  38.72    45    1.7
 54608 115.55  38.00    26    1.2
 54609 115.59  38.23    22    0.9
 54610 116.10  38.73     8   0.01
 54611 115.32  38.93    44    0.8
 54612 116.46  38.85     4    0.3
 54613 116.62  38.70     6    0.2
 54614 116.06  38.42    10    0.4
 54615 116.85  38.58     8    0.2
 54617 116.12  38.18    13    0.1
 54619 116.92  38.92     5   0.01
 54620 115.57  38.48    18    0.6
 54621 115.18  38.18    38    1.9
 54622 117.37  38.98     3   0.01
 54626 115.82  38.42    13    0.4
 54631 115.15  37.07    32    2.1
 54632 115.03  37.07    34    2.1
 54633 115.23  37.52    26    0.8
 54636 116.10  39.02    11    0.3
 54640 114.87  36.92    36    0.8
 54645 117.47  38.85     2   0.01
 54700 115.93  38.03    16    0.2
 54701 115.20  37.93    35    0.5
 54702 115.70  37.73    20   0.01
 54704 115.57  37.52    24    0.1
 54708 115.73  37.50    23    0.4
 54710 116.17  37.87    18   0.01
 54711 116.28  37.70    18   0.01
 54722 117.63  37.75     6    0.1
 54800 115.25  37.00    33    0.7
 54801 115.48  36.85    35   0.01
 54803 116.02  36.98    27    0.3
 54804 115.18  36.30    45    0.6
 54805 115.47  36.45    39   0.01
 54807 115.77  36.15    41   0.01
 54809 115.28  36.55    41   0.01
 54814 116.25  36.53    29   0.01
 54815 116.27  36.38    31   0.01
 54820 115.17  36.82    36   0.01
 54841 119.42  36.86    23   0.01
 54848 119.42  35.98    82   0.01
 54851 120.56  36.90    76   0.01
 54852 120.73  36.97    54   0.01
 54861 121.53  36.93    45    0.2
 54901 115.17  36.08    47   0.01
 54905 115.93  35.58    46   0.01
 54908 115.10  35.27    57    0.1
 54913 116.82  35.75    62   0.01
 54914 116.08  35.42    40   0.01
 54917 116.33  35.13    35   0.01
 54939 118.82  35.17   113   0.01
 56016  95.62  33.85  4179   0.01
 56045  99.90  33.97  4050    0.8
 56071 102.50  34.59  3190    0.1
 56081 103.35  34.70  2810    0.4
 56082 103.50  34.58  2540    0.1
 56084 103.23  34.07  2374    1.6
 56091 104.47  34.85  1883    0.1
 56094 104.37  33.78  1400    1.9
 56095 104.38  34.03  1753    0.1
 56097 104.25  33.27  1440    3.0
 56109  93.78  31.48  3940    0.3
 56128  96.60  31.22  3810    3.5
 56147  98.83  31.22  3260    0.4
 56158 100.67  31.40  3250    0.2
 56171 101.70  32.90  3275    4.3
 56180 103.85  31.68  1590    0.8
 56183 103.62  31.50  1370    0.5
 56184 103.17  31.43  1896   0.01
 56185 102.98  32.08  2400    2.9
 56186 104.20  31.33   589   0.01
 56189 103.93  30.98   581   0.01
 56190 104.55  31.55   519    0.3
 56192 104.67  32.95  1014    3.6
 56193 104.52  32.42   893    1.2
 56195 104.73  31.80   543    0.1
 56197 104.17  31.15   535    0.2
 56198 104.50  31.32   525   0.01
 56228  96.92  30.05  3260   0.01
 56272 103.88  30.82   558   0.01
 56273 102.82  30.39  1022    0.1
 56278 102.77  30.07   755    1.9
 56279 102.93  30.15   682    0.3
 56280 103.12  30.08   691    0.3
 56288 103.92  30.58   494   0.01
 56289 103.87  30.20   437   0.01
 56317  94.22  29.22  2950    0.4
 56373 102.85  29.78   763   0.01
 56380 103.35  29.88   571    2.8
 56381 103.50  30.07   630    0.1
 56382 103.55  29.75   475    1.6
 56383 103.87  29.83   455    0.1
 56384 103.48  29.60   446    0.8
 56387 103.27  29.23   642   0.01
 56389 103.95  29.20   387    1.5
 56390 104.07  29.67   404   0.01
 56391 103.82  30.08   415   0.01
 56441  99.28  28.72  2422   0.01
 56480 103.53  28.82   564    2.2
 56483 103.95  28.58   496    0.8
 56490 103.90  28.95   424    3.2
 56491 104.57  28.70   287    0.1
 56494 104.33  28.84   386    0.2
 56499 104.78  28.38   368    0.1
 56593 104.92  28.58   279   0.01
 56641  98.87  26.90  1189    3.9
 56839  98.82  23.77   995    0.2
 56840  98.30  24.82  1012   0.01
 56841  98.68  24.60  1528   0.01
 56843  99.62  24.83  1650    8.9
 56846  99.93  24.58  1569    1.1
 56849  99.23  24.03  1606    2.1
 56854 100.13  24.45  1108    0.2
 56869 101.97  24.07  1497   0.01
 56889 104.17  24.05  1518   0.01
 56944  99.27  23.15  1278   11.4
 56948  99.60  22.63  1155    9.7
 56950  99.80  23.47  1044    1.5
 56952 100.70  23.50   913   11.0
 56962 101.67  23.42  1314    2.2
 56970 102.48  23.70  1419    3.8
 56975 102.43  23.37   974    0.3
 57001 105.33  34.75  1271   0.01
 57002 105.65  34.85  1216   0.01
 57006 105.75  34.58  1141    0.1
 57007 105.18  34.18  1404   0.01
 57008 105.30  34.03  1579    0.1
 57023 108.11  35.02   919    0.1
 57026 107.88  34.37   585    0.1
 57027 107.73  34.27   517   0.01
 57029 108.48  34.50   543    2.0
 57032 108.20  34.13   436   0.01
 57033 108.82  34.55   428    1.3
 57035 108.23  34.55   636   0.01
 57038 108.45  34.28   410    0.1
 57040 109.08  34.52   377    1.3
 57041 108.92  34.63   424    0.5
 57042 109.18  34.78   470    0.3
 57043 109.97  34.80   351    1.6
 57044 109.23  34.40   424    0.9
 57045 109.48  34.52   349    0.7
 57047 109.32  34.17   540    0.2
 57053 110.72  34.70   505    1.9
 57054 110.23  34.55   556    2.8
 57055 110.13  34.59   342    1.5
 57056 110.86  34.54   484    2.4
 57057 110.15  34.10   963    0.7
 57060 111.23  35.17   402    4.5
 57061 111.20  34.83   410    2.9
 57063 111.77  34.77   523    3.5
 57065 112.13  34.55   317    5.0
 57066 111.67  34.40   408    3.0
 57070 112.12  34.73   364    4.7
 57072 112.75  34.92   127    3.4
 57074 112.40  34.42   252    8.3
 57075 112.87  34.17   203   12.8
 57076 112.78  34.73   189    4.4
 57078 112.47  34.15   336    7.3
 57079 113.03  34.95   106    2.7
 57080 112.97  34.73   165    6.6
 57081 113.43  34.80   140    4.7
 57082 113.02  34.47   427    6.7
 57084 113.05  34.49  1178    5.7
 57085 113.33  34.53   259    5.6
 57086 113.72  34.38   116    7.6
 57087 113.73  34.27   104    9.4
 57088 113.50  34.19   146    9.3
 57090 113.97  34.72    78    7.1
 57093 114.82  34.85    73    5.5
 57094 114.22  34.40    67    8.7
 57095 114.15  34.12    61   10.8
 57096 114.78  34.53    59    6.8
 57098 114.40  34.08    58   12.6
 57099 114.85  34.07    52    7.3
 57102 105.72  33.75   970   0.01
 57111 106.30  33.92   961    0.1
 57119 106.70  33.17   548    0.5
 57123 108.07  34.28   506    0.2
 57126 107.55  33.22   468   0.01
 57129 107.72  32.98   446   0.01
 57132 108.58  34.13   411    0.3
 57137 108.32  33.32   802    0.1
 57140 109.12  33.67   818    1.1
 57153 110.33  33.70   639    0.9
 57155 109.87  33.55   660    0.1
 57162 112.07  34.13   440    5.7
 57169 111.87  33.05   159    9.3
 57173 112.88  33.75   145   13.2
 57175 112.23  33.05   191    5.5
 57176 112.42  33.48   231    6.5
 57177 113.53  33.33    89   12.8
 57179 113.00  33.28   160    8.3
 57180 113.20  33.98   117   11.3
 57182 113.52  33.85    80   14.9
 57183 113.92  33.80    60   13.5
 57184 113.30  33.63    97   11.7
 57185 113.58  33.45    91   13.2
 57186 114.05  33.60    58   11.7
 57187 112.93  33.07   118    6.3
 57188 114.03  33.37    55    9.7
 57189 113.95  33.13    64    5.4
 57190 114.40  33.75    50   12.0
 57191 114.47  34.51    64    8.8
 57192 114.85  33.73    45    8.8
 57194 114.27  33.28    59    3.8
 57195 114.62  33.62    46   11.9
 57196 114.87  33.47    42    4.5
 57197 114.35  32.97    50    1.9
 57198 114.57  33.50    44    6.1
 57204 105.22  32.57   782   0.01
 57208 105.52  32.28   544   0.01
 57216 106.83  32.35   579   0.01
 57231 108.53  32.53   503    0.1
 57233 108.50  32.90   413   0.01
 57242 109.37  32.85   285   0.01
 57247 108.90  32.32   438    0.3
 57248 109.33  32.40   431    0.5
 57249 109.68  32.32   448    0.6
 57253 110.82  32.85   201    0.5
 57254 110.12  32.82   322    0.5
 57257 110.23  32.23   307    3.1
 57260 111.52  32.57   133    2.7
 57261 111.52  33.12   233    6.1
 57268 111.62  32.27   120    1.8
 57271 112.38  32.52    87    0.8
 57273 112.85  32.68   109    1.4
 57274 112.12  32.70   107    5.8
 57281 113.30  32.70   142    1.6
 57292 114.63  32.97    44    2.6
 57293 114.98  32.73    38    5.5
 57294 114.02  32.83    83    1.5
 57295 114.35  32.62    78    4.7
 57296 114.73  32.35    48   0.01
 57298 114.55  32.22    55    4.8
 57299 114.90  32.02    49    4.0
 57333 108.67  31.95   798    0.1
 57349 109.86  31.08   606    0.1
 57361 111.27  31.88   327   0.01
 57362 110.67  31.75   935    0.5
 57363 111.83  31.80   151    1.9
 57368 111.63  31.05   141    2.1
 57370 112.22  31.73    67    6.0
 57377 112.22  31.00   191    1.1
 57385 113.82  31.62    93   16.5
 57386 114.00  31.25    51   14.9
 57387 113.13  31.00    84    8.8
 57388 113.71  31.27    53   17.4
 57389 113.75  31.03    32    5.2
 57390 114.07  31.80   733   10.5
 57396 114.85  31.63   128   13.3
 57398 114.62  31.28    74   27.1
 57416 106.93  30.33   391   0.01
 57425 107.33  30.33   433   0.01
 57437 108.03  30.30   325   0.01
 57438 108.12  29.98   632    0.2
 57453 111.32  30.77   115    2.9
 57460 111.78  30.82    91    1.6
 57462 111.08  30.87   139    3.2
 57464 111.18  30.47   142    0.9
 57465 111.45  30.38    74    0.5
 57466 111.75  30.43    50    1.4
 57469 111.77  30.18    69    0.1
 57475 112.90  30.40    31    4.4
 57477 112.22  30.07    38    2.5
 57481 113.57  30.95    30    6.2
 57485 113.47  30.28    23    2.8
 57486 113.85  30.65    25    2.1
 57489 114.01  30.52    23    2.1
 57491 114.40  30.87    31    5.1
 57492 114.84  30.84    40    1.9
 57495 114.88  30.67    28    1.6
 57496 114.87  30.37    31    0.3
 57498 114.94  30.52    26    1.6
 57499 114.88  30.07    40    2.0
 57505 105.58  29.42   338   0.01
 57540 109.15  29.68   776    0.2
 57541 109.48  30.00   532    0.5
 57543 110.03  29.90   539   0.01
 57566 111.65  29.45    51    0.3
 57571 112.40  29.70    35    1.2
 57575 112.55  29.52    31    2.5
 57577 112.17  29.40    36    2.1
 57582 113.88  29.72    46    1.2
 57585 113.45  29.48    60    0.3
 57586 114.03  29.53    78    0.7
 57589 113.87  29.27   146    0.2
 57590 114.37  29.85    98    5.2
 57596 114.20  29.63   751    1.3
 57657 110.21  28.23   186   0.01
 57663 111.95  28.92    31   0.01
 57768 111.45  27.32   242   0.01
 57800 105.37  26.77  1457   0.01
 57985 113.68  25.57   609   0.01
 57988 113.33  25.10   143   0.01
 57989 113.77  25.07   112    0.5
 57990 114.30  25.70   246    1.0
 57992 114.75  25.67   127   0.01
 57994 114.35  25.40   215    0.3
 58001 115.10  34.43    56    6.4
 58002 115.58  34.85    49    1.8
 58003 115.88  34.95    45    0.5
 58004 115.15  34.65    60    4.7
 58006 115.88  34.38    46    4.4
 58007 115.30  34.07    47    4.5
 58008 115.33  34.47    54    5.4
 58011 116.07  34.80    46    0.6
 58012 116.66  34.67    42   0.01
 58013 116.91  34.75    36   0.01
 58017 116.13  34.25    41    3.1
 58022 117.57  34.75    48    0.1
 58024 117.58  34.87    77   0.01
 58030 118.02  34.88    44   0.01
 58041 119.43  34.78    26   0.01
 58100 115.17  33.65    41    6.7
 58101 115.48  33.87    41    4.3
 58104 115.07  33.40    41    3.2
 58107 115.28  33.02    35    1.2
 58108 115.33  33.23    34    2.7
 58109 115.65  33.13    31    2.0
 58112 116.45  30.73   968    1.9
 58113 116.75  33.93    31    1.1
 58114 116.18  33.48    31    1.0
 58116 116.83  33.98    31    1.0
 58117 116.20  33.13    27    0.3
 58202 115.57  32.67    31    6.0
 58205 115.43  32.47    34    1.8
 58207 115.05  32.17    42    4.3
 58210 116.23  32.65    25    0.8
 58214 116.30  32.37    27    0.1
 58301 115.38  31.82    92    8.1
 58306 115.88  31.68    95    8.7
 58316 116.92  31.47    23    0.5
 58317 116.37  30.87   434    0.7
 58320 117.13  31.73    21    0.4
 58323 117.47  31.88    25   0.01
 58327 117.28  31.27    45    0.2
 58401 115.40  30.75   123    2.1
 58404 115.22  30.47    61    0.8
 58408 115.43  30.23    35    0.1
 58409 115.93  30.10    32    0.1
 58415 116.55  30.67    64    1.3
 58416 116.82  30.75    35    6.0
 58417 116.13  30.17    54    0.1
 58420 117.23  30.72    58    0.8
 58421 117.87  30.63    31    1.2
 58423 117.78  30.48   647    0.8
 58426 118.13  30.30   193    0.1
 58427 117.50  30.65    15    0.4
 58435 118.53  30.30   220    0.8
 58438 118.58  30.08   191    0.1
 58449 119.95  30.05    46   0.01
 58501 115.63  29.92    23    0.4
 58502 116.02  29.67    74   0.01
 58503 115.67  29.70    41    1.1
 58505 115.90  29.62    63   0.01
 58507 115.12  29.25   116   0.01
 58510 116.23  29.73    40    0.2
 58512 116.55  29.90    71    0.4
 58514 116.05  29.45    37   0.01
 58517 116.20  29.27    35    0.5
 58544 119.27  29.48    88   0.01
 58547 119.18  29.03    66   0.01
 58561 121.60  29.98     4   0.01
 58563 121.83  29.88     5   0.01
 58566 121.88  29.47     6    0.3
 58570 122.30  29.95    85    0.1
 58616 116.82  28.20    40   0.01
 58619 116.37  28.00    49   0.01
 58623 117.92  28.47    90    0.1
 58624 117.43  28.40    70   0.01
 58627 117.06  28.31    56    0.1
 58629 117.71  28.29   100   0.01
 58632 118.60  28.72   126   0.01
 58643 120.03  28.90   102    0.1
 58644 119.28  28.60   237    0.2
 58654 120.08  28.67   184    0.2
 58656 120.97  28.07    60    0.1
 58657 120.28  28.15    57    0.1
 58658 120.68  28.15    34    0.1
 58659 120.65  28.03    28   0.01
 58664 121.37  28.37    35   0.01
 58724 117.32  27.53   268    0.4
 58748 119.65  27.10    50   0.01
 58749 119.88  27.23   684   0.01
 58751 120.57  27.67   254   0.01
 58821 117.47  26.73   173   0.01
 58845 119.53  26.50    60   0.01
 58848 119.55  26.20    13   0.01
 58850 120.23  26.92    92    2.4
 58907 115.40  25.15   305   0.01
 58923 117.83  25.70   400    0.4
 58934 118.27  25.33   183    2.3
 58935 118.23  25.48   521    1.5
 58938 118.98  25.23    23   0.01
 58941 119.50  25.97    25   0.01
 58942 119.38  25.72    39    0.9
 58946 119.00  25.45    81    5.7
 59081 113.29  24.78   131   0.01
 59091 114.52  24.75   277   0.01
 59093 115.03  24.78   253   0.01
 59094 114.12  24.35   184   0.01
 59099 114.93  24.45   173   0.01
 59124 117.38  24.52    53   0.01
 59130 118.15  24.73    30    0.1
 59137 118.57  24.82    56    0.3
 59297 114.28  23.17    17   0.01
 59477 112.23  22.27    68   0.01
 59492 114.73  22.97    47   0.01
