diamond  3 2015年04月04日02点6小时降雨量                     
  15  04  04  02    -1 3 10 25 50 1 0
 39 122.7  37.3 122.5  36.7 120.8  36.2 119.3  35.0 120.4  34.3
 121.1  32.7 122.3  30.9 122.5  30.1 121.5  28.0 119.8  25.0
 116.1  22.6 111.0  21.0 111.0  18.6 109.6  18.1 108.3  18.5
 108.9  19.9 109.3  21.0 106.4  21.6 104.1  22.2 101.6  20.8
  98.7  22.0  97.1  24.1  97.7  27.0  91.7  26.6  85.7  27.7
  78.9  30.6  73.3  37.1  74.1  40.7  87.6  49.8  98.5  43.9
 110.4  44.3 122.0  54.7 135.7  48.3 131.5  42.2 125.2  39.4
 121.3  38.5 121.2  40.3 118.5  38.6 120.8  38.1
 1     385
 50832 122.08  46.72   332    0.1
 50833 122.90  46.72   187    0.3
 52557 100.17  39.15  1453    0.5
 52656 100.82  38.43  2281    0.3
 53348 109.13  41.02  1078    0.1
 53357 110.05  41.03  1360    0.7
 53367 111.23  41.32  1602    1.2
 53368 111.47  41.08  1637    3.7
 53392 114.60  41.85  1422    1.1
 53455 110.53  40.55   998    0.8
 53457 110.03  40.40  1011    1.0
 53464 111.17  40.72  1042    2.2
 53466 111.70  40.75  1045    2.4
 53467 111.18  40.27  1016    1.7
 53469 111.82  40.40  1166    3.3
 53472 112.57  40.87  1451    1.8
 53475 112.47  40.52  1268    1.3
 53481 113.22  40.80  1316    2.1
 53484 113.15  40.45  1191    2.0
 53486 113.77  40.37  1050    1.1
 53522 107.83  40.05  1180    0.1
 53533 108.71  39.81  1414    0.1
 53545 109.71  39.56  1367    1.0
 53547 109.03  39.10  1312    0.3
 53553 111.22  39.87  1221    3.5
 53562 111.67  39.92  1208    4.6
 53576 112.82  39.50  1045    1.1
 53577 112.30  39.00  1437    1.6
 53579 112.90  39.02   859    1.8
 53644 108.83  38.60  1307    0.5
 53676 112.98  38.50   759    1.0
 53678 112.65  38.07   897    1.8
 53685 113.42  38.07   953    0.5
 53732 108.72  37.85  1209    2.2
 53771 112.05  37.42   750    1.6
 53774 112.37  37.58   759    2.3
 53780 113.15  37.91  1066    0.7
 53781 114.47  36.87    67    0.3
 53829 107.90  35.98  1093    0.5
 53860 111.17  36.98  1406    3.8
 53861 111.38  35.88   463    3.6
 53862 111.80  36.85   811    1.4
 53866 111.67  36.23   462    1.5
 53869 111.70  36.58   550    1.0
 53873 112.87  36.10   951    6.4
 53874 111.90  36.25   648    1.6
 53886 113.67  36.57   470    2.2
 53889 113.82  36.07   306    4.9
 53890 114.10  36.67   280    1.0
 53894 114.20  36.40   149    1.4
 53895 114.50  36.78    60    0.1
 53897 114.38  36.38    69    0.2
 53924 107.62  35.07   966    1.1
 53925 107.18  35.68  1172    0.4
 53926 107.35  35.35  1028    0.7
 53928 107.02  35.30  1149    0.4
 53930 107.98  36.45  1271    1.6
 53934 107.98  35.78  1274    2.0
 53935 108.40  35.49  1481    1.6
 53937 107.92  35.52   979    2.4
 53938 108.30  35.17  1277    1.8
 53941 109.58  35.18   804    4.9
 53947 109.07  35.08   978    2.7
 53949 109.92  35.18   679    7.5
 53950 110.15  35.23   708    8.6
 53954 110.97  35.62   433    4.0
 53956 110.83  35.40   588    5.7
 53957 110.72  35.62   459    4.3
 53958 110.78  35.17   435    5.6
 53961 111.48  35.65   472    3.6
 53962 111.70  35.73   584    4.6
 53964 111.22  35.62   430    2.2
 53965 111.57  35.52   761    4.6
 53967 111.20  35.33   468    4.8
 53972 112.90  35.05   117    6.0
 53974 114.23  35.61    70    1.7
 53976 112.87  35.50   752   11.2
 53978 112.63  35.08   140    6.7
 53979 113.08  35.15   120    5.6
 53982 113.27  35.23   112    5.1
 53983 114.42  35.03    69    2.0
 53984 113.47  35.23    82    4.5
 53985 113.82  35.50   140    4.7
 53987 113.36  35.11    94    3.2
 53988 113.67  35.27    77    3.2
 53989 113.98  35.08    75    1.7
 53991 114.33  35.92    93    2.4
 53992 114.52  35.65    58    0.1
 53994 114.07  35.38    70    2.0
 53995 114.50  35.55    62    0.1
 53997 114.18  35.15    71    1.1
 53998 114.65  35.20    61    0.4
 54905 115.93  35.58    46    0.1
 56190 104.55  31.55   519    0.2
 56195 104.73  31.80   543    0.1
 56273 102.82  30.39  1022    0.1
 56276 103.82  30.45   467    2.2
 56279 102.93  30.15   682    2.9
 56281 103.50  30.18   510   11.5
 56284 103.43  30.45   518    0.1
 56285 103.52  30.60   523    1.3
 56289 103.87  30.20   437    1.6
 56295 104.55  30.38   448   10.4
 56297 104.15  30.02   436    0.4
 56298 104.60  30.13   417    4.1
 56317  94.22  29.22  2950    1.9
 56381 103.50  30.07   630    7.9
 56382 103.55  29.75   475    8.1
 56384 103.48  29.60   446    0.3
 56391 103.82  30.08   415    0.3
 56393 104.85  29.77   369    0.3
 56394 104.43  29.45   384   11.9
 56395 104.67  29.52   351    0.7
 56474 102.17  28.55  1774    2.9
 56478 102.43  28.30  1818    1.3
 56483 103.95  28.58   496    2.2
 56487 103.13  28.33  1943    0.2
 56490 103.90  28.95   424    3.9
 56491 104.57  28.70   287    0.1
 56494 104.33  28.84   386   13.1
 57003 106.83  34.90   924    0.1
 57007 105.18  34.18  1404    0.1
 57008 105.30  34.03  1579    0.1
 57011 106.15  34.75  1378    0.1
 57016 107.13  34.35   612    0.7
 57020 107.40  34.37   563    0.3
 57021 107.13  34.65   751    0.6
 57022 107.78  34.68  1026    0.3
 57023 108.11  35.02   919    2.1
 57024 107.65  34.45   669    0.3
 57026 107.88  34.37   585    0.6
 57027 107.73  34.27   517    0.5
 57029 108.48  34.50   543    1.7
 57031 108.55  34.82  1012    4.0
 57032 108.20  34.13   436    0.7
 57033 108.82  34.55   428    2.1
 57035 108.23  34.55   636    1.6
 57038 108.45  34.28   410    2.4
 57039 108.88  34.08   445    7.8
 57040 109.08  34.52   377    3.1
 57041 108.92  34.63   424    3.2
 57042 109.18  34.78   470    5.0
 57043 109.97  34.80   351    7.2
 57044 109.23  34.40   424    3.2
 57045 109.48  34.52   349    3.2
 57047 109.32  34.17   540    5.6
 57053 110.72  34.70   505   10.4
 57054 110.23  34.55   556   10.1
 57055 110.13  34.59   342    9.0
 57056 110.86  34.54   484   14.0
 57057 110.15  34.10   963    5.6
 57060 111.23  35.17   402    5.8
 57061 111.20  34.83   410    8.4
 57063 111.77  34.77   523   10.4
 57065 112.13  34.55   317   11.0
 57066 111.67  34.40   408    9.0
 57070 112.12  34.73   364    5.7
 57072 112.75  34.92   127    6.6
 57074 112.40  34.42   252    7.4
 57075 112.87  34.17   203    5.5
 57076 112.78  34.73   189    7.4
 57078 112.47  34.15   336    4.4
 57079 113.03  34.95   106    4.6
 57080 112.97  34.73   165    4.2
 57081 113.43  34.80   140    4.2
 57082 113.02  34.47   427    5.1
 57084 113.05  34.49  1178    5.7
 57085 113.33  34.53   259    6.0
 57086 113.72  34.38   116    3.8
 57087 113.73  34.27   104    2.8
 57088 113.50  34.19   146    2.9
 57090 113.97  34.72    78    2.3
 57093 114.82  34.85    73    0.4
 57094 114.22  34.40    67    1.7
 57095 114.15  34.12    61    0.5
 57096 114.78  34.53    59    0.2
 57098 114.40  34.08    58    0.3
 57099 114.85  34.07    52    0.3
 57102 105.72  33.75   970    1.5
 57105 105.60  33.33  1221    0.6
 57110 106.08  33.78   930    5.9
 57111 106.30  33.92   961    4.0
 57113 106.55  33.93   984    4.7
 57119 106.70  33.17   548   12.4
 57123 108.07  34.28   506    1.5
 57126 107.55  33.22   468   11.0
 57128 107.33  33.17   486    5.0
 57129 107.72  32.98   446    3.7
 57132 108.58  34.13   411    4.9
 57137 108.32  33.32   802    2.8
 57140 109.12  33.67   818    1.8
 57153 110.33  33.70   639    6.2
 57155 109.87  33.55   660    5.8
 57162 112.07  34.13   440    8.4
 57169 111.87  33.05   159    2.3
 57173 112.88  33.75   145    9.3
 57175 112.23  33.05   191    3.4
 57176 112.42  33.48   231    5.8
 57177 113.53  33.33    89    1.2
 57179 113.00  33.28   160    4.0
 57180 113.20  33.98   117    5.4
 57182 113.52  33.85    80    3.3
 57183 113.92  33.80    60    1.0
 57184 113.30  33.63    97    1.5
 57185 113.58  33.45    91    1.2
 57186 114.05  33.60    58    0.6
 57187 112.93  33.07   118    2.0
 57188 114.03  33.37    55    3.3
 57189 113.95  33.13    64    5.0
 57190 114.40  33.75    50    0.5
 57191 114.47  34.51    64    0.4
 57192 114.85  33.73    45    0.3
 57194 114.27  33.28    59    1.9
 57195 114.62  33.62    46    0.5
 57196 114.87  33.47    42    1.3
 57197 114.35  32.97    50    2.8
 57198 114.57  33.50    44    0.9
 57208 105.52  32.28   544    0.6
 57213 106.93  33.00   536    9.0
 57216 106.83  32.35   579    0.5
 57217 106.28  32.23   485    4.8
 57231 108.53  32.53   503    6.6
 57233 108.50  32.90   413    0.8
 57242 109.37  32.85   285    4.8
 57247 108.90  32.32   438   23.1
 57248 109.33  32.40   431   16.1
 57249 109.68  32.32   448   10.7
 57253 110.82  32.85   201    2.8
 57254 110.12  32.82   322   10.4
 57257 110.23  32.23   307    1.3
 57260 111.52  32.57   133    0.7
 57261 111.52  33.12   233    2.3
 57268 111.62  32.27   120    0.5
 57271 112.38  32.52    87    1.1
 57273 112.85  32.68   109    2.2
 57274 112.12  32.70   107    1.2
 57281 113.30  32.70   142   11.0
 57292 114.63  32.97    44    1.8
 57293 114.98  32.73    38    0.2
 57294 114.02  32.83    83    7.0
 57295 114.35  32.62    78    0.1
 57296 114.73  32.35    48    3.4
 57298 114.55  32.22    55    5.4
 57299 114.90  32.02    49    5.9
 57303 105.92  31.73   459    0.2
 57304 105.17  31.67   516    0.9
 57320 107.22  31.93   482    1.3
 57324 107.08  31.58   364    2.4
 57326 107.72  31.37   389    0.2
 57329 107.85  31.10   467    3.6
 57333 108.67  31.95   798    9.2
 57361 111.27  31.88   327    0.2
 57362 110.67  31.75   935    0.7
 57363 111.83  31.80   151    0.3
 57368 111.63  31.05   141    0.4
 57377 112.22  31.00   191    1.9
 57385 113.82  31.62    93    3.6
 57386 114.00  31.25    51    3.0
 57387 113.13  31.00    84    0.8
 57388 113.71  31.27    53    2.7
 57389 113.75  31.03    32    5.8
 57390 114.07  31.80   733    2.4
 57396 114.85  31.63   128   13.2
 57398 114.62  31.28    74   23.1
 57401 105.37  30.87   383    0.1
 57402 105.70  30.77   394    0.3
 57407 105.03  30.28   462    7.3
 57408 105.35  30.12   338    2.4
 57409 105.80  30.18   297    2.8
 57413 106.97  30.85   295    0.1
 57414 106.45  30.52   403    3.8
 57415 106.63  30.53   394    1.8
 57416 106.93  30.33   391    3.2
 57417 106.28  30.35   315    2.6
 57420 107.19  30.75   418    0.5
 57453 111.32  30.77   115    0.1
 57460 111.78  30.82    91    0.5
 57462 111.08  30.87   139    1.3
 57464 111.18  30.47   142    0.2
 57465 111.45  30.38    74    0.4
 57466 111.75  30.43    50    0.2
 57469 111.77  30.18    69   11.1
 57475 112.90  30.40    31   18.2
 57477 112.22  30.07    38   53.5
 57481 113.57  30.95    30    4.3
 57485 113.47  30.28    23   26.0
 57486 113.85  30.65    25   16.9
 57489 114.01  30.52    23   22.8
 57491 114.40  30.87    31   20.9
 57492 114.84  30.84    40   27.8
 57495 114.88  30.67    28   49.0
 57496 114.87  30.37    31   30.8
 57498 114.94  30.52    26   30.0
 57499 114.88  30.07    40   35.3
 57513 106.62  29.73   464    0.6
 57558 110.47  29.13   183    0.4
 57564 111.13  29.43   103    5.8
 57565 111.73  29.67    38   10.0
 57566 111.65  29.45    51    5.5
 57571 112.40  29.70    35   41.2
 57575 112.55  29.52    31   64.9
 57577 112.17  29.40    36   12.8
 57582 113.88  29.72    46   50.0
 57585 113.45  29.48    60  148.9
 57586 114.03  29.53    78   78.2
 57589 113.87  29.27   146   11.9
 57590 114.37  29.85    98   43.4
 57596 114.20  29.63   751   64.9
 57657 110.21  28.23   186    2.5
 57658 110.20  28.02   152    6.4
 57661 111.48  28.92    48    9.5
 57663 111.95  28.92    31    0.8
 57666 112.13  28.52    52    0.2
 57680 113.11  28.86    82    0.3
 57742 109.20  27.52   884    0.1
 57743 109.80  27.88   176    2.2
 57763 112.00  27.68   205    0.1
 57772 112.50  27.75    86    0.4
 57773 112.83  27.88    63    6.8
 57859 110.63  26.03   408    0.1
 57870 112.10  26.80   151    4.3
 57887 113.12  26.12   167    0.1
 58007 115.30  34.07    47    0.1
 58017 116.13  34.25    41    0.1
 58100 115.17  33.65    41    1.4
 58101 115.48  33.87    41    0.9
 58104 115.07  33.40    41    3.2
 58107 115.28  33.02    35    1.9
 58108 115.33  33.23    34    0.4
 58112 116.45  30.73   968   26.4
 58117 116.20  33.13    27    0.5
 58202 115.57  32.67    31    0.3
 58205 115.43  32.47    34    1.7
 58207 115.05  32.17    42    5.0
 58210 116.23  32.65    25    0.6
 58212 116.77  32.72    23    0.3
 58214 116.30  32.37    27    3.0
 58224 117.02  32.65    32    0.1
 58301 115.38  31.82    92    9.0
 58306 115.88  31.68    95   25.9
 58316 116.92  31.47    23   13.5
 58317 116.37  30.87   434   23.3
 58320 117.13  31.73    21    9.9
 58323 117.47  31.88    25    0.4
 58329 117.87  31.33     9    1.4
 58334 118.37  31.38     9    4.0
 58337 118.18  31.08    26    0.1
 58359 120.62  31.13     4    0.3
 58401 115.40  30.75   123   65.7
 58404 115.22  30.47    61   31.6
 58408 115.43  30.23    35   34.6
 58409 115.93  30.10    32   12.8
 58415 116.55  30.67    64   30.1
 58416 116.82  30.75    35    5.1
 58417 116.13  30.17    54   11.6
 58418 116.67  30.13    60    5.5
 58420 117.23  30.72    58    6.4
 58421 117.87  30.63    31    1.2
 58423 117.78  30.48   647    1.5
 58427 117.50  30.65    15    2.2
 58428 117.50  30.22   118    0.3
 58431 118.32  30.90    39    0.1
 58501 115.63  29.92    23   15.3
 58502 116.02  29.67    74   38.8
 58503 115.67  29.70    41    5.7
 58505 115.90  29.62    63   20.7
 58507 115.12  29.25   116    1.1
 58508 115.77  29.33    41    4.3
 58509 115.82  29.05    36    0.2
 58510 116.23  29.73    40    6.7
 58512 116.55  29.90    71    0.3
 58514 116.05  29.45    37    1.2
 58534 118.18  29.78   170    0.1
 58542 119.68  29.82    46    0.1
 58546 119.88  29.47   115    0.2
 58567 121.43  29.32    39    0.2
 58570 122.30  29.95    85    0.1
 58602 115.55  28.85    40    0.4
 58607 115.95  28.55    31    0.1
 58656 120.97  28.07    60    0.2
 58664 121.37  28.37    35    0.3
 58710 116.05  27.77    78    0.1
 58712 116.78  27.92   130    0.1
 59075 112.63  24.48    70    0.2
 59090 114.07  24.95   103    0.1
