diamond  3 2015年04月05日14点6小时降雨量                     
  15  04  05  14    -1 3 10 25 50 1 0
 39 122.7  37.3 122.5  36.7 120.8  36.2 119.3  35.0 120.4  34.3
 121.1  32.7 122.3  30.9 122.5  30.1 121.5  28.0 119.8  25.0
 116.1  22.6 111.0  21.0 111.0  18.6 109.6  18.1 108.3  18.5
 108.9  19.9 109.3  21.0 106.4  21.6 104.1  22.2 101.6  20.8
  98.7  22.0  97.1  24.1  97.7  27.0  91.7  26.6  85.7  27.7
  78.9  30.6  73.3  37.1  74.1  40.7  87.6  49.8  98.5  43.9
 110.4  44.3 122.0  54.7 135.7  48.3 131.5  42.2 125.2  39.4
 121.3  38.5 121.2  40.3 118.5  38.6 120.8  38.1
 1     525
 50431 121.52  50.78   717   0.01
 50445 123.73  50.58   423    0.9
 50524 119.43  49.32   576   0.01
 50525 119.75  49.15   620    0.1
 50526 120.70  49.28   668   0.01
 50566 128.47  49.55   116    3.2
 50645 124.48  48.48   195    0.1
 50646 124.85  48.48   202    0.7
 50647 123.48  48.13   236   0.01
 50655 126.18  48.50   266    1.0
 50659 126.25  48.03   291    0.9
 50673 130.40  48.88    90    3.6
 50674 129.43  48.57   404    2.5
 50741 123.50  47.93   185   0.01
 50749 124.83  47.18   154   0.01
 50750 125.30  47.90   226    0.2
 50755 126.07  47.62   249    1.1
 50767 127.10  47.23   202    1.9
 50772 129.23  48.10   288    2.4
 50775 130.20  47.34   182    4.9
 50776 130.83  47.57    83    7.4
 50778 132.53  47.67    57    4.6
 50779 134.28  48.37    40    3.0
 50787 131.84  47.31    62    5.3
 50851 126.08  46.68   207    0.7
 50852 126.45  46.82   169    1.5
 50858 125.81  46.02   159    0.3
 50859 126.28  46.29   169    0.9
 50861 127.48  46.89   182    2.4
 50867 127.35  46.08   134    2.4
 50871 129.88  46.73    95    1.9
 50878 130.72  47.00    78    6.3
 50880 131.12  46.73   102    1.2
 50884 131.15  46.63   175    0.6
 50913 118.83  45.72   865    0.1
 50924 119.65  45.55   860    0.1
 50934 121.58  45.38   311    0.2
 50946 124.83  45.18   139    1.0
 50954 125.08  45.50   127    0.3
 50956 126.77  46.08   134    0.4
 50958 126.93  45.53   168    3.0
 50960 127.38  45.73   184    2.4
 50962 128.03  45.95   112    1.9
 50964 128.80  45.83   119    3.2
 50965 128.27  45.43   167    1.4
 50971 131.02  45.77   223   0.01
 50979 130.23  45.27   274    0.3
 50985 131.87  45.55   151    1.7
 50987 131.09  45.26   219    1.1
 51436  83.30  43.45   928   0.01
 52869 101.58  36.50  2667   0.01
 53272 112.63  42.75  1104   0.01
 53289 113.83  42.23  1322    0.3
 53392 114.60  41.85  1422   0.01
 53730 107.48  38.18  1333    0.3
 53925 107.18  35.68  1172    0.1
 53938 108.30  35.17  1277    0.1
 53972 112.90  35.05   117   0.01
 53979 113.08  35.15   120   0.01
 53982 113.27  35.23   112   0.01
 53983 114.42  35.03    69    0.2
 53984 113.47  35.23    82   0.01
 53987 113.36  35.11    94   0.01
 53988 113.67  35.27    77   0.01
 53989 113.98  35.08    75   0.01
 53994 114.07  35.38    70   0.01
 53997 114.18  35.15    71   0.01
 53998 114.65  35.20    61   0.01
 54065 125.65  44.53   169    1.2
 54069 125.80  44.12   173    0.6
 54072 126.52  44.85   196    2.0
 54076 126.93  44.38   268    2.0
 54080 127.15  44.90   194    1.9
 54092 129.40  44.60   292    0.8
 54093 130.55  44.93   266    1.5
 54098 129.47  44.33   267    1.8
 54117 117.53  43.25  1003   0.01
 54154 124.30  43.35   160    0.9
 54155 124.23  43.67   144   0.01
 54156 124.80  43.52   200    0.7
 54164 125.28  43.35   248    0.2
 54169 126.02  43.30   271    0.4
 54172 126.53  43.87   290    0.3
 54187 128.92  43.12   366    0.6
 54204 115.00  42.30  1346    0.1
 54205 116.00  42.23  1315   0.01
 54244 123.33  42.75   118   0.01
 54245 123.40  42.50    97   0.01
 54252 124.75  42.73   196    0.7
 54261 125.47  42.67   345    0.4
 54267 125.73  42.25   362    0.3
 54274 125.99  42.69   306    0.5
 54279 126.58  42.05   544    0.5
 54301 115.67  41.67  1412   0.01
 54305 115.27  41.88  1468   0.01
 54362 125.73  41.67   380   0.01
 54371 126.43  41.93   520    0.3
 54906 115.42  35.25    49   0.01
 54908 115.10  35.27    57   0.01
 54938 118.40  35.05    65   0.01
 54939 118.82  35.17   113   0.01
 56016  95.62  33.85  4179    0.3
 56034  97.13  33.80  4415   0.01
 56109  93.78  31.48  3940    1.1
 56181 103.70  30.68   541    0.1
 56183 103.62  31.50  1370   0.01
 56184 103.17  31.43  1896   0.01
 56186 104.20  31.33   589    0.7
 56197 104.17  31.15   535    0.4
 56272 103.88  30.82   558   0.01
 56273 102.82  30.39  1022   0.01
 56276 103.82  30.45   467    0.1
 56278 102.77  30.07   755    1.4
 56279 102.93  30.15   682    0.1
 56280 103.12  30.08   691    0.5
 56281 103.50  30.18   510    0.5
 56285 103.52  30.60   523    0.2
 56288 103.92  30.58   494   0.01
 56289 103.87  30.20   437    0.1
 56297 104.15  30.02   436   0.01
 56298 104.60  30.13   417   0.01
 56317  94.22  29.22  2950    2.9
 56373 102.85  29.78   763    0.7
 56380 103.35  29.88   571    0.3
 56381 103.50  30.07   630    0.2
 56382 103.55  29.75   475    0.1
 56384 103.48  29.60   446   0.01
 56389 103.95  29.20   387    0.1
 56391 103.82  30.08   415    0.1
 56394 104.43  29.45   384    0.1
 56395 104.67  29.52   351   0.01
 56396 104.77  29.35   352   0.01
 56480 103.53  28.82   564    0.1
 56483 103.95  28.58   496   0.01
 56490 103.90  28.95   424    0.3
 56491 104.57  28.70   287    0.4
 56493 104.97  28.85   292    0.5
 56494 104.33  28.84   386    0.1
 56496 105.23  28.32   358    0.4
 56498 104.50  28.15   549    0.4
 56499 104.78  28.38   368    0.9
 56593 104.92  28.58   279    0.3
 56641  98.87  26.90  1189    5.5
 56645  99.42  26.42  2344   0.01
 56654 100.18  26.58  2195   0.01
 56742  99.37  25.90  1658    0.1
 56746  99.52  25.47  1616    0.3
 56835  97.82  24.07   959    0.5
 56836  97.95  24.70   826    4.6
 56839  98.82  23.77   995   0.01
 56840  98.30  24.82  1012    6.4
 56841  98.68  24.60  1528    1.1
 56842  99.18  24.73  1471    0.2
 56843  99.62  24.83  1650    0.8
 56844  98.58  24.43   913    1.1
 56846  99.93  24.58  1569    1.3
 56849  99.23  24.03  1606    0.5
 56851 100.53  25.04  1377   0.01
 56854 100.13  24.45  1108   0.01
 56867 101.12  23.98  1105    0.2
 57032 108.20  34.13   436   0.01
 57038 108.45  34.28   410   0.01
 57039 108.88  34.08   445   0.01
 57044 109.23  34.40   424    0.1
 57045 109.48  34.52   349   0.01
 57047 109.32  34.17   540    0.1
 57054 110.23  34.55   556    0.2
 57055 110.13  34.59   342    0.3
 57056 110.86  34.54   484    0.2
 57057 110.15  34.10   963    0.3
 57063 111.77  34.77   523    1.5
 57065 112.13  34.55   317    1.3
 57066 111.67  34.40   408    2.0
 57070 112.12  34.73   364    1.4
 57072 112.75  34.92   127    1.1
 57074 112.40  34.42   252    0.5
 57075 112.87  34.17   203    1.8
 57076 112.78  34.73   189    1.0
 57078 112.47  34.15   336    2.4
 57079 113.03  34.95   106    0.8
 57080 112.97  34.73   165    0.9
 57081 113.43  34.80   140    0.3
 57082 113.02  34.47   427    0.6
 57084 113.05  34.49  1178    2.1
 57085 113.33  34.53   259    0.3
 57086 113.72  34.38   116    0.5
 57087 113.73  34.27   104    0.5
 57088 113.50  34.19   146    0.6
 57090 113.97  34.72    78    0.1
 57093 114.82  34.85    73   0.01
 57094 114.22  34.40    67    0.2
 57095 114.15  34.12    61    2.3
 57096 114.78  34.53    59    0.1
 57098 114.40  34.08    58    1.0
 57099 114.85  34.07    52    1.0
 57119 106.70  33.17   548   0.01
 57126 107.55  33.22   468   0.01
 57128 107.33  33.17   486   0.01
 57129 107.72  32.98   446   0.01
 57132 108.58  34.13   411   0.01
 57137 108.32  33.32   802    0.1
 57155 109.87  33.55   660   0.01
 57162 112.07  34.13   440    4.2
 57169 111.87  33.05   159    9.5
 57173 112.88  33.75   145    2.3
 57175 112.23  33.05   191    9.4
 57176 112.42  33.48   231    4.4
 57177 113.53  33.33    89    5.4
 57179 113.00  33.28   160    7.7
 57180 113.20  33.98   117    1.5
 57182 113.52  33.85    80    3.0
 57183 113.92  33.80    60    2.9
 57184 113.30  33.63    97    3.5
 57185 113.58  33.45    91    5.4
 57186 114.05  33.60    58    2.9
 57187 112.93  33.07   118    6.5
 57188 114.03  33.37    55    3.9
 57189 113.95  33.13    64    2.7
 57190 114.40  33.75    50    1.9
 57191 114.47  34.51    64   0.01
 57194 114.27  33.28    59    1.6
 57195 114.62  33.62    46    1.6
 57196 114.87  33.47    42    1.8
 57197 114.35  32.97    50    0.1
 57198 114.57  33.50    44    1.5
 57216 106.83  32.35   579   0.01
 57231 108.53  32.53   503    0.4
 57233 108.50  32.90   413   0.01
 57242 109.37  32.85   285    1.0
 57247 108.90  32.32   438    0.6
 57248 109.33  32.40   431    2.5
 57249 109.68  32.32   448    2.8
 57253 110.82  32.85   201    6.8
 57254 110.12  32.82   322    3.5
 57257 110.23  32.23   307    7.1
 57260 111.52  32.57   133    5.1
 57261 111.52  33.12   233    7.9
 57268 111.62  32.27   120    3.7
 57271 112.38  32.52    87    8.1
 57273 112.85  32.68   109    3.0
 57274 112.12  32.70   107    6.8
 57281 113.30  32.70   142    2.6
 57292 114.63  32.97    44    0.1
 57293 114.98  32.73    38    0.8
 57294 114.02  32.83    83    0.3
 57295 114.35  32.62    78    0.2
 57296 114.73  32.35    48    2.7
 57298 114.55  32.22    55    3.7
 57299 114.90  32.02    49    6.1
 57315 106.40  31.53   655    1.6
 57317 106.42  31.03   324    2.5
 57318 106.55  31.07   338    3.6
 57320 107.22  31.93   482    0.2
 57324 107.08  31.58   364    3.3
 57326 107.72  31.37   389    0.4
 57329 107.85  31.10   467    9.2
 57333 108.67  31.95   798    1.9
 57338 108.42  31.18   216    4.1
 57339 108.68  30.95   297    4.4
 57345 109.62  31.40   337    6.9
 57349 109.86  31.08   606    8.2
 57361 111.27  31.88   327    2.2
 57362 110.67  31.75   935    3.2
 57363 111.83  31.80   151    1.7
 57368 111.63  31.05   141    1.9
 57370 112.22  31.73    67    3.0
 57377 112.22  31.00   191    3.2
 57385 113.82  31.62    93    6.4
 57386 114.00  31.25    51    7.0
 57387 113.13  31.00    84    3.6
 57388 113.71  31.27    53    3.5
 57389 113.75  31.03    32    4.3
 57390 114.07  31.80   733    5.2
 57396 114.85  31.63   128    8.1
 57398 114.62  31.28    74   10.7
 57409 105.80  30.18   297   0.01
 57413 106.97  30.85   295    4.4
 57414 106.45  30.52   403    0.5
 57415 106.63  30.53   394    0.8
 57416 106.93  30.33   391    4.4
 57417 106.28  30.35   315   0.01
 57420 107.19  30.75   418   13.4
 57425 107.33  30.33   433    7.7
 57431 108.35  30.83   257    7.3
 57437 108.03  30.30   325    8.1
 57438 108.12  29.98   632    5.7
 57453 111.32  30.77   115    0.3
 57460 111.78  30.82    91    2.2
 57462 111.08  30.87   139    2.6
 57464 111.18  30.47   142    1.2
 57465 111.45  30.38    74    0.9
 57466 111.75  30.43    50    2.8
 57469 111.77  30.18    69    5.5
 57475 112.90  30.40    31   12.1
 57477 112.22  30.07    38   14.1
 57481 113.57  30.95    30    3.0
 57485 113.47  30.28    23   16.8
 57486 113.85  30.65    25   12.5
 57489 114.01  30.52    23   21.1
 57491 114.40  30.87    31   14.5
 57492 114.84  30.84    40   32.9
 57495 114.88  30.67    28   20.1
 57496 114.87  30.37    31   18.0
 57498 114.94  30.52    26   16.6
 57499 114.88  30.07    40   26.5
 57505 105.58  29.42   338   0.01
 57506 105.90  29.37   353   0.01
 57507 105.30  29.33   385    0.2
 57508 105.37  29.15   301    0.4
 57509 106.92  28.99   599    2.4
 57511 106.45  29.85   240    0.3
 57513 106.62  29.73   464    1.6
 57514 106.22  29.58   331    0.8
 57518 106.50  29.33   506    4.7
 57519 107.11  29.16   698    0.3
 57522 107.27  29.74   372    2.5
 57525 107.75  29.32   277    0.3
 57537 108.17  29.30   322   0.01
 57540 109.15  29.68   776    1.5
 57541 109.48  30.00   532    4.0
 57543 110.03  29.90   539    1.7
 57544 109.45  29.47   488   0.01
 57558 110.47  29.13   183    3.5
 57564 111.13  29.43   103    6.0
 57565 111.73  29.67    38    2.5
 57566 111.65  29.45    51    3.2
 57571 112.40  29.70    35    4.4
 57575 112.55  29.52    31    1.5
 57577 112.17  29.40    36    1.2
 57582 113.88  29.72    46    7.3
 57585 113.45  29.48    60    6.4
 57586 114.03  29.53    78    1.6
 57589 113.87  29.27   146    3.7
 57590 114.37  29.85    98   24.2
 57596 114.20  29.63   751    5.2
 57600 105.06  28.71   420    2.2
 57603 105.83  28.82   283    0.1
 57605 105.82  28.03   537   0.01
 57609 105.70  28.58   317    0.2
 57623 107.60  28.88   685    0.4
 57634 107.88  28.52   660    0.2
 57635 108.98  28.45   363    2.0
 57636 108.50  28.57   334   0.01
 57637 108.10  28.25   629   0.01
 57640 109.45  28.58   341    1.9
 57643 109.83  29.00   268    2.1
 57646 109.95  28.62   302    0.9
 57657 110.21  28.23   186    0.4
 57658 110.20  28.02   152   0.01
 57661 111.48  28.92    48    1.3
 57663 111.95  28.92    31    0.7
 57666 112.13  28.52    52    1.1
 57674 112.38  28.57    46    0.9
 57678 112.55  28.25    74    0.7
 57680 113.11  28.86    82    1.8
 57699 114.92  28.23    66    0.1
 57717 106.83  27.53   974   0.01
 57720 107.17  27.88   889   0.01
 57723 107.72  27.98   710   0.01
 57736 108.85  27.70   369    0.6
 57738 108.42  27.05   516   0.01
 57739 108.92  27.23   394   0.01
 57740 109.60  27.95   349    0.2
 57742 109.20  27.52   884    0.4
 57743 109.80  27.88   176    0.2
 57754 109.84  27.21   252   0.01
 57760 111.43  27.70   249   0.01
 57762 111.70  27.69   165   0.01
 57763 112.00  27.68   205    0.3
 57767 111.01  27.13   308   0.01
 57768 111.45  27.32   242    0.1
 57769 111.73  27.23   252    0.2
 57771 112.53  27.93    88   0.01
 57772 112.50  27.75    86   0.01
 57777 112.87  27.23    63   0.01
 57783 113.82  27.88   118   0.01
 57786 113.85  27.63   117   0.01
 57794 114.02  27.63   177   0.01
 57822 107.90  26.90   835   0.01
 57834 108.30  26.68   641   0.01
 57844 109.18  26.68   343   0.01
 57859 110.63  26.03   408   0.01
 57860 111.28  27.00   283   0.01
 57865 111.62  26.50   192    0.1
 57867 111.28  26.40   169   0.01
 57868 111.86  26.59   113   0.01
 57881 113.25  26.72   101   0.01
 58001 115.10  34.43    56    0.2
 58004 115.15  34.65    60    0.1
 58006 115.88  34.38    46   0.01
 58007 115.30  34.07    47    0.4
 58008 115.33  34.47    54    0.1
 58013 116.91  34.75    36   0.01
 58016 116.97  34.18    34    0.5
 58020 117.13  34.80    35   0.01
 58021 117.28  34.78    80   0.01
 58022 117.57  34.75    48   0.01
 58024 117.58  34.87    77   0.01
 58036 118.71  34.54    32   0.01
 58044 119.23  34.55     4   0.01
 58045 119.60  34.20     4   0.01
 58048 119.35  34.12     4   0.01
 58049 119.80  34.02     4    0.7
 58100 115.17  33.65    41    2.3
 58101 115.48  33.87    41    0.4
 58104 115.07  33.40    41    1.1
 58107 115.28  33.02    35    0.2
 58108 115.33  33.23    34    1.5
 58109 115.65  33.13    31    0.9
 58112 116.45  30.73   968   23.5
 58113 116.75  33.93    31    1.0
 58114 116.18  33.48    31    3.4
 58116 116.83  33.98    31    0.3
 58117 116.20  33.13    27    6.8
 58125 117.52  33.58    22    4.7
 58126 117.87  33.47    19    4.8
 58127 117.20  32.98    21    4.5
 58128 117.35  33.33    21    2.2
 58129 117.83  33.15    14    2.4
 58131 118.22  33.97    25    1.0
 58132 118.68  33.72    14    0.5
 58139 118.91  33.31    10    0.1
 58140 119.30  33.77     9    1.0
 58145 119.15  33.50     7    2.1
 58146 119.77  33.47     3    0.3
 58147 118.97  32.98    24    3.0
 58148 119.34  33.27     3    1.1
 58202 115.57  32.67    31    3.2
 58205 115.43  32.47    34    2.7
 58207 115.05  32.17    42    5.8
 58210 116.23  32.65    25    3.4
 58212 116.77  32.72    23    7.1
 58214 116.30  32.37    27    5.9
 58220 117.15  32.47    28    8.6
 58222 117.55  32.85    24    4.1
 58223 117.98  32.80    31    4.4
 58224 117.02  32.65    32    7.1
 58230 118.28  32.12    26   16.1
 58234 118.42  32.47    40    6.4
 58235 118.85  32.37    10    5.7
 58237 118.59  32.07    46   11.7
 58240 119.02  32.68    21    2.5
 58242 119.16  32.30    22    1.3
 58243 119.82  32.95     3    0.9
 58244 119.59  32.45     5    0.5
 58245 119.42  32.41     9    0.4
 58246 119.99  32.56     2    1.5
 58247 119.80  32.27     3    1.2
 58249 120.05  32.16     6    1.3
 58250 120.16  32.51     6    0.2
 58254 120.45  32.52     5    0.2
 58257 120.26  31.99     4    3.7
 58264 121.18  32.33     3    0.4
 58268 121.08  32.10     4    4.5
 58269 121.65  31.78     3    5.7
 58301 115.38  31.82    92    7.3
 58306 115.88  31.68    95   13.1
 58316 116.92  31.47    23   28.9
 58317 116.37  30.87   434   33.8
 58320 117.13  31.73    21   34.7
 58323 117.47  31.88    25   17.7
 58327 117.28  31.27    45   23.2
 58329 117.87  31.33     9    5.8
 58330 118.08  31.75    26   12.8
 58331 118.37  31.73    22   12.2
 58334 118.37  31.38     9   11.5
 58335 118.52  31.57    23   15.4
 58337 118.18  31.08    26   23.5
 58339 118.90  31.33    15   12.6
 58340 119.03  31.66    25    8.4
 58341 119.59  31.98     6    3.2
 58342 119.55  31.72     6    6.5
 58344 119.20  31.96    36    6.5
 58346 119.81  31.34    16   17.3
 58349 120.56  31.41     8   13.5
 58351 120.30  31.90     4    3.8
 58352 120.77  31.65     4   16.8
 58353 120.57  31.86    11    5.8
 58359 120.62  31.13     4    1.0
 58360 121.20  31.92     3    9.9
 58361 121.37  31.10     5    0.9
 58365 121.25  31.37     4    0.1
 58366 121.49  31.67     4    1.3
 58367 121.43  31.20     4    2.9
 58369 121.78  31.05     5    1.7
 58370 121.53  31.23     4    2.0
 58377 121.11  31.51     5   10.0
 58401 115.40  30.75   123   30.6
 58404 115.22  30.47    61   24.9
 58408 115.43  30.23    35   12.8
 58409 115.93  30.10    32    4.0
 58415 116.55  30.67    64   11.5
 58416 116.82  30.75    35   11.7
 58417 116.13  30.17    54    1.6
 58418 116.67  30.13    60    0.2
 58420 117.23  30.72    58    7.5
 58421 117.87  30.63    31   57.0
 58423 117.78  30.48   647    6.6
 58427 117.50  30.65    15   24.1
 58431 118.32  30.90    39   28.4
 58433 118.75  30.93    31   34.6
 58435 118.53  30.30   220   0.01
 58441 119.42  30.87    43    7.4
 58442 119.18  31.17    16   16.4
 58443 119.89  31.02    25   10.5
 58451 120.93  30.83     2   0.01
 58452 120.77  30.73     4    0.1
 58460 121.35  30.73     5    0.2
 58461 121.12  31.13     4    1.0
 58462 121.23  31.03     4    0.9
 58501 115.63  29.92    23    3.7
 58502 116.02  29.67    74    0.3
 58503 115.67  29.70    41    0.5
 58505 115.90  29.62    63    0.3
 58507 115.12  29.25   116   0.01
 58508 115.77  29.33    41   0.01
 58510 116.23  29.73    40    0.4
 58512 116.55  29.90    71   0.01
 58514 116.05  29.45    37   0.01
 58568 121.38  29.12    34    0.1
 58618 116.60  28.27    82    0.1
 58656 120.97  28.07    60   0.01
 58659 120.65  28.03    28    0.1
 58664 121.37  28.37    35   0.01
 58713 117.07  27.72   225    0.1
