diamond  3 2015年06月06日08点6小时降雨量                     
  15  06  06  08    -1 3 10 25 50 1 0
 39 122.7  37.3 122.5  36.7 120.8  36.2 119.3  35.0 120.4  34.3
 121.1  32.7 122.3  30.9 122.5  30.1 121.5  28.0 119.8  25.0
 116.1  22.6 111.0  21.0 111.0  18.6 109.6  18.1 108.3  18.5
 108.9  19.9 109.3  21.0 106.4  21.6 104.1  22.2 101.6  20.8
  98.7  22.0  97.1  24.1  97.7  27.0  91.7  26.6  85.7  27.7
  78.9  30.6  73.3  37.1  74.1  40.7  87.6  49.8  98.5  43.9
 110.4  44.3 122.0  54.7 135.7  48.3 131.5  42.2 125.2  39.4
 121.3  38.5 121.2  40.3 118.5  38.6 120.8  38.1
 1     160
 50137 122.37  53.47   296    1.2
 50431 121.52  50.78   717    3.7
 50645 124.48  48.48   195    1.6
 50646 124.85  48.48   202    0.1
 50647 123.48  48.13   236   18.2
 50741 123.50  47.93   185   22.1
 50833 122.90  46.72   187    3.3
 50842 124.42  46.83   145    0.5
 50850 125.13  46.57   147    2.5
 50858 125.81  46.02   159    1.8
 50940 123.17  45.85   141    0.1
 50946 124.83  45.18   139    7.7
 50954 125.08  45.50   127   17.5
 51357  85.62  44.33   522    0.3
 51359  86.20  44.32   471    0.1
 51368  87.32  44.12   515    1.0
 51378  89.17  44.00   742    0.1
 54047 123.28  44.13   145    0.5
 54065 125.65  44.53   169   10.9
 54154 124.30  43.35   160    0.1
 54155 124.23  43.67   144    3.3
 54156 124.80  43.52   200    1.4
 54231 122.35  42.97   248    0.1
 54234 121.75  42.73   297    0.1
 54245 123.40  42.50    97    0.5
 54248 123.53  42.03    61    2.5
 54249 123.87  42.30    85    2.2
 54252 124.75  42.73   196    0.9
 54261 125.47  42.67   345    0.4
 54274 125.99  42.69   306    0.1
 54313 118.70  41.93   733    0.1
 54318 117.73  41.32   561    0.1
 54319 118.67  41.00   502    6.5
 54320 119.30  41.60   544    0.1
 54321 119.63  41.87   661    1.7
 54323 120.78  41.82   253    0.2
 54325 120.35  41.18   183    6.7
 54327 119.35  41.23   417    2.8
 54328 119.72  41.08   296    6.9
 54330 121.33  41.13    45    5.9
 54331 121.75  41.60   113    1.0
 54332 122.72  41.52    12    0.5
 54336 122.42  41.42     8    3.0
 54338 121.95  41.28     3    6.5
 54340 123.32  41.67    35    0.7
 54345 123.07  41.20    30    2.1
 54347 123.17  41.23    24    2.0
 54348 123.37  41.41    45    1.5
 54362 125.73  41.67   380    0.1
 54412 116.63  40.73   331    0.1
 54420 117.33  40.93   529    0.8
 54425 117.47  40.40   633    0.1
 54430 118.21  40.78   330    9.6
 54432 118.47  40.61   369    0.1
 54453 120.96  40.87    38    1.4
 54541 119.23  39.90    24    0.1
 56016  95.62  33.85  4179    0.1
 56034  97.13  33.80  4415    0.8
 56045  99.90  33.97  4050    0.1
 56158 100.67  31.40  3250    0.6
 56164 100.98  32.27  3284    4.1
 56168 102.07  31.48  2168    8.6
 56171 101.70  32.90  3275    0.3
 56181 103.70  30.68   541    0.1
 56184 103.17  31.43  1896    4.3
 56185 102.98  32.08  2400    7.0
 56186 104.20  31.33   589    0.5
 56189 103.93  30.98   581    0.1
 56194 104.45  31.63   597    0.1
 56197 104.17  31.15   535    0.2
 56228  96.92  30.05  3260    1.1
 56276 103.82  30.45   467    0.4
 56285 103.52  30.60   523    0.1
 56317  94.22  29.22  2950    7.7
 56378 102.35  29.23   890    0.4
 56474 102.17  28.55  1774    0.7
 56478 102.43  28.30  1818    1.1
 56487 103.13  28.33  1943    0.3
 56585 103.56  27.19  1952    1.7
 56594 104.05  27.63   880    0.2
 56595 104.87  27.42  1645    2.5
 56596 105.05  27.85  1177    0.4
 56641  98.87  26.90  1189    0.6
 56673 102.92  26.92   893    0.1
 56675 102.58  26.65  1694    0.1
 56775 102.45  25.55  1750    0.1
 56785 103.08  25.36  1915    0.1
 56790 104.25  25.68  1925    0.1
 56835  97.82  24.07   959    4.6
 56836  97.95  24.70   826   20.0
 56840  98.30  24.82  1012   19.7
 56841  98.68  24.60  1528    0.3
 56844  98.58  24.43   913    1.1
 56872 102.62  24.95  2358    0.2
 56891 104.32  24.98  1482    0.8
 56944  99.27  23.15  1278    1.8
 56948  99.60  22.63  1155    2.2
 56949  99.60  22.32   945    4.3
 56958 100.47  21.96  1222   11.7
 56976 102.85  23.22   312    0.9
 56995 104.42  23.03  1332    0.5
 57401 105.37  30.87   383    0.2
 57708 105.60  27.15  1700    0.1
 57717 106.83  27.53   974    1.3
 57719 106.97  27.07  1275    0.4
 57807 105.47  26.21  1361    1.4
 57808 105.75  26.32  1274    0.9
 57809 105.75  26.07  1251    0.2
 57814 106.27  26.42  1298    0.1
 57900 105.22  25.83  1552    0.4
 57903 105.60  25.94  1142    0.4
 57905 105.61  25.40  1184    0.8
 57909 105.82  24.98   584    0.2
 58747 119.35  27.15   899    1.4
 58824 117.15  26.40   357    0.2
 58826 117.80  26.40   120    0.2
 58836 118.73  26.58   361    1.3
 58839 118.85  26.23    40    0.1
 58844 119.15  26.15    57    1.9
 58845 119.53  26.50    60    1.3
 58848 119.55  26.20    13    3.3
 58906 115.80  25.60   167    0.2
 58917 116.10  25.08   307    0.6
 58928 117.53  25.02   166    0.2
 58929 118.15  25.07    68    7.1
 58932 118.93  25.87    85    9.7
 58934 118.27  25.33   183   13.1
 58935 118.23  25.48   521    3.1
 58938 118.98  25.23    23    1.0
 58940 119.33  26.08    25    1.4
 58941 119.50  25.97    25    8.8
 58942 119.38  25.72    39    0.5
 58946 119.00  25.45    81    0.7
 59012 106.55  24.78   972    0.5
 59015 106.57  24.35   437    1.4
 59017 106.27  24.27   278    0.1
 59091 114.52  24.75   277    0.9
 59093 115.03  24.78   253    0.4
 59094 114.12  24.35   184    0.4
 59099 114.93  24.45   173    0.6
 59106 115.90  24.58   152    0.3
 59109 115.73  24.15   123    0.1
 59122 117.75  24.62    43    4.1
 59127 117.83  24.43    32    0.2
 59130 118.15  24.73    30    6.7
 59131 118.37  24.97    45    6.7
 59137 118.57  24.82    56   12.4
 59205 105.63  23.65   685    0.2
 59215 106.63  23.33   680    0.7
 59227 107.13  23.12   454    0.1
 59285 113.60  23.57    38    0.3
 59310 116.18  23.77    45    0.1
 59419 106.73  22.07   348    0.1
 59425 107.35  22.40   107    7.5
 59427 107.07  22.12   163    0.4
 59448 109.55  22.27    69    3.1
 59452 110.53  22.83   131    0.1
 59473 112.98  22.74    47    1.0
 59480 113.25  22.85    21    0.1
 59635 108.35  21.62    31    0.6
