diamond  3 2015年06月18日08点6小时降雨量                     
  15  06  18  08    -1 3 10 25 50 1 0
 39 122.7  37.3 122.5  36.7 120.8  36.2 119.3  35.0 120.4  34.3
 121.1  32.7 122.3  30.9 122.5  30.1 121.5  28.0 119.8  25.0
 116.1  22.6 111.0  21.0 111.0  18.6 109.6  18.1 108.3  18.5
 108.9  19.9 109.3  21.0 106.4  21.6 104.1  22.2 101.6  20.8
  98.7  22.0  97.1  24.1  97.7  27.0  91.7  26.6  85.7  27.7
  78.9  30.6  73.3  37.1  74.1  40.7  87.6  49.8  98.5  43.9
 110.4  44.3 122.0  54.7 135.7  48.3 131.5  42.2 125.2  39.4
 121.3  38.5 121.2  40.3 118.5  38.6 120.8  38.1
 1     357
 50524 119.43  49.32   576    3.9
 50525 119.75  49.15   620    2.8
 50526 120.70  49.28   668    0.7
 50566 128.47  49.55   116    0.1
 50645 124.48  48.48   195    1.9
 50646 124.85  48.48   202   16.7
 50647 123.48  48.13   236   10.6
 50655 126.18  48.50   266    1.6
 50659 126.25  48.03   291    0.6
 50741 123.50  47.93   185    6.6
 50749 124.83  47.18   154    0.2
 50750 125.30  47.90   226    5.4
 50755 126.07  47.62   249    1.8
 50772 129.23  48.10   288    0.3
 50775 130.20  47.34   182    0.6
 50832 122.08  46.72   332   11.3
 50833 122.90  46.72   187    0.3
 50842 124.42  46.83   145    3.6
 50850 125.13  46.57   147    0.3
 50913 118.83  45.72   865    4.5
 50924 119.65  45.55   860    8.9
 50928 120.33  45.07   628    5.6
 50934 121.58  45.38   311   43.1
 50937 121.48  45.06   282   41.4
 50939 122.82  45.33   150   14.3
 50940 123.17  45.85   141    5.7
 51357  85.62  44.33   522    0.3
 51436  83.30  43.45   928    0.5
 52515  94.87  39.52  2137    9.3
 53973 112.95  35.77   837    0.1
 54031 121.82  44.90   198   36.2
 54039 122.02  44.03   181    0.5
 54047 123.28  44.13   145    4.0
 54154 124.30  43.35   160    4.4
 54155 124.23  43.67   144    9.0
 54156 124.80  43.52   200    5.5
 54164 125.28  43.35   248    0.2
 54223 120.65  42.85   362    0.1
 54231 122.35  42.97   248    0.3
 54234 121.75  42.73   297    0.9
 54244 123.33  42.75   118    2.7
 54245 123.40  42.50    97    3.5
 54248 123.53  42.03    61    1.4
 54249 123.87  42.30    85    5.1
 54252 124.75  42.73   196    9.9
 54261 125.47  42.67   345    2.0
 54267 125.73  42.25   362    3.2
 54291 130.28  42.90    36    0.2
 54332 122.72  41.52    12    2.5
 54336 122.42  41.42     8    0.4
 54340 123.32  41.67    35    0.2
 54345 123.07  41.20    30    0.1
 54475 122.45  40.57    11    0.2
 54483 123.90  40.88   233    0.2
 54569 121.95  39.42    11    0.1
 54765 121.43  37.48    82    0.1
 54818 116.42  36.25    79    5.4
 54837 118.84  36.68    78    0.1
 54911 116.40  35.93    44    1.1
 54917 116.33  35.13    35    0.2
 54932 118.65  35.77   186    0.1
 54940 119.20  35.75   148    0.2
 56045  99.90  33.97  4050    0.8
 56147  98.83  31.22  3260    0.3
 56171 101.70  32.90  3275    0.1
 56185 102.98  32.08  2400    1.1
 56190 104.55  31.55   519    0.5
 56267 101.02  30.03  2600    4.9
 56296 104.43  30.85   448    0.1
 56297 104.15  30.02   436    0.1
 56317  94.22  29.22  2950    3.6
 56371 102.23  29.92  1321    0.1
 56376 102.63  29.33  1098    0.9
 56378 102.35  29.23   890    1.8
 56393 104.85  29.77   369    0.1
 56394 104.43  29.45   384    1.5
 56395 104.67  29.52   351    0.5
 56396 104.77  29.35   352   11.8
 56399 104.98  29.18   306    4.3
 56473 102.77  28.95  1060    0.2
 56474 102.17  28.55  1774    0.3
 56478 102.43  28.30  1818    0.6
 56483 103.95  28.58   496    0.2
 56487 103.13  28.33  1943    0.8
 56489 103.63  28.23   877    1.5
 56496 105.23  28.32   358    2.8
 56497 104.23  28.10   448    1.9
 56498 104.50  28.15   549    2.2
 56569 102.18  27.42  1380    5.5
 56575 102.55  27.37  1428    4.3
 56578 102.75  27.07   993   14.8
 56580 102.80  27.72  2460   12.6
 56582 103.90  27.75  1176    4.4
 56584 103.25  27.70  1093    6.7
 56585 103.56  27.19  1952   13.3
 56592 104.52  28.43   359    0.1
 56594 104.05  27.63   880    7.8
 56595 104.87  27.42  1645    2.7
 56596 105.05  27.85  1177    3.0
 56598 104.73  27.13  1535   12.1
 56670 102.12  26.92  1136    6.7
 56673 102.92  26.92   893   31.1
 56675 102.58  26.65  1694   31.1
 56844  98.58  24.43   913    0.2
 56846  99.93  24.58  1569    0.1
 56849  99.23  24.03  1606    0.2
 56854 100.13  24.45  1108    0.2
 56867 101.12  23.98  1105    0.1
 56948  99.60  22.63  1155   15.6
 56961 101.05  23.03  1336    0.1
 56987 103.23  22.78  1260    0.7
 57031 108.55  34.82  1012    0.1
 57063 111.77  34.77   523    0.1
 57303 105.92  31.73   459    0.6
 57304 105.17  31.67   516    0.9
 57309 105.88  30.98   378    0.4
 57314 106.07  31.35   405    0.3
 57368 111.63  31.05   141    0.2
 57401 105.37  30.87   383    2.7
 57402 105.70  30.77   394    0.7
 57413 106.97  30.85   295    1.1
 57414 106.45  30.52   403    0.7
 57415 106.63  30.53   394    0.3
 57416 106.93  30.33   391    0.3
 57417 106.28  30.35   315    0.1
 57420 107.19  30.75   418    0.1
 57438 108.12  29.98   632    1.9
 57495 114.88  30.67    28    0.1
 57496 114.87  30.37    31    0.2
 57498 114.94  30.52    26    0.2
 57505 105.58  29.42   338    1.0
 57506 105.90  29.37   353    0.6
 57507 105.30  29.33   385    2.1
 57508 105.37  29.15   301    1.0
 57509 106.92  28.99   599    0.1
 57511 106.45  29.85   240    4.8
 57513 106.62  29.73   464    2.1
 57514 106.22  29.58   331    0.6
 57518 106.50  29.33   506    3.7
 57537 108.17  29.30   322    5.8
 57540 109.15  29.68   776    0.1
 57544 109.45  29.47   488    0.1
 57565 111.73  29.67    38    0.1
 57577 112.17  29.40    36    0.1
 57582 113.88  29.72    46    0.8
 57589 113.87  29.27   146    1.3
 57596 114.20  29.63   751    1.0
 57603 105.83  28.82   283    0.4
 57605 105.82  28.03   537    0.4
 57635 108.98  28.45   363    0.3
 57637 108.10  28.25   629    1.8
 57643 109.83  29.00   268    0.1
 57658 110.20  28.02   152    0.2
 57666 112.13  28.52    52    2.2
 57674 112.38  28.57    46    8.3
 57678 112.55  28.25    74    2.4
 57680 113.11  28.86    82    0.4
 57688 113.63  28.16   101    2.7
 57694 114.38  28.53   259   11.0
 57698 114.45  28.12    98   18.2
 57699 114.92  28.23    66   27.8
 57708 105.60  27.15  1700    0.1
 57714 106.23  27.47   942    3.3
 57717 106.83  27.53   974    0.7
 57719 106.97  27.07  1275   11.0
 57720 107.17  27.88   889    2.6
 57723 107.72  27.98   710    6.5
 57728 107.47  27.07  1096   32.5
 57732 108.40  28.02   456    6.8
 57734 108.23  27.57   467   69.5
 57735 108.82  27.18   404    8.1
 57736 108.85  27.70   369   15.4
 57737 108.12  27.03   547   14.8
 57738 108.42  27.05   516   14.0
 57739 108.92  27.23   394   61.2
 57740 109.60  27.95   349    0.2
 57742 109.20  27.52   884    2.2
 57744 109.17  27.37   355    2.0
 57754 109.84  27.21   252    2.4
 57760 111.43  27.70   249   22.2
 57762 111.70  27.69   165   33.6
 57763 112.00  27.68   205   41.2
 57767 111.01  27.13   308    2.4
 57768 111.45  27.32   242   13.1
 57769 111.73  27.23   252    2.3
 57771 112.53  27.93    88    4.3
 57772 112.50  27.75    86    8.1
 57773 112.83  27.88    63    3.7
 57777 112.87  27.23    63    4.4
 57778 112.95  27.09    70    2.7
 57781 113.50  27.65    74   23.8
 57783 113.82  27.88   118   30.6
 57786 113.85  27.63   117   32.7
 57792 114.68  27.82    93   10.0
 57794 114.02  27.63   177   22.5
 57796 114.88  27.83   189   20.0
 57798 114.60  27.40    85    0.1
 57800 105.37  26.77  1457   13.6
 57807 105.47  26.21  1361   27.0
 57808 105.75  26.32  1274   25.8
 57809 105.75  26.07  1251   28.2
 57811 106.60  26.83  1296    9.1
 57813 106.47  26.57  1261   11.8
 57814 106.27  26.42  1298   17.9
 57818 106.45  26.03  1140   46.9
 57821 107.50  26.70   925   45.6
 57822 107.90  26.90   835   45.7
 57824 107.23  26.58  1001   23.4
 57828 107.58  26.50   983   54.4
 57829 107.80  26.20   963   35.8
 57834 108.30  26.68   641   29.0
 57835 108.43  26.72   527   24.6
 57837 108.07  26.40   839   55.5
 57842 109.72  26.88   281   15.5
 57844 109.18  26.68   343   23.4
 57846 110.15  26.58   310   13.2
 57859 110.63  26.03   408    0.3
 57860 111.28  27.00   283    1.8
 57868 111.86  26.59   113    1.4
 57871 112.37  26.98    90    0.1
 57900 105.22  25.83  1552   14.8
 57903 105.60  25.94  1142   60.5
 57905 105.61  25.40  1184    0.2
 57911 106.65  26.67  1323   11.8
 57913 106.98  26.45  1093   27.1
 57914 106.67  26.42  1149   13.7
 57915 106.77  26.63  1104   21.8
 57921 107.34  25.85   821   65.2
 57923 107.87  25.98   419   58.1
 57936 108.91  25.76   258    1.9
 58112 116.45  30.73   968    1.1
 58268 121.08  32.10     4    0.1
 58269 121.65  31.78     3    0.7
 58317 116.37  30.87   434    3.5
 58327 117.28  31.27    45    0.1
 58329 117.87  31.33     9    0.1
 58330 118.08  31.75    26    0.1
 58337 118.18  31.08    26    2.9
 58339 118.90  31.33    15    0.6
 58346 119.81  31.34    16    0.4
 58349 120.56  31.41     8    1.3
 58351 120.30  31.90     4    0.1
 58352 120.77  31.65     4    0.5
 58353 120.57  31.86    11    0.1
 58359 120.62  31.13     4    3.4
 58360 121.20  31.92     3    0.5
 58361 121.37  31.10     5    4.3
 58365 121.25  31.37     4    3.7
 58366 121.49  31.67     4    0.6
 58367 121.43  31.20     4    4.6
 58369 121.78  31.05     5    4.4
 58370 121.53  31.23     4    4.1
 58377 121.11  31.51     5    0.6
 58404 115.22  30.47    61    0.4
 58408 115.43  30.23    35    2.3
 58415 116.55  30.67    64    0.3
 58416 116.82  30.75    35    0.1
 58418 116.67  30.13    60    0.1
 58420 117.23  30.72    58    0.5
 58421 117.87  30.63    31    5.7
 58423 117.78  30.48   647    4.8
 58426 118.13  30.30   193    4.9
 58427 117.50  30.65    15    1.1
 58428 117.50  30.22   118    3.8
 58431 118.32  30.90    39    8.9
 58432 118.40  30.68    57    8.1
 58433 118.75  30.93    31   16.0
 58435 118.53  30.30   220   11.4
 58438 118.58  30.08   191    5.6
 58441 119.42  30.87    43    8.9
 58442 119.18  31.17    16    8.8
 58443 119.89  31.02    25    5.7
 58446 119.70  30.63    72    4.8
 58449 119.95  30.05    46   30.3
 58451 120.93  30.83     2   14.7
 58452 120.77  30.73     4   21.4
 58453 120.50  30.07     7   23.5
 58454 119.98  30.53   102   11.3
 58455 120.65  30.52     8   13.7
 58456 120.52  30.63     6   11.8
 58458 120.90  30.54     4   31.5
 58459 120.29  30.19    44   28.1
 58460 121.35  30.73     5    8.7
 58461 121.12  31.13     4    4.6
 58462 121.23  31.03     4    4.5
 58463 121.50  30.88     4    7.0
 58468 121.17  30.05     5    8.9
 58484 122.20  30.25    37   11.1
 58501 115.63  29.92    23    0.2
 58502 116.02  29.67    74    2.6
 58503 115.67  29.70    41    0.3
 58505 115.90  29.62    63    0.6
 58507 115.12  29.25   116   15.3
 58508 115.77  29.33    41    9.3
 58509 115.82  29.05    36    5.7
 58510 116.23  29.73    40    4.9
 58512 116.55  29.90    71    3.6
 58514 116.05  29.45    37    6.5
 58517 116.20  29.27    35   11.5
 58523 117.93  29.93   227    4.7
 58524 117.22  29.37    87    0.1
 58529 117.85  29.27   171   17.2
 58530 118.43  29.87   168    5.0
 58534 118.18  29.78   170   15.9
 58537 118.40  29.13   153   26.0
 58542 119.68  29.82    46   10.5
 58544 119.27  29.48    88   17.3
 58546 119.88  29.47   115   31.4
 58547 119.18  29.03    66   27.9
 58548 119.47  29.22    50   13.2
 58550 120.25  29.70    39    6.2
 58555 120.88  29.52   113   22.1
 58558 120.22  29.27    89   17.1
 58559 120.97  29.15   107   30.4
 58560 120.43  29.05   304   31.1
 58561 121.60  29.98     4   11.1
 58563 121.83  29.88     5   13.2
 58565 121.39  29.69    41   26.4
 58566 121.88  29.47     6   15.0
 58567 121.43  29.32    39   20.2
 58568 121.38  29.12    34   33.3
 58570 122.30  29.95    85   24.8
 58601 115.38  28.70    53   36.7
 58602 115.55  28.85    40   16.9
 58605 115.38  28.42    46   51.1
 58607 115.95  28.55    31   57.0
 58609 115.82  28.22    27   64.0
 58612 116.68  28.70    21   35.1
 58614 116.27  28.38    34   62.0
 58615 117.08  28.68    56   22.1
 58616 116.82  28.20    40   32.3
 58618 116.60  28.27    82   37.3
 58619 116.37  28.00    49   48.0
 58620 117.10  29.02    51   26.6
 58623 117.92  28.47    90   34.5
 58624 117.43  28.40    70   77.8
 58625 117.60  28.42    79   55.7
 58627 117.06  28.31    56   65.4
 58629 117.71  28.29   100   28.0
 58631 118.50  28.90   137   22.3
 58632 118.60  28.72   126   46.0
 58635 118.20  28.43    95   25.7
 58642 119.80  28.88   105   22.2
 58643 120.03  28.90   102   36.0
 58644 119.28  28.60   237   38.5
 58647 119.13  28.08   222   13.8
 58654 120.08  28.67   184   27.1
 58657 120.28  28.15    57    4.7
 58658 120.68  28.15    34    1.0
 58659 120.65  28.03    28    0.4
 58660 121.20  28.87     6   11.4
 58664 121.37  28.37    35    2.6
 58693 115.83  28.70    40   40.8
 58701 115.40  27.77    46    3.2
 58704 115.35  27.58   104    0.2
 58706 115.83  27.43   181    1.7
 58712 116.78  27.92   130   13.3
