diamond  3 2015年06月26日20点6小时降雨量                     
  15  06  26  20    -1 3 10 25 50 1 0
 39 122.7  37.3 122.5  36.7 120.8  36.2 119.3  35.0 120.4  34.3
 121.1  32.7 122.3  30.9 122.5  30.1 121.5  28.0 119.8  25.0
 116.1  22.6 111.0  21.0 111.0  18.6 109.6  18.1 108.3  18.5
 108.9  19.9 109.3  21.0 106.4  21.6 104.1  22.2 101.6  20.8
  98.7  22.0  97.1  24.1  97.7  27.0  91.7  26.6  85.7  27.7
  78.9  30.6  73.3  37.1  74.1  40.7  87.6  49.8  98.5  43.9
 110.4  44.3 122.0  54.7 135.7  48.3 131.5  42.2 125.2  39.4
 121.3  38.5 121.2  40.3 118.5  38.6 120.8  38.1
 1     475
 50775 130.20  47.34   182    0.1
 50778 132.53  47.67    57    5.2
 50787 131.84  47.31    62    0.9
 50867 127.35  46.08   134   0.01
 50884 131.15  46.63   175   0.01
 50954 125.08  45.50   127   21.2
 51328  80.42  44.20   770    0.6
 51329  80.85  44.05   640    1.0
 51430  81.15  43.83   602    0.3
 51434  81.53  43.97   770   0.01
 51435  82.23  43.47   774    0.5
 51436  83.30  43.45   928   0.01
 51438  81.77  43.18  1210    2.0
 51468  86.83  43.10  3539    1.4
 51627  79.23  41.22  1395    3.6
 51629  80.23  41.27  1132    2.6
 51636  82.65  41.55  1009    2.8
 51707  76.73  39.50  1208   0.01
 51717  76.78  39.25  1206    0.1
 51722  80.40  40.65  1044    7.9
 52745  99.02  37.30  3417   0.01
 52853 100.98  36.90  3010    0.2
 52869 101.58  36.50  2667   0.01
 52885 103.25  36.75  2118    0.1
 52957 100.60  35.25  3148    0.1
 52968 101.47  35.03  3662   0.01
 52978 102.49  35.19  2948    0.2
 53857 110.18  36.07   840   0.01
 53861 111.38  35.88   463    0.1
 53878 113.38  36.52   767   0.01
 53888 113.43  36.20  1089   0.01
 53916 106.32  35.50  1948    2.4
 53924 107.62  35.07   966    4.6
 53926 107.35  35.35  1028    0.3
 53927 106.62  35.20  1477    2.6
 53928 107.02  35.30  1149    1.5
 53931 109.37  36.00   984    0.4
 53935 108.40  35.49  1481    1.4
 53937 107.92  35.52   979    0.5
 53938 108.30  35.17  1277    6.4
 53941 109.58  35.18   804   10.1
 53944 109.25  35.57   863    5.2
 53945 109.07  35.43  1395    7.7
 53946 109.82  35.60  1091    7.5
 53947 109.07  35.08   978   13.6
 53949 109.92  35.18   679    8.9
 53950 110.15  35.23   708    8.3
 53953 110.85  35.97   965    0.2
 53954 110.97  35.62   433    1.7
 53956 110.83  35.40   588   11.9
 53957 110.72  35.62   459    2.0
 53958 110.78  35.17   435    4.5
 53961 111.48  35.65   472    0.6
 53962 111.70  35.73   584    0.7
 53964 111.22  35.62   430    1.1
 53965 111.57  35.52   761    2.9
 53967 111.20  35.33   468    5.0
 53970 112.20  35.70   887    0.9
 53972 112.90  35.05   117    2.6
 53976 112.87  35.50   752    2.8
 53978 112.63  35.08   140    3.9
 53979 113.08  35.15   120    2.8
 53982 113.27  35.23   112    3.1
 53983 114.42  35.03    69    2.7
 53984 113.47  35.23    82    3.7
 53987 113.36  35.11    94    2.9
 53988 113.67  35.27    77    3.2
 53989 113.98  35.08    75    2.3
 53994 114.07  35.38    70    0.2
 53997 114.18  35.15    71    3.4
 53998 114.65  35.20    61    1.0
 54047 123.28  44.13   145    0.3
 54065 125.65  44.53   169    7.0
 54092 129.40  44.60   292   40.0
 54093 130.55  44.93   266    0.3
 54098 129.47  44.33   267    1.3
 54113 118.65  43.53   621    0.1
 54204 115.00  42.30  1346    2.0
 54214 118.42  42.58   960    3.8
 54223 120.65  42.85   362    3.2
 54225 119.94  42.29   579    0.1
 54267 125.73  42.25   362    2.2
 54274 125.99  42.69   306    0.3
 54301 115.67  41.67  1412    1.9
 54304 115.27  40.95  1239    1.8
 54313 118.70  41.93   733   0.01
 54316 118.75  41.52   679    2.2
 54318 117.73  41.32   561   14.5
 54319 118.67  41.00   502    6.5
 54320 119.30  41.60   544    0.2
 54321 119.63  41.87   661    0.8
 54323 120.78  41.82   253    0.3
 54325 120.35  41.18   183    1.9
 54327 119.35  41.23   417    2.9
 54328 119.72  41.08   296    0.5
 54340 123.32  41.67    35   0.01
 54362 125.73  41.67   380    3.4
 54410 116.13  40.60  1224    8.0
 54412 116.63  40.73   331   26.9
 54419 116.63  40.37    75    5.3
 54420 117.33  40.93   529    1.0
 54421 117.12  40.65   293   0.01
 54424 117.12  40.17    32    1.0
 54425 117.47  40.40   633    1.9
 54428 117.40  40.03    15   0.01
 54430 118.21  40.78   330   16.5
 54432 118.47  40.61   369    3.6
 54434 118.33  40.17   131    2.3
 54437 118.62  39.51    18    0.1
 54438 118.88  39.88    65    0.6
 54439 118.72  40.02    50    3.3
 54483 123.90  40.88   233   24.1
 54494 124.07  40.47    72    1.6
 54499 116.22  40.22    76   28.7
 54531 118.72  39.73    43   0.01
 54535 118.47  39.29     3   0.01
 54540 119.20  39.73    17   0.01
 54541 119.23  39.90    24    0.1
 54590 124.17  39.88     4   28.5
 54844 119.18  36.42    62   0.01
 54848 119.42  35.98    82   0.01
 54906 115.42  35.25    49   0.01
 54907 116.65  34.98    34    0.4
 54908 115.10  35.27    57   0.01
 54927 117.20  35.10    74   0.01
 56034  97.13  33.80  4415    5.3
 56045  99.90  33.97  4050    0.2
 56171 101.70  32.90  3275   0.01
 56496 105.23  28.32   358   24.9
 56596 105.05  27.85  1177    5.7
 56645  99.42  26.42  2344    7.0
 56772 102.50  25.23  1692    1.5
 56781 103.27  25.55  1873    0.2
 56782 103.55  25.42  2067    0.1
 56785 103.08  25.36  1915    0.6
 56836  97.95  24.70   826    0.1
 56839  98.82  23.77   995    0.9
 56840  98.30  24.82  1012    0.1
 56841  98.68  24.60  1528   29.5
 56842  99.18  24.73  1471    0.7
 56844  98.58  24.43   913   0.01
 56870 102.18  24.66  1600    0.3
 56876 102.77  24.28  1731    0.2
 56879 102.91  24.19  1702   0.01
 56944  99.27  23.15  1278   12.9
 56948  99.60  22.63  1155   14.7
 56949  99.60  22.32   945    3.6
 56950  99.80  23.47  1044    1.3
 56952 100.70  23.50   913   0.01
 56958 100.47  21.96  1222   0.01
 56970 102.48  23.70  1419   0.01
 56978 102.42  23.00  1642    0.7
 56987 103.23  22.78  1260    2.6
 56992 104.70  23.45  1507    7.9
 56995 104.42  23.03  1332    0.3
 57003 106.83  34.90   924    5.8
 57011 106.15  34.75  1378    0.1
 57016 107.13  34.35   612    8.3
 57020 107.40  34.37   563    6.0
 57021 107.13  34.65   751    7.2
 57022 107.78  34.68  1026    6.6
 57023 108.11  35.02   919    5.8
 57024 107.65  34.45   669    9.0
 57026 107.88  34.37   585   10.1
 57027 107.73  34.27   517    8.6
 57029 108.48  34.50   543    4.7
 57031 108.55  34.82  1012   10.3
 57032 108.20  34.13   436   10.7
 57033 108.82  34.55   428    7.1
 57035 108.23  34.55   636   10.2
 57038 108.45  34.28   410    5.3
 57039 108.88  34.08   445    5.0
 57040 109.08  34.52   377    5.9
 57041 108.92  34.63   424   11.5
 57042 109.18  34.78   470   16.9
 57043 109.97  34.80   351    4.5
 57044 109.23  34.40   424    5.2
 57045 109.48  34.52   349    5.1
 57047 109.32  34.17   540    5.4
 57053 110.72  34.70   505    4.0
 57054 110.23  34.55   556    4.7
 57055 110.13  34.59   342    2.5
 57056 110.86  34.54   484    4.2
 57057 110.15  34.10   963    4.7
 57060 111.23  35.17   402    3.1
 57061 111.20  34.83   410    3.4
 57063 111.77  34.77   523    2.7
 57065 112.13  34.55   317    2.6
 57066 111.67  34.40   408    2.7
 57070 112.12  34.73   364    1.1
 57072 112.75  34.92   127    3.0
 57074 112.40  34.42   252    5.2
 57075 112.87  34.17   203    5.3
 57076 112.78  34.73   189    1.8
 57078 112.47  34.15   336    5.5
 57079 113.03  34.95   106    2.0
 57080 112.97  34.73   165    2.6
 57081 113.43  34.80   140    0.9
 57082 113.02  34.47   427    2.8
 57084 113.05  34.49  1178    2.6
 57085 113.33  34.53   259    1.0
 57086 113.72  34.38   116    1.2
 57087 113.73  34.27   104    0.8
 57088 113.50  34.19   146    2.3
 57090 113.97  34.72    78    0.8
 57093 114.82  34.85    73    0.7
 57094 114.22  34.40    67   0.01
 57095 114.15  34.12    61    0.3
 57096 114.78  34.53    59    0.1
 57098 114.40  34.08    58   0.01
 57099 114.85  34.07    52    0.1
 57102 105.72  33.75   970   0.01
 57105 105.60  33.33  1221   0.01
 57110 106.08  33.78   930    0.5
 57111 106.30  33.92   961    1.5
 57113 106.55  33.93   984    2.3
 57119 106.70  33.17   548   10.7
 57123 108.07  34.28   506   12.2
 57126 107.55  33.22   468    0.1
 57128 107.33  33.17   486    0.9
 57129 107.72  32.98   446    0.5
 57132 108.58  34.13   411    8.5
 57137 108.32  33.32   802    0.1
 57140 109.12  33.67   818    5.0
 57153 110.33  33.70   639    0.6
 57155 109.87  33.55   660    0.1
 57162 112.07  34.13   440    5.1
 57173 112.88  33.75   145    5.8
 57176 112.42  33.48   231   0.01
 57177 113.53  33.33    89    0.1
 57179 113.00  33.28   160    0.3
 57180 113.20  33.98   117   13.3
 57182 113.52  33.85    80    6.6
 57183 113.92  33.80    60   13.4
 57184 113.30  33.63    97    2.0
 57185 113.58  33.45    91   0.01
 57186 114.05  33.60    58    0.8
 57187 112.93  33.07   118    0.4
 57189 113.95  33.13    64    0.2
 57190 114.40  33.75    50    4.3
 57192 114.85  33.73    45    1.9
 57194 114.27  33.28    59    2.7
 57195 114.62  33.62    46    0.5
 57196 114.87  33.47    42    6.9
 57197 114.35  32.97    50    0.2
 57198 114.57  33.50    44    0.5
 57208 105.52  32.28   544    1.9
 57213 106.93  33.00   536    1.8
 57217 106.28  32.23   485   0.01
 57249 109.68  32.32   448    0.2
 57254 110.12  32.82   322   0.01
 57257 110.23  32.23   307    1.1
 57268 111.62  32.27   120    0.1
 57271 112.38  32.52    87   0.01
 57273 112.85  32.68   109    0.5
 57281 113.30  32.70   142    0.9
 57292 114.63  32.97    44   0.01
 57293 114.98  32.73    38    0.1
 57294 114.02  32.83    83   0.01
 57295 114.35  32.62    78    1.0
 57296 114.73  32.35    48    0.1
 57299 114.90  32.02    49    1.9
 57315 106.40  31.53   655    0.1
 57317 106.42  31.03   324    0.1
 57318 106.55  31.07   338    2.8
 57320 107.22  31.93   482   0.01
 57326 107.72  31.37   389    4.1
 57329 107.85  31.10   467    2.9
 57345 109.62  31.40   337    1.0
 57361 111.27  31.88   327    0.5
 57362 110.67  31.75   935   0.01
 57363 111.83  31.80   151    0.9
 57370 112.22  31.73    67   0.01
 57385 113.82  31.62    93    0.1
 57386 114.00  31.25    51    0.2
 57388 113.71  31.27    53   0.01
 57390 114.07  31.80   733   0.01
 57396 114.85  31.63   128   0.01
 57417 106.28  30.35   315   0.01
 57466 111.75  30.43    50    0.3
 57469 111.77  30.18    69    2.3
 57475 112.90  30.40    31    3.2
 57485 113.47  30.28    23    0.2
 57499 114.88  30.07    40   10.7
 57537 108.17  29.30   322   0.01
 57540 109.15  29.68   776    1.5
 57541 109.48  30.00   532    0.5
 57543 110.03  29.90   539    1.8
 57566 111.65  29.45    51   0.01
 57634 107.88  28.52   660   0.01
 57646 109.95  28.62   302    0.1
 57663 111.95  28.92    31    0.9
 57674 112.38  28.57    46   0.01
 57734 108.23  27.57   467   0.01
 57736 108.85  27.70   369    0.3
 57792 114.68  27.82    93    0.2
 57796 114.88  27.83   189    0.6
 57807 105.47  26.21  1361    1.2
 57818 106.45  26.03  1140   0.01
 57828 107.58  26.50   983    0.1
 57829 107.80  26.20   963    0.1
 57844 109.18  26.68   343   0.01
 57941 109.60  25.78   197    4.4
 57948 109.25  25.08   122    1.7
 57954 110.18  25.23   157    0.5
 57956 110.32  25.42   167    1.0
 58001 115.10  34.43    56   0.01
 58002 115.58  34.85    49    0.2
 58003 115.88  34.95    45    0.6
 58008 115.33  34.47    54    0.1
 58011 116.07  34.80    46    0.1
 58012 116.66  34.67    42   0.01
 58013 116.91  34.75    36   0.01
 58020 117.13  34.80    35   0.01
 58021 117.28  34.78    80   0.01
 58024 117.58  34.87    77   0.01
 58100 115.17  33.65    41    3.1
 58101 115.48  33.87    41   0.01
 58104 115.07  33.40    41    6.4
 58107 115.28  33.02    35    2.4
 58108 115.33  33.23    34    4.3
 58109 115.65  33.13    31    7.6
 58112 116.45  30.73   968   32.2
 58114 116.18  33.48    31    0.8
 58117 116.20  33.13    27    3.6
 58127 117.20  32.98    21    0.5
 58148 119.34  33.27     3   0.01
 58202 115.57  32.67    31    1.1
 58205 115.43  32.47    34    0.2
 58207 115.05  32.17    42    0.8
 58210 116.23  32.65    25    6.5
 58212 116.77  32.72    23   11.0
 58214 116.30  32.37    27    0.2
 58220 117.15  32.47    28    2.7
 58223 117.98  32.80    31   0.01
 58224 117.02  32.65    32   12.8
 58230 118.28  32.12    26    3.5
 58234 118.42  32.47    40    0.5
 58235 118.85  32.37    10    0.5
 58237 118.59  32.07    46   12.6
 58240 119.02  32.68    21    1.0
 58242 119.16  32.30    22    0.9
 58244 119.59  32.45     5   0.01
 58245 119.42  32.41     9    1.9
 58247 119.80  32.27     3   0.01
 58249 120.05  32.16     6   0.01
 58257 120.26  31.99     4    9.7
 58269 121.65  31.78     3   0.01
 58301 115.38  31.82    92    0.3
 58306 115.88  31.68    95    1.7
 58317 116.37  30.87   434    8.2
 58320 117.13  31.73    21    6.9
 58323 117.47  31.88    25   10.7
 58327 117.28  31.27    45    0.7
 58329 117.87  31.33     9    1.6
 58330 118.08  31.75    26   13.5
 58331 118.37  31.73    22    7.8
 58334 118.37  31.38     9    7.6
 58335 118.52  31.57    23    7.9
 58337 118.18  31.08    26    1.8
 58339 118.90  31.33    15   37.5
 58340 119.03  31.66    25    3.3
 58341 119.59  31.98     6   29.7
 58342 119.55  31.72     6    3.8
 58344 119.20  31.96    36   14.0
 58346 119.81  31.34    16    5.9
 58349 120.56  31.41     8    1.2
 58351 120.30  31.90     4    4.3
 58352 120.77  31.65     4    0.9
 58353 120.57  31.86    11    3.1
 58359 120.62  31.13     4    6.9
 58360 121.20  31.92     3    1.4
 58361 121.37  31.10     5    8.0
 58365 121.25  31.37     4    0.9
 58366 121.49  31.67     4    1.5
 58367 121.43  31.20     4    4.2
 58369 121.78  31.05     5   13.8
 58370 121.53  31.23     4    3.4
 58377 121.11  31.51     5    0.5
 58401 115.40  30.75   123    6.5
 58404 115.22  30.47    61    3.3
 58408 115.43  30.23    35    5.1
 58409 115.93  30.10    32    6.0
 58415 116.55  30.67    64    6.0
 58416 116.82  30.75    35   11.2
 58417 116.13  30.17    54    7.0
 58418 116.67  30.13    60    4.9
 58420 117.23  30.72    58    0.1
 58421 117.87  30.63    31    1.1
 58423 117.78  30.48   647    7.4
 58426 118.13  30.30   193    7.5
 58427 117.50  30.65    15   11.3
 58428 117.50  30.22   118    0.9
 58431 118.32  30.90    39    4.1
 58432 118.40  30.68    57    6.9
 58433 118.75  30.93    31   22.2
 58438 118.58  30.08   191    2.2
 58441 119.42  30.87    43    6.2
 58442 119.18  31.17    16    6.4
 58443 119.89  31.02    25    5.7
 58446 119.70  30.63    72    2.5
 58449 119.95  30.05    46    1.7
 58451 120.93  30.83     2    6.5
 58452 120.77  30.73     4    3.9
 58453 120.50  30.07     7    0.2
 58454 119.98  30.53   102    0.4
 58455 120.65  30.52     8   14.1
 58456 120.52  30.63     6   15.6
 58458 120.90  30.54     4    9.1
 58459 120.29  30.19    44   0.01
 58460 121.35  30.73     5   11.4
 58461 121.12  31.13     4    3.6
 58462 121.23  31.03     4    7.6
 58463 121.50  30.88     4   12.4
 58468 121.17  30.05     5    3.0
 58484 122.20  30.25    37    1.0
 58502 116.02  29.67    74    0.1
 58503 115.67  29.70    41    0.4
 58505 115.90  29.62    63    0.9
 58508 115.77  29.33    41    1.5
 58509 115.82  29.05    36   0.01
 58510 116.23  29.73    40   0.01
 58512 116.55  29.90    71    1.8
 58514 116.05  29.45    37   0.01
 58523 117.93  29.93   227    0.4
 58529 117.85  29.27   171   0.01
 58537 118.40  29.13   153    0.1
 58544 119.27  29.48    88    7.3
 58546 119.88  29.47   115    4.2
 58550 120.25  29.70    39    6.9
 58559 120.97  29.15   107    7.7
 58560 120.43  29.05   304    7.6
 58561 121.60  29.98     4    1.5
 58563 121.83  29.88     5    6.3
 58565 121.39  29.69    41   0.01
 58566 121.88  29.47     6    5.8
 58567 121.43  29.32    39    9.8
 58568 121.38  29.12    34   20.1
 58570 122.30  29.95    85    0.5
 58601 115.38  28.70    53    6.2
 58602 115.55  28.85    40    3.9
 58643 120.03  28.90   102    0.9
 58644 119.28  28.60   237   0.01
 58821 117.47  26.73   173   0.01
 58906 115.80  25.60   167   0.01
 58917 116.10  25.08   307    0.2
 58923 117.83  25.70   400    1.5
 58928 117.53  25.02   166   0.01
 58935 118.23  25.48   521    0.4
 59001 105.33  24.78   672    2.0
 59004 105.10  24.50   725   10.4
 59015 106.57  24.35   437   0.01
 59022 107.55  24.98   749   0.01
 59025 107.38  24.53   248   0.01
 59033 108.90  24.78   328    1.0
 59038 108.65  24.07   138    0.5
 59061 111.27  24.82   193   0.01
 59064 111.32  24.55   136   0.01
 59074 112.15  24.57   300    1.4
 59075 112.63  24.48    70   0.01
 59106 115.90  24.58   152   0.01
 59127 117.83  24.43    32    9.4
 59129 117.60  24.13    53    1.7
 59130 118.15  24.73    30    2.4
 59131 118.37  24.97    45   0.01
 59215 106.63  23.33   680    0.2
 59237 108.28  23.17   111    3.8
 59255 110.38  23.55    32    2.6
 59256 110.90  23.37   105    1.1
 59310 116.18  23.77    45    0.1
 59312 116.70  23.67    60    0.5
 59315 116.40  23.59    43    1.5
 59426 107.92  22.62   146    4.9
 59427 107.07  22.12   163   0.01
 59480 113.25  22.85    21   0.01
