diamond  3 2015年06月01日20点6小时降雨量                     
  15  06  01  20    -1 3 10 25 50 1 0
 39 122.7  37.3 122.5  36.7 120.8  36.2 119.3  35.0 120.4  34.3
 121.1  32.7 122.3  30.9 122.5  30.1 121.5  28.0 119.8  25.0
 116.1  22.6 111.0  21.0 111.0  18.6 109.6  18.1 108.3  18.5
 108.9  19.9 109.3  21.0 106.4  21.6 104.1  22.2 101.6  20.8
  98.7  22.0  97.1  24.1  97.7  27.0  91.7  26.6  85.7  27.7
  78.9  30.6  73.3  37.1  74.1  40.7  87.6  49.8  98.5  43.9
 110.4  44.3 122.0  54.7 135.7  48.3 131.5  42.2 125.2  39.4
 121.3  38.5 121.2  40.3 118.5  38.6 120.8  38.1
 1     475
 50431 121.52  50.78   717    0.1
 50445 123.73  50.58   423    0.1
 50524 119.43  49.32   576    1.6
 50525 119.75  49.15   620    3.0
 50674 129.43  48.57   404    0.5
 50772 129.23  48.10   288   0.01
 50775 130.20  47.34   182    1.0
 50776 130.83  47.57    83    0.1
 50779 134.28  48.37    40    0.6
 50878 130.72  47.00    78    6.4
 50879 130.55  46.22   187   43.3
 50880 131.12  46.73   102   15.9
 50884 131.15  46.63   175   10.9
 50892 134.00  46.80    54    5.2
 50971 131.02  45.77   223    3.0
 51356  86.05  44.32   442    1.0
 51357  85.62  44.33   522    0.3
 51359  86.20  44.32   471    0.8
 51368  87.32  44.12   515    1.7
 51369  87.65  43.97   600    5.7
 51377  87.92  44.17   547    6.4
 51378  89.17  44.00   742    4.4
 51434  81.53  43.97   770    1.2
 51435  82.23  43.47   774    1.1
 51436  83.30  43.45   928    8.6
 51438  81.77  43.18  1210    4.9
 51465  87.10  43.48  1871    4.5
 51468  86.83  43.10  3539    3.1
 51482  90.28  43.83  1271    3.4
 51559  86.40  42.32  1100    8.7
 51568  86.80  42.25  1085    6.1
 51747  83.67  39.00  1099    0.2
 52656 100.82  38.43  2281   0.01
 52745  99.02  37.30  3417   0.01
 52855 101.25  36.68  2675   0.01
 52968 101.47  35.03  3662    0.4
 52978 102.49  35.19  2948    0.1
 53466 111.70  40.75  1045   0.01
 53492 114.15  40.10   937   0.01
 53596 115.13  38.85    52   0.01
 53666 111.93  38.35  1212    1.0
 53669 111.80  38.08  1150   0.01
 53674 112.70  38.40   869   0.01
 53677 112.48  37.93   806    0.4
 53680 114.38  38.30   108   0.01
 53681 113.37  38.83  1096    0.2
 53688 114.55  38.42   100   0.01
 53693 114.13  38.03   255    0.1
 53763 112.17  37.92  1006    1.1
 53780 113.15  37.91  1066    0.3
 53857 110.18  36.07   840    0.1
 53864 111.10  36.40  1030    1.2
 53866 111.67  36.23   462    0.6
 53874 111.90  36.25   648    0.8
 53875 112.35  36.52  1000    0.2
 53889 113.82  36.07   306   0.01
 53935 108.40  35.49  1481    0.1
 53945 109.07  35.43  1395    0.1
 53946 109.82  35.60  1091    0.1
 53947 109.07  35.08   978    0.2
 53974 114.23  35.61    70   0.01
 53983 114.42  35.03    69   0.01
 53992 114.52  35.65    58   0.01
 53994 114.07  35.38    70   0.01
 53995 114.50  35.55    62   0.01
 53997 114.18  35.15    71   0.01
 53998 114.65  35.20    61   0.01
 54187 128.92  43.12   366    4.2
 54279 126.58  42.05   544    0.4
 54291 130.28  42.90    36   0.01
 54293 129.83  42.95   142    0.4
 54320 119.30  41.60   544   0.01
 54325 120.35  41.18   183    1.4
 54328 119.72  41.08   296    7.6
 54330 121.33  41.13    45    1.1
 54332 122.72  41.52    12   0.01
 54336 122.42  41.42     8   0.01
 54338 121.95  41.28     3    0.4
 54345 123.07  41.20    30    6.4
 54347 123.17  41.23    24   10.5
 54362 125.73  41.67   380    1.9
 54371 126.43  41.93   520    2.5
 54421 117.12  40.65   293    0.4
 54424 117.12  40.17    32   0.01
 54425 117.47  40.40   633    7.8
 54432 118.47  40.61   369    0.3
 54434 118.33  40.17   131   10.1
 54437 118.62  39.51    18   0.01
 54438 118.88  39.88    65    2.8
 54439 118.72  40.02    50    6.8
 54453 120.96  40.87    38    1.3
 54474 122.35  40.42    24   11.5
 54475 122.45  40.57    11   24.0
 54483 123.90  40.88   233    1.7
 54494 124.07  40.47    72    0.9
 54502 116.03  39.48    29   0.01
 54503 115.82  39.07    12   0.01
 54506 115.95  39.32    24   0.01
 54507 115.52  39.33    49    0.1
 54514 116.25  39.87    55   0.01
 54521 116.98  39.77    13   0.01
 54526 117.33  39.08     1   45.6
 54529 117.82  39.35     3    7.2
 54530 117.77  39.23     1    5.9
 54531 118.72  39.73    43   0.01
 54533 118.10  39.58     8   0.01
 54535 118.47  39.29     3   0.01
 54540 119.20  39.73    17   12.0
 54541 119.23  39.90    24    5.1
 54594 116.35  39.72    37    0.5
 54596 116.19  39.77    48    0.2
 54619 116.92  38.92     5   0.01
 54622 117.37  38.98     3   18.4
 54645 117.47  38.85     2   0.01
 54905 115.93  35.58    46   0.01
 54906 115.42  35.25    49   0.01
 54921 116.33  35.42    38   0.01
 54927 117.20  35.10    74   0.01
 56016  95.62  33.85  4179    0.8
 56034  97.13  33.80  4415    1.7
 56045  99.90  33.97  4050    1.2
 56071 102.50  34.59  3190    1.8
 56081 103.35  34.70  2810    0.1
 56082 103.50  34.58  2540   0.01
 56097 104.25  33.27  1440    0.1
 56158 100.67  31.40  3250    3.5
 56164 100.98  32.27  3284    0.2
 56168 102.07  31.48  2168    1.3
 56180 103.85  31.68  1590    0.9
 56183 103.62  31.50  1370    1.0
 56184 103.17  31.43  1896    1.9
 56185 102.98  32.08  2400    2.8
 56192 104.67  32.95  1014    0.2
 56193 104.52  32.42   893    2.5
 56198 104.50  31.32   525    3.6
 56286 104.26  30.61   505    0.4
 56317  94.22  29.22  2950    0.2
 56836  97.95  24.70   826   0.01
 56841  98.68  24.60  1528   0.01
 56842  99.18  24.73  1471   0.01
 56844  98.58  24.43   913    5.5
 56846  99.93  24.58  1569   0.01
 56854 100.13  24.45  1108   0.01
 56949  99.60  22.32   945    0.4
 56958 100.47  21.96  1222    1.0
 57031 108.55  34.82  1012   0.01
 57039 108.88  34.08   445    1.0
 57047 109.32  34.17   540    3.4
 57057 110.15  34.10   963   0.01
 57065 112.13  34.55   317   0.01
 57066 111.67  34.40   408    0.1
 57070 112.12  34.73   364   0.01
 57072 112.75  34.92   127   0.01
 57074 112.40  34.42   252   0.01
 57075 112.87  34.17   203    0.5
 57076 112.78  34.73   189   0.01
 57078 112.47  34.15   336    0.5
 57080 112.97  34.73   165   0.01
 57081 113.43  34.80   140    0.1
 57082 113.02  34.47   427    1.2
 57084 113.05  34.49  1178    2.1
 57085 113.33  34.53   259    0.4
 57086 113.72  34.38   116   0.01
 57087 113.73  34.27   104    0.7
 57088 113.50  34.19   146    0.4
 57090 113.97  34.72    78    2.1
 57093 114.82  34.85    73    1.4
 57094 114.22  34.40    67    0.5
 57095 114.15  34.12    61    5.0
 57096 114.78  34.53    59   0.01
 57098 114.40  34.08    58    7.6
 57099 114.85  34.07    52    5.9
 57137 108.32  33.32   802    1.1
 57140 109.12  33.67   818    0.1
 57153 110.33  33.70   639    0.1
 57155 109.87  33.55   660    0.3
 57173 112.88  33.75   145    0.6
 57175 112.23  33.05   191   0.01
 57176 112.42  33.48   231    1.7
 57177 113.53  33.33    89    7.6
 57179 113.00  33.28   160    0.6
 57180 113.20  33.98   117    1.1
 57182 113.52  33.85    80    9.4
 57183 113.92  33.80    60    6.0
 57184 113.30  33.63    97    1.5
 57185 113.58  33.45    91    6.7
 57186 114.05  33.60    58    3.0
 57187 112.93  33.07   118    0.6
 57188 114.03  33.37    55    4.5
 57189 113.95  33.13    64    1.7
 57190 114.40  33.75    50    2.2
 57191 114.47  34.51    64   0.01
 57192 114.85  33.73    45   10.5
 57194 114.27  33.28    59    2.3
 57195 114.62  33.62    46    5.1
 57196 114.87  33.47    42    0.5
 57197 114.35  32.97    50    0.9
 57198 114.57  33.50    44    3.5
 57231 108.53  32.53   503    0.3
 57233 108.50  32.90   413    0.7
 57242 109.37  32.85   285   0.01
 57247 108.90  32.32   438   0.01
 57248 109.33  32.40   431   23.2
 57249 109.68  32.32   448    6.0
 57253 110.82  32.85   201    0.1
 57254 110.12  32.82   322   0.01
 57257 110.23  32.23   307   0.01
 57260 111.52  32.57   133    0.8
 57268 111.62  32.27   120    2.6
 57271 112.38  32.52    87   10.4
 57273 112.85  32.68   109    3.9
 57281 113.30  32.70   142    0.4
 57292 114.63  32.97    44    1.3
 57293 114.98  32.73    38   0.01
 57294 114.02  32.83    83    2.4
 57295 114.35  32.62    78    0.4
 57296 114.73  32.35    48   0.01
 57298 114.55  32.22    55    0.3
 57299 114.90  32.02    49    2.6
 57320 107.22  31.93   482    0.1
 57333 108.67  31.95   798   0.01
 57339 108.68  30.95   297    3.1
 57345 109.62  31.40   337    0.3
 57349 109.86  31.08   606   10.0
 57361 111.27  31.88   327    2.2
 57362 110.67  31.75   935    1.5
 57363 111.83  31.80   151    4.5
 57368 111.63  31.05   141   37.9
 57370 112.22  31.73    67    6.8
 57377 112.22  31.00   191   12.3
 57385 113.82  31.62    93   0.01
 57386 114.00  31.25    51    0.3
 57387 113.13  31.00    84    2.5
 57388 113.71  31.27    53    0.5
 57389 113.75  31.03    32    0.3
 57390 114.07  31.80   733    0.2
 57409 105.80  30.18   297    0.3
 57413 106.97  30.85   295   0.01
 57414 106.45  30.52   403    0.1
 57415 106.63  30.53   394   0.01
 57416 106.93  30.33   391    1.9
 57417 106.28  30.35   315    2.8
 57420 107.19  30.75   418   0.01
 57425 107.33  30.33   433    0.6
 57431 108.35  30.83   257    0.6
 57437 108.03  30.30   325    0.7
 57453 111.32  30.77   115   30.0
 57460 111.78  30.82    91   22.9
 57462 111.08  30.87   139   14.3
 57464 111.18  30.47   142   47.3
 57465 111.45  30.38    74   39.0
 57466 111.75  30.43    50   65.3
 57469 111.77  30.18    69   59.0
 57475 112.90  30.40    31   79.4
 57477 112.22  30.07    38   47.9
 57481 113.57  30.95    30    1.8
 57485 113.47  30.28    23    4.5
 57498 114.94  30.52    26   0.01
 57499 114.88  30.07    40    0.4
 57509 106.92  28.99   599   0.01
 57510 106.07  29.85   326    0.2
 57511 106.45  29.85   240    2.4
 57513 106.62  29.73   464    1.4
 57514 106.22  29.58   331   0.01
 57518 106.50  29.33   506   0.01
 57522 107.27  29.74   372    0.1
 57537 108.17  29.30   322   0.01
 57540 109.15  29.68   776    7.2
 57541 109.48  30.00   532   14.7
 57543 110.03  29.90   539    3.7
 57544 109.45  29.47   488    0.7
 57558 110.47  29.13   183   0.01
 57564 111.13  29.43   103   0.01
 57571 112.40  29.70    35    0.7
 57577 112.17  29.40    36    4.4
 57582 113.88  29.72    46   0.01
 57586 114.03  29.53    78    0.3
 57589 113.87  29.27   146    1.0
 57634 107.88  28.52   660    2.8
 57635 108.98  28.45   363    0.3
 57636 108.50  28.57   334   0.01
 57637 108.10  28.25   629    2.4
 57640 109.45  28.58   341    0.1
 57694 114.38  28.53   259    1.3
 57698 114.45  28.12    98    1.6
 57699 114.92  28.23    66   21.3
 57714 106.23  27.47   942   0.01
 57719 106.97  27.07  1275    0.4
 57723 107.72  27.98   710   10.0
 57728 107.47  27.07  1096   0.01
 57732 108.40  28.02   456    9.8
 57738 108.42  27.05   516   0.01
 57742 109.20  27.52   884    0.3
 57767 111.01  27.13   308    1.2
 57773 112.83  27.88    63    0.2
 57777 112.87  27.23    63    9.0
 57778 112.95  27.09    70   0.01
 57781 113.50  27.65    74    4.7
 57783 113.82  27.88   118   14.0
 57786 113.85  27.63   117   0.01
 57792 114.68  27.82    93   34.9
 57794 114.02  27.63   177   13.5
 57796 114.88  27.83   189    6.5
 57798 114.60  27.40    85    9.9
 57824 107.23  26.58  1001   0.01
 57859 110.63  26.03   408    0.1
 57868 111.86  26.59   113    0.3
 57883 114.28  26.75   253   11.4
 57891 114.25  26.93   153    0.6
 57899 114.92  26.80    71    1.4
 57941 109.60  25.78   197    0.1
 57948 109.25  25.08   122    1.4
 57954 110.18  25.23   157    0.7
 57955 110.67  25.62   224    0.1
 57956 110.32  25.42   167    2.3
 57969 111.31  25.28   269    3.9
 57976 112.94  25.41   222   0.01
 57989 113.77  25.07   112    0.9
 57991 114.55  25.80   140   0.01
 57992 114.75  25.67   127   0.01
 57994 114.35  25.40   215   0.01
 57995 114.93  25.40   164    1.0
 58001 115.10  34.43    56    0.6
 58002 115.58  34.85    49    0.1
 58006 115.88  34.38    46   0.01
 58007 115.30  34.07    47    2.0
 58008 115.33  34.47    54    0.4
 58012 116.66  34.67    42   0.01
 58013 116.91  34.75    36   0.01
 58017 116.13  34.25    41    0.2
 58022 117.57  34.75    48   0.01
 58035 118.35  34.33    29   0.01
 58045 119.60  34.20     4   0.01
 58100 115.17  33.65    41    0.4
 58101 115.48  33.87    41    4.9
 58104 115.07  33.40    41    0.2
 58116 116.83  33.98    31   0.01
 58117 116.20  33.13    27    0.2
 58131 118.22  33.97    25   0.01
 58202 115.57  32.67    31    1.2
 58205 115.43  32.47    34    0.2
 58207 115.05  32.17    42    1.7
 58210 116.23  32.65    25    0.6
 58214 116.30  32.37    27    1.9
 58301 115.38  31.82    92    0.1
 58408 115.43  30.23    35    2.8
 58409 115.93  30.10    32    6.0
 58417 116.13  30.17    54    6.8
 58421 117.87  30.63    31   0.01
 58435 118.53  30.30   220   0.01
 58438 118.58  30.08   191   0.01
 58446 119.70  30.63    72    1.6
 58452 120.77  30.73     4   0.01
 58454 119.98  30.53   102    0.4
 58456 120.52  30.63     6   0.01
 58501 115.63  29.92    23   17.3
 58502 116.02  29.67    74    1.5
 58503 115.67  29.70    41    0.9
 58505 115.90  29.62    63    1.4
 58507 115.12  29.25   116   0.01
 58508 115.77  29.33    41   0.01
 58509 115.82  29.05    36    4.1
 58512 116.55  29.90    71    0.2
 58514 116.05  29.45    37    0.1
 58524 117.22  29.37    87   10.5
 58529 117.85  29.27   171    0.5
 58537 118.40  29.13   153    0.3
 58547 119.18  29.03    66   0.01
 58548 119.47  29.22    50   0.01
 58601 115.38  28.70    53   15.1
 58602 115.55  28.85    40    4.2
 58605 115.38  28.42    46   19.7
 58607 115.95  28.55    31    6.8
 58609 115.82  28.22    27   11.4
 58612 116.68  28.70    21   0.01
 58614 116.27  28.38    34    5.1
 58618 116.60  28.27    82   13.8
 58619 116.37  28.00    49    1.1
 58620 117.10  29.02    51   12.2
 58624 117.43  28.40    70    1.1
 58625 117.60  28.42    79   0.01
 58629 117.71  28.29   100    1.0
 58631 118.50  28.90   137    1.8
 58632 118.60  28.72   126   0.01
 58635 118.20  28.43    95    3.5
 58642 119.80  28.88   105   0.01
 58644 119.28  28.60   237   0.01
 58693 115.83  28.70    40   15.6
 58701 115.40  27.77    46    0.6
 58712 116.78  27.92   130    0.2
 58714 116.23  27.55   120    0.2
 58736 118.82  27.38   262    0.2
 58747 119.35  27.15   899   19.3
 58748 119.65  27.10    50    1.3
 58749 119.88  27.23   684   0.01
 58750 120.08  27.78   105   0.01
 58819 116.82  26.18   336    1.7
 58821 117.47  26.73   173    5.1
 58823 117.80  26.80   175    2.7
 58824 117.15  26.40   357    0.6
 58826 117.80  26.40   120    0.9
 58828 117.62  26.27   208   13.3
 58836 118.73  26.58   361    3.1
 58839 118.85  26.23    40   19.4
 58844 119.15  26.15    57   0.01
 58845 119.53  26.50    60    0.5
 58903 116.03  25.90   210    0.2
 58906 115.80  25.60   167    0.1
 58917 116.10  25.08   307    0.1
 58923 117.83  25.70   400    2.4
 58928 117.53  25.02   166    4.2
 58929 118.15  25.07    68    0.3
 58935 118.23  25.48   521    3.8
 59041 109.25  24.65   108    0.1
 59051 110.50  24.77   136   0.01
 59055 110.40  24.50   165    1.2
 59059 110.80  24.18   105   14.7
 59061 111.27  24.82   193    0.1
 59064 111.32  24.55   136   0.01
 59071 112.28  24.73   174    0.1
 59075 112.63  24.48    70    1.6
 59081 113.29  24.78   131    2.4
 59090 114.07  24.95   103    5.5
 59091 114.52  24.75   277   0.01
 59094 114.12  24.35   184    1.4
 59099 114.93  24.45   173    3.4
 59106 115.90  24.58   152    1.9
 59109 115.73  24.15   123   22.7
 59114 116.17  24.65   135    1.0
 59122 117.75  24.62    43    9.5
 59124 117.38  24.52    53   0.01
 59125 117.30  24.38   108    4.5
 59129 117.60  24.13    53   0.01
 59130 118.15  24.73    30    3.2
 59131 118.37  24.97    45    0.8
 59137 118.57  24.82    56    0.2
 59230 108.17  23.72   168    2.3
 59235 108.62  23.43   115    1.1
 59241 109.68  23.97    90    0.3
 59246 109.67  23.60    70   0.01
 59249 109.62  23.12    51    1.7
 59255 110.38  23.55    32    8.6
 59256 110.90  23.37   105   18.4
 59264 111.50  23.40    83   26.8
 59266 111.23  23.42    42   40.2
 59268 111.54  23.26    70   15.9
 59269 111.78  23.17    47    9.3
 59270 112.18  23.92    84   13.0
 59279 112.87  23.18    24    0.1
 59284 113.24  23.42    38    3.1
 59285 113.60  23.57    38   39.7
 59288 113.02  23.15    29    0.4
 59297 114.28  23.17    17    0.8
 59310 116.18  23.77    45    6.3
 59312 116.70  23.67    60    8.0
 59313 116.98  23.68    44    0.1
 59314 116.13  23.30    29   17.0
 59315 116.40  23.59    43    9.3
 59319 116.83  23.43     4    0.2
 59320 117.13  23.75    37    0.1
 59322 117.37  23.98    22    0.7
 59449 109.98  22.30    85   0.01
 59451 110.35  22.70    98   18.2
 59452 110.53  22.83   131    5.2
 59454 111.00  22.95   202   10.1
 59457 110.27  22.32   121    5.1
 59469 111.78  22.17    37   0.01
 59470 112.20  22.70    57    0.3
 59473 112.98  22.74    47   0.01
 59480 113.25  22.85    21    0.2
 59481 113.32  22.94    12   0.01
 59487 113.30  22.23    23   0.01
 59492 114.73  22.97    47    1.2
 59500 115.32  22.97     6    0.4
 59502 115.65  22.95     5    7.1
