diamond  3 2015年06月03日20点6小时降雨量                     
  15  06  03  20    -1 3 10 25 50 1 0
 39 122.7  37.3 122.5  36.7 120.8  36.2 119.3  35.0 120.4  34.3
 121.1  32.7 122.3  30.9 122.5  30.1 121.5  28.0 119.8  25.0
 116.1  22.6 111.0  21.0 111.0  18.6 109.6  18.1 108.3  18.5
 108.9  19.9 109.3  21.0 106.4  21.6 104.1  22.2 101.6  20.8
  98.7  22.0  97.1  24.1  97.7  27.0  91.7  26.6  85.7  27.7
  78.9  30.6  73.3  37.1  74.1  40.7  87.6  49.8  98.5  43.9
 110.4  44.3 122.0  54.7 135.7  48.3 131.5  42.2 125.2  39.4
 121.3  38.5 121.2  40.3 118.5  38.6 120.8  38.1
 1     504
 50566 128.47  49.55   116    0.1
 50776 130.83  47.57    83    0.2
 50833 122.90  46.72   187    0.1
 50892 134.00  46.80    54    4.3
 50962 128.03  45.95   112    0.4
 50964 128.80  45.83   119    0.7
 50965 128.27  45.43   167    3.8
 50971 131.02  45.77   223    0.1
 52557 100.17  39.15  1453   0.01
 52643  99.62  38.83  2311    4.5
 52656 100.82  38.43  2281    6.1
 52784 102.90  37.47  2072    0.9
 52855 101.25  36.68  2675    0.1
 52869 101.58  36.50  2667    0.6
 52874 102.41  36.49  2021   0.01
 52875 102.10  36.50  2125   0.01
 52877 102.25  36.10  2834    2.5
 52881 103.18  36.98  2484    0.3
 52885 103.25  36.75  2118    0.2
 52957 100.60  35.25  3148    1.5
 52963 102.02  35.93  2085    1.9
 52968 101.47  35.03  3662    1.7
 52972 102.45  35.85  1921    0.8
 52978 102.49  35.19  2948    6.5
 52980 103.30  35.97  1648   0.01
 52981 103.38  35.68  2421    1.7
 52982 103.55  35.48  1953    1.1
 52985 103.33  35.42  2162    3.4
 53464 111.17  40.72  1042   0.01
 53466 111.70  40.75  1045   0.01
 53467 111.18  40.27  1016    0.1
 53469 111.82  40.40  1166    0.1
 53486 113.77  40.37  1050   0.01
 53488 113.58  40.03  1034   0.01
 53492 114.15  40.10   937   0.01
 53533 108.71  39.81  1414    0.8
 53545 109.71  39.56  1367    2.0
 53547 109.03  39.10  1312    1.6
 53553 111.22  39.87  1221    1.4
 53565 111.50  39.43  1051   0.01
 53567 111.00  39.02  1024    1.9
 53573 112.70  40.00  1336    0.1
 53574 112.27  39.52  1409    0.8
 53575 112.20  39.10  1525    2.1
 53576 112.82  39.50  1045    0.9
 53577 112.30  39.00  1437    1.0
 53579 112.90  39.02   859   0.01
 53580 113.10  39.82  1044    0.1
 53582 113.67  39.72  1079   0.01
 53584 113.17  39.57  1000    0.4
 53644 108.83  38.60  1307    7.6
 53658 110.48  38.03   894    0.1
 53659 111.00  37.97  1163    0.1
 53660 111.08  39.02   894    1.6
 53662 111.58  38.72  1396    3.3
 53665 111.65  38.28  1185    0.4
 53666 111.93  38.35  1212   0.01
 53727 107.12  37.17  1712    2.2
 53730 107.48  38.18  1333    0.1
 53732 108.72  37.85  1209   12.1
 53750 110.18  37.77   931   0.01
 53751 110.05  37.60   894    0.2
 53760 111.23  37.88  1212   0.01
 53829 107.90  35.98  1093    0.6
 53857 110.18  36.07   840   0.01
 53914 106.12  35.62  2078   0.01
 53916 106.32  35.50  1948    0.4
 53924 107.62  35.07   966   0.01
 53925 107.18  35.68  1172    3.6
 53926 107.35  35.35  1028    2.7
 53927 106.62  35.20  1477    1.7
 53928 107.02  35.30  1149    1.0
 53930 107.98  36.45  1271    0.3
 53934 107.98  35.78  1274    0.9
 53935 108.40  35.49  1481   0.01
 53937 107.92  35.52   979    2.1
 53938 108.30  35.17  1277   0.01
 53946 109.82  35.60  1091   0.01
 53947 109.07  35.08   978    0.6
 53954 110.97  35.62   433   0.01
 53961 111.48  35.65   472   0.01
 53978 112.63  35.08   140   0.01
 54099 131.13  44.08   148    0.1
 54187 128.92  43.12   366    0.3
 54192 130.27  43.70   384    5.0
 56016  95.62  33.85  4179    0.9
 56034  97.13  33.80  4415    2.5
 56045  99.90  33.97  4050    0.4
 56071 102.50  34.59  3190    3.7
 56091 104.47  34.85  1883    0.1
 56097 104.25  33.27  1440   0.01
 56109  93.78  31.48  3940    0.2
 56158 100.67  31.40  3250   0.01
 56168 102.07  31.48  2168   0.01
 56185 102.98  32.08  2400   0.01
 56190 104.55  31.55   519   0.01
 56273 102.82  30.39  1022   0.01
 56278 102.77  30.07   755    2.8
 56279 102.93  30.15   682    1.4
 56582 103.90  27.75  1176   0.01
 56839  98.82  23.77   995   0.01
 57001 105.33  34.75  1271    0.2
 57003 106.83  34.90   924    1.0
 57004 104.88  34.73  1495   0.01
 57007 105.18  34.18  1404   0.01
 57012 106.20  34.98  1664   0.01
 57016 107.13  34.35   612    1.4
 57020 107.40  34.37   563    1.0
 57021 107.13  34.65   751    0.6
 57022 107.78  34.68  1026    0.3
 57023 108.11  35.02   919    0.2
 57024 107.65  34.45   669    2.2
 57026 107.88  34.37   585    0.7
 57027 107.73  34.27   517    0.5
 57029 108.48  34.50   543   0.01
 57031 108.55  34.82  1012    0.3
 57032 108.20  34.13   436    0.2
 57033 108.82  34.55   428   0.01
 57035 108.23  34.55   636   0.01
 57038 108.45  34.28   410    0.1
 57041 108.92  34.63   424   0.01
 57042 109.18  34.78   470    0.2
 57044 109.23  34.40   424   0.01
 57054 110.23  34.55   556   0.01
 57057 110.15  34.10   963   0.01
 57066 111.67  34.40   408   0.01
 57111 106.30  33.92   961   0.01
 57129 107.72  32.98   446   0.01
 57132 108.58  34.13   411    0.1
 57140 109.12  33.67   818    1.5
 57153 110.33  33.70   639    4.3
 57155 109.87  33.55   660    0.3
 57173 112.88  33.75   145    3.2
 57176 112.42  33.48   231    0.1
 57179 113.00  33.28   160   0.01
 57182 113.52  33.85    80   0.01
 57183 113.92  33.80    60   0.01
 57184 113.30  33.63    97    0.3
 57185 113.58  33.45    91   0.01
 57186 114.05  33.60    58   0.01
 57188 114.03  33.37    55   0.01
 57190 114.40  33.75    50   0.01
 57194 114.27  33.28    59   0.01
 57198 114.57  33.50    44    0.1
 57213 106.93  33.00   536   0.01
 57217 106.28  32.23   485   0.01
 57231 108.53  32.53   503    0.4
 57247 108.90  32.32   438    0.9
 57248 109.33  32.40   431    1.0
 57249 109.68  32.32   448    3.3
 57253 110.82  32.85   201    0.8
 57254 110.12  32.82   322    0.6
 57260 111.52  32.57   133    0.1
 57268 111.62  32.27   120    0.2
 57271 112.38  32.52    87   0.01
 57274 112.12  32.70   107    0.1
 57299 114.90  32.02    49   0.01
 57303 105.92  31.73   459   0.01
 57314 106.07  31.35   405    0.1
 57315 106.40  31.53   655   0.01
 57317 106.42  31.03   324    0.2
 57318 106.55  31.07   338    0.3
 57320 107.22  31.93   482    0.1
 57326 107.72  31.37   389    1.7
 57329 107.85  31.10   467    0.1
 57333 108.67  31.95   798    1.7
 57338 108.42  31.18   216    3.2
 57339 108.68  30.95   297    0.1
 57349 109.86  31.08   606    0.6
 57361 111.27  31.88   327   0.01
 57362 110.67  31.75   935    2.3
 57363 111.83  31.80   151    0.5
 57370 112.22  31.73    67   0.01
 57390 114.07  31.80   733   0.01
 57413 106.97  30.85   295    0.6
 57414 106.45  30.52   403    0.9
 57415 106.63  30.53   394    0.3
 57416 106.93  30.33   391    2.2
 57417 106.28  30.35   315    0.3
 57420 107.19  30.75   418    0.3
 57425 107.33  30.33   433    1.1
 57431 108.35  30.83   257    0.1
 57437 108.03  30.30   325    5.3
 57438 108.12  29.98   632    4.6
 57453 111.32  30.77   115   0.01
 57462 111.08  30.87   139    0.1
 57464 111.18  30.47   142    0.1
 57465 111.45  30.38    74   0.01
 57466 111.75  30.43    50   0.01
 57469 111.77  30.18    69   0.01
 57475 112.90  30.40    31    0.2
 57477 112.22  30.07    38   0.01
 57485 113.47  30.28    23    0.3
 57499 114.88  30.07    40   0.01
 57509 106.92  28.99   599    5.6
 57511 106.45  29.85   240    0.2
 57513 106.62  29.73   464    0.5
 57518 106.50  29.33   506    0.3
 57519 107.11  29.16   698    1.8
 57522 107.27  29.74   372    2.9
 57525 107.75  29.32   277   11.7
 57537 108.17  29.30   322    3.8
 57540 109.15  29.68   776   10.6
 57541 109.48  30.00   532    2.8
 57543 110.03  29.90   539    0.4
 57544 109.45  29.47   488   53.7
 57558 110.47  29.13   183   0.01
 57571 112.40  29.70    35    0.5
 57575 112.55  29.52    31   0.01
 57577 112.17  29.40    36    0.1
 57585 113.45  29.48    60   0.01
 57586 114.03  29.53    78    5.6
 57589 113.87  29.27   146    7.7
 57590 114.37  29.85    98    0.4
 57596 114.20  29.63   751    1.3
 57623 107.60  28.88   685    9.9
 57634 107.88  28.52   660    1.4
 57635 108.98  28.45   363    8.7
 57636 108.50  28.57   334   15.9
 57637 108.10  28.25   629    2.7
 57640 109.45  28.58   341    1.8
 57646 109.95  28.62   302    0.3
 57657 110.21  28.23   186    0.4
 57658 110.20  28.02   152    6.5
 57661 111.48  28.92    48    1.0
 57663 111.95  28.92    31    0.9
 57666 112.13  28.52    52   0.01
 57674 112.38  28.57    46   0.01
 57680 113.11  28.86    82    2.1
 57688 113.63  28.16   101    2.4
 57694 114.38  28.53   259   20.0
 57698 114.45  28.12    98    1.1
 57699 114.92  28.23    66    9.6
 57720 107.17  27.88   889   0.01
 57723 107.72  27.98   710    4.1
 57728 107.47  27.07  1096    0.1
 57732 108.40  28.02   456    4.2
 57734 108.23  27.57   467    1.2
 57735 108.82  27.18   404    0.6
 57736 108.85  27.70   369    1.7
 57737 108.12  27.03   547    8.5
 57738 108.42  27.05   516   12.9
 57739 108.92  27.23   394    3.8
 57740 109.60  27.95   349    1.1
 57742 109.20  27.52   884    2.5
 57743 109.80  27.88   176    2.2
 57744 109.17  27.37   355   10.7
 57754 109.84  27.21   252   11.4
 57760 111.43  27.70   249    0.7
 57762 111.70  27.69   165    0.3
 57763 112.00  27.68   205    1.0
 57771 112.53  27.93    88    0.1
 57772 112.50  27.75    86    0.1
 57773 112.83  27.88    63    0.6
 57777 112.87  27.23    63   0.01
 57781 113.50  27.65    74    0.5
 57786 113.85  27.63   117   0.01
 57792 114.68  27.82    93   34.8
 57794 114.02  27.63   177    4.4
 57796 114.88  27.83   189   32.3
 57798 114.60  27.40    85    1.9
 57821 107.50  26.70   925    2.5
 57822 107.90  26.90   835    2.2
 57824 107.23  26.58  1001    0.7
 57829 107.80  26.20   963   0.01
 57834 108.30  26.68   641    0.1
 57835 108.43  26.72   527    0.5
 57842 109.72  26.88   281    9.4
 57844 109.18  26.68   343   30.0
 57851 110.83  26.46   346    1.9
 57867 111.28  26.40   169   0.01
 57868 111.86  26.59   113   0.01
 57871 112.37  26.98    90    0.1
 57876 112.83  26.43   135   15.3
 57881 113.25  26.72   101    4.8
 57882 113.55  26.79   136   19.5
 57883 114.28  26.75   253    0.6
 57886 113.80  26.48   268    2.9
 57891 114.25  26.93   153    4.7
 57895 114.78  26.47   101   61.6
 57899 114.92  26.80    71   29.5
 57913 106.98  26.45  1093    0.2
 57915 106.77  26.63  1104   0.01
 57923 107.87  25.98   419   0.01
 57948 109.25  25.08   122    0.6
 57949 110.00  24.98   156    6.3
 57955 110.67  25.62   224    2.2
 57956 110.32  25.42   167    7.2
 57958 110.32  25.08   151    0.6
 57960 111.07  25.93   195   0.01
 57962 111.65  25.97   167    0.1
 57964 111.15  25.50   263    0.6
 57969 111.31  25.28   269    0.1
 57973 112.72  25.75   329    3.3
 57985 113.68  25.57   609    5.4
 57990 114.30  25.70   246    0.1
 57994 114.35  25.40   215   0.01
 57995 114.93  25.40   164   10.4
 58104 115.07  33.40    41   0.01
 58107 115.28  33.02    35    0.1
 58112 116.45  30.73   968    1.6
 58244 119.59  32.45     5   0.01
 58246 119.99  32.56     2   0.01
 58249 120.05  32.16     6   0.01
 58254 120.45  32.52     5   0.01
 58269 121.65  31.78     3   0.01
 58320 117.13  31.73    21    0.5
 58323 117.47  31.88    25    0.1
 58331 118.37  31.73    22    0.1
 58334 118.37  31.38     9    4.2
 58335 118.52  31.57    23    0.8
 58339 118.90  31.33    15    1.0
 58340 119.03  31.66    25    0.1
 58341 119.59  31.98     6   0.01
 58342 119.55  31.72     6    0.2
 58346 119.81  31.34    16   0.01
 58349 120.56  31.41     8   0.01
 58352 120.77  31.65     4   0.01
 58359 120.62  31.13     4    0.4
 58361 121.37  31.10     5   0.01
 58366 121.49  31.67     4   0.01
 58367 121.43  31.20     4    0.1
 58369 121.78  31.05     5    0.5
 58370 121.53  31.23     4   0.01
 58377 121.11  31.51     5   0.01
 58404 115.22  30.47    61   0.01
 58408 115.43  30.23    35   0.01
 58409 115.93  30.10    32    1.3
 58415 116.55  30.67    64    0.9
 58416 116.82  30.75    35    1.3
 58417 116.13  30.17    54    1.2
 58418 116.67  30.13    60    2.3
 58420 117.23  30.72    58    0.9
 58421 117.87  30.63    31    5.2
 58423 117.78  30.48   647    7.5
 58426 118.13  30.30   193    1.6
 58427 117.50  30.65    15    0.2
 58428 117.50  30.22   118    1.1
 58431 118.32  30.90    39    0.2
 58432 118.40  30.68    57    0.4
 58435 118.53  30.30   220    0.4
 58438 118.58  30.08   191    1.4
 58441 119.42  30.87    43    1.5
 58442 119.18  31.17    16    0.4
 58443 119.89  31.02    25    0.9
 58446 119.70  30.63    72    0.8
 58449 119.95  30.05    46    1.4
 58451 120.93  30.83     2   0.01
 58452 120.77  30.73     4   0.01
 58453 120.50  30.07     7   0.01
 58454 119.98  30.53   102    1.3
 58455 120.65  30.52     8   0.01
 58456 120.52  30.63     6    0.2
 58458 120.90  30.54     4    0.1
 58459 120.29  30.19    44   0.01
 58461 121.12  31.13     4   0.01
 58462 121.23  31.03     4    1.2
 58463 121.50  30.88     4    0.4
 58501 115.63  29.92    23    1.1
 58502 116.02  29.67    74    6.4
 58503 115.67  29.70    41    1.2
 58505 115.90  29.62    63    9.3
 58507 115.12  29.25   116   25.9
 58508 115.77  29.33    41   12.3
 58509 115.82  29.05    36    4.1
 58510 116.23  29.73    40    4.8
 58512 116.55  29.90    71    1.6
 58514 116.05  29.45    37   12.5
 58517 116.20  29.27    35   12.7
 58523 117.93  29.93   227    3.9
 58524 117.22  29.37    87    4.4
 58529 117.85  29.27   171   11.9
 58530 118.43  29.87   168    3.0
 58534 118.18  29.78   170    3.7
 58537 118.40  29.13   153    8.0
 58542 119.68  29.82    46    3.3
 58544 119.27  29.48    88    2.7
 58546 119.88  29.47   115    1.1
 58547 119.18  29.03    66    9.3
 58548 119.47  29.22    50    2.1
 58550 120.25  29.70    39    1.7
 58555 120.88  29.52   113    0.1
 58558 120.22  29.27    89    0.6
 58559 120.97  29.15   107   0.01
 58560 120.43  29.05   304    0.3
 58567 121.43  29.32    39   0.01
 58601 115.38  28.70    53   44.2
 58602 115.55  28.85    40   37.6
 58605 115.38  28.42    46   31.6
 58607 115.95  28.55    31   25.1
 58609 115.82  28.22    27    9.6
 58612 116.68  28.70    21    0.9
 58614 116.27  28.38    34   28.4
 58615 117.08  28.68    56    0.8
 58616 116.82  28.20    40    2.1
 58618 116.60  28.27    82    6.0
 58619 116.37  28.00    49    4.9
 58620 117.10  29.02    51    3.2
 58623 117.92  28.47    90    0.3
 58624 117.43  28.40    70    0.4
 58625 117.60  28.42    79    0.2
 58627 117.06  28.31    56    1.1
 58629 117.71  28.29   100    0.2
 58631 118.50  28.90   137    0.9
 58632 118.60  28.72   126    2.0
 58635 118.20  28.43    95    0.7
 58642 119.80  28.88   105    0.5
 58643 120.03  28.90   102    0.7
 58644 119.28  28.60   237    5.9
 58647 119.13  28.08   222   0.01
 58654 120.08  28.67   184    3.1
 58656 120.97  28.07    60    5.0
 58657 120.28  28.15    57   14.2
 58658 120.68  28.15    34    8.1
 58659 120.65  28.03    28    5.0
 58660 121.20  28.87     6    0.1
 58664 121.37  28.37    35    7.5
 58693 115.83  28.70    40   22.4
 58701 115.40  27.77    46    9.2
 58704 115.35  27.58   104   26.3
 58706 115.83  27.43   181   16.6
 58707 115.13  27.22    66   19.1
 58710 116.05  27.77    78    6.3
 58712 116.78  27.92   130    2.8
 58713 117.07  27.72   225   15.5
 58714 116.23  27.55   120    8.4
 58719 116.93  27.30   131   11.7
 58724 117.32  27.53   268   10.2
 58735 118.75  27.52   260    0.5
 58736 118.82  27.38   262   0.01
 58745 119.08  27.62   400   0.01
 58746 119.70  27.55   538   21.3
 58748 119.65  27.10    50   13.0
 58749 119.88  27.23   684   16.2
 58750 120.08  27.78   105    1.7
 58751 120.57  27.67   254   21.1
 58804 115.35  26.35   151   27.1
 58814 116.35  26.35   247    4.4
 58819 116.82  26.18   336    0.5
 58822 116.85  26.83   342    9.3
 58823 117.80  26.80   175    0.2
 58824 117.15  26.40   357    0.2
 58839 118.85  26.23    40   24.0
 58844 119.15  26.15    57    0.4
 58845 119.53  26.50    60    4.6
 58848 119.55  26.20    13   0.01
 58850 120.23  26.92    92   20.3
 58903 116.03  25.90   210    3.8
 58907 115.40  25.15   305    2.1
 58912 116.73  25.72   404    2.2
 58917 116.10  25.08   307    6.8
 58932 118.93  25.87    85   0.01
 58940 119.33  26.08    25   0.01
 58942 119.38  25.72    39    0.3
 59033 108.90  24.78   328   15.1
 59034 108.67  24.48   150    0.1
 59038 108.65  24.07   138    7.0
 59041 109.25  24.65   108   10.1
 59044 109.38  24.47    97    2.9
 59045 109.75  24.48    94   0.01
 59047 109.33  24.25   100   0.01
 59051 110.50  24.77   136   10.3
 59055 110.40  24.50   165   16.9
 59057 110.18  24.13   830   0.01
 59061 111.27  24.82   193   0.01
 59063 111.45  25.18   265   0.01
 59064 111.32  24.55   136   10.7
 59071 112.28  24.73   174   0.01
 59074 112.15  24.57   300    9.8
 59081 113.29  24.78   131   0.01
 59091 114.52  24.75   277    1.2
 59093 115.03  24.78   253   23.6
 59094 114.12  24.35   184    1.4
 59099 114.93  24.45   173    6.4
 59106 115.90  24.58   152   0.01
 59227 107.13  23.12   454    5.4
 59229 107.70  23.17   125   38.8
 59230 108.17  23.72   168   25.2
 59235 108.62  23.43   115    3.8
 59237 108.28  23.17   111    5.8
 59238 108.80  23.22   122    3.4
 59241 109.68  23.97    90    0.1
 59246 109.67  23.60    70   0.01
 59249 109.62  23.12    51   13.6
 59255 110.38  23.55    32    9.3
 59256 110.90  23.37   105    8.5
 59264 111.50  23.40    83    9.6
 59266 111.23  23.42    42    2.5
 59268 111.54  23.26    70    2.9
 59269 111.78  23.17    47   10.8
 59270 112.18  23.92    84   13.6
 59290 114.25  23.78    85    9.6
 59419 106.73  22.07   348   0.01
 59421 107.20  22.83   255    0.1
 59425 107.35  22.40   107    8.7
 59427 107.07  22.12   163   0.01
 59441 109.25  22.70    78    0.2
 59449 109.98  22.30    85   18.0
 59451 110.35  22.70    98   23.6
 59452 110.53  22.83   131    0.6
 59454 111.00  22.95   202   0.01
 59457 110.27  22.32   121   24.9
 59470 112.20  22.70    57   0.01
 59471 112.05  22.93   101   0.01
