diamond  3 2015年06月21日08点6小时降雨量                     
  15  06  21  08    -1 3 10 25 50 1 0
 39 122.7  37.3 122.5  36.7 120.8  36.2 119.3  35.0 120.4  34.3
 121.1  32.7 122.3  30.9 122.5  30.1 121.5  28.0 119.8  25.0
 116.1  22.6 111.0  21.0 111.0  18.6 109.6  18.1 108.3  18.5
 108.9  19.9 109.3  21.0 106.4  21.6 104.1  22.2 101.6  20.8
  98.7  22.0  97.1  24.1  97.7  27.0  91.7  26.6  85.7  27.7
  78.9  30.6  73.3  37.1  74.1  40.7  87.6  49.8  98.5  43.9
 110.4  44.3 122.0  54.7 135.7  48.3 131.5  42.2 125.2  39.4
 121.3  38.5 121.2  40.3 118.5  38.6 120.8  38.1
 1     411
 50431 121.52  50.78   717    0.5
 50673 130.40  48.88    90    1.0
 50778 132.53  47.67    57    4.0
 50779 134.28  48.37    40    0.1
 51058  87.97  47.10   563    0.1
 53545 109.71  39.56  1367    0.5
 53553 111.22  39.87  1221    0.3
 53658 110.48  38.03   894    1.7
 53659 111.00  37.97  1163    1.4
 53662 111.58  38.72  1396    0.2
 53665 111.65  38.28  1185    0.1
 53666 111.93  38.35  1212    0.7
 53669 111.80  38.08  1150    1.4
 53677 112.48  37.93   806    0.5
 53679 112.54  37.75   776    0.2
 53748 109.70  37.18  1063    4.9
 53750 110.18  37.77   931    4.4
 53751 110.05  37.60   894    3.0
 53753 110.88  37.43   860    1.0
 53756 110.72  37.52   744    0.8
 53757 110.12  37.12   938    0.3
 53759 110.83  36.98  1109    0.5
 53760 111.23  37.88  1212    1.4
 53763 112.17  37.92  1006    5.0
 53767 111.17  37.33  1213    5.4
 53768 111.75  37.15   773    1.6
 53769 111.78  37.25   747    2.1
 53770 112.35  37.35   768    1.7
 53771 112.05  37.42   750    1.4
 53774 112.37  37.58   759    0.8
 53776 112.77  37.68   831    0.1
 53777 112.14  37.51   753    1.4
 53778 112.22  37.17   780    2.5
 53786 113.33  37.09  1152    0.5
 53832 108.77  36.77  1218    5.8
 53841 109.32  36.88  1068    3.0
 53850 110.18  36.88   804    0.1
 53852 110.63  36.77   916    0.1
 53860 111.17  36.98  1406    0.1
 53862 111.80  36.85   811    1.5
 53864 111.10  36.40  1030    0.1
 53869 111.70  36.58   550    0.3
 53871 112.85  36.83   964    2.0
 53872 112.68  36.77   960    0.9
 53875 112.35  36.52  1000    1.1
 53878 113.38  36.52   767    0.1
 53879 112.88  36.32   952    0.1
 53880 113.23  36.33   947    0.4
 53956 110.83  35.40   588    0.1
 53965 111.57  35.52   761    0.1
 53976 112.87  35.50   752    0.2
 56168 102.07  31.48  2168    0.2
 56180 103.85  31.68  1590    4.9
 56181 103.70  30.68   541    0.6
 56183 103.62  31.50  1370    1.4
 56184 103.17  31.43  1896    1.5
 56185 102.98  32.08  2400    0.2
 56186 104.20  31.33   589    3.2
 56189 103.93  30.98   581    1.5
 56190 104.55  31.55   519    0.3
 56194 104.45  31.63   597    2.7
 56195 104.73  31.80   543    1.0
 56197 104.17  31.15   535    0.3
 56198 104.50  31.32   525    1.2
 56267 101.02  30.03  2600    0.1
 56272 103.88  30.82   558    0.8
 56278 102.77  30.07   755    0.9
 56279 102.93  30.15   682    0.1
 56280 103.12  30.08   691    0.2
 56281 103.50  30.18   510    0.2
 56285 103.52  30.60   523    0.2
 56288 103.92  30.58   494    0.2
 56290 104.18  30.78   514    0.1
 56291 104.28  30.93   469    0.8
 56317  94.22  29.22  2950    1.8
 56342  98.60  29.68  3870    0.2
 56373 102.85  29.78   763    2.4
 56376 102.63  29.33  1098    0.1
 56378 102.35  29.23   890    0.1
 56380 103.35  29.88   571    1.3
 56381 103.50  30.07   630    0.7
 56382 103.55  29.75   475    1.6
 56384 103.48  29.60   446    1.0
 56389 103.95  29.20   387    0.4
 56391 103.82  30.08   415    0.3
 56394 104.43  29.45   384    0.1
 56395 104.67  29.52   351    0.1
 56396 104.77  29.35   352    0.6
 56443  99.80  28.93  2842    0.4
 56473 102.77  28.95  1060    2.1
 56474 102.17  28.55  1774    4.7
 56478 102.43  28.30  1818    2.3
 56480 103.53  28.82   564    1.5
 56483 103.95  28.58   496    4.6
 56487 103.13  28.33  1943    7.8
 56489 103.63  28.23   877   10.0
 56490 103.90  28.95   424    1.7
 56491 104.57  28.70   287    3.1
 56493 104.97  28.85   292    1.4
 56494 104.33  28.84   386    0.2
 56496 105.23  28.32   358    1.3
 56497 104.23  28.10   448   11.9
 56498 104.50  28.15   549    7.0
 56499 104.78  28.38   368   14.4
 56569 102.18  27.42  1380   14.5
 56575 102.55  27.37  1428   11.9
 56578 102.75  27.07   993   38.0
 56580 102.80  27.72  2460   12.0
 56582 103.90  27.75  1176    8.8
 56584 103.25  27.70  1093    3.1
 56585 103.56  27.19  1952   20.1
 56592 104.52  28.43   359   10.5
 56593 104.92  28.58   279    3.4
 56594 104.05  27.63   880    5.4
 56598 104.73  27.13  1535    6.6
 56670 102.12  26.92  1136    4.9
 56673 102.92  26.92   893   25.8
 56675 102.58  26.65  1694   15.4
 56688 103.17  26.10  1254    8.4
 56697 104.08  26.22  1984    9.5
 56781 103.27  25.55  1873    4.1
 56782 103.55  25.42  2067    2.2
 56783 103.80  25.50  1906   29.1
 56790 104.25  25.68  1925   26.3
 56836  97.95  24.70   826    9.1
 56839  98.82  23.77   995    1.2
 56840  98.30  24.82  1012   11.4
 56841  98.68  24.60  1528    3.6
 56842  99.18  24.73  1471    0.4
 56844  98.58  24.43   913    0.1
 56854 100.13  24.45  1108    0.1
 56867 101.12  23.98  1105    0.2
 56883 103.98  24.82  1900    0.7
 56891 104.32  24.98  1482    1.0
 56948  99.60  22.63  1155    0.1
 56978 102.42  23.00  1642    0.9
 56987 103.23  22.78  1260    8.8
 56995 104.42  23.03  1332    4.4
 57247 108.90  32.32   438    0.1
 57248 109.33  32.40   431    0.2
 57292 114.63  32.97    44    0.6
 57299 114.90  32.02    49    0.1
 57368 111.63  31.05   141    1.5
 57377 112.22  31.00   191    9.3
 57385 113.82  31.62    93    0.5
 57386 114.00  31.25    51    8.2
 57387 113.13  31.00    84   11.7
 57388 113.71  31.27    53    8.6
 57389 113.75  31.03    32   20.6
 57390 114.07  31.80   733    0.3
 57396 114.85  31.63   128    0.2
 57398 114.62  31.28    74    2.8
 57437 108.03  30.30   325    0.3
 57438 108.12  29.98   632    1.9
 57453 111.32  30.77   115   29.8
 57460 111.78  30.82    91   15.5
 57462 111.08  30.87   139    8.4
 57464 111.18  30.47   142    6.8
 57465 111.45  30.38    74    9.0
 57466 111.75  30.43    50   10.9
 57469 111.77  30.18    69    8.6
 57475 112.90  30.40    31    9.4
 57477 112.22  30.07    38    3.8
 57481 113.57  30.95    30   12.5
 57485 113.47  30.28    23    4.1
 57486 113.85  30.65    25    9.8
 57489 114.01  30.52    23    6.6
 57491 114.40  30.87    31    4.6
 57492 114.84  30.84    40    1.3
 57495 114.88  30.67    28    9.8
 57496 114.87  30.37    31   15.5
 57498 114.94  30.52    26    9.3
 57499 114.88  30.07    40   21.1
 57505 105.58  29.42   338    0.2
 57508 105.37  29.15   301    0.6
 57509 106.92  28.99   599    3.2
 57519 107.11  29.16   698    3.9
 57522 107.27  29.74   372    1.8
 57525 107.75  29.32   277   10.4
 57537 108.17  29.30   322   27.0
 57540 109.15  29.68   776   14.9
 57541 109.48  30.00   532    5.1
 57543 110.03  29.90   539    5.9
 57544 109.45  29.47   488    8.3
 57558 110.47  29.13   183    6.7
 57564 111.13  29.43   103    6.8
 57565 111.73  29.67    38    6.9
 57566 111.65  29.45    51    9.8
 57571 112.40  29.70    35    7.3
 57575 112.55  29.52    31    7.8
 57577 112.17  29.40    36   34.0
 57582 113.88  29.72    46    3.8
 57585 113.45  29.48    60    7.0
 57586 114.03  29.53    78    1.4
 57589 113.87  29.27   146    9.1
 57590 114.37  29.85    98   13.3
 57596 114.20  29.63   751    6.2
 57600 105.06  28.71   420    0.4
 57603 105.83  28.82   283    1.7
 57609 105.70  28.58   317    0.5
 57623 107.60  28.88   685    1.6
 57634 107.88  28.52   660    0.9
 57635 108.98  28.45   363   17.5
 57636 108.50  28.57   334   23.2
 57637 108.10  28.25   629    4.0
 57640 109.45  28.58   341   13.6
 57643 109.83  29.00   268   11.9
 57646 109.95  28.62   302    9.9
 57657 110.21  28.23   186   67.0
 57658 110.20  28.02   152  119.6
 57661 111.48  28.92    48   18.2
 57663 111.95  28.92    31   13.7
 57666 112.13  28.52    52   31.7
 57674 112.38  28.57    46   18.1
 57678 112.55  28.25    74   14.7
 57680 113.11  28.86    82   11.7
 57688 113.63  28.16   101   42.1
 57694 114.38  28.53   259    8.1
 57698 114.45  28.12    98    6.4
 57699 114.92  28.23    66    2.4
 57708 105.60  27.15  1700    0.3
 57717 106.83  27.53   974    0.2
 57719 106.97  27.07  1275    0.8
 57720 107.17  27.88   889    1.6
 57723 107.72  27.98   710   12.2
 57728 107.47  27.07  1096    1.0
 57732 108.40  28.02   456   42.0
 57734 108.23  27.57   467   27.5
 57735 108.82  27.18   404   31.7
 57736 108.85  27.70   369   40.3
 57737 108.12  27.03   547    8.6
 57738 108.42  27.05   516   11.4
 57739 108.92  27.23   394   32.2
 57740 109.60  27.95   349   27.5
 57742 109.20  27.52   884   35.2
 57743 109.80  27.88   176   44.3
 57744 109.17  27.37   355   32.3
 57754 109.84  27.21   252    1.3
 57760 111.43  27.70   249   51.1
 57762 111.70  27.69   165   79.1
 57768 111.45  27.32   242    0.3
 57771 112.53  27.93    88   32.6
 57772 112.50  27.75    86   20.7
 57773 112.83  27.88    63   22.6
 57778 112.95  27.09    70    0.1
 57781 113.50  27.65    74   10.1
 57783 113.82  27.88   118   10.4
 57786 113.85  27.63   117    1.6
 57792 114.68  27.82    93    2.0
 57794 114.02  27.63   177    2.1
 57796 114.88  27.83   189    1.5
 57798 114.60  27.40    85    1.9
 57800 105.37  26.77  1457    7.4
 57807 105.47  26.21  1361    1.1
 57808 105.75  26.32  1274    1.3
 57809 105.75  26.07  1251    1.7
 57811 106.60  26.83  1296   12.1
 57813 106.47  26.57  1261    1.2
 57814 106.27  26.42  1298    2.7
 57818 106.45  26.03  1140   10.3
 57821 107.50  26.70   925    4.8
 57822 107.90  26.90   835    8.9
 57824 107.23  26.58  1001    2.2
 57828 107.58  26.50   983   26.8
 57829 107.80  26.20   963   27.6
 57834 108.30  26.68   641   45.8
 57835 108.43  26.72   527   33.2
 57837 108.07  26.40   839  155.5
 57844 109.18  26.68   343    0.3
 57846 110.15  26.58   310    0.1
 57859 110.63  26.03   408    0.4
 57865 111.62  26.50   192    0.1
 57867 111.28  26.40   169    0.1
 57875 112.68  26.75   137    0.1
 57882 113.55  26.79   136    1.2
 57883 114.28  26.75   253    2.4
 57886 113.80  26.48   268   13.1
 57887 113.12  26.12   167    0.1
 57891 114.25  26.93   153    5.2
 57899 114.92  26.80    71    0.1
 57900 105.22  25.83  1552    1.4
 57903 105.60  25.94  1142    6.2
 57905 105.61  25.40  1184   39.9
 57908 105.48  25.12  1394   44.7
 57909 105.82  24.98   584   67.0
 57911 106.65  26.67  1323    1.1
 57913 106.98  26.45  1093    6.4
 57914 106.67  26.42  1149    1.1
 57915 106.77  26.63  1104    2.3
 57921 107.34  25.85   821   25.6
 57923 107.87  25.98   419    6.4
 57927 107.18  24.97   287   35.7
 57936 108.91  25.76   258    0.2
 57941 109.60  25.78   197    3.3
 57942 110.00  25.80   268    0.2
 57948 109.25  25.08   122   11.2
 57949 110.00  24.98   156    1.3
 57962 111.65  25.97   167    0.1
 57975 112.20  25.38   277    0.1
 57981 113.22  25.97   139    0.1
 57994 114.35  25.40   215    0.1
 58108 115.33  33.23    34    0.2
 58230 118.28  32.12    26    5.4
 58237 118.59  32.07    46    0.2
 58268 121.08  32.10     4   0.01
 58316 116.92  31.47    23    0.1
 58317 116.37  30.87   434    0.1
 58327 117.28  31.27    45    1.4
 58329 117.87  31.33     9    0.2
 58330 118.08  31.75    26    0.1
 58334 118.37  31.38     9    0.2
 58335 118.52  31.57    23    0.2
 58339 118.90  31.33    15    0.1
 58340 119.03  31.66    25    0.1
 58346 119.81  31.34    16    0.3
 58349 120.56  31.41     8    0.2
 58359 120.62  31.13     4    0.1
 58361 121.37  31.10     5   0.01
 58367 121.43  31.20     4    0.2
 58369 121.78  31.05     5    0.1
 58370 121.53  31.23     4    0.2
 58401 115.40  30.75   123    1.3
 58404 115.22  30.47    61   12.9
 58408 115.43  30.23    35   12.2
 58409 115.93  30.10    32    7.2
 58417 116.13  30.17    54    8.4
 58418 116.67  30.13    60    6.7
 58421 117.87  30.63    31    0.2
 58423 117.78  30.48   647    1.4
 58426 118.13  30.30   193    1.2
 58427 117.50  30.65    15    0.3
 58428 117.50  30.22   118    1.3
 58431 118.32  30.90    39    0.8
 58432 118.40  30.68    57    0.2
 58433 118.75  30.93    31    0.2
 58435 118.53  30.30   220    1.2
 58438 118.58  30.08   191    0.2
 58441 119.42  30.87    43    0.1
 58442 119.18  31.17    16    0.1
 58446 119.70  30.63    72    0.9
 58454 119.98  30.53   102    1.3
 58455 120.65  30.52     8    1.0
 58456 120.52  30.63     6    0.1
 58458 120.90  30.54     4    0.5
 58459 120.29  30.19    44    0.1
 58461 121.12  31.13     4    0.2
 58462 121.23  31.03     4   0.01
 58501 115.63  29.92    23   10.2
 58502 116.02  29.67    74   14.3
 58503 115.67  29.70    41   10.4
 58505 115.90  29.62    63   10.1
 58508 115.77  29.33    41    6.2
 58509 115.82  29.05    36    1.0
 58510 116.23  29.73    40   10.7
 58512 116.55  29.90    71    8.8
 58514 116.05  29.45    37    8.0
 58517 116.20  29.27    35    8.8
 58523 117.93  29.93   227    1.2
 58524 117.22  29.37    87    4.8
 58529 117.85  29.27   171    5.1
 58530 118.43  29.87   168    1.2
 58534 118.18  29.78   170    2.0
 58537 118.40  29.13   153   10.7
 58547 119.18  29.03    66    1.1
 58601 115.38  28.70    53    0.4
 58602 115.55  28.85    40    1.3
 58605 115.38  28.42    46    0.1
 58609 115.82  28.22    27    0.1
 58614 116.27  28.38    34    1.0
 58615 117.08  28.68    56    0.1
 58616 116.82  28.20    40    0.1
 58618 116.60  28.27    82    2.2
 58619 116.37  28.00    49    0.4
 58620 117.10  29.02    51    1.2
 58627 117.06  28.31    56    6.9
 58629 117.71  28.29   100    3.0
 58631 118.50  28.90   137    5.5
 58632 118.60  28.72   126    2.7
 58642 119.80  28.88   105    0.9
 58643 120.03  28.90   102    0.2
 58647 119.13  28.08   222   16.6
 58654 120.08  28.67   184    0.3
 58657 120.28  28.15    57    1.4
 58658 120.68  28.15    34    0.9
 58664 121.37  28.37    35    0.7
 58710 116.05  27.77    78    0.2
 58735 118.75  27.52   260    9.4
 58736 118.82  27.38   262    1.3
 58745 119.08  27.62   400    3.3
 58746 119.70  27.55   538    0.5
 58747 119.35  27.15   899    1.2
 58751 120.57  27.67   254    0.1
 58804 115.35  26.35   151    1.3
 58824 117.15  26.40   357    0.1
 58905 115.42  25.97   133    1.9
 58912 116.73  25.72   404    0.1
 58923 117.83  25.70   400    0.1
 58928 117.53  25.02   166    0.8
 58934 118.27  25.33   183    0.6
 58935 118.23  25.48   521    0.4
 59001 105.33  24.78   672    5.0
 59004 105.10  24.50   725    0.1
 59012 106.55  24.78   972   34.0
 59015 106.57  24.35   437    2.7
 59017 106.27  24.27   278    0.3
 59022 107.55  24.98   749    0.7
 59025 107.38  24.53   248    3.2
 59027 107.25  24.13   254    1.4
 59031 108.26  24.81   342    4.4
 59041 109.25  24.65   108    3.0
 59094 114.12  24.35   184    0.1
