diamond  3 2015年06月17日14点6小时降雨量                     
  15  06  17  14    -1 3 10 25 50 1 0
 39 122.7  37.3 122.5  36.7 120.8  36.2 119.3  35.0 120.4  34.3
 121.1  32.7 122.3  30.9 122.5  30.1 121.5  28.0 119.8  25.0
 116.1  22.6 111.0  21.0 111.0  18.6 109.6  18.1 108.3  18.5
 108.9  19.9 109.3  21.0 106.4  21.6 104.1  22.2 101.6  20.8
  98.7  22.0  97.1  24.1  97.7  27.0  91.7  26.6  85.7  27.7
  78.9  30.6  73.3  37.1  74.1  40.7  87.6  49.8  98.5  43.9
 110.4  44.3 122.0  54.7 135.7  48.3 131.5  42.2 125.2  39.4
 121.3  38.5 121.2  40.3 118.5  38.6 120.8  38.1
 1     373
 50431 121.52  50.78   717    0.6
 50445 123.73  50.58   423    5.6
 50524 119.43  49.32   576    0.5
 50525 119.75  49.15   620   0.01
 50526 120.70  49.28   668    1.7
 50566 128.47  49.55   116    1.2
 50647 123.48  48.13   236    1.0
 50741 123.50  47.93   185    0.2
 50755 126.07  47.62   249    0.9
 50832 122.08  46.72   332   0.01
 50852 126.45  46.82   169    1.3
 50859 126.28  46.29   169    0.3
 50861 127.48  46.89   182    2.5
 50913 118.83  45.72   865    1.9
 50924 119.65  45.55   860    1.0
 50928 120.33  45.07   628    8.1
 50965 128.27  45.43   167    6.7
 51482  90.28  43.83  1271    5.4
 51571  88.63  42.80     1   0.01
 51572  89.25  42.83   -48    8.6
 52745  99.02  37.30  3417    0.3
 52842  99.08  36.78  3087    1.3
 52853 100.98  36.90  3010    0.7
 52855 101.25  36.68  2675    1.6
 52862 101.68  36.95  2450    0.6
 52863 101.95  36.82  2480    0.7
 52869 101.58  36.50  2667    4.2
 52874 102.41  36.49  2021   0.01
 52875 102.10  36.50  2125   0.01
 52877 102.25  36.10  2834    4.5
 52957 100.60  35.25  3148    2.6
 52963 102.02  35.93  2085    2.4
 52968 101.47  35.03  3662    3.7
 52972 102.45  35.85  1921    1.3
 52978 102.49  35.19  2948    5.2
 52980 103.30  35.97  1648   0.01
 52981 103.38  35.68  2421    1.0
 52982 103.55  35.48  1953    0.3
 52985 103.33  35.42  2162    0.5
 52988 103.72  35.37  2015    0.1
 52998 104.20  35.13  2111   0.01
 53492 114.15  40.10   937   0.01
 53518 106.35  39.03  1117    0.2
 53547 109.03  39.10  1312    0.1
 53575 112.20  39.10  1525    0.4
 53577 112.30  39.00  1437    4.4
 53590 114.27  39.75   977    3.4
 53596 115.13  38.85    52   0.01
 53602 105.67  38.83  1561   0.01
 53619 106.30  38.12  1115    0.3
 53658 110.48  38.03   894    1.5
 53662 111.58  38.72  1396    0.1
 53665 111.65  38.28  1185    0.6
 53666 111.93  38.35  1212    0.2
 53669 111.80  38.08  1150    3.0
 53682 114.68  38.63   104    0.1
 53690 114.18  38.85   281    7.8
 53692 114.98  38.73    66   0.01
 53750 110.18  37.77   931   0.01
 53763 112.17  37.92  1006    4.0
 53769 111.78  37.25   747   0.01
 53774 112.37  37.58   759   0.01
 53776 112.77  37.68   831   0.01
 53777 112.14  37.51   753   0.01
 53780 113.15  37.91  1066   0.01
 53786 113.33  37.09  1152    0.4
 53862 111.80  36.85   811    6.7
 53872 112.68  36.77   960   0.01
 53875 112.35  36.52  1000   0.01
 54024 119.30  44.45   710   23.3
 54065 125.65  44.53   169   0.01
 54093 130.55  44.93   266    1.4
 54113 118.65  43.53   621   17.9
 54117 117.53  43.25  1003    6.3
 54122 120.03  43.86   428    0.2
 54154 124.30  43.35   160   0.01
 54205 116.00  42.23  1315    0.5
 54214 118.42  42.58   960    7.0
 54261 125.47  42.67   345    0.2
 54279 126.58  42.05   544    0.1
 54301 115.67  41.67  1412    0.5
 54313 118.70  41.93   733    5.8
 54316 118.75  41.52   679    0.3
 54318 117.73  41.32   561   0.01
 54327 119.35  41.23   417   0.01
 54331 121.75  41.60   113   0.01
 54371 126.43  41.93   520    1.0
 54412 116.63  40.73   331   0.01
 54419 116.63  40.37    75   0.01
 54420 117.33  40.93   529    0.3
 54437 118.62  39.51    18   0.01
 54505 116.10  39.94    98   0.01
 54507 115.52  39.33    49   0.01
 54531 118.72  39.73    43    0.5
 54540 119.20  39.73    17   0.01
 54597 115.74  39.73   407    0.4
 54619 116.92  38.92     5   0.01
 54907 116.65  34.98    34    0.2
 56034  97.13  33.80  4415    0.1
 56045  99.90  33.97  4050   0.01
 56071 102.50  34.59  3190    0.7
 56081 103.35  34.70  2810    0.5
 56082 103.50  34.58  2540    0.4
 56084 103.23  34.07  2374    0.1
 56095 104.38  34.03  1753    0.1
 56097 104.25  33.27  1440    0.4
 56109  93.78  31.48  3940    4.8
 56128  96.60  31.22  3810    0.1
 56158 100.67  31.40  3250    0.2
 56168 102.07  31.48  2168   0.01
 56183 103.62  31.50  1370    0.1
 56184 103.17  31.43  1896   0.01
 56185 102.98  32.08  2400   0.01
 56193 104.52  32.42   893   0.01
 56199 104.68  31.03   423   0.01
 56291 104.28  30.93   469   0.01
 56296 104.43  30.85   448   0.01
 56317  94.22  29.22  2950    0.3
 56378 102.35  29.23   890    0.1
 56473 102.77  28.95  1060    0.4
 56483 103.95  28.58   496   0.01
 56487 103.13  28.33  1943    0.4
 56489 103.63  28.23   877   0.01
 56496 105.23  28.32   358    0.2
 56497 104.23  28.10   448    0.5
 56582 103.90  27.75  1176   0.01
 56596 105.05  27.85  1177    0.1
 56641  98.87  26.90  1189    0.4
 56645  99.42  26.42  2344   10.3
 56746  99.52  25.47  1616   0.01
 56767 101.28  25.18  1857   0.01
 56835  97.82  24.07   959   18.0
 56836  97.95  24.70   826   18.4
 56839  98.82  23.77   995    0.1
 56840  98.30  24.82  1012    8.4
 56841  98.68  24.60  1528    8.7
 56843  99.62  24.83  1650    0.1
 56844  98.58  24.43   913    0.4
 56846  99.93  24.58  1569    0.3
 56849  99.23  24.03  1606    0.2
 56851 100.53  25.04  1377    0.8
 56862 101.60  24.68  1968   0.01
 56867 101.12  23.98  1105   0.01
 56869 101.97  24.07  1497   0.01
 56873 102.92  24.68  1796   0.01
 56944  99.27  23.15  1278    0.1
 56950  99.80  23.47  1044    0.4
 56962 101.67  23.42  1314    4.3
 57004 104.88  34.73  1495   0.01
 57044 109.23  34.40   424    0.1
 57056 110.86  34.54   484    0.2
 57155 109.87  33.55   660    0.1
 57175 112.23  33.05   191    0.1
 57248 109.33  32.40   431   0.01
 57249 109.68  32.32   448    0.6
 57261 111.52  33.12   233    0.1
 57296 114.73  32.35    48    0.1
 57298 114.55  32.22    55    0.2
 57299 114.90  32.02    49   0.01
 57303 105.92  31.73   459   0.01
 57314 106.07  31.35   405   0.01
 57317 106.42  31.03   324   0.01
 57318 106.55  31.07   338   0.01
 57320 107.22  31.93   482   0.01
 57324 107.08  31.58   364    0.6
 57326 107.72  31.37   389   0.01
 57329 107.85  31.10   467    1.4
 57338 108.42  31.18   216    0.4
 57339 108.68  30.95   297    6.0
 57345 109.62  31.40   337   19.7
 57349 109.86  31.08   606   41.6
 57361 111.27  31.88   327   0.01
 57362 110.67  31.75   935    1.0
 57368 111.63  31.05   141   11.1
 57377 112.22  31.00   191   26.9
 57386 114.00  31.25    51    1.0
 57387 113.13  31.00    84    9.9
 57388 113.71  31.27    53    2.5
 57389 113.75  31.03    32    4.5
 57390 114.07  31.80   733   0.01
 57396 114.85  31.63   128   0.01
 57398 114.62  31.28    74    0.3
 57401 105.37  30.87   383    0.1
 57407 105.03  30.28   462    1.1
 57413 106.97  30.85   295   0.01
 57414 106.45  30.52   403    0.1
 57416 106.93  30.33   391    0.2
 57420 107.19  30.75   418    0.1
 57425 107.33  30.33   433    0.5
 57431 108.35  30.83   257    6.3
 57437 108.03  30.30   325    5.6
 57438 108.12  29.98   632    7.1
 57453 111.32  30.77   115   21.3
 57460 111.78  30.82    91   40.8
 57462 111.08  30.87   139   20.6
 57464 111.18  30.47   142   28.5
 57465 111.45  30.38    74   35.7
 57466 111.75  30.43    50   25.4
 57469 111.77  30.18    69   27.6
 57475 112.90  30.40    31   20.1
 57477 112.22  30.07    38   31.4
 57481 113.57  30.95    30    7.0
 57485 113.47  30.28    23   18.9
 57486 113.85  30.65    25    9.7
 57489 114.01  30.52    23   16.5
 57491 114.40  30.87    31   21.6
 57492 114.84  30.84    40   26.3
 57495 114.88  30.67    28   28.5
 57496 114.87  30.37    31   56.6
 57498 114.94  30.52    26   51.4
 57499 114.88  30.07    40    5.7
 57505 105.58  29.42   338    0.1
 57506 105.90  29.37   353    0.2
 57509 106.92  28.99   599    1.8
 57510 106.07  29.85   326    0.1
 57511 106.45  29.85   240    0.5
 57513 106.62  29.73   464    0.2
 57514 106.22  29.58   331    0.9
 57518 106.50  29.33   506   0.01
 57519 107.11  29.16   698    0.2
 57522 107.27  29.74   372    7.6
 57537 108.17  29.30   322    0.3
 57540 109.15  29.68   776   34.4
 57541 109.48  30.00   532    5.4
 57543 110.03  29.90   539   17.8
 57544 109.45  29.47   488   15.2
 57558 110.47  29.13   183    6.7
 57564 111.13  29.43   103    9.8
 57565 111.73  29.67    38    7.4
 57566 111.65  29.45    51    2.9
 57571 112.40  29.70    35    3.6
 57575 112.55  29.52    31    0.6
 57577 112.17  29.40    36    2.0
 57582 113.88  29.72    46    4.3
 57585 113.45  29.48    60    1.6
 57586 114.03  29.53    78    0.1
 57589 113.87  29.27   146    0.3
 57590 114.37  29.85    98    8.0
 57596 114.20  29.63   751    2.4
 57603 105.83  28.82   283    0.4
 57609 105.70  28.58   317    1.3
 57635 108.98  28.45   363    0.1
 57636 108.50  28.57   334    4.4
 57640 109.45  28.58   341    0.6
 57643 109.83  29.00   268   16.4
 57646 109.95  28.62   302    0.1
 57657 110.21  28.23   186   0.01
 57661 111.48  28.92    48    2.5
 57663 111.95  28.92    31    0.3
 57666 112.13  28.52    52   0.01
 57674 112.38  28.57    46   0.01
 57717 106.83  27.53   974   0.01
 57723 107.72  27.98   710    0.2
 57736 108.85  27.70   369   0.01
 57811 106.60  26.83  1296   0.01
 58035 118.35  34.33    29   0.01
 58036 118.71  34.54    32   0.01
 58044 119.23  34.55     4   0.01
 58048 119.35  34.12     4   0.01
 58049 119.80  34.02     4   0.01
 58112 116.45  30.73   968   42.1
 58131 118.22  33.97    25    0.1
 58139 118.91  33.31    10    0.3
 58145 119.15  33.50     7    0.4
 58146 119.77  33.47     3    8.9
 58147 118.97  32.98    24    0.6
 58148 119.34  33.27     3    0.7
 58154 120.20  33.43     2    5.8
 58202 115.57  32.67    31    0.1
 58205 115.43  32.47    34   0.01
 58223 117.98  32.80    31    0.1
 58230 118.28  32.12    26    0.3
 58234 118.42  32.47    40    0.6
 58235 118.85  32.37    10    2.5
 58237 118.59  32.07    46    2.9
 58240 119.02  32.68    21    5.4
 58242 119.16  32.30    22    2.1
 58243 119.82  32.95     3    4.3
 58244 119.59  32.45     5    4.5
 58245 119.42  32.41     9    3.8
 58246 119.99  32.56     2    9.1
 58247 119.80  32.27     3    6.1
 58249 120.05  32.16     6    9.6
 58250 120.16  32.51     6   12.9
 58254 120.45  32.52     5   14.8
 58257 120.26  31.99     4   13.6
 58264 121.18  32.33     3    8.3
 58268 121.08  32.10     4   13.8
 58269 121.65  31.78     3    7.0
 58301 115.38  31.82    92   0.01
 58306 115.88  31.68    95    1.2
 58316 116.92  31.47    23    2.0
 58317 116.37  30.87   434   25.8
 58320 117.13  31.73    21    4.4
 58323 117.47  31.88    25    2.7
 58327 117.28  31.27    45    6.8
 58329 117.87  31.33     9    5.3
 58330 118.08  31.75    26    2.9
 58331 118.37  31.73    22    6.1
 58334 118.37  31.38     9    4.6
 58335 118.52  31.57    23    2.8
 58337 118.18  31.08    26    6.3
 58339 118.90  31.33    15    3.7
 58340 119.03  31.66    25    6.3
 58341 119.59  31.98     6    7.2
 58342 119.55  31.72     6    7.8
 58344 119.20  31.96    36    5.1
 58346 119.81  31.34    16    3.1
 58349 120.56  31.41     8   12.4
 58351 120.30  31.90     4   18.4
 58352 120.77  31.65     4   29.9
 58353 120.57  31.86    11   17.0
 58359 120.62  31.13     4    0.8
 58360 121.20  31.92     3   12.2
 58361 121.37  31.10     5    4.0
 58365 121.25  31.37     4   13.9
 58366 121.49  31.67     4    9.8
 58367 121.43  31.20     4    6.9
 58369 121.78  31.05     5    8.9
 58370 121.53  31.23     4    9.5
 58377 121.11  31.51     5   16.2
 58401 115.40  30.75   123   23.3
 58404 115.22  30.47    61   84.8
 58408 115.43  30.23    35   11.8
 58409 115.93  30.10    32    1.4
 58415 116.55  30.67    64   88.6
 58416 116.82  30.75    35   29.6
 58417 116.13  30.17    54    7.9
 58418 116.67  30.13    60    4.4
 58420 117.23  30.72    58   26.9
 58421 117.87  30.63    31    9.2
 58423 117.78  30.48   647   18.4
 58426 118.13  30.30   193    4.0
 58427 117.50  30.65    15   25.8
 58428 117.50  30.22   118    8.2
 58431 118.32  30.90    39    5.0
 58432 118.40  30.68    57    6.8
 58433 118.75  30.93    31   11.6
 58435 118.53  30.30   220    1.3
 58438 118.58  30.08   191    0.4
 58441 119.42  30.87    43    2.0
 58442 119.18  31.17    16    3.3
 58443 119.89  31.02    25    0.2
 58446 119.70  30.63    72    1.9
 58451 120.93  30.83     2    0.8
 58452 120.77  30.73     4    0.2
 58453 120.50  30.07     7   0.01
 58454 119.98  30.53   102    1.5
 58455 120.65  30.52     8    0.4
 58456 120.52  30.63     6    0.2
 58458 120.90  30.54     4    0.2
 58459 120.29  30.19    44    0.1
 58460 121.35  30.73     5    0.3
 58461 121.12  31.13     4    6.6
 58462 121.23  31.03     4    1.4
 58463 121.50  30.88     4    2.6
 58468 121.17  30.05     5   0.01
 58484 122.20  30.25    37   0.01
 58501 115.63  29.92    23    0.9
 58510 116.23  29.73    40   0.01
 58514 116.05  29.45    37   0.01
 58523 117.93  29.93   227    1.3
 58524 117.22  29.37    87    0.4
 58529 117.85  29.27   171   0.01
 58534 118.18  29.78   170    0.2
 58561 121.60  29.98     4   0.01
 58624 117.43  28.40    70   0.01
 59093 115.03  24.78   253    0.1
 59249 109.62  23.12    51   0.01
 59297 114.28  23.17    17    0.2
 59448 109.55  22.27    69    0.5
 59449 109.98  22.30    85    0.1
 59492 114.73  22.97    47    1.5
