diamond  3 2015年06月21日20点6小时降雨量                     
  15  06  21  20    -1 3 10 25 50 1 0
 39 122.7  37.3 122.5  36.7 120.8  36.2 119.3  35.0 120.4  34.3
 121.1  32.7 122.3  30.9 122.5  30.1 121.5  28.0 119.8  25.0
 116.1  22.6 111.0  21.0 111.0  18.6 109.6  18.1 108.3  18.5
 108.9  19.9 109.3  21.0 106.4  21.6 104.1  22.2 101.6  20.8
  98.7  22.0  97.1  24.1  97.7  27.0  91.7  26.6  85.7  27.7
  78.9  30.6  73.3  37.1  74.1  40.7  87.6  49.8  98.5  43.9
 110.4  44.3 122.0  54.7 135.7  48.3 131.5  42.2 125.2  39.4
 121.3  38.5 121.2  40.3 118.5  38.6 120.8  38.1
 1     403
 50445 123.73  50.58   423   18.3
 50645 124.48  48.48   195    0.3
 50646 124.85  48.48   202   0.01
 50778 132.53  47.67    57   0.01
 50779 134.28  48.37    40    9.7
 50946 124.83  45.18   139    0.1
 51353  86.10  45.02   346   0.01
 51468  86.83  43.10  3539    0.8
 51707  76.73  39.50  1208    0.4
 51829  80.17  37.08  1347   0.01
 51839  82.72  37.07  1409    0.1
 52643  99.62  38.83  2311    0.1
 52784 102.90  37.47  2072   0.01
 52881 103.18  36.98  2484    0.1
 52885 103.25  36.75  2118    0.4
 52993 105.07  35.68  1739    4.1
 53343 109.97  41.77  1612    0.6
 53367 111.23  41.32  1602    0.9
 53368 111.47  41.08  1637    0.8
 53378 112.62  41.28  1737    0.8
 53384 113.18  41.45  1423    2.5
 53385 113.54  41.60  1420    1.0
 53455 110.53  40.55   998   0.01
 53466 111.70  40.75  1045    0.2
 53467 111.18  40.27  1016    0.2
 53469 111.82  40.40  1166    0.7
 53472 112.57  40.87  1451    2.4
 53475 112.47  40.52  1268    0.2
 53481 113.22  40.80  1316    0.6
 53483 113.83  40.87  1268    1.4
 53533 108.71  39.81  1414    1.8
 53553 111.22  39.87  1221    4.5
 53562 111.66  39.92  1208    0.1
 53565 111.50  39.43  1051    1.2
 53567 111.00  39.02  1024    0.3
 53577 112.30  39.00  1437    0.2
 53579 112.90  39.02   859    0.1
 53660 111.08  39.02   894   0.01
 53662 111.58  38.72  1396    0.1
 53665 111.65  38.28  1185    0.1
 53666 111.93  38.35  1212    0.6
 53669 111.80  38.08  1150    0.2
 53674 112.70  38.40   869    0.6
 53676 112.98  38.50   759    0.8
 53681 113.37  38.83  1096    0.5
 53685 113.42  38.07   953    0.6
 53707 105.25  36.93  1697    1.5
 53760 111.23  37.88  1212    0.1
 53778 112.22  37.17   780   0.01
 53780 113.15  37.91  1066    0.1
 53865 111.55  36.65  1011    0.1
 53871 112.85  36.83   964   0.01
 53880 113.23  36.33   947    0.9
 53888 113.43  36.20  1089    1.2
 54205 116.00  42.23  1315    0.1
 56109  93.78  31.48  3940    0.3
 56128  96.60  31.22  3810    2.4
 56147  98.83  31.22  3260   0.01
 56273 102.82  30.39  1022   0.01
 56317  94.22  29.22  2950    2.1
 56342  98.60  29.68  3870    6.8
 56371 102.23  29.92  1321   0.01
 56441  99.28  28.72  2422   0.01
 56443  99.80  28.93  2842    0.5
 56569 102.18  27.42  1380    0.1
 56594 104.05  27.63   880    0.2
 56598 104.73  27.13  1535    0.1
 56652 100.75  26.68  2130   0.01
 56669 101.67  26.05  1531    0.7
 56761 101.32  25.72  1878    0.8
 56766 101.52  25.31  1822    6.7
 56767 101.28  25.18  1857    2.5
 56772 102.50  25.23  1692    3.6
 56774 102.42  25.53  1710    1.4
 56775 102.45  25.55  1750    0.1
 56777 102.10  25.11  1671    0.2
 56783 103.80  25.50  1906    0.2
 56788 103.62  24.98  1857    6.7
 56790 104.25  25.68  1925   0.01
 56835  97.82  24.07   959    0.3
 56836  97.95  24.70   826    0.1
 56839  98.82  23.77   995   0.01
 56863 102.48  24.93  1848    1.1
 56870 102.18  24.66  1600   11.4
 56871 102.60  24.65  1893    5.4
 56872 102.62  24.95  2358    2.4
 56873 102.92  24.68  1796    1.3
 56876 102.77  24.28  1731    8.4
 56879 102.91  24.19  1702    1.8
 56883 103.98  24.82  1900    0.1
 56885 103.45  24.40  1415    2.4
 56889 104.17  24.05  1518    5.6
 56891 104.32  24.98  1482    1.3
 56944  99.27  23.15  1278    1.1
 56952 100.70  23.50   913   0.01
 56958 100.47  21.96  1222    0.4
 56962 101.67  23.42  1314    5.7
 56978 102.42  23.00  1642    3.5
 56982 103.29  23.70  1117    0.1
 56992 104.70  23.45  1507    1.0
 57396 114.85  31.63   128   0.01
 57453 111.32  30.77   115   0.01
 57465 111.45  30.38    74    0.1
 57469 111.77  30.18    69    0.1
 57475 112.90  30.40    31    2.0
 57477 112.22  30.07    38   0.01
 57485 113.47  30.28    23    6.7
 57486 113.85  30.65    25    1.6
 57489 114.01  30.52    23    1.1
 57491 114.40  30.87    31    0.4
 57492 114.84  30.84    40    1.3
 57495 114.88  30.67    28    2.8
 57496 114.87  30.37    31    7.3
 57498 114.94  30.52    26    6.6
 57499 114.88  30.07    40   36.2
 57506 105.90  29.37   353   0.01
 57507 105.30  29.33   385   0.01
 57540 109.15  29.68   776   0.01
 57541 109.48  30.00   532    0.2
 57543 110.03  29.90   539    0.1
 57544 109.45  29.47   488    0.1
 57558 110.47  29.13   183    1.0
 57564 111.13  29.43   103    0.8
 57565 111.73  29.67    38    0.2
 57566 111.65  29.45    51    1.5
 57571 112.40  29.70    35    1.0
 57575 112.55  29.52    31    2.8
 57577 112.17  29.40    36    3.0
 57582 113.88  29.72    46   28.9
 57585 113.45  29.48    60   12.6
 57586 114.03  29.53    78   13.0
 57589 113.87  29.27   146    4.4
 57590 114.37  29.85    98   27.5
 57596 114.20  29.63   751   20.7
 57635 108.98  28.45   363    0.1
 57643 109.83  29.00   268    0.2
 57646 109.95  28.62   302   0.01
 57657 110.21  28.23   186    1.8
 57661 111.48  28.92    48    5.1
 57663 111.95  28.92    31   18.3
 57666 112.13  28.52    52   45.2
 57674 112.38  28.57    46   34.3
 57678 112.55  28.25    74   24.6
 57680 113.11  28.86    82   14.6
 57688 113.63  28.16   101    5.0
 57694 114.38  28.53   259    5.6
 57698 114.45  28.12    98    0.3
 57699 114.92  28.23    66    0.1
 57717 106.83  27.53   974    0.1
 57735 108.82  27.18   404    4.8
 57736 108.85  27.70   369    0.1
 57737 108.12  27.03   547    0.8
 57738 108.42  27.05   516    2.1
 57739 108.92  27.23   394    2.2
 57740 109.60  27.95   349    0.1
 57742 109.20  27.52   884    1.6
 57743 109.80  27.88   176   0.01
 57744 109.17  27.37   355    3.7
 57754 109.84  27.21   252    6.5
 57760 111.43  27.70   249    4.1
 57762 111.70  27.69   165    6.5
 57763 112.00  27.68   205    4.1
 57767 111.01  27.13   308    0.9
 57768 111.45  27.32   242    0.6
 57769 111.73  27.23   252   13.2
 57771 112.53  27.93    88    8.3
 57772 112.50  27.75    86   19.4
 57781 113.50  27.65    74    0.1
 57783 113.82  27.88   118    0.7
 57786 113.85  27.63   117   0.01
 57792 114.68  27.82    93   0.01
 57794 114.02  27.63   177    0.1
 57808 105.75  26.32  1274   0.01
 57818 106.45  26.03  1140    0.4
 57821 107.50  26.70   925    0.1
 57822 107.90  26.90   835    0.3
 57828 107.58  26.50   983    0.3
 57829 107.80  26.20   963    0.1
 57834 108.30  26.68   641    4.3
 57835 108.43  26.72   527    2.7
 57837 108.07  26.40   839    1.6
 57842 109.72  26.88   281    4.1
 57844 109.18  26.68   343    2.0
 57851 110.83  26.46   346    2.3
 57859 110.63  26.03   408    0.2
 57860 111.28  27.00   283    0.2
 57883 114.28  26.75   253   25.6
 57900 105.22  25.83  1552   0.01
 57905 105.61  25.40  1184   0.01
 57908 105.48  25.12  1394    0.2
 57913 106.98  26.45  1093    0.3
 57923 107.87  25.98   419    0.3
 57927 107.18  24.97   287    1.2
 57948 109.25  25.08   122    3.0
 57954 110.18  25.23   157    3.0
 57956 110.32  25.42   167   0.01
 57958 110.32  25.08   151    1.0
 57981 113.22  25.97   139    0.3
 57991 114.55  25.80   140    9.4
 57992 114.75  25.67   127    3.2
 58112 116.45  30.73   968    9.1
 58230 118.28  32.12    26    0.2
 58237 118.59  32.07    46    0.4
 58244 119.59  32.45     5   0.01
 58245 119.42  32.41     9   0.01
 58246 119.99  32.56     2    0.4
 58247 119.80  32.27     3    0.1
 58249 120.05  32.16     6    0.5
 58254 120.45  32.52     5   0.01
 58257 120.26  31.99     4    1.2
 58264 121.18  32.33     3    0.1
 58268 121.08  32.10     4    0.1
 58269 121.65  31.78     3    0.6
 58301 115.38  31.82    92    0.1
 58306 115.88  31.68    95    1.5
 58316 116.92  31.47    23    1.2
 58317 116.37  30.87   434    5.7
 58320 117.13  31.73    21    3.1
 58323 117.47  31.88    25    0.4
 58327 117.28  31.27    45    3.6
 58329 117.87  31.33     9    6.7
 58330 118.08  31.75    26    1.7
 58331 118.37  31.73    22    1.7
 58334 118.37  31.38     9    7.8
 58335 118.52  31.57    23    4.2
 58337 118.18  31.08    26   10.5
 58339 118.90  31.33    15   11.0
 58340 119.03  31.66    25    3.3
 58341 119.59  31.98     6    0.8
 58342 119.55  31.72     6    1.9
 58344 119.20  31.96    36    0.3
 58346 119.81  31.34    16    4.1
 58349 120.56  31.41     8    3.2
 58351 120.30  31.90     4    1.4
 58352 120.77  31.65     4    2.3
 58353 120.57  31.86    11    0.9
 58359 120.62  31.13     4    3.4
 58360 121.20  31.92     3    0.1
 58361 121.37  31.10     5    1.9
 58365 121.25  31.37     4    2.6
 58366 121.49  31.67     4    1.5
 58367 121.43  31.20     4    2.1
 58369 121.78  31.05     5    0.9
 58370 121.53  31.23     4    2.2
 58377 121.11  31.51     5    2.3
 58401 115.40  30.75   123    2.4
 58404 115.22  30.47    61    8.5
 58408 115.43  30.23    35   32.5
 58409 115.93  30.10    32   17.8
 58415 116.55  30.67    64   10.7
 58416 116.82  30.75    35   10.5
 58417 116.13  30.17    54   30.9
 58418 116.67  30.13    60   23.7
 58420 117.23  30.72    58   11.0
 58421 117.87  30.63    31   31.1
 58423 117.78  30.48   647   25.3
 58426 118.13  30.30   193   31.5
 58427 117.50  30.65    15   15.7
 58428 117.50  30.22   118   38.4
 58431 118.32  30.90    39   22.3
 58432 118.40  30.68    57   34.9
 58433 118.75  30.93    31   16.7
 58435 118.53  30.30   220   30.6
 58438 118.58  30.08   191   25.6
 58441 119.42  30.87    43   17.8
 58442 119.18  31.17    16    5.4
 58443 119.89  31.02    25    7.1
 58446 119.70  30.63    72   12.1
 58449 119.95  30.05    46   17.6
 58451 120.93  30.83     2    5.7
 58452 120.77  30.73     4   12.4
 58453 120.50  30.07     7   24.7
 58454 119.98  30.53   102   18.3
 58455 120.65  30.52     8   12.2
 58456 120.52  30.63     6   14.7
 58458 120.90  30.54     4    8.7
 58459 120.29  30.19    44   21.0
 58460 121.35  30.73     5    5.9
 58461 121.12  31.13     4    3.2
 58462 121.23  31.03     4    2.4
 58463 121.50  30.88     4    1.7
 58468 121.17  30.05     5   15.9
 58484 122.20  30.25    37    0.6
 58501 115.63  29.92    23   13.4
 58502 116.02  29.67    74   15.2
 58503 115.67  29.70    41   10.4
 58505 115.90  29.62    63   12.1
 58507 115.12  29.25   116    8.7
 58508 115.77  29.33    41    5.0
 58509 115.82  29.05    36    0.2
 58510 116.23  29.73    40    8.7
 58512 116.55  29.90    71    9.7
 58514 116.05  29.45    37    5.7
 58517 116.20  29.27    35    2.6
 58523 117.93  29.93   227   22.2
 58524 117.22  29.37    87   10.6
 58529 117.85  29.27   171    0.7
 58530 118.43  29.87   168   39.3
 58534 118.18  29.78   170   28.6
 58537 118.40  29.13   153    5.1
 58542 119.68  29.82    46   10.7
 58544 119.27  29.48    88   14.5
 58546 119.88  29.47   115   36.7
 58547 119.18  29.03    66   28.0
 58548 119.47  29.22    50   15.4
 58550 120.25  29.70    39   24.6
 58555 120.88  29.52   113   15.7
 58558 120.22  29.27    89   15.8
 58559 120.97  29.15   107   12.5
 58560 120.43  29.05   304   15.6
 58561 121.60  29.98     4    7.8
 58563 121.83  29.88     5   11.7
 58565 121.39  29.69    41   28.2
 58566 121.88  29.47     6    2.5
 58567 121.43  29.32    39    3.9
 58568 121.38  29.12    34    0.3
 58570 122.30  29.95    85    4.0
 58601 115.38  28.70    53    2.1
 58602 115.55  28.85    40    2.4
 58605 115.38  28.42    46    0.3
 58607 115.95  28.55    31    0.5
 58609 115.82  28.22    27   0.01
 58612 116.68  28.70    21    1.1
 58614 116.27  28.38    34   0.01
 58615 117.08  28.68    56    6.4
 58620 117.10  29.02    51    0.7
 58623 117.92  28.47    90   18.0
 58625 117.60  28.42    79    0.3
 58629 117.71  28.29   100   27.0
 58631 118.50  28.90   137   17.7
 58632 118.60  28.72   126   22.2
 58635 118.20  28.43    95   23.9
 58642 119.80  28.88   105   12.0
 58643 120.03  28.90   102   24.5
 58644 119.28  28.60   237   22.8
 58647 119.13  28.08   222    1.4
 58654 120.08  28.67   184    8.6
 58656 120.97  28.07    60   0.01
 58657 120.28  28.15    57    0.1
 58658 120.68  28.15    34    0.1
 58660 121.20  28.87     6   0.01
 58664 121.37  28.37    35   0.01
 58693 115.83  28.70    40    0.8
 58713 117.07  27.72   225    0.4
 58724 117.32  27.53   268    0.6
 58745 119.08  27.62   400    1.1
 58746 119.70  27.55   538    5.7
 58747 119.35  27.15   899    0.6
 58751 120.57  27.67   254    0.3
 58828 117.62  26.27   208   0.01
 58836 118.73  26.58   361   13.1
 58845 119.53  26.50    60   0.01
 58907 115.40  25.15   305    0.2
 58923 117.83  25.70   400    0.8
 58928 117.53  25.02   166    0.2
 59001 105.33  24.78   672   0.01
 59012 106.55  24.78   972    0.5
 59015 106.57  24.35   437    0.6
 59017 106.27  24.27   278    0.1
 59022 107.55  24.98   749    0.8
 59025 107.38  24.53   248    1.8
 59027 107.25  24.13   254    0.2
 59033 108.90  24.78   328    5.2
 59041 109.25  24.65   108    5.5
 59051 110.50  24.77   136    0.1
 59057 110.18  24.13   830    8.4
 59075 112.63  24.48    70    1.5
 59081 113.29  24.78   131    0.2
 59091 114.52  24.75   277    0.6
 59093 115.03  24.78   253    0.2
 59094 114.12  24.35   184   11.9
 59099 114.93  24.45   173    0.1
 59106 115.90  24.58   152    0.9
 59109 115.73  24.15   123    1.9
 59122 117.75  24.62    43    0.1
 59124 117.38  24.52    53    3.2
 59127 117.83  24.43    32    0.8
 59129 117.60  24.13    53   23.6
 59205 105.63  23.65   685    0.2
 59230 108.17  23.72   168   0.01
 59264 111.50  23.40    83    0.5
 59266 111.23  23.42    42    0.1
 59268 111.54  23.26    70    0.8
 59269 111.78  23.17    47    1.6
 59270 112.18  23.92    84    2.7
 59284 113.24  23.42    38    9.3
 59285 113.60  23.57    38    8.9
 59288 113.02  23.15    29   0.01
 59290 114.25  23.78    85    2.7
 59322 117.37  23.98    22    2.2
 59419 106.73  22.07   348    0.3
 59448 109.55  22.27    69   0.01
 59449 109.98  22.30    85   0.01
 59451 110.35  22.70    98    0.2
 59452 110.53  22.83   131    0.1
 59457 110.27  22.32   121    0.6
 59469 111.78  22.17    37    7.5
 59470 112.20  22.70    57   0.01
 59471 112.05  22.93   101   28.7
 59473 112.98  22.74    47    1.6
 59475 112.65  22.40    27   22.8
 59477 112.23  22.27    68    0.4
 59487 113.30  22.23    23   11.1
