diamond  3 2015年06月09日02点6小时降雨量                     
  15  06  09  02    -1 3 10 25 50 1 0
 39 122.7  37.3 122.5  36.7 120.8  36.2 119.3  35.0 120.4  34.3
 121.1  32.7 122.3  30.9 122.5  30.1 121.5  28.0 119.8  25.0
 116.1  22.6 111.0  21.0 111.0  18.6 109.6  18.1 108.3  18.5
 108.9  19.9 109.3  21.0 106.4  21.6 104.1  22.2 101.6  20.8
  98.7  22.0  97.1  24.1  97.7  27.0  91.7  26.6  85.7  27.7
  78.9  30.6  73.3  37.1  74.1  40.7  87.6  49.8  98.5  43.9
 110.4  44.3 122.0  54.7 135.7  48.3 131.5  42.2 125.2  39.4
 121.3  38.5 121.2  40.3 118.5  38.6 120.8  38.1
 1     340
 50659 126.25  48.03   291    2.4
 50674 129.43  48.57   404    0.1
 50750 125.30  47.90   226    0.1
 50779 134.28  48.37    40    0.2
 50787 131.84  47.31    62    0.1
 50842 124.42  46.83   145    0.1
 50859 126.28  46.29   169    1.9
 50867 127.35  46.08   134    0.4
 50879 130.55  46.22   187    0.1
 50884 131.15  46.63   175    0.1
 50892 134.00  46.80    54    0.6
 50946 124.83  45.18   139    1.0
 50958 126.93  45.53   168    0.3
 50971 131.02  45.77   223    2.3
 50979 130.23  45.27   274    2.3
 50985 131.87  45.55   151    2.3
 50987 131.09  45.26   219    3.4
 51378  89.17  44.00   742    0.1
 51482  90.28  43.83  1271    6.6
 52515  94.87  39.52  2137    1.9
 53392 114.60  41.85  1422    0.1
 54072 126.52  44.85   196    3.2
 54092 129.40  44.60   292    1.7
 54093 130.55  44.93   266    6.8
 54098 129.47  44.33   267    7.8
 54099 131.13  44.08   148    3.8
 54132 121.07  42.40   400    1.3
 54187 128.92  43.12   366    3.2
 54192 130.27  43.70   384    1.1
 54225 119.94  42.29   579    0.1
 54231 122.35  42.97   248    0.3
 54290 129.40  42.77   241    0.5
 54291 130.28  42.90    36    0.1
 54293 129.83  42.95   142    0.7
 54305 115.27  41.88  1468    1.0
 54318 117.73  41.32   561    0.7
 54319 118.67  41.00   502    0.5
 54323 120.78  41.82   253    0.8
 54331 121.75  41.60   113    2.1
 54332 122.72  41.52    12    6.0
 54336 122.42  41.42     8    3.8
 54338 121.95  41.28     3    1.8
 54340 123.32  41.67    35    5.3
 54345 123.07  41.20    30    1.4
 54347 123.17  41.23    24    2.1
 54348 123.37  41.41    45    2.4
 54362 125.73  41.67   380    0.1
 54420 117.33  40.93   529    0.1
 54421 117.12  40.65   293    0.3
 54425 117.47  40.40   633    0.6
 54434 118.33  40.17   131    0.5
 56045  99.90  33.97  4050    4.4
 56128  96.60  31.22  3810    0.6
 56164 100.98  32.27  3284    1.1
 56171 101.70  32.90  3275    1.4
 56267 101.02  30.03  2600    0.2
 56289 103.87  30.20   437    0.1
 56297 104.15  30.02   436    0.1
 56317  94.22  29.22  2950    5.4
 56342  98.60  29.68  3870    0.7
 56376 102.63  29.33  1098    0.9
 56378 102.35  29.23   890    1.2
 56383 103.87  29.83   455    0.2
 56384 103.48  29.60   446    0.1
 56387 103.27  29.23   642    0.4
 56390 104.07  29.67   404    0.3
 56391 103.82  30.08   415    0.1
 56393 104.85  29.77   369    0.7
 56394 104.43  29.45   384    0.3
 56395 104.67  29.52   351    1.3
 56396 104.77  29.35   352    1.4
 56399 104.98  29.18   306   15.3
 56443  99.80  28.93  2842    0.1
 56473 102.77  28.95  1060    1.2
 56474 102.17  28.55  1774    2.7
 56478 102.43  28.30  1818    5.7
 56480 103.53  28.82   564    0.1
 56483 103.95  28.58   496    0.1
 56487 103.13  28.33  1943    3.7
 56489 103.63  28.23   877    0.4
 56491 104.57  28.70   287    0.1
 56493 104.97  28.85   292    2.9
 56569 102.18  27.42  1380    3.2
 56575 102.55  27.37  1428    7.3
 56578 102.75  27.07   993    2.2
 56580 102.80  27.72  2460   12.5
 56582 103.90  27.75  1176    0.4
 56584 103.25  27.70  1093    1.9
 56585 103.56  27.19  1952    5.5
 56641  98.87  26.90  1189    2.3
 56665 101.85  26.68  1140    7.6
 56670 102.12  26.92  1136    0.6
 56673 102.92  26.92   893    1.0
 56674 101.73  26.50  1108   30.4
 56675 102.58  26.65  1694    9.2
 56688 103.17  26.10  1254    0.2
 56697 104.08  26.22  1984    0.1
 56745  99.95  25.68  1626    0.3
 56772 102.50  25.23  1692   22.0
 56774 102.42  25.53  1710    3.7
 56775 102.45  25.55  1750    7.3
 56777 102.10  25.11  1671    0.6
 56782 103.55  25.42  2067    0.1
 56785 103.08  25.36  1915   10.2
 56790 104.25  25.68  1925    0.1
 56863 102.48  24.93  1848   27.2
 56871 102.60  24.65  1893    1.5
 56872 102.62  24.95  2358    0.9
 56873 102.92  24.68  1796   10.3
 56876 102.77  24.28  1731    0.1
 56880 103.17  24.92  1532    5.2
 56881 103.27  24.75  1695    1.7
 56882 102.83  24.91  1976   17.0
 56883 103.98  24.82  1900    0.1
 56885 103.45  24.40  1415    4.5
 56891 104.32  24.98  1482    0.7
 56948  99.60  22.63  1155    1.4
 56949  99.60  22.32   945    0.4
 56984 103.15  23.38  1720    3.7
 56995 104.42  23.03  1332    7.4
 56996 104.70  23.13  1093    0.1
 57407 105.03  30.28   462    0.7
 57408 105.35  30.12   338    0.5
 57409 105.80  30.18   297    0.3
 57505 105.58  29.42   338    0.3
 57506 105.90  29.37   353    0.3
 57507 105.30  29.33   385    2.0
 57508 105.37  29.15   301    1.0
 57510 106.07  29.85   326    0.1
 57513 106.62  29.73   464    0.3
 57514 106.22  29.58   331    0.2
 57518 106.50  29.33   506    0.3
 57564 111.13  29.43   103    0.1
 57566 111.65  29.45    51    0.1
 57586 114.03  29.53    78    0.1
 57589 113.87  29.27   146    0.2
 57596 114.20  29.63   751    0.1
 57600 105.06  28.71   420    1.9
 57678 112.55  28.25    74    0.1
 57680 113.11  28.86    82    0.1
 57688 113.63  28.16   101    1.1
 57694 114.38  28.53   259    0.6
 57698 114.45  28.12    98    2.4
 57699 114.92  28.23    66    9.3
 57717 106.83  27.53   974    0.8
 57719 106.97  27.07  1275    0.1
 57720 107.17  27.88   889    0.7
 57728 107.47  27.07  1096    0.6
 57739 108.92  27.23   394    1.6
 57760 111.43  27.70   249    0.9
 57762 111.70  27.69   165    0.1
 57768 111.45  27.32   242    0.2
 57769 111.73  27.23   252    0.1
 57771 112.53  27.93    88    1.0
 57772 112.50  27.75    86    0.1
 57773 112.83  27.88    63    0.8
 57777 112.87  27.23    63    0.8
 57778 112.95  27.09    70    0.5
 57781 113.50  27.65    74    0.1
 57783 113.82  27.88   118    0.2
 57792 114.68  27.82    93    1.7
 57794 114.02  27.63   177    0.1
 57796 114.88  27.83   189    4.0
 57798 114.60  27.40    85    2.8
 57800 105.37  26.77  1457    0.1
 57828 107.58  26.50   983    0.6
 57842 109.72  26.88   281    1.4
 57851 110.83  26.46   346    0.1
 57859 110.63  26.03   408    0.2
 57860 111.28  27.00   283    0.1
 57865 111.62  26.50   192    9.6
 57867 111.28  26.40   169    1.7
 57868 111.86  26.59   113    5.7
 57870 112.10  26.80   151    2.8
 57871 112.37  26.98    90    0.4
 57875 112.68  26.75   137    5.6
 57876 112.83  26.43   135    1.7
 57881 113.25  26.72   101    0.5
 57882 113.55  26.79   136    1.0
 57883 114.28  26.75   253   10.6
 57886 113.80  26.48   268    7.3
 57887 113.12  26.12   167   15.9
 57891 114.25  26.93   153    9.5
 57899 114.92  26.80    71    0.9
 57936 108.91  25.76   258    5.9
 57941 109.60  25.78   197    1.0
 57942 110.00  25.80   268    1.1
 57948 109.25  25.08   122    1.3
 57949 110.00  24.98   156    5.5
 57954 110.18  25.23   157   10.2
 57955 110.67  25.62   224    6.8
 57956 110.32  25.42   167   19.1
 57958 110.32  25.08   151    3.6
 57960 111.07  25.93   195    6.3
 57962 111.65  25.97   167    3.1
 57964 111.15  25.50   263    0.8
 57966 111.96  25.59   244    0.2
 57969 111.31  25.28   269    1.5
 57971 112.20  25.92   224    8.4
 57973 112.72  25.75   329    0.8
 57975 112.20  25.38   277    1.9
 57976 112.94  25.41   222   16.1
 57978 112.55  25.27   292    0.2
 57981 113.22  25.97   139    0.2
 57988 113.33  25.10   143    2.8
 58365 121.25  31.37     4    0.1
 58369 121.78  31.05     5    0.1
 58408 115.43  30.23    35    0.1
 58418 116.67  30.13    60    0.8
 58420 117.23  30.72    58    0.2
 58421 117.87  30.63    31    0.6
 58423 117.78  30.48   647    1.3
 58426 118.13  30.30   193    2.5
 58427 117.50  30.65    15    0.3
 58428 117.50  30.22   118    2.3
 58431 118.32  30.90    39    0.1
 58432 118.40  30.68    57    0.4
 58433 118.75  30.93    31    0.2
 58435 118.53  30.30   220    2.6
 58438 118.58  30.08   191    2.0
 58441 119.42  30.87    43    0.2
 58443 119.89  31.02    25    0.3
 58446 119.70  30.63    72    0.6
 58449 119.95  30.05    46    4.6
 58451 120.93  30.83     2    0.7
 58452 120.77  30.73     4    1.1
 58453 120.50  30.07     7   10.4
 58454 119.98  30.53   102    1.8
 58455 120.65  30.52     8    3.4
 58456 120.52  30.63     6    1.4
 58458 120.90  30.54     4    3.4
 58459 120.29  30.19    44    7.3
 58460 121.35  30.73     5    2.5
 58463 121.50  30.88     4    0.5
 58468 121.17  30.05     5    9.7
 58484 122.20  30.25    37   17.2
 58501 115.63  29.92    23    0.3
 58502 116.02  29.67    74    1.6
 58503 115.67  29.70    41    0.5
 58505 115.90  29.62    63    1.2
 58507 115.12  29.25   116    0.6
 58508 115.77  29.33    41    0.8
 58510 116.23  29.73    40    2.0
 58512 116.55  29.90    71    2.5
 58514 116.05  29.45    37    0.8
 58517 116.20  29.27    35    0.7
 58523 117.93  29.93   227    3.9
 58524 117.22  29.37    87   12.0
 58529 117.85  29.27   171   13.0
 58530 118.43  29.87   168    5.0
 58534 118.18  29.78   170    6.5
 58537 118.40  29.13   153   12.6
 58542 119.68  29.82    46    5.0
 58544 119.27  29.48    88    8.8
 58546 119.88  29.47   115   10.3
 58547 119.18  29.03    66   11.1
 58548 119.47  29.22    50    8.1
 58550 120.25  29.70    39    7.8
 58555 120.88  29.52   113    6.6
 58558 120.22  29.27    89    4.2
 58559 120.97  29.15   107    3.6
 58560 120.43  29.05   304    4.8
 58561 121.60  29.98     4   11.0
 58563 121.83  29.88     5   28.2
 58565 121.39  29.69    41   13.4
 58566 121.88  29.47     6    3.5
 58567 121.43  29.32    39    4.2
 58568 121.38  29.12    34    3.3
 58570 122.30  29.95    85   20.8
 58601 115.38  28.70    53    6.8
 58602 115.55  28.85    40    3.5
 58605 115.38  28.42    46    7.8
 58607 115.95  28.55    31    8.6
 58609 115.82  28.22    27   10.5
 58612 116.68  28.70    21   27.9
 58614 116.27  28.38    34   26.2
 58615 117.08  28.68    56   42.1
 58616 116.82  28.20    40   20.1
 58618 116.60  28.27    82   14.3
 58619 116.37  28.00    49   21.3
 58620 117.10  29.02    51   14.8
 58623 117.92  28.47    90   15.9
 58624 117.43  28.40    70   22.5
 58625 117.60  28.42    79   19.9
 58627 117.06  28.31    56   17.7
 58629 117.71  28.29   100    5.5
 58631 118.50  28.90   137   24.5
 58632 118.60  28.72   126   26.5
 58635 118.20  28.43    95   12.6
 58642 119.80  28.88   105   11.9
 58643 120.03  28.90   102   14.2
 58644 119.28  28.60   237   20.7
 58647 119.13  28.08   222   21.6
 58654 120.08  28.67   184    8.3
 58656 120.97  28.07    60    0.2
 58657 120.28  28.15    57    6.4
 58658 120.68  28.15    34    2.5
 58660 121.20  28.87     6    2.9
 58664 121.37  28.37    35    1.5
 58693 115.83  28.70    40   10.5
 58701 115.40  27.77    46    9.2
 58704 115.35  27.58   104   16.2
 58706 115.83  27.43   181   20.8
 58707 115.13  27.22    66   36.4
 58710 116.05  27.77    78    5.3
 58712 116.78  27.92   130    4.8
 58713 117.07  27.72   225    4.5
 58714 116.23  27.55   120   11.0
 58719 116.93  27.30   131    6.0
 58724 117.32  27.53   268   10.8
 58745 119.08  27.62   400    0.1
 58751 120.57  27.67   254    0.1
 58845 119.53  26.50    60    3.6
 59034 108.67  24.48   150    5.1
 59038 108.65  24.07   138   34.5
 59041 109.25  24.65   108   11.1
 59044 109.38  24.47    97    3.6
 59045 109.75  24.48    94    4.2
 59047 109.33  24.25   100    1.1
 59051 110.50  24.77   136    5.8
 59052 110.82  24.83   169    4.6
 59053 110.64  24.65   157    5.2
 59055 110.40  24.50   165    0.4
 59059 110.80  24.18   105    0.5
 59061 111.27  24.82   193    0.3
 59063 111.45  25.18   265    1.1
 59064 111.32  24.55   136    0.3
 59071 112.28  24.73   174    0.5
 59074 112.15  24.57   300    2.1
 59075 112.63  24.48    70    2.4
 59205 105.63  23.65   685    3.8
 59215 106.63  23.33   680    1.8
 59230 108.17  23.72   168   19.8
 59238 108.80  23.22   122   26.8
 59241 109.68  23.97    90    0.7
 59270 112.18  23.92    84    5.8
 59421 107.20  22.83   255    7.5
 59432 108.40  22.80   194    0.2
 59448 109.55  22.27    69    0.1
 59477 112.23  22.27    68    0.4
