diamond  3 2015年06月16日20点6小时降雨量                     
  15  06  16  20    -1 3 10 25 50 1 0
 39 122.7  37.3 122.5  36.7 120.8  36.2 119.3  35.0 120.4  34.3
 121.1  32.7 122.3  30.9 122.5  30.1 121.5  28.0 119.8  25.0
 116.1  22.6 111.0  21.0 111.0  18.6 109.6  18.1 108.3  18.5
 108.9  19.9 109.3  21.0 106.4  21.6 104.1  22.2 101.6  20.8
  98.7  22.0  97.1  24.1  97.7  27.0  91.7  26.6  85.7  27.7
  78.9  30.6  73.3  37.1  74.1  40.7  87.6  49.8  98.5  43.9
 110.4  44.3 122.0  54.7 135.7  48.3 131.5  42.2 125.2  39.4
 121.3  38.5 121.2  40.3 118.5  38.6 120.8  38.1
 1     414
 50431 121.52  50.78   717    0.1
 50445 123.73  50.58   423    0.4
 50524 119.43  49.32   576    0.1
 50659 126.25  48.03   291   0.01
 50741 123.50  47.93   185    6.1
 50832 122.08  46.72   332    0.5
 50924 119.65  45.55   860    0.3
 51369  87.65  43.97   600    0.1
 51377  87.92  44.17   547    1.6
 51378  89.17  44.00   742    2.3
 51438  81.77  43.18  1210    0.5
 51465  87.10  43.48  1871    4.6
 51468  86.83  43.10  3539    1.7
 51482  90.28  43.83  1271    0.6
 51559  86.40  42.32  1100   0.01
 51568  86.80  42.25  1085    2.3
 51571  88.63  42.80     1   0.01
 51572  89.25  42.83   -48   0.01
 51636  82.65  41.55  1009    0.1
 52515  94.87  39.52  2137   0.01
 52643  99.62  38.83  2311    0.7
 52656 100.82  38.43  2281   0.01
 52745  99.02  37.30  3417    0.2
 52784 102.90  37.47  2072   0.01
 52853 100.98  36.90  3010   0.01
 52968 101.47  35.03  3662    2.2
 53289 113.83  42.23  1322    0.6
 53368 111.47  41.08  1637   10.4
 53378 112.62  41.28  1737   0.01
 53397 113.98  41.10  1376    0.2
 53472 112.57  40.87  1451    0.1
 53491 114.38  40.67   837    2.0
 53492 114.15  40.10   937    0.5
 53574 112.27  39.52  1409    0.9
 53599 114.68  39.37   884    8.4
 53938 108.30  35.17  1277   0.01
 53972 112.90  35.05   117    0.3
 53978 112.63  35.08   140    0.2
 53979 113.08  35.15   120   0.01
 53982 113.27  35.23   112   0.01
 53987 113.36  35.11    94   0.01
 53989 113.98  35.08    75   0.01
 54164 125.28  43.35   248    1.3
 54205 116.00  42.23  1315   0.01
 54249 123.87  42.30    85    0.1
 54279 126.58  42.05   544    0.1
 54301 115.67  41.67  1412   0.01
 54304 115.27  40.95  1239    3.7
 54305 115.27  41.88  1468   0.01
 54313 118.70  41.93   733   0.01
 54340 123.32  41.67    35    1.3
 54348 123.37  41.41    45   0.01
 54362 125.73  41.67   380   13.0
 54371 126.43  41.93   520   0.01
 54398 116.62  40.13    28    0.2
 54399 116.28  39.98    45   0.01
 54404 115.83  40.88   867    4.1
 54408 115.22  40.38   529   0.01
 54410 116.13  40.60  1224   13.9
 54412 116.63  40.73   331    0.7
 54419 116.63  40.37    75    0.8
 54424 117.12  40.17    32   0.01
 54433 116.50  39.95    35   0.01
 54483 123.90  40.88   233   0.01
 54494 124.07  40.47    72    3.0
 54499 116.22  40.22    76    3.0
 54501 115.68  39.97   440    0.8
 54505 116.10  39.94    98   0.01
 54513 116.20  39.95    65   0.01
 54514 116.25  39.87    55   0.01
 54594 116.35  39.72    37   0.01
 56016  95.62  33.85  4179    3.3
 56034  97.13  33.80  4415    1.5
 56045  99.90  33.97  4050    0.6
 56109  93.78  31.48  3940    1.4
 56128  96.60  31.22  3810   0.01
 56147  98.83  31.22  3260    6.4
 56158 100.67  31.40  3250    0.1
 56164 100.98  32.27  3284    0.9
 56168 102.07  31.48  2168    0.9
 56180 103.85  31.68  1590    0.5
 56181 103.70  30.68   541    0.4
 56183 103.62  31.50  1370    1.1
 56184 103.17  31.43  1896    3.7
 56185 102.98  32.08  2400    8.0
 56189 103.93  30.98   581   0.01
 56272 103.88  30.82   558   0.01
 56273 102.82  30.39  1022   0.01
 56276 103.82  30.45   467   0.01
 56278 102.77  30.07   755    1.0
 56280 103.12  30.08   691   0.01
 56285 103.52  30.60   523    0.2
 56288 103.92  30.58   494   0.01
 56371 102.23  29.92  1321    0.1
 56373 102.85  29.78   763   0.01
 56378 102.35  29.23   890   0.01
 56384 103.48  29.60   446    0.2
 56387 103.27  29.23   642    0.3
 56394 104.43  29.45   384   0.01
 56396 104.77  29.35   352   0.01
 56441  99.28  28.72  2422   0.01
 56474 102.17  28.55  1774    0.5
 56480 103.53  28.82   564    0.1
 56490 103.90  28.95   424   0.01
 56496 105.23  28.32   358    0.4
 56596 105.05  27.85  1177   0.01
 56641  98.87  26.90  1189   12.4
 56645  99.42  26.42  2344    0.3
 56646  99.92  26.53  2191    0.3
 56649  99.96  26.11  2059    0.2
 56652 100.75  26.68  2130   0.01
 56654 100.18  26.58  2195   0.01
 56742  99.37  25.90  1658   0.01
 56745  99.95  25.68  1626    0.6
 56746  99.52  25.47  1616    0.7
 56757 100.28  25.27  1742    0.8
 56774 102.42  25.53  1710   0.01
 56835  97.82  24.07   959    1.2
 56836  97.95  24.70   826    0.1
 56840  98.30  24.82  1012    0.2
 56841  98.68  24.60  1528    4.5
 56842  99.18  24.73  1471    0.1
 56843  99.62  24.83  1650    7.4
 56844  98.58  24.43   913   24.0
 56846  99.93  24.58  1569    5.8
 56862 101.60  24.68  1968   0.01
 56867 101.12  23.98  1105   0.01
 56948  99.60  22.63  1155    9.0
 56949  99.60  22.32   945   11.7
 56970 102.48  23.70  1419    0.1
 56975 102.43  23.37   974   0.01
 57024 107.65  34.45   669    0.1
 57026 107.88  34.37   585    0.1
 57029 108.48  34.50   543   0.01
 57035 108.23  34.55   636    0.1
 57039 108.88  34.08   445    2.0
 57040 109.08  34.52   377    0.2
 57042 109.18  34.78   470    0.1
 57043 109.97  34.80   351    2.1
 57044 109.23  34.40   424    0.7
 57045 109.48  34.52   349    1.7
 57047 109.32  34.17   540    3.2
 57053 110.72  34.70   505    2.4
 57054 110.23  34.55   556    2.6
 57055 110.13  34.59   342    3.5
 57056 110.86  34.54   484    4.4
 57057 110.15  34.10   963    6.1
 57061 111.20  34.83   410    0.6
 57063 111.77  34.77   523    2.3
 57065 112.13  34.55   317    1.6
 57066 111.67  34.40   408    2.9
 57070 112.12  34.73   364    0.9
 57072 112.75  34.92   127    0.4
 57074 112.40  34.42   252    3.7
 57075 112.87  34.17   203    5.6
 57076 112.78  34.73   189    0.8
 57078 112.47  34.15   336    5.2
 57079 113.03  34.95   106    0.2
 57080 112.97  34.73   165    0.6
 57081 113.43  34.80   140    0.6
 57082 113.02  34.47   427    2.8
 57084 113.05  34.49  1178    1.6
 57085 113.33  34.53   259    0.9
 57086 113.72  34.38   116    0.7
 57087 113.73  34.27   104    2.4
 57088 113.50  34.19   146    3.0
 57090 113.97  34.72    78    0.3
 57093 114.82  34.85    73   0.01
 57094 114.22  34.40    67    0.2
 57095 114.15  34.12    61    3.5
 57098 114.40  34.08    58    3.5
 57099 114.85  34.07    52    2.2
 57132 108.58  34.13   411    0.1
 57137 108.32  33.32   802    0.5
 57140 109.12  33.67   818    3.5
 57153 110.33  33.70   639    5.1
 57155 109.87  33.55   660    7.7
 57162 112.07  34.13   440    4.3
 57169 111.87  33.05   159    9.2
 57173 112.88  33.75   145    7.4
 57175 112.23  33.05   191    4.2
 57176 112.42  33.48   231   13.2
 57177 113.53  33.33    89    7.0
 57179 113.00  33.28   160   11.8
 57180 113.20  33.98   117    4.6
 57182 113.52  33.85    80    5.7
 57183 113.92  33.80    60    6.9
 57184 113.30  33.63    97    9.1
 57185 113.58  33.45    91    8.5
 57186 114.05  33.60    58    4.8
 57187 112.93  33.07   118   15.7
 57188 114.03  33.37    55   12.8
 57189 113.95  33.13    64   17.5
 57190 114.40  33.75    50    4.7
 57192 114.85  33.73    45    1.6
 57194 114.27  33.28    59   13.8
 57195 114.62  33.62    46    5.5
 57196 114.87  33.47    42    9.3
 57197 114.35  32.97    50   21.9
 57198 114.57  33.50    44   11.0
 57231 108.53  32.53   503    0.1
 57233 108.50  32.90   413    0.2
 57242 109.37  32.85   285    3.5
 57247 108.90  32.32   438   0.01
 57248 109.33  32.40   431    2.9
 57249 109.68  32.32   448    3.4
 57253 110.82  32.85   201   13.4
 57254 110.12  32.82   322    9.7
 57257 110.23  32.23   307   15.4
 57260 111.52  32.57   133   11.4
 57261 111.52  33.12   233    5.9
 57268 111.62  32.27   120    9.4
 57271 112.38  32.52    87    5.4
 57273 112.85  32.68   109    7.0
 57274 112.12  32.70   107    8.6
 57281 113.30  32.70   142   12.1
 57292 114.63  32.97    44   17.0
 57293 114.98  32.73    38   17.4
 57294 114.02  32.83    83   14.6
 57295 114.35  32.62    78    8.2
 57296 114.73  32.35    48    8.3
 57298 114.55  32.22    55   13.2
 57299 114.90  32.02    49    5.3
 57329 107.85  31.10   467   0.01
 57333 108.67  31.95   798    0.1
 57338 108.42  31.18   216   0.01
 57345 109.62  31.40   337    3.1
 57349 109.86  31.08   606    1.3
 57361 111.27  31.88   327   24.8
 57362 110.67  31.75   935   16.4
 57363 111.83  31.80   151   34.0
 57368 111.63  31.05   141    2.4
 57370 112.22  31.73    67   83.4
 57377 112.22  31.00   191    0.5
 57385 113.82  31.62    93    8.9
 57386 114.00  31.25    51    0.2
 57388 113.71  31.27    53    0.9
 57389 113.75  31.03    32    0.1
 57390 114.07  31.80   733    8.8
 57396 114.85  31.63   128    1.8
 57398 114.62  31.28    74   0.01
 57425 107.33  30.33   433   0.01
 57431 108.35  30.83   257   0.01
 57453 111.32  30.77   115   0.01
 57460 111.78  30.82    91    0.2
 57464 111.18  30.47   142   0.01
 57465 111.45  30.38    74    0.2
 57466 111.75  30.43    50    0.3
 57481 113.57  30.95    30   0.01
 57496 114.87  30.37    31    1.2
 57498 114.94  30.52    26    1.9
 57499 114.88  30.07    40   27.7
 57518 106.50  29.33   506   0.01
 57519 107.11  29.16   698    0.3
 57525 107.75  29.32   277    0.1
 57537 108.17  29.30   322    0.3
 57541 109.48  30.00   532    0.1
 57543 110.03  29.90   539    0.1
 57544 109.45  29.47   488   0.01
 57643 109.83  29.00   268    0.4
 57941 109.60  25.78   197   0.01
 57948 109.25  25.08   122    0.2
 57955 110.67  25.62   224   0.01
 58001 115.10  34.43    56   0.01
 58007 115.30  34.07    47    1.6
 58100 115.17  33.65    41    2.2
 58101 115.48  33.87    41    1.8
 58104 115.07  33.40    41   10.0
 58107 115.28  33.02    35    9.1
 58108 115.33  33.23    34   11.8
 58109 115.65  33.13    31    7.9
 58112 116.45  30.73   968   10.5
 58113 116.75  33.93    31    0.2
 58114 116.18  33.48    31    4.0
 58116 116.83  33.98    31   0.01
 58117 116.20  33.13    27    8.6
 58125 117.52  33.58    22    2.5
 58126 117.87  33.47    19    2.6
 58127 117.20  32.98    21   19.1
 58128 117.35  33.33    21    4.6
 58129 117.83  33.15    14    6.9
 58132 118.68  33.72    14    0.3
 58139 118.91  33.31    10    1.7
 58145 119.15  33.50     7    0.6
 58146 119.77  33.47     3    0.1
 58147 118.97  32.98    24    3.6
 58148 119.34  33.27     3    0.6
 58154 120.20  33.43     2    0.1
 58202 115.57  32.67    31   15.0
 58205 115.43  32.47    34   11.6
 58207 115.05  32.17    42   12.7
 58210 116.23  32.65    25   14.1
 58212 116.77  32.72    23   13.6
 58214 116.30  32.37    27   33.2
 58220 117.15  32.47    28   32.5
 58222 117.55  32.85    24   10.9
 58223 117.98  32.80    31    7.9
 58224 117.02  32.65    32   20.6
 58230 118.28  32.12    26   85.0
 58234 118.42  32.47    40   16.9
 58235 118.85  32.37    10   25.7
 58237 118.59  32.07    46   84.9
 58240 119.02  32.68    21    5.6
 58242 119.16  32.30    22   35.9
 58243 119.82  32.95     3    3.3
 58244 119.59  32.45     5   27.9
 58245 119.42  32.41     9   33.5
 58246 119.99  32.56     2    9.0
 58247 119.80  32.27     3   21.3
 58249 120.05  32.16     6   11.2
 58250 120.16  32.51     6   11.0
 58254 120.45  32.52     5    7.4
 58257 120.26  31.99     4    8.3
 58264 121.18  32.33     3    1.0
 58268 121.08  32.10     4    0.6
 58269 121.65  31.78     3    1.3
 58301 115.38  31.82    92    1.4
 58306 115.88  31.68    95    1.4
 58316 116.92  31.47    23   24.2
 58317 116.37  30.87   434   18.8
 58323 117.47  31.88    25    7.6
 58327 117.28  31.27    45    0.9
 58329 117.87  31.33     9    5.8
 58330 118.08  31.75    26   50.7
 58331 118.37  31.73    22   60.4
 58334 118.37  31.38     9    5.0
 58335 118.52  31.57    23   58.0
 58337 118.18  31.08    26    0.7
 58339 118.90  31.33    15   27.0
 58340 119.03  31.66    25   75.3
 58341 119.59  31.98     6   52.6
 58342 119.55  31.72     6   37.2
 58344 119.20  31.96    36   57.2
 58346 119.81  31.34    16   47.6
 58349 120.56  31.41     8   26.7
 58351 120.30  31.90     4    9.7
 58352 120.77  31.65     4   15.2
 58353 120.57  31.86    11    9.1
 58359 120.62  31.13     4   38.8
 58360 121.20  31.92     3    1.2
 58361 121.37  31.10     5   15.9
 58365 121.25  31.37     4    9.6
 58366 121.49  31.67     4    3.3
 58367 121.43  31.20     4   13.2
 58369 121.78  31.05     5    5.1
 58370 121.53  31.23     4   10.7
 58377 121.11  31.51     5    9.4
 58404 115.22  30.47    61   19.3
 58408 115.43  30.23    35   54.2
 58409 115.93  30.10    32    0.4
 58415 116.55  30.67    64    8.1
 58416 116.82  30.75    35   13.1
 58417 116.13  30.17    54   27.9
 58420 117.23  30.72    58    6.2
 58421 117.87  30.63    31   22.4
 58423 117.78  30.48   647    4.4
 58426 118.13  30.30   193    0.7
 58427 117.50  30.65    15   10.9
 58428 117.50  30.22   118    0.1
 58431 118.32  30.90    39    8.8
 58432 118.40  30.68    57   24.2
 58433 118.75  30.93    31    4.3
 58435 118.53  30.30   220    0.3
 58438 118.58  30.08   191    4.2
 58441 119.42  30.87    43    2.5
 58442 119.18  31.17    16    3.6
 58443 119.89  31.02    25   20.0
 58446 119.70  30.63    72    0.6
 58449 119.95  30.05    46    0.5
 58451 120.93  30.83     2    2.2
 58452 120.77  30.73     4    0.8
 58454 119.98  30.53   102    0.4
 58456 120.52  30.63     6    0.4
 58459 120.29  30.19    44    0.2
 58460 121.35  30.73     5    5.3
 58461 121.12  31.13     4   22.0
 58462 121.23  31.03     4    9.6
 58463 121.50  30.88     4    6.5
 58501 115.63  29.92    23    1.4
 58502 116.02  29.67    74    2.2
 58505 115.90  29.62    63    8.0
 58508 115.77  29.33    41   0.01
 58509 115.82  29.05    36    1.8
 58510 116.23  29.73    40   0.01
 58523 117.93  29.93   227    0.2
 58537 118.40  29.13   153    1.7
 58560 120.43  29.05   304    2.7
 58570 122.30  29.95    85   0.01
 58605 115.38  28.42    46    0.1
 58642 119.80  28.88   105    0.9
 58643 120.03  28.90   102   16.0
 58644 119.28  28.60   237    0.2
 58658 120.68  28.15    34   0.01
 59047 109.33  24.25   100   0.01
 59055 110.40  24.50   165    0.3
 59057 110.18  24.13   830    4.2
 59059 110.80  24.18   105    0.9
 59093 115.03  24.78   253    0.8
 59229 107.70  23.17   125   0.01
 59235 108.62  23.43   115    3.4
 59237 108.28  23.17   111   12.8
 59255 110.38  23.55    32    6.2
 59264 111.50  23.40    83    1.8
 59268 111.54  23.26    70   0.01
 59419 106.73  22.07   348   0.01
 59426 107.92  22.62   146    1.9
 59451 110.35  22.70    98    2.7
 59452 110.53  22.83   131    1.6
 59457 110.27  22.32   121    7.8
 59473 112.98  22.74    47   0.01
 59476 113.03  22.53    36    1.4
 59477 112.23  22.27    68   0.01
 59480 113.25  22.85    21   11.8
 59481 113.32  22.94    12    1.9
