diamond  3 2015年06月05日08点6小时降雨量                     
  15  06  05  08    -1 3 10 25 50 1 0
 39 122.7  37.3 122.5  36.7 120.8  36.2 119.3  35.0 120.4  34.3
 121.1  32.7 122.3  30.9 122.5  30.1 121.5  28.0 119.8  25.0
 116.1  22.6 111.0  21.0 111.0  18.6 109.6  18.1 108.3  18.5
 108.9  19.9 109.3  21.0 106.4  21.6 104.1  22.2 101.6  20.8
  98.7  22.0  97.1  24.1  97.7  27.0  91.7  26.6  85.7  27.7
  78.9  30.6  73.3  37.1  74.1  40.7  87.6  49.8  98.5  43.9
 110.4  44.3 122.0  54.7 135.7  48.3 131.5  42.2 125.2  39.4
 121.3  38.5 121.2  40.3 118.5  38.6 120.8  38.1
 1     345
 50137 122.37  53.47   296    0.1
 50445 123.73  50.58   423    0.9
 50566 128.47  49.55   116    0.1
 50674 129.43  48.57   404    2.4
 50741 123.50  47.93   185    0.1
 50755 126.07  47.62   249    0.5
 50772 129.23  48.10   288    6.3
 50871 129.88  46.73    95    1.3
 50928 120.33  45.07   628    9.6
 50934 121.58  45.38   311    2.5
 50937 121.48  45.06   282    3.2
 50939 122.82  45.33   150    0.7
 50946 124.83  45.18   139    0.3
 50962 128.03  45.95   112    1.1
 50965 128.27  45.43   167    0.3
 50971 131.02  45.77   223    0.2
 50987 131.09  45.26   219    0.2
 51435  82.23  43.47   774    1.3
 53384 113.18  41.45  1423    0.1
 53483 113.83  40.87  1268    0.9
 54031 121.82  44.90   198    1.9
 54039 122.02  44.03   181    6.9
 54047 123.28  44.13   145    0.4
 54076 126.93  44.38   268    0.1
 54080 127.15  44.90   194    0.9
 54122 120.03  43.86   428    0.2
 54132 121.07  42.40   400    0.5
 54187 128.92  43.12   366    4.4
 54204 115.00  42.30  1346    0.1
 54214 118.42  42.58   960    0.1
 54223 120.65  42.85   362    2.9
 54225 119.94  42.29   579    1.0
 54231 122.35  42.97   248    0.8
 54234 121.75  42.73   297    1.6
 54244 123.33  42.75   118    0.1
 54245 123.40  42.50    97    0.9
 54248 123.53  42.03    61    0.9
 54249 123.87  42.30    85    0.1
 54290 129.40  42.77   241    1.9
 54293 129.83  42.95   142    0.1
 54313 118.70  41.93   733    0.1
 54319 118.67  41.00   502    0.1
 54320 119.30  41.60   544    0.1
 54321 119.63  41.87   661    1.4
 54323 120.78  41.82   253    0.4
 54325 120.35  41.18   183    0.8
 54327 119.35  41.23   417    0.4
 54331 121.75  41.60   113    4.9
 54332 122.72  41.52    12    2.5
 54336 122.42  41.42     8    2.8
 54340 123.32  41.67    35    4.2
 54345 123.07  41.20    30    3.9
 54347 123.17  41.23    24    4.5
 54348 123.37  41.41    45    6.0
 54398 116.62  40.13    28    0.1
 54404 115.83  40.88   867    0.1
 54428 117.40  40.03    15    0.1
 54430 118.21  40.78   330    0.1
 54432 118.47  40.61   369    0.4
 54434 118.33  40.17   131    0.2
 54437 118.62  39.51    18    6.1
 54439 118.72  40.02    50    0.5
 54453 120.96  40.87    38    0.9
 54474 122.35  40.42    24    1.2
 54475 122.45  40.57    11    4.0
 54483 123.90  40.88   233    0.5
 54510 116.95  39.91    18    0.1
 54515 116.70  39.50    13    0.1
 54520 117.08  39.97    18    0.1
 54522 117.73  39.88    14    0.1
 54541 119.23  39.90    24    0.1
 54568 121.75  39.05    90    2.5
 54569 121.95  39.42    11    3.3
 54575 122.37  39.42    43    3.2
 54596 116.19  39.77    48    0.1
 54703 115.88  37.80    21    0.1
 54738 118.40  37.05    15    0.3
 54752 120.77  37.80    60    0.9
 54766 121.59  37.43    39    0.3
 54832 118.80  36.86    23    0.5
 54846 119.74  36.39    51    0.1
 54853 120.42  36.17    42    0.2
 54943 120.00  35.88    10    0.1
 56016  95.62  33.85  4179    1.4
 56034  97.13  33.80  4415    4.0
 56158 100.67  31.40  3250    0.1
 56263 101.88  30.88  1949    2.6
 56267 101.02  30.03  2600    0.5
 56273 102.82  30.39  1022    1.8
 56278 102.77  30.07   755    3.8
 56279 102.93  30.15   682    3.0
 56280 103.12  30.08   691    1.0
 56281 103.50  30.18   510    0.4
 56284 103.43  30.45   518    0.1
 56288 103.92  30.58   494    0.1
 56289 103.87  30.20   437    0.5
 56297 104.15  30.02   436    0.3
 56371 102.23  29.92  1321    5.7
 56373 102.85  29.78   763    4.0
 56376 102.63  29.33  1098    4.2
 56378 102.35  29.23   890    7.7
 56380 103.35  29.88   571    1.9
 56381 103.50  30.07   630    0.5
 56382 103.55  29.75   475    3.5
 56383 103.87  29.83   455    3.2
 56384 103.48  29.60   446    2.1
 56387 103.27  29.23   642    0.1
 56390 104.07  29.67   404    3.5
 56391 103.82  30.08   415    0.2
 56393 104.85  29.77   369    3.2
 56394 104.43  29.45   384    1.0
 56395 104.67  29.52   351    1.4
 56396 104.77  29.35   352    0.9
 56399 104.98  29.18   306    2.3
 56473 102.77  28.95  1060    0.6
 56474 102.17  28.55  1774    6.0
 56478 102.43  28.30  1818    0.3
 56480 103.53  28.82   564    0.1
 56490 103.90  28.95   424    0.4
 56491 104.57  28.70   287    0.1
 56493 104.97  28.85   292    0.3
 56494 104.33  28.84   386    0.2
 56569 102.18  27.42  1380    1.3
 56575 102.55  27.37  1428    7.1
 56578 102.75  27.07   993    4.5
 56580 102.80  27.72  2460    1.1
 56585 103.56  27.19  1952    1.5
 56592 104.52  28.43   359    0.1
 56596 105.05  27.85  1177    0.1
 56598 104.73  27.13  1535    0.1
 56641  98.87  26.90  1189    0.5
 56673 102.92  26.92   893   15.5
 56688 103.17  26.10  1254    5.5
 56772 102.50  25.23  1692    0.7
 56777 102.10  25.11  1671   68.8
 56781 103.27  25.55  1873    3.0
 56782 103.55  25.42  2067    0.1
 56783 103.80  25.50  1906    0.3
 56790 104.25  25.68  1925    0.8
 56863 102.48  24.93  1848    6.4
 56867 101.12  23.98  1105    0.1
 56871 102.60  24.65  1893    6.6
 56872 102.62  24.95  2358    0.6
 56873 102.92  24.68  1796    0.7
 56876 102.77  24.28  1731   62.7
 56878 102.75  24.13  1801    1.4
 56879 102.91  24.19  1702   58.4
 56881 103.27  24.75  1695    0.1
 56882 102.83  24.91  1976    1.5
 56883 103.98  24.82  1900    1.2
 56885 103.45  24.40  1415    0.2
 56889 104.17  24.05  1518    0.8
 56891 104.32  24.98  1482    6.9
 56898 102.41  24.18  1600    2.5
 56962 101.67  23.42  1314    0.8
 56970 102.48  23.70  1419    8.3
 56982 103.29  23.70  1117    0.7
 56984 103.15  23.38  1720    1.2
 56989 103.95  22.50   137    0.1
 56992 104.70  23.45  1507    1.4
 56994 104.28  23.33  1293   12.6
 56995 104.42  23.03  1332   11.2
 56996 104.70  23.13  1093    5.0
 57268 111.62  32.27   120    0.1
 57407 105.03  30.28   462    1.0
 57408 105.35  30.12   338    0.6
 57485 113.47  30.28    23    0.1
 57505 105.58  29.42   338    3.2
 57506 105.90  29.37   353    2.6
 57507 105.30  29.33   385    1.6
 57508 105.37  29.15   301    2.8
 57510 106.07  29.85   326    0.3
 57511 106.45  29.85   240   0.01
 57513 106.62  29.73   464    0.2
 57514 106.22  29.58   331    0.7
 57518 106.50  29.33   506    1.5
 57565 111.73  29.67    38    0.1
 57589 113.87  29.27   146    0.2
 57596 114.20  29.63   751    0.1
 57603 105.83  28.82   283    0.1
 57609 105.70  28.58   317    0.2
 57694 114.38  28.53   259    0.1
 57708 105.60  27.15  1700    0.1
 57719 106.97  27.07  1275    1.7
 57728 107.47  27.07  1096    5.2
 57762 111.70  27.69   165    0.1
 57767 111.01  27.13   308    0.2
 57792 114.68  27.82    93    0.8
 57796 114.88  27.83   189    0.1
 57798 114.60  27.40    85    0.1
 57811 106.60  26.83  1296    1.4
 57813 106.47  26.57  1261    0.1
 57821 107.50  26.70   925    0.9
 57822 107.90  26.90   835    0.4
 57824 107.23  26.58  1001    0.4
 57828 107.58  26.50   983    2.9
 57844 109.18  26.68   343    0.5
 57846 110.15  26.58   310    0.1
 57851 110.83  26.46   346    0.1
 57859 110.63  26.03   408    0.7
 57876 112.83  26.43   135    1.2
 57881 113.25  26.72   101    0.1
 57883 114.28  26.75   253    1.4
 57886 113.80  26.48   268    0.4
 57887 113.12  26.12   167    1.5
 57891 114.25  26.93   153    0.5
 57895 114.78  26.47   101    0.7
 57899 114.92  26.80    71    5.1
 57913 106.98  26.45  1093    0.4
 57914 106.67  26.42  1149    0.2
 57915 106.77  26.63  1104    0.1
 57942 110.00  25.80   268    0.1
 57955 110.67  25.62   224    0.4
 57956 110.32  25.42   167    0.1
 57958 110.32  25.08   151    0.2
 57960 111.07  25.93   195    0.3
 57964 111.15  25.50   263   13.3
 57969 111.31  25.28   269    4.7
 57975 112.20  25.38   277    2.6
 57976 112.94  25.41   222    5.7
 57978 112.55  25.27   292    8.3
 57981 113.22  25.97   139    0.1
 57985 113.68  25.57   609    3.2
 57988 113.33  25.10   143   15.1
 57989 113.77  25.07   112   11.4
 57990 114.30  25.70   246    5.8
 57991 114.55  25.80   140    1.6
 57992 114.75  25.67   127    3.2
 57994 114.35  25.40   215   35.4
 57995 114.93  25.40   164    9.2
 58112 116.45  30.73   968    0.1
 58317 116.37  30.87   434    0.1
 58361 121.37  31.10     5    0.1
 58366 121.49  31.67     4    0.6
 58369 121.78  31.05     5    0.3
 58423 117.78  30.48   647    0.1
 58435 118.53  30.30   220    0.1
 58463 121.50  30.88     4   0.01
 58468 121.17  30.05     5    0.1
 58524 117.22  29.37    87    0.1
 58537 118.40  29.13   153    0.1
 58560 120.43  29.05   304    0.1
 58614 116.27  28.38    34    0.1
 58616 116.82  28.20    40    0.2
 58619 116.37  28.00    49    0.2
 58620 117.10  29.02    51    0.2
 58623 117.92  28.47    90    0.1
 58624 117.43  28.40    70    0.4
 58625 117.60  28.42    79    0.5
 58627 117.06  28.31    56    0.1
 58629 117.71  28.29   100    1.3
 58631 118.50  28.90   137    0.1
 58632 118.60  28.72   126    0.1
 58635 118.20  28.43    95    0.5
 58644 119.28  28.60   237    0.5
 58647 119.13  28.08   222    7.7
 58654 120.08  28.67   184    0.8
 58656 120.97  28.07    60    0.3
 58657 120.28  28.15    57    3.9
 58658 120.68  28.15    34    3.3
 58659 120.65  28.03    28    0.5
 58664 121.37  28.37    35    3.5
 58704 115.35  27.58   104    0.3
 58706 115.83  27.43   181    4.4
 58707 115.13  27.22    66    2.4
 58710 116.05  27.77    78    0.3
 58712 116.78  27.92   130    2.3
 58713 117.07  27.72   225    6.2
 58714 116.23  27.55   120    2.6
 58719 116.93  27.30   131    2.8
 58724 117.32  27.53   268    8.0
 58735 118.75  27.52   260    3.2
 58736 118.82  27.38   262    4.0
 58745 119.08  27.62   400    3.5
 58746 119.70  27.55   538    0.3
 58747 119.35  27.15   899    0.5
 58749 119.88  27.23   684    0.1
 58750 120.08  27.78   105    0.3
 58751 120.57  27.67   254    0.4
 58804 115.35  26.35   151    5.9
 58814 116.35  26.35   247    4.2
 58819 116.82  26.18   336    2.2
 58821 117.47  26.73   173    1.5
 58822 116.85  26.83   342    2.7
 58823 117.80  26.80   175    1.4
 58824 117.15  26.40   357    3.8
 58826 117.80  26.40   120   11.3
 58828 117.62  26.27   208    4.7
 58836 118.73  26.58   361    0.2
 58850 120.23  26.92    92    0.1
 58903 116.03  25.90   210    4.1
 58905 115.42  25.97   133    2.5
 58906 115.80  25.60   167    3.5
 58907 115.40  25.15   305    1.1
 58912 116.73  25.72   404    0.9
 58923 117.83  25.70   400    1.2
 58940 119.33  26.08    25    0.1
 59001 105.33  24.78   672    0.1
 59004 105.10  24.50   725    0.2
 59025 107.38  24.53   248    0.1
 59027 107.25  24.13   254    0.1
 59038 108.65  24.07   138    4.2
 59044 109.38  24.47    97    6.9
 59045 109.75  24.48    94    1.0
 59047 109.33  24.25   100    0.7
 59051 110.50  24.77   136    1.6
 59052 110.82  24.83   169    5.4
 59053 110.64  24.65   157    4.3
 59055 110.40  24.50   165    2.5
 59059 110.80  24.18   105    3.5
 59061 111.27  24.82   193   12.2
 59063 111.45  25.18   265    9.8
 59064 111.32  24.55   136    9.6
 59071 112.28  24.73   174   48.2
 59074 112.15  24.57   300   22.0
 59075 112.63  24.48    70   49.9
 59081 113.29  24.78   131   78.5
 59090 114.07  24.95   103   22.4
 59124 117.38  24.52    53    0.1
 59205 105.63  23.65   685    8.3
 59213 106.92  23.73   110    0.3
 59215 106.63  23.33   680   15.6
 59224 107.12  23.60   111    1.6
 59227 107.13  23.12   454   21.0
 59229 107.70  23.17   125   16.9
 59230 108.17  23.72   168    1.9
 59235 108.62  23.43   115    3.2
 59237 108.28  23.17   111    5.1
 59238 108.80  23.22   122    6.3
 59241 109.68  23.97    90    3.4
 59246 109.67  23.60    70   11.5
 59249 109.62  23.12    51   26.0
 59255 110.38  23.55    32   29.2
 59256 110.90  23.37   105    7.0
 59266 111.23  23.42    42    0.2
 59270 112.18  23.92    84    2.3
 59285 113.60  23.57    38    0.1
 59419 106.73  22.07   348   40.8
 59421 107.20  22.83   255   42.0
 59425 107.35  22.40   107   50.1
 59426 107.92  22.62   146    1.0
 59427 107.07  22.12   163   11.0
 59432 108.40  22.80   194   10.4
 59435 108.48  22.77    74   12.1
 59441 109.25  22.70    78    5.3
