diamond  3 2015年06月09日14点6小时降雨量                     
  15  06  09  14    -1 3 10 25 50 1 0
 39 122.7  37.3 122.5  36.7 120.8  36.2 119.3  35.0 120.4  34.3
 121.1  32.7 122.3  30.9 122.5  30.1 121.5  28.0 119.8  25.0
 116.1  22.6 111.0  21.0 111.0  18.6 109.6  18.1 108.3  18.5
 108.9  19.9 109.3  21.0 106.4  21.6 104.1  22.2 101.6  20.8
  98.7  22.0  97.1  24.1  97.7  27.0  91.7  26.6  85.7  27.7
  78.9  30.6  73.3  37.1  74.1  40.7  87.6  49.8  98.5  43.9
 110.4  44.3 122.0  54.7 135.7  48.3 131.5  42.2 125.2  39.4
 121.3  38.5 121.2  40.3 118.5  38.6 120.8  38.1
 1     356
 50431 121.52  50.78   717   0.01
 50445 123.73  50.58   423    0.5
 50645 124.48  48.48   195   0.01
 50659 126.25  48.03   291    1.7
 50673 130.40  48.88    90    1.4
 50674 129.43  48.57   404    3.6
 50741 123.50  47.93   185    0.4
 50750 125.30  47.90   226   0.01
 50755 126.07  47.62   249    3.1
 50767 127.10  47.23   202    1.8
 50772 129.23  48.10   288    0.9
 50775 130.20  47.34   182    0.2
 50778 132.53  47.67    57   0.01
 50779 134.28  48.37    40    1.2
 50851 126.08  46.68   207    0.2
 50852 126.45  46.82   169    0.1
 50858 125.81  46.02   159    0.2
 50861 127.48  46.89   182    0.1
 50871 129.88  46.73    95    0.1
 50878 130.72  47.00    78    1.8
 50880 131.12  46.73   102    2.6
 50884 131.15  46.63   175    0.6
 50892 134.00  46.80    54    3.6
 50965 128.27  45.43   167    4.8
 50987 131.09  45.26   219    0.7
 51137  82.93  46.20   715    8.0
 51145  83.65  46.55   521    1.1
 51328  80.42  44.20   770    0.8
 51329  80.85  44.05   640   0.01
 51430  81.15  43.83   602    5.1
 51434  81.53  43.97   770   0.01
 51436  83.30  43.45   928    2.1
 51627  79.23  41.22  1395    0.3
 52575 102.78  39.42  1239    0.1
 52643  99.62  38.83  2311    0.1
 52784 102.90  37.47  2072    0.6
 52877 102.25  36.10  2834   0.01
 52881 103.18  36.98  2484    4.2
 53272 112.63  42.75  1104   0.01
 53367 111.23  41.32  1602    0.5
 53368 111.47  41.08  1637   0.01
 53378 112.62  41.28  1737   0.01
 53384 113.18  41.45  1423    0.1
 53392 114.60  41.85  1422   0.01
 53397 113.98  41.10  1376    0.7
 53464 111.17  40.72  1042   0.01
 53472 112.57  40.87  1451    0.1
 53486 113.77  40.37  1050    0.9
 53517 106.33  39.27  1464   0.01
 53518 106.35  39.03  1117   0.01
 53545 109.71  39.56  1367    1.4
 53610 106.35  38.57  1106   0.01
 53611 106.55  38.88  1098   0.01
 53750 110.18  37.77   931   0.01
 54072 126.52  44.85   196    0.1
 54080 127.15  44.90   194   0.01
 54092 129.40  44.60   292    0.4
 54099 131.13  44.08   148    0.1
 54205 116.00  42.23  1315    0.1
 54293 129.83  42.95   142    0.1
 54316 118.75  41.52   679    0.2
 54318 117.73  41.32   561   0.01
 54319 118.67  41.00   502    0.9
 54320 119.30  41.60   544    0.1
 54325 120.35  41.18   183    0.6
 54327 119.35  41.23   417   0.01
 54328 119.72  41.08   296    0.3
 54330 121.33  41.13    45    2.2
 54338 121.95  41.28     3   0.01
 54420 117.33  40.93   529    0.1
 54424 117.12  40.17    32   0.01
 54430 118.21  40.78   330    0.3
 54432 118.47  40.61   369   0.01
 54453 120.96  40.87    38    0.1
 54474 122.35  40.42    24    0.3
 54475 122.45  40.57    11    0.3
 54494 124.07  40.47    72   0.01
 54499 116.22  40.22    76   0.01
 54590 124.17  39.88     4   0.01
 56034  97.13  33.80  4415    0.2
 56228  96.92  30.05  3260    7.0
 56317  94.22  29.22  2950    4.6
 56342  98.60  29.68  3870   0.01
 56441  99.28  28.72  2422    1.5
 56443  99.80  28.93  2842    2.4
 56598 104.73  27.13  1535    0.4
 56641  98.87  26.90  1189    3.0
 56645  99.42  26.42  2344    0.8
 56646  99.92  26.53  2191   0.01
 56652 100.75  26.68  2130    0.1
 56673 102.92  26.92   893    0.3
 56674 101.73  26.50  1108    0.5
 56675 102.58  26.65  1694    6.4
 56688 103.17  26.10  1254    0.3
 56697 104.08  26.22  1984    1.4
 56742  99.37  25.90  1658   0.01
 56746  99.52  25.47  1616   0.01
 56781 103.27  25.55  1873    0.6
 56782 103.55  25.42  2067    2.1
 56783 103.80  25.50  1906    6.3
 56785 103.08  25.36  1915    1.3
 56790 104.25  25.68  1925    0.9
 56835  97.82  24.07   959   14.1
 56836  97.95  24.70   826    7.6
 56840  98.30  24.82  1012    1.3
 56841  98.68  24.60  1528    0.9
 56842  99.18  24.73  1471   0.01
 56844  98.58  24.43   913    1.1
 56849  99.23  24.03  1606    4.7
 56872 102.62  24.95  2358    0.1
 56891 104.32  24.98  1482    0.2
 56944  99.27  23.15  1278    1.6
 56949  99.60  22.32   945    0.1
 56958 100.47  21.96  1222    1.7
 56976 102.85  23.22   312   0.01
 56987 103.23  22.78  1260    0.8
 56992 104.70  23.45  1507    7.0
 56994 104.28  23.33  1293    0.1
 56995 104.42  23.03  1332    0.3
 56996 104.70  23.13  1093    5.6
 57469 111.77  30.18    69   0.01
 57477 112.22  30.07    38   0.01
 57508 105.37  29.15   301    0.1
 57596 114.20  29.63   751    0.1
 57623 107.60  28.88   685    0.1
 57636 108.50  28.57   334   0.01
 57646 109.95  28.62   302    0.1
 57657 110.21  28.23   186   0.01
 57688 113.63  28.16   101   0.01
 57694 114.38  28.53   259   0.01
 57698 114.45  28.12    98   13.8
 57699 114.92  28.23    66   12.8
 57708 105.60  27.15  1700    0.1
 57714 106.23  27.47   942   0.01
 57717 106.83  27.53   974   0.01
 57734 108.23  27.57   467    0.1
 57738 108.42  27.05   516    0.1
 57769 111.73  27.23   252    0.4
 57772 112.50  27.75    86    0.1
 57773 112.83  27.88    63    0.2
 57777 112.87  27.23    63    0.6
 57781 113.50  27.65    74    3.2
 57783 113.82  27.88   118    9.6
 57786 113.85  27.63   117    0.7
 57792 114.68  27.82    93    0.7
 57794 114.02  27.63   177    1.1
 57796 114.88  27.83   189    0.6
 57798 114.60  27.40    85    8.2
 57800 105.37  26.77  1457    0.1
 57808 105.75  26.32  1274   0.01
 57822 107.90  26.90   835   0.01
 57859 110.63  26.03   408    0.6
 57860 111.28  27.00   283    0.1
 57867 111.28  26.40   169    1.0
 57870 112.10  26.80   151   0.01
 57871 112.37  26.98    90   0.01
 57875 112.68  26.75   137    0.4
 57876 112.83  26.43   135    3.3
 57881 113.25  26.72   101    1.4
 57882 113.55  26.79   136    2.1
 57883 114.28  26.75   253    0.3
 57886 113.80  26.48   268    2.0
 57887 113.12  26.12   167    3.9
 57891 114.25  26.93   153    9.9
 57895 114.78  26.47   101    0.5
 57899 114.92  26.80    71   0.01
 57900 105.22  25.83  1552   0.01
 57903 105.60  25.94  1142   0.01
 57909 105.82  24.98   584    0.1
 57936 108.91  25.76   258    0.1
 57948 109.25  25.08   122    0.2
 57949 110.00  24.98   156    2.8
 57954 110.18  25.23   157    0.2
 57955 110.67  25.62   224    2.8
 57956 110.32  25.42   167   0.01
 57958 110.32  25.08   151    9.6
 57960 111.07  25.93   195    1.6
 57962 111.65  25.97   167   20.5
 57964 111.15  25.50   263   27.8
 57966 111.96  25.59   244    4.7
 57969 111.31  25.28   269   20.9
 57971 112.20  25.92   224    6.2
 57973 112.72  25.75   329    0.3
 57975 112.20  25.38   277    6.0
 57978 112.55  25.27   292   0.01
 57981 113.22  25.97   139    5.1
 57985 113.68  25.57   609   0.01
 57989 113.77  25.07   112    0.5
 57990 114.30  25.70   246    0.1
 57992 114.75  25.67   127    0.1
 57994 114.35  25.40   215   0.01
 57995 114.93  25.40   164    5.4
 58337 118.18  31.08    26    0.1
 58359 120.62  31.13     4    0.1
 58369 121.78  31.05     5    0.2
 58409 115.93  30.10    32   0.01
 58417 116.13  30.17    54    0.1
 58418 116.67  30.13    60    0.8
 58421 117.87  30.63    31   0.01
 58426 118.13  30.30   193    0.2
 58428 117.50  30.22   118    0.2
 58435 118.53  30.30   220    0.4
 58438 118.58  30.08   191    0.3
 58441 119.42  30.87    43   0.01
 58442 119.18  31.17    16    0.3
 58443 119.89  31.02    25   0.01
 58446 119.70  30.63    72   0.01
 58449 119.95  30.05    46    0.1
 58451 120.93  30.83     2    0.1
 58452 120.77  30.73     4   0.01
 58453 120.50  30.07     7    1.5
 58454 119.98  30.53   102   0.01
 58455 120.65  30.52     8    0.2
 58456 120.52  30.63     6    0.1
 58458 120.90  30.54     4   0.01
 58459 120.29  30.19    44    1.2
 58460 121.35  30.73     5    0.2
 58462 121.23  31.03     4   0.01
 58463 121.50  30.88     4    0.3
 58468 121.17  30.05     5    3.7
 58484 122.20  30.25    37    1.4
 58512 116.55  29.90    71    1.7
 58523 117.93  29.93   227    2.7
 58524 117.22  29.37    87    0.7
 58529 117.85  29.27   171    1.5
 58530 118.43  29.87   168    0.5
 58534 118.18  29.78   170    1.5
 58537 118.40  29.13   153   11.9
 58542 119.68  29.82    46    0.1
 58544 119.27  29.48    88    0.3
 58546 119.88  29.47   115    2.3
 58547 119.18  29.03    66   10.8
 58548 119.47  29.22    50    7.7
 58550 120.25  29.70    39    0.2
 58555 120.88  29.52   113    7.4
 58558 120.22  29.27    89   10.5
 58559 120.97  29.15   107    6.3
 58560 120.43  29.05   304    8.1
 58561 121.60  29.98     4    4.6
 58563 121.83  29.88     5    3.1
 58565 121.39  29.69    41    4.3
 58566 121.88  29.47     6    9.8
 58567 121.43  29.32    39    3.3
 58568 121.38  29.12    34    2.7
 58570 122.30  29.95    85    1.5
 58601 115.38  28.70    53    1.0
 58602 115.55  28.85    40    2.3
 58605 115.38  28.42    46    7.7
 58607 115.95  28.55    31    0.8
 58609 115.82  28.22    27    4.9
 58612 116.68  28.70    21    2.0
 58614 116.27  28.38    34   11.0
 58615 117.08  28.68    56   16.1
 58616 116.82  28.20    40   35.2
 58618 116.60  28.27    82    6.3
 58619 116.37  28.00    49   24.4
 58620 117.10  29.02    51    0.8
 58623 117.92  28.47    90   36.8
 58624 117.43  28.40    70   37.9
 58625 117.60  28.42    79   37.7
 58627 117.06  28.31    56   33.2
 58629 117.71  28.29   100   35.9
 58631 118.50  28.90   137   18.5
 58632 118.60  28.72   126   15.3
 58635 118.20  28.43    95   17.7
 58642 119.80  28.88   105    3.6
 58643 120.03  28.90   102    3.6
 58644 119.28  28.60   237    2.4
 58647 119.13  28.08   222   12.9
 58654 120.08  28.67   184    3.1
 58656 120.97  28.07    60   0.01
 58657 120.28  28.15    57    1.5
 58658 120.68  28.15    34    1.5
 58659 120.65  28.03    28   0.01
 58660 121.20  28.87     6   16.5
 58664 121.37  28.37    35    0.9
 58693 115.83  28.70    40    1.3
 58701 115.40  27.77    46   15.5
 58704 115.35  27.58   104   23.1
 58706 115.83  27.43   181   11.6
 58707 115.13  27.22    66   13.1
 58710 116.05  27.77    78    4.8
 58712 116.78  27.92   130   23.4
 58713 117.07  27.72   225   14.5
 58714 116.23  27.55   120   14.8
 58719 116.93  27.30   131    9.1
 58724 117.32  27.53   268    8.7
 58735 118.75  27.52   260    1.3
 58736 118.82  27.38   262    0.3
 58745 119.08  27.62   400    0.4
 58747 119.35  27.15   899    1.1
 58749 119.88  27.23   684    0.4
 58750 120.08  27.78   105   0.01
 58751 120.57  27.67   254   0.01
 58814 116.35  26.35   247    3.5
 58821 117.47  26.73   173    0.6
 58822 116.85  26.83   342    1.2
 58823 117.80  26.80   175    0.1
 58906 115.80  25.60   167    7.4
 58907 115.40  25.15   305    6.2
 58912 116.73  25.72   404    0.7
 59001 105.33  24.78   672    0.6
 59004 105.10  24.50   725    1.9
 59015 106.57  24.35   437   0.01
 59017 106.27  24.27   278    0.1
 59022 107.55  24.98   749    0.5
 59025 107.38  24.53   248    0.6
 59027 107.25  24.13   254   0.01
 59031 108.26  24.81   342    0.3
 59033 108.90  24.78   328   0.01
 59034 108.67  24.48   150    1.5
 59038 108.65  24.07   138    9.8
 59041 109.25  24.65   108    0.2
 59044 109.38  24.47    97   0.01
 59045 109.75  24.48    94    0.4
 59051 110.50  24.77   136   26.0
 59052 110.82  24.83   169    4.7
 59053 110.64  24.65   157    3.0
 59055 110.40  24.50   165    2.6
 59057 110.18  24.13   830    3.3
 59059 110.80  24.18   105    6.8
 59061 111.27  24.82   193    2.7
 59063 111.45  25.18   265    2.4
 59064 111.32  24.55   136    6.7
 59071 112.28  24.73   174    0.3
 59074 112.15  24.57   300    0.7
 59075 112.63  24.48    70    0.1
 59091 114.52  24.75   277    0.7
 59093 115.03  24.78   253    0.8
 59205 105.63  23.65   685    1.1
 59213 106.92  23.73   110    1.3
 59215 106.63  23.33   680    0.1
 59224 107.12  23.60   111    0.1
 59227 107.13  23.12   454    6.1
 59229 107.70  23.17   125    9.7
 59230 108.17  23.72   168    0.3
 59235 108.62  23.43   115    1.0
 59238 108.80  23.22   122    1.9
 59246 109.67  23.60    70    1.9
 59249 109.62  23.12    51    0.7
 59255 110.38  23.55    32    0.8
 59270 112.18  23.92    84    4.1
 59276 112.65  23.35    40    1.8
 59285 113.60  23.57    38    2.0
 59290 114.25  23.78    85    0.3
 59312 116.70  23.67    60    0.1
 59419 106.73  22.07   348    6.3
 59421 107.20  22.83   255    4.5
 59427 107.07  22.12   163    3.6
 59448 109.55  22.27    69    5.6
 59449 109.98  22.30    85   0.01
 59451 110.35  22.70    98   10.1
 59469 111.78  22.17    37    0.1
 59473 112.98  22.74    47   0.01
 59476 113.03  22.53    36    0.2
 59477 112.23  22.27    68   0.01
