diamond  3 2015年06月27日02点6小时降雨量                     
  15  06  27  02    -1 3 10 25 50 1 0
 39 122.7  37.3 122.5  36.7 120.8  36.2 119.3  35.0 120.4  34.3
 121.1  32.7 122.3  30.9 122.5  30.1 121.5  28.0 119.8  25.0
 116.1  22.6 111.0  21.0 111.0  18.6 109.6  18.1 108.3  18.5
 108.9  19.9 109.3  21.0 106.4  21.6 104.1  22.2 101.6  20.8
  98.7  22.0  97.1  24.1  97.7  27.0  91.7  26.6  85.7  27.7
  78.9  30.6  73.3  37.1  74.1  40.7  87.6  49.8  98.5  43.9
 110.4  44.3 122.0  54.7 135.7  48.3 131.5  42.2 125.2  39.4
 121.3  38.5 121.2  40.3 118.5  38.6 120.8  38.1
 1     403
 50137 122.37  53.47   296    4.2
 50776 130.83  47.57    83    0.1
 50787 131.84  47.31    62    1.6
 50871 129.88  46.73    95    0.1
 50878 130.72  47.00    78   30.2
 51328  80.42  44.20   770    0.3
 51329  80.85  44.05   640    1.5
 51430  81.15  43.83   602    0.2
 51434  81.53  43.97   770    1.0
 51435  82.23  43.47   774    6.8
 51436  83.30  43.45   928    0.3
 51438  81.77  43.18  1210    7.7
 51468  86.83  43.10  3539    5.4
 51559  86.40  42.32  1100    1.9
 51627  79.23  41.22  1395    4.0
 51629  80.23  41.27  1132    0.8
 51636  82.65  41.55  1009    2.2
 51708  75.95  39.15  1325    0.3
 51722  80.40  40.65  1044    5.7
 51802  76.17  38.93  1297    2.9
 52853 100.98  36.90  3010    0.2
 52855 101.25  36.68  2675    0.3
 52862 101.68  36.95  2450   14.9
 52863 101.95  36.82  2480    1.7
 52877 102.25  36.10  2834    0.1
 52881 103.18  36.98  2484    4.6
 52963 102.02  35.93  2085    4.1
 52978 102.49  35.19  2948    0.1
 53498 115.03  40.57   629    1.5
 53774 112.37  37.58   759    0.8
 53916 106.32  35.50  1948    1.2
 53924 107.62  35.07   966    4.4
 53926 107.35  35.35  1028    0.5
 53927 106.62  35.20  1477    1.0
 53928 107.02  35.30  1149    1.2
 53931 109.37  36.00   984    0.2
 53935 108.40  35.49  1481    0.1
 53937 107.92  35.52   979    0.2
 53938 108.30  35.17  1277    5.9
 53941 109.58  35.18   804   14.2
 53944 109.25  35.57   863    0.3
 53945 109.07  35.43  1395    1.7
 53946 109.82  35.60  1091    0.6
 53947 109.07  35.08   978   29.7
 53949 109.92  35.18   679    8.4
 53950 110.15  35.23   708    9.4
 53954 110.97  35.62   433    3.2
 53956 110.83  35.40   588    7.6
 53957 110.72  35.62   459    4.0
 53958 110.78  35.17   435    6.0
 53961 111.48  35.65   472    0.7
 53964 111.22  35.62   430    3.0
 53965 111.57  35.52   761    5.9
 53967 111.20  35.33   468    7.9
 53970 112.20  35.70   887    0.3
 53972 112.90  35.05   117   10.7
 53976 112.87  35.50   752    2.1
 53978 112.63  35.08   140   10.4
 53979 113.08  35.15   120   10.2
 53982 113.27  35.23   112    3.5
 53983 114.42  35.03    69    3.9
 53984 113.47  35.23    82    3.3
 53987 113.36  35.11    94    9.8
 53988 113.67  35.27    77    3.8
 53989 113.98  35.08    75    4.3
 53994 114.07  35.38    70    0.8
 53997 114.18  35.15    71    4.2
 53998 114.65  35.20    61    3.9
 54024 119.30  44.45   710    0.1
 54214 118.42  42.58   960    0.1
 54267 125.73  42.25   362    0.1
 54304 115.27  40.95  1239    1.3
 54313 118.70  41.93   733    0.4
 54316 118.75  41.52   679    0.2
 54398 116.62  40.13    28    1.8
 54399 116.28  39.98    45    7.1
 54408 115.22  40.38   529    3.8
 54410 116.13  40.60  1224    0.1
 54412 116.63  40.73   331    0.3
 54419 116.63  40.37    75    2.3
 54421 117.12  40.65   293    0.1
 54424 117.12  40.17    32    0.5
 54425 117.47  40.40   633    0.4
 54428 117.40  40.03    15    0.6
 54431 116.63  39.92    43    1.7
 54433 116.50  39.95    35    3.0
 54438 118.88  39.88    65    0.1
 54483 123.90  40.88   233    0.6
 54499 116.22  40.22    76    0.8
 54502 116.03  39.48    29   28.1
 54505 116.10  39.94    98   13.8
 54507 115.52  39.33    49    0.3
 54510 116.95  39.91    18    0.8
 54512 116.28  39.42    21    2.5
 54513 116.20  39.95    65   15.2
 54514 116.25  39.87    55   26.7
 54520 117.08  39.97    18    0.2
 54521 116.98  39.77    13    0.1
 54529 117.82  39.35     3    0.3
 54530 117.77  39.23     1    0.6
 54590 124.17  39.88     4    4.2
 54594 116.35  39.72    37    1.9
 54596 116.19  39.77    48   10.4
 54597 115.74  39.73   407    2.6
 54906 115.42  35.25    49    0.6
 54907 116.65  34.98    34    2.7
 54908 115.10  35.27    57    0.5
 54917 116.33  35.13    35    0.5
 56016  95.62  33.85  4179    0.1
 56034  97.13  33.80  4415    4.8
 56147  98.83  31.22  3260    1.6
 56158 100.67  31.40  3250    1.1
 56164 100.98  32.27  3284    0.1
 56171 101.70  32.90  3275   16.7
 56280 103.12  30.08   691    1.8
 56291 104.28  30.93   469    0.2
 56295 104.55  30.38   448    0.4
 56298 104.60  30.13   417   13.0
 56390 104.07  29.67   404    5.0
 56391 103.82  30.08   415    0.6
 56393 104.85  29.77   369   15.2
 56394 104.43  29.45   384    1.0
 56395 104.67  29.52   351   14.7
 56396 104.77  29.35   352    4.0
 56399 104.98  29.18   306    7.8
 56641  98.87  26.90  1189    2.0
 56645  99.42  26.42  2344    0.5
 56836  97.95  24.70   826    4.9
 56839  98.82  23.77   995    0.5
 56840  98.30  24.82  1012   14.7
 56841  98.68  24.60  1528    5.5
 56844  98.58  24.43   913    3.5
 56846  99.93  24.58  1569    0.3
 56849  99.23  24.03  1606    1.4
 56854 100.13  24.45  1108    0.1
 56867 101.12  23.98  1105    2.6
 56944  99.27  23.15  1278    3.7
 56948  99.60  22.63  1155    8.2
 56949  99.60  22.32   945    0.7
 56950  99.80  23.47  1044    0.3
 56952 100.70  23.50   913    1.1
 56958 100.47  21.96  1222    0.1
 56962 101.67  23.42  1314    0.3
 56975 102.43  23.37   974    0.3
 56978 102.42  23.00  1642   12.8
 56984 103.15  23.38  1720    1.6
 56987 103.23  22.78  1260    1.5
 57003 106.83  34.90   924    3.1
 57016 107.13  34.35   612    7.7
 57020 107.40  34.37   563    6.0
 57021 107.13  34.65   751    4.9
 57022 107.78  34.68  1026    6.1
 57023 108.11  35.02   919   12.9
 57024 107.65  34.45   669    3.7
 57026 107.88  34.37   585    3.7
 57027 107.73  34.27   517    6.4
 57029 108.48  34.50   543    0.1
 57031 108.55  34.82  1012    4.8
 57032 108.20  34.13   436    8.9
 57033 108.82  34.55   428    1.6
 57035 108.23  34.55   636    0.4
 57039 108.88  34.08   445    2.0
 57040 109.08  34.52   377    2.1
 57041 108.92  34.63   424    3.0
 57042 109.18  34.78   470    5.7
 57043 109.97  34.80   351   10.0
 57044 109.23  34.40   424    1.8
 57045 109.48  34.52   349    5.9
 57047 109.32  34.17   540    4.1
 57053 110.72  34.70   505    6.6
 57054 110.23  34.55   556    6.5
 57055 110.13  34.59   342    5.7
 57056 110.86  34.54   484    5.7
 57057 110.15  34.10   963    1.6
 57060 111.23  35.17   402    6.8
 57061 111.20  34.83   410    3.3
 57063 111.77  34.77   523    5.1
 57065 112.13  34.55   317    5.1
 57066 111.67  34.40   408    1.0
 57070 112.12  34.73   364    4.9
 57072 112.75  34.92   127   10.4
 57074 112.40  34.42   252    2.8
 57075 112.87  34.17   203    2.0
 57076 112.78  34.73   189    4.6
 57078 112.47  34.15   336    1.6
 57079 113.03  34.95   106    9.9
 57080 112.97  34.73   165    6.6
 57081 113.43  34.80   140    7.9
 57082 113.02  34.47   427    3.9
 57084 113.05  34.49  1178    7.0
 57085 113.33  34.53   259    5.8
 57086 113.72  34.38   116   10.7
 57087 113.73  34.27   104    3.2
 57088 113.50  34.19   146    1.2
 57090 113.97  34.72    78    8.8
 57093 114.82  34.85    73    5.2
 57094 114.22  34.40    67    7.8
 57095 114.15  34.12    61    0.8
 57096 114.78  34.53    59    6.9
 57098 114.40  34.08    58    0.4
 57102 105.72  33.75   970    0.9
 57105 105.60  33.33  1221    1.6
 57110 106.08  33.78   930    1.3
 57111 106.30  33.92   961    1.6
 57113 106.55  33.93   984    0.8
 57123 108.07  34.28   506    3.7
 57126 107.55  33.22   468    1.2
 57129 107.72  32.98   446    1.3
 57132 108.58  34.13   411    3.3
 57137 108.32  33.32   802    0.7
 57140 109.12  33.67   818    0.9
 57162 112.07  34.13   440    1.7
 57169 111.87  33.05   159    0.1
 57173 112.88  33.75   145    0.9
 57175 112.23  33.05   191    3.1
 57176 112.42  33.48   231    0.6
 57177 113.53  33.33    89   15.3
 57179 113.00  33.28   160    5.9
 57180 113.20  33.98   117    2.3
 57182 113.52  33.85    80    1.5
 57183 113.92  33.80    60    1.4
 57184 113.30  33.63    97    0.3
 57185 113.58  33.45    91    3.9
 57186 114.05  33.60    58    6.2
 57187 112.93  33.07   118   11.7
 57188 114.03  33.37    55    9.4
 57189 113.95  33.13    64    6.8
 57190 114.40  33.75    50    4.1
 57191 114.47  34.51    64    6.4
 57192 114.85  33.73    45    1.7
 57194 114.27  33.28    59    6.8
 57195 114.62  33.62    46    3.7
 57196 114.87  33.47    42   17.3
 57197 114.35  32.97    50   18.5
 57198 114.57  33.50    44    4.4
 57204 105.22  32.57   782    0.9
 57208 105.52  32.28   544    3.3
 57213 106.93  33.00   536    0.3
 57217 106.28  32.23   485    2.5
 57233 108.50  32.90   413    1.0
 57249 109.68  32.32   448    0.1
 57253 110.82  32.85   201    0.1
 57254 110.12  32.82   322    0.1
 57260 111.52  32.57   133    8.6
 57268 111.62  32.27   120    3.5
 57271 112.38  32.52    87    0.7
 57273 112.85  32.68   109   24.4
 57274 112.12  32.70   107    4.8
 57281 113.30  32.70   142    6.8
 57292 114.63  32.97    44   25.0
 57293 114.98  32.73    38   26.8
 57294 114.02  32.83    83   21.7
 57295 114.35  32.62    78   14.0
 57296 114.73  32.35    48    7.6
 57298 114.55  32.22    55    1.1
 57299 114.90  32.02    49    8.9
 57303 105.92  31.73   459    5.1
 57308 105.38  31.22   421   17.7
 57309 105.88  30.98   378    1.5
 57345 109.62  31.40   337    0.1
 57363 111.83  31.80   151    0.1
 57385 113.82  31.62    93    1.3
 57386 114.00  31.25    51   18.8
 57387 113.13  31.00    84    5.3
 57388 113.71  31.27    53   10.8
 57389 113.75  31.03    32   40.3
 57390 114.07  31.80   733    1.4
 57396 114.85  31.63   128    6.2
 57398 114.62  31.28    74    9.9
 57401 105.37  30.87   383   31.7
 57407 105.03  30.28   462   28.0
 57475 112.90  30.40    31    0.1
 57477 112.22  30.07    38    2.9
 57481 113.57  30.95    30   29.7
 57486 113.85  30.65    25   10.0
 57491 114.40  30.87    31    2.5
 57492 114.84  30.84    40    6.1
 57496 114.87  30.37    31    0.1
 57507 105.30  29.33   385   17.8
 57540 109.15  29.68   776    0.7
 57541 109.48  30.00   532    0.2
 57543 110.03  29.90   539    3.5
 57565 111.73  29.67    38    0.3
 57566 111.65  29.45    51    7.0
 57603 105.83  28.82   283    1.2
 57609 105.70  28.58   317   11.7
 57859 110.63  26.03   408    0.2
 57941 109.60  25.78   197    0.1
 58001 115.10  34.43    56    7.1
 58002 115.58  34.85    49    6.1
 58003 115.88  34.95    45    7.0
 58004 115.15  34.65    60    8.4
 58006 115.88  34.38    46    3.2
 58007 115.30  34.07    47    1.2
 58008 115.33  34.47    54    5.3
 58011 116.07  34.80    46    5.8
 58012 116.66  34.67    42    7.0
 58013 116.91  34.75    36    5.2
 58016 116.97  34.18    34    5.7
 58017 116.13  34.25    41    4.8
 58020 117.13  34.80    35    5.6
 58021 117.28  34.78    80    5.9
 58022 117.57  34.75    48    5.4
 58024 117.58  34.87    77    2.4
 58025 117.73  34.57    27    6.6
 58030 118.02  34.88    44    1.2
 58035 118.35  34.33    29    4.7
 58036 118.71  34.54    32    5.1
 58044 119.23  34.55     4    3.3
 58045 119.60  34.20     4    4.2
 58048 119.35  34.12     4    4.0
 58049 119.80  34.02     4    2.6
 58100 115.17  33.65    41   10.3
 58101 115.48  33.87    41    2.0
 58104 115.07  33.40    41   24.0
 58107 115.28  33.02    35   21.8
 58108 115.33  33.23    34   39.5
 58109 115.65  33.13    31   19.8
 58113 116.75  33.93    31    9.7
 58114 116.18  33.48    31   30.7
 58116 116.83  33.98    31    7.9
 58117 116.20  33.13    27   23.3
 58125 117.52  33.58    22    7.7
 58126 117.87  33.47    19    5.3
 58127 117.20  32.98    21   23.8
 58128 117.35  33.33    21   20.8
 58129 117.83  33.15    14   27.7
 58131 118.22  33.97    25    3.9
 58132 118.68  33.72    14    1.3
 58139 118.91  33.31    10    2.3
 58140 119.30  33.77     9    1.0
 58145 119.15  33.50     7    1.0
 58146 119.77  33.47     3    0.2
 58147 118.97  32.98    24    7.2
 58148 119.34  33.27     3    1.0
 58154 120.20  33.43     2    0.1
 58202 115.57  32.67    31   11.7
 58205 115.43  32.47    34   45.7
 58207 115.05  32.17    42    7.4
 58210 116.23  32.65    25   14.2
 58212 116.77  32.72    23   16.7
 58214 116.30  32.37    27    0.2
 58220 117.15  32.47    28    6.2
 58222 117.55  32.85    24   37.3
 58223 117.98  32.80    31   24.7
 58224 117.02  32.65    32   10.7
 58230 118.28  32.12    26   11.6
 58234 118.42  32.47    40   55.6
 58235 118.85  32.37    10   74.8
 58237 118.59  32.07    46    9.7
 58240 119.02  32.68    21   20.1
 58242 119.16  32.30    22   59.3
 58243 119.82  32.95     3    3.1
 58244 119.59  32.45     5   37.9
 58245 119.42  32.41     9   48.9
 58246 119.99  32.56     2   30.5
 58247 119.80  32.27     3   53.0
 58249 120.05  32.16     6   60.1
 58250 120.16  32.51     6   33.3
 58254 120.45  32.52     5   34.1
 58257 120.26  31.99     4   53.4
 58264 121.18  32.33     3   25.9
 58268 121.08  32.10     4   20.0
 58269 121.65  31.78     3   30.3
 58301 115.38  31.82    92   23.6
 58306 115.88  31.68    95    1.0
 58316 116.92  31.47    23    0.6
 58317 116.37  30.87   434    0.1
 58323 117.47  31.88    25    0.4
 58330 118.08  31.75    26   20.5
 58331 118.37  31.73    22   14.0
 58334 118.37  31.38     9    0.4
 58335 118.52  31.57    23    2.4
 58337 118.18  31.08    26    0.1
 58340 119.03  31.66    25   14.6
 58341 119.59  31.98     6   70.2
 58342 119.55  31.72     6   96.3
 58344 119.20  31.96    36   42.5
 58346 119.81  31.34    16    0.1
 58349 120.56  31.41     8    2.6
 58351 120.30  31.90     4   93.7
 58352 120.77  31.65     4   32.9
 58353 120.57  31.86    11   57.4
 58359 120.62  31.13     4    0.1
 58360 121.20  31.92     3   53.0
 58361 121.37  31.10     5    0.3
 58365 121.25  31.37     4    1.8
 58366 121.49  31.67     4   51.7
 58367 121.43  31.20     4    0.6
 58369 121.78  31.05     5    0.8
 58370 121.53  31.23     4    0.7
 58377 121.11  31.51     5    3.4
 58431 118.32  30.90    39    0.1
 58433 118.75  30.93    31    1.3
 58438 118.58  30.08   191    0.1
 58461 121.12  31.13     4    0.1
 58462 121.23  31.03     4    0.2
 59001 105.33  24.78   672    0.4
 59025 107.38  24.53   248    0.7
 59063 111.45  25.18   265    0.9
 59064 111.32  24.55   136    1.2
 59313 116.98  23.68    44    0.1
 59320 117.13  23.75    37    1.7
