diamond  3 2014年01月29日08点24小时降雨量                    
  14  01  29  08    -2 3 10 25 50 1 0
 39 122.7  37.3 122.5  36.7 120.8  36.2 119.3  35.0 120.4  34.3
 121.1  32.7 122.3  30.9 122.5  30.1 121.5  28.0 119.8  25.0
 116.1  22.6 111.0  21.0 111.0  18.6 109.6  18.1 108.3  18.5
 108.9  19.9 109.3  21.0 106.4  21.6 104.1  22.2 101.6  20.8
  98.7  22.0  97.1  24.1  97.7  27.0  91.7  26.6  85.7  27.7
  78.9  30.6  73.3  37.1  74.1  40.7  87.6  49.8  98.5  43.9
 110.4  44.3 122.0  54.7 135.7  48.3 131.5  42.2 125.2  39.4
 121.3  38.5 121.2  40.3 118.5  38.6 120.8  38.1
1                    334
  50524 119.43  49.32  578   0.01
  50525 119.75  49.15  621   0.01
  50645 124.48  48.48  196   0.01
  50646 124.85  48.48  204    0.2
  50755 126.10  47.60  232   0.01
  50787 131.85  47.28   63    0.1
  50892 134.00  46.80   57    0.1
  51058  87.97  47.10  564   0.01
  51137  82.93  46.20  715   0.01
  51328  80.42  44.20  774   10.2
  51329  80.85  44.05  641    9.7
  51353  86.10  45.02  347    0.6
  51357  85.62  44.33  523   0.01
  51368  87.32  44.12  516   0.01
  51369  87.65  43.97  601    0.3
  51377  87.92  44.17  547    0.2
  51378  89.17  44.02  735    1.1
  51430  81.15  43.83  605   10.7
  51434  81.53  43.97  771    9.4
  51435  82.23  43.47  776    0.4
  51436  83.25  43.45  929    0.4
  51438  81.77  43.18 1210    1.7
  51465  87.10  43.48 1874   0.01
  51482  90.28  43.83 1271    2.5
  56158 100.67  31.40 3250   0.01
  56164 100.98  32.27 3286    0.9
  56168 102.07  31.48 2170    0.1
  56199 104.68  31.03  424    0.1
  56291 104.28  30.97  474   0.01
  56295 104.55  30.38  443   0.01
  56296 104.43  30.85  449    0.1
  56297 104.15  30.02  431   0.01
  56298 104.60  30.13  415   0.01
  56382 103.60  29.73  408   0.01
  56384 103.48  29.60  446   0.01
  56399 104.98  29.18  307   0.01
  56989 103.95  22.50  138    1.4
  57188 114.03  33.37   56    0.1
  57189 113.95  33.13   65    0.4
  57194 114.27  33.28   60    0.6
  57197 114.33  33.00   54    1.9
  57216 106.83  32.35  577    1.6
  57217 106.28  32.23  493    1.3
  57231 108.53  32.53  504    0.4
  57247 108.90  32.32  442    0.4
  57248 109.33  32.40  429   0.01
  57249 109.68  32.32  453    0.1
  57257 110.23  32.23  309    0.1
  57260 111.52  32.55  143    0.3
  57268 111.63  32.27   87    0.4
  57271 112.38  32.55   89    0.3
  57273 112.85  32.68  110    0.5
  57281 113.30  32.70  142    2.2
  57292 114.63  32.97   44    1.0
  57293 114.98  32.73   39    1.8
  57294 114.02  32.83   84    3.0
  57295 114.35  32.62   83    2.6
  57296 114.73  32.35   50    2.7
  57298 114.55  32.22   56    2.6
  57299 114.90  32.02   50    5.1
  57303 105.92  31.73  460    0.3
  57304 105.17  31.67  517   0.01
  57307 105.08  31.10  408    1.0
  57308 105.38  31.22  421    0.3
  57309 105.88  30.98  375    1.2
  57314 106.07  31.35  385    1.7
  57315 106.40  31.53  658    0.7
  57317 106.42  31.03  323    2.7
  57318 106.55  31.07  339    2.2
  57320 107.22  31.93  483    1.8
  57324 107.08  31.58  363    2.5
  57326 107.72  31.37  390    2.9
  57329 107.85  31.10  462    4.0
  57333 108.67  31.95  800    1.5
  57338 108.42  31.18  213    4.2
  57339 108.68  30.95  296    6.5
  57345 109.62  31.40  339    3.9
  57349 109.87  31.07  270    5.6
  57361 111.27  31.88  331    2.2
  57362 110.67  31.75  939    3.9
  57363 111.83  31.80  146    3.8
  57368 111.63  31.05  138    3.8
  57370 112.22  31.73   68    2.4
  57377 112.22  31.00  184    2.6
  57385 113.82  31.63   94    4.8
  57386 114.00  31.25   37    5.1
  57387 113.13  31.00   80    9.7
  57388 113.70  31.27   55    7.6
  57389 113.75  31.03   33    0.1
  57390 114.07  31.80  731    5.2
  57396 114.85  31.63  130    7.1
  57398 114.62  31.28   76    5.8
  57401 105.37  30.87  380    0.7
  57402 105.70  30.77  395    0.1
  57407 105.03  30.28  464   0.01
  57409 105.80  30.18  295    0.1
  57413 106.97  30.85  295    3.0
  57414 106.45  30.55  396    0.2
  57415 106.63  30.47  336    0.3
  57416 106.93  30.33 3915   0.01
  57417 106.28  30.35  315    0.1
  57420 107.20  30.75  397    2.3
  57425 107.33  30.33  430    1.3
  57431 108.35  30.83  256    6.1
  57437 108.03  30.30  326    3.1
  57438 108.12  29.98  630    0.8
  57453 111.32  30.77  116    3.1
  57460 111.78  30.82   91    2.7
  57462 111.08  30.87  104    4.5
  57464 111.18  30.47  144    3.4
  57465 111.45  30.38   76    3.9
  57466 111.77  30.43   50    5.8
  57469 111.77  30.18   68    6.3
  57475 112.90  30.40   33    6.5
  57477 112.22  30.07   39    6.4
  57481 113.58  30.95   31    6.8
  57485 113.45  30.37   33   12.4
  57486 113.85  30.65   25    9.2
  57489 114.00  30.58   39   11.0
  57491 114.40  30.87   31    7.9
  57492 114.80  30.83   33    8.7
  57495 114.88  30.67   19   11.3
  57496 114.87  30.37   30   12.3
  57498 114.90  30.43   22   12.6
  57499 114.97  30.10   40   13.9
  57509 106.93  28.95  325   0.01
  57511 106.45  29.85  242   0.01
  57513 106.62  29.73  457   0.01
  57514 106.22  29.58  325   0.01
  57518 106.53  29.38  243    0.1
  57522 107.42  29.75  273    0.6
  57525 107.75  29.32  273   0.01
  57537 108.17  29.30  321    0.7
  57540 109.15  29.68  776    4.3
  57541 109.48  30.00  533    5.3
  57543 110.03  29.88  540    6.1
  57544 109.45  29.47  486    3.6
  57558 110.47  29.13  184    4.9
  57564 111.13  29.43  103    5.9
  57565 111.75  29.65   39    5.1
  57566 111.65  29.45   50   10.8
  57571 112.40  29.70   37   10.9
  57575 112.57  29.52   32   16.2
  57577 112.17  29.40   37   11.4
  57582 113.88  29.73   51   12.3
  57585 113.45  29.48   60   16.3
  57586 114.03  29.53   79   11.2
  57589 113.80  29.25  103   12.1
  57590 114.37  29.85   64   11.2
  57596 114.20  29.63    0   12.8
  57623 107.60  28.88  684    0.5
  57634 107.88  28.52  658    0.4
  57635 108.98  28.45  363    7.3
  57636 108.50  28.57  335    3.5
  57637 108.12  28.25  524    1.4
  57640 109.45  28.58  344    5.7
  57643 109.83  29.00  268    3.1
  57646 109.95  28.62  301   11.7
  57657 110.20  28.22  182    5.5
  57658 110.20  28.02  144    6.3
  57661 111.48  28.92   51    9.2
  57663 111.95  28.92   31    8.6
  57666 112.13  28.52   49    6.4
  57674 112.47  28.57   44    3.7
  57678 112.55  28.25   71   0.01
  57680 113.07  28.80   47    3.0
  57699 114.92  28.23   68   0.01
  57713 106.88  27.70  844    0.4
  57714 106.23  27.47  942    1.3
  57717 106.83  27.53  974    0.5
  57719 106.97  27.07 1280    2.9
  57720 107.17  27.88  888    0.1
  57723 107.72  27.98  710    0.4
  57728 107.47  27.07 1095    1.0
  57732 108.40  28.02  458    1.8
  57734 108.23  27.57  468    0.5
  57735 108.82  27.18  396   0.01
  57736 108.85  27.70  376    1.9
  57737 108.12  27.03  546   0.01
  57739 108.88  27.23  375    0.1
  57740 109.60  27.95  349    3.9
  57743 109.80  27.88  176    6.6
  57744 109.17  27.37  356    0.2
  57754 110.15  27.35  170    1.7
  57760 111.43  27.70  247    0.8
  57762 111.70  27.68  163    0.1
  57767 111.03  27.12  266    0.4
  57768 111.45  27.32  242   0.01
  57800 105.37  26.77 1458    1.0
  57807 105.47  26.20 1359    0.5
  57808 105.75  26.32 1272    1.4
  57809 105.75  26.07 1251    0.8
  57811 106.60  26.85 1242    3.7
  57813 106.47  26.57 1265    1.9
  57814 106.27  26.42 1285    1.6
  57818 106.45  26.03 1145    0.2
  57821 107.50  26.70  924    0.6
  57822 107.90  26.90  833    0.4
  57824 107.23  26.58 1005    0.8
  57828 107.58  26.50  983    1.4
  57829 107.80  26.20  964    2.5
  57834 108.30  26.68  642   0.01
  57835 108.43  26.72  521    0.2
  57837 108.07  26.40  838    1.6
  57842 109.72  26.88  281    0.6
  57844 109.18  26.68  344    1.4
  57851 110.85  26.45  307   0.01
  57876 112.83  26.43  118   0.01
  57881 113.25  26.72  105    0.7
  57887 113.12  26.13  124    0.3
  57900 105.22  25.83 1553   0.01
  57911 106.65  26.67 1325    1.9
  57913 106.98  26.45 1095    1.0
  57914 106.67  26.42 1143    1.2
  57915 106.77  26.63 1102    1.7
  57923 107.87  25.98  418    1.0
  57941 109.60  25.78  198    0.5
  57942 110.00  25.80  267    0.1
  57949 110.00  24.98  157    0.5
  57954 110.18  25.23  158    1.6
  57958 110.32  25.08  152    0.4
  57960 111.07  25.93  192   0.01
  58107 115.25  33.07   40    1.2
  58109 115.62  33.18   37    0.1
  58112 116.45  30.73  933    8.5
  58114 116.18  33.48   29   0.01
  58117 116.20  33.13   33    0.8
  58127 117.20  32.98   23    2.5
  58128 117.30  33.32   23    0.1
  58129 117.87  33.13   20    1.2
  58147 118.97  32.98   28    3.1
  58202 115.58  32.63   37    1.7
  58205 115.43  32.47   36    2.7
  58207 115.05  32.17   42    5.1
  58210 116.23  32.65   25    2.5
  58212 116.73  32.72   27    4.2
  58214 116.28  32.33   37    6.1
  58220 117.15  32.47   32    2.7
  58222 117.55  32.85   31    2.9
  58223 117.98  32.78   38    3.3
  58224 117.02  32.65   36    3.6
  58230 118.27  32.08   34    9.0
  58234 118.42  32.47   43    6.6
  58235 118.85  32.37   16    6.3
  58237 118.62  32.05   22    9.2
  58240 119.02  32.68   25    5.8
  58242 119.18  32.28   14    5.7
  58244 119.58  32.45   10    3.8
  58245 119.42  32.42   14    3.9
  58246 119.90  32.52   11    2.0
  58247 119.82  32.25    5    2.4
  58249 120.00  32.17    8    1.1
  58301 115.38  31.82   90    7.6
  58306 115.88  31.68   94    8.4
  58316 116.95  31.47   26   11.4
  58317 116.37  30.87  434   13.9
  58320 117.13  31.73   26    8.9
  58323 117.47  31.88   29   11.8
  58327 117.28  31.25   24    7.2
  58329 117.87  31.33   24    5.1
  58330 118.08  31.75   20   12.7
  58331 118.37  31.73   26    9.4
  58334 118.37  31.38   23    3.0
  58335 118.52  31.57   16    6.1
  58337 118.18  31.08   30    1.9
  58339 118.90  31.33   24    0.8
  58340 119.03  31.65   23    3.9
  58341 119.58  31.98   10    3.5
  58342 119.55  31.72    7    1.9
  58344 119.20  31.97   35    6.4
  58346 119.82  31.33   15    0.7
  58351 120.30  31.90   12    0.1
  58359 120.62  31.13    9   0.01
  58401 115.40  30.78  106   11.9
  58404 115.22  30.47   57   12.4
  58408 115.43  30.23   35   11.8
  58409 115.93  30.07   20    6.5
  58415 116.58  30.63   38    8.3
  58416 116.82  30.75   38    7.3
  58417 116.13  30.17   50    4.3
  58418 116.70  30.13   26    3.6
  58420 117.22  30.72   38    3.7
  58421 117.87  30.63   32    1.3
  58423 117.78  30.48  643    0.6
  58427 117.48  30.67   36    3.4
  58428 117.48  30.22  115    1.2
  58431 118.32  30.92   17    0.2
  58432 118.40  30.68   39    0.1
  58433 118.75  30.93   30    0.1
  58435 118.53  30.30  221   0.01
  58441 119.42  30.87   53    1.2
  58443 119.90  31.02   19    1.0
  58446 119.68  30.63   25   0.01
  58449 119.95  30.05   47   0.01
  58451 120.93  30.83    3   0.01
  58454 119.97  30.53    5   0.01
  58455 120.65  30.52    8   0.01
  58456 120.52  30.63    6   0.01
  58458 120.90  30.53    3   0.01
  58459 120.28  30.18   42   0.01
  58501 115.63  29.93   25    9.6
  58502 116.00  29.73   37    4.4
  58503 115.68  29.70   41    8.4
  58508 115.77  29.33   42    0.4
  58509 115.82  29.05   38   0.01
  58510 116.23  29.73   40    3.6
  58512 116.55  29.90   66    6.0
  58514 116.05  29.45   35    2.2
  58517 116.20  29.27   43    0.3
  58529 117.85  29.27   82   0.01
  58530 118.43  29.87  170   0.01
  58542 119.68  29.82   45   0.01
  58546 119.88  29.47  114   0.01
  58550 120.25  29.70   39   0.01
  58558 120.22  29.27   89   0.01
  58601 115.38  28.70   54    0.3
  58605 115.38  28.42   49    0.1
  58614 116.27  28.38   40    0.1
  58693 115.83  28.70   37    0.1
  58701 115.40  27.77   47    1.0
  58704 115.35  27.62   61   0.01
  58706 115.83  27.43  180   0.01
  58710 116.05  27.77   76   0.01
  59015 106.57  24.35  442   0.01
  59022 107.55  24.98  695   0.01
  59031 108.25  24.83  205   0.01
  59033 108.90  24.78  330   0.01
  59045 109.75  24.48   95    0.1
  59047 109.33  24.25  101   0.01
  59454 111.00  22.92  104   0.01
  59635 108.35  21.62   26   0.01
  59750 110.10  20.92   25   0.01
  59940 109.17  18.75  156    0.2
  59951 110.33  18.80   38    5.1
