  50137 122.37  53.47  297    1.7
  50431 121.52  50.78  718    1.5
  50445 123.73  50.58  424    0.8
  50524 119.43  49.32  578    0.3
  50525 119.75  49.15  621    1.3
  50526 120.70  49.28  670    1.6
  50566 128.47  49.55  117    0.1
  50645 124.48  48.48  196    0.3
  50646 124.85  48.48  204    0.5
  50647 123.48  48.13  237    0.1
  50655 126.18  48.50  267    0.2
  50673 130.40  48.88   92    2.1
  50674 129.43  48.57  404    0.6
  50741 123.50  47.93  186    0.6
  50749 124.83  47.18  159    0.1
  50750 125.30  47.90  228    0.1
  50767 127.10  47.23  204    1.0
  50772 129.23  48.10  299    1.9
  50775 130.27  47.33  229    2.4
  50776 130.83  47.57   84    2.4
  50778 132.53  47.67   59    0.9
  50779 134.28  48.37   41    1.6
  50787 131.85  47.28   63    2.7
  50842 124.42  46.83  145    0.1
  50850 125.13  46.57  148    0.7
  50851 126.08  46.68  209    3.2
  50852 126.45  46.83  170    0.1
  50858 125.93  46.07  136    0.3
  50859 126.27  46.25  160    0.9
  50861 127.48  46.88  186    0.9
  50867 127.35  46.08  134    1.3
  50871 129.88  46.73   96    0.6
  50878 130.72  47.00   80    4.3
  50879 130.55  46.22  187    1.0
  50880 131.12  46.73  104    1.1
  50884 131.15  46.63  176    0.7
  50892 134.00  46.80   57    2.2
  50956 126.57  45.93  117   0.01
  50958 126.95  45.52  175    1.0
  50960 127.45  45.78  192    0.6
  50962 128.03  45.95  113    2.2
  50964 128.80  45.83  123    1.4
  50965 128.30  45.45  157    0.2
  50971 131.02  45.77  226    0.8
  51137  82.93  46.20  715   0.01
  51145  83.65  46.55  523   0.01
  51352  85.25  44.85  338   0.01
  51378  89.17  44.02  735   0.01
  51430  81.15  43.83  605   0.01
  51559  86.40  42.32 1110   0.01
  51568  86.80  42.25 1086   0.01
  52853 100.98  36.90 3011    0.3
  53420 107.12  40.85 1024    0.8
  53486 113.77  40.37 1050    5.3
  53696 115.00  38.52   55    9.8
  53894 114.22  36.42  128   10.8
  54072 126.52  44.85  203   0.01
  54080 127.15  44.90  196    0.7
  54093 130.55  44.93  266    0.3
  54099 131.13  44.08  151   0.01
  54279 126.58  42.05  545    0.2
  54371 126.43  41.93  521   0.01
  54420 117.33  40.93  530    8.8
  54483 123.90  40.88  239   83.8
  54645 117.47  38.85    3    4.2
  56190 104.55  31.55  518    0.1
  56272 103.88  30.82  560   0.01
  56280 103.12  30.08  692   0.01
  56380 103.37  29.92  466   0.01
  56490 103.90  28.95  396    0.1
  56580 102.80  27.72 2461   0.01
  56788 103.67  25.03 1842   0.01
  56869 101.97  24.07 1498    0.1
  56883 103.98  24.83 1846    0.4
  56885 103.45  24.40 1416    0.1
  56889 104.17  24.05 1518    0.1
  56891 104.32  24.98 1482    0.4
  56944  99.27  23.15 1280    0.1
  56948  99.60  22.63 1156    0.1
  56958 100.42  21.92 1177    0.1
  57413 106.97  30.85  295    0.1
  57506 105.90  29.37  376   14.2
  57744 109.17  27.37  356    0.2
  57908 105.48  25.12 1393    1.6
  58353 120.57  31.87    6    0.1
