diamond  3 2014年01月24日08点24小时降雨量                    
  14  01  24  08    -2 3 10 25 50 1 0
 39 122.7  37.3 122.5  36.7 120.8  36.2 119.3  35.0 120.4  34.3
 121.1  32.7 122.3  30.9 122.5  30.1 121.5  28.0 119.8  25.0
 116.1  22.6 111.0  21.0 111.0  18.6 109.6  18.1 108.3  18.5
 108.9  19.9 109.3  21.0 106.4  21.6 104.1  22.2 101.6  20.8
  98.7  22.0  97.1  24.1  97.7  27.0  91.7  26.6  85.7  27.7
  78.9  30.6  73.3  37.1  74.1  40.7  87.6  49.8  98.5  43.9
 110.4  44.3 122.0  54.7 135.7  48.3 131.5  42.2 125.2  39.4
 121.3  38.5 121.2  40.3 118.5  38.6 120.8  38.1
1                     37
  50137 122.37  53.47  297    0.5
  50524 119.43  49.32  578    0.5
  50566 128.47  49.55  117    0.2
  50645 124.48  48.48  196   0.01
  50646 124.85  48.48  204    0.1
  50655 126.18  48.50  267   0.01
  50673 130.40  48.88   92    0.1
  50674 129.43  48.57  404    0.2
  50741 123.50  47.93  186   0.01
  50750 125.30  47.90  228   0.01
  50772 129.23  48.10  299   0.01
  50778 132.53  47.67   59   0.01
  50858 125.93  46.07  136   0.01
  51058  87.97  47.10  564   0.01
  51328  80.42  44.20  774    2.7
  51329  80.85  44.05  641    3.3
  51352  85.25  44.85  338    1.9
  51353  86.10  45.02  347   0.01
  51356  86.05  44.32  444    0.4
  51357  85.62  44.33  523    0.6
  51359  86.20  44.32  473    0.5
  51369  87.65  43.97  601   0.01
  51378  89.17  44.02  735   0.01
  51430  81.15  43.83  605    1.1
  51434  81.53  43.97  771    1.3
  51435  82.23  43.47  776    0.6
  51436  83.25  43.45  929   0.01
  51438  81.77  43.18 1210   0.01
  51465  87.10  43.48 1874   0.01
  51482  90.28  43.83 1271    0.3
  52643  99.62  38.83 2311    0.8
  52842  99.08  36.78 3088    0.4
  53727 107.12  37.17 1713    0.1
  54117 117.53  43.25 1004    0.1
  56095 104.38  34.03 1754   0.01
  57102 105.72  33.75  971   0.01
  59279 112.87  23.18   18   0.01
