diamond  3 2014年01月28日08点24小时降雨量                    
  14  01  28  08    -2 3 10 25 50 1 0
 39 122.7  37.3 122.5  36.7 120.8  36.2 119.3  35.0 120.4  34.3
 121.1  32.7 122.3  30.9 122.5  30.1 121.5  28.0 119.8  25.0
 116.1  22.6 111.0  21.0 111.0  18.6 109.6  18.1 108.3  18.5
 108.9  19.9 109.3  21.0 106.4  21.6 104.1  22.2 101.6  20.8
  98.7  22.0  97.1  24.1  97.7  27.0  91.7  26.6  85.7  27.7
  78.9  30.6  73.3  37.1  74.1  40.7  87.6  49.8  98.5  43.9
 110.4  44.3 122.0  54.7 135.7  48.3 131.5  42.2 125.2  39.4
 121.3  38.5 121.2  40.3 118.5  38.6 120.8  38.1
1                    150
  50137 122.37  53.47  297    0.8
  50445 123.73  50.58  424   0.01
  50566 128.47  49.55  117    2.2
  50655 126.18  48.50  267    0.1
  50673 130.40  48.88   92    2.3
  50674 129.43  48.57  404    2.5
  50755 126.10  47.60  232    0.1
  50772 129.23  48.10  299    1.7
  50775 130.27  47.33  229    0.6
  50776 130.83  47.57   84    2.0
  50778 132.53  47.67   59    0.4
  50787 131.85  47.28   63    1.7
  50850 125.13  46.57  148   0.01
  50851 126.08  46.68  209    0.2
  50852 126.45  46.83  170    0.1
  50858 125.93  46.07  136   0.01
  50867 127.35  46.08  134   0.01
  50880 131.12  46.73  104   0.01
  50884 131.15  46.63  176    0.1
  50892 134.00  46.80   57    0.9
  50962 128.03  45.95  113   0.01
  50964 128.80  45.83  123   0.01
  50971 131.02  45.77  226   0.01
  50985 131.87  45.55  155   0.01
  51058  87.97  47.10  564    5.1
  51137  82.93  46.20  715    7.2
  51145  83.65  46.55  523    4.6
  51328  80.42  44.20  774   18.3
  51329  80.85  44.05  641   11.5
  51352  85.25  44.85  338   0.01
  51353  86.10  45.02  347   0.01
  51356  86.05  44.32  444    0.2
  51357  85.62  44.33  523    0.3
  51359  86.20  44.32  473   0.01
  51369  87.65  43.97  601   0.01
  51378  89.17  44.02  735   0.01
  51430  81.15  43.83  605   13.2
  51434  81.53  43.97  771   14.5
  51435  82.23  43.47  776    2.4
  51436  83.25  43.45  929    2.8
  51438  81.77  43.18 1210    0.6
  51482  90.28  43.83 1271   0.01
  54169 126.02  43.30  270    0.2
  54172 126.60  43.78  199   0.01
  54187 128.92  43.12  369    0.6
  54252 124.75  42.73  198    0.1
  54261 125.52  42.68  343    0.3
  54267 125.73  42.25  363    2.6
  54274 126.07  42.68  300    0.3
  54279 126.58  42.05  545    1.9
  54371 126.43  41.93  521    2.1
  54483 123.90  40.88  239    0.2
  54494 124.07  40.47   74   0.01
  56016  95.62  33.85 4181    0.2
  56279 102.93  30.15  683   0.01
  56280 103.12  30.08  692   0.01
  56382 103.60  29.73  408   0.01
  56595 104.87  27.42 1644   0.01
  56596 105.05  27.85 1176   0.01
  56898 102.40  24.18 1542   0.01
  56989 103.95  22.50  138    0.3
  57349 109.87  31.07  270    1.5
  57377 112.22  31.00  184   0.01
  57387 113.13  31.00   80   0.01
  57407 105.03  30.28  464   0.01
  57453 111.32  30.77  116    0.4
  57460 111.78  30.82   91    1.8
  57462 111.08  30.87  104    0.4
  57464 111.18  30.47  144    2.2
  57465 111.45  30.38   76    0.3
  57466 111.77  30.43   50    1.2
  57469 111.77  30.18   68    4.1
  57475 112.90  30.40   33    1.5
  57477 112.22  30.07   39    2.4
  57481 113.58  30.95   31   0.01
  57485 113.45  30.37   33    1.6
  57486 113.85  30.65   25   0.01
  57489 114.00  30.58   39   0.01
  57499 114.97  30.10   40   0.01
  57508 105.37  29.15  302   0.01
  57540 109.15  29.68  776    0.2
  57541 109.48  30.00  533   0.01
  57543 110.03  29.88  540    3.4
  57544 109.45  29.47  486    3.3
  57558 110.47  29.13  184    0.2
  57564 111.13  29.43  103    1.4
  57566 111.65  29.45   50   0.01
  57571 112.40  29.70   37    1.8
  57575 112.57  29.52   32    0.1
  57577 112.17  29.40   37    0.7
  57586 114.03  29.53   79   0.01
  57590 114.37  29.85   64    3.7
  57634 107.88  28.52  658    1.2
  57635 108.98  28.45  363   0.01
  57636 108.50  28.57  335    2.6
  57637 108.12  28.25  524    1.4
  57640 109.45  28.58  344    1.5
  57643 109.83  29.00  268    0.4
  57646 109.95  28.62  301    0.6
  57661 111.48  28.92   51    0.9
  57663 111.95  28.92   31    0.2
  57666 112.13  28.52   49   0.01
  57674 112.47  28.57   44   0.01
  57708 105.60  27.15 1704    1.4
  57713 106.88  27.70  844    0.6
  57717 106.83  27.53  974    1.2
  57719 106.97  27.07 1280    0.1
  57720 107.17  27.88  888    0.5
  57723 107.72  27.98  710    0.5
  57728 107.47  27.07 1095    0.1
  57732 108.40  28.02  458    0.1
  57734 108.23  27.57  468   0.01
  57736 108.85  27.70  376    0.8
  57740 109.60  27.95  349    1.1
  57743 109.80  27.88  176    3.3
  57744 109.17  27.37  356    0.2
  57800 105.37  26.77 1458    1.1
  57808 105.75  26.32 1272    0.2
  57809 105.75  26.07 1251   0.01
  57811 106.60  26.85 1242    2.9
  57813 106.47  26.57 1265    2.8
  57814 106.27  26.42 1285    1.2
  57818 106.45  26.03 1145    0.5
  57824 107.23  26.58 1005   0.01
  57828 107.58  26.50  983   0.01
  57829 107.80  26.20  964   0.01
  57842 109.72  26.88  281    0.2
  57900 105.22  25.83 1553   0.01
  57903 105.60  25.93 1138    0.1
  57905 105.63  25.40 1063   0.01
  57911 106.65  26.67 1325    2.1
  57913 106.98  26.45 1095    0.2
  57914 106.67  26.42 1143    1.2
  57915 106.77  26.63 1102    1.4
  58117 116.20  33.13   33   0.01
  58503 115.68  29.70   41   0.01
  58508 115.77  29.33   42    0.8
  58509 115.82  29.05   38   0.01
  58514 116.05  29.45   35   0.01
  58517 116.20  29.27   43    0.1
  58601 115.38  28.70   54    0.7
  58605 115.38  28.42   49   0.01
  58693 115.83  28.70   37   0.01
  59001 105.33  24.78  674   0.01
  59012 106.55  24.78  973   0.01
  59025 107.38  24.53  249   0.01
  59469 111.78  22.17   33    0.5
  59843 110.00  19.73   36   0.01
  59851 110.33  19.70   25   0.01
  59854 110.10  19.37  119   0.01
