diamond  3 2014年01月04日08点24小时降雨量                    
  14  01  04  08    -1 3 10 25 50 1 0
 39 122.7  37.3 122.5  36.7 120.8  36.2 119.3  35.0 120.4  34.3
 121.1  32.7 122.3  30.9 122.5  30.1 121.5  28.0 119.8  25.0
 116.1  22.6 111.0  21.0 111.0  18.6 109.6  18.1 108.3  18.5
 108.9  19.9 109.3  21.0 106.4  21.6 104.1  22.2 101.6  20.8
  98.7  22.0  97.1  24.1  97.7  27.0  91.7  26.6  85.7  27.7
  78.9  30.6  73.3  37.1  74.1  40.7  87.6  49.8  98.5  43.9
 110.4  44.3 122.0  54.7 135.7  48.3 131.5  42.2 125.2  39.4
 121.3  38.5 121.2  40.3 118.5  38.6 120.8  38.1
1                     31
  50727 119.93  47.17  997   0.01
  50913 118.83  45.72  866    0.1
  50924 119.67  45.53  824   0.01
  50971 131.02  45.77  226   0.01
  50973 130.60  45.75  242   0.01
  51068  87.47  47.07  502   0.01
  51232  82.57  45.18  338   0.01
  51243  84.85  45.62  456   0.01
  51334  82.90  44.60  320   0.01
  51346  84.67  44.43  478    0.2
  51357  85.62  44.33  523   0.01
  51358  85.82  44.28  469   0.01
  51359  86.20  44.32  473   0.01
  51365  87.53  44.20  441   0.01
  51369  87.65  43.97  601   0.01
  51378  89.17  44.02  735   0.01
  51379  89.57  44.02  794   0.01
  51559  86.40  42.32 1110   0.01
  51567  86.57  42.08 1057   0.01
  51568  86.80  42.25 1086   0.01
  54093 130.55  44.93  266    0.1
  54187 128.92  43.12  369   0.01
  54284 127.57  42.10  775    0.1
  54291 130.28  42.90   37   0.01
  54292 129.50  42.87  256   0.01
  54386 128.18  41.42  777    0.4
  56004  92.43  34.22 4534    0.2
  56184 103.17  31.43 1884   0.01
  56969 101.57  21.48  633   0.01
  57329 107.85  31.10  462    0.1
  58268 121.08  32.10    8    0.1
