diamond  3 2014年01月06日08点24小时降雨量                    
  14  01  06  08    -2 3 10 25 50 1 0
 39 122.7  37.3 122.5  36.7 120.8  36.2 119.3  35.0 120.4  34.3
 121.1  32.7 122.3  30.9 122.5  30.1 121.5  28.0 119.8  25.0
 116.1  22.6 111.0  21.0 111.0  18.6 109.6  18.1 108.3  18.5
 108.9  19.9 109.3  21.0 106.4  21.6 104.1  22.2 101.6  20.8
  98.7  22.0  97.1  24.1  97.7  27.0  91.7  26.6  85.7  27.7
  78.9  30.6  73.3  37.1  74.1  40.7  87.6  49.8  98.5  43.9
 110.4  44.3 122.0  54.7 135.7  48.3 131.5  42.2 125.2  39.4
 121.3  38.5 121.2  40.3 118.5  38.6 120.8  38.1
1                    150
  50137 122.37  53.47  297    0.3
  50431 121.52  50.78  718   0.01
  50445 123.73  50.58  424   0.01
  50524 119.43  49.32  578   0.01
  50525 119.75  49.15  621   0.01
  50526 120.70  49.28  670    0.1
  50924 119.67  45.53  824   0.01
  51137  82.93  46.20  715   0.01
  51328  80.42  44.20  774    0.3
  51329  80.85  44.05  641    4.6
  51352  85.25  44.85  338    2.0
  51353  86.10  45.02  347    2.3
  51356  86.05  44.32  444    1.9
  51357  85.62  44.33  523    1.2
  51359  86.20  44.32  473    1.8
  51368  87.32  44.12  516    1.0
  51369  87.65  43.97  601    1.1
  51377  87.92  44.17  547    0.7
  51378  89.17  44.02  735    1.6
  51430  81.15  43.83  605    6.0
  51434  81.53  43.97  771   11.1
  51435  82.23  43.47  776    5.5
  51436  83.25  43.45  929    5.5
  51438  81.77  43.18 1210    2.0
  51465  87.10  43.48 1874    0.3
  51482  90.28  43.83 1271    1.6
  51559  86.40  42.32 1110   0.01
  51568  86.80  42.25 1086   0.01
  52985 103.33  35.42 2164   0.01
  53908 105.23  35.22 1769   0.01
  53914 106.12  35.62 2079   0.01
  54132 121.07  42.40  400   0.01
  54205 116.00  42.23 1316   0.01
  54223 120.65  42.85  364   0.01
  54234 121.75  42.73  300   0.01
  54313 118.70  41.93  734   0.01
  54338 121.95  41.28    4   0.01
  54345 123.07  41.20   29   0.01
  54347 123.17  41.23   25    0.2
  54348 123.32  41.42   43   0.01
  54474 122.35  40.42   27    0.8
  54475 122.48  40.62   15    0.3
  54483 123.90  40.88  239    0.2
  54494 124.07  40.47   74   0.01
  54590 124.17  39.88    5   0.01
  54812 116.75  36.78   23   0.01
  56190 104.55  31.55  518   0.01
  56192 104.67  32.95 1016   0.01
  56194 104.45  31.82  679   0.01
  56195 104.73  31.78  531    0.1
  56198 104.50  31.32  523   0.01
  56199 104.68  31.03  424   0.01
  56280 103.12  30.08  692   0.01
  57002 105.65  34.85 1217   0.01
  57008 105.30  34.03 1578   0.01
  57012 106.20  34.98 1665   0.01
  57102 105.72  33.75  971   0.01
  57105 105.60  33.33 1219   0.01
  57119 106.70  33.17  551   0.01
  57126 107.55  33.22  470   0.01
  57128 107.33  33.17  487   0.01
  57137 108.32  33.32  801    0.1
  57204 105.23  32.58  801    0.9
  57208 105.47  32.02  538    2.0
  57216 106.83  32.35  577    0.5
  57217 106.28  32.23  493    0.6
  57303 105.92  31.73  460    1.7
  57304 105.17  31.67  517    0.1
  57307 105.08  31.10  408   0.01
  57308 105.38  31.22  421    0.2
  57309 105.88  30.98  375    0.4
  57314 106.07  31.35  385    0.3
  57315 106.40  31.53  658    0.5
  57317 106.42  31.03  323    0.3
  57318 106.55  31.07  339    0.5
  57320 107.22  31.93  483    1.0
  57324 107.08  31.58  363    1.2
  57326 107.72  31.37  390    0.7
  57329 107.85  31.10  462    0.4
  57338 108.42  31.18  213    3.1
  57339 108.68  30.95  296    3.9
  57345 109.62  31.40  339    1.2
  57349 109.87  31.07  270    0.8
  57362 110.67  31.75  939   0.01
  57401 105.37  30.87  380   0.01
  57402 105.70  30.77  395    0.3
  57409 105.80  30.18  295    0.2
  57413 106.97  30.85  295    1.2
  57414 106.45  30.55  396    0.1
  57415 106.63  30.47  336    0.2
  57416 106.93  30.33 3915    0.4
  57420 107.20  30.75  397    2.5
  57425 107.33  30.33  430    0.2
  57431 108.35  30.83  256    3.1
  57437 108.03  30.30  326    0.3
  57453 111.32  30.77  116   0.01
  57469 111.77  30.18   68   0.01
  57477 112.22  30.07   39   0.01
  57511 106.45  29.85  242   0.01
  57513 106.62  29.73  457   0.01
  57514 106.22  29.58  325    0.2
  57537 108.17  29.30  321   0.01
  57540 109.15  29.68  776    0.2
  57541 109.48  30.00  533    0.1
  57543 110.03  29.88  540    0.1
  57544 109.45  29.47  486   0.01
  57565 111.75  29.65   39   0.01
  57566 111.65  29.45   50   0.01
  57605 105.82  28.03  539   0.01
  57636 108.50  28.57  335   0.01
  57663 111.95  28.92   31   0.01
  57674 112.47  28.57   44   0.01
  57713 106.88  27.70  844    1.0
  57714 106.23  27.47  942    0.3
  57717 106.83  27.53  974    0.6
  57719 106.97  27.07 1280    0.5
  57720 107.17  27.88  888    1.7
  57723 107.72  27.98  710   0.01
  57728 107.47  27.07 1095    0.7
  57734 108.23  27.57  468   0.01
  57735 108.82  27.18  396   0.01
  57736 108.85  27.70  376   0.01
  57737 108.12  27.03  546   0.01
  57777 112.87  27.23   65   0.01
  57811 106.60  26.85 1242    0.1
  57821 107.50  26.70  924    0.4
  57824 107.23  26.58 1005    0.1
  57828 107.58  26.50  983   0.01
  57834 108.30  26.68  642   0.01
  57835 108.43  26.72  521   0.01
  57844 109.18  26.68  344   0.01
  57911 106.65  26.67 1325   0.01
  57913 106.98  26.45 1095   0.01
  57915 106.77  26.63 1102   0.01
  57958 110.32  25.08  152   0.01
  58244 119.58  32.45   10    0.1
  58339 118.90  31.33   24    0.1
  58431 118.32  30.92   17    0.1
  58508 115.77  29.33   42   0.01
  59033 108.90  24.78  330   0.01
  59038 108.65  24.07  142    0.2
  59047 109.33  24.25  101   0.01
  59057 110.18  24.13  827   0.01
  59215 106.62  23.33  640   0.01
  59230 108.17  23.72  173    0.1
  59237 108.28  23.17  115   0.01
  59246 109.67  23.60   70   0.01
  59419 106.75  22.10  243   0.01
  59421 107.20  22.83  257   0.01
  59635 108.35  21.62   26   0.01
