diamond  3 2014年02月06日08点24小时降雨量                    
  14  02  06  08    -2 3 10 25 50 1 0
 39 122.7  37.3 122.5  36.7 120.8  36.2 119.3  35.0 120.4  34.3
 121.1  32.7 122.3  30.9 122.5  30.1 121.5  28.0 119.8  25.0
 116.1  22.6 111.0  21.0 111.0  18.6 109.6  18.1 108.3  18.5
 108.9  19.9 109.3  21.0 106.4  21.6 104.1  22.2 101.6  20.8
  98.7  22.0  97.1  24.1  97.7  27.0  91.7  26.6  85.7  27.7
  78.9  30.6  73.3  37.1  74.1  40.7  87.6  49.8  98.5  43.9
 110.4  44.3 122.0  54.7 135.7  48.3 131.5  42.2 125.2  39.4
 121.3  38.5 121.2  40.3 118.5  38.6 120.8  38.1
1                    963
  45045 114.30  22.18   55    0.5
  50524 119.43  49.32  578    0.1
  51058  87.97  47.10  564   0.01
  51137  82.93  46.20  715   0.01
  51145  83.65  46.55  523   0.01
  51328  80.42  44.20  774   0.01
  51329  80.85  44.05  641   0.01
  51356  86.05  44.32  444    0.7
  51357  85.62  44.33  523    0.3
  51359  86.20  44.32  473    0.8
  51368  87.32  44.12  516   0.01
  51369  87.65  43.97  601    0.3
  51377  87.92  44.17  547    0.2
  51378  89.17  44.02  735   0.01
  51430  81.15  43.83  605   0.01
  51434  81.53  43.97  771   0.01
  51435  82.23  43.47  776    0.6
  51436  83.25  43.45  929   0.01
  51438  81.77  43.18 1210    0.7
  51465  87.10  43.48 1874   0.01
  51482  90.28  43.83 1271    0.3
  51627  79.23  41.22 1397    5.8
  51629  80.23  41.27 1134   0.01
  51707  76.73  39.50 1209    0.2
  51708  75.95  39.15 1324    2.1
  51717  76.78  39.25 1207   0.01
  51802  76.17  38.93 1299    3.1
  51814  77.40  37.92 1360    1.0
  51827  79.72  37.28 1326    0.7
  52607 106.65  39.43 1253   0.01
  52881 103.18  36.98 2485   0.01
  52896 104.15  36.55 1739   0.01
  52982 103.55  35.48 1954   0.01
  52985 103.33  35.42 2164   0.01
  52988 103.72  35.37 2000   0.01
  52993 104.07  35.68 1740   0.01
  52995 104.62  35.58 1898   0.01
  52998 104.20  35.13 2111    0.3
  53357 110.05  42.03 1361    0.2
  53457 110.03  40.40 1012    0.1
  53467 111.18  40.27 1017   0.01
  53505 105.40  37.88 1382    0.2
  53512 106.80  39.80 1105   0.01
  53517 106.33  39.27 1466    0.2
  53518 106.35  39.03 1118    0.6
  53522 107.83  40.05 1180   0.01
  53553 111.22  39.87 1222    0.1
  53562 111.67  39.92 1192   0.01
  53565 111.50  39.43 1050    0.1
  53574 112.27  39.52 1408    0.1
  53575 112.20  39.10 1526    0.2
  53577 112.30  39.00 1441    0.2
  53585 113.27  39.17  934   0.01
  53599 114.68  39.37  885    0.1
  53603 106.37  38.83 1096    0.3
  53610 106.35  38.57 1106    0.2
  53611 106.55  38.88 1099    0.7
  53617 106.08  38.03 1119    0.2
  53618 106.25  38.28 1115    0.2
  53619 106.30  38.12 1117    0.3
  53644 108.83  38.60 1309    0.4
  53658 110.48  38.03  895    2.3
  53659 111.00  37.97 1164    1.9
  53660 111.08  39.02  893   0.01
  53665 111.65  38.28 1183    0.8
  53666 111.93  38.35 1213    0.2
  53669 111.80  38.08 1151    0.9
  53674 112.70  38.42  799   0.01
  53676 112.98  38.50  760   0.01
  53678 112.67  38.07  899    1.0
  53680 114.38  38.30  109    0.6
  53681 113.37  38.83 1097   0.01
  53682 114.68  38.63  105   0.01
  53685 113.42  38.07  953    1.3
  53688 114.55  38.45   98    0.6
  53689 115.07  38.02   43   0.01
  53690 114.18  38.85  283   0.01
  53691 114.57  38.15   76    1.0
  53692 114.98  38.73   68   0.01
  53693 114.13  38.03  256    1.8
  53694 114.22  38.27  134    1.2
  53695 114.68  38.35   72   0.01
  53696 115.00  38.52   55    0.1
  53697 114.83  38.03   54    0.3
  53699 114.95  38.18   46    0.9
  53707 105.25  36.93 1699    0.6
  53727 107.12  37.17 1713    1.6
  53732 108.72  37.85 1211    2.0
  53748 109.70  37.18 1064    4.9
  53750 110.18  37.77  931    2.6
  53751 110.05  37.60  897    2.6
  53753 110.88  37.43  861    5.1
  53756 110.72  37.52  744    5.7
  53757 110.12  37.12  938    4.6
  53760 111.23  37.88 1212    2.2
  53763 112.17  37.92 1008    2.5
  53767 111.17  37.33 1212    4.7
  53768 111.75  37.15  770    4.5
  53769 111.78  37.25  749    3.4
  53770 112.35  37.35  769    3.0
  53771 112.05  37.42  751    6.1
  53773 114.62  36.33   66    3.5
  53774 112.33  37.62  774    3.2
  53776 112.77  37.68  831    1.0
  53777 112.15  37.53  760    3.4
  53778 112.22  37.17  780    3.0
  53780 113.15  37.90 1066    2.7
  53781 114.47  36.87   69    5.8
  53782 113.55  37.85  743    1.9
  53783 113.70  37.60  880    3.3
  53784 114.78  37.75   39    1.7
  53785 114.67  37.52   35    2.7
  53786 113.37  37.08 1134    4.7
  53788 113.57  37.33 1267    3.2
  53789 114.63  37.88   57    1.1
  53790 114.62  37.60   50    2.4
  53791 114.52  37.77   67    1.6
  53792 114.48  37.45  113    3.5
  53794 114.75  37.35   34    3.6
  53795 114.37  37.65  137    3.4
  53796 114.88  37.62   31    2.3
  53797 114.52  37.28   74    5.4
  53799 114.98  37.23   25    2.9
  53829 107.90  35.98 1094    2.1
  53832 108.77  36.77 1220    3.3
  53841 109.32  36.88 1069    3.5
  53848 109.35  36.27 1005    1.6
  53850 110.18  36.88  801    3.8
  53852 110.63  36.77  917    3.3
  53856 110.75  36.47  756    2.5
  53857 110.18  36.07  840    2.2
  53860 111.17  36.98 1407    5.9
  53861 111.42  35.88  425    2.3
  53862 111.77  36.83  809    5.2
  53864 111.10  36.40 1030    2.4
  53865 111.55  36.65 1012    4.5
  53866 111.67  36.23  464    3.9
  53869 111.70  36.58  550    2.4
  53871 112.85  36.83  965    4.0
  53872 112.68  36.77  962    2.5
  53873 112.87  36.12  951    5.0
  53874 111.90  36.25  650    3.6
  53875 112.35  36.52 1001    3.4
  53878 113.38  36.52  769    3.7
  53879 112.88  36.32  953    5.0
  53880 113.23  36.33  948    4.6
  53881 106.48  37.28 1382    3.1
  53883 114.70  37.13   36    4.4
  53885 113.20  36.13 1031    8.1
  53886 113.67  36.57  471    5.8
  53888 113.43  36.20 1088    6.1
  53889 113.82  36.07  308    7.1
  53890 114.15  36.68  234    8.1
  53892 114.47  36.62   67    6.3
  53893 114.95  36.77   40    3.9
  53895 114.50  36.78   61    4.7
  53896 114.95  36.35   51    5.9
  53897 114.38  36.38   71    5.2
  53899 114.97  36.48   49    6.5
  53906 105.72  35.52 1659    0.1
  53908 105.23  35.22 1769    0.5
  53914 106.12  35.62 2079    0.3
  53916 106.32  35.50 1949    0.3
  53917 106.07  35.22 1633    0.7
  53924 107.62  35.07  967    0.9
  53925 107.18  35.68 1174    1.0
  53926 107.35  35.35 1630    0.5
  53927 106.62  35.20 1478    0.2
  53928 107.02  35.30 1150    1.1
  53930 107.98  36.45 1270    1.6
  53931 109.37  36.00  983    3.4
  53934 108.02  35.82 1299    2.3
  53935 108.35  35.48 1443    1.1
  53937 107.92  35.52  980    1.6
  53938 108.30  35.17 1277    0.8
  53941 109.58  35.18  807    2.3
  53944 109.25  35.57  857    2.0
  53945 109.07  35.43 1394    3.6
  53946 109.82  35.60 1091    1.5
  53947 109.07  35.08  979    1.9
  53949 109.92  35.18  680    1.3
  53950 110.15  35.23  710    0.5
  53954 110.97  35.62  433    1.2
  53956 110.83  35.40  589    2.6
  53957 110.72  35.62  459    1.4
  53961 111.48  35.65  473    3.3
  53962 111.70  35.73  585    1.2
  53964 111.22  35.62  431    2.6
  53965 111.57  35.52  761    3.4
  53966 111.83  35.98  818    2.2
  53967 111.20  35.33  469    0.5
  53970 112.20  35.70  887    4.9
  53972 112.92  35.12  121    3.1
  53973 112.95  35.77  836    6.2
  53974 114.18  35.62   73    5.2
  53976 112.87  35.50  751    4.9
  53978 112.63  35.08  140    2.8
  53979 113.08  35.15  121    5.6
  53980 114.80  36.55   51    5.2
  53981 113.27  35.78 1311    4.8
  53982 113.27  35.23  113    5.7
  53983 114.42  35.03   70    5.9
  53984 113.47  35.23   83    3.6
  53985 113.82  35.45   97    4.3
  53987 113.42  35.10   91    2.9
  53988 113.67  35.27   78    6.5
  53989 113.95  35.05   77    4.5
  53991 114.35  35.93   75    7.2
  53992 114.52  35.65   59    8.4
  53993 114.92  35.93   52    6.3
  53994 114.07  35.38   71    6.0
  53995 114.50  35.55   64    8.1
  53996 114.65  36.45   58    4.8
  53997 114.18  35.15   72    6.7
  53998 114.65  35.20   62    8.0
  54410 116.13  40.60 1216   0.01
  54512 116.28  39.42   22   0.01
  54597 115.73  39.73  409   0.01
  54604 115.33  38.42   31   0.01
  54608 115.55  38.00   27   0.01
  54621 115.18  38.18   39   0.01
  54627 117.23  38.03    8    0.1
  54628 117.48  38.15    7   0.01
  54631 115.15  37.07   33    4.1
  54632 115.03  37.07   34    4.6
  54633 115.23  37.52   27    1.9
  54640 114.87  36.92   37    4.3
  54644 117.12  38.05   11    0.1
  54645 117.47  38.85    3   0.01
  54701 115.20  37.93   41    0.5
  54702 115.70  37.73   22    0.5
  54703 115.88  37.80   25    0.2
  54704 115.57  37.55   23    1.4
  54706 115.67  37.08   32    2.8
  54707 115.98  37.35   28    2.6
  54708 115.73  37.50   24    1.4
  54709 116.07  37.22   30    2.0
  54710 116.17  37.87   19   0.01
  54711 116.28  37.70   19    0.2
  54712 116.82  37.20   23    2.4
  54713 116.53  37.88   15    0.2
  54714 116.33  37.45   24    1.1
  54716 116.80  37.67   17   0.01
  54717 116.40  37.63   18    0.1
  54722 117.63  37.75    7    0.9
  54723 117.57  37.65   11    0.8
  54724 117.13  37.32   21    1.8
  54726 117.18  37.70   12    0.5
  54728 117.38  37.77   16    0.3
  54729 117.87  37.17   11    4.0
  54731 118.22  37.48   16    1.0
  54732 118.52  37.87   13    0.4
  54737 118.15  37.15   17    6.1
  54738 118.40  37.05   20   15.0
  54749 119.95  37.18   48    1.0
  54752 120.77  37.80   64    1.2
  54759 120.83  37.30  172   0.01
  54765 121.43  37.48   57    1.0
  54766 121.62  37.38   23    0.5
  54777 122.07  37.20  112    0.1
  54800 115.25  36.98   35    2.2
  54802 115.73  36.82   35    7.4
  54803 116.02  36.98   28    2.1
  54804 115.13  36.30   46    4.4
  54805 115.45  36.48   41    7.4
  54806 115.97  36.42   39    6.4
  54807 115.80  36.13   44    8.7
  54809 115.28  36.55   42    6.2
  54810 116.27  36.87   28    4.7
  54811 116.62  36.93   22    3.5
  54812 116.75  36.78   23    4.1
  54814 116.23  36.58   32    4.6
  54815 116.27  36.38   33    8.4
  54816 116.80  36.52   82    5.7
  54818 116.42  36.25   72    8.8
  54819 116.80  36.18  118    6.6
  54820 115.17  36.82   38    4.7
  54821 117.20  37.00   21    4.9
  54822 117.73  36.87   46    6.1
  54824 117.95  36.63   95    6.0
  54825 117.85  36.52  195    7.5
  54827 117.15  36.17  137    8.0
  54828 117.68  36.23  228    7.6
  54829 117.87  36.77   88    5.8
  54830 117.93  36.82   35    6.0
  54831 118.50  36.65  102    6.5
  54832 118.73  36.88   29    6.8
  54833 118.08  36.97   19    7.8
  54834 118.28  36.87   46    6.5
  54835 118.55  36.50  110    7.8
  54837 118.83  36.68   76    5.6
  54841 119.40  36.87    8    4.5
  54844 119.18  36.42   67    9.3
  54848 119.42  35.98   81    6.9
  54849 120.00  36.27   16    5.4
  54851 120.57  36.90   81    2.2
  54852 120.73  36.97   53    0.8
  54853 120.42  36.17   43    6.2
  54855 120.47  36.38   30    3.0
  54861 121.53  36.93   47   0.01
  54871 122.48  36.93    9   0.01
  54900 115.02  35.70   54    8.3
  54902 115.12  35.90   49    8.4
  54903 115.48  35.85   50    7.8
  54904 115.52  35.58   51    8.2
  54905 115.93  35.58   53    6.0
  54906 115.42  35.25   51    6.9
  54907 116.65  34.98   38    6.5
  54908 115.10  35.27   57    7.2
  54910 116.05  35.82   45    6.5
  54911 116.45  35.93   51    3.8
  54912 116.48  35.70   47    6.0
  54913 116.82  35.75   67    4.8
  54914 116.08  35.42   44    7.0
  54915 116.60  35.43   34    6.9
  54917 116.32  35.10   41    8.7
  54918 116.97  35.60   66    3.9
  54919 116.98  35.42  111    5.8
  54920 117.28  35.65  110    5.6
  54921 116.33  35.42   39    7.8
  54922 117.78  35.88  223    5.9
  54923 117.93  35.72  202    8.4
  54925 117.63  35.52  170    3.8
  54927 117.20  35.10   79    6.6
  54932 118.65  35.77  184    6.2
  54935 118.43  35.53  120    5.8
  54938 118.40  35.05   66    8.2
  54939 118.82  35.17  116    7.1
  54940 119.20  35.75  147    8.3
  54943 120.00  35.88   13    8.4
  56091 104.47  34.85 1884   0.01
  56092 104.65  35.00 1729   0.01
  56095 104.38  34.03 1754   0.01
  56180 103.85  31.68 1591   0.01
  56181 103.70  30.68  543    0.1
  56184 103.17  31.43 1884   0.01
  56186 104.20  31.33  589    0.7
  56189 103.93  30.98  584   0.01
  56190 104.55  31.55  518    0.4
  56192 104.67  32.95 1016   0.01
  56193 104.52  32.42  894    0.1
  56194 104.45  31.82  679    1.8
  56195 104.73  31.78  531   0.01
  56197 104.18  31.13  537    0.4
  56198 104.50  31.32  523    0.3
  56199 104.68  31.03  424    0.2
  56272 103.88  30.82  560   0.01
  56273 102.82  30.38 1011   0.01
  56276 103.82  30.45  468    0.6
  56278 102.77  30.07  756    4.3
  56279 102.93  30.15  683    2.2
  56280 103.12  30.08  692    1.3
  56281 103.50  30.18  512    1.3
  56284 103.48  30.42  502    0.7
  56286 104.25  30.55  514    1.8
  56288 103.92  30.58  495    0.4
  56289 103.87  30.20  439    1.2
  56290 104.18  30.78  515    0.5
  56291 104.28  30.97  474    0.2
  56295 104.55  30.38  443    0.7
  56296 104.43  30.85  449    0.7
  56297 104.15  30.02  431    2.2
  56298 104.60  30.13  415    1.7
  56380 103.37  29.92  466   10.0
  56381 103.52  30.02  497    0.5
  56382 103.60  29.73  408    1.7
  56383 103.87  29.83  454    2.5
  56384 103.48  29.60  446    4.7
  56387 103.27  29.23  639    0.5
  56389 103.95  29.20  386    3.4
  56390 104.07  29.67  403    1.1
  56391 103.82  30.08  416    2.2
  56393 104.85  29.77  370    2.9
  56394 104.43  29.45  382    1.8
  56395 104.67  29.52  349    1.7
  56396 104.77  29.35  352    1.3
  56399 104.98  29.18  307    0.9
  56480 103.53  28.82  564    0.1
  56483 103.95  28.60  412    6.0
  56490 103.90  28.95  396    8.1
  56491 104.57  28.70  288    3.1
  56493 104.97  28.85  297    1.2
  56494 104.15  28.65  460    1.6
  56496 105.23  28.32  330    3.6
  56497 104.23  28.10  433    0.7
  56498 104.50  28.17  442    1.9
  56499 104.78  28.38  368    5.7
  56582 103.90  27.75 1177    0.3
  56592 104.52  28.43  360    1.0
  56593 104.92  28.58  281    2.4
  56595 104.87  27.42 1644   0.01
  56596 105.05  27.85 1176    0.2
  57001 105.33  34.75 1273    0.1
  57002 105.65  34.85 1217    0.2
  57004 104.88  34.73 1496   0.01
  57006 105.75  34.58 1142   0.01
  57007 105.18  34.18 1406   0.01
  57008 105.30  34.03 1578   0.01
  57012 106.20  34.98 1665    0.1
  57016 107.13  34.35  613    1.0
  57020 107.40  34.37  563    1.2
  57021 107.13  34.65  751    1.3
  57022 107.78  34.68 1026    1.7
  57023 108.10  35.03  841    1.1
  57024 107.65  34.45  671    1.5
  57026 107.88  34.37  586    0.8
  57027 107.73  34.27  518    1.3
  57029 108.48  34.50  544    0.9
  57031 108.55  34.82 1013    0.9
  57032 108.20  34.13  436    1.5
  57033 108.82  34.55  429    0.2
  57035 108.23  34.55  636    2.3
  57038 108.45  34.28  411    0.3
  57039 108.88  34.08  445    1.6
  57040 109.08  34.52  378    0.5
  57041 108.92  34.63  425    0.3
  57042 109.18  34.78  473    0.2
  57043 109.97  34.80  352   0.01
  57044 109.23  34.40  424    1.9
  57045 109.48  34.52  354    2.9
  57047 109.32  34.17  541    1.6
  57053 110.72  34.70  507    1.6
  57054 110.23  34.55  557    1.3
  57055 110.08  34.55  352    0.5
  57057 110.15  34.10  961    4.1
  57060 111.23  35.17  404    0.5
  57061 111.20  34.83  411    1.9
  57063 111.77  34.77  524    4.5
  57065 112.18  34.50  196    5.3
  57066 111.67  34.38  329    2.2
  57070 112.12  34.73  358    5.4
  57072 112.75  34.92  128    3.3
  57074 112.42  34.42  198    5.8
  57075 112.87  34.17  203    8.7
  57076 112.82  34.72  190    2.9
  57078 112.47  34.15  337    7.1
  57079 113.03  34.95  106    2.9
  57080 112.97  34.73  166    4.9
  57081 113.43  34.80  141    5.7
  57082 113.02  34.47  428    5.4
  57084 113.05  34.50 1180    7.5
  57085 113.37  34.55  289    6.0
  57086 113.72  34.38  116    9.6
  57087 113.80  34.20   88    7.1
  57088 113.50  34.15  117    9.1
  57090 113.97  34.72   79    3.9
  57093 114.82  34.85   74    7.3
  57094 114.22  34.40   71   10.2
  57095 114.15  34.12   61   10.9
  57096 114.78  34.53   60   10.7
  57098 114.40  34.08   59    9.9
  57099 114.85  34.07   53   10.8
  57102 105.72  33.75  971    0.3
  57105 105.60  33.33 1219    0.3
  57110 106.08  33.78  930   0.01
  57111 106.30  33.92  967   0.01
  57113 106.53  33.90  990   0.01
  57119 106.70  33.17  551   0.01
  57123 108.07  34.28  510    1.1
  57126 107.55  33.22  470   0.01
  57128 107.33  33.17  487    0.2
  57129 107.72  32.98  447   0.01
  57137 108.32  33.32  801   0.01
  57153 110.33  33.68  584    3.4
  57155 109.87  33.55  661    2.3
  57162 112.08  34.15  327    6.0
  57169 111.87  33.05  160    1.2
  57173 112.88  33.75  147    8.1
  57175 112.23  33.05  192    2.0
  57176 112.42  33.48  230    3.9
  57177 113.53  33.33   91   11.4
  57179 113.00  33.28  161    5.3
  57180 113.20  33.98  118    8.0
  57182 113.50  33.85   81   10.4
  57183 113.92  33.80   61   11.6
  57184 113.37  33.63   84    9.6
  57185 113.58  33.45   92   11.1
  57186 114.05  33.60   59    9.5
  57187 112.93  33.07  119    5.4
  57188 114.03  33.37   56   13.3
  57189 113.95  33.13   65   10.4
  57190 114.40  33.75   51    9.7
  57191 114.48  34.48   64   10.4
  57192 114.85  33.73   47    9.8
  57194 114.27  33.28   60    9.0
  57195 114.62  33.62   47    8.9
  57196 114.87  33.47   42    8.5
  57197 114.33  33.00   54    9.1
  57198 114.62  33.55   47    9.3
  57204 105.23  32.58  801   0.01
  57217 106.28  32.23  493   0.01
  57231 108.53  32.53  504    0.3
  57233 108.50  32.90  413   0.01
  57242 109.37  32.85  285    0.4
  57247 108.90  32.32  442   0.01
  57248 109.33  32.40  429    0.1
  57249 109.68  32.32  453    0.8
  57253 110.82  32.85  204    3.7
  57254 110.12  32.82  324    1.4
  57257 110.23  32.23  309    1.6
  57260 111.52  32.55  143    4.7
  57261 111.50  33.13  196    4.3
  57268 111.63  32.27   87    5.3
  57271 112.38  32.55   89    3.6
  57273 112.85  32.68  110    5.0
  57274 112.12  32.70  108    3.5
  57292 114.63  32.97   44    7.9
  57293 114.98  32.73   39    7.5
  57294 114.02  32.83   84    3.3
  57295 114.35  32.62   83    8.1
  57296 114.73  32.35   50   10.3
  57298 114.55  32.22   56    7.6
  57299 114.90  32.02   50    9.7
  57303 105.92  31.73  460    0.3
  57307 105.08  31.10  408    0.1
  57308 105.38  31.22  421   0.01
  57309 105.88  30.98  375    0.5
  57314 106.07  31.35  385    1.2
  57315 106.40  31.53  658   0.01
  57317 106.42  31.03  323    0.2
  57318 106.55  31.07  339    0.9
  57320 107.22  31.93  483   0.01
  57324 107.08  31.58  363    0.1
  57326 107.72  31.37  390    0.2
  57329 107.85  31.10  462    0.5
  57333 108.67  31.95  800    1.7
  57345 109.62  31.40  339    7.5
  57349 109.87  31.07  270    0.6
  57361 111.27  31.88  331    6.0
  57362 110.67  31.75  939    4.5
  57363 111.83  31.80  146    6.3
  57368 111.63  31.05  138    3.3
  57370 112.22  31.73   68    7.1
  57377 112.22  31.00  184    1.3
  57385 113.82  31.63   94    6.9
  57386 114.00  31.25   37    5.7
  57387 113.13  31.00   80    6.2
  57388 113.70  31.27   55    4.6
  57389 113.75  31.03   33    6.7
  57390 114.07  31.80  731    9.8
  57396 114.85  31.63  130    4.7
  57398 114.62  31.28   76    8.2
  57401 105.37  30.87  380    0.6
  57402 105.70  30.77  395    0.4
  57407 105.03  30.28  464    1.4
  57408 105.35  30.12  333    1.6
  57409 105.80  30.18  295    0.6
  57413 106.97  30.85  295   0.01
  57414 106.45  30.55  396    0.2
  57415 106.63  30.47  336    0.1
  57416 106.93  30.33 3915    0.2
  57417 106.28  30.35  315    1.1
  57420 107.20  30.75  397    0.3
  57425 107.33  30.33  430    0.1
  57453 111.32  30.77  116    1.2
  57460 111.78  30.82   91    3.3
  57462 111.08  30.87  104    0.7
  57464 111.18  30.47  144    1.4
  57465 111.45  30.38   76    8.6
  57466 111.77  30.43   50    4.4
  57469 111.77  30.18   68    3.0
  57475 112.90  30.40   33    4.6
  57477 112.22  30.07   39    2.9
  57481 113.58  30.95   31    8.5
  57485 113.45  30.37   33    6.7
  57486 113.85  30.65   25   10.9
  57489 114.00  30.58   39    8.4
  57491 114.40  30.87   31   11.3
  57492 114.80  30.83   33   11.8
  57495 114.88  30.67   19    8.2
  57496 114.87  30.37   30    8.3
  57498 114.90  30.43   22    8.2
  57499 114.97  30.10   40    7.3
  57505 105.58  29.42  324    0.3
  57506 105.90  29.37  376    0.5
  57507 105.30  29.33  374    0.6
  57508 105.37  29.15  302    0.8
  57510 106.05  29.85  275    0.1
  57513 106.62  29.73  457   0.01
  57518 106.53  29.38  243    0.1
  57537 108.17  29.30  321   0.01
  57540 109.15  29.68  776   0.01
  57541 109.48  30.00  533    1.5
  57543 110.03  29.88  540    0.2
  57544 109.45  29.47  486   0.01
  57558 110.47  29.13  184    0.4
  57565 111.75  29.65   39    1.6
  57566 111.65  29.45   50    2.2
  57571 112.40  29.70   37    9.9
  57575 112.57  29.52   32    5.7
  57577 112.17  29.40   37    4.7
  57582 113.88  29.73   51   10.7
  57585 113.45  29.48   60    7.3
  57586 114.03  29.53   79    2.3
  57589 113.80  29.25  103    2.3
  57590 114.37  29.85   64   10.0
  57596 114.20  29.63    0    0.9
  57600 105.07  28.72  256    3.7
  57603 105.83  28.82  283    0.1
  57605 105.82  28.03  539   0.01
  57609 105.70  28.58  316    2.0
  57634 107.88  28.52  658    0.3
  57635 108.98  28.45  363    0.6
  57637 108.12  28.25  524    0.4
  57640 109.45  28.58  344    1.6
  57643 109.83  29.00  268    0.4
  57646 109.95  28.62  301    2.2
  57657 110.20  28.22  182    1.5
  57658 110.20  28.02  144    0.8
  57661 111.48  28.92   51    3.5
  57663 111.95  28.92   31    4.1
  57666 112.13  28.52   49    2.9
  57674 112.47  28.57   44    2.6
  57678 112.55  28.25   71    3.1
  57680 113.07  28.80   47    3.8
  57688 113.63  28.15  100    6.0
  57694 114.38  28.53  256    7.1
  57698 114.45  28.12   99    0.6
  57699 114.92  28.23   68    0.4
  57713 106.88  27.70  844    0.2
  57714 106.23  27.47  942    0.5
  57717 106.83  27.53  974    1.9
  57720 107.17  27.88  888    0.7
  57723 107.72  27.98  710    0.9
  57728 107.47  27.07 1095    0.1
  57735 108.82  27.18  396    1.2
  57736 108.85  27.70  376    1.9
  57737 108.12  27.03  546   0.01
  57739 108.88  27.23  375    1.5
  57740 109.60  27.95  349    0.5
  57742 109.20  27.52  883    0.7
  57743 109.80  27.88  176    1.4
  57744 109.17  27.37  356    0.1
  57754 110.15  27.35  170   0.01
  57760 111.43  27.70  247    0.9
  57762 111.70  27.68  163    1.4
  57763 112.00  27.73  151    0.4
  57767 111.03  27.12  266    1.2
  57768 111.45  27.32  242   0.01
  57769 111.73  27.23  257    0.9
  57771 112.52  27.93   89    1.3
  57772 112.50  27.75   84    2.1
  57773 112.82  27.87   63    2.4
  57777 112.87  27.23   65    0.8
  57778 112.95  27.10   68    0.4
  57781 113.50  27.65   71    0.1
  57786 113.85  27.65  110    0.2
  57792 114.68  27.82   93    0.2
  57796 114.93  27.80   79    0.1
  57798 114.60  27.40   89   0.01
  57811 106.60  26.85 1242   0.01
  57822 107.90  26.90  833    0.4
  57828 107.58  26.50  983    0.2
  57829 107.80  26.20  964   0.01
  57834 108.30  26.68  642   0.01
  57835 108.43  26.72  521   0.01
  57842 109.72  26.88  281    1.3
  57844 109.18  26.68  344    1.0
  57846 110.15  26.58  307   0.01
  57851 110.85  26.45  307    1.7
  57859 110.63  26.03  409   12.5
  57860 111.28  27.00  282    0.1
  57865 111.58  26.47  166    3.5
  57867 111.28  26.40  169    5.7
  57868 111.87  26.60  113    1.4
  57870 112.10  26.80  151    2.1
  57871 112.37  26.98   91    2.7
  57875 112.50  26.88   71    0.7
  57876 112.83  26.43  118    1.1
  57881 113.25  26.72  105    0.7
  57883 114.28  26.75  257    0.1
  57886 113.78  26.50  226   0.01
  57899 114.92  26.80   66   0.01
  57941 109.60  25.78  198    0.8
  57942 110.00  25.80  267    0.1
  57954 110.18  25.23  158   0.01
  57955 110.67  25.62  224    0.5
  57956 110.32  25.42  169    0.1
  57960 111.07  25.93  192    0.8
  57962 111.65  25.97  166    0.2
  57964 111.15  25.50  258    0.4
  57971 112.20  25.92  225    1.2
  57973 112.72  25.75  328   0.01
  57975 112.20  25.38  278    0.8
  57976 112.95  25.42  226   0.01
  57978 112.55  25.28  291    0.7
  58001 115.10  34.43   57    8.6
  58002 115.58  34.85   53    5.6
  58003 115.88  34.95   48    8.3
  58004 115.15  34.65   61    9.7
  58006 115.88  34.38   47    8.7
  58007 115.30  34.07   53   10.7
  58008 115.33  34.47   55    8.9
  58011 116.07  34.80   44    8.1
  58013 116.90  34.75   40   10.8
  58016 116.97  34.18   39    8.5
  58017 116.13  34.25   42    9.1
  58020 117.13  34.80   38    9.1
  58021 117.28  34.78   80    6.0
  58022 117.57  34.75   48    4.3
  58024 117.58  34.87   78    3.6
  58025 117.73  34.57   32    6.1
  58030 118.07  34.85   47    7.5
  58032 118.65  34.93   75    5.2
  58035 118.35  34.33   30    3.6
  58036 118.73  34.52   39   10.7
  58041 119.43  34.78   22   10.4
  58044 119.23  34.53    5    9.4
  58045 119.60  34.20    8   10.7
  58049 119.82  34.03    7   15.0
  58100 115.17  33.65   42   10.6
  58101 115.48  33.87   42    8.7
  58104 115.07  33.40   42    5.0
  58107 115.25  33.07   40    9.6
  58108 115.33  33.23   46    4.8
  58109 115.62  33.18   37    9.6
  58112 116.45  30.73  933   11.9
  58113 116.75  33.93   35    8.8
  58114 116.18  33.48   29   13.4
  58116 116.83  33.98   32   10.2
  58117 116.20  33.13   33   10.3
  58126 117.87  33.47   24   16.3
  58127 117.20  32.98   23   15.2
  58128 117.30  33.32   23   12.5
  58129 117.87  33.13   20   12.6
  58131 118.27  33.98   28    4.4
  58132 118.68  33.72   19   12.4
  58139 118.88  33.30   13   12.3
  58140 119.30  33.77   13   10.6
  58146 119.77  33.47    7   13.9
  58148 119.30  33.23   11   19.2
  58154 120.20  33.43    7   14.3
  58202 115.58  32.63   37    9.6
  58205 115.43  32.47   36   11.8
  58207 115.05  32.17   42    9.1
  58210 116.23  32.65   25   13.7
  58212 116.73  32.72   27   15.3
  58214 116.28  32.33   37   17.8
  58220 117.15  32.47   32   15.0
  58222 117.55  32.85   31   14.7
  58223 117.98  32.78   38   14.2
  58224 117.02  32.65   36   14.8
  58230 118.27  32.08   34   20.5
  58234 118.42  32.47   43   15.7
  58235 118.85  32.37   16   20.5
  58237 118.62  32.05   22   20.6
  58240 119.02  32.68   25   15.6
  58242 119.18  32.28   14   17.4
  58243 119.83  32.93    7   18.0
  58244 119.58  32.45   10   19.4
  58245 119.42  32.42   14   21.6
  58246 119.90  32.52   11   15.7
  58247 119.82  32.25    5   18.0
  58249 120.00  32.17    8   20.2
  58250 120.15  32.52   10   20.4
  58254 120.45  32.52    5   21.6
  58257 120.25  31.98   12   18.6
  58264 121.18  32.33   11   22.2
  58268 121.08  32.10    8   23.7
  58269 121.65  31.78   12   19.0
  58301 115.38  31.82   90   10.6
  58306 115.88  31.68   94   12.0
  58316 116.95  31.47   26   17.0
  58317 116.37  30.87  434   10.5
  58320 117.13  31.73   26   17.5
  58323 117.47  31.88   29   20.8
  58327 117.28  31.25   24   17.1
  58329 117.87  31.33   24   17.4
  58330 118.08  31.75   20   21.4
  58331 118.37  31.73   26   19.5
  58334 118.37  31.38   23   17.3
  58335 118.52  31.57   16   17.9
  58337 118.18  31.08   30   17.2
  58339 118.90  31.33   24   13.3
  58340 119.03  31.65   23   18.5
  58341 119.58  31.98   10   19.8
  58342 119.55  31.72    7   18.0
  58344 119.20  31.97   35   19.3
  58346 119.82  31.33   15   20.3
  58349 120.63  31.27    9   17.0
  58351 120.30  31.90   12   23.6
  58352 120.77  31.65    8   23.6
  58353 120.57  31.87    6   22.0
  58359 120.62  31.13    9   12.8
  58360 121.20  31.92    6   27.2
  58361 121.37  31.10   10   11.9
  58365 121.25  31.37    9   18.3
  58366 121.40  31.63    9   17.4
  58367 121.43  31.20   18   14.6
  58369 121.78  31.05    9    7.6
  58370 121.55  31.22   11   16.4
  58377 121.10  31.47    6   18.6
  58401 115.40  30.78  106    8.3
  58404 115.22  30.47   57    8.2
  58408 115.43  30.23   35    9.5
  58409 115.93  30.07   20    1.9
  58415 116.58  30.63   38   11.4
  58416 116.82  30.75   38   11.9
  58417 116.13  30.17   50    2.9
  58418 116.70  30.13   26    2.8
  58420 117.22  30.72   38   18.1
  58421 117.87  30.63   32    8.2
  58423 117.78  30.48  643    5.3
  58426 118.13  30.30  192    5.2
  58427 117.48  30.67   36   12.6
  58428 117.48  30.22  115    3.5
  58431 118.32  30.92   17   14.9
  58432 118.40  30.68   39    5.3
  58433 118.75  30.93   30   13.6
  58435 118.53  30.30  221    1.5
  58438 118.58  30.08  197    0.2
  58441 119.42  30.87   53    7.8
  58442 119.18  31.13   16   13.0
  58443 119.90  31.02   19   15.1
  58446 119.68  30.63   25    2.7
  58449 119.95  30.05   47    0.1
  58451 120.93  30.83    3    7.0
  58452 120.77  30.73    4    4.3
  58453 120.50  30.07   10    0.2
  58454 119.97  30.53    5    1.6
  58455 120.65  30.52    8    2.5
  58456 120.52  30.63    6    1.6
  58458 120.90  30.53    3    1.8
  58459 120.28  30.18   42    0.2
  58460 121.35  30.73    6    7.3
  58461 121.12  31.13    8   14.2
  58462 121.23  31.03    9    9.3
  58463 121.50  30.88    9    8.7
  58484 122.20  30.25    9    1.7
  58501 115.63  29.93   25    1.1
  58502 116.00  29.73   37    9.1
  58503 115.68  29.70   41    9.2
  58508 115.77  29.33   42    3.8
  58509 115.82  29.05   38   11.5
  58510 116.23  29.73   40   11.0
  58512 116.55  29.90   66    8.5
  58514 116.05  29.45   35    2.4
  58517 116.20  29.27   43    5.5
  58523 117.93  29.93  231    3.5
  58529 117.85  29.27   82    6.9
  58530 118.43  29.87  170    0.9
  58534 118.18  29.78  173    0.7
  58537 118.40  29.13  153    0.2
  58542 119.68  29.82   45   0.01
  58544 119.27  29.48   87    1.9
  58546 119.88  29.47  114    0.6
  58550 120.25  29.70   39    0.1
  58555 120.88  29.52  112    0.1
  58558 120.22  29.27   89   0.01
  58559 120.98  29.17   59   0.01
  58561 121.60  29.98    3    0.2
  58563 121.83  29.88    4    0.5
  58565 121.43  29.68    6   0.01
  58567 121.43  29.32   39   0.01
  58570 122.30  29.95   83    0.8
  58601 115.38  28.70   54   11.8
  58602 115.55  28.85   46   15.7
  58605 115.38  28.42   49    4.7
  58607 115.95  28.55   35    0.2
  58612 116.68  28.70   22   0.01
  58614 116.27  28.38   40    0.1
  58615 117.08  28.68   56   0.01
  58616 116.82  28.20   44   0.01
  58619 116.37  28.00   47   0.01
  58620 117.13  28.97   37    9.0
  58627 117.03  28.25   64   0.01
  58656 120.97  28.12    7    2.5
  58657 120.28  28.15   59    0.1
  58658 120.68  28.15   36    1.3
  58659 120.65  28.03   29    1.3
  58660 121.13  28.85    8   0.01
  58664 121.37  28.37   33    1.1
  58693 115.83  28.70   37    3.0
  58704 115.35  27.62   61   0.01
  58710 116.05  27.77   76    0.1
  58713 117.07  27.72  220   0.01
  58736 118.82  27.37  220   0.01
  58745 119.07  27.62  368   0.01
  58746 119.70  27.55  514    3.7
  58747 119.35  27.15  900    7.2
  58748 119.65  27.10   51    5.8
  58749 119.88  27.23  680    7.4
  58750 120.08  27.78  106    1.2
  58751 120.55  27.68    5    5.0
  58814 116.35  26.35  237   0.01
  58819 116.80  26.17  329    0.8
  58821 117.47  26.73  174    0.7
  58823 117.80  26.80  173    3.1
  58824 117.15  26.40  355    3.4
  58826 117.80  26.40  120    8.5
  58828 117.62  26.27  206    7.2
  58836 118.73  26.58  359    9.2
  58839 118.85  26.23   42   10.3
  58844 119.15  26.15   49   13.8
  58845 119.53  26.50   57    9.1
  58848 119.55  26.20   12   22.2
  58850 120.23  26.92   88    5.5
  58903 116.03  25.90  208    0.1
  58906 115.80  25.60  167    0.1
  58907 115.40  25.15  300    1.0
  58912 116.75  25.72  379    7.4
  58917 116.10  25.08  307    3.5
  58923 117.83  25.70  397    7.7
  58928 117.53  25.02  160    8.8
  58929 118.15  25.07   66   15.3
  58932 118.93  25.87   85   17.5
  58934 118.27  25.33  170    9.5
  58935 118.23  25.48  516   14.9
  58938 118.98  25.23   22   12.0
  58940 119.33  26.08   28   22.2
  58941 119.50  25.97   11   18.1
  58942 119.38  25.72   39    8.3
  58946 119.00  25.45   84    8.8
  59038 108.65  24.07  142   0.01
  59041 109.25  24.65  109   0.01
  59044 109.38  24.47   99   0.01
  59051 110.50  24.77  133   0.01
  59057 110.18  24.13  827   0.01
  59059 110.80  24.18  107   0.01
  59061 111.27  24.82  198    0.6
  59064 111.32  24.55  141   0.01
  59091 114.53  24.75  257   0.01
  59093 115.03  24.78  254    0.1
  59106 115.90  24.58  152    1.0
  59109 115.73  24.15  126    0.5
  59114 116.17  24.65  131    2.4
  59122 117.75  24.62   42   18.4
  59124 117.37  24.52   31   16.3
  59125 117.30  24.38  105   16.5
  59127 117.83  24.43   14   14.8
  59129 117.60  24.13   53   18.3
  59130 118.15  24.73   28   11.3
  59131 118.37  24.97   44   12.3
  59137 118.57  24.82   55   19.4
  59229 107.70  23.18  101   0.01
  59238 108.80  23.22  123   0.01
  59241 109.68  23.97   91   0.01
  59246 109.67  23.60   70   0.01
  59249 109.62  23.12   56   0.01
  59255 110.38  23.55   37    0.1
  59264 111.50  23.40   79   0.01
  59266 111.23  23.42   46   0.01
  59310 116.18  23.77   39    9.0
  59312 116.63  23.67   11   11.3
  59313 116.98  23.68   42    8.6
  59314 116.13  23.30   27   11.6
  59315 116.38  23.58   25   11.5
  59318 116.58  23.27   10   11.1
  59319 116.77  23.47    9   11.5
  59320 117.13  23.77   27   19.3
  59322 117.37  23.98   20   21.6
  59421 107.20  22.83  257   0.01
  59426 107.90  22.63   92   0.01
  59449 109.98  22.30   80   0.01
  59457 110.27  22.32  120   0.01
  59473 112.97  22.77   20    0.2
  59487 113.30  22.23   12    0.6
  59492 114.70  22.92   43    0.3
  59500 115.32  22.97   10    5.7
  59502 115.65  22.95   11    6.1
  59635 108.35  21.62   26    2.4
  59640 109.18  21.67    6   0.01
  59750 110.10  20.92   25    0.3
