diamond  3 2014年02月05日08点24小时降雨量                    
  14  02  05  08    -2 3 10 25 50 1 0
 39 122.7  37.3 122.5  36.7 120.8  36.2 119.3  35.0 120.4  34.3
 121.1  32.7 122.3  30.9 122.5  30.1 121.5  28.0 119.8  25.0
 116.1  22.6 111.0  21.0 111.0  18.6 109.6  18.1 108.3  18.5
 108.9  19.9 109.3  21.0 106.4  21.6 104.1  22.2 101.6  20.8
  98.7  22.0  97.1  24.1  97.7  27.0  91.7  26.6  85.7  27.7
  78.9  30.6  73.3  37.1  74.1  40.7  87.6  49.8  98.5  43.9
 110.4  44.3 122.0  54.7 135.7  48.3 131.5  42.2 125.2  39.4
 121.3  38.5 121.2  40.3 118.5  38.6 120.8  38.1
1                    743
  50772 129.23  48.10  299   0.01
  50871 129.88  46.73   96   0.01
  51058  87.97  47.10  564    0.5
  51137  82.93  46.20  715    0.9
  51145  83.65  46.55  523    1.8
  51328  80.42  44.20  774    3.2
  51329  80.85  44.05  641    2.5
  51352  85.25  44.85  338    0.8
  51353  86.10  45.02  347    1.2
  51356  86.05  44.32  444    1.3
  51357  85.62  44.33  523    0.8
  51359  86.20  44.32  473    0.9
  51368  87.32  44.12  516    1.7
  51369  87.65  43.97  601    2.1
  51377  87.92  44.17  547    1.1
  51430  81.15  43.83  605    2.2
  51434  81.53  43.97  771    2.3
  51435  82.23  43.47  776    2.9
  51436  83.25  43.45  929    2.3
  51438  81.77  43.18 1210    2.6
  51465  87.10  43.48 1874    1.2
  51468  86.83  43.10 3543    0.2
  51482  90.28  43.83 1271   0.01
  51627  79.23  41.22 1397    1.8
  51629  80.23  41.27 1134    0.5
  51707  76.73  39.50 1209    1.0
  51708  75.95  39.15 1324    5.7
  51717  76.78  39.25 1207   0.01
  51802  76.17  38.93 1299    4.3
  52607 106.65  39.43 1253    2.0
  52993 104.07  35.68 1740    0.1
  52995 104.62  35.58 1898   0.01
  53505 105.40  37.88 1382    0.5
  53512 106.80  39.80 1105   0.01
  53517 106.33  39.27 1466    0.9
  53518 106.35  39.03 1118    1.0
  53575 112.20  39.10 1526    0.5
  53577 112.30  39.00 1441    0.6
  53585 113.27  39.17  934   0.01
  53603 106.37  38.83 1096    1.0
  53610 106.35  38.57 1106    1.4
  53611 106.55  38.88 1099    1.0
  53617 106.08  38.03 1119    1.7
  53618 106.25  38.28 1115    2.7
  53619 106.30  38.12 1117    5.1
  53644 108.83  38.60 1309    0.7
  53658 110.48  38.03  895    5.4
  53659 111.00  37.97 1164    4.2
  53666 111.93  38.35 1213    0.4
  53669 111.80  38.08 1151    2.0
  53674 112.70  38.42  799    0.1
  53676 112.98  38.50  760    0.1
  53678 112.67  38.07  899    1.9
  53680 114.38  38.30  109    0.2
  53681 113.37  38.83 1097   0.01
  53682 114.68  38.63  105   0.01
  53685 113.42  38.07  953    1.9
  53688 114.55  38.45   98   0.01
  53689 115.07  38.02   43    0.6
  53691 114.57  38.15   76    0.8
  53692 114.98  38.73   68   0.01
  53693 114.13  38.03  256    1.6
  53694 114.22  38.27  134    0.3
  53695 114.68  38.35   72    0.1
  53697 114.83  38.03   54    0.3
  53699 114.95  38.18   46    0.1
  53707 105.25  36.93 1699    0.5
  53727 107.12  37.17 1713    3.2
  53730 107.48  38.18 1335    3.6
  53732 108.72  37.85 1211    4.2
  53748 109.70  37.18 1064    7.1
  53750 110.18  37.77  931    7.5
  53751 110.05  37.60  897    5.3
  53753 110.88  37.43  861    3.7
  53756 110.72  37.52  744    8.4
  53757 110.12  37.12  938    8.8
  53760 111.23  37.88 1212    0.6
  53763 112.17  37.92 1008    3.3
  53767 111.17  37.33 1212    2.6
  53768 111.75  37.15  770    8.0
  53769 111.78  37.25  749    6.7
  53770 112.35  37.35  769    5.3
  53771 112.05  37.42  751    7.1
  53773 114.62  36.33   66    9.2
  53774 112.33  37.62  774    2.0
  53776 112.77  37.68  831    2.3
  53777 112.15  37.53  760    2.7
  53778 112.22  37.17  780    6.3
  53780 113.15  37.90 1066    2.8
  53783 113.70  37.60  880    2.3
  53784 114.78  37.75   39    1.6
  53788 113.57  37.33 1267    4.1
  53789 114.63  37.88   57    1.2
  53791 114.52  37.77   67    1.1
  53794 114.75  37.35   34    1.9
  53795 114.37  37.65  137    0.8
  53797 114.52  37.28   74    4.1
  53829 107.90  35.98 1094    1.0
  53832 108.77  36.77 1220    8.2
  53841 109.32  36.88 1069    8.0
  53848 109.35  36.27 1005    5.7
  53850 110.18  36.88  801    9.9
  53852 110.63  36.77  917    7.1
  53856 110.75  36.47  756    4.3
  53857 110.18  36.07  840    4.8
  53860 111.17  36.98 1407   12.5
  53861 111.42  35.88  425   11.2
  53862 111.77  36.83  809    9.9
  53864 111.10  36.40 1030    5.6
  53865 111.55  36.65 1012   10.2
  53866 111.67  36.23  464    3.7
  53869 111.70  36.58  550    5.2
  53871 112.85  36.83  965    8.2
  53873 112.87  36.12  951    9.2
  53878 113.38  36.52  769    6.0
  53879 112.88  36.32  953    8.8
  53880 113.23  36.33  948    5.3
  53881 106.48  37.28 1382    2.9
  53886 113.67  36.57  471    6.6
  53888 113.43  36.20 1088    8.1
  53889 113.82  36.07  308    4.4
  53890 114.15  36.68  234   11.6
  53892 114.47  36.62   67   10.1
  53893 114.95  36.77   40    3.9
  53894 114.22  36.42  128   11.6
  53895 114.50  36.78   61    7.3
  53896 114.95  36.35   51    8.7
  53897 114.38  36.38   71   10.6
  53899 114.97  36.48   49    7.0
  53906 105.72  35.52 1659   0.01
  53908 105.23  35.22 1769   0.01
  53914 106.12  35.62 2079    0.1
  53916 106.32  35.50 1949    0.8
  53917 106.07  35.22 1633    0.2
  53924 107.62  35.07  967    0.4
  53925 107.18  35.68 1174    0.3
  53926 107.35  35.35 1630    0.7
  53927 106.62  35.20 1478    0.3
  53928 107.02  35.30 1150    0.9
  53930 107.98  36.45 1270    3.0
  53931 109.37  36.00  983    4.0
  53934 108.02  35.82 1299    1.7
  53935 108.35  35.48 1443    1.3
  53937 107.92  35.52  980    1.4
  53938 108.30  35.17 1277    2.4
  53941 109.58  35.18  807    1.8
  53944 109.25  35.57  857    4.3
  53945 109.07  35.43 1394    5.2
  53946 109.82  35.60 1091    3.3
  53947 109.07  35.08  979    3.4
  53949 109.92  35.18  680    1.1
  53950 110.15  35.23  710    3.0
  53954 110.97  35.62  433    5.8
  53956 110.83  35.40  589    3.3
  53957 110.72  35.62  459    4.6
  53958 110.78  35.13  389    2.5
  53961 111.48  35.65  473    6.2
  53962 111.70  35.73  585    5.0
  53965 111.57  35.52  761    9.0
  53966 111.83  35.98  818    2.5
  53967 111.20  35.33  469    2.2
  53970 112.20  35.70  887    7.3
  53973 112.95  35.77  836    7.0
  53974 114.18  35.62   73    6.3
  53976 112.87  35.50  751    6.0
  53978 112.63  35.08  140    8.4
  53979 113.08  35.15  121    8.5
  53980 114.80  36.55   51   10.1
  53982 113.27  35.23  113    7.8
  53983 114.42  35.03   70    3.0
  53984 113.47  35.23   83    3.5
  53985 113.82  35.45   97    4.9
  53988 113.67  35.27   78    2.4
  53989 113.95  35.05   77    4.2
  53992 114.52  35.65   59    5.7
  53993 114.92  35.93   52    6.5
  53994 114.07  35.38   71    4.5
  53995 114.50  35.55   64    4.5
  53996 114.65  36.45   58   10.1
  53997 114.18  35.15   72    4.0
  53998 114.65  35.20   62    6.2
  54290 129.40  42.77  245   0.01
  54632 115.03  37.07   34    1.5
  54633 115.23  37.52   27    2.2
  54640 114.87  36.92   37    4.9
  54701 115.20  37.93   41    0.7
  54704 115.57  37.55   23    1.2
  54706 115.67  37.08   32    1.0
  54752 120.77  37.80   64   0.01
  54759 120.83  37.30  172    0.9
  54765 121.43  37.48   57    0.2
  54766 121.62  37.38   23    0.1
  54800 115.25  36.98   35    0.6
  54802 115.73  36.82   35    0.6
  54803 116.02  36.98   28    0.4
  54804 115.13  36.30   46    5.5
  54806 115.97  36.42   39    4.2
  54809 115.28  36.55   42    3.3
  54814 116.23  36.58   32    2.4
  54816 116.80  36.52   82    0.3
  54818 116.42  36.25   72    2.1
  54819 116.80  36.18  118    2.3
  54820 115.17  36.82   38    3.1
  54827 117.15  36.17  137    2.0
  54848 119.42  35.98   81    0.2
  54851 120.57  36.90   81   0.01
  54852 120.73  36.97   53   0.01
  54900 115.02  35.70   54    5.2
  54901 115.17  36.08   47    7.8
  54903 115.48  35.85   50    7.5
  54904 115.52  35.58   51    5.9
  54905 115.93  35.58   53    7.5
  54906 115.42  35.25   51    9.5
  54907 116.65  34.98   38    4.7
  54908 115.10  35.27   57    7.2
  54910 116.05  35.82   45    5.3
  54912 116.48  35.70   47    5.2
  54913 116.82  35.75   67    6.5
  54914 116.08  35.42   44    5.5
  54915 116.60  35.43   34    4.7
  54917 116.32  35.10   41    5.4
  54918 116.97  35.60   66    6.5
  54919 116.98  35.42  111    5.7
  54920 117.28  35.65  110    6.8
  54921 116.33  35.42   39    4.8
  54922 117.78  35.88  223    0.3
  54923 117.93  35.72  202    2.9
  54925 117.63  35.52  170    7.0
  54927 117.20  35.10   79    6.8
  54932 118.65  35.77  184    0.2
  54935 118.43  35.53  120    2.3
  54938 118.40  35.05   66    3.3
  54939 118.82  35.17  116    2.0
  54943 120.00  35.88   13    0.2
  56186 104.20  31.33  589    2.3
  56190 104.55  31.55  518    0.5
  56192 104.67  32.95 1016   0.01
  56193 104.52  32.42  894    0.1
  56194 104.45  31.82  679    3.2
  56195 104.73  31.78  531    1.1
  56198 104.50  31.32  523    0.5
  56199 104.68  31.03  424    3.0
  56273 102.82  30.38 1011   0.01
  56278 102.77  30.07  756    4.6
  56279 102.93  30.15  683    0.4
  56280 103.12  30.08  692    2.5
  56286 104.25  30.55  514    0.3
  56289 103.87  30.20  439   0.01
  56295 104.55  30.38  443    1.7
  56296 104.43  30.85  449    0.8
  56297 104.15  30.02  431   0.01
  56298 104.60  30.13  415    0.8
  56380 103.37  29.92  466    3.4
  56382 103.60  29.73  408   0.01
  56384 103.48  29.60  446    2.8
  56387 103.27  29.23  639    0.1
  56390 104.07  29.67  403   0.01
  56391 103.82  30.08  416   0.01
  56393 104.85  29.77  370    3.1
  56395 104.67  29.52  349    1.6
  56396 104.77  29.35  352    2.2
  56399 104.98  29.18  307    1.9
  56493 104.97  28.85  297    0.8
  57001 105.33  34.75 1273   0.01
  57002 105.65  34.85 1217   0.01
  57004 104.88  34.73 1496    0.8
  57006 105.75  34.58 1142   0.01
  57007 105.18  34.18 1406   0.01
  57008 105.30  34.03 1578    0.2
  57012 106.20  34.98 1665   0.01
  57016 107.13  34.35  613    0.3
  57020 107.40  34.37  563    0.4
  57021 107.13  34.65  751    0.3
  57022 107.78  34.68 1026    1.1
  57023 108.10  35.03  841    1.2
  57024 107.65  34.45  671    1.1
  57026 107.88  34.37  586    0.1
  57027 107.73  34.27  518    0.4
  57029 108.48  34.50  544    1.6
  57031 108.55  34.82 1013    0.6
  57032 108.20  34.13  436    1.1
  57033 108.82  34.55  429    0.1
  57035 108.23  34.55  636   0.01
  57038 108.45  34.28  411    0.3
  57040 109.08  34.52  378    0.1
  57041 108.92  34.63  425   0.01
  57042 109.18  34.78  473    0.6
  57044 109.23  34.40  424   0.01
  57045 109.48  34.52  354    0.2
  57047 109.32  34.17  541    0.5
  57053 110.72  34.70  507   0.01
  57054 110.23  34.55  557   0.01
  57057 110.15  34.10  961    3.7
  57060 111.23  35.17  404    0.9
  57061 111.20  34.83  411    1.1
  57063 111.77  34.77  524    3.5
  57065 112.18  34.50  196    2.3
  57070 112.12  34.73  358    7.3
  57072 112.75  34.92  128    5.1
  57074 112.42  34.42  198    2.3
  57076 112.82  34.72  190    1.7
  57078 112.47  34.15  337    0.3
  57079 113.03  34.95  106    2.7
  57080 112.97  34.73  166    1.0
  57081 113.43  34.80  141    0.7
  57082 113.02  34.47  428    0.2
  57084 113.05  34.50 1180    1.7
  57085 113.37  34.55  289    0.2
  57086 113.72  34.38  116    0.1
  57087 113.80  34.20   88   0.01
  57088 113.50  34.15  117    0.3
  57090 113.97  34.72   79    0.2
  57093 114.82  34.85   74    2.5
  57094 114.22  34.40   71    0.2
  57095 114.15  34.12   61    0.1
  57096 114.78  34.53   60    0.8
  57098 114.40  34.08   59   0.01
  57099 114.85  34.07   53   0.01
  57102 105.72  33.75  971    3.2
  57105 105.60  33.33 1219    3.0
  57110 106.08  33.78  930    1.6
  57111 106.30  33.92  967    0.1
  57113 106.53  33.90  990    0.5
  57119 106.70  33.17  551    3.1
  57123 108.07  34.28  510    0.5
  57126 107.55  33.22  470    0.9
  57128 107.33  33.17  487    1.2
  57129 107.72  32.98  447    1.0
  57137 108.32  33.32  801    3.3
  57140 109.12  33.67  818    2.6
  57153 110.33  33.68  584    0.5
  57155 109.87  33.55  661    1.2
  57162 112.08  34.15  327   0.01
  57169 111.87  33.05  160   0.01
  57173 112.88  33.75  147    0.2
  57175 112.23  33.05  192   0.01
  57176 112.42  33.48  230   0.01
  57179 113.00  33.28  161   0.01
  57185 113.58  33.45   92   0.01
  57186 114.05  33.60   59   0.01
  57189 113.95  33.13   65   0.01
  57191 114.48  34.48   64    0.4
  57192 114.85  33.73   47   0.01
  57195 114.62  33.62   47   0.01
  57196 114.87  33.47   42    0.2
  57198 114.62  33.55   47   0.01
  57204 105.23  32.58  801    2.0
  57208 105.47  32.02  538    4.0
  57213 106.93  33.00  537    3.4
  57216 106.83  32.35  577    7.6
  57217 106.28  32.23  493    6.4
  57231 108.53  32.53  504    2.8
  57233 108.50  32.90  413    3.3
  57242 109.37  32.85  285    1.2
  57247 108.90  32.32  442    0.1
  57248 109.33  32.40  429    0.2
  57249 109.68  32.32  453    0.4
  57253 110.82  32.85  204    1.2
  57254 110.12  32.82  324    1.6
  57257 110.23  32.23  309    1.1
  57260 111.52  32.55  143   0.01
  57261 111.50  33.13  196   0.01
  57268 111.63  32.27   87    1.4
  57271 112.38  32.55   89   0.01
  57273 112.85  32.68  110   0.01
  57274 112.12  32.70  108    0.1
  57292 114.63  32.97   44   0.01
  57295 114.35  32.62   83   0.01
  57296 114.73  32.35   50   0.01
  57298 114.55  32.22   56    0.3
  57299 114.90  32.02   50    0.1
  57303 105.92  31.73  460    3.3
  57304 105.17  31.67  517    1.3
  57307 105.08  31.10  408    2.7
  57308 105.38  31.22  421    2.1
  57309 105.88  30.98  375    2.1
  57314 106.07  31.35  385    3.9
  57315 106.40  31.53  658    3.0
  57317 106.42  31.03  323    1.3
  57318 106.55  31.07  339    1.7
  57320 107.22  31.93  483    3.1
  57324 107.08  31.58  363    0.7
  57333 108.67  31.95  800    1.8
  57345 109.62  31.40  339    0.6
  57361 111.27  31.88  331    1.7
  57362 110.67  31.75  939    3.8
  57363 111.83  31.80  146    1.4
  57368 111.63  31.05  138    2.1
  57370 112.22  31.73   68    2.5
  57377 112.22  31.00  184    1.7
  57385 113.82  31.63   94    0.2
  57386 114.00  31.25   37    0.4
  57387 113.13  31.00   80    0.9
  57388 113.70  31.27   55    0.3
  57389 113.75  31.03   33    1.1
  57390 114.07  31.80  731    0.4
  57396 114.85  31.63  130    0.1
  57398 114.62  31.28   76    0.2
  57401 105.37  30.87  380    1.2
  57402 105.70  30.77  395    1.8
  57407 105.03  30.28  464    2.5
  57408 105.35  30.12  333    0.3
  57409 105.80  30.18  295   0.01
  57413 106.97  30.85  295   0.01
  57414 106.45  30.55  396    0.1
  57415 106.63  30.47  336   0.01
  57417 106.28  30.35  315    0.2
  57453 111.32  30.77  116    3.3
  57460 111.78  30.82   91    2.2
  57462 111.08  30.87  104    0.3
  57464 111.18  30.47  144    3.1
  57465 111.45  30.38   76    5.8
  57466 111.77  30.43   50    3.4
  57469 111.77  30.18   68    4.3
  57475 112.90  30.40   33    3.0
  57477 112.22  30.07   39    6.5
  57481 113.58  30.95   31    0.8
  57485 113.45  30.37   33    4.3
  57486 113.85  30.65   25    1.6
  57489 114.00  30.58   39    1.9
  57491 114.40  30.87   31    1.9
  57492 114.80  30.83   33    0.5
  57495 114.88  30.67   19    1.4
  57496 114.87  30.37   30    1.2
  57498 114.90  30.43   22    0.9
  57499 114.97  30.10   40    0.8
  57505 105.58  29.42  324    1.5
  57506 105.90  29.37  376    4.5
  57507 105.30  29.33  374    1.4
  57508 105.37  29.15  302    1.9
  57510 106.05  29.85  275    0.1
  57540 109.15  29.68  776    0.3
  57541 109.48  30.00  533    1.1
  57543 110.03  29.88  540    0.7
  57544 109.45  29.47  486    0.2
  57558 110.47  29.13  184    1.8
  57564 111.13  29.43  103    1.9
  57565 111.75  29.65   39    5.3
  57566 111.65  29.45   50    4.2
  57571 112.40  29.70   37    0.4
  57575 112.57  29.52   32    4.5
  57577 112.17  29.40   37    4.1
  57582 113.88  29.73   51    1.6
  57585 113.45  29.48   60    2.0
  57586 114.03  29.53   79    0.8
  57589 113.80  29.25  103    0.8
  57590 114.37  29.85   64    0.5
  57596 114.20  29.63    0    0.3
  57600 105.07  28.72  256    1.1
  57603 105.83  28.82  283    0.9
  57605 105.82  28.03  539   0.01
  57609 105.70  28.58  316    0.4
  57634 107.88  28.52  658    0.5
  57635 108.98  28.45  363    1.1
  57640 109.45  28.58  344    3.6
  57643 109.83  29.00  268    1.0
  57646 109.95  28.62  301    1.0
  57657 110.20  28.22  182    0.6
  57658 110.20  28.02  144   0.01
  57661 111.48  28.92   51    3.5
  57663 111.95  28.92   31    3.3
  57666 112.13  28.52   49    5.1
  57674 112.47  28.57   44    5.0
  57678 112.55  28.25   71    1.9
  57680 113.07  28.80   47    3.1
  57688 113.63  28.15  100    0.6
  57694 114.38  28.53  256    1.4
  57713 106.88  27.70  844   0.01
  57723 107.72  27.98  710    0.5
  57735 108.82  27.18  396   0.01
  57736 108.85  27.70  376    0.5
  57739 108.88  27.23  375    0.4
  57740 109.60  27.95  349    0.7
  57743 109.80  27.88  176    1.1
  57744 109.17  27.37  356    0.2
  57760 111.43  27.70  247    2.2
  57762 111.70  27.68  163    1.0
  57763 112.00  27.73  151    0.6
  57767 111.03  27.12  266    0.1
  57768 111.45  27.32  242   0.01
  57769 111.73  27.23  257    0.1
  57771 112.52  27.93   89    1.8
  57772 112.50  27.75   84    2.1
  57773 112.82  27.87   63    2.2
  57777 112.87  27.23   65   0.01
  57778 112.95  27.10   68   0.01
  57786 113.85  27.65  110   0.01
  57796 114.93  27.80   79    0.2
  57844 109.18  26.68  344   0.01
  57851 110.85  26.45  307    0.3
  57859 110.63  26.03  409    2.3
  57860 111.28  27.00  282   0.01
  57865 111.58  26.47  166    0.3
  57867 111.28  26.40  169    1.3
  57871 112.37  26.98   91   0.01
  57875 112.50  26.88   71    0.1
  57876 112.83  26.43  118    0.7
  57881 113.25  26.72  105   0.01
  57883 114.28  26.75  257    0.6
  57891 114.25  26.93  144   0.01
  57899 114.92  26.80   66   0.01
  57941 109.60  25.78  198    0.3
  57954 110.18  25.23  158   0.01
  57955 110.67  25.62  224   0.01
  57960 111.07  25.93  192   0.01
  57962 111.65  25.97  166    0.3
  57964 111.15  25.50  258    0.1
  57971 112.20  25.92  225    0.8
  57973 112.72  25.75  328   0.01
  57975 112.20  25.38  278    0.3
  57978 112.55  25.28  291    0.2
  57985 113.68  25.57  608    0.1
  57989 113.73  25.10   96   0.01
  57990 114.30  25.70  252   0.01
  58001 115.10  34.43   57    0.9
  58002 115.58  34.85   53    4.6
  58003 115.88  34.95   48    4.7
  58004 115.15  34.65   61    1.7
  58006 115.88  34.38   47    0.6
  58007 115.30  34.07   53    0.7
  58008 115.33  34.47   55    1.0
  58011 116.07  34.80   44    2.8
  58012 116.58  34.68   40    3.5
  58016 116.97  34.18   39    0.7
  58017 116.13  34.25   42    0.4
  58020 117.13  34.80   38    4.0
  58021 117.28  34.78   80    1.8
  58022 117.57  34.75   48    1.6
  58025 117.73  34.57   32    1.8
  58030 118.07  34.85   47    4.7
  58032 118.65  34.93   75    2.4
  58036 118.73  34.52   39    2.5
  58044 119.23  34.53    5    0.2
  58048 119.35  34.12    9    0.4
  58049 119.82  34.03    7    0.4
  58100 115.17  33.65   42   0.01
  58101 115.48  33.87   42    0.1
  58104 115.07  33.40   42   0.01
  58108 115.33  33.23   46   0.01
  58109 115.62  33.18   37   0.01
  58112 116.45  30.73  933    3.2
  58113 116.75  33.93   35    1.0
  58114 116.18  33.48   29    0.3
  58116 116.83  33.98   32    1.4
  58117 116.20  33.13   33    0.2
  58126 117.87  33.47   24    0.3
  58127 117.20  32.98   23   0.01
  58128 117.30  33.32   23   0.01
  58129 117.87  33.13   20   0.01
  58132 118.68  33.72   19    1.2
  58140 119.30  33.77   13    0.1
  58147 118.97  32.98   28   0.01
  58154 120.20  33.43    7   0.01
  58205 115.43  32.47   36   0.01
  58207 115.05  32.17   42    0.1
  58210 116.23  32.65   25   0.01
  58212 116.73  32.72   27    0.4
  58214 116.28  32.33   37    0.2
  58220 117.15  32.47   32   0.01
  58223 117.98  32.78   38   0.01
  58224 117.02  32.65   36    0.1
  58230 118.27  32.08   34    2.6
  58234 118.42  32.47   43   0.01
  58235 118.85  32.37   16   0.01
  58237 118.62  32.05   22    2.2
  58240 119.02  32.68   25    0.1
  58244 119.58  32.45   10   0.01
  58245 119.42  32.42   14   0.01
  58246 119.90  32.52   11   0.01
  58249 120.00  32.17    8    0.1
  58250 120.15  32.52   10   0.01
  58257 120.25  31.98   12    1.2
  58264 121.18  32.33   11    0.2
  58268 121.08  32.10    8    0.6
  58269 121.65  31.78   12   0.01
  58301 115.38  31.82   90    1.9
  58306 115.88  31.68   94    2.0
  58316 116.95  31.47   26    1.8
  58317 116.37  30.87  434    1.3
  58320 117.13  31.73   26    1.5
  58323 117.47  31.88   29    1.5
  58327 117.28  31.25   24    1.4
  58329 117.87  31.33   24    2.0
  58330 118.08  31.75   20    2.7
  58331 118.37  31.73   26    2.6
  58334 118.37  31.38   23    2.2
  58335 118.52  31.57   16    2.8
  58337 118.18  31.08   30    2.3
  58339 118.90  31.33   24    1.9
  58340 119.03  31.65   23    3.1
  58342 119.55  31.72    7    2.1
  58344 119.20  31.97   35    1.8
  58346 119.82  31.33   15    1.3
  58349 120.63  31.27    9   0.01
  58351 120.30  31.90   12    2.1
  58352 120.77  31.65    8    0.4
  58353 120.57  31.87    6    1.3
  58359 120.62  31.13    9   0.01
  58360 121.20  31.92    6    0.6
  58361 121.37  31.10   10   0.01
  58367 121.43  31.20   18   0.01
  58370 121.55  31.22   11   0.01
  58377 121.10  31.47    6   0.01
  58401 115.40  30.78  106    0.9
  58404 115.22  30.47   57    2.1
  58408 115.43  30.23   35    1.4
  58409 115.93  30.07   20    1.9
  58415 116.58  30.63   38    6.8
  58416 116.82  30.75   38    6.0
  58417 116.13  30.17   50    1.8
  58418 116.70  30.13   26    0.4
  58420 117.22  30.72   38    5.4
  58421 117.87  30.63   32    3.2
  58426 118.13  30.30  192    0.5
  58427 117.48  30.67   36    4.0
  58428 117.48  30.22  115    0.1
  58431 118.32  30.92   17    3.8
  58432 118.40  30.68   39    0.2
  58433 118.75  30.93   30    3.5
  58435 118.53  30.30  221    0.2
  58441 119.42  30.87   53    0.6
  58442 119.18  31.13   16    3.0
  58443 119.90  31.02   19    0.7
  58446 119.68  30.63   25    0.1
  58449 119.95  30.05   47   0.01
  58452 120.77  30.73    4   0.01
  58454 119.97  30.53    5   0.01
  58455 120.65  30.52    8   0.01
  58456 120.52  30.63    6   0.01
  58458 120.90  30.53    3   0.01
  58459 120.28  30.18   42   0.01
  58461 121.12  31.13    8   0.01
  58463 121.50  30.88    9   0.01
  58501 115.63  29.93   25    2.2
  58502 116.00  29.73   37    0.8
  58503 115.68  29.70   41   0.01
  58508 115.77  29.33   42    0.1
  58509 115.82  29.05   38    0.3
  58510 116.23  29.73   40    0.6
  58512 116.55  29.90   66    0.1
  58514 116.05  29.45   35    0.4
  58523 117.93  29.93  231    0.2
  58529 117.85  29.27   82    1.9
  58537 118.40  29.13  153    0.5
  58542 119.68  29.82   45   0.01
  58546 119.88  29.47  114   0.01
  58547 119.18  29.03   65    0.1
  58555 120.88  29.52  112    0.1
  58601 115.38  28.70   54    0.8
  58602 115.55  28.85   46   0.01
  58605 115.38  28.42   49    0.1
  58607 115.95  28.55   35    3.2
  58609 115.82  28.22   30    2.9
  58612 116.68  28.70   22    6.0
  58614 116.27  28.38   40    3.1
  58615 117.08  28.68   56    0.1
  58616 116.82  28.20   44    0.2
  58618 116.60  28.23   51    0.1
  58619 116.37  28.00   47   0.01
  58620 117.13  28.97   37    8.4
  58623 117.92  28.47   92   0.01
  58624 117.43  28.40   64    0.2
  58625 117.60  28.42   80    0.6
  58627 117.03  28.25   64    0.1
  58629 117.70  28.32   59    0.2
  58631 118.50  28.90  134    0.3
  58632 118.60  28.72  124    0.1
  58635 118.20  28.43   96   0.01
  58643 120.03  28.90   99   0.01
  58644 119.28  28.60  237    0.1
  58657 120.28  28.15   59    0.4
  58693 115.83  28.70   37    0.7
  58701 115.40  27.77   47    1.0
  58704 115.35  27.62   61    0.9
  58707 115.13  27.22   66   0.01
  58710 116.05  27.77   76   0.01
  58712 116.78  27.92  123   0.01
  58713 117.07  27.72  220   0.01
  58746 119.70  27.55  514    4.0
  58747 119.35  27.15  900    1.2
  58748 119.65  27.10   51    0.4
  58749 119.88  27.23  680   0.01
  58750 120.08  27.78  106   0.01
  58814 116.35  26.35  237   0.01
  58819 116.80  26.17  329    0.3
  58824 117.15  26.40  355    0.8
  58826 117.80  26.40  120   0.01
  58828 117.62  26.27  206   0.01
  58839 118.85  26.23   42    1.5
  58844 119.15  26.15   49    2.3
  58845 119.53  26.50   57    0.7
  58848 119.55  26.20   12    2.7
  58903 116.03  25.90  208   0.01
  58906 115.80  25.60  167    0.1
  58907 115.40  25.15  300    0.5
  58912 116.75  25.72  379    0.2
  58917 116.10  25.08  307    0.4
  58923 117.83  25.70  397    2.5
  58928 117.53  25.02  160    4.6
  58929 118.15  25.07   66    5.3
  58932 118.93  25.87   85    2.7
  58934 118.27  25.33  170    3.2
  58935 118.23  25.48  516    3.3
  58938 118.98  25.23   22    4.0
  58940 119.33  26.08   28    1.9
  58941 119.50  25.97   11    1.7
  58942 119.38  25.72   39    1.8
  58946 119.00  25.45   84    3.2
  59033 108.90  24.78  330   0.01
  59038 108.65  24.07  142   0.01
  59059 110.80  24.18  107   0.01
  59075 112.63  24.48   70   0.01
  59091 114.53  24.75  257   0.01
  59093 115.03  24.78  254    0.6
  59099 114.93  24.45  175    0.7
  59106 115.90  24.58  152    0.7
  59114 116.17  24.65  131    0.2
  59122 117.75  24.62   42    5.7
  59124 117.37  24.52   31    6.0
  59125 117.30  24.38  105    5.9
  59127 117.83  24.43   14    5.9
  59129 117.60  24.13   53    7.3
  59130 118.15  24.73   28    4.3
  59131 118.37  24.97   44    5.1
  59137 118.57  24.82   55    7.0
  59246 109.67  23.60   70    0.3
  59255 110.38  23.55   37    0.1
  59285 113.60  23.57   39   0.01
  59290 114.23  23.73   71    0.8
  59310 116.18  23.77   39    1.9
  59312 116.63  23.67   11    5.0
  59313 116.98  23.68   42    5.7
  59314 116.13  23.30   27    2.5
  59315 116.38  23.58   25    3.1
  59318 116.58  23.27   10    5.0
  59319 116.77  23.47    9    3.9
  59320 117.13  23.77   27    4.2
  59322 117.37  23.98   20    4.7
  59435 108.48  22.77   75    0.3
  59487 113.30  22.23   12    0.1
  59502 115.65  22.95   11   0.01
  59650 110.25  21.38   25   0.01
  59750 110.10  20.92   25    0.7
