diamond  3 2014年02月18日08点24小时降雨量                    
  14  02  18  08    -2 3 10 25 50 1 0
 39 122.7  37.3 122.5  36.7 120.8  36.2 119.3  35.0 120.4  34.3
 121.1  32.7 122.3  30.9 122.5  30.1 121.5  28.0 119.8  25.0
 116.1  22.6 111.0  21.0 111.0  18.6 109.6  18.1 108.3  18.5
 108.9  19.9 109.3  21.0 106.4  21.6 104.1  22.2 101.6  20.8
  98.7  22.0  97.1  24.1  97.7  27.0  91.7  26.6  85.7  27.7
  78.9  30.6  73.3  37.1  74.1  40.7  87.6  49.8  98.5  43.9
 110.4  44.3 122.0  54.7 135.7  48.3 131.5  42.2 125.2  39.4
 121.3  38.5 121.2  40.3 118.5  38.6 120.8  38.1
1                   1087
  50958 126.95  45.52  175    0.3
  50960 127.45  45.78  192    0.1
  51352  85.25  44.85  338   0.01
  51356  86.05  44.32  444   0.01
  51357  85.62  44.33  523   0.01
  51359  86.20  44.32  473   0.01
  51368  87.32  44.12  516   0.01
  51369  87.65  43.97  601   0.01
  51378  89.17  44.02  735   0.01
  51482  90.28  43.83 1271   0.01
  52515  94.87  39.52 2138    0.2
  52643  99.62  38.83 2311    2.7
  52656 100.82  38.43 2282    2.9
  52784 102.90  37.47 2073    2.0
  52862 101.68  36.95 2451   0.01
  52877 102.25  36.10 2835    0.1
  52881 103.18  36.98 2485    0.1
  52896 104.15  36.55 1739    0.2
  52957 100.60  35.25 3149   0.01
  52968 101.47  35.03 3663    0.5
  52978 102.52  35.20 2930    1.0
  52980 103.30  35.97 1649   0.01
  52981 103.38  35.67 2429    0.1
  52982 103.55  35.48 1954   0.01
  52985 103.33  35.42 2164   0.01
  52988 103.72  35.37 2000   0.01
  52998 104.20  35.13 2111    1.1
  53272 112.63  42.75 1106    0.2
  53289 113.83  42.23 1322    1.5
  53343 109.97  41.77 1612    0.5
  53348 109.13  41.02 1080    0.4
  53357 110.05  42.03 1361    0.8
  53368 111.47  41.08 1640   0.01
  53378 112.62  41.28 1737    0.3
  53384 113.18  41.45 1424   0.01
  53392 114.60  41.85 1424    1.0
  53397 113.98  41.10 1377    0.3
  53455 110.53  40.55 1000    0.3
  53457 110.03  40.40 1012   0.01
  53464 111.17  40.72 1047    1.2
  53466 111.70  40.75 1046    0.5
  53467 111.18  40.27 1017    0.1
  53469 111.82  40.40 1164    0.1
  53472 112.57  40.87 1453    0.7
  53475 112.47  40.52 1272    0.5
  53481 113.22  40.80 1317   0.01
  53483 113.83  40.87 1269    0.2
  53484 113.15  40.45 1192   0.01
  53486 113.77  40.37 1050    0.4
  53488 113.58  40.03 1035    0.5
  53492 114.15  40.10  939   0.01
  53517 106.33  39.27 1466   0.01
  53553 111.22  39.87 1222    0.3
  53562 111.67  39.92 1192   0.01
  53565 111.50  39.43 1050    0.1
  53573 112.70  40.00 1337    0.1
  53574 112.27  39.52 1408    0.2
  53575 112.20  39.10 1526    0.2
  53577 112.30  39.00 1441   0.01
  53580 113.10  39.82 1045   0.01
  53582 113.68  39.72 1094   0.01
  53585 113.27  39.17  934   0.01
  53599 114.68  39.37  885   0.01
  53644 108.83  38.60 1309   0.01
  53659 111.00  37.97 1164    0.1
  53660 111.08  39.02  893   0.01
  53666 111.93  38.35 1213   0.01
  53669 111.80  38.08 1151   0.01
  53674 112.70  38.42  799   0.01
  53681 113.37  38.83 1097   0.01
  53685 113.42  38.07  953    0.3
  53690 114.18  38.85  283   0.01
  53748 109.70  37.18 1064    0.2
  53750 110.18  37.77  931    0.4
  53751 110.05  37.60  897    0.1
  53753 110.88  37.43  861    0.4
  53756 110.72  37.52  744    0.2
  53757 110.12  37.12  938    0.1
  53760 111.23  37.88 1212    1.1
  53767 111.17  37.33 1212    0.1
  53768 111.75  37.15  770   0.01
  53769 111.78  37.25  749   0.01
  53770 112.35  37.35  769   0.01
  53778 112.22  37.17  780   0.01
  53780 113.15  37.90 1066   0.01
  53782 113.55  37.85  743   0.01
  53783 113.70  37.60  880   0.01
  53788 113.57  37.33 1267   0.01
  53829 107.90  35.98 1094   0.01
  53832 108.77  36.77 1220    0.4
  53841 109.32  36.88 1069    1.6
  53848 109.35  36.27 1005    0.5
  53850 110.18  36.88  801    0.4
  53852 110.63  36.77  917    0.2
  53856 110.75  36.47  756    0.5
  53857 110.18  36.07  840    0.3
  53860 111.17  36.98 1407    1.2
  53861 111.42  35.88  425   0.01
  53862 111.77  36.83  809    0.2
  53864 111.10  36.40 1030    0.1
  53865 111.55  36.65 1012    0.2
  53866 111.67  36.23  464   0.01
  53869 111.70  36.58  550   0.01
  53871 112.85  36.83  965   0.01
  53872 112.68  36.77  962    0.5
  53873 112.87  36.12  951   0.01
  53878 113.38  36.52  769    0.4
  53879 112.88  36.32  953    0.2
  53880 113.23  36.33  948    0.9
  53885 113.20  36.13 1031    0.6
  53886 113.67  36.57  471   0.01
  53888 113.43  36.20 1088    1.5
  53889 113.82  36.07  308    0.2
  53906 105.72  35.52 1659    0.1
  53908 105.23  35.22 1769    0.4
  53914 106.12  35.62 2079    0.1
  53916 106.32  35.50 1949    0.5
  53917 106.07  35.22 1633    0.4
  53924 107.62  35.07  967    1.1
  53925 107.18  35.68 1174    0.7
  53926 107.35  35.35 1630    2.1
  53927 106.62  35.20 1478    0.6
  53928 107.02  35.30 1150    1.2
  53930 107.98  36.45 1270   0.01
  53931 109.37  36.00  983    1.0
  53934 108.02  35.82 1299    0.2
  53935 108.35  35.48 1443    2.4
  53937 107.92  35.52  980    0.8
  53938 108.30  35.17 1277    2.4
  53941 109.58  35.18  807    1.4
  53944 109.25  35.57  857    0.6
  53945 109.07  35.43 1394    2.6
  53946 109.82  35.60 1091    1.8
  53947 109.07  35.08  979    2.7
  53949 109.92  35.18  680    0.2
  53950 110.15  35.23  710    0.5
  53954 110.97  35.62  433    0.1
  53956 110.83  35.40  589    3.1
  53957 110.72  35.62  459    0.6
  53958 110.78  35.13  389    0.5
  53961 111.48  35.65  473    0.7
  53962 111.70  35.73  585   0.01
  53964 111.22  35.62  431    1.2
  53965 111.57  35.52  761    2.7
  53966 111.83  35.98  818   0.01
  53967 111.20  35.33  469    4.2
  53970 112.20  35.70  887    2.3
  53972 112.92  35.12  121    0.2
  53973 112.95  35.77  836    0.5
  53976 112.87  35.50  751    2.1
  53978 112.63  35.08  140    2.9
  53979 113.08  35.15  121    0.4
  53981 113.27  35.78 1311    0.5
  53982 113.27  35.23  113    0.1
  53983 114.42  35.03   70    2.9
  53984 113.47  35.23   83   0.01
  53987 113.42  35.10   91    0.2
  53988 113.67  35.27   78    0.2
  53989 113.95  35.05   77    0.4
  53991 114.35  35.93   75    0.2
  53992 114.52  35.65   59    0.6
  53993 114.92  35.93   52    0.2
  53994 114.07  35.38   71    0.6
  53995 114.50  35.55   64    0.8
  53997 114.18  35.15   72    1.5
  53998 114.65  35.20   62    2.7
  54204 115.00  42.30 1347    1.0
  54205 116.00  42.23 1316    0.7
  54301 115.67  41.67 1414    0.7
  54305 115.27  41.88 1468    0.5
  54726 117.18  37.70   12   0.01
  54806 115.97  36.42   39   0.01
  54812 116.75  36.78   23   0.01
  54816 116.80  36.52   82   0.01
  54817 115.87  35.98   43    0.1
  54818 116.42  36.25   72   0.01
  54819 116.80  36.18  118   0.01
  54824 117.95  36.63   95    0.3
  54825 117.85  36.52  195    0.3
  54827 117.15  36.17  137   0.01
  54828 117.68  36.23  228    0.1
  54829 117.87  36.77   88    0.1
  54830 117.93  36.82   35   0.01
  54831 118.50  36.65  102    0.3
  54834 118.28  36.87   46   0.01
  54835 118.55  36.50  110    0.3
  54837 118.83  36.68   76   0.01
  54844 119.18  36.42   67   0.01
  54848 119.42  35.98   81   0.01
  54849 120.00  36.27   16   0.01
  54853 120.42  36.17   43   0.01
  54871 122.48  36.93    9   0.01
  54901 115.17  36.08   47    0.5
  54902 115.12  35.90   49    0.3
  54903 115.48  35.85   50    0.5
  54904 115.52  35.58   51    3.1
  54905 115.93  35.58   53    2.4
  54906 115.42  35.25   51    6.1
  54907 116.65  34.98   38    4.2
  54908 115.10  35.27   57    3.2
  54910 116.05  35.82   45    1.4
  54911 116.45  35.93   51    0.5
  54912 116.48  35.70   47    1.4
  54913 116.82  35.75   67    0.3
  54914 116.08  35.42   44    3.5
  54915 116.60  35.43   34    3.6
  54917 116.32  35.10   41    4.6
  54918 116.97  35.60   66    1.4
  54919 116.98  35.42  111    2.5
  54920 117.28  35.65  110    1.8
  54921 116.33  35.42   39    3.6
  54922 117.78  35.88  223   0.01
  54923 117.93  35.72  202    2.2
  54925 117.63  35.52  170    1.2
  54932 118.65  35.77  184    1.1
  54935 118.43  35.53  120    2.8
  54938 118.40  35.05   66    1.4
  54939 118.82  35.17  116    8.9
  54940 119.20  35.75  147    0.7
  54943 120.00  35.88   13    0.5
  56071 102.50  34.58 3107    1.1
  56081 103.35  34.70 2811    3.0
  56082 103.50  34.58 2544    2.7
  56091 104.47  34.85 1884    0.3
  56092 104.65  35.00 1729    1.8
  56094 104.37  33.78 1400    1.0
  56095 104.38  34.03 1754    2.2
  56147  98.83  31.22 3261    0.6
  56158 100.67  31.40 3250    0.4
  56164 100.98  32.27 3286    0.8
  56168 102.07  31.48 2170   0.01
  56171 101.70  32.90 3276    0.1
  56180 103.85  31.68 1591    0.1
  56181 103.70  30.68  543   0.01
  56183 103.58  31.47 1326    0.8
  56184 103.17  31.43 1884    2.6
  56185 102.98  32.08 2400    1.5
  56186 104.20  31.33  589    0.7
  56189 103.93  30.98  584    2.7
  56190 104.55  31.55  518   0.01
  56193 104.52  32.42  894    0.4
  56194 104.45  31.82  679    0.6
  56195 104.73  31.78  531   0.01
  56197 104.18  31.13  537    1.0
  56199 104.68  31.03  424    0.3
  56263 101.88  30.88 1948    2.2
  56272 103.88  30.82  560    1.6
  56273 102.82  30.38 1011    0.4
  56276 103.82  30.45  468    0.9
  56278 102.77  30.07  756    2.5
  56279 102.93  30.15  683    1.1
  56280 103.12  30.08  692    1.1
  56281 103.50  30.18  512    1.9
  56284 103.48  30.42  502    1.0
  56285 103.52  30.60  525    2.1
  56286 104.25  30.55  514    0.3
  56288 103.92  30.58  495    1.3
  56289 103.87  30.20  439    1.0
  56290 104.18  30.78  515    0.7
  56291 104.28  30.97  474    0.7
  56295 104.55  30.38  443    1.0
  56296 104.43  30.85  449    0.7
  56297 104.15  30.02  431    0.4
  56298 104.60  30.13  415    0.1
  56371 102.23  29.92 1322   0.01
  56373 102.85  29.78  763    0.9
  56376 102.68  29.35 1098    1.8
  56378 102.35  29.23  891    2.2
  56380 103.37  29.92  466    5.0
  56381 103.52  30.02  497    2.2
  56382 103.60  29.73  408    4.8
  56383 103.87  29.83  454    2.8
  56384 103.48  29.60  446    6.2
  56387 103.27  29.23  639    1.9
  56389 103.95  29.20  386    1.6
  56390 104.07  29.67  403    0.8
  56391 103.82  30.08  416    1.6
  56393 104.85  29.77  370    0.1
  56394 104.43  29.45  382    0.3
  56395 104.67  29.52  349    0.1
  56396 104.77  29.35  352    0.2
  56399 104.98  29.18  307    0.4
  56441  99.28  28.72 2424    0.3
  56443  99.80  28.93 2842    0.2
  56473 102.77  28.95 1061    1.0
  56474 102.17  28.55 1775   0.01
  56478 102.43  28.30 1819    0.1
  56480 103.53  28.82  564    2.1
  56483 103.95  28.60  412    2.7
  56487 103.13  28.33 1945    4.4
  56489 103.63  28.23  876    5.9
  56490 103.90  28.95  396    2.8
  56491 104.57  28.70  288    2.7
  56493 104.97  28.85  297    1.0
  56494 104.15  28.65  460    1.4
  56496 105.23  28.32  330   14.0
  56497 104.23  28.10  433   10.2
  56498 104.50  28.17  442   13.2
  56499 104.78  28.38  368    9.5
  56567 100.85  27.30 2242    4.8
  56569 102.18  27.42 1381    2.0
  56575 102.55  27.37 1429   19.5
  56578 102.75  27.07 1093   13.5
  56580 102.80  27.72 2461    5.8
  56582 103.90  27.75 1177   16.1
  56584 103.25  27.70 1093   14.5
  56585 103.53  27.18 1916   12.1
  56592 104.52  28.43  360    7.1
  56593 104.92  28.58  281    3.8
  56594 104.05  27.63  884   16.0
  56595 104.87  27.42 1644   12.3
  56596 105.05  27.85 1176   13.6
  56598 104.73  27.13 1538   11.4
  56641  98.87  26.90 1191   34.7
  56645  99.42  26.42 2345   16.9
  56646  99.92  26.53 2193    4.6
  56649  99.97  26.10 2059    8.9
  56652 100.75  26.68 2131    2.1
  56654 100.18  26.58 2196    2.5
  56665 101.85  26.68 1140    2.0
  56669 101.67  26.05 1531    0.7
  56670 102.12  26.90 1105    5.5
  56673 102.92  26.92  894    7.3
  56674 101.73  26.50 1107    3.4
  56675 102.58  26.65 1695   16.0
  56688 103.17  26.10 1253   14.0
  56697 104.08  26.22 1987   22.0
  56742  99.37  25.90 1663   15.5
  56745  99.95  25.68 1627   19.0
  56746  99.52  25.47 1618   14.2
  56752 100.57  25.83 1440    3.6
  56755 100.48  25.35 1670    8.1
  56756 100.58  25.48 1993    8.6
  56757 100.28  25.27 1744   13.1
  56761 101.32  25.72 1873    4.6
  56764 101.23  25.53 1875    6.9
  56766 101.52  25.33 1769    6.3
  56767 101.28  25.18 1858    8.9
  56772 102.50  25.23 1694   12.7
  56774 102.42  25.53 1712   15.7
  56775 102.45  25.55 1752   15.6
  56777 102.07  25.15 1566   10.0
  56781 103.27  25.55 1874   12.3
  56782 103.55  25.42 2064   21.7
  56783 103.80  25.50 1906   25.4
  56785 103.03  25.33 1925   13.8
  56788 103.67  25.03 1842   24.9
  56790 104.25  25.68 1920   27.9
  56835  97.82  24.07  958   12.2
  56836  97.95  24.70  828   14.7
  56839  98.82  23.77  994   24.7
  56840  98.30  24.82 1013   14.7
  56841  98.68  24.60 1527   20.2
  56842  99.18  24.73 1473    8.8
  56843  99.62  24.83 1650   14.0
  56844  98.58  24.43  915   12.4
  56846  99.93  24.58 1569   35.7
  56849  99.23  24.03 1607   26.9
  56851 100.52  25.03 1378    9.0
  56854 100.13  24.45 1108   16.8
  56862 101.60  24.68 1966    8.9
  56863 102.48  24.93 1850   11.2
  56867 101.12  23.98 1107   15.1
  56869 101.97  24.07 1498   16.8
  56870 102.17  24.67 1576    8.9
  56871 102.60  24.65 1894   11.3
  56872 102.62  24.95 2360   12.1
  56873 102.90  24.67 1752   10.6
  56876 102.77  24.28 1732   22.9
  56878 102.75  24.13 1802   23.1
  56879 102.92  24.20 1610   19.5
  56880 103.17  24.92 1532    4.5
  56881 103.27  24.75 1694   16.6
  56882 102.80  24.88 1909   16.6
  56883 103.98  24.83 1846   30.3
  56885 103.45  24.40 1416   21.5
  56889 104.17  24.05 1518    0.2
  56891 104.32  24.98 1482   33.0
  56898 102.40  24.18 1542   29.5
  56944  99.27  23.15 1280   13.2
  56948  99.60  22.63 1156    2.2
  56949  99.60  22.32  946    2.4
  56950  99.80  23.47 1044   10.7
  56952 100.70  23.50  914   11.4
  56961 101.05  23.03 1321    2.2
  56962 101.67  23.42 1315    5.8
  56970 102.48  23.70 1419    1.9
  56973 102.83  23.62 1310   0.01
  56975 102.43  23.37  975   0.01
  56989 103.95  22.50  138    0.1
  56992 104.70  23.45 1508    0.1
  56995 104.42  23.03 1335   0.01
  56996 104.70  23.13 1094    0.3
  57001 105.33  34.75 1273    1.1
  57002 105.65  34.85 1217    1.1
  57004 104.88  34.73 1496    1.3
  57006 105.75  34.58 1142    1.0
  57007 105.18  34.18 1406    1.5
  57008 105.30  34.03 1578    1.2
  57011 106.15  34.75 1379    0.3
  57012 106.20  34.98 1665    0.8
  57016 107.13  34.35  613    0.9
  57020 107.40  34.37  563    0.7
  57021 107.13  34.65  751    1.2
  57022 107.78  34.68 1026    1.3
  57024 107.65  34.45  671    1.9
  57026 107.88  34.37  586    2.1
  57027 107.73  34.27  518    1.7
  57029 108.48  34.50  544    2.3
  57031 108.55  34.82 1013    2.7
  57032 108.20  34.13  436    1.5
  57033 108.82  34.55  429    1.5
  57035 108.23  34.55  636    1.7
  57038 108.45  34.28  411    1.9
  57039 108.88  34.08  445    1.2
  57040 109.08  34.52  378    0.8
  57041 108.92  34.63  425    1.5
  57042 109.18  34.78  473    1.6
  57043 109.97  34.80  352   0.01
  57044 109.23  34.40  424    2.7
  57045 109.48  34.52  354    1.5
  57047 109.32  34.17  541    1.1
  57053 110.72  34.70  507   0.01
  57054 110.23  34.55  557    0.9
  57055 110.08  34.55  352    0.2
  57056 110.88  34.53  390    1.7
  57057 110.15  34.10  961    1.0
  57060 111.23  35.17  404    1.2
  57061 111.20  34.83  411    1.7
  57063 111.77  34.77  524    4.4
  57065 112.18  34.50  196    4.1
  57066 111.67  34.38  329    1.4
  57070 112.12  34.73  358    5.2
  57072 112.75  34.92  128    2.2
  57074 112.42  34.42  198    1.9
  57075 112.87  34.17  203    1.2
  57076 112.82  34.72  190    3.2
  57078 112.47  34.15  337    3.4
  57079 113.03  34.95  106    2.1
  57080 112.97  34.73  166    3.8
  57081 113.43  34.80  141    5.1
  57082 113.02  34.47  428    1.8
  57084 113.05  34.50 1180    6.5
  57085 113.37  34.55  289    3.2
  57086 113.72  34.38  116    4.7
  57087 113.80  34.20   88    2.0
  57088 113.50  34.15  117    2.2
  57090 113.97  34.72   79    2.0
  57093 114.82  34.85   74    3.6
  57094 114.22  34.40   71    2.5
  57095 114.15  34.12   61    5.4
  57096 114.78  34.53   60    5.1
  57098 114.40  34.08   59    1.3
  57099 114.85  34.07   53    7.6
  57102 105.72  33.75  971   0.01
  57105 105.60  33.33 1219    0.2
  57110 106.08  33.78  930   0.01
  57111 106.30  33.92  967   0.01
  57119 106.70  33.17  551   0.01
  57123 108.07  34.28  510    2.4
  57132 108.62  34.12  415    2.0
  57137 108.32  33.32  801    1.6
  57153 110.33  33.68  584    0.9
  57155 109.87  33.55  661    0.8
  57162 112.08  34.15  327    9.5
  57169 111.87  33.05  160    4.9
  57173 112.88  33.75  147    7.7
  57175 112.23  33.05  192    7.0
  57176 112.42  33.48  230    0.6
  57177 113.53  33.33   91   10.9
  57179 113.00  33.28  161    5.3
  57180 113.20  33.98  118    4.7
  57182 113.50  33.85   81    7.0
  57183 113.92  33.80   61    9.7
  57184 113.37  33.63   84    7.2
  57185 113.58  33.45   92   10.9
  57186 114.05  33.60   59    7.8
  57187 112.93  33.07  119    7.4
  57188 114.03  33.37   56   10.4
  57189 113.95  33.13   65   12.4
  57190 114.40  33.75   51    7.6
  57191 114.48  34.48   64    3.8
  57192 114.85  33.73   47    6.1
  57194 114.27  33.28   60    9.1
  57195 114.62  33.62   47   10.1
  57196 114.87  33.47   42    7.3
  57197 114.33  33.00   54    6.0
  57198 114.62  33.55   47    8.9
  57216 106.83  32.35  577   0.01
  57217 106.28  32.23  493   0.01
  57231 108.53  32.53  504    1.9
  57233 108.50  32.90  413    0.5
  57242 109.37  32.85  285    1.8
  57247 108.90  32.32  442    2.2
  57248 109.33  32.40  429    4.0
  57249 109.68  32.32  453    5.0
  57253 110.82  32.85  204   11.0
  57254 110.12  32.82  324    5.6
  57257 110.23  32.23  309    6.0
  57260 111.52  32.55  143    7.8
  57261 111.50  33.13  196    5.4
  57268 111.63  32.27   87   11.5
  57271 112.38  32.55   89    6.2
  57273 112.85  32.68  110    6.5
  57274 112.12  32.70  108    6.4
  57281 113.30  32.70  142    5.8
  57292 114.63  32.97   44    7.3
  57293 114.98  32.73   39    9.4
  57295 114.35  32.62   83   10.6
  57296 114.73  32.35   50   12.0
  57298 114.55  32.22   56    1.5
  57299 114.90  32.02   50    9.0
  57303 105.92  31.73  460    0.6
  57304 105.17  31.67  517   0.01
  57307 105.08  31.10  408   0.01
  57308 105.38  31.22  421    0.5
  57309 105.88  30.98  375    1.2
  57314 106.07  31.35  385    1.7
  57315 106.40  31.53  658    2.1
  57317 106.42  31.03  323    1.9
  57318 106.55  31.07  339    3.5
  57324 107.08  31.58  363    2.6
  57326 107.72  31.37  390    3.4
  57329 107.85  31.10  462    4.3
  57333 108.67  31.95  800    4.1
  57338 108.42  31.18  213    2.5
  57339 108.68  30.95  296    1.1
  57345 109.62  31.40  339    1.3
  57349 109.87  31.07  270    2.4
  57361 111.27  31.88  331    5.3
  57362 110.67  31.75  939    5.1
  57363 111.83  31.80  146    5.5
  57368 111.63  31.05  138    3.7
  57370 112.22  31.73   68    4.5
  57377 112.22  31.00  184    6.7
  57385 113.82  31.63   94    4.1
  57386 114.00  31.25   37    7.4
  57387 113.13  31.00   80   10.6
  57388 113.70  31.27   55    9.1
  57389 113.75  31.03   33    9.5
  57390 114.07  31.80  731   12.4
  57396 114.85  31.63  130   13.8
  57398 114.62  31.28   76    3.3
  57401 105.37  30.87  380    0.3
  57402 105.70  30.77  395    0.5
  57407 105.03  30.28  464    0.2
  57408 105.35  30.12  333    0.3
  57409 105.80  30.18  295    1.2
  57413 106.97  30.85  295    3.9
  57414 106.45  30.55  396    2.2
  57415 106.63  30.47  336    2.4
  57416 106.93  30.33 3915    1.6
  57417 106.28  30.35  315    2.3
  57420 107.20  30.75  397    4.1
  57425 107.33  30.33  430    1.5
  57431 108.35  30.83  256    1.4
  57437 108.03  30.30  326    2.0
  57438 108.12  29.98  630    1.0
  57453 111.32  30.77  116    2.8
  57460 111.78  30.82   91    5.0
  57462 111.08  30.87  104    2.9
  57464 111.18  30.47  144    8.8
  57465 111.45  30.38   76   10.5
  57466 111.77  30.43   50    9.2
  57469 111.77  30.18   68    8.6
  57475 112.90  30.40   33   11.9
  57477 112.22  30.07   39   13.2
  57481 113.58  30.95   31    8.0
  57485 113.45  30.37   33    9.6
  57486 113.85  30.65   25   16.5
  57489 114.00  30.58   39   15.8
  57491 114.40  30.87   31   16.9
  57492 114.80  30.83   33   16.4
  57495 114.88  30.67   19    6.2
  57496 114.87  30.37   30    7.4
  57498 114.90  30.43   22    8.6
  57499 114.97  30.10   40   18.0
  57505 105.58  29.42  324    0.7
  57506 105.90  29.37  376    0.9
  57507 105.30  29.33  374    0.4
  57508 105.37  29.15  302    0.4
  57509 106.93  28.95  325   12.3
  57510 106.05  29.85  275    1.9
  57511 106.45  29.85  242    2.0
  57513 106.62  29.73  457    1.7
  57514 106.22  29.58  325    2.2
  57518 106.53  29.38  243    3.0
  57519 107.08  29.15  559    9.2
  57522 107.42  29.75  273    1.4
  57525 107.75  29.32  273   11.8
  57537 108.17  29.30  321    8.0
  57540 109.15  29.68  776    7.6
  57541 109.48  30.00  533   10.3
  57543 110.03  29.88  540    8.8
  57544 109.45  29.47  486    6.4
  57558 110.47  29.13  184   10.9
  57564 111.13  29.43  103    6.8
  57565 111.75  29.65   39    5.4
  57566 111.65  29.45   50    8.3
  57571 112.40  29.70   37   10.5
  57577 112.17  29.40   37    9.2
  57582 113.88  29.73   51   15.0
  57585 113.45  29.48   60   13.1
  57586 114.03  29.53   79    8.1
  57589 113.80  29.25  103    9.4
  57590 114.37  29.85   64   13.9
  57596 114.20  29.63    0    6.7
  57600 105.07  28.72  256    4.2
  57603 105.83  28.82  283    3.4
  57605 105.82  28.03  539    8.1
  57609 105.70  28.58  316   12.3
  57623 107.60  28.88  684    6.2
  57634 107.88  28.52  658    5.7
  57635 108.98  28.45  363   10.1
  57636 108.50  28.57  335   10.6
  57637 108.12  28.25  524    3.9
  57640 109.45  28.58  344    9.8
  57643 109.83  29.00  268    9.9
  57646 109.95  28.62  301   10.9
  57657 110.20  28.22  182   16.5
  57658 110.20  28.02  144    8.0
  57661 111.48  28.92   51    9.2
  57663 111.95  28.92   31   11.6
  57666 112.13  28.52   49   11.2
  57674 112.47  28.57   44   14.5
  57678 112.55  28.25   71   10.8
  57680 113.07  28.80   47   10.4
  57688 113.63  28.15  100   14.3
  57694 114.38  28.53  256    8.4
  57698 114.45  28.12   99   17.4
  57699 114.92  28.23   68   15.2
  57708 105.60  27.15 1704   12.1
  57713 106.88  27.70  844    9.1
  57714 106.23  27.47  942   15.1
  57717 106.83  27.53  974   18.5
  57719 106.97  27.07 1280   18.5
  57720 107.17  27.88  888   12.6
  57723 107.72  27.98  710    6.1
  57728 107.47  27.07 1095   20.6
  57732 108.40  28.02  458   11.2
  57734 108.23  27.57  468   16.3
  57735 108.82  27.18  396   18.6
  57736 108.85  27.70  376   13.8
  57737 108.12  27.03  546   16.8
  57738 108.42  27.05  517    6.0
  57739 108.88  27.23  375    5.3
  57740 109.60  27.95  349   12.3
  57742 109.20  27.52  883    1.1
  57743 109.80  27.88  176    7.9
  57744 109.17  27.37  356    3.7
  57754 110.15  27.35  170   12.5
  57760 111.43  27.70  247    8.5
  57762 111.70  27.68  163   12.8
  57763 112.00  27.73  151   11.2
  57767 111.03  27.12  266    9.8
  57768 111.45  27.32  242   10.2
  57769 111.73  27.23  257    2.5
  57771 112.52  27.93   89   13.2
  57772 112.50  27.75   84   12.8
  57773 112.82  27.87   63   17.8
  57777 112.87  27.23   65   11.1
  57778 112.95  27.10   68    9.7
  57781 113.50  27.65   71   15.3
  57786 113.85  27.65  110   16.0
  57792 114.68  27.82   93   16.8
  57796 114.93  27.80   79   16.7
  57798 114.60  27.40   89   11.1
  57800 105.37  26.77 1458   12.5
  57807 105.47  26.20 1359   14.6
  57808 105.75  26.32 1272   14.7
  57809 105.75  26.07 1251    8.2
  57811 106.60  26.85 1242   15.7
  57813 106.47  26.57 1265    2.3
  57814 106.27  26.42 1285   15.5
  57818 106.45  26.03 1145   10.8
  57821 107.50  26.70  924   17.1
  57822 107.90  26.90  833   19.5
  57824 107.23  26.58 1005   13.9
  57828 107.58  26.50  983   16.4
  57829 107.80  26.20  964    8.5
  57834 108.30  26.68  642   16.7
  57835 108.43  26.72  521   13.5
  57837 108.07  26.40  838    0.2
  57842 109.72  26.88  281   12.0
  57844 109.18  26.68  344    7.6
  57846 110.15  26.58  307    7.7
  57851 110.85  26.45  307   10.4
  57859 110.63  26.03  409    5.2
  57860 111.28  27.00  282    9.6
  57865 111.58  26.47  166    7.9
  57867 111.28  26.40  169    7.3
  57868 111.87  26.60  113    7.9
  57870 112.10  26.80  151    6.4
  57871 112.37  26.98   91    8.1
  57875 112.50  26.88   71    9.6
  57876 112.83  26.43  118    8.1
  57881 113.25  26.72  105    6.6
  57882 113.55  26.78  135    4.6
  57883 114.28  26.75  257    3.7
  57886 113.78  26.50  226    3.3
  57887 113.12  26.13  124    4.9
  57891 114.25  26.93  144    5.5
  57895 114.78  26.47   96    3.0
  57899 114.92  26.80   66    3.3
  57900 105.22  25.83 1553   13.6
  57903 105.60  25.93 1138   11.9
  57905 105.63  25.40 1063   17.5
  57908 105.48  25.12 1393   15.0
  57909 105.82  24.98  584    9.0
  57913 106.98  26.45 1095   14.5
  57914 106.67  26.42 1143   10.8
  57915 106.77  26.63 1102   17.0
  57921 107.32  25.83  710    5.6
  57923 107.87  25.98  418    5.8
  57927 107.18  24.97  283    0.4
  57936 108.92  25.75  255    2.8
  57941 109.60  25.78  198    2.4
  57942 110.00  25.80  267    5.2
  57948 109.25  25.08  123    3.6
  57949 110.00  24.98  157    7.9
  57954 110.18  25.23  158    3.5
  57955 110.67  25.62  224    6.9
  57956 110.32  25.42  169    3.6
  57958 110.32  25.08  152    6.2
  57960 111.07  25.93  192    6.1
  57962 111.65  25.97  166    6.2
  57964 111.15  25.50  258    5.7
  57966 111.95  25.60  205    3.4
  57969 111.33  25.27  230    1.6
  57971 112.20  25.92  225    1.8
  57973 112.72  25.75  328    4.3
  57975 112.20  25.38  278    6.2
  57976 112.95  25.42  226    2.9
  57978 112.55  25.28  291    3.5
  57981 113.22  25.98  141    6.5
  57985 113.68  25.57  608    3.9
  57988 113.35  25.15  103    0.3
  57989 113.73  25.10   96    6.5
  57990 114.30  25.70  252    5.0
  57991 114.55  25.80  148    3.7
  57992 114.75  25.67  129    5.2
  57994 114.35  25.40  208    3.4
  57995 114.93  25.40  166    0.8
  58001 115.10  34.43   57    5.5
  58002 115.58  34.85   53    3.3
  58003 115.88  34.95   48    4.2
  58004 115.15  34.65   61    4.1
  58006 115.88  34.38   47    4.3
  58007 115.30  34.07   53    7.8
  58008 115.33  34.47   55    6.1
  58011 116.07  34.80   44    4.1
  58013 116.90  34.75   40    3.5
  58016 116.97  34.18   39    4.9
  58017 116.13  34.25   42    6.1
  58020 117.13  34.80   38    2.5
  58021 117.28  34.78   80    2.9
  58022 117.57  34.75   48    2.9
  58025 117.73  34.57   32    5.2
  58030 118.07  34.85   47    4.8
  58032 118.65  34.93   75    3.4
  58035 118.35  34.33   30    6.3
  58036 118.73  34.52   39    6.2
  58041 119.43  34.78   22    6.4
  58044 119.23  34.53    5    4.4
  58045 119.60  34.20    8    7.8
  58048 119.35  34.12    9    7.3
  58049 119.82  34.03    7    7.2
  58100 115.17  33.65   42    6.7
  58101 115.48  33.87   42    7.5
  58104 115.07  33.40   42   11.5
  58107 115.25  33.07   40    8.0
  58108 115.33  33.23   46    8.1
  58109 115.62  33.18   37   10.0
  58112 116.45  30.73  933   17.3
  58113 116.75  33.93   35    5.4
  58114 116.18  33.48   29   11.9
  58116 116.83  33.98   32    8.5
  58117 116.20  33.13   33   11.6
  58125 117.55  33.55   28    5.4
  58126 117.87  33.47   24   12.7
  58127 117.20  32.98   23   11.7
  58128 117.30  33.32   23    9.3
  58129 117.87  33.13   20   10.5
  58131 118.27  33.98   28    9.1
  58132 118.68  33.72   19    9.2
  58139 118.88  33.30   13    9.1
  58140 119.30  33.77   13    7.8
  58145 119.17  33.53    8   12.4
  58146 119.77  33.47    7    8.0
  58147 118.97  32.98   28   16.7
  58148 119.30  33.23   11   10.3
  58154 120.20  33.43    7   10.9
  58202 115.58  32.63   37    7.9
  58205 115.43  32.47   36   12.9
  58207 115.05  32.17   42   12.7
  58210 116.23  32.65   25    8.2
  58212 116.73  32.72   27   12.3
  58214 116.28  32.33   37    6.5
  58220 117.15  32.47   32   13.2
  58222 117.55  32.85   31   14.9
  58223 117.98  32.78   38   15.7
  58224 117.02  32.65   36   15.0
  58230 118.27  32.08   34   13.2
  58234 118.42  32.47   43   16.8
  58235 118.85  32.37   16   20.0
  58237 118.62  32.05   22   17.4
  58240 119.02  32.68   25   18.1
  58242 119.18  32.28   14   20.9
  58243 119.83  32.93    7   11.6
  58244 119.58  32.45   10   22.5
  58246 119.90  32.52   11   16.4
  58247 119.82  32.25    5   17.3
  58249 120.00  32.17    8   21.2
  58250 120.15  32.52   10   18.7
  58254 120.45  32.52    5   18.1
  58257 120.25  31.98   12   22.3
  58264 121.18  32.33   11   17.0
  58268 121.08  32.10    8   17.4
  58269 121.65  31.78   12   13.5
  58301 115.38  31.82   90   16.9
  58306 115.88  31.68   94   17.9
  58316 116.95  31.47   26   25.0
  58317 116.37  30.87  434    8.2
  58320 117.13  31.73   26   14.0
  58323 117.47  31.88   29   13.8
  58327 117.28  31.25   24    2.3
  58329 117.87  31.33   24   19.1
  58330 118.08  31.75   20   16.7
  58331 118.37  31.73   26   20.8
  58334 118.37  31.38   23   25.7
  58335 118.52  31.57   16   18.7
  58337 118.18  31.08   30   23.2
  58339 118.90  31.33   24   12.6
  58340 119.03  31.65   23   22.3
  58341 119.58  31.98   10   24.5
  58342 119.55  31.72    7   16.3
  58344 119.20  31.97   35   18.0
  58346 119.82  31.33   15   20.5
  58349 120.63  31.27    9   18.2
  58351 120.30  31.90   12   21.8
  58352 120.77  31.65    8   17.6
  58353 120.57  31.87    6   23.0
  58359 120.62  31.13    9   19.6
  58360 121.20  31.92    6   17.5
  58361 121.37  31.10   10   14.8
  58365 121.25  31.37    9   15.1
  58366 121.40  31.63    9   11.3
  58367 121.43  31.20   18   15.2
  58369 121.78  31.05    9   15.4
  58370 121.55  31.22   11   18.1
  58377 121.10  31.47    6   13.9
  58401 115.40  30.78  106    7.3
  58404 115.22  30.47   57   14.6
  58408 115.43  30.23   35   16.9
  58409 115.93  30.07   20   18.7
  58415 116.58  30.63   38   14.3
  58416 116.82  30.75   38   13.0
  58417 116.13  30.17   50   18.2
  58418 116.70  30.13   26    6.1
  58420 117.22  30.72   38   12.8
  58421 117.87  30.63   32   22.8
  58423 117.78  30.48  643   20.4
  58426 118.13  30.30  192   13.4
  58427 117.48  30.67   36   22.1
  58428 117.48  30.22  115   14.0
  58431 118.32  30.92   17   18.9
  58432 118.40  30.68   39    3.4
  58433 118.75  30.93   30   22.1
  58435 118.53  30.30  221   18.1
  58438 118.58  30.08  197   14.3
  58441 119.42  30.87   53   21.1
  58442 119.18  31.13   16   23.1
  58443 119.90  31.02   19   20.1
  58446 119.68  30.63   25   21.1
  58449 119.95  30.05   47   18.6
  58451 120.93  30.83    3   16.7
  58452 120.77  30.73    4   20.2
  58453 120.50  30.07   10   21.3
  58454 119.97  30.53    5   18.3
  58455 120.65  30.52    8   18.5
  58456 120.52  30.63    6   20.7
  58458 120.90  30.53    3   17.2
  58459 120.28  30.18   42   22.7
  58460 121.35  30.73    6   16.8
  58461 121.12  31.13    8   15.4
  58462 121.23  31.03    9   14.3
  58463 121.50  30.88    9   12.2
  58468 121.17  30.05   10   19.6
  58484 122.20  30.25    9   14.8
  58501 115.63  29.93   25   12.9
  58502 116.00  29.73   37   17.2
  58503 115.68  29.70   41   15.0
  58508 115.77  29.33   42   10.5
  58509 115.82  29.05   38   10.8
  58510 116.23  29.73   40   13.3
  58512 116.55  29.90   66   15.1
  58514 116.05  29.45   35   10.5
  58517 116.20  29.27   43   11.4
  58523 117.93  29.93  231   20.3
  58529 117.85  29.27   82   22.3
  58530 118.43  29.87  170   17.2
  58534 118.18  29.78  173   20.8
  58537 118.40  29.13  153   27.1
  58542 119.68  29.82   45   21.3
  58544 119.27  29.48   87   25.1
  58546 119.88  29.47  114   23.7
  58547 119.18  29.03   65   29.3
  58548 119.47  29.22   46   21.9
  58550 120.25  29.70   39   17.8
  58555 120.88  29.52  112   12.6
  58558 120.22  29.27   89   16.6
  58559 120.98  29.17   59    8.3
  58561 121.60  29.98    3   19.5
  58563 121.83  29.88    4   14.8
  58565 121.43  29.68    6   12.3
  58566 121.88  29.47   14    8.2
  58567 121.43  29.32   39   11.0
  58568 121.38  29.12   35    6.9
  58570 122.30  29.95   83   16.5
  58601 115.38  28.70   54   10.3
  58602 115.55  28.85   46    8.8
  58605 115.38  28.42   49   13.0
  58607 115.95  28.55   35   14.0
  58609 115.82  28.22   30   15.7
  58612 116.68  28.70   22   18.6
  58614 116.27  28.38   40   18.2
  58615 117.08  28.68   56   21.9
  58616 116.82  28.20   44   14.0
  58618 116.60  28.23   51   18.0
  58619 116.37  28.00   47   15.6
  58620 117.13  28.97   37   36.0
  58623 117.92  28.47   92   20.4
  58624 117.43  28.40   64   21.5
  58625 117.60  28.42   80   21.6
  58627 117.03  28.25   64   17.5
  58629 117.70  28.32   59   17.0
  58631 118.50  28.90  134   26.7
  58632 118.60  28.72  124   22.7
  58635 118.20  28.43   96   16.1
  58642 119.80  28.88  102   14.8
  58643 120.03  28.90   99   12.8
  58644 119.28  28.60  237   11.4
  58647 119.13  28.07  196    7.7
  58654 120.08  28.67  184    9.0
  58656 120.97  28.12    7    0.7
  58657 120.28  28.15   59    0.2
  58658 120.68  28.15   36    0.8
  58659 120.65  28.03   29   0.01
  58660 121.13  28.85    8    2.1
  58664 121.37  28.37   33    1.0
  58693 115.83  28.70   37   10.4
  58701 115.40  27.77   47   10.1
  58704 115.35  27.62   61   10.1
  58706 115.83  27.43  180    8.5
  58707 115.13  27.22   66    5.3
  58710 116.05  27.77   76   12.6
  58712 116.78  27.92  123   14.2
  58713 117.07  27.72  220   10.8
  58714 116.23  27.55  115   11.8
  58719 116.93  27.30  123    4.8
  58724 117.30  27.52  264    5.5
  58735 118.80  27.52  201    1.0
  58736 118.82  27.37  220    0.2
  58745 119.07  27.62  368    2.1
  58746 119.70  27.55  514    2.9
  58747 119.35  27.15  900    0.3
  58748 119.65  27.10   51    0.1
  58749 119.88  27.23  680    0.7
  58750 120.08  27.78  106    0.2
  58751 120.55  27.68    5    1.0
  58804 115.35  26.35  153    2.5
  58814 116.35  26.35  237    1.1
  58819 116.80  26.17  329    0.4
  58821 117.47  26.73  174    0.5
  58822 116.85  26.83  341    2.2
  58823 117.80  26.80  173    0.3
  58824 117.15  26.40  355    0.1
  58844 119.15  26.15   49    0.8
  58845 119.53  26.50   57    0.8
  58848 119.55  26.20   12    1.4
  58850 120.23  26.92   88    0.6
  58903 116.03  25.90  208    0.4
  58905 115.42  25.97  136    0.3
  58906 115.80  25.60  167    0.5
  58907 115.40  25.15  300    0.7
  58912 116.75  25.72  379   0.01
  58917 116.10  25.08  307   0.01
  58929 118.15  25.07   66   0.01
  58934 118.27  25.33  170   0.01
  58938 118.98  25.23   22    0.3
  58940 119.33  26.08   28    1.3
  58941 119.50  25.97   11   0.01
  58942 119.38  25.72   39    0.3
  58946 119.00  25.45   84    0.1
  59001 105.33  24.78  674   12.0
  59004 105.10  24.50  729    1.0
  59012 106.55  24.78  973    2.9
  59015 106.57  24.35  442    0.3
  59017 106.27  24.27  279    1.4
  59022 107.55  24.98  695    2.6
  59025 107.38  24.53  249    4.7
  59027 107.25  24.13  244    3.9
  59031 108.25  24.83  205    7.0
  59033 108.90  24.78  330    2.9
  59034 108.67  24.48  149    6.2
  59038 108.65  24.07  142    2.8
  59041 109.25  24.65  109    2.1
  59044 109.38  24.47   99    5.1
  59045 109.75  24.48   95    4.0
  59047 109.33  24.25  101    5.9
  59051 110.50  24.77  133    5.3
  59052 110.82  24.83  167    4.0
  59053 110.67  24.62  108    5.2
  59055 110.40  24.50  166    4.0
  59057 110.18  24.13  827    1.6
  59059 110.80  24.18  107   12.1
  59061 111.27  24.82  198    7.4
  59063 111.45  25.18  262    4.0
  59064 111.32  24.55  141    4.8
  59071 112.28  24.73  175    3.4
  59074 112.15  24.57  300    4.0
  59075 112.63  24.48   70    1.0
  59081 113.27  24.78   98    3.8
  59090 114.07  24.95  103    2.1
  59091 114.53  24.75  257    1.6
  59093 115.03  24.78  254   0.01
  59094 114.12  24.37  135    0.6
  59099 114.93  24.45  175    0.2
  59127 117.83  24.43   14    2.9
  59129 117.60  24.13   53   12.9
  59130 118.15  24.73   28    0.2
  59137 118.57  24.82   55    0.1
  59205 105.63  23.65  688    0.9
  59213 106.92  23.73  113    3.5
  59215 106.62  23.33  640    3.9
  59224 107.12  23.60  116    3.7
  59227 107.15  23.08  438    4.0
  59229 107.70  23.18  101    4.3
  59230 108.17  23.72  173   10.4
  59235 108.62  23.43  116   15.3
  59237 108.28  23.17  115   11.0
  59238 108.80  23.22  123   10.3
  59241 109.68  23.97   91    6.4
  59246 109.67  23.60   70    5.5
  59249 109.62  23.12   56    4.1
  59255 110.38  23.55   37    6.5
  59256 110.92  23.37   56    2.6
  59264 111.50  23.40   79    0.4
  59266 111.23  23.42   46    0.8
  59268 111.53  23.25   31    0.2
  59269 111.77  23.15   27   0.01
  59270 112.18  23.92   78    2.3
  59276 112.65  23.35   40    0.5
  59279 112.87  23.18   18   0.01
  59284 113.22  23.38    6    0.4
  59285 113.60  23.57   39    0.3
  59313 116.98  23.68   42    1.5
  59318 116.58  23.27   10    0.1
  59319 116.77  23.47    9    0.3
  59320 117.13  23.77   27    0.3
  59322 117.37  23.98   20    3.1
  59419 106.75  22.10  243    5.1
  59421 107.20  22.83  257    4.7
  59425 107.35  22.40  107    5.4
  59426 107.90  22.63   92    3.4
  59427 107.07  22.12  162    2.8
  59429 107.97  22.15  183    0.6
  59432 108.40  22.80  203    5.4
  59435 108.48  22.77   75    4.4
  59441 109.25  22.70   78    7.4
  59448 109.55  22.27   70    1.4
  59449 109.98  22.30   80    0.5
  59451 110.35  22.70   99    3.0
  59452 110.53  22.85  100    1.2
  59454 111.00  22.92  104    0.3
  59457 110.27  22.32  120    1.6
  59473 112.97  22.77   20   0.01
  59476 113.03  22.53   35   0.01
  59477 112.30  22.18   25   0.01
  59487 113.30  22.23   12    0.1
  59635 108.35  21.62   26    2.0
  59640 109.18  21.67    6    0.3
  59650 110.25  21.38   25   0.01
  59654 110.30  21.63   28   0.01
  59656 110.77  21.43   29   0.01
  59750 110.10  20.92   25   0.01
  59848 109.43  19.23  219   0.01
