diamond  3 2014年02月09日08点24小时降雨量                    
  14  02  09  08    -2 3 10 25 50 1 0
 39 122.7  37.3 122.5  36.7 120.8  36.2 119.3  35.0 120.4  34.3
 121.1  32.7 122.3  30.9 122.5  30.1 121.5  28.0 119.8  25.0
 116.1  22.6 111.0  21.0 111.0  18.6 109.6  18.1 108.3  18.5
 108.9  19.9 109.3  21.0 106.4  21.6 104.1  22.2 101.6  20.8
  98.7  22.0  97.1  24.1  97.7  27.0  91.7  26.6  85.7  27.7
  78.9  30.6  73.3  37.1  74.1  40.7  87.6  49.8  98.5  43.9
 110.4  44.3 122.0  54.7 135.7  48.3 131.5  42.2 125.2  39.4
 121.3  38.5 121.2  40.3 118.5  38.6 120.8  38.1
1                    901
  45045 114.30  22.18   55    4.0
  50832 122.08  46.72  334   0.01
  50858 125.93  46.07  136   0.01
  50859 126.27  46.25  160    0.4
  50867 127.35  46.08  134   0.01
  50924 119.67  45.53  824   0.01
  50934 121.58  45.38  309    0.2
  50937 121.47  45.05  250    0.5
  50956 126.57  45.93  117   0.01
  50960 127.45  45.78  192   0.01
  50962 128.03  45.95  113    0.3
  50965 128.30  45.45  157    0.2
  50971 131.02  45.77  226   0.01
  51145  83.65  46.55  523   0.01
  51328  80.42  44.20  774   0.01
  51329  80.85  44.05  641   0.01
  51352  85.25  44.85  338   0.01
  51369  87.65  43.97  601   0.01
  51434  81.53  43.97  771   0.01
  51436  83.25  43.45  929   0.01
  51627  79.23  41.22 1397   0.01
  51629  80.23  41.27 1134    0.3
  51636  82.62  41.53 1014    1.6
  51707  76.73  39.50 1209   0.01
  51708  75.95  39.15 1324   0.01
  51717  76.78  39.25 1207   0.01
  51802  76.17  38.93 1299   0.01
  51814  77.40  37.92 1360   0.01
  51815  77.27  38.20 1275   0.01
  52643  99.62  38.83 2311    0.6
  52656 100.82  38.43 2282    0.6
  52745  99.02  37.30 3417    0.6
  52784 102.90  37.47 2073    2.3
  52842  99.08  36.78 3088    0.5
  52853 100.98  36.90 3011   0.01
  52862 101.68  36.95 2451    0.3
  52863 101.95  36.82 2480    0.9
  52869 101.58  36.50 2665    1.7
  52874 102.40  36.48 1981    1.4
  52877 102.25  36.10 2835    1.5
  52881 103.18  36.98 2485    1.0
  52885 103.25  36.75 2119    1.4
  52896 104.15  36.55 1739    2.2
  52957 100.60  35.25 3149   0.01
  52963 102.02  35.93 2086   0.01
  52968 101.47  35.03 3663   0.01
  52978 102.52  35.20 2930    0.5
  52980 103.30  35.97 1649    0.4
  52981 103.38  35.67 2429    4.6
  52982 103.55  35.48 1954    3.2
  52985 103.33  35.42 2164    2.1
  52988 103.72  35.37 2000    2.7
  52993 104.07  35.68 1740    2.7
  52995 104.62  35.58 1898    2.4
  52998 104.20  35.13 2111    3.3
  53343 109.97  41.77 1612   0.01
  53575 112.20  39.10 1526   0.01
  53577 112.30  39.00 1441    0.2
  53685 113.42  38.07  953   0.01
  53699 114.95  38.18   46    0.1
  53707 105.25  36.93 1699    1.6
  53767 111.17  37.33 1212    1.1
  53780 113.15  37.90 1066    0.3
  53829 107.90  35.98 1094    0.3
  53852 110.63  36.77  917   0.01
  53871 112.85  36.83  965   0.01
  53873 112.87  36.12  951    0.1
  53874 111.90  36.25  650   0.01
  53878 113.38  36.52  769    0.4
  53879 112.88  36.32  953   0.01
  53880 113.23  36.33  948    0.3
  53881 106.48  37.28 1382   0.01
  53886 113.67  36.57  471    0.5
  53888 113.43  36.20 1088    0.2
  53889 113.82  36.07  308    0.2
  53890 114.15  36.68  234    0.1
  53906 105.72  35.52 1659    1.6
  53908 105.23  35.22 1769    3.6
  53914 106.12  35.62 2079    2.2
  53916 106.32  35.50 1949    6.1
  53917 106.07  35.22 1633    2.0
  53924 107.62  35.07  967    1.8
  53925 107.18  35.68 1174    1.3
  53926 107.35  35.35 1630    2.0
  53927 106.62  35.20 1478    3.7
  53928 107.02  35.30 1150    3.0
  53930 107.98  36.45 1270    0.2
  53935 108.35  35.48 1443    0.7
  53937 107.92  35.52  980    0.2
  53938 108.30  35.17 1277    2.3
  53941 109.58  35.18  807    0.4
  53944 109.25  35.57  857    0.6
  53945 109.07  35.43 1394    2.0
  53946 109.82  35.60 1091    2.2
  53947 109.07  35.08  979    0.8
  53949 109.92  35.18  680    0.1
  53950 110.15  35.23  710    0.4
  53954 110.97  35.62  433    0.7
  53956 110.83  35.40  589    1.0
  53957 110.72  35.62  459    0.2
  53958 110.78  35.13  389    1.0
  53961 111.48  35.65  473    0.2
  53962 111.70  35.73  585    0.7
  53964 111.22  35.62  431    0.2
  53965 111.57  35.52  761    1.3
  53966 111.83  35.98  818    0.1
  53967 111.20  35.33  469    1.8
  53970 112.20  35.70  887    1.9
  53972 112.92  35.12  121    2.3
  53973 112.95  35.77  836    1.8
  53976 112.87  35.50  751    2.7
  53978 112.63  35.08  140    3.8
  53979 113.08  35.15  121    4.0
  53982 113.27  35.23  113    2.5
  53983 114.42  35.03   70   0.01
  53984 113.47  35.23   83    0.7
  53985 113.82  35.45   97    0.1
  53988 113.67  35.27   78    0.2
  53989 113.95  35.05   77   0.01
  53997 114.18  35.15   72   0.01
  53998 114.65  35.20   62    0.1
  54072 126.52  44.85  203    0.1
  54076 126.93  44.42  254    0.7
  54098 129.47  44.33  272   0.01
  54113 118.65  43.53  623    0.2
  54187 128.92  43.12  369    0.2
  54204 115.00  42.30 1347    0.3
  54214 118.42  42.58  961    0.1
  54225 119.92  42.28  589   0.01
  54267 125.73  42.25  363    0.4
  54279 126.58  42.05  545    0.3
  54290 129.40  42.77  245    0.4
  54305 115.27  41.88 1468    0.2
  54313 118.70  41.93  734    0.2
  54316 118.75  41.52  680    0.1
  54319 118.67  41.00  509   0.01
  54320 119.30  41.60  546    0.1
  54327 119.35  41.23  421    0.1
  54371 126.43  41.93  521    1.1
  54428 117.40  40.03   19   0.01
  54430 118.15  40.77  268    0.2
  54432 118.48  40.60  305   0.01
  54434 118.30  40.17  103    0.1
  54438 118.88  39.88   61   0.01
  54439 118.72  40.02   51   0.01
  54494 124.07  40.47   74   0.01
  54522 117.73  39.88   19    0.5
  54526 117.33  39.08   10    0.1
  54529 117.82  39.35   12    1.5
  54530 117.77  39.23    6    1.3
  54531 118.72  39.73   43    0.2
  54535 118.47  39.28    3    0.1
  54590 124.17  39.88    5   0.01
  54603 115.77  38.72   10    0.1
  54604 115.33  38.42   31   0.01
  54608 115.55  38.00   27    0.3
  54610 116.10  38.73    9    0.1
  54613 116.62  38.70    8    0.1
  54614 116.08  38.45   13    0.1
  54615 116.83  38.58    8    0.4
  54616 116.85  38.35    9    0.3
  54617 116.12  38.18   13   0.01
  54619 116.92  38.92    8   0.01
  54622 117.37  38.98    3    0.3
  54627 117.23  38.03    8    0.3
  54628 117.48  38.15    7   0.01
  54633 115.23  37.52   27   0.01
  54644 117.12  38.05   11    0.2
  54645 117.47  38.85    3    1.4
  54700 115.93  38.03   16    0.2
  54701 115.20  37.93   41   0.01
  54702 115.70  37.73   22   0.01
  54703 115.88  37.80   25    0.2
  54704 115.57  37.55   23   0.01
  54706 115.67  37.08   32    0.3
  54707 115.98  37.35   28   0.01
  54708 115.73  37.50   24   0.01
  54709 116.07  37.22   30   0.01
  54710 116.17  37.87   19    0.3
  54711 116.28  37.70   19    0.1
  54712 116.82  37.20   23   0.01
  54713 116.53  37.88   15    0.1
  54714 116.33  37.45   24   0.01
  54716 116.80  37.67   17    0.1
  54717 116.40  37.63   18   0.01
  54719 116.68  38.03   12    0.5
  54722 117.63  37.75    7    0.4
  54723 117.57  37.65   11   0.01
  54724 117.13  37.32   21   0.01
  54726 117.18  37.70   12   0.01
  54731 118.22  37.48   16   0.01
  54732 118.52  37.87   13    1.2
  54738 118.40  37.05   20   0.01
  54749 119.95  37.18   48    0.1
  54752 120.77  37.80   64   0.01
  54759 120.83  37.30  172   0.01
  54765 121.43  37.48   57   0.01
  54800 115.25  36.98   35   0.01
  54810 116.27  36.87   28   0.01
  54811 116.62  36.93   22   0.01
  54819 116.80  36.18  118   0.01
  54821 117.20  37.00   21   0.01
  54822 117.73  36.87   46   0.01
  54824 117.95  36.63   95   0.01
  54825 117.85  36.52  195   0.01
  54827 117.15  36.17  137   0.01
  54829 117.87  36.77   88   0.01
  54831 118.50  36.65  102    0.2
  54832 118.73  36.88   29    0.2
  54834 118.28  36.87   46   0.01
  54835 118.55  36.50  110    0.2
  54837 118.83  36.68   76    1.8
  54861 121.53  36.93   47   0.01
  54917 116.32  35.10   41   0.01
  54922 117.78  35.88  223   0.01
  54932 118.65  35.77  184   0.01
  54938 118.40  35.05   66   0.01
  56016  95.62  33.85 4181   0.01
  56082 103.50  34.58 2544    0.6
  56091 104.47  34.85 1884    2.2
  56092 104.65  35.00 1729    2.8
  56095 104.38  34.03 1754    0.8
  56097 104.23  33.27 1407   0.01
  56164 100.98  32.27 3286    0.3
  56180 103.85  31.68 1591    0.2
  56181 103.70  30.68  543    1.3
  56184 103.17  31.43 1884   0.01
  56185 102.98  32.08 2400   0.01
  56186 104.20  31.33  589    0.6
  56189 103.93  30.98  584   0.01
  56190 104.55  31.55  518    0.3
  56192 104.67  32.95 1016   0.01
  56193 104.52  32.42  894    0.2
  56194 104.45  31.82  679    0.5
  56195 104.73  31.78  531   0.01
  56197 104.18  31.13  537    0.4
  56198 104.50  31.32  523    0.3
  56199 104.68  31.03  424    1.1
  56272 103.88  30.82  560    0.6
  56273 102.82  30.38 1011    0.1
  56276 103.82  30.45  468    1.0
  56278 102.77  30.07  756    2.8
  56279 102.93  30.15  683    0.8
  56280 103.12  30.08  692    1.5
  56281 103.50  30.18  512    2.0
  56284 103.48  30.42  502    2.0
  56285 103.52  30.60  525    1.0
  56286 104.25  30.55  514    1.5
  56288 103.92  30.58  495    0.6
  56289 103.87  30.20  439    2.1
  56290 104.18  30.78  515    0.6
  56291 104.28  30.97  474    0.2
  56295 104.55  30.38  443    1.6
  56296 104.43  30.85  449    0.1
  56297 104.15  30.02  431    1.8
  56298 104.60  30.13  415    1.5
  56373 102.85  29.78  763    0.2
  56380 103.37  29.92  466    1.0
  56381 103.52  30.02  497    0.5
  56382 103.60  29.73  408    0.3
  56383 103.87  29.83  454    2.8
  56384 103.48  29.60  446   0.01
  56387 103.27  29.23  639   0.01
  56389 103.95  29.20  386   0.01
  56390 104.07  29.67  403    1.9
  56391 103.82  30.08  416    2.3
  56393 104.85  29.77  370    3.6
  56394 104.43  29.45  382   0.01
  56395 104.67  29.52  349    0.6
  56396 104.77  29.35  352    2.4
  56399 104.98  29.18  307    3.8
  56480 103.53  28.82  564   0.01
  56489 103.63  28.23  876   0.01
  56490 103.90  28.95  396   0.01
  56491 104.57  28.70  288    0.5
  56493 104.97  28.85  297    0.9
  56494 104.15  28.65  460    0.1
  56496 105.23  28.32  330    2.1
  56497 104.23  28.10  433    0.6
  56498 104.50  28.17  442    0.8
  56499 104.78  28.38  368    1.4
  56580 102.80  27.72 2461   0.01
  56582 103.90  27.75 1177   0.01
  56592 104.52  28.43  360    0.8
  56593 104.92  28.58  281    1.2
  56595 104.87  27.42 1644    0.4
  56596 105.05  27.85 1176    1.9
  56641  98.87  26.90 1191    4.8
  56891 104.32  24.98 1482    0.4
  57001 105.33  34.75 1273    4.0
  57002 105.65  34.85 1217    4.8
  57004 104.88  34.73 1496    4.9
  57006 105.75  34.58 1142    1.1
  57007 105.18  34.18 1406    1.5
  57008 105.30  34.03 1578    1.9
  57011 106.15  34.75 1379    0.9
  57012 106.20  34.98 1665    2.6
  57016 107.13  34.35  613    5.9
  57020 107.40  34.37  563    4.8
  57021 107.13  34.65  751    4.7
  57022 107.78  34.68 1026    2.9
  57023 108.10  35.03  841    2.7
  57024 107.65  34.45  671    4.5
  57026 107.88  34.37  586    3.8
  57027 107.73  34.27  518   10.0
  57029 108.48  34.50  544    1.0
  57031 108.55  34.82 1013    1.0
  57032 108.20  34.13  436    3.9
  57033 108.82  34.55  429    0.4
  57035 108.23  34.55  636    2.3
  57038 108.45  34.28  411    2.0
  57039 108.88  34.08  445    0.8
  57040 109.08  34.52  378    0.2
  57041 108.92  34.63  425    0.1
  57042 109.18  34.78  473   0.01
  57043 109.97  34.80  352    1.0
  57044 109.23  34.40  424    0.6
  57045 109.48  34.52  354    1.7
  57047 109.32  34.17  541    1.7
  57053 110.72  34.70  507    0.5
  57054 110.23  34.55  557    0.8
  57055 110.08  34.55  352    0.6
  57056 110.88  34.53  390    2.8
  57057 110.15  34.10  961    1.5
  57060 111.23  35.17  404    1.5
  57063 111.77  34.77  524    2.3
  57065 112.18  34.50  196    1.4
  57066 111.67  34.38  329    1.2
  57070 112.12  34.73  358    1.9
  57072 112.75  34.92  128    0.7
  57074 112.42  34.42  198    1.3
  57075 112.87  34.17  203    2.1
  57076 112.82  34.72  190    0.2
  57078 112.47  34.15  337    2.2
  57079 113.03  34.95  106    1.6
  57080 112.97  34.73  166    0.5
  57081 113.43  34.80  141    0.1
  57082 113.02  34.47  428    0.7
  57084 113.05  34.50 1180    0.9
  57085 113.37  34.55  289    0.5
  57086 113.72  34.38  116   0.01
  57088 113.50  34.15  117   0.01
  57090 113.97  34.72   79   0.01
  57093 114.82  34.85   74   0.01
  57102 105.72  33.75  971    0.9
  57105 105.60  33.33 1219    1.0
  57110 106.08  33.78  930    0.4
  57111 106.30  33.92  967    0.1
  57113 106.53  33.90  990    0.2
  57119 106.70  33.17  551    2.3
  57123 108.07  34.28  510    4.6
  57126 107.55  33.22  470    0.1
  57128 107.33  33.17  487    0.4
  57129 107.72  32.98  447    0.1
  57132 108.62  34.12  415    1.9
  57137 108.32  33.32  801    1.8
  57153 110.33  33.68  584    1.2
  57155 109.87  33.55  661    2.2
  57162 112.08  34.15  327    3.3
  57169 111.87  33.05  160    2.2
  57173 112.88  33.75  147    1.4
  57175 112.23  33.05  192    0.5
  57176 112.42  33.48  230    1.3
  57177 113.53  33.33   91    0.3
  57179 113.00  33.28  161    0.5
  57180 113.20  33.98  118    0.9
  57183 113.92  33.80   61   0.01
  57184 113.37  33.63   84    0.2
  57185 113.58  33.45   92   0.01
  57187 112.93  33.07  119    0.7
  57204 105.23  32.58  801    0.4
  57208 105.47  32.02  538   0.01
  57213 106.93  33.00  537    3.0
  57216 106.83  32.35  577    0.5
  57217 106.28  32.23  493    1.5
  57231 108.53  32.53  504    0.4
  57233 108.50  32.90  413    0.8
  57242 109.37  32.85  285    0.1
  57247 108.90  32.32  442    0.7
  57248 109.33  32.40  429    0.2
  57249 109.68  32.32  453    3.0
  57253 110.82  32.85  204    4.2
  57254 110.12  32.82  324    3.5
  57257 110.23  32.23  309    3.2
  57260 111.52  32.55  143    2.7
  57261 111.50  33.13  196    7.0
  57268 111.63  32.27   87    5.4
  57271 112.38  32.55   89    0.5
  57273 112.85  32.68  110    0.6
  57274 112.12  32.70  108    1.1
  57292 114.63  32.97   44   0.01
  57294 114.02  32.83   84    0.8
  57295 114.35  32.62   83   0.01
  57296 114.73  32.35   50    0.1
  57298 114.55  32.22   56   0.01
  57299 114.90  32.02   50   0.01
  57303 105.92  31.73  460    1.5
  57304 105.17  31.67  517    0.1
  57307 105.08  31.10  408    0.4
  57308 105.38  31.22  421    0.6
  57309 105.88  30.98  375    2.0
  57314 106.07  31.35  385    1.9
  57315 106.40  31.53  658    1.6
  57317 106.42  31.03  323    1.1
  57318 106.55  31.07  339    2.0
  57320 107.22  31.93  483    0.2
  57324 107.08  31.58  363    0.8
  57326 107.72  31.37  390   0.01
  57329 107.85  31.10  462    0.1
  57333 108.67  31.95  800    0.9
  57339 108.68  30.95  296   0.01
  57345 109.62  31.40  339    0.9
  57349 109.87  31.07  270    1.1
  57361 111.27  31.88  331    1.4
  57362 110.67  31.75  939    2.2
  57363 111.83  31.80  146    2.2
  57368 111.63  31.05  138    0.6
  57370 112.22  31.73   68    1.9
  57377 112.22  31.00  184    2.2
  57385 113.82  31.63   94    0.3
  57386 114.00  31.25   37   0.01
  57387 113.13  31.00   80    1.0
  57388 113.70  31.27   55    0.5
  57389 113.75  31.03   33    0.4
  57390 114.07  31.80  731    2.1
  57396 114.85  31.63  130    0.2
  57398 114.62  31.28   76   0.01
  57401 105.37  30.87  380    1.6
  57402 105.70  30.77  395    1.3
  57407 105.03  30.28  464    2.4
  57408 105.35  30.12  333    4.8
  57409 105.80  30.18  295    6.4
  57413 106.97  30.85  295    0.5
  57414 106.45  30.55  396    2.5
  57415 106.63  30.47  336    2.5
  57416 106.93  30.33 3915    3.9
  57417 106.28  30.35  315    3.1
  57420 107.20  30.75  397    3.4
  57425 107.33  30.33  430    0.8
  57431 108.35  30.83  256   0.01
  57437 108.03  30.30  326   0.01
  57453 111.32  30.77  116    1.3
  57460 111.78  30.82   91    0.8
  57462 111.08  30.87  104    0.7
  57464 111.18  30.47  144    3.3
  57465 111.45  30.38   76    1.8
  57466 111.77  30.43   50    2.6
  57469 111.77  30.18   68    5.4
  57475 112.90  30.40   33    3.3
  57477 112.22  30.07   39   12.2
  57481 113.58  30.95   31    1.1
  57485 113.45  30.37   33    3.7
  57486 113.85  30.65   25    2.4
  57489 114.00  30.58   39    1.8
  57491 114.40  30.87   31   0.01
  57492 114.80  30.83   33    0.2
  57495 114.88  30.67   19    1.4
  57496 114.87  30.37   30    6.2
  57498 114.90  30.43   22    6.5
  57499 114.97  30.10   40   13.4
  57505 105.58  29.42  324    3.6
  57506 105.90  29.37  376    6.0
  57507 105.30  29.33  374    3.1
  57508 105.37  29.15  302    5.1
  57509 106.93  28.95  325    0.2
  57510 106.05  29.85  275    6.1
  57511 106.45  29.85  242    2.0
  57513 106.62  29.73  457    2.0
  57514 106.22  29.58  325    1.1
  57518 106.53  29.38  243    0.1
  57519 107.08  29.15  559    0.1
  57522 107.42  29.75  273    0.1
  57525 107.75  29.32  273    0.1
  57537 108.17  29.30  321    0.2
  57540 109.15  29.68  776    1.6
  57541 109.48  30.00  533    1.5
  57543 110.03  29.88  540    1.9
  57544 109.45  29.47  486    0.9
  57558 110.47  29.13  184    4.2
  57564 111.13  29.43  103    4.6
  57565 111.75  29.65   39    5.6
  57566 111.65  29.45   50    6.2
  57571 112.40  29.70   37    5.9
  57575 112.57  29.52   32   11.8
  57577 112.17  29.40   37    9.2
  57582 113.88  29.73   51   11.8
  57585 113.45  29.48   60   15.3
  57586 114.03  29.53   79   11.0
  57589 113.80  29.25  103   13.7
  57590 114.37  29.85   64   13.7
  57596 114.20  29.63    0    4.5
  57600 105.07  28.72  256    3.7
  57603 105.83  28.82  283    5.9
  57605 105.82  28.03  539    1.1
  57609 105.70  28.58  316    6.1
  57634 107.88  28.52  658    0.2
  57635 108.98  28.45  363    4.0
  57636 108.50  28.57  335    0.9
  57637 108.12  28.25  524    0.8
  57640 109.45  28.58  344    3.6
  57643 109.83  29.00  268    2.9
  57646 109.95  28.62  301    0.6
  57657 110.20  28.22  182    8.0
  57658 110.20  28.02  144    6.9
  57661 111.48  28.92   51   11.0
  57663 111.95  28.92   31   14.0
  57666 112.13  28.52   49   28.2
  57674 112.47  28.57   44   21.0
  57678 112.55  28.25   71   14.6
  57680 113.07  28.80   47   19.6
  57688 113.63  28.15  100   20.8
  57694 114.38  28.53  256   10.2
  57698 114.45  28.12   99   18.1
  57699 114.92  28.23   68   16.8
  57708 105.60  27.15 1704    0.6
  57713 106.88  27.70  844    1.0
  57714 106.23  27.47  942    2.3
  57717 106.83  27.53  974    2.2
  57719 106.97  27.07 1280    0.4
  57720 107.17  27.88  888    0.3
  57723 107.72  27.98  710    1.2
  57728 107.47  27.07 1095    1.3
  57732 108.40  28.02  458   0.01
  57734 108.23  27.57  468    0.7
  57735 108.82  27.18  396    1.2
  57736 108.85  27.70  376    3.5
  57737 108.12  27.03  546    0.2
  57738 108.42  27.05  517    0.4
  57739 108.88  27.23  375    1.7
  57740 109.60  27.95  349    6.4
  57742 109.20  27.52  883    0.7
  57743 109.80  27.88  176    0.5
  57744 109.17  27.37  356    0.7
  57754 110.15  27.35  170    6.4
  57760 111.43  27.70  247   14.4
  57762 111.70  27.68  163   11.0
  57763 112.00  27.73  151   14.1
  57767 111.03  27.12  266    6.3
  57768 111.45  27.32  242    7.2
  57769 111.73  27.23  257   11.4
  57772 112.50  27.75   84   18.5
  57773 112.82  27.87   63   20.6
  57777 112.87  27.23   65   12.3
  57778 112.95  27.10   68   13.6
  57781 113.50  27.65   71   16.8
  57786 113.85  27.65  110   20.4
  57792 114.68  27.82   93   20.1
  57796 114.93  27.80   79   41.7
  57798 114.60  27.40   89   23.0
  57800 105.37  26.77 1458    1.1
  57807 105.47  26.20 1359    0.3
  57808 105.75  26.32 1272    0.4
  57809 105.75  26.07 1251    0.4
  57811 106.60  26.85 1242    1.0
  57813 106.47  26.57 1265    1.3
  57814 106.27  26.42 1285    1.3
  57818 106.45  26.03 1145    1.6
  57821 107.50  26.70  924    0.6
  57822 107.90  26.90  833    0.8
  57824 107.23  26.58 1005    0.4
  57828 107.58  26.50  983    2.1
  57829 107.80  26.20  964    2.3
  57834 108.30  26.68  642    0.1
  57835 108.43  26.72  521    0.5
  57837 108.07  26.40  838    0.6
  57842 109.72  26.88  281    5.9
  57844 109.18  26.68  344    3.0
  57846 110.15  26.58  307   12.8
  57851 110.85  26.45  307    8.9
  57859 110.63  26.03  409    2.0
  57860 111.28  27.00  282   14.4
  57865 111.58  26.47  166    2.6
  57867 111.28  26.40  169    6.8
  57868 111.87  26.60  113    6.5
  57870 112.10  26.80  151    6.3
  57871 112.37  26.98   91    9.4
  57875 112.50  26.88   71   16.9
  57876 112.83  26.43  118   14.2
  57881 113.25  26.72  105   18.9
  57882 113.55  26.78  135   16.5
  57883 114.28  26.75  257   12.8
  57886 113.78  26.50  226   19.0
  57887 113.12  26.13  124   17.3
  57891 114.25  26.93  144   19.7
  57895 114.78  26.47   96   17.6
  57899 114.92  26.80   66   13.6
  57900 105.22  25.83 1553    1.0
  57903 105.60  25.93 1138   0.01
  57905 105.63  25.40 1063    0.9
  57908 105.48  25.12 1393   0.01
  57911 106.65  26.67 1325    0.3
  57913 106.98  26.45 1095    0.1
  57914 106.67  26.42 1143    1.3
  57915 106.77  26.63 1102    1.2
  57921 107.32  25.83  710    0.6
  57923 107.87  25.98  418    2.0
  57927 107.18  24.97  283    0.5
  57936 108.92  25.75  255    0.7
  57941 109.60  25.78  198    0.1
  57942 110.00  25.80  267    0.1
  57948 109.25  25.08  123    0.3
  57949 110.00  24.98  157    1.3
  57954 110.18  25.23  158    0.3
  57955 110.67  25.62  224    1.3
  57956 110.32  25.42  169    2.0
  57958 110.32  25.08  152    0.6
  57960 111.07  25.93  192    3.5
  57962 111.65  25.97  166    8.7
  57964 111.15  25.50  258   10.9
  57966 111.95  25.60  205   13.9
  57969 111.33  25.27  230    9.6
  57971 112.20  25.92  225    9.2
  57973 112.72  25.75  328   26.4
  57975 112.20  25.38  278   19.5
  57976 112.95  25.42  226   28.1
  57978 112.55  25.28  291   30.7
  57981 113.22  25.98  141   16.3
  57985 113.68  25.57  608   29.3
  57988 113.35  25.15  103   22.6
  57989 113.73  25.10   96   29.4
  57990 114.30  25.70  252   34.7
  57991 114.55  25.80  148   33.0
  57992 114.75  25.67  129   42.3
  57994 114.35  25.40  208   27.9
  57995 114.93  25.40  166   33.7
  58020 117.13  34.80   38   0.01
  58021 117.28  34.78   80   0.01
  58022 117.57  34.75   48    0.1
  58025 117.73  34.57   32   0.01
  58045 119.60  34.20    8   0.01
  58104 115.07  33.40   42   0.01
  58107 115.25  33.07   40   0.01
  58109 115.62  33.18   37   0.01
  58112 116.45  30.73  933    0.2
  58116 116.83  33.98   32   0.01
  58117 116.20  33.13   33   0.01
  58129 117.87  33.13   20   0.01
  58154 120.20  33.43    7   0.01
  58202 115.58  32.63   37   0.01
  58207 115.05  32.17   42   0.01
  58210 116.23  32.65   25   0.01
  58214 116.28  32.33   37   0.01
  58234 118.42  32.47   43   0.01
  58245 119.42  32.42   14   0.01
  58264 121.18  32.33   11   0.01
  58301 115.38  31.82   90    0.2
  58306 115.88  31.68   94    0.1
  58316 116.95  31.47   26   0.01
  58317 116.37  30.87  434    0.2
  58327 117.28  31.25   24    0.2
  58329 117.87  31.33   24   0.01
  58335 118.52  31.57   16   0.01
  58337 118.18  31.08   30   0.01
  58339 118.90  31.33   24    0.2
  58346 119.82  31.33   15   0.01
  58359 120.62  31.13    9   0.01
  58404 115.22  30.47   57    5.8
  58408 115.43  30.23   35    4.3
  58409 115.93  30.07   20    0.1
  58415 116.58  30.63   38   0.01
  58416 116.82  30.75   38    0.1
  58417 116.13  30.17   50   0.01
  58418 116.70  30.13   26    0.3
  58420 117.22  30.72   38   0.01
  58421 117.87  30.63   32    0.7
  58423 117.78  30.48  643    1.7
  58426 118.13  30.30  192    1.4
  58427 117.48  30.67   36    0.7
  58428 117.48  30.22  115    0.5
  58431 118.32  30.92   17    0.2
  58432 118.40  30.68   39    0.8
  58433 118.75  30.93   30    0.1
  58435 118.53  30.30  221    0.1
  58438 118.58  30.08  197    0.7
  58441 119.42  30.87   53    0.1
  58446 119.68  30.63   25    0.2
  58449 119.95  30.05   47   0.01
  58451 120.93  30.83    3   0.01
  58452 120.77  30.73    4   0.01
  58454 119.97  30.53    5   0.01
  58455 120.65  30.52    8   0.01
  58458 120.90  30.53    3   0.01
  58459 120.28  30.18   42    0.4
  58501 115.63  29.93   25    2.2
  58502 116.00  29.73   37    2.9
  58503 115.68  29.70   41    2.6
  58509 115.82  29.05   38   13.8
  58510 116.23  29.73   40    1.9
  58512 116.55  29.90   66    0.7
  58514 116.05  29.45   35    2.5
  58517 116.20  29.27   43    3.4
  58523 117.93  29.93  231    0.8
  58529 117.85  29.27   82    4.1
  58530 118.43  29.87  170    0.9
  58534 118.18  29.78  173    0.6
  58537 118.40  29.13  153    3.8
  58542 119.68  29.82   45    0.8
  58544 119.27  29.48   87    0.7
  58546 119.88  29.47  114   0.01
  58547 119.18  29.03   65    4.1
  58548 119.47  29.22   46    0.3
  58555 120.88  29.52  112    0.3
  58558 120.22  29.27   89    0.1
  58559 120.98  29.17   59    0.4
  58563 121.83  29.88    4   0.01
  58565 121.43  29.68    6    0.5
  58568 121.38  29.12   35    0.5
  58601 115.38  28.70   54   10.7
  58602 115.55  28.85   46    2.5
  58605 115.38  28.42   49   16.3
  58607 115.95  28.55   35   16.4
  58609 115.82  28.22   30   18.4
  58612 116.68  28.70   22   13.8
  58614 116.27  28.38   40   19.7
  58615 117.08  28.68   56   15.2
  58616 116.82  28.20   44   19.0
  58618 116.60  28.23   51   20.8
  58619 116.37  28.00   47   21.2
  58620 117.13  28.97   37   20.9
  58623 117.92  28.47   92   13.1
  58624 117.43  28.40   64   16.5
  58625 117.60  28.42   80   12.7
  58627 117.03  28.25   64   17.8
  58629 117.70  28.32   59   14.3
  58631 118.50  28.90  134    5.3
  58632 118.60  28.72  124    7.1
  58635 118.20  28.43   96   10.8
  58642 119.80  28.88  102    3.0
  58643 120.03  28.90   99    1.6
  58644 119.28  28.60  237    8.3
  58647 119.13  28.07  196   12.6
  58654 120.08  28.67  184    5.5
  58656 120.97  28.12    7    8.4
  58657 120.28  28.15   59   12.7
  58658 120.68  28.15   36    9.4
  58659 120.65  28.03   29    9.4
  58660 121.13  28.85    8    0.4
  58664 121.37  28.37   33    5.8
  58693 115.83  28.70   37   11.7
  58701 115.40  27.77   47   14.5
  58704 115.35  27.62   61   21.6
  58706 115.83  27.43  180   16.0
  58707 115.13  27.22   66   17.3
  58710 116.05  27.77   76   19.2
  58712 116.78  27.92  123   16.4
  58713 117.07  27.72  220   15.3
  58714 116.23  27.55  115   24.5
  58719 116.93  27.30  123   21.9
  58724 117.30  27.52  264   17.2
  58735 118.80  27.52  201   21.9
  58736 118.82  27.37  220   19.5
  58745 119.07  27.62  368   13.3
  58746 119.70  27.55  514   16.9
  58747 119.35  27.15  900   26.6
  58748 119.65  27.10   51   22.7
  58749 119.88  27.23  680   17.9
  58750 120.08  27.78  106   12.7
  58751 120.55  27.68    5   10.1
  58804 115.35  26.35  153   19.4
  58814 116.35  26.35  237   27.5
  58819 116.80  26.17  329   29.3
  58821 117.47  26.73  174   24.3
  58822 116.85  26.83  341   23.2
  58823 117.80  26.80  173   24.1
  58824 117.15  26.40  355   25.3
  58826 117.80  26.40  120   27.2
  58828 117.62  26.27  206   25.2
  58836 118.73  26.58  359   24.3
  58839 118.85  26.23   42   23.8
  58844 119.15  26.15   49   23.2
  58845 119.53  26.50   57   17.2
  58848 119.55  26.20   12   27.4
  58850 120.23  26.92   88   14.2
  58903 116.03  25.90  208   48.9
  58905 115.42  25.97  136   36.6
  58906 115.80  25.60  167   37.7
  58907 115.40  25.15  300   30.8
  58912 116.75  25.72  379   28.6
  58917 116.10  25.08  307   21.7
  58923 117.83  25.70  397   23.3
  58928 117.53  25.02  160   22.0
  58929 118.15  25.07   66   17.4
  58932 118.93  25.87   85   23.8
  58934 118.27  25.33  170   22.4
  58935 118.23  25.48  516   24.4
  58938 118.98  25.23   22   19.1
  58940 119.33  26.08   28   24.3
  58941 119.50  25.97   11   21.9
  58942 119.38  25.72   39   16.4
  58946 119.00  25.45   84   24.6
  59004 105.10  24.50  729    0.8
  59012 106.55  24.78  973    0.3
  59022 107.55  24.98  695    2.3
  59025 107.38  24.53  249    0.6
  59031 108.25  24.83  205    2.8
  59033 108.90  24.78  330    0.3
  59034 108.67  24.48  149    0.8
  59038 108.65  24.07  142    0.1
  59041 109.25  24.65  109    0.2
  59044 109.38  24.47   99    1.6
  59045 109.75  24.48   95   0.01
  59047 109.33  24.25  101    1.9
  59051 110.50  24.77  133    3.7
  59052 110.82  24.83  167    4.1
  59053 110.67  24.62  108    2.6
  59055 110.40  24.50  166    4.0
  59057 110.18  24.13  827    2.4
  59059 110.80  24.18  107   10.2
  59061 111.27  24.82  198   11.5
  59063 111.45  25.18  262   19.0
  59064 111.32  24.55  141   15.4
  59071 112.28  24.73  175   18.9
  59074 112.15  24.57  300   22.4
  59075 112.63  24.48   70   23.3
  59081 113.27  24.78   98   26.6
  59090 114.07  24.95  103   24.0
  59091 114.53  24.75  257   22.7
  59093 115.03  24.78  254   24.5
  59094 114.12  24.37  135   30.0
  59099 114.93  24.45  175   28.5
  59106 115.90  24.58  152   27.9
  59109 115.73  24.15  126    8.9
  59114 116.17  24.65  131   22.3
  59122 117.75  24.62   42   22.8
  59124 117.37  24.52   31   24.0
  59125 117.30  24.38  105   20.4
  59127 117.83  24.43   14   17.4
  59129 117.60  24.13   53    8.8
  59130 118.15  24.73   28   15.1
  59131 118.37  24.97   44   16.6
  59137 118.57  24.82   55   15.1
  59205 105.63  23.65  688   0.01
  59213 106.92  23.73  113    0.1
  59215 106.62  23.33  640    0.1
  59227 107.15  23.08  438    0.2
  59229 107.70  23.18  101    0.7
  59230 108.17  23.72  173    1.2
  59235 108.62  23.43  116    2.2
  59237 108.28  23.17  115    0.8
  59238 108.80  23.22  123    2.1
  59241 109.68  23.97   91    1.0
  59246 109.67  23.60   70    4.2
  59249 109.62  23.12   56    8.5
  59255 110.38  23.55   37    8.2
  59256 110.92  23.37   56   12.2
  59264 111.50  23.40   79    9.5
  59266 111.23  23.42   46    8.2
  59268 111.53  23.25   31    8.2
  59269 111.77  23.15   27    8.5
  59270 112.18  23.92   78   24.0
  59276 112.65  23.35   40   11.1
  59279 112.87  23.18   18    6.1
  59284 113.22  23.38    6   12.7
  59285 113.60  23.57   39   17.9
  59288 113.13  23.05    3    6.0
  59290 114.23  23.73   71   11.9
  59297 114.28  23.18   16    3.2
  59310 116.18  23.77   39   11.1
  59312 116.63  23.67   11    4.9
  59313 116.98  23.68   42    4.0
  59314 116.13  23.30   27    2.8
  59315 116.38  23.58   25    6.1
  59318 116.58  23.27   10    0.8
  59319 116.77  23.47    9    0.1
  59320 117.13  23.77   27    2.2
  59322 117.37  23.98   20    7.9
  59419 106.75  22.10  243    0.8
  59421 107.20  22.83  257    0.2
  59425 107.35  22.40  107    0.4
  59426 107.90  22.63   92    1.1
  59432 108.40  22.80  203    1.9
  59435 108.48  22.77   75    1.4
  59441 109.25  22.70   78    9.7
  59448 109.55  22.27   70    2.2
  59449 109.98  22.30   80    9.9
  59451 110.35  22.70   99   10.7
  59452 110.53  22.85  100   14.6
  59454 111.00  22.92  104    6.6
  59457 110.27  22.32  120    5.9
  59469 111.78  22.17   33    4.3
  59470 112.22  22.72   33    2.6
  59471 112.05  22.93  102    8.3
  59473 112.97  22.77   20    5.2
  59475 112.65  22.40   24    2.5
  59476 113.03  22.53   35    1.9
  59477 112.30  22.18   25    7.4
  59480 113.25  22.85   21    6.6
  59481 113.32  22.93   16    6.8
  59487 113.30  22.23   12    2.3
  59492 114.70  22.92   43    2.1
  59500 115.32  22.97   10    2.8
  59502 115.65  22.95   11    0.5
  59635 108.35  21.62   26    3.2
  59640 109.18  21.67    6    1.1
  59650 110.25  21.38   25    0.7
  59653 110.85  21.93   35    2.8
  59654 110.30  21.63   28    0.1
  59655 110.62  21.65   35    1.4
  59656 110.77  21.43   29    2.5
  59659 110.92  21.75   32    0.6
  59750 110.10  20.92   25    3.8
