diamond  3 2014年02月03日08点24小时降雨量                    
  14  02  03  08    -2 3 10 25 50 1 0
 39 122.7  37.3 122.5  36.7 120.8  36.2 119.3  35.0 120.4  34.3
 121.1  32.7 122.3  30.9 122.5  30.1 121.5  28.0 119.8  25.0
 116.1  22.6 111.0  21.0 111.0  18.6 109.6  18.1 108.3  18.5
 108.9  19.9 109.3  21.0 106.4  21.6 104.1  22.2 101.6  20.8
  98.7  22.0  97.1  24.1  97.7  27.0  91.7  26.6  85.7  27.7
  78.9  30.6  73.3  37.1  74.1  40.7  87.6  49.8  98.5  43.9
 110.4  44.3 122.0  54.7 135.7  48.3 131.5  42.2 125.2  39.4
 121.3  38.5 121.2  40.3 118.5  38.6 120.8  38.1
1                    196
  50445 123.73  50.58  424    0.1
  50566 128.47  49.55  117    1.8
  50645 124.48  48.48  196    0.2
  50646 124.85  48.48  204    1.1
  50647 123.48  48.13  237   0.01
  50655 126.18  48.50  267    1.3
  50673 130.40  48.88   92    3.3
  50674 129.43  48.57  404    1.9
  50741 123.50  47.93  186   0.01
  50749 124.83  47.18  159    0.1
  50750 125.30  47.90  228    0.4
  50755 126.10  47.60  232    1.0
  50772 129.23  48.10  299    2.3
  50775 130.27  47.33  229    1.7
  50776 130.83  47.57   84    1.8
  50778 132.53  47.67   59    0.8
  50779 134.28  48.37   41    2.7
  50787 131.85  47.28   63    1.2
  50850 125.13  46.57  148   0.01
  50851 126.08  46.68  209    0.1
  50852 126.45  46.83  170    0.1
  50858 125.93  46.07  136   0.01
  50867 127.35  46.08  134    0.2
  50871 129.88  46.73   96    0.5
  50878 130.72  47.00   80    1.1
  50879 130.55  46.22  187    0.5
  50880 131.12  46.73  104    0.9
  50884 131.15  46.63  176    0.4
  50892 134.00  46.80   57    3.8
  50960 127.45  45.78  192    0.1
  50962 128.03  45.95  113    0.9
  50964 128.80  45.83  123    1.0
  50971 131.02  45.77  226    0.5
  50985 131.87  45.55  155    0.9
  51328  80.42  44.20  774    0.3
  51329  80.85  44.05  641   0.01
  51356  86.05  44.32  444    0.3
  51357  85.62  44.33  523    0.1
  51434  81.53  43.97  771   0.01
  51435  82.23  43.47  776   0.01
  51436  83.25  43.45  929   0.01
  51438  81.77  43.18 1210   0.01
  53378 112.62  41.28 1737   0.01
  53481 113.22  40.80 1317   0.01
  53483 113.83  40.87 1269    0.2
  53484 113.15  40.45 1192   0.01
  53685 113.42  38.07  953   0.01
  53794 114.75  37.35   34   0.01
  53797 114.52  37.28   74   0.01
  53974 114.18  35.62   73   0.01
  53983 114.42  35.03   70   0.01
  53992 114.52  35.65   59   0.01
  53997 114.18  35.15   72   0.01
  53998 114.65  35.20   62   0.01
  54187 128.92  43.12  369    0.5
  54274 126.07  42.68  300   0.01
  54279 126.58  42.05  545    0.5
  54290 129.40  42.77  245    1.5
  54291 130.28  42.90   37   0.01
  54362 125.73  41.67  388    0.1
  54371 126.43  41.93  521    1.0
  54632 115.03  37.07   34   0.01
  54702 115.70  37.73   22   0.01
  54822 117.73  36.87   46    0.1
  54829 117.87  36.77   88   0.01
  54848 119.42  35.98   81   0.01
  54904 115.52  35.58   51   0.01
  54905 115.93  35.58   53    0.5
  54906 115.42  35.25   51   0.01
  54907 116.65  34.98   38   0.01
  54908 115.10  35.27   57   0.01
  54913 116.82  35.75   67    0.2
  54914 116.08  35.42   44    0.9
  54915 116.60  35.43   34    0.7
  54917 116.32  35.10   41    1.8
  54918 116.97  35.60   66    0.5
  54919 116.98  35.42  111   0.01
  54920 117.28  35.65  110   0.01
  54921 116.33  35.42   39    1.1
  54927 117.20  35.10   79    0.1
  54939 118.82  35.17  116    0.1
  56595 104.87  27.42 1644   0.01
  56596 105.05  27.85 1176   0.01
  56994 104.25  23.38 1277    0.1
  57099 114.85  34.07   53   0.01
  57293 114.98  32.73   39    0.1
  57299 114.90  32.02   50    0.2
  57361 111.27  31.88  331   0.01
  57396 114.85  31.63  130    0.7
  57477 112.22  30.07   39   0.01
  57544 109.45  29.47  486   0.01
  58001 115.10  34.43   57   0.01
  58002 115.58  34.85   53    0.3
  58003 115.88  34.95   48    0.9
  58004 115.15  34.65   61   0.01
  58006 115.88  34.38   47    0.7
  58007 115.30  34.07   53    0.1
  58008 115.33  34.47   55    0.2
  58011 116.07  34.80   44    0.5
  58012 116.58  34.68   40    0.1
  58013 116.90  34.75   40    0.2
  58016 116.97  34.18   39    0.4
  58017 116.13  34.25   42    0.5
  58020 117.13  34.80   38    0.2
  58021 117.28  34.78   80   0.01
  58022 117.57  34.75   48   0.01
  58025 117.73  34.57   32    0.2
  58030 118.07  34.85   47   0.01
  58032 118.65  34.93   75   0.01
  58035 118.35  34.33   30    0.4
  58036 118.73  34.52   39    0.1
  58041 119.43  34.78   22    0.6
  58045 119.60  34.20    8    0.2
  58048 119.35  34.12    9    0.2
  58049 119.82  34.03    7    0.3
  58100 115.17  33.65   42   0.01
  58101 115.48  33.87   42    0.2
  58109 115.62  33.18   37    0.3
  58113 116.75  33.93   35    0.1
  58114 116.18  33.48   29    0.5
  58116 116.83  33.98   32    0.2
  58117 116.20  33.13   33    0.7
  58125 117.55  33.55   28    0.1
  58126 117.87  33.47   24    0.1
  58127 117.20  32.98   23    0.3
  58128 117.30  33.32   23    0.2
  58129 117.87  33.13   20    0.1
  58131 118.27  33.98   28    0.3
  58132 118.68  33.72   19    0.1
  58140 119.30  33.77   13    0.3
  58145 119.17  33.53    8    0.1
  58146 119.77  33.47    7    0.1
  58147 118.97  32.98   28    0.2
  58148 119.30  33.23   11    0.1
  58205 115.43  32.47   36    0.2
  58210 116.23  32.65   25    0.3
  58212 116.73  32.72   27    0.2
  58214 116.28  32.33   37    0.3
  58220 117.15  32.47   32    0.3
  58222 117.55  32.85   31    0.5
  58223 117.98  32.78   38    0.1
  58224 117.02  32.65   36    0.7
  58230 118.27  32.08   34    0.2
  58234 118.42  32.47   43   0.01
  58235 118.85  32.37   16    0.3
  58237 118.62  32.05   22    0.2
  58240 119.02  32.68   25    0.5
  58242 119.18  32.28   14    0.4
  58244 119.58  32.45   10   0.01
  58245 119.42  32.42   14    0.4
  58249 120.00  32.17    8   0.01
  58264 121.18  32.33   11    0.1
  58301 115.38  31.82   90    0.9
  58306 115.88  31.68   94    0.4
  58316 116.95  31.47   26    0.1
  58320 117.13  31.73   26    0.2
  58323 117.47  31.88   29    0.4
  58329 117.87  31.33   24   0.01
  58330 118.08  31.75   20    0.2
  58331 118.37  31.73   26    0.1
  58334 118.37  31.38   23    0.1
  58335 118.52  31.57   16    0.2
  58337 118.18  31.08   30    0.4
  58339 118.90  31.33   24    0.3
  58340 119.03  31.65   23    0.1
  58344 119.20  31.97   35    0.1
  58346 119.82  31.33   15    0.3
  58349 120.63  31.27    9   0.01
  58351 120.30  31.90   12   0.01
  58360 121.20  31.92    6   0.01
  58369 121.78  31.05    9   0.01
  58370 121.55  31.22   11    0.1
  58377 121.10  31.47    6   0.01
  58421 117.87  30.63   32    0.5
  58427 117.48  30.67   36   0.01
  58431 118.32  30.92   17    0.2
  58432 118.40  30.68   39    0.2
  58433 118.75  30.93   30    0.3
  58441 119.42  30.87   53    0.2
  58443 119.90  31.02   19    0.1
  58451 120.93  30.83    3    0.1
  58452 120.77  30.73    4   0.01
  58454 119.97  30.53    5   0.01
  58455 120.65  30.52    8    0.2
  58456 120.52  30.63    6   0.01
  58458 120.90  30.53    3    0.3
  58459 120.28  30.18   42   0.01
  58460 121.35  30.73    6    0.1
  58461 121.12  31.13    8   0.01
  58463 121.50  30.88    9   0.01
  58468 121.17  30.05   10   0.01
  58484 122.20  30.25    9    0.2
  58563 121.83  29.88    4   0.01
  58565 121.43  29.68    6   0.01
  58570 122.30  29.95   83   0.01
  59842 109.68  19.90   31   0.01
