diamond  3 2014年03月03日08点24小时降雨量                    
  14  03  03  08    -2 3 10 25 50 1 0
 39 122.7  37.3 122.5  36.7 120.8  36.2 119.3  35.0 120.4  34.3
 121.1  32.7 122.3  30.9 122.5  30.1 121.5  28.0 119.8  25.0
 116.1  22.6 111.0  21.0 111.0  18.6 109.6  18.1 108.3  18.5
 108.9  19.9 109.3  21.0 106.4  21.6 104.1  22.2 101.6  20.8
  98.7  22.0  97.1  24.1  97.7  27.0  91.7  26.6  85.7  27.7
  78.9  30.6  73.3  37.1  74.1  40.7  87.6  49.8  98.5  43.9
 110.4  44.3 122.0  54.7 135.7  48.3 131.5  42.2 125.2  39.4
 121.3  38.5 121.2  40.3 118.5  38.6 120.8  38.1
1                    513
  45045 114.30  22.18   55    5.0
  50524 119.43  49.32  578    0.1
  50525 119.75  49.15  621   0.01
  52968 101.47  35.03 3663   0.01
  52978 102.52  35.20 2930    0.7
  52988 103.72  35.37 2000   0.01
  54024 119.30  44.45  710   0.01
  56016  95.62  33.85 4181   0.01
  56045  99.90  33.97 4051    1.9
  56071 102.50  34.58 3107   0.01
  56084 103.23  34.07 2376    0.3
  56094 104.37  33.78 1400    0.1
  56095 104.38  34.03 1754    0.1
  56097 104.23  33.27 1407    0.1
  56164 100.98  32.27 3286    0.1
  56168 102.07  31.48 2170   0.01
  56171 101.70  32.90 3276    2.0
  56180 103.85  31.68 1591   0.01
  56184 103.17  31.43 1884    0.2
  56185 102.98  32.08 2400    0.5
  56186 104.20  31.33  589   0.01
  56190 104.55  31.55  518    0.3
  56192 104.67  32.95 1016    2.8
  56193 104.52  32.42  894    0.8
  56194 104.45  31.82  679    0.6
  56195 104.73  31.78  531    1.0
  56199 104.68  31.03  424    0.7
  56272 103.88  30.82  560   0.01
  56276 103.82  30.45  468   0.01
  56278 102.77  30.07  756    0.6
  56279 102.93  30.15  683    0.4
  56280 103.12  30.08  692    0.3
  56284 103.48  30.42  502   0.01
  56286 104.25  30.55  514    0.1
  56289 103.87  30.20  439    0.1
  56290 104.18  30.78  515    0.1
  56291 104.28  30.97  474    0.1
  56295 104.55  30.38  443    0.8
  56296 104.43  30.85  449    0.5
  56298 104.60  30.13  415    0.6
  56373 102.85  29.78  763   0.01
  56380 103.37  29.92  466    0.4
  56381 103.52  30.02  497   0.01
  56382 103.60  29.73  408   0.01
  56383 103.87  29.83  454    0.1
  56389 103.95  29.20  386   0.01
  56391 103.82  30.08  416   0.01
  56393 104.85  29.77  370    0.9
  56394 104.43  29.45  382   0.01
  56395 104.67  29.52  349    0.2
  56396 104.77  29.35  352    0.4
  56399 104.98  29.18  307    0.7
  56480 103.53  28.82  564   0.01
  56483 103.95  28.60  412    0.1
  56490 103.90  28.95  396   0.01
  56491 104.57  28.70  288    0.6
  56493 104.97  28.85  297    0.4
  56496 105.23  28.32  330    0.2
  56497 104.23  28.10  433    0.9
  56498 104.50  28.17  442    2.2
  56499 104.78  28.38  368    1.3
  56582 103.90  27.75 1177    0.1
  56592 104.52  28.43  360    0.2
  56593 104.92  28.58  281    0.5
  56595 104.87  27.42 1644    0.9
  56596 105.05  27.85 1176    0.3
  56641  98.87  26.90 1191    7.4
  56645  99.42  26.42 2345   0.01
  56649  99.97  26.10 2059    0.1
  56742  99.37  25.90 1663   0.01
  56756 100.58  25.48 1993   0.01
  56843  99.62  24.83 1650   0.01
  57007 105.18  34.18 1406    0.3
  57008 105.30  34.03 1578   0.01
  57057 110.15  34.10  961   0.01
  57102 105.72  33.75  971    0.2
  57105 105.60  33.33 1219    1.2
  57110 106.08  33.78  930    0.4
  57111 106.30  33.92  967    0.2
  57113 106.53  33.90  990    0.1
  57119 106.70  33.17  551    3.4
  57126 107.55  33.22  470    1.1
  57128 107.33  33.17  487    2.3
  57129 107.72  32.98  447    1.4
  57137 108.32  33.32  801    0.5
  57155 109.87  33.55  661   0.01
  57204 105.23  32.58  801    0.6
  57208 105.47  32.02  538    2.5
  57213 106.93  33.00  537    4.3
  57216 106.83  32.35  577    4.9
  57217 106.28  32.23  493    5.8
  57231 108.53  32.53  504    2.4
  57233 108.50  32.90  413    1.9
  57242 109.37  32.85  285    1.3
  57247 108.90  32.32  442    1.9
  57248 109.33  32.40  429    0.6
  57249 109.68  32.32  453    0.7
  57253 110.82  32.85  204   0.01
  57254 110.12  32.82  324    0.6
  57257 110.23  32.23  309    0.1
  57260 111.52  32.55  143    0.1
  57303 105.92  31.73  460    6.1
  57304 105.17  31.67  517    1.5
  57307 105.08  31.10  408    0.9
  57308 105.38  31.22  421    2.3
  57309 105.88  30.98  375    4.2
  57314 106.07  31.35  385    9.0
  57315 106.40  31.53  658    9.8
  57317 106.42  31.03  323    4.1
  57318 106.55  31.07  339    4.1
  57320 107.22  31.93  483    6.9
  57324 107.08  31.58  363    5.0
  57326 107.72  31.37  390    2.9
  57329 107.85  31.10  462    0.9
  57333 108.67  31.95  800    4.5
  57338 108.42  31.18  213    1.4
  57361 111.27  31.88  331    0.4
  57362 110.67  31.75  939   0.01
  57401 105.37  30.87  380    1.1
  57402 105.70  30.77  395    1.4
  57407 105.03  30.28  464    1.3
  57408 105.35  30.12  333    1.1
  57409 105.80  30.18  295    1.8
  57413 106.97  30.85  295    1.1
  57414 106.45  30.55  396    2.9
  57415 106.63  30.47  336    1.9
  57416 106.93  30.33 3915    1.6
  57417 106.28  30.35  315    3.1
  57420 107.20  30.75  397    1.1
  57425 107.33  30.33  430    0.5
  57431 108.35  30.83  256    0.3
  57485 113.45  30.37   33    0.1
  57489 114.00  30.58   39    0.2
  57491 114.40  30.87   31   0.01
  57492 114.80  30.83   33   0.01
  57495 114.88  30.67   19    0.2
  57496 114.87  30.37   30    0.6
  57498 114.90  30.43   22    0.3
  57499 114.97  30.10   40    1.2
  57505 105.58  29.42  324    1.0
  57506 105.90  29.37  376    2.7
  57507 105.30  29.33  374    0.7
  57508 105.37  29.15  302    0.9
  57510 106.05  29.85  275    3.3
  57511 106.45  29.85  242    2.8
  57513 106.62  29.73  457    0.5
  57514 106.22  29.58  325    4.7
  57518 106.53  29.38  243    0.7
  57519 107.08  29.15  559    0.1
  57522 107.42  29.75  273   0.01
  57525 107.75  29.32  273   0.01
  57540 109.15  29.68  776   0.01
  57541 109.48  30.00  533    0.4
  57543 110.03  29.88  540   0.01
  57558 110.47  29.13  184   0.01
  57565 111.75  29.65   39   0.01
  57566 111.65  29.45   50   0.01
  57571 112.40  29.70   37    0.1
  57575 112.57  29.52   32    0.3
  57577 112.17  29.40   37    1.2
  57582 113.88  29.73   51    0.9
  57585 113.45  29.48   60    0.3
  57586 114.03  29.53   79   0.01
  57589 113.80  29.25  103    0.8
  57590 114.37  29.85   64    2.0
  57596 114.20  29.63    0    0.8
  57600 105.07  28.72  256    2.3
  57603 105.83  28.82  283    1.9
  57605 105.82  28.03  539    0.9
  57609 105.70  28.58  316    6.5
  57635 108.98  28.45  363   0.01
  57646 109.95  28.62  301   0.01
  57657 110.20  28.22  182   0.01
  57661 111.48  28.92   51    0.4
  57663 111.95  28.92   31    1.3
  57666 112.13  28.52   49    2.8
  57674 112.47  28.57   44    2.4
  57678 112.55  28.25   71    2.3
  57680 113.07  28.80   47    1.7
  57688 113.63  28.15  100    2.3
  57694 114.38  28.53  256    4.1
  57698 114.45  28.12   99    2.3
  57699 114.92  28.23   68    1.7
  57708 105.60  27.15 1704    1.1
  57713 106.88  27.70  844    0.1
  57714 106.23  27.47  942    0.5
  57717 106.83  27.53  974    0.2
  57719 106.97  27.07 1280    1.6
  57720 107.17  27.88  888    0.3
  57723 107.72  27.98  710    0.1
  57728 107.47  27.07 1095    0.9
  57732 108.40  28.02  458   0.01
  57735 108.82  27.18  396   0.01
  57736 108.85  27.70  376   0.01
  57737 108.12  27.03  546   0.01
  57739 108.88  27.23  375   0.01
  57740 109.60  27.95  349   0.01
  57742 109.20  27.52  883    0.5
  57743 109.80  27.88  176   0.01
  57760 111.43  27.70  247    0.2
  57762 111.70  27.68  163    0.7
  57763 112.00  27.73  151    1.1
  57767 111.03  27.12  266    0.6
  57768 111.45  27.32  242    0.5
  57769 111.73  27.23  257    0.4
  57771 112.52  27.93   89    0.8
  57772 112.50  27.75   84    1.8
  57773 112.82  27.87   63    0.7
  57777 112.87  27.23   65    4.5
  57778 112.95  27.10   68    5.2
  57781 113.50  27.65   71    4.4
  57786 113.85  27.65  110    4.7
  57792 114.68  27.82   93    3.0
  57796 114.93  27.80   79    2.7
  57798 114.60  27.40   89   15.1
  57800 105.37  26.77 1458    0.9
  57807 105.47  26.20 1359    0.2
  57808 105.75  26.32 1272    0.1
  57809 105.75  26.07 1251   0.01
  57811 106.60  26.85 1242    0.3
  57813 106.47  26.57 1265    0.5
  57814 106.27  26.42 1285    0.2
  57818 106.45  26.03 1145    0.3
  57821 107.50  26.70  924    1.2
  57822 107.90  26.90  833    1.2
  57824 107.23  26.58 1005    0.7
  57828 107.58  26.50  983    2.9
  57829 107.80  26.20  964    2.4
  57834 108.30  26.68  642    0.9
  57835 108.43  26.72  521    0.7
  57837 108.07  26.40  838    1.3
  57842 109.72  26.88  281    0.6
  57844 109.18  26.68  344    1.0
  57846 110.15  26.58  307    0.1
  57851 110.85  26.45  307    1.9
  57859 110.63  26.03  409    1.3
  57860 111.28  27.00  282    2.4
  57865 111.58  26.47  166    0.6
  57867 111.28  26.40  169    0.5
  57868 111.87  26.60  113    0.4
  57870 112.10  26.80  151    1.8
  57871 112.37  26.98   91    2.7
  57875 112.50  26.88   71    4.3
  57876 112.83  26.43  118    4.1
  57881 113.25  26.72  105    6.4
  57882 113.55  26.78  135    5.8
  57883 114.28  26.75  257   16.0
  57886 113.78  26.50  226    9.0
  57887 113.12  26.13  124    8.4
  57891 114.25  26.93  144    7.1
  57895 114.78  26.47   96   12.2
  57899 114.92  26.80   66   11.3
  57900 105.22  25.83 1553    2.2
  57903 105.60  25.93 1138    0.1
  57905 105.63  25.40 1063    0.9
  57908 105.48  25.12 1393    0.4
  57909 105.82  24.98  584    1.1
  57911 106.65  26.67 1325    0.4
  57913 106.98  26.45 1095    0.3
  57914 106.67  26.42 1143    0.6
  57915 106.77  26.63 1102    0.9
  57921 107.32  25.83  710    0.2
  57923 107.87  25.98  418    0.3
  57927 107.18  24.97  283   0.01
  57936 108.92  25.75  255    1.6
  57941 109.60  25.78  198    0.7
  57942 110.00  25.80  267    0.3
  57948 109.25  25.08  123    0.2
  57949 110.00  24.98  157    1.0
  57954 110.18  25.23  158    1.0
  57955 110.67  25.62  224    2.0
  57956 110.32  25.42  169    0.7
  57958 110.32  25.08  152    1.2
  57960 111.07  25.93  192    2.2
  57962 111.65  25.97  166    2.0
  57964 111.15  25.50  258    2.2
  57966 111.95  25.60  205    0.3
  57969 111.33  25.27  230    0.1
  57971 112.20  25.92  225    0.6
  57973 112.72  25.75  328    1.4
  57975 112.20  25.38  278    1.1
  57976 112.95  25.42  226    0.6
  57978 112.55  25.28  291    0.2
  57981 113.22  25.98  141    6.8
  57985 113.68  25.57  608    0.1
  57988 113.35  25.15  103    1.3
  57989 113.73  25.10   96    1.1
  57990 114.30  25.70  252    0.4
  57991 114.55  25.80  148    1.6
  57992 114.75  25.67  129    0.4
  57994 114.35  25.40  208    0.1
  57995 114.93  25.40  166    0.7
  58112 116.45  30.73  933    0.1
  58404 115.22  30.47   57    0.4
  58408 115.43  30.23   35    0.9
  58409 115.93  30.07   20    0.7
  58417 116.13  30.17   50    0.5
  58418 116.70  30.13   26    0.4
  58428 117.48  30.22  115    0.2
  58435 118.53  30.30  221   0.01
  58438 118.58  30.08  197    0.6
  58501 115.63  29.93   25    0.9
  58502 116.00  29.73   37    1.2
  58503 115.68  29.70   41    1.1
  58508 115.77  29.33   42    3.7
  58509 115.82  29.05   38    5.8
  58510 116.23  29.73   40    1.3
  58512 116.55  29.90   66    1.1
  58514 116.05  29.45   35    2.4
  58517 116.20  29.27   43    4.4
  58523 117.93  29.93  231    1.7
  58529 117.85  29.27   82    4.2
  58530 118.43  29.87  170    0.9
  58534 118.18  29.78  173    0.6
  58537 118.40  29.13  153    4.1
  58542 119.68  29.82   45   0.01
  58544 119.27  29.48   87    1.0
  58546 119.88  29.47  114    1.3
  58547 119.18  29.03   65    3.2
  58548 119.47  29.22   46    0.9
  58550 120.25  29.70   39   0.01
  58558 120.22  29.27   89    0.7
  58559 120.98  29.17   59    0.3
  58601 115.38  28.70   54    2.9
  58602 115.55  28.85   46    5.9
  58605 115.38  28.42   49    2.1
  58607 115.95  28.55   35    3.8
  58609 115.82  28.22   30    2.0
  58612 116.68  28.70   22    4.6
  58614 116.27  28.38   40    2.1
  58615 117.08  28.68   56    4.4
  58616 116.82  28.20   44    2.3
  58618 116.60  28.23   51    2.4
  58619 116.37  28.00   47    2.1
  58620 117.13  28.97   37    8.7
  58623 117.92  28.47   92    2.6
  58624 117.43  28.40   64    3.5
  58625 117.60  28.42   80    2.9
  58627 117.03  28.25   64    3.2
  58629 117.70  28.32   59    3.0
  58631 118.50  28.90  134    4.1
  58632 118.60  28.72  124    1.7
  58635 118.20  28.43   96    3.6
  58642 119.80  28.88  102    2.4
  58643 120.03  28.90   99    1.9
  58644 119.28  28.60  237    3.5
  58647 119.13  28.07  196    2.7
  58654 120.08  28.67  184    2.3
  58656 120.97  28.12    7    0.6
  58657 120.28  28.15   59    2.4
  58658 120.68  28.15   36    1.0
  58659 120.65  28.03   29    1.1
  58660 121.13  28.85    8   0.01
  58664 121.37  28.37   33    0.4
  58693 115.83  28.70   37    4.2
  58701 115.40  27.77   47    2.2
  58704 115.35  27.62   61    5.7
  58706 115.83  27.43  180   15.0
  58707 115.13  27.22   66    8.4
  58710 116.05  27.77   76    2.7
  58712 116.78  27.92  123    3.2
  58713 117.07  27.72  220    6.4
  58714 116.23  27.55  115   14.5
  58719 116.93  27.30  123   13.6
  58724 117.30  27.52  264   10.2
  58735 118.80  27.52  201    6.1
  58736 118.82  27.37  220    6.0
  58745 119.07  27.62  368    3.4
  58746 119.70  27.55  514    4.6
  58747 119.35  27.15  900   12.4
  58748 119.65  27.10   51   12.4
  58749 119.88  27.23  680    8.0
  58750 120.08  27.78  106    1.8
  58751 120.55  27.68    5    1.2
  58804 115.35  26.35  153    6.3
  58814 116.35  26.35  237    6.0
  58819 116.80  26.17  329   13.9
  58821 117.47  26.73  174   19.2
  58822 116.85  26.83  341   17.8
  58823 117.80  26.80  173   20.2
  58824 117.15  26.40  355   12.0
  58826 117.80  26.40  120   12.5
  58828 117.62  26.27  206   11.5
  58836 118.73  26.58  359    5.4
  58839 118.85  26.23   42    2.5
  58844 119.15  26.15   49    5.3
  58845 119.53  26.50   57    3.4
  58848 119.55  26.20   12    4.3
  58850 120.23  26.92   88   10.6
  58903 116.03  25.90  208    3.5
  58905 115.42  25.97  136    1.3
  58906 115.80  25.60  167    0.7
  58907 115.40  25.15  300    1.9
  58912 116.75  25.72  379    6.3
  58917 116.10  25.08  307   0.01
  58923 117.83  25.70  397    4.3
  58928 117.53  25.02  160    1.2
  58929 118.15  25.07   66    0.6
  58932 118.93  25.87   85    3.4
  58934 118.27  25.33  170    0.8
  58935 118.23  25.48  516    2.3
  58938 118.98  25.23   22    0.2
  58940 119.33  26.08   28    2.9
  58941 119.50  25.97   11    4.1
  58942 119.38  25.72   39    2.7
  58946 119.00  25.45   84    0.4
  59001 105.33  24.78  674    0.1
  59004 105.10  24.50  729   0.01
  59012 106.55  24.78  973   0.01
  59017 106.27  24.27  279    0.3
  59022 107.55  24.98  695    0.7
  59025 107.38  24.53  249    0.7
  59027 107.25  24.13  244    0.1
  59031 108.25  24.83  205    2.3
  59033 108.90  24.78  330    0.1
  59034 108.67  24.48  149    0.5
  59038 108.65  24.07  142   0.01
  59041 109.25  24.65  109   0.01
  59044 109.38  24.47   99    0.4
  59047 109.33  24.25  101    0.2
  59051 110.50  24.77  133    0.2
  59055 110.40  24.50  166    0.2
  59057 110.18  24.13  827    0.1
  59059 110.80  24.18  107    0.4
  59061 111.27  24.82  198   0.01
  59063 111.45  25.18  262    0.9
  59064 111.32  24.55  141    0.6
  59071 112.28  24.73  175    2.3
  59074 112.15  24.57  300    1.7
  59075 112.63  24.48   70    1.1
  59081 113.27  24.78   98    2.7
  59090 114.07  24.95  103    0.3
  59091 114.53  24.75  257    0.6
  59093 115.03  24.78  254    0.2
  59094 114.12  24.37  135    1.8
  59099 114.93  24.45  175    0.5
  59106 115.90  24.58  152    0.2
  59109 115.73  24.15  126    0.3
  59114 116.17  24.65  131   0.01
  59122 117.75  24.62   42    0.6
  59124 117.37  24.52   31    0.3
  59125 117.30  24.38  105    1.0
  59127 117.83  24.43   14    0.8
  59129 117.60  24.13   53    0.3
  59130 118.15  24.73   28    0.1
  59131 118.37  24.97   44    0.1
  59137 118.57  24.82   55   0.01
  59213 106.92  23.73  113   0.01
  59215 106.62  23.33  640    0.7
  59224 107.12  23.60  116    0.3
  59227 107.15  23.08  438    0.2
  59230 108.17  23.72  173   0.01
  59238 108.80  23.22  123   0.01
  59241 109.68  23.97   91   0.01
  59246 109.67  23.60   70    0.4
  59249 109.62  23.12   56    0.2
  59255 110.38  23.55   37    0.2
  59256 110.92  23.37   56   0.01
  59264 111.50  23.40   79    0.1
  59266 111.23  23.42   46    0.4
  59268 111.53  23.25   31    0.5
  59269 111.77  23.15   27    0.5
  59270 112.18  23.92   78   0.01
  59276 112.65  23.35   40    2.5
  59279 112.87  23.18   18    0.4
  59284 113.22  23.38    6    0.1
  59285 113.60  23.57   39    0.4
  59288 113.13  23.05    3   0.01
  59310 116.18  23.77   39    0.2
  59312 116.63  23.67   11    0.1
  59313 116.98  23.68   42   0.01
  59314 116.13  23.30   27   0.01
  59315 116.38  23.58   25   0.01
  59319 116.77  23.47    9   0.01
  59320 117.13  23.77   27    0.4
  59322 117.37  23.98   20    1.4
  59419 106.75  22.10  243    0.2
  59421 107.20  22.83  257   0.01
  59425 107.35  22.40  107   0.01
  59426 107.90  22.63   92   0.01
  59427 107.07  22.12  162    0.1
  59429 107.97  22.15  183    0.2
  59432 108.40  22.80  203    0.4
  59441 109.25  22.70   78    0.6
  59448 109.55  22.27   70    0.4
  59449 109.98  22.30   80    0.6
  59451 110.35  22.70   99    0.7
  59452 110.53  22.85  100    0.5
  59454 111.00  22.92  104    0.1
  59457 110.27  22.32  120    2.6
  59469 111.78  22.17   33    2.7
  59470 112.22  22.72   33    0.7
  59471 112.05  22.93  102    0.6
  59473 112.97  22.77   20    0.5
  59475 112.65  22.40   24    0.8
  59476 113.03  22.53   35   0.01
  59477 112.30  22.18   25    1.2
  59480 113.25  22.85   21    0.8
  59481 113.32  22.93   16    0.1
  59487 113.30  22.23   12    1.4
  59492 114.70  22.92   43    0.5
  59500 115.32  22.97   10    0.3
  59635 108.35  21.62   26    0.7
  59640 109.18  21.67    6    1.1
  59650 110.25  21.38   25    0.7
  59653 110.85  21.93   35    1.2
  59654 110.30  21.63   28    2.4
  59655 110.62  21.65   35    0.5
  59656 110.77  21.43   29   0.01
  59659 110.92  21.75   32   0.01
  59750 110.10  20.92   25    0.8
  59856 110.75  19.62   26   0.01
  59951 110.33  18.80   38    0.6
