diamond  3 2014年04月07日08点24小时降雨量                    
  14  04  07  08    -2 3 10 25 50 1 0
 39 122.7  37.3 122.5  36.7 120.8  36.2 119.3  35.0 120.4  34.3
 121.1  32.7 122.3  30.9 122.5  30.1 121.5  28.0 119.8  25.0
 116.1  22.6 111.0  21.0 111.0  18.6 109.6  18.1 108.3  18.5
 108.9  19.9 109.3  21.0 106.4  21.6 104.1  22.2 101.6  20.8
  98.7  22.0  97.1  24.1  97.7  27.0  91.7  26.6  85.7  27.7
  78.9  30.6  73.3  37.1  74.1  40.7  87.6  49.8  98.5  43.9
 110.4  44.3 122.0  54.7 135.7  48.3 131.5  42.2 125.2  39.4
 121.3  38.5 121.2  40.3 118.5  38.6 120.8  38.1
1                    616
  45045 114.30  22.18   55   10.0
  51328  80.42  44.20  774    3.6
  51329  80.85  44.05  641   0.01
  51434  81.53  43.97  771    0.2
  51436  83.25  43.45  929   0.01
  52784 102.90  37.47 2073   0.01
  52881 103.18  36.98 2485   0.01
  52885 103.25  36.75 2119    0.5
  52896 104.15  36.55 1739    0.3
  53707 105.25  36.93 1699    0.1
  53730 107.48  38.18 1335   0.01
  53881 106.48  37.28 1382    0.1
  53906 105.72  35.52 1659    1.0
  53914 106.12  35.62 2079    1.8
  53916 106.32  35.50 1949    0.9
  53917 106.07  35.22 1633    0.4
  53925 107.18  35.68 1174    0.2
  53926 107.35  35.35 1630   0.01
  53927 106.62  35.20 1478    0.2
  53928 107.02  35.30 1150    0.4
  53930 107.98  36.45 1270    1.2
  53935 108.35  35.48 1443   0.01
  53937 107.92  35.52  980    0.1
  53938 108.30  35.17 1277    0.3
  53944 109.25  35.57  857   0.01
  53947 109.07  35.08  979    0.1
  56147  98.83  31.22 3261   0.01
  56158 100.67  31.40 3250    0.2
  56181 103.70  30.68  543    1.0
  56184 103.17  31.43 1884    0.3
  56185 102.98  32.08 2400   0.01
  56186 104.20  31.33  589    1.1
  56189 103.93  30.98  584    0.2
  56190 104.55  31.55  518    1.8
  56194 104.45  31.82  679    0.2
  56195 104.73  31.78  531   0.01
  56263 101.88  30.88 1948    0.4
  56272 103.88  30.82  560    1.3
  56278 102.77  30.07  756    0.7
  56279 102.93  30.15  683    0.2
  56280 103.12  30.08  692    0.9
  56281 103.50  30.18  512    6.6
  56284 103.48  30.42  502    1.0
  56286 104.25  30.55  514    0.1
  56288 103.92  30.58  495   0.01
  56289 103.87  30.20  439   0.01
  56290 104.18  30.78  515    0.7
  56291 104.28  30.97  474    0.9
  56371 102.23  29.92 1322    1.6
  56380 103.37  29.92  466   0.01
  56381 103.52  30.02  497    5.9
  56382 103.60  29.73  408    3.8
  56383 103.87  29.83  454    0.5
  56384 103.48  29.60  446    1.1
  56387 103.27  29.23  639    0.1
  56391 103.82  30.08  416    0.1
  56473 102.77  28.95 1061    0.2
  56474 102.17  28.55 1775    6.0
  56478 102.43  28.30 1819    4.3
  56480 103.53  28.82  564    1.2
  56483 103.95  28.60  412   16.8
  56487 103.13  28.33 1945   21.2
  56489 103.63  28.23  876    8.7
  56490 103.90  28.95  396    0.2
  56491 104.57  28.70  288    6.1
  56493 104.97  28.85  297    0.6
  56494 104.15  28.65  460   11.9
  56496 105.23  28.32  330    1.9
  56497 104.23  28.10  433    7.9
  56498 104.50  28.17  442    4.5
  56499 104.78  28.38  368    3.8
  56575 102.55  27.37 1429    2.0
  56582 103.90  27.75 1177    1.4
  56584 103.25  27.70 1093    1.7
  56585 103.53  27.18 1916    3.7
  56592 104.52  28.43  360    6.3
  56593 104.92  28.58  281    4.0
  56594 104.05  27.63  884    3.7
  56595 104.87  27.42 1644   15.8
  56596 105.05  27.85 1176    3.7
  56598 104.73  27.13 1538    8.8
  56652 100.75  26.68 2131   0.01
  56958 100.42  21.92 1177    6.3
  56976 102.83  23.23  229   0.01
  56987 103.23  22.78 1261    8.8
  56989 103.95  22.50  138   12.0
  56995 104.42  23.03 1335    4.3
  56996 104.70  23.13 1094    0.3
  57012 106.20  34.98 1665    0.1
  57023 108.10  35.03  841    0.7
  57024 107.65  34.45  671   0.01
  57031 108.55  34.82 1013    0.4
  57033 108.82  34.55  429   0.01
  57035 108.23  34.55  636   0.01
  57040 109.08  34.52  378    0.1
  57041 108.92  34.63  425    0.8
  57044 109.23  34.40  424   0.01
  57045 109.48  34.52  354   0.01
  57053 110.72  34.70  507    1.0
  57054 110.23  34.55  557    0.6
  57055 110.08  34.55  352    0.4
  57056 110.88  34.53  390    1.0
  57057 110.15  34.10  961   0.01
  57102 105.72  33.75  971   0.01
  57105 105.60  33.33 1219   0.01
  57132 108.62  34.12  415   0.01
  57137 108.32  33.32  801   0.01
  57140 109.12  33.67  818   0.01
  57185 113.58  33.45   92    1.2
  57186 114.05  33.60   59    0.2
  57188 114.03  33.37   56    0.8
  57190 114.40  33.75   51    0.1
  57192 114.85  33.73   47   0.01
  57194 114.27  33.28   60    0.1
  57196 114.87  33.47   42    1.0
  57198 114.62  33.55   47    0.7
  57204 105.23  32.58  801    0.1
  57208 105.47  32.02  538   0.01
  57217 106.28  32.23  493    1.6
  57242 109.37  32.85  285   0.01
  57247 108.90  32.32  442    0.1
  57253 110.82  32.85  204   0.01
  57254 110.12  32.82  324   0.01
  57257 110.23  32.23  309    0.2
  57260 111.52  32.55  143   0.01
  57273 112.85  32.68  110   0.01
  57274 112.12  32.70  108   0.01
  57295 114.35  32.62   83   0.01
  57298 114.55  32.22   56   0.01
  57299 114.90  32.02   50   0.01
  57317 106.42  31.03  323   0.01
  57318 106.55  31.07  339    0.6
  57320 107.22  31.93  483    0.8
  57324 107.08  31.58  363    1.0
  57326 107.72  31.37  390    0.3
  57329 107.85  31.10  462   0.01
  57333 108.67  31.95  800    0.1
  57338 108.42  31.18  213    0.1
  57345 109.62  31.40  339    1.3
  57349 109.87  31.07  270    2.1
  57361 111.27  31.88  331   0.01
  57362 110.67  31.75  939    1.4
  57370 112.22  31.73   68   0.01
  57385 113.82  31.63   94   0.01
  57387 113.13  31.00   80   0.01
  57389 113.75  31.03   33   0.01
  57390 114.07  31.80  731   0.01
  57396 114.85  31.63  130    0.2
  57398 114.62  31.28   76   0.01
  57413 106.97  30.85  295   0.01
  57414 106.45  30.55  396    0.2
  57415 106.63  30.47  336    0.2
  57416 106.93  30.33 3915    0.5
  57420 107.20  30.75  397    0.3
  57425 107.33  30.33  430    1.5
  57437 108.03  30.30  326   0.01
  57453 111.32  30.77  116    0.4
  57460 111.78  30.82   91   0.01
  57462 111.08  30.87  104    0.4
  57464 111.18  30.47  144   0.01
  57465 111.45  30.38   76   0.01
  57466 111.77  30.43   50   0.01
  57469 111.77  30.18   68   0.01
  57475 112.90  30.40   33   0.01
  57477 112.22  30.07   39   0.01
  57481 113.58  30.95   31   0.01
  57485 113.45  30.37   33    0.4
  57486 113.85  30.65   25    0.1
  57489 114.00  30.58   39    0.3
  57491 114.40  30.87   31    0.2
  57492 114.80  30.83   33    0.4
  57495 114.88  30.67   19    0.1
  57496 114.87  30.37   30    2.0
  57498 114.90  30.43   22    1.2
  57499 114.97  30.10   40    6.4
  57509 106.93  28.95  325    1.9
  57510 106.05  29.85  275   0.01
  57513 106.62  29.73  457   0.01
  57518 106.53  29.38  243   0.01
  57519 107.08  29.15  559    0.1
  57522 107.42  29.75  273    0.2
  57525 107.75  29.32  273    0.2
  57537 108.17  29.30  321    0.5
  57540 109.15  29.68  776    4.5
  57541 109.48  30.00  533    2.7
  57543 110.03  29.88  540    3.7
  57544 109.45  29.47  486    3.2
  57558 110.47  29.13  184    1.5
  57564 111.13  29.43  103    0.2
  57565 111.75  29.65   39    0.1
  57566 111.65  29.45   50    1.2
  57571 112.40  29.70   37    0.6
  57575 112.57  29.52   32    1.6
  57577 112.17  29.40   37    0.5
  57582 113.88  29.73   51    4.5
  57585 113.45  29.48   60    5.6
  57586 114.03  29.53   79    7.3
  57589 113.80  29.25  103   10.0
  57590 114.37  29.85   64    5.7
  57596 114.20  29.63    0   10.0
  57600 105.07  28.72  256    2.6
  57603 105.83  28.82  283    4.1
  57605 105.82  28.03  539    3.1
  57609 105.70  28.58  316   10.1
  57623 107.60  28.88  684    4.9
  57634 107.88  28.52  658    3.7
  57635 108.98  28.45  363    8.3
  57636 108.50  28.57  335    4.3
  57637 108.12  28.25  524    7.5
  57640 109.45  28.58  344    8.7
  57643 109.83  29.00  268    6.2
  57646 109.95  28.62  301    7.2
  57657 110.20  28.22  182    4.7
  57658 110.20  28.02  144    5.7
  57661 111.48  28.92   51    2.9
  57663 111.95  28.92   31    4.0
  57666 112.13  28.52   49   12.6
  57674 112.47  28.57   44   12.5
  57678 112.55  28.25   71   13.2
  57680 113.07  28.80   47   12.8
  57688 113.63  28.15  100   17.4
  57694 114.38  28.53  256   16.7
  57698 114.45  28.12   99   25.8
  57699 114.92  28.23   68   27.2
  57708 105.60  27.15 1704    2.9
  57713 106.88  27.70  844    5.2
  57714 106.23  27.47  942    2.5
  57717 106.83  27.53  974    2.0
  57719 106.97  27.07 1280    1.3
  57720 107.17  27.88  888   14.6
  57723 107.72  27.98  710    4.6
  57728 107.47  27.07 1095    1.3
  57732 108.40  28.02  458    4.5
  57734 108.23  27.57  468    2.5
  57735 108.82  27.18  396    0.6
  57736 108.85  27.70  376    1.8
  57737 108.12  27.03  546    3.5
  57738 108.42  27.05  517    0.2
  57739 108.88  27.23  375    0.5
  57740 109.60  27.95  349    5.2
  57742 109.20  27.52  883    2.8
  57743 109.80  27.88  176    3.9
  57744 109.17  27.37  356    1.0
  57754 110.15  27.35  170    2.4
  57760 111.43  27.70  247    6.1
  57762 111.70  27.68  163    9.6
  57763 112.00  27.73  151   14.9
  57767 111.03  27.12  266    9.5
  57768 111.45  27.32  242   10.2
  57769 111.73  27.23  257   23.1
  57771 112.52  27.93   89   24.5
  57772 112.50  27.75   84   25.7
  57773 112.82  27.87   63   16.0
  57777 112.87  27.23   65   19.5
  57778 112.95  27.10   68   22.7
  57781 113.50  27.65   71   16.9
  57786 113.85  27.65  110   22.7
  57792 114.68  27.82   93   19.8
  57796 114.93  27.80   79   19.3
  57798 114.60  27.40   89   10.1
  57800 105.37  26.77 1458    0.3
  57808 105.75  26.32 1272   0.01
  57809 105.75  26.07 1251   0.01
  57811 106.60  26.85 1242    0.9
  57813 106.47  26.57 1265    0.8
  57814 106.27  26.42 1285    0.6
  57818 106.45  26.03 1145    0.3
  57821 107.50  26.70  924    0.3
  57822 107.90  26.90  833    0.6
  57824 107.23  26.58 1005    0.1
  57828 107.58  26.50  983    1.3
  57829 107.80  26.20  964    0.3
  57834 108.30  26.68  642    1.0
  57835 108.43  26.72  521    1.7
  57837 108.07  26.40  838    0.4
  57842 109.72  26.88  281    8.1
  57844 109.18  26.68  344    5.0
  57846 110.15  26.58  307   12.5
  57851 110.85  26.45  307   18.4
  57859 110.63  26.03  409   21.9
  57860 111.28  27.00  282   15.9
  57865 111.58  26.47  166   24.2
  57867 111.28  26.40  169   18.4
  57868 111.87  26.60  113   23.0
  57870 112.10  26.80  151   17.4
  57871 112.37  26.98   91   16.2
  57875 112.50  26.88   71   24.2
  57876 112.83  26.43  118   15.8
  57881 113.25  26.72  105   21.7
  57882 113.55  26.78  135   17.9
  57883 114.28  26.75  257    9.1
  57886 113.78  26.50  226    6.4
  57887 113.12  26.13  124    5.5
  57891 114.25  26.93  144    7.3
  57895 114.78  26.47   96    1.4
  57899 114.92  26.80   66    2.4
  57900 105.22  25.83 1553    7.8
  57905 105.63  25.40 1063   0.01
  57911 106.65  26.67 1325    1.1
  57913 106.98  26.45 1095   0.01
  57914 106.67  26.42 1143   0.01
  57915 106.77  26.63 1102    0.8
  57923 107.87  25.98  418    0.2
  57927 107.18  24.97  283    0.1
  57936 108.92  25.75  255   10.2
  57941 109.60  25.78  198   41.3
  57942 110.00  25.80  267   14.0
  57948 109.25  25.08  123   14.1
  57949 110.00  24.98  157    8.7
  57954 110.18  25.23  158   26.1
  57955 110.67  25.62  224   38.9
  57956 110.32  25.42  169   44.1
  57958 110.32  25.08  152    9.6
  57960 111.07  25.93  192   30.5
  57962 111.65  25.97  166   18.4
  57964 111.15  25.50  258   27.4
  57966 111.95  25.60  205    2.7
  57969 111.33  25.27  230   14.7
  57971 112.20  25.92  225    7.9
  57973 112.72  25.75  328    2.9
  57975 112.20  25.38  278    1.2
  57976 112.95  25.42  226    5.6
  57978 112.55  25.28  291    1.2
  57981 113.22  25.98  141    4.9
  57985 113.68  25.57  608    6.9
  57988 113.35  25.15  103    6.7
  57989 113.73  25.10   96    6.2
  57990 114.30  25.70  252    3.9
  57991 114.55  25.80  148    3.6
  57992 114.75  25.67  129    4.6
  57994 114.35  25.40  208    6.1
  57995 114.93  25.40  166    4.7
  58100 115.17  33.65   42    0.6
  58101 115.48  33.87   42   0.01
  58104 115.07  33.40   42   0.01
  58108 115.33  33.23   46   0.01
  58112 116.45  30.73  933    2.3
  58205 115.43  32.47   36   0.01
  58317 116.37  30.87  434    1.0
  58323 117.47  31.88   29   0.01
  58329 117.87  31.33   24    0.2
  58334 118.37  31.38   23    0.4
  58337 118.18  31.08   30    0.3
  58339 118.90  31.33   24    0.1
  58359 120.62  31.13    9    0.3
  58360 121.20  31.92    6   0.01
  58361 121.37  31.10   10    0.4
  58365 121.25  31.37    9   0.01
  58367 121.43  31.20   18    0.3
  58369 121.78  31.05    9    0.3
  58370 121.55  31.22   11    0.3
  58377 121.10  31.47    6   0.01
  58401 115.40  30.78  106    0.5
  58404 115.22  30.47   57    1.4
  58408 115.43  30.23   35    5.6
  58409 115.93  30.07   20    9.4
  58415 116.58  30.63   38    0.8
  58416 116.82  30.75   38    1.0
  58417 116.13  30.17   50    7.1
  58418 116.70  30.13   26    7.5
  58420 117.22  30.72   38    1.7
  58421 117.87  30.63   32    2.5
  58423 117.78  30.48  643    4.5
  58426 118.13  30.30  192    4.1
  58427 117.48  30.67   36    2.6
  58428 117.48  30.22  115    6.2
  58431 118.32  30.92   17    0.4
  58432 118.40  30.68   39    1.5
  58433 118.75  30.93   30   0.01
  58435 118.53  30.30  221    1.1
  58438 118.58  30.08  197    1.5
  58441 119.42  30.87   53    0.5
  58442 119.18  31.13   16    0.1
  58443 119.90  31.02   19    0.5
  58446 119.68  30.63   25    2.4
  58449 119.95  30.05   47    3.3
  58451 120.93  30.83    3    1.8
  58452 120.77  30.73    4    2.7
  58453 120.50  30.07   10    4.9
  58454 119.97  30.53    5    4.7
  58455 120.65  30.52    8    4.3
  58456 120.52  30.63    6    3.6
  58458 120.90  30.53    3    3.8
  58459 120.28  30.18   42    4.2
  58460 121.35  30.73    6    2.2
  58461 121.12  31.13    8    0.4
  58462 121.23  31.03    9    0.7
  58463 121.50  30.88    9    1.0
  58468 121.17  30.05   10    3.6
  58484 122.20  30.25    9    2.4
  58501 115.63  29.93   25    7.1
  58502 116.00  29.73   37   11.0
  58503 115.68  29.70   41   12.0
  58508 115.77  29.33   42   18.2
  58509 115.82  29.05   38   23.2
  58510 116.23  29.73   40   13.0
  58512 116.55  29.90   66   10.1
  58514 116.05  29.45   35   21.4
  58517 116.20  29.27   43   23.8
  58523 117.93  29.93  231    6.0
  58529 117.85  29.27   82    7.6
  58530 118.43  29.87  170    2.5
  58534 118.18  29.78  173    4.0
  58537 118.40  29.13  153   10.1
  58542 119.68  29.82   45    2.4
  58544 119.27  29.48   87    3.9
  58546 119.88  29.47  114    2.2
  58547 119.18  29.03   65    5.9
  58548 119.47  29.22   46    3.7
  58550 120.25  29.70   39    3.3
  58555 120.88  29.52  112    3.0
  58558 120.22  29.27   89    2.5
  58559 120.98  29.17   59    2.8
  58561 121.60  29.98    3    3.4
  58563 121.83  29.88    4    4.2
  58565 121.43  29.68    6    4.4
  58566 121.88  29.47   14    4.4
  58567 121.43  29.32   39    4.7
  58568 121.38  29.12   35    4.9
  58570 122.30  29.95   83    4.0
  58601 115.38  28.70   54   30.4
  58602 115.55  28.85   46   23.7
  58605 115.38  28.42   49   32.8
  58607 115.95  28.55   35   30.6
  58609 115.82  28.22   30   26.1
  58612 116.68  28.70   22   16.0
  58614 116.27  28.38   40   18.3
  58615 117.08  28.68   56   12.5
  58616 116.82  28.20   44   11.1
  58618 116.60  28.23   51   16.3
  58619 116.37  28.00   47   15.8
  58620 117.13  28.97   37   20.3
  58623 117.92  28.47   92    8.4
  58624 117.43  28.40   64   11.6
  58625 117.60  28.42   80    8.8
  58627 117.03  28.25   64   13.9
  58629 117.70  28.32   59    9.6
  58631 118.50  28.90  134    5.3
  58632 118.60  28.72  124    6.1
  58635 118.20  28.43   96    4.7
  58642 119.80  28.88  102    4.6
  58643 120.03  28.90   99    3.8
  58644 119.28  28.60  237    3.6
  58647 119.13  28.07  196    4.6
  58654 120.08  28.67  184    3.7
  58656 120.97  28.12    7    2.3
  58657 120.28  28.15   59    2.0
  58658 120.68  28.15   36    2.6
  58659 120.65  28.03   29    1.9
  58660 121.13  28.85    8    4.0
  58664 121.37  28.37   33    2.3
  58693 115.83  28.70   37   28.2
  58701 115.40  27.77   47   21.3
  58704 115.35  27.62   61   18.1
  58706 115.83  27.43  180    7.5
  58707 115.13  27.22   66    9.8
  58710 116.05  27.77   76   14.3
  58712 116.78  27.92  123   12.3
  58713 117.07  27.72  220   13.1
  58714 116.23  27.55  115   13.7
  58719 116.93  27.30  123    2.9
  58724 117.30  27.52  264    9.1
  58735 118.80  27.52  201    6.0
  58736 118.82  27.37  220    4.2
  58745 119.07  27.62  368    5.1
  58746 119.70  27.55  514    2.2
  58747 119.35  27.15  900    6.4
  58748 119.65  27.10   51    4.2
  58749 119.88  27.23  680    3.8
  58750 120.08  27.78  106    1.8
  58751 120.55  27.68    5    1.8
  58804 115.35  26.35  153    4.2
  58814 116.35  26.35  237    5.9
  58819 116.80  26.17  329   12.4
  58821 117.47  26.73  174    5.5
  58822 116.85  26.83  341    2.8
  58823 117.80  26.80  173    6.5
  58824 117.15  26.40  355   11.6
  58826 117.80  26.40  120    7.8
  58828 117.62  26.27  206    6.6
  58836 118.73  26.58  359    8.0
  58839 118.85  26.23   42    6.1
  58844 119.15  26.15   49    5.8
  58845 119.53  26.50   57    5.0
  58848 119.55  26.20   12    4.9
  58850 120.23  26.92   88    0.8
  58903 116.03  25.90  208    8.0
  58905 115.42  25.97  136    8.6
  58906 115.80  25.60  167    8.5
  58907 115.40  25.15  300    3.8
  58912 116.75  25.72  379    5.2
  58917 116.10  25.08  307    5.6
  58923 117.83  25.70  397    7.7
  58928 117.53  25.02  160   16.7
  58929 118.15  25.07   66    9.4
  58932 118.93  25.87   85    7.3
  58934 118.27  25.33  170    8.9
  58935 118.23  25.48  516   10.2
  58938 118.98  25.23   22    1.7
  58940 119.33  26.08   28    5.2
  58941 119.50  25.97   11    5.1
  58942 119.38  25.72   39    4.1
  58946 119.00  25.45   84    4.7
  59012 106.55  24.78  973    0.3
  59015 106.57  24.35  442    0.8
  59022 107.55  24.98  695    0.4
  59027 107.25  24.13  244   0.01
  59031 108.25  24.83  205    0.9
  59033 108.90  24.78  330   0.01
  59034 108.67  24.48  149    0.1
  59038 108.65  24.07  142    2.5
  59041 109.25  24.65  109    0.1
  59044 109.38  24.47   99    0.9
  59045 109.75  24.48   95    0.1
  59047 109.33  24.25  101    0.1
  59051 110.50  24.77  133    5.2
  59052 110.82  24.83  167    3.6
  59053 110.67  24.62  108    1.6
  59055 110.40  24.50  166    1.4
  59057 110.18  24.13  827    2.0
  59059 110.80  24.18  107    2.1
  59061 111.27  24.82  198    1.1
  59063 111.45  25.18  262    1.5
  59064 111.32  24.55  141    2.3
  59071 112.28  24.73  175    7.5
  59074 112.15  24.57  300   12.8
  59075 112.63  24.48   70    8.0
  59081 113.27  24.78   98    6.6
  59090 114.07  24.95  103   10.3
  59091 114.53  24.75  257    5.0
  59093 115.03  24.78  254    2.9
  59094 114.12  24.37  135    4.6
  59099 114.93  24.45  175    4.5
  59106 115.90  24.58  152    5.5
  59109 115.73  24.15  126   14.6
  59114 116.17  24.65  131    6.8
  59122 117.75  24.62   42   19.2
  59124 117.37  24.52   31   19.0
  59125 117.30  24.38  105   18.8
  59127 117.83  24.43   14   17.7
  59129 117.60  24.13   53   19.9
  59130 118.15  24.73   28   10.3
  59131 118.37  24.97   44    6.9
  59137 118.57  24.82   55    6.9
  59205 105.63  23.65  688    0.3
  59227 107.15  23.08  438   0.01
  59235 108.62  23.43  116    5.1
  59237 108.28  23.17  115    1.5
  59238 108.80  23.22  123    1.9
  59241 109.68  23.97   91   0.01
  59246 109.67  23.60   70    0.1
  59249 109.62  23.12   56    1.6
  59255 110.38  23.55   37    0.8
  59256 110.92  23.37   56    6.7
  59264 111.50  23.40   79    9.1
  59266 111.23  23.42   46    8.1
  59268 111.53  23.25   31    8.2
  59269 111.77  23.15   27   12.9
  59270 112.18  23.92   78    9.4
  59276 112.65  23.35   40   12.6
  59279 112.87  23.18   18   15.5
  59284 113.22  23.38    6    7.0
  59285 113.60  23.57   39    4.3
  59288 113.13  23.05    3   21.4
  59290 114.23  23.73   71    9.3
  59297 114.28  23.18   16   25.3
  59310 116.18  23.77   39   18.0
  59312 116.63  23.67   11   12.2
  59313 116.98  23.68   42   13.2
  59314 116.13  23.30   27   13.9
  59315 116.38  23.58   25   14.4
  59318 116.58  23.27   10    7.1
  59319 116.77  23.47    9    4.7
  59320 117.13  23.77   27   12.5
  59322 117.37  23.98   20   15.4
  59421 107.20  22.83  257   0.01
  59425 107.35  22.40  107    0.2
  59426 107.90  22.63   92    0.1
  59435 108.48  22.77   75    0.1
  59448 109.55  22.27   70    1.1
  59449 109.98  22.30   80   11.9
  59451 110.35  22.70   99   11.9
  59452 110.53  22.85  100   10.8
  59454 111.00  22.92  104    9.4
  59457 110.27  22.32  120    9.4
  59469 111.78  22.17   33   47.3
  59470 112.22  22.72   33   57.0
  59471 112.05  22.93  102   46.7
  59473 112.97  22.77   20   40.6
  59475 112.65  22.40   24   22.5
  59476 113.03  22.53   35   21.1
  59477 112.30  22.18   25   40.9
  59480 113.25  22.85   21   30.5
  59481 113.32  22.93   16   37.2
  59487 113.30  22.23   12   20.4
  59492 114.70  22.92   43   15.2
  59500 115.32  22.97   10    8.8
  59502 115.65  22.95   11    8.9
  59635 108.35  21.62   26    4.7
  59640 109.18  21.67    6    1.5
  59650 110.25  21.38   25   38.6
  59653 110.85  21.93   35   31.0
  59654 110.30  21.63   28   52.2
  59655 110.62  21.65   35   85.5
  59656 110.77  21.43   29   45.1
  59659 110.92  21.75   32   72.8
  59750 110.10  20.92   25   62.1
  59757 110.37  20.00   10    0.2
  59842 109.68  19.90   31    0.2
  59843 110.00  19.73   36   16.1
  59851 110.33  19.70   25   23.3
  59854 110.10  19.37  119    0.4
  59856 110.75  19.62   26   30.5
  59941 109.52  18.77  328   0.01
  59945 109.70  18.65   65    0.2
  59951 110.33  18.80   38    9.5
