diamond  3 2014年04月17日08点24小时降雨量                    
  14  04  17  08    -2 3 10 25 50 1 0
 39 122.7  37.3 122.5  36.7 120.8  36.2 119.3  35.0 120.4  34.3
 121.1  32.7 122.3  30.9 122.5  30.1 121.5  28.0 119.8  25.0
 116.1  22.6 111.0  21.0 111.0  18.6 109.6  18.1 108.3  18.5
 108.9  19.9 109.3  21.0 106.4  21.6 104.1  22.2 101.6  20.8
  98.7  22.0  97.1  24.1  97.7  27.0  91.7  26.6  85.7  27.7
  78.9  30.6  73.3  37.1  74.1  40.7  87.6  49.8  98.5  43.9
 110.4  44.3 122.0  54.7 135.7  48.3 131.5  42.2 125.2  39.4
 121.3  38.5 121.2  40.3 118.5  38.6 120.8  38.1
1                    924
  51137  82.93  46.20  715    2.4
  51145  83.65  46.55  523    0.1
  51357  85.62  44.33  523   0.01
  51359  86.20  44.32  473    0.1
  51369  87.65  43.97  601    0.6
  51377  87.92  44.17  547    0.9
  51378  89.17  44.02  735   0.01
  51438  81.77  43.18 1210    0.3
  51465  87.10  43.48 1874    8.4
  51482  90.28  43.83 1271    6.1
  52515  94.87  39.52 2138    1.1
  52607 106.65  39.43 1253   10.2
  52643  99.62  38.83 2311    0.7
  52656 100.82  38.43 2282    2.1
  52784 102.90  37.47 2073    2.9
  52853 100.98  36.90 3011    5.7
  52855 101.25  36.68 2676    0.8
  52862 101.68  36.95 2451   13.1
  52863 101.95  36.82 2480    4.2
  52869 101.58  36.50 2665    0.1
  52874 102.40  36.48 1981    2.3
  52875 102.10  36.50 2129    0.7
  52877 102.25  36.10 2835    0.5
  52881 103.18  36.98 2485    1.7
  52885 103.25  36.75 2119    0.1
  52896 104.15  36.55 1739    0.4
  52978 102.52  35.20 2930    0.4
  52980 103.30  35.97 1649    0.1
  52982 103.55  35.48 1954   0.01
  52985 103.33  35.42 2164   0.01
  52993 104.07  35.68 1740    0.6
  52995 104.62  35.58 1898   0.01
  53272 112.63  42.75 1106    3.7
  53289 113.83  42.23 1322    6.1
  53324 107.05  41.07 1039    8.9
  53337 108.27  41.10 1025   10.1
  53343 109.97  41.77 1612    9.7
  53348 109.13  41.02 1080    7.6
  53357 110.05  42.03 1361    9.5
  53367 111.23  41.32 1604    3.5
  53368 111.47  41.08 1640    8.2
  53378 112.62  41.28 1737    4.2
  53384 113.18  41.45 1424    5.8
  53385 113.55  41.57 1387    7.4
  53392 114.60  41.85 1424    2.6
  53397 113.98  41.10 1377    5.6
  53419 107.00  40.33 1060    5.3
  53420 107.12  40.85 1024    9.8
  53433 108.65  40.73 1022    7.3
  53455 110.53  40.55 1000    6.4
  53457 110.03  40.40 1012    7.5
  53464 111.17  40.72 1047    7.3
  53466 111.70  40.75 1046    9.4
  53467 111.18  40.27 1017   10.3
  53469 111.82  40.40 1164    8.2
  53472 112.57  40.87 1453    3.0
  53475 112.47  40.52 1272    3.9
  53481 113.22  40.80 1317    2.6
  53483 113.83  40.87 1269    5.3
  53484 113.15  40.45 1192    6.5
  53486 113.77  40.37 1050    4.7
  53488 113.58  40.03 1035    4.6
  53491 114.38  40.67  837    3.2
  53492 114.15  40.10  939    5.1
  53498 115.03  40.57  630    4.9
  53499 114.73  40.77  755    2.4
  53505 105.40  37.88 1382    1.7
  53512 106.80  39.80 1105   12.5
  53517 106.33  39.27 1466    9.4
  53518 106.35  39.03 1118    5.9
  53522 107.83  40.05 1180   10.2
  53533 108.73  39.85 1390    7.8
  53545 109.73  39.57 1330    8.7
  53547 109.03  39.10 1312   10.5
  53553 111.22  39.87 1222   11.4
  53562 111.67  39.92 1192   16.1
  53565 111.50  39.43 1050   13.0
  53567 111.08  39.03  980   11.4
  53573 112.70  40.00 1337    4.7
  53574 112.27  39.52 1408   11.5
  53575 112.20  39.10 1526    9.2
  53576 112.82  39.50 1046    7.6
  53577 112.30  39.00 1441    8.2
  53579 112.90  39.02  861   10.9
  53580 113.10  39.82 1045    6.4
  53582 113.68  39.72 1094    7.2
  53584 113.17  39.57 1001    9.4
  53585 113.27  39.17  934   11.1
  53590 114.27  39.75  979    7.0
  53596 115.13  38.85   53    4.0
  53599 114.68  39.37  885    8.0
  53603 106.37  38.83 1096   10.2
  53610 106.35  38.57 1106   10.6
  53611 106.55  38.88 1099    5.8
  53617 106.08  38.03 1119    5.3
  53618 106.25  38.28 1115   14.6
  53619 106.30  38.12 1117   18.3
  53644 108.83  38.60 1309    4.0
  53658 110.48  38.03  895    6.1
  53659 111.00  37.97 1164    8.5
  53660 111.08  39.02  893    7.8
  53662 111.58  38.72 1393    8.6
  53665 111.65  38.28 1183    6.9
  53666 111.93  38.35 1213    7.8
  53669 111.80  38.08 1151    4.3
  53674 112.70  38.42  799    4.1
  53676 112.98  38.50  760    8.8
  53677 112.48  37.93  808    4.6
  53678 112.67  38.07  899    4.2
  53679 112.55  37.73  776    2.7
  53680 114.38  38.30  109    3.0
  53681 113.37  38.83 1097   10.6
  53682 114.68  38.63  105    3.6
  53685 113.42  38.07  953    6.7
  53688 114.55  38.45   98    2.8
  53689 115.07  38.02   43    2.2
  53690 114.18  38.85  283    4.6
  53691 114.57  38.15   76    2.3
  53692 114.98  38.73   68    3.6
  53693 114.13  38.03  256    5.4
  53694 114.22  38.27  134    4.3
  53695 114.68  38.35   72    2.3
  53696 115.00  38.52   55    2.2
  53697 114.83  38.03   54    1.7
  53699 114.95  38.18   46    1.7
  53707 105.25  36.93 1699    0.4
  53727 107.12  37.17 1713    2.2
  53730 107.48  38.18 1335    6.6
  53732 108.72  37.85 1211    4.2
  53748 109.70  37.18 1064    3.6
  53750 110.18  37.77  931    3.6
  53751 110.05  37.60  897    4.7
  53753 110.88  37.43  861    4.7
  53756 110.72  37.52  744    5.1
  53757 110.12  37.12  938    4.3
  53759 110.83  36.98 1106    1.2
  53760 111.23  37.88 1212    7.3
  53763 112.17  37.92 1008    3.5
  53767 111.17  37.33 1212    5.3
  53768 111.75  37.15  770    3.4
  53769 111.78  37.25  749    3.6
  53770 112.35  37.35  769    4.2
  53771 112.05  37.42  751    3.2
  53773 114.62  36.33   66    0.7
  53774 112.33  37.62  774    2.3
  53776 112.77  37.68  831    3.8
  53777 112.15  37.53  760    3.1
  53778 112.22  37.17  780    4.6
  53780 113.15  37.90 1066    2.6
  53781 114.47  36.87   69    1.6
  53782 113.55  37.85  743    7.7
  53783 113.70  37.60  880    6.0
  53784 114.78  37.75   39    1.7
  53785 114.67  37.52   35    4.8
  53786 113.37  37.08 1134    7.8
  53788 113.57  37.33 1267    4.9
  53789 114.63  37.88   57    2.1
  53790 114.62  37.60   50    1.4
  53791 114.52  37.77   67    2.0
  53792 114.48  37.45  113    4.2
  53794 114.75  37.35   34    4.8
  53795 114.37  37.65  137    1.9
  53796 114.88  37.62   31    4.5
  53797 114.52  37.28   74    4.4
  53799 114.98  37.23   25    2.5
  53829 107.90  35.98 1094    5.7
  53832 108.77  36.77 1220    2.1
  53841 109.32  36.88 1069    3.4
  53848 109.35  36.27 1005    2.2
  53850 110.18  36.88  801    2.2
  53852 110.63  36.77  917    1.7
  53856 110.75  36.47  756    0.4
  53857 110.18  36.07  840    0.5
  53860 111.17  36.98 1407    3.5
  53861 111.42  35.88  425    1.3
  53862 111.77  36.83  809    2.2
  53864 111.10  36.40 1030    1.0
  53865 111.55  36.65 1012    3.2
  53866 111.67  36.23  464    1.6
  53869 111.70  36.58  550    6.4
  53871 112.85  36.83  965    7.2
  53872 112.68  36.77  962    6.3
  53873 112.87  36.12  951    3.4
  53874 111.90  36.25  650    3.3
  53875 112.35  36.52 1001    3.8
  53878 113.38  36.52  769    3.0
  53879 112.88  36.32  953    5.3
  53880 113.23  36.33  948    3.0
  53881 106.48  37.28 1382    3.9
  53883 114.70  37.13   36    2.3
  53885 113.20  36.13 1031    3.9
  53886 113.67  36.57  471    1.9
  53888 113.43  36.20 1088    5.3
  53889 113.82  36.07  308    1.0
  53890 114.15  36.68  234    2.2
  53891 114.68  37.02   44    2.1
  53892 114.47  36.62   67    2.3
  53893 114.95  36.77   40    2.3
  53894 114.22  36.42  128    0.8
  53895 114.50  36.78   61    1.1
  53896 114.95  36.35   51    0.3
  53897 114.38  36.38   71    2.0
  53899 114.97  36.48   49    1.6
  53906 105.72  35.52 1659   0.01
  53914 106.12  35.62 2079    1.0
  53916 106.32  35.50 1949    1.1
  53917 106.07  35.22 1633    0.3
  53924 107.62  35.07  967    1.8
  53925 107.18  35.68 1174    3.5
  53926 107.35  35.35 1630    6.1
  53927 106.62  35.20 1478    4.2
  53928 107.02  35.30 1150    2.2
  53930 107.98  36.45 1270    4.1
  53931 109.37  36.00  983    3.2
  53934 108.02  35.82 1299    4.0
  53935 108.35  35.48 1443    1.8
  53937 107.92  35.52  980    2.8
  53938 108.30  35.17 1277    1.1
  53941 109.58  35.18  807    0.5
  53944 109.25  35.57  857    0.7
  53945 109.07  35.43 1394    2.6
  53946 109.82  35.60 1091    1.1
  53947 109.07  35.08  979    0.7
  53949 109.92  35.18  680    0.5
  53950 110.15  35.23  710    0.5
  53953 110.85  35.97  966    1.8
  53954 110.97  35.62  433    0.8
  53956 110.83  35.40  589    0.2
  53957 110.72  35.62  459   0.01
  53958 110.78  35.13  389    0.4
  53961 111.48  35.65  473    0.6
  53962 111.70  35.73  585    0.8
  53964 111.22  35.62  431    0.2
  53965 111.57  35.52  761    0.8
  53966 111.83  35.98  818    5.3
  53967 111.20  35.33  469    0.7
  53970 112.20  35.70  887    2.5
  53972 112.92  35.12  121    2.5
  53973 112.95  35.77  836    2.8
  53974 114.18  35.62   73    2.0
  53976 112.87  35.50  751    1.7
  53978 112.63  35.08  140    5.7
  53979 113.08  35.15  121    2.4
  53980 114.80  36.55   51    0.9
  53981 113.27  35.78 1311    2.3
  53982 113.27  35.23  113    1.5
  53984 113.47  35.23   83    1.1
  53985 113.82  35.45   97    0.4
  53987 113.42  35.10   91    0.9
  53988 113.67  35.27   78    0.7
  53991 114.35  35.93   75    0.3
  53992 114.52  35.65   59    1.0
  53993 114.92  35.93   52    1.9
  53994 114.07  35.38   71    0.1
  53996 114.65  36.45   58    0.9
  53997 114.18  35.15   72   0.01
  54113 118.65  43.53  623    0.1
  54117 117.53  43.25 1004    0.3
  54204 115.00  42.30 1347    5.6
  54205 116.00  42.23 1316    2.6
  54214 118.42  42.58  961    2.4
  54301 115.67  41.67 1414    1.1
  54304 115.28  40.97 1249    3.2
  54305 115.27  41.88 1468    2.8
  54318 117.73  41.32  562    0.3
  54320 119.30  41.60  546   0.01
  54321 119.63  41.87  661   0.01
  54327 119.35  41.23  421   0.01
  54328 119.72  41.08  300   0.01
  54398 116.62  40.13   29    2.6
  54399 116.28  39.98   46    0.9
  54404 115.83  40.88  868    3.1
  54408 115.22  40.38  531    3.8
  54410 116.13  40.60 1216    4.8
  54412 116.63  40.73  334    0.4
  54419 116.63  40.37   75    1.8
  54420 117.33  40.93  530    1.4
  54421 117.12  40.65  286    1.2
  54424 117.12  40.17   33    0.9
  54425 117.48  40.42  584    0.4
  54428 117.40  40.03   19    2.1
  54430 118.15  40.77  268   0.01
  54431 116.63  39.92   40    3.6
  54433 116.50  39.95   36    3.3
  54434 118.30  40.17  103    0.1
  54437 118.65  39.50   19   0.01
  54438 118.88  39.88   61   0.01
  54499 116.22  40.22   75    2.0
  54501 115.68  39.97  441    7.0
  54502 116.03  39.48   30    7.4
  54503 115.82  39.07   13    4.3
  54505 116.12  39.92   94    4.3
  54506 115.88  39.32   29    6.2
  54507 115.50  39.35   52    8.3
  54510 116.98  39.90   18    4.0
  54512 116.28  39.42   22    8.5
  54513 116.20  39.95   67    3.3
  54514 116.25  39.87   56    3.3
  54515 116.70  39.50   14    7.1
  54517 117.20  39.07    5    3.1
  54519 116.48  39.30   13    6.6
  54520 117.08  39.97   19    2.9
  54521 116.98  39.77   14    4.5
  54522 117.73  39.88   19    1.0
  54526 117.33  39.08   10    2.0
  54529 117.82  39.35   12    0.5
  54530 117.77  39.23    6    0.7
  54532 118.10  39.80   35    0.6
  54533 118.10  39.58    9    0.5
  54535 118.47  39.28    3   0.01
  54594 116.35  39.72   38    4.9
  54596 116.13  39.68   40    4.8
  54597 115.73  39.73  409    6.8
  54601 115.65  38.98   14    3.9
  54603 115.77  38.72   10    2.0
  54604 115.33  38.42   31    2.5
  54605 115.93  38.93    7    3.1
  54607 115.12  38.72   45    2.8
  54608 115.55  38.00   27    2.1
  54609 115.50  38.25   25    3.0
  54610 116.10  38.73    9    3.2
  54611 115.32  38.93   45    3.8
  54612 116.45  38.87    7    5.5
  54613 116.62  38.70    8    5.7
  54614 116.08  38.45   13    5.0
  54615 116.83  38.58    8    4.9
  54616 116.85  38.35    9    3.2
  54617 116.12  38.18   13    5.3
  54619 116.92  38.92    8    4.2
  54620 115.57  38.48   19    2.3
  54621 115.18  38.18   39    2.5
  54622 117.37  38.98    3    1.2
  54626 115.82  38.42   15    4.4
  54627 117.23  38.03    8    4.5
  54628 117.48  38.15    7    4.8
  54631 115.15  37.07   33    3.0
  54632 115.03  37.07   34    2.1
  54633 115.23  37.52   27    3.9
  54636 116.10  39.02   12    2.6
  54640 114.87  36.92   37    2.6
  54644 117.12  38.05   11    4.6
  54645 117.47  38.85    3    2.0
  54700 115.93  38.03   16    3.5
  54701 115.20  37.93   41    2.3
  54702 115.70  37.73   22    2.4
  54703 115.88  37.80   25    2.4
  54704 115.57  37.55   23    2.7
  54706 115.67  37.08   32    6.3
  54707 115.98  37.35   28    6.8
  54708 115.73  37.50   24    2.6
  54709 116.07  37.22   30    6.8
  54710 116.17  37.87   19    4.7
  54711 116.28  37.70   19    6.0
  54712 116.82  37.20   23    7.6
  54713 116.53  37.88   15    9.1
  54714 116.33  37.45   24    8.6
  54716 116.80  37.67   17    7.7
  54717 116.40  37.63   18    8.6
  54718 116.43  37.15   26    8.1
  54719 116.68  38.03   12    6.4
  54722 117.63  37.75    7    3.0
  54723 117.57  37.65   11    2.7
  54724 117.13  37.32   21    4.1
  54726 117.18  37.70   12    3.8
  54728 117.38  37.77   16    2.9
  54729 117.87  37.17   11    1.7
  54730 118.13  37.70   11    1.1
  54731 118.22  37.48   16    1.1
  54732 118.52  37.87   13    0.3
  54734 118.00  37.35   12    2.0
  54736 118.67  37.43    9    0.1
  54737 118.15  37.15   17    0.8
  54738 118.40  37.05   20    1.5
  54749 119.95  37.18   48    0.3
  54800 115.25  36.98   35    3.7
  54801 115.48  36.85   36    3.4
  54802 115.73  36.82   35    3.4
  54803 116.02  36.98   28    5.1
  54804 115.13  36.30   46    0.3
  54805 115.45  36.48   41    0.9
  54806 115.97  36.42   39    2.7
  54807 115.80  36.13   44    1.0
  54809 115.28  36.55   42    1.4
  54810 116.27  36.87   28    4.1
  54811 116.62  36.93   22    8.0
  54812 116.75  36.78   23    4.5
  54814 116.23  36.58   32    3.1
  54815 116.27  36.38   33    1.7
  54816 116.80  36.52   82    3.0
  54817 115.87  35.98   43    0.7
  54818 116.42  36.25   72    0.7
  54819 116.80  36.18  118    2.3
  54820 115.17  36.82   38    2.9
  54821 117.20  37.00   21    4.4
  54822 117.73  36.87   46    2.7
  54824 117.95  36.63   95    1.3
  54825 117.85  36.52  195    1.9
  54827 117.15  36.17  137    2.5
  54828 117.68  36.23  228    2.5
  54829 117.87  36.77   88    1.2
  54830 117.93  36.82   35    1.3
  54831 118.50  36.65  102    2.5
  54832 118.73  36.88   29    3.1
  54833 118.08  36.97   19    1.6
  54834 118.28  36.87   46    1.3
  54835 118.55  36.50  110    2.6
  54837 118.83  36.68   76    3.5
  54841 119.40  36.87    8    1.8
  54844 119.18  36.42   67    3.0
  54846 119.75  36.38   37    2.9
  54848 119.42  35.98   81    2.6
  54849 120.00  36.27   16    1.2
  54851 120.57  36.90   81   0.01
  54853 120.42  36.17   43    0.5
  54855 120.47  36.38   30   0.01
  54901 115.17  36.08   47    1.9
  54902 115.12  35.90   49    0.3
  54903 115.48  35.85   50    0.9
  54904 115.52  35.58   51    0.1
  54905 115.93  35.58   53    0.6
  54906 115.42  35.25   51    0.5
  54907 116.65  34.98   38    1.1
  54910 116.05  35.82   45    0.1
  54911 116.45  35.93   51    0.1
  54912 116.48  35.70   47    0.6
  54913 116.82  35.75   67    0.6
  54914 116.08  35.42   44    0.8
  54915 116.60  35.43   34    0.7
  54917 116.32  35.10   41    0.4
  54918 116.97  35.60   66    2.0
  54919 116.98  35.42  111    1.0
  54920 117.28  35.65  110    1.9
  54921 116.33  35.42   39    0.2
  54922 117.78  35.88  223    4.5
  54923 117.93  35.72  202    2.6
  54925 117.63  35.52  170    2.0
  54927 117.20  35.10   79    2.7
  54932 118.65  35.77  184    3.4
  54935 118.43  35.53  120    2.2
  54938 118.40  35.05   66    1.9
  54939 118.82  35.17  116    1.7
  54940 119.20  35.75  147    1.9
  54943 120.00  35.88   13    2.9
  56016  95.62  33.85 4181    0.5
  56045  99.90  33.97 4051    0.6
  56081 103.35  34.70 2811   0.01
  56084 103.23  34.07 2376   0.01
  56094 104.37  33.78 1400   0.01
  56095 104.38  34.03 1754    1.9
  56181 103.70  30.68  543    0.3
  56186 104.20  31.33  589    8.5
  56189 103.93  30.98  584    1.0
  56190 104.55  31.55  518    0.7
  56192 104.67  32.95 1016   0.01
  56193 104.52  32.42  894    0.3
  56194 104.45  31.82  679   14.5
  56195 104.73  31.78  531    5.2
  56197 104.18  31.13  537    2.0
  56272 103.88  30.82  560    2.5
  56273 102.82  30.38 1011   0.01
  56276 103.82  30.45  468   38.5
  56278 102.77  30.07  756   0.01
  56279 102.93  30.15  683   0.01
  56280 103.12  30.08  692   0.01
  56281 103.50  30.18  512   12.3
  56285 103.52  30.60  525    3.0
  56286 104.25  30.55  514    0.3
  56288 103.92  30.58  495    5.8
  56289 103.87  30.20  439    9.0
  56290 104.18  30.78  515   12.8
  56291 104.28  30.97  474   12.4
  56296 104.43  30.85  449    0.5
  56380 103.37  29.92  466    0.3
  56381 103.52  30.02  497   10.8
  56383 103.87  29.83  454   0.01
  56384 103.48  29.60  446    3.1
  56391 103.82  30.08  416    4.0
  56490 103.90  28.95  396    0.9
  57001 105.33  34.75 1273   0.01
  57002 105.65  34.85 1217    0.2
  57006 105.75  34.58 1142    1.2
  57007 105.18  34.18 1406   0.01
  57008 105.30  34.03 1578   0.01
  57011 106.15  34.75 1379    4.8
  57012 106.20  34.98 1665    1.4
  57016 107.13  34.35  613    1.7
  57020 107.40  34.37  563    0.7
  57021 107.13  34.65  751    1.4
  57022 107.78  34.68 1026    1.2
  57023 108.10  35.03  841    0.8
  57024 107.65  34.45  671    0.5
  57026 107.88  34.37  586    0.4
  57027 107.73  34.27  518    0.4
  57029 108.48  34.50  544    0.1
  57031 108.55  34.82 1013    1.2
  57032 108.20  34.13  436    0.3
  57033 108.82  34.55  429   0.01
  57035 108.23  34.55  636    0.3
  57039 108.88  34.08  445    0.1
  57040 109.08  34.52  378    0.4
  57041 108.92  34.63  425   0.01
  57042 109.18  34.78  473   0.01
  57043 109.97  34.80  352   0.01
  57044 109.23  34.40  424    1.0
  57045 109.48  34.52  354    0.5
  57047 109.32  34.17  541    1.1
  57053 110.72  34.70  507    0.1
  57054 110.23  34.55  557    0.6
  57055 110.08  34.55  352    0.6
  57056 110.88  34.53  390    0.4
  57057 110.15  34.10  961    0.3
  57060 111.23  35.17  404    0.2
  57061 111.20  34.83  411    0.2
  57063 111.77  34.77  524    2.2
  57065 112.18  34.50  196    8.1
  57066 111.67  34.38  329    5.7
  57070 112.12  34.73  358    4.3
  57072 112.75  34.92  128    1.3
  57074 112.42  34.42  198    2.0
  57075 112.87  34.17  203    3.9
  57076 112.82  34.72  190    1.3
  57078 112.47  34.15  337    4.8
  57079 113.03  34.95  106    1.0
  57080 112.97  34.73  166    0.9
  57082 113.02  34.47  428    0.7
  57084 113.05  34.50 1180    1.3
  57085 113.37  34.55  289    0.2
  57086 113.72  34.38  116    1.6
  57087 113.80  34.20   88    1.1
  57088 113.50  34.15  117    2.5
  57090 113.97  34.72   79    0.4
  57093 114.82  34.85   74    1.6
  57094 114.22  34.40   71    1.6
  57095 114.15  34.12   61    2.8
  57096 114.78  34.53   60    3.2
  57098 114.40  34.08   59    1.4
  57099 114.85  34.07   53    0.7
  57102 105.72  33.75  971   0.01
  57105 105.60  33.33 1219   0.01
  57111 106.30  33.92  967   0.01
  57123 108.07  34.28  510    0.4
  57132 108.62  34.12  415   0.01
  57137 108.32  33.32  801   0.01
  57140 109.12  33.67  818   0.01
  57153 110.33  33.68  584    8.7
  57155 109.87  33.55  661    3.8
  57162 112.08  34.15  327    5.1
  57169 111.87  33.05  160    5.2
  57173 112.88  33.75  147    7.7
  57175 112.23  33.05  192    4.6
  57176 112.42  33.48  230    8.6
  57177 113.53  33.33   91    1.0
  57179 113.00  33.28  161    7.8
  57180 113.20  33.98  118    5.0
  57182 113.50  33.85   81    2.8
  57183 113.92  33.80   61    1.7
  57184 113.37  33.63   84    3.8
  57185 113.58  33.45   92    2.0
  57186 114.05  33.60   59    1.2
  57187 112.93  33.07  119    1.8
  57188 114.03  33.37   56    9.9
  57189 113.95  33.13   65    7.1
  57190 114.40  33.75   51    1.6
  57191 114.48  34.48   64    2.8
  57192 114.85  33.73   47    4.1
  57194 114.27  33.28   60    6.5
  57195 114.62  33.62   47    5.0
  57196 114.87  33.47   42    4.1
  57197 114.33  33.00   54   11.4
  57198 114.62  33.55   47   16.5
  57231 108.53  32.53  504   18.7
  57233 108.50  32.90  413    5.5
  57242 109.37  32.85  285    5.7
  57247 108.90  32.32  442    3.0
  57248 109.33  32.40  429   11.7
  57249 109.68  32.32  453   10.6
  57253 110.82  32.85  204   18.1
  57254 110.12  32.82  324    9.1
  57257 110.23  32.23  309   33.9
  57260 111.52  32.55  143   13.3
  57261 111.50  33.13  196   15.4
  57268 111.63  32.27   87    3.4
  57271 112.38  32.55   89    2.2
  57273 112.85  32.68  110    4.2
  57274 112.12  32.70  108    4.6
  57281 113.30  32.70  142    2.7
  57292 114.63  32.97   44   14.7
  57293 114.98  32.73   39   25.1
  57294 114.02  32.83   84    7.3
  57295 114.35  32.62   83   18.2
  57296 114.73  32.35   50   10.2
  57298 114.55  32.22   56    8.8
  57299 114.90  32.02   50    8.4
  57324 107.08  31.58  363    0.1
  57326 107.72  31.37  390   0.01
  57329 107.85  31.10  462   0.01
  57333 108.67  31.95  800   12.0
  57338 108.42  31.18  213   0.01
  57339 108.68  30.95  296    3.5
  57345 109.62  31.40  339   10.7
  57349 109.87  31.07  270    0.3
  57361 111.27  31.88  331    0.8
  57362 110.67  31.75  939    5.3
  57363 111.83  31.80  146    3.7
  57370 112.22  31.73   68    9.0
  57377 112.22  31.00  184    0.2
  57385 113.82  31.63   94    8.0
  57386 114.00  31.25   37    6.0
  57387 113.13  31.00   80    6.9
  57388 113.70  31.27   55   16.0
  57389 113.75  31.03   33    4.3
  57390 114.07  31.80  731    7.0
  57396 114.85  31.63  130    6.2
  57398 114.62  31.28   76   10.3
  57413 106.97  30.85  295   0.01
  57431 108.35  30.83  256   0.01
  57437 108.03  30.30  326   0.01
  57453 111.32  30.77  116    1.3
  57460 111.78  30.82   91    0.1
  57464 111.18  30.47  144   0.01
  57465 111.45  30.38   76    0.7
  57466 111.77  30.43   50    0.3
  57469 111.77  30.18   68    0.9
  57475 112.90  30.40   33   19.7
  57477 112.22  30.07   39    2.8
  57481 113.58  30.95   31    3.3
  57485 113.45  30.37   33   21.5
  57486 113.85  30.65   25   35.6
  57489 114.00  30.58   39   21.7
  57491 114.40  30.87   31   20.5
  57492 114.80  30.83   33   33.7
  57495 114.88  30.67   19   55.0
  57496 114.87  30.37   30   16.4
  57498 114.90  30.43   22   25.3
  57499 114.97  30.10   40    9.5
  57509 106.93  28.95  325   0.01
  57540 109.15  29.68  776   0.01
  57541 109.48  30.00  533    0.3
  57543 110.03  29.88  540    0.4
  57544 109.45  29.47  486   0.01
  57564 111.13  29.43  103    0.1
  57565 111.75  29.65   39   11.6
  57566 111.65  29.45   50    0.6
  57571 112.40  29.70   37   11.8
  57575 112.57  29.52   32    3.8
  57577 112.17  29.40   37    0.4
  57582 113.88  29.73   51   14.1
  57585 113.45  29.48   60    1.8
  57586 114.03  29.53   79    2.7
  57589 113.80  29.25  103    3.3
  57590 114.37  29.85   64    9.9
  57596 114.20  29.63    0    4.7
  57623 107.60  28.88  684    0.1
  57634 107.88  28.52  658    4.3
  57635 108.98  28.45  363    0.3
  57636 108.50  28.57  335   19.5
  57637 108.12  28.25  524    2.0
  57640 109.45  28.58  344    0.6
  57643 109.83  29.00  268   0.01
  57646 109.95  28.62  301    0.1
  57661 111.48  28.92   51    0.8
  57663 111.95  28.92   31    0.9
  57666 112.13  28.52   49    0.4
  57674 112.47  28.57   44   0.01
  57678 112.55  28.25   71   0.01
  57694 114.38  28.53  256    0.9
  57699 114.92  28.23   68    0.1
  57713 106.88  27.70  844    0.3
  57714 106.23  27.47  942   0.01
  57717 106.83  27.53  974    2.4
  57719 106.97  27.07 1280    4.8
  57720 107.17  27.88  888   0.01
  57728 107.47  27.07 1095    1.7
  57732 108.40  28.02  458   17.5
  57734 108.23  27.57  468    7.9
  57735 108.82  27.18  396    0.9
  57736 108.85  27.70  376   14.6
  57737 108.12  27.03  546   0.01
  57739 108.88  27.23  375    3.9
  57740 109.60  27.95  349    4.9
  57742 109.20  27.52  883    9.0
  57743 109.80  27.88  176    5.4
  57744 109.17  27.37  356   15.1
  57754 110.15  27.35  170    1.9
  57760 111.43  27.70  247   0.01
  57811 106.60  26.85 1242   12.7
  57821 107.50  26.70  924   0.01
  57824 107.23  26.58 1005   0.01
  57828 107.58  26.50  983   0.01
  57829 107.80  26.20  964   0.01
  57859 110.63  26.03  409    0.2
  57891 114.25  26.93  144   0.01
  57914 106.67  26.42 1143    0.3
  57941 109.60  25.78  198    3.0
  57942 110.00  25.80  267   0.01
  57948 109.25  25.08  123   0.01
  57949 110.00  24.98  157    0.5
  57954 110.18  25.23  158    0.3
  57955 110.67  25.62  224   0.01
  57956 110.32  25.42  169    1.9
  57958 110.32  25.08  152   0.01
  57964 111.15  25.50  258   0.01
  57976 112.95  25.42  226   0.01
  57978 112.55  25.28  291   0.01
  57989 113.73  25.10   96   0.01
  58001 115.10  34.43   57    0.8
  58002 115.58  34.85   53    1.4
  58003 115.88  34.95   48    1.1
  58004 115.15  34.65   61    2.3
  58006 115.88  34.38   47    4.1
  58007 115.30  34.07   53    3.3
  58008 115.33  34.47   55    0.5
  58011 116.07  34.80   44    0.7
  58012 116.58  34.68   40    1.5
  58013 116.90  34.75   40    1.0
  58016 116.97  34.18   39    1.3
  58017 116.13  34.25   42    4.3
  58020 117.13  34.80   38    0.6
  58021 117.28  34.78   80    1.2
  58022 117.57  34.75   48    1.7
  58024 117.58  34.87   78    1.3
  58025 117.73  34.57   32    0.3
  58030 118.07  34.85   47    0.6
  58032 118.65  34.93   75    2.2
  58035 118.35  34.33   30    0.9
  58036 118.73  34.52   39    0.6
  58041 119.43  34.78   22    1.2
  58044 119.23  34.53    5    1.6
  58045 119.60  34.20    8    1.5
  58048 119.35  34.12    9    0.2
  58049 119.82  34.03    7    1.0
  58100 115.17  33.65   42    6.1
  58101 115.48  33.87   42    4.4
  58104 115.07  33.40   42   10.7
  58107 115.25  33.07   40   15.2
  58108 115.33  33.23   46    7.0
  58109 115.62  33.18   37    9.4
  58112 116.45  30.73  933   44.4
  58113 116.75  33.93   35    5.5
  58114 116.18  33.48   29    4.6
  58116 116.83  33.98   32    3.2
  58117 116.20  33.13   33   15.3
  58125 117.55  33.55   28    4.6
  58126 117.87  33.47   24    6.6
  58127 117.20  32.98   23    6.2
  58128 117.30  33.32   23   10.2
  58129 117.87  33.13   20    3.8
  58131 118.27  33.98   28    2.4
  58132 118.68  33.72   19    2.0
  58139 118.88  33.30   13    2.6
  58140 119.30  33.77   13    1.3
  58145 119.17  33.53    8    1.0
  58146 119.77  33.47    7    1.2
  58147 118.97  32.98   28    2.3
  58148 119.30  33.23   11    1.7
  58154 120.20  33.43    7    0.9
  58202 115.58  32.63   37   21.8
  58205 115.43  32.47   36   11.2
  58207 115.05  32.17   42    5.7
  58210 116.23  32.65   25   24.6
  58212 116.73  32.72   27   26.1
  58214 116.28  32.33   37    9.9
  58220 117.15  32.47   32   33.8
  58222 117.55  32.85   31   16.9
  58223 117.98  32.78   38   18.2
  58224 117.02  32.65   36    8.5
  58230 118.27  32.08   34   22.6
  58234 118.42  32.47   43   10.2
  58235 118.85  32.37   16   22.6
  58237 118.62  32.05   22   38.6
  58240 119.02  32.68   25   11.6
  58242 119.18  32.28   14   30.3
  58243 119.83  32.93    7    4.8
  58244 119.58  32.45   10   24.6
  58245 119.42  32.42   14   28.3
  58246 119.90  32.52   11   14.3
  58247 119.82  32.25    5   21.2
  58249 120.00  32.17    8   31.9
  58250 120.15  32.52   10   13.5
  58254 120.45  32.52    5    9.6
  58257 120.25  31.98   12   21.5
  58264 121.18  32.33   11   10.9
  58268 121.08  32.10    8   12.4
  58269 121.65  31.78   12   35.6
  58301 115.38  31.82   90   13.2
  58306 115.88  31.68   94   13.4
  58316 116.95  31.47   26   20.6
  58317 116.37  30.87  434   38.8
  58320 117.13  31.73   26   14.6
  58323 117.47  31.88   29   14.2
  58327 117.28  31.25   24   20.3
  58329 117.87  31.33   24   17.2
  58330 118.08  31.75   20   20.7
  58331 118.37  31.73   26   44.8
  58334 118.37  31.38   23   21.0
  58335 118.52  31.57   16   17.3
  58337 118.18  31.08   30   21.2
  58339 118.90  31.33   24   18.1
  58340 119.03  31.65   23   29.8
  58341 119.58  31.98   10   22.4
  58342 119.55  31.72    7   28.4
  58344 119.20  31.97   35   27.9
  58346 119.82  31.33   15   13.1
  58349 120.63  31.27    9    1.5
  58351 120.30  31.90   12   30.8
  58352 120.77  31.65    8    8.1
  58353 120.57  31.87    6   29.4
  58359 120.62  31.13    9    1.4
  58360 121.20  31.92    6   21.3
  58361 121.37  31.10   10    2.2
  58365 121.25  31.37    9    1.0
  58366 121.40  31.63    9    5.7
  58367 121.43  31.20   18    2.1
  58369 121.78  31.05    9    1.2
  58370 121.55  31.22   11    1.8
  58377 121.10  31.47    6    1.2
  58401 115.40  30.78  106   67.0
  58404 115.22  30.47   57   17.1
  58408 115.43  30.23   35   10.3
  58409 115.93  30.07   20    1.5
  58415 116.58  30.63   38   12.4
  58416 116.82  30.75   38   38.0
  58417 116.13  30.17   50    2.2
  58418 116.70  30.13   26    5.3
  58420 117.22  30.72   38   26.7
  58421 117.87  30.63   32   14.8
  58423 117.78  30.48  643   13.8
  58426 118.13  30.30  192    8.4
  58427 117.48  30.67   36   24.5
  58428 117.48  30.22  115   16.0
  58431 118.32  30.92   17   16.5
  58432 118.40  30.68   39    8.3
  58433 118.75  30.93   30   15.9
  58435 118.53  30.30  221    5.5
  58438 118.58  30.08  197    1.9
  58441 119.42  30.87   53    0.8
  58442 119.18  31.13   16   19.0
  58443 119.90  31.02   19    0.4
  58446 119.68  30.63   25    1.1
  58449 119.95  30.05   47    2.6
  58451 120.93  30.83    3    2.7
  58452 120.77  30.73    4    1.8
  58453 120.50  30.07   10    1.4
  58454 119.97  30.53    5    0.2
  58455 120.65  30.52    8    2.9
  58456 120.52  30.63    6    0.6
  58458 120.90  30.53    3    5.9
  58459 120.28  30.18   42    0.4
  58460 121.35  30.73    6    2.2
  58461 121.12  31.13    8    2.9
  58462 121.23  31.03    9    2.6
  58463 121.50  30.88    9    2.8
  58468 121.17  30.05   10    1.8
  58484 122.20  30.25    9   16.5
  58501 115.63  29.93   25    0.6
  58502 116.00  29.73   37    5.0
  58503 115.68  29.70   41    1.3
  58508 115.77  29.33   42   0.01
  58509 115.82  29.05   38    0.5
  58510 116.23  29.73   40   12.5
  58512 116.55  29.90   66    2.7
  58514 116.05  29.45   35    1.9
  58517 116.20  29.27   43    2.3
  58523 117.93  29.93  231   10.8
  58529 117.85  29.27   82   0.01
  58530 118.43  29.87  170    7.6
  58534 118.18  29.78  173    2.8
  58542 119.68  29.82   45    0.1
  58546 119.88  29.47  114   0.01
  58550 120.25  29.70   39    0.3
  58555 120.88  29.52  112   0.01
  58561 121.60  29.98    3    0.8
  58563 121.83  29.88    4    3.2
  58565 121.43  29.68    6    1.2
  58566 121.88  29.47   14    1.8
  58567 121.43  29.32   39    0.2
  58570 122.30  29.95   83   15.8
  58601 115.38  28.70   54    6.1
  58602 115.55  28.85   46    3.5
  58693 115.83  28.70   37    0.4
  59033 108.90  24.78  330   0.01
  59034 108.67  24.48  149   0.01
  59038 108.65  24.07  142   0.01
  59041 109.25  24.65  109    1.1
  59044 109.38  24.47   99    1.1
  59045 109.75  24.48   95   0.01
  59047 109.33  24.25  101    0.8
  59051 110.50  24.77  133   0.01
  59052 110.82  24.83  167   0.01
  59057 110.18  24.13  827   0.01
  59059 110.80  24.18  107   10.9
  59061 111.27  24.82  198    0.1
  59071 112.28  24.73  175    0.1
  59075 112.63  24.48   70   0.01
  59081 113.27  24.78   98    0.3
  59227 107.15  23.08  438   0.01
  59230 108.17  23.72  173    0.2
  59235 108.62  23.43  116   0.01
  59237 108.28  23.17  115   0.01
  59238 108.80  23.22  123    0.4
  59241 109.68  23.97   91   0.01
  59246 109.67  23.60   70   0.01
  59249 109.62  23.12   56   0.01
  59255 110.38  23.55   37    0.1
  59270 112.18  23.92   78   0.01
  59276 112.65  23.35   40   0.01
  59279 112.87  23.18   18   0.01
  59288 113.13  23.05    3   0.01
  59419 106.75  22.10  243   0.01
  59441 109.25  22.70   78    0.1
  59448 109.55  22.27   70   0.01
  59449 109.98  22.30   80   0.01
  59469 111.78  22.17   33    0.1
  59470 112.22  22.72   33   0.01
  59477 112.30  22.18   25   0.01
  59487 113.30  22.23   12   0.01
  59635 108.35  21.62   26    0.1
  59640 109.18  21.67    6   0.01
  59654 110.30  21.63   28   0.01
  59851 110.33  19.70   25   0.01
  59940 109.17  18.75  156   0.01
  59941 109.52  18.77  328    0.1
  59945 109.70  18.65   65   0.01
  59951 110.33  18.80   38    0.7
