diamond  3 2014年04月08日08点24小时降雨量                    
  14  04  08  08    -2 3 10 25 50 1 0
 39 122.7  37.3 122.5  36.7 120.8  36.2 119.3  35.0 120.4  34.3
 121.1  32.7 122.3  30.9 122.5  30.1 121.5  28.0 119.8  25.0
 116.1  22.6 111.0  21.0 111.0  18.6 109.6  18.1 108.3  18.5
 108.9  19.9 109.3  21.0 106.4  21.6 104.1  22.2 101.6  20.8
  98.7  22.0  97.1  24.1  97.7  27.0  91.7  26.6  85.7  27.7
  78.9  30.6  73.3  37.1  74.1  40.7  87.6  49.8  98.5  43.9
 110.4  44.3 122.0  54.7 135.7  48.3 131.5  42.2 125.2  39.4
 121.3  38.5 121.2  40.3 118.5  38.6 120.8  38.1
1                    482
  45045 114.30  22.18   55    3.5
  51328  80.42  44.20  774    0.8
  51329  80.85  44.05  641    0.6
  51352  85.25  44.85  338    0.4
  51353  86.10  45.02  347   0.01
  51356  86.05  44.32  444    2.7
  51357  85.62  44.33  523    3.2
  51359  86.20  44.32  473    4.7
  51368  87.32  44.12  516    2.1
  51369  87.65  43.97  601   11.2
  51377  87.92  44.17  547    9.4
  51378  89.17  44.02  735    4.4
  51430  81.15  43.83  605    1.9
  51434  81.53  43.97  771    1.8
  51435  82.23  43.47  776    0.1
  51436  83.25  43.45  929    5.5
  51438  81.77  43.18 1210    4.6
  51465  87.10  43.48 1874   21.7
  51468  86.83  43.10 3543    5.4
  51482  90.28  43.83 1271    9.5
  51629  80.23  41.27 1134   0.01
  54024 119.30  44.45  710    0.2
  56045  99.90  33.97 4051   0.01
  56147  98.83  31.22 3261   0.01
  56164 100.98  32.27 3286    0.3
  56168 102.07  31.48 2170    1.8
  56171 101.70  32.90 3276    1.1
  56184 103.17  31.43 1884    0.2
  56185 102.98  32.08 2400    0.4
  56278 102.77  30.07  756   0.01
  56279 102.93  30.15  683   0.01
  56280 103.12  30.08  692    0.1
  56284 103.48  30.42  502    0.3
  56381 103.52  30.02  497    0.1
  56389 103.95  29.20  386   0.01
  56393 104.85  29.77  370   0.01
  56395 104.67  29.52  349    0.1
  56396 104.77  29.35  352    0.2
  56399 104.98  29.18  307    0.1
  56443  99.80  28.93 2842    1.4
  56473 102.77  28.95 1061   0.01
  56474 102.17  28.55 1775    6.2
  56478 102.43  28.30 1819    3.2
  56487 103.13  28.33 1945    4.7
  56489 103.63  28.23  876    1.5
  56569 102.18  27.42 1381   0.01
  56575 102.55  27.37 1429   0.01
  56580 102.80  27.72 2461    7.2
  56582 103.90  27.75 1177    7.9
  56584 103.25  27.70 1093    4.3
  56585 103.53  27.18 1916    7.7
  56594 104.05  27.63  884   13.7
  56595 104.87  27.42 1644    2.6
  56596 105.05  27.85 1176    2.2
  56598 104.73  27.13 1538    1.0
  56673 102.92  26.92  894   0.01
  56697 104.08  26.22 1987   0.01
  56782 103.55  25.42 2064   0.01
  56783 103.80  25.50 1906   0.01
  56790 104.25  25.68 1920   0.01
  56835  97.82  24.07  958    0.8
  56836  97.95  24.70  828   0.01
  56839  98.82  23.77  994   0.01
  56840  98.30  24.82 1013    0.2
  56841  98.68  24.60 1527    0.5
  56846  99.93  24.58 1569   0.01
  56849  99.23  24.03 1607    0.1
  56952 100.70  23.50  914   0.01
  56992 104.70  23.45 1508    1.6
  57295 114.35  32.62   83   0.01
  57298 114.55  32.22   56   0.01
  57505 105.58  29.42  324    1.6
  57506 105.90  29.37  376    2.6
  57507 105.30  29.33  374    1.1
  57508 105.37  29.15  302    1.0
  57509 106.93  28.95  325    1.2
  57511 106.45  29.85  242    0.2
  57514 106.22  29.58  325    0.5
  57518 106.53  29.38  243    0.7
  57519 107.08  29.15  559    0.3
  57525 107.75  29.32  273    1.0
  57537 108.17  29.30  321    0.2
  57540 109.15  29.68  776    0.1
  57543 110.03  29.88  540   0.01
  57603 105.83  28.82  283    1.7
  57609 105.70  28.58  316    2.7
  57623 107.60  28.88  684    0.2
  57634 107.88  28.52  658    2.2
  57635 108.98  28.45  363    4.2
  57636 108.50  28.57  335    2.4
  57637 108.12  28.25  524    0.9
  57640 109.45  28.58  344    3.2
  57646 109.95  28.62  301    1.2
  57657 110.20  28.22  182    0.3
  57658 110.20  28.02  144    3.9
  57663 111.95  28.92   31   0.01
  57666 112.13  28.52   49    0.2
  57674 112.47  28.57   44   0.01
  57678 112.55  28.25   71    3.8
  57688 113.63  28.15  100    0.3
  57698 114.45  28.12   99   0.01
  57708 105.60  27.15 1704    4.3
  57713 106.88  27.70  844   13.7
  57714 106.23  27.47  942    8.0
  57717 106.83  27.53  974   33.0
  57719 106.97  27.07 1280    6.3
  57720 107.17  27.88  888    6.2
  57723 107.72  27.98  710    2.8
  57728 107.47  27.07 1095    4.4
  57732 108.40  28.02  458    2.6
  57734 108.23  27.57  468    8.5
  57735 108.82  27.18  396    8.3
  57736 108.85  27.70  376    6.7
  57737 108.12  27.03  546    9.0
  57738 108.42  27.05  517    3.1
  57739 108.88  27.23  375    8.2
  57740 109.60  27.95  349    2.3
  57742 109.20  27.52  883    6.4
  57743 109.80  27.88  176    3.4
  57744 109.17  27.37  356   12.4
  57754 110.15  27.35  170   11.2
  57760 111.43  27.70  247    3.8
  57762 111.70  27.68  163    7.5
  57763 112.00  27.73  151    3.9
  57767 111.03  27.12  266    6.9
  57768 111.45  27.32  242   15.2
  57769 111.73  27.23  257   22.1
  57771 112.52  27.93   89    0.8
  57772 112.50  27.75   84    1.3
  57773 112.82  27.87   63    0.4
  57777 112.87  27.23   65   20.6
  57778 112.95  27.10   68   18.2
  57781 113.50  27.65   71    1.0
  57786 113.85  27.65  110    2.6
  57796 114.93  27.80   79   0.01
  57798 114.60  27.40   89   11.2
  57800 105.37  26.77 1458    7.1
  57807 105.47  26.20 1359    3.6
  57808 105.75  26.32 1272    0.9
  57809 105.75  26.07 1251    4.5
  57811 106.60  26.85 1242    2.8
  57813 106.47  26.57 1265    2.0
  57814 106.27  26.42 1285    2.3
  57818 106.45  26.03 1145    3.9
  57821 107.50  26.70  924    7.8
  57822 107.90  26.90  833    3.0
  57824 107.23  26.58 1005    3.1
  57828 107.58  26.50  983    3.5
  57829 107.80  26.20  964    2.9
  57834 108.30  26.68  642    4.7
  57835 108.43  26.72  521    5.3
  57837 108.07  26.40  838    2.0
  57842 109.72  26.88  281    5.1
  57844 109.18  26.68  344    3.1
  57846 110.15  26.58  307   10.2
  57851 110.85  26.45  307    2.7
  57859 110.63  26.03  409    3.5
  57860 111.28  27.00  282   10.5
  57865 111.58  26.47  166    1.3
  57867 111.28  26.40  169    1.7
  57868 111.87  26.60  113    7.1
  57870 112.10  26.80  151    4.4
  57871 112.37  26.98   91    9.6
  57875 112.50  26.88   71    7.3
  57876 112.83  26.43  118    1.7
  57881 113.25  26.72  105    4.8
  57882 113.55  26.78  135   18.0
  57883 114.28  26.75  257   16.6
  57886 113.78  26.50  226    2.2
  57887 113.12  26.13  124    1.7
  57891 114.25  26.93  144   48.9
  57895 114.78  26.47   96   10.1
  57899 114.92  26.80   66   29.1
  57900 105.22  25.83 1553    0.5
  57903 105.60  25.93 1138    2.2
  57905 105.63  25.40 1063   18.2
  57908 105.48  25.12 1393   18.7
  57909 105.82  24.98  584    9.5
  57911 106.65  26.67 1325    2.2
  57913 106.98  26.45 1095    2.6
  57914 106.67  26.42 1143    3.4
  57915 106.77  26.63 1102    1.9
  57921 107.32  25.83  710    1.1
  57923 107.87  25.98  418    2.4
  57927 107.18  24.97  283    0.8
  57936 108.92  25.75  255    0.4
  57941 109.60  25.78  198    1.5
  57942 110.00  25.80  267    3.6
  57948 109.25  25.08  123    4.9
  57949 110.00  24.98  157    0.1
  57954 110.18  25.23  158    0.8
  57955 110.67  25.62  224    1.0
  57956 110.32  25.42  169    1.0
  57958 110.32  25.08  152    0.4
  57960 111.07  25.93  192    0.3
  57962 111.65  25.97  166    0.8
  57964 111.15  25.50  258    0.2
  57971 112.20  25.92  225    0.1
  57976 112.95  25.42  226    0.5
  57981 113.22  25.98  141    0.5
  57985 113.68  25.57  608   0.01
  57989 113.73  25.10   96    1.2
  57991 114.55  25.80  148    4.5
  57994 114.35  25.40  208   0.01
  57995 114.93  25.40  166   0.01
  58002 115.58  34.85   53    0.2
  58114 116.18  33.48   29    0.5
  58117 116.20  33.13   33   0.01
  58126 117.87  33.47   24   0.01
  58128 117.30  33.32   23    0.8
  58147 118.97  32.98   28    0.4
  58148 119.30  33.23   11    0.1
  58202 115.58  32.63   37    0.2
  58205 115.43  32.47   36   0.01
  58214 116.28  32.33   37    0.8
  58220 117.15  32.47   32   0.01
  58222 117.55  32.85   31    0.8
  58223 117.98  32.78   38    0.5
  58224 117.02  32.65   36   0.01
  58230 118.27  32.08   34    1.1
  58234 118.42  32.47   43    9.0
  58235 118.85  32.37   16    8.0
  58237 118.62  32.05   22    1.5
  58240 119.02  32.68   25    4.0
  58242 119.18  32.28   14    3.0
  58244 119.58  32.45   10    0.6
  58245 119.42  32.42   14    4.2
  58247 119.82  32.25    5    0.9
  58249 120.00  32.17    8    1.2
  58250 120.15  32.52   10   0.01
  58257 120.25  31.98   12    0.1
  58264 121.18  32.33   11    0.2
  58269 121.65  31.78   12    1.4
  58323 117.47  31.88   29   0.01
  58330 118.08  31.75   20   0.01
  58331 118.37  31.73   26    0.3
  58335 118.52  31.57   16   0.01
  58337 118.18  31.08   30    2.8
  58339 118.90  31.33   24    0.2
  58341 119.58  31.98   10    9.6
  58342 119.55  31.72    7    0.7
  58344 119.20  31.97   35    2.3
  58346 119.82  31.33   15    3.9
  58349 120.63  31.27    9    2.9
  58351 120.30  31.90   12    0.3
  58352 120.77  31.65    8    1.6
  58359 120.62  31.13    9    6.6
  58361 121.37  31.10   10    2.2
  58365 121.25  31.37    9    0.8
  58366 121.40  31.63    9    4.5
  58367 121.43  31.20   18    2.2
  58369 121.78  31.05    9    1.4
  58370 121.55  31.22   11    2.9
  58377 121.10  31.47    6    3.8
  58409 115.93  30.07   20    0.1
  58417 116.13  30.17   50   0.01
  58420 117.22  30.72   38   0.01
  58421 117.87  30.63   32   0.01
  58423 117.78  30.48  643   0.01
  58426 118.13  30.30  192    0.1
  58427 117.48  30.67   36   0.01
  58433 118.75  30.93   30    1.4
  58435 118.53  30.30  221   0.01
  58438 118.58  30.08  197    0.1
  58441 119.42  30.87   53    1.3
  58442 119.18  31.13   16    4.0
  58443 119.90  31.02   19    3.5
  58446 119.68  30.63   25    1.5
  58449 119.95  30.05   47    0.2
  58451 120.93  30.83    3    3.0
  58452 120.77  30.73    4    1.2
  58453 120.50  30.07   10    0.6
  58454 119.97  30.53    5    0.2
  58455 120.65  30.52    8    0.2
  58456 120.52  30.63    6    0.2
  58458 120.90  30.53    3   0.01
  58459 120.28  30.18   42    1.0
  58460 121.35  30.73    6    0.6
  58461 121.12  31.13    8    3.7
  58462 121.23  31.03    9    1.4
  58463 121.50  30.88    9    1.6
  58468 121.17  30.05   10    2.3
  58484 122.20  30.25    9    1.6
  58510 116.23  29.73   40   0.01
  58512 116.55  29.90   66   0.01
  58514 116.05  29.45   35   0.01
  58517 116.20  29.27   43   0.01
  58529 117.85  29.27   82    0.3
  58534 118.18  29.78  173    0.1
  58537 118.40  29.13  153    0.3
  58546 119.88  29.47  114    0.1
  58547 119.18  29.03   65    1.3
  58548 119.47  29.22   46    0.1
  58550 120.25  29.70   39    0.2
  58555 120.88  29.52  112   0.01
  58559 120.98  29.17   59    0.1
  58561 121.60  29.98    3    1.0
  58563 121.83  29.88    4    0.7
  58565 121.43  29.68    6    3.7
  58566 121.88  29.47   14    0.3
  58567 121.43  29.32   39   0.01
  58568 121.38  29.12   35    0.2
  58570 122.30  29.95   83    1.2
  58612 116.68  28.70   22    0.6
  58614 116.27  28.38   40   0.01
  58615 117.08  28.68   56    0.4
  58616 116.82  28.20   44    0.3
  58618 116.60  28.23   51    0.7
  58619 116.37  28.00   47    1.0
  58620 117.13  28.97   37    1.5
  58623 117.92  28.47   92    2.2
  58624 117.43  28.40   64    0.5
  58625 117.60  28.42   80    0.6
  58627 117.03  28.25   64    0.5
  58629 117.70  28.32   59    1.1
  58632 118.60  28.72  124    0.3
  58635 118.20  28.43   96    1.3
  58642 119.80  28.88  102    0.3
  58643 120.03  28.90   99   0.01
  58644 119.28  28.60  237    0.5
  58647 119.13  28.07  196    0.1
  58654 120.08  28.67  184    1.0
  58657 120.28  28.15   59   0.01
  58660 121.13  28.85    8    0.1
  58664 121.37  28.37   33   0.01
  58693 115.83  28.70   37   0.01
  58701 115.40  27.77   47    1.7
  58704 115.35  27.62   61    3.6
  58706 115.83  27.43  180   18.6
  58707 115.13  27.22   66   19.6
  58710 116.05  27.77   76    3.9
  58712 116.78  27.92  123    2.9
  58713 117.07  27.72  220    5.7
  58714 116.23  27.55  115    9.2
  58719 116.93  27.30  123   12.5
  58724 117.30  27.52  264   18.2
  58735 118.80  27.52  201   14.4
  58736 118.82  27.37  220   11.7
  58745 119.07  27.62  368   10.3
  58746 119.70  27.55  514    0.3
  58747 119.35  27.15  900    0.3
  58748 119.65  27.10   51   0.01
  58749 119.88  27.23  680    0.5
  58804 115.35  26.35  153   19.8
  58814 116.35  26.35  237    6.0
  58819 116.80  26.17  329    0.9
  58821 117.47  26.73  174    3.0
  58822 116.85  26.83  341   14.8
  58823 117.80  26.80  173    2.0
  58824 117.15  26.40  355    0.1
  58826 117.80  26.40  120    0.1
  58836 118.73  26.58  359   0.01
  58848 119.55  26.20   12   0.01
  58850 120.23  26.92   88    0.2
  58903 116.03  25.90  208    0.9
  58905 115.42  25.97  136    0.6
  58906 115.80  25.60  167   0.01
  58907 115.40  25.15  300   13.3
  58912 116.75  25.72  379    0.3
  58917 116.10  25.08  307    1.0
  58923 117.83  25.70  397    0.4
  58928 117.53  25.02  160    0.3
  58929 118.15  25.07   66    1.8
  58932 118.93  25.87   85    0.3
  58934 118.27  25.33  170    0.7
  58935 118.23  25.48  516    0.6
  58938 118.98  25.23   22    3.2
  58941 119.50  25.97   11    0.1
  58942 119.38  25.72   39    0.9
  58946 119.00  25.45   84    2.7
  59001 105.33  24.78  674   32.4
  59012 106.55  24.78  973    5.1
  59015 106.57  24.35  442    2.5
  59022 107.55  24.98  695    0.4
  59025 107.38  24.53  249    1.2
  59031 108.25  24.83  205    3.9
  59033 108.90  24.78  330    3.5
  59034 108.67  24.48  149    0.6
  59038 108.65  24.07  142   0.01
  59041 109.25  24.65  109    0.7
  59044 109.38  24.47   99    0.2
  59047 109.33  24.25  101    0.2
  59051 110.50  24.77  133    0.9
  59052 110.82  24.83  167   0.01
  59057 110.18  24.13  827   0.01
  59059 110.80  24.18  107   0.01
  59061 111.27  24.82  198    0.4
  59063 111.45  25.18  262    0.2
  59064 111.32  24.55  141   0.01
  59071 112.28  24.73  175   0.01
  59074 112.15  24.57  300   0.01
  59075 112.63  24.48   70    0.5
  59081 113.27  24.78   98    0.5
  59090 114.07  24.95  103    0.3
  59091 114.53  24.75  257    0.5
  59093 115.03  24.78  254    0.6
  59094 114.12  24.37  135    1.2
  59099 114.93  24.45  175    2.4
  59106 115.90  24.58  152    0.2
  59109 115.73  24.15  126    0.3
  59114 116.17  24.65  131    0.3
  59122 117.75  24.62   42    2.2
  59124 117.37  24.52   31    1.2
  59125 117.30  24.38  105    2.3
  59127 117.83  24.43   14    6.6
  59129 117.60  24.13   53    4.4
  59130 118.15  24.73   28    1.5
  59131 118.37  24.97   44    1.5
  59137 118.57  24.82   55    1.6
  59213 106.92  23.73  113   0.01
  59215 106.62  23.33  640    0.7
  59224 107.12  23.60  116   0.01
  59227 107.15  23.08  438    0.9
  59229 107.70  23.18  101   0.01
  59230 108.17  23.72  173    0.1
  59235 108.62  23.43  116    0.4
  59237 108.28  23.17  115   0.01
  59238 108.80  23.22  123    0.1
  59241 109.68  23.97   91   0.01
  59246 109.67  23.60   70   0.01
  59249 109.62  23.12   56    0.7
  59255 110.38  23.55   37   0.01
  59264 111.50  23.40   79    0.1
  59266 111.23  23.42   46    0.2
  59276 112.65  23.35   40    0.7
  59279 112.87  23.18   18    0.2
  59284 113.22  23.38    6    0.2
  59285 113.60  23.57   39    2.7
  59288 113.13  23.05    3    0.4
  59290 114.23  23.73   71    8.9
  59297 114.28  23.18   16    1.7
  59310 116.18  23.77   39    2.4
  59312 116.63  23.67   11    4.7
  59313 116.98  23.68   42    6.0
  59314 116.13  23.30   27    3.7
  59315 116.38  23.58   25    0.4
  59318 116.58  23.27   10    2.6
  59319 116.77  23.47    9    9.9
  59320 117.13  23.77   27    8.7
  59322 117.37  23.98   20    5.2
  59419 106.75  22.10  243   39.4
  59421 107.20  22.83  257    4.3
  59425 107.35  22.40  107   13.9
  59426 107.90  22.63   92    1.7
  59427 107.07  22.12  162   25.3
  59429 107.97  22.15  183   31.3
  59432 108.40  22.80  203    1.2
  59435 108.48  22.77   75    1.6
  59441 109.25  22.70   78    3.5
  59448 109.55  22.27   70    4.9
  59449 109.98  22.30   80    4.0
  59451 110.35  22.70   99    0.7
  59452 110.53  22.85  100    0.2
  59454 111.00  22.92  104   0.01
  59457 110.27  22.32  120   0.01
  59469 111.78  22.17   33    0.2
  59470 112.22  22.72   33    0.1
  59471 112.05  22.93  102   0.01
  59473 112.97  22.77   20    1.6
  59475 112.65  22.40   24    0.2
  59476 113.03  22.53   35    0.1
  59477 112.30  22.18   25    5.1
  59480 113.25  22.85   21   0.01
  59481 113.32  22.93   16    0.5
  59487 113.30  22.23   12    0.2
  59492 114.70  22.92   43    0.1
  59500 115.32  22.97   10    2.5
  59502 115.65  22.95   11    1.9
  59635 108.35  21.62   26   20.0
  59640 109.18  21.67    6   11.4
  59653 110.85  21.93   35   0.01
  59656 110.77  21.43   29   0.01
  59750 110.10  20.92   25    0.1
  59757 110.37  20.00   10    8.7
  59842 109.68  19.90   31   46.6
  59843 110.00  19.73   36   10.3
  59847 109.05  19.27  101    2.1
  59848 109.43  19.23  219   13.2
  59851 110.33  19.70   25    5.0
  59854 110.10  19.37  119   23.7
  59856 110.75  19.62   26    3.0
  59941 109.52  18.77  328   0.01
