diamond  3 2014年04月14日08点24小时降雨量                    
  14  04  14  08    -2 3 10 25 50 1 0
 39 122.7  37.3 122.5  36.7 120.8  36.2 119.3  35.0 120.4  34.3
 121.1  32.7 122.3  30.9 122.5  30.1 121.5  28.0 119.8  25.0
 116.1  22.6 111.0  21.0 111.0  18.6 109.6  18.1 108.3  18.5
 108.9  19.9 109.3  21.0 106.4  21.6 104.1  22.2 101.6  20.8
  98.7  22.0  97.1  24.1  97.7  27.0  91.7  26.6  85.7  27.7
  78.9  30.6  73.3  37.1  74.1  40.7  87.6  49.8  98.5  43.9
 110.4  44.3 122.0  54.7 135.7  48.3 131.5  42.2 125.2  39.4
 121.3  38.5 121.2  40.3 118.5  38.6 120.8  38.1
1                    309
  51137  82.93  46.20  715    8.6
  51145  83.65  46.55  523    6.4
  51328  80.42  44.20  774    0.8
  51329  80.85  44.05  641    1.1
  51352  85.25  44.85  338    3.8
  51353  86.10  45.02  347    2.9
  51356  86.05  44.32  444    5.9
  51357  85.62  44.33  523   12.1
  51359  86.20  44.32  473    3.2
  51368  87.32  44.12  516    1.2
  51369  87.65  43.97  601   0.01
  51377  87.92  44.17  547   0.01
  51430  81.15  43.83  605    0.3
  51434  81.53  43.97  771    2.1
  51435  82.23  43.47  776    0.8
  51436  83.25  43.45  929    3.2
  51438  81.77  43.18 1210    0.5
  51465  87.10  43.48 1874    2.6
  52745  99.02  37.30 3417   0.01
  52981 103.38  35.67 2429   0.01
  52982 103.55  35.48 1954   0.01
  52985 103.33  35.42 2164   0.01
  53577 112.30  39.00 1441   0.01
  53662 111.58  38.72 1393   0.01
  53848 109.35  36.27 1005   0.01
  53908 105.23  35.22 1769   0.01
  53930 107.98  36.45 1270   0.01
  53935 108.35  35.48 1443   0.01
  53953 110.85  35.97  966   0.01
  54766 121.62  37.38   23    0.1
  56016  95.62  33.85 4181    0.2
  56081 103.35  34.70 2811   0.01
  56082 103.50  34.58 2544   0.01
  56084 103.23  34.07 2376    0.9
  56181 103.70  30.68  543   24.9
  56186 104.20  31.33  589    9.2
  56189 103.93  30.98  584    8.3
  56190 104.55  31.55  518    4.9
  56192 104.67  32.95 1016   0.01
  56193 104.52  32.42  894    5.8
  56194 104.45  31.82  679    1.5
  56195 104.73  31.78  531    0.8
  56197 104.18  31.13  537    3.6
  56198 104.50  31.32  523    0.8
  56272 103.88  30.82  560   10.5
  56276 103.82  30.45  468   0.01
  56279 102.93  30.15  683    0.3
  56280 103.12  30.08  692    3.9
  56281 103.50  30.18  512   0.01
  56284 103.48  30.42  502    1.6
  56285 103.52  30.60  525   0.01
  56288 103.92  30.58  495   0.01
  56291 104.28  30.97  474   0.01
  56380 103.37  29.92  466    0.1
  56390 104.07  29.67  403   0.01
  56490 103.90  28.95  396   0.01
  56596 105.05  27.85 1176    0.2
  57007 105.18  34.18 1406   0.01
  57008 105.30  34.03 1578   0.01
  57102 105.72  33.75  971   0.01
  57105 105.60  33.33 1219    1.0
  57110 106.08  33.78  930   0.01
  57126 107.55  33.22  470   0.01
  57204 105.23  32.58  801   0.01
  57208 105.47  32.02  538    1.0
  57231 108.53  32.53  504    0.2
  57247 108.90  32.32  442   0.01
  57320 107.22  31.93  483    0.6
  57324 107.08  31.58  363   0.01
  57326 107.72  31.37  390   0.01
  57329 107.85  31.10  462    4.0
  57333 108.67  31.95  800   0.01
  57338 108.42  31.18  213    6.2
  57339 108.68  30.95  296    0.9
  57361 111.27  31.88  331   0.01
  57362 110.67  31.75  939    0.1
  57388 113.70  31.27   55   0.01
  57416 106.93  30.33 3915    0.4
  57420 107.20  30.75  397   0.01
  57425 107.33  30.33  430    0.7
  57431 108.35  30.83  256    1.3
  57437 108.03  30.30  326    0.7
  57438 108.12  29.98  630   23.7
  57453 111.32  30.77  116    0.2
  57462 111.08  30.87  104    0.1
  57465 111.45  30.38   76    0.1
  57475 112.90  30.40   33    0.1
  57477 112.22  30.07   39    0.1
  57511 106.45  29.85  242   0.01
  57519 107.08  29.15  559    2.4
  57522 107.42  29.75  273    1.5
  57525 107.75  29.32  273    1.7
  57537 108.17  29.30  321   12.4
  57540 109.15  29.68  776    9.7
  57541 109.48  30.00  533    2.9
  57543 110.03  29.88  540    0.6
  57544 109.45  29.47  486    0.3
  57582 113.88  29.73   51   0.01
  57590 114.37  29.85   64   0.01
  57596 114.20  29.63    0    0.2
  57605 105.82  28.03  539    0.1
  57623 107.60  28.88  684    0.2
  57634 107.88  28.52  658    1.2
  57635 108.98  28.45  363    6.4
  57636 108.50  28.57  335    1.0
  57637 108.12  28.25  524    0.1
  57640 109.45  28.58  344    2.9
  57643 109.83  29.00  268    0.8
  57657 110.20  28.22  182   0.01
  57698 114.45  28.12   99    0.2
  57699 114.92  28.23   68    3.4
  57708 105.60  27.15 1704   0.01
  57713 106.88  27.70  844    0.2
  57714 106.23  27.47  942    6.2
  57717 106.83  27.53  974    0.6
  57719 106.97  27.07 1280    0.3
  57720 107.17  27.88  888    0.1
  57723 107.72  27.98  710    0.2
  57728 107.47  27.07 1095   0.01
  57732 108.40  28.02  458   0.01
  57736 108.85  27.70  376   0.01
  57737 108.12  27.03  546   0.01
  57740 109.60  27.95  349   0.01
  57778 112.95  27.10   68   0.01
  57796 114.93  27.80   79   0.01
  57798 114.60  27.40   89    0.1
  57800 105.37  26.77 1458   0.01
  57811 106.60  26.85 1242   0.01
  57813 106.47  26.57 1265   0.01
  57821 107.50  26.70  924    0.3
  57822 107.90  26.90  833   0.01
  57828 107.58  26.50  983    1.1
  57829 107.80  26.20  964    1.0
  57837 108.07  26.40  838   0.01
  57842 109.72  26.88  281    0.1
  57846 110.15  26.58  307   0.01
  57895 114.78  26.47   96   0.01
  57899 114.92  26.80   66    0.1
  57913 106.98  26.45 1095   0.01
  57923 107.87  25.98  418   0.01
  57927 107.18  24.97  283    0.1
  57936 108.92  25.75  255   0.01
  57948 109.25  25.08  123    0.1
  57949 110.00  24.98  157   0.01
  57976 112.95  25.42  226   0.01
  57981 113.22  25.98  141   0.01
  58112 116.45  30.73  933    1.3
  58113 116.75  33.93   35    0.1
  58237 118.62  32.05   22    0.6
  58240 119.02  32.68   25   0.01
  58246 119.90  32.52   11   0.01
  58247 119.82  32.25    5    0.1
  58249 120.00  32.17    8   0.01
  58254 120.45  32.52    5    0.1
  58264 121.18  32.33   11   0.01
  58268 121.08  32.10    8    0.1
  58269 121.65  31.78   12    0.6
  58301 115.38  31.82   90   0.01
  58327 117.28  31.25   24   0.01
  58330 118.08  31.75   20   0.01
  58331 118.37  31.73   26    0.1
  58335 118.52  31.57   16   0.01
  58337 118.18  31.08   30   0.01
  58339 118.90  31.33   24    0.1
  58340 119.03  31.65   23    0.1
  58341 119.58  31.98   10   0.01
  58342 119.55  31.72    7    0.1
  58344 119.20  31.97   35   0.01
  58346 119.82  31.33   15    0.1
  58349 120.63  31.27    9   0.01
  58351 120.30  31.90   12    0.2
  58352 120.77  31.65    8   0.01
  58353 120.57  31.87    6    0.1
  58359 120.62  31.13    9   0.01
  58360 121.20  31.92    6    0.4
  58361 121.37  31.10   10    0.2
  58365 121.25  31.37    9    0.3
  58366 121.40  31.63    9    0.6
  58367 121.43  31.20   18    0.5
  58369 121.78  31.05    9    0.6
  58370 121.55  31.22   11    1.2
  58377 121.10  31.47    6   0.01
  58401 115.40  30.78  106    0.1
  58409 115.93  30.07   20    0.2
  58416 116.82  30.75   38   0.01
  58417 116.13  30.17   50   0.01
  58421 117.87  30.63   32   0.01
  58423 117.78  30.48  643    0.8
  58427 117.48  30.67   36   0.01
  58431 118.32  30.92   17    0.1
  58432 118.40  30.68   39    0.5
  58433 118.75  30.93   30    0.4
  58435 118.53  30.30  221   0.01
  58441 119.42  30.87   53    0.1
  58442 119.18  31.13   16    0.3
  58443 119.90  31.02   19   0.01
  58446 119.68  30.63   25    0.2
  58451 120.93  30.83    3   0.01
  58452 120.77  30.73    4   0.01
  58453 120.50  30.07   10   0.01
  58454 119.97  30.53    5   0.01
  58460 121.35  30.73    6   0.01
  58461 121.12  31.13    8   0.01
  58462 121.23  31.03    9    0.1
  58463 121.50  30.88    9   0.01
  58468 121.17  30.05   10    0.1
  58484 122.20  30.25    9   0.01
  58502 116.00  29.73   37    0.1
  58503 115.68  29.70   41    0.1
  58508 115.77  29.33   42   0.01
  58512 116.55  29.90   66   0.01
  58546 119.88  29.47  114    0.2
  58547 119.18  29.03   65   0.01
  58550 120.25  29.70   39   0.01
  58559 120.98  29.17   59   0.01
  58561 121.60  29.98    3    0.5
  58563 121.83  29.88    4    0.3
  58565 121.43  29.68    6    0.1
  58566 121.88  29.47   14   0.01
  58567 121.43  29.32   39    0.2
  58568 121.38  29.12   35   0.01
  58570 122.30  29.95   83    0.3
  58602 115.55  28.85   46    0.1
  58605 115.38  28.42   49    0.2
  58620 117.13  28.97   37    0.2
  58625 117.60  28.42   80    0.2
  58629 117.70  28.32   59    0.3
  58631 118.50  28.90  134    0.8
  58632 118.60  28.72  124    2.8
  58635 118.20  28.43   96    0.1
  58642 119.80  28.88  102    1.2
  58643 120.03  28.90   99    0.3
  58644 119.28  28.60  237   0.01
  58657 120.28  28.15   59   0.01
  58693 115.83  28.70   37    0.1
  58704 115.35  27.62   61   0.01
  58706 115.83  27.43  180   0.01
  58707 115.13  27.22   66    3.7
  58714 116.23  27.55  115    0.1
  58719 116.93  27.30  123    0.4
  58736 118.82  27.37  220    0.2
  58746 119.70  27.55  514    0.1
  58747 119.35  27.15  900    0.7
  58748 119.65  27.10   51    1.3
  58749 119.88  27.23  680   0.01
  58814 116.35  26.35  237    0.1
  58826 117.80  26.40  120    0.1
  58828 117.62  26.27  206    0.1
  58844 119.15  26.15   49    0.1
  58845 119.53  26.50   57    1.0
  58848 119.55  26.20   12    4.5
  58850 120.23  26.92   88    1.0
  58906 115.80  25.60  167   0.01
  58923 117.83  25.70  397   0.01
  58929 118.15  25.07   66    0.1
  58934 118.27  25.33  170    3.7
  58935 118.23  25.48  516    5.8
  58938 118.98  25.23   22    3.1
  58941 119.50  25.97   11    0.1
  59022 107.55  24.98  695    0.4
  59025 107.38  24.53  249    1.0
  59027 107.25  24.13  244    0.6
  59031 108.25  24.83  205   0.01
  59033 108.90  24.78  330    0.1
  59034 108.67  24.48  149    0.2
  59041 109.25  24.65  109   0.01
  59044 109.38  24.47   99   0.01
  59051 110.50  24.77  133    0.1
  59052 110.82  24.83  167    0.1
  59053 110.67  24.62  108    0.4
  59055 110.40  24.50  166    9.0
  59057 110.18  24.13  827    0.2
  59059 110.80  24.18  107    0.3
  59061 111.27  24.82  198   0.01
  59074 112.15  24.57  300   0.01
  59094 114.12  24.37  135   0.01
  59106 115.90  24.58  152    0.5
  59122 117.75  24.62   42    0.3
  59124 117.37  24.52   31    0.2
  59125 117.30  24.38  105    0.3
  59127 117.83  24.43   14    2.8
  59129 117.60  24.13   53    0.6
  59130 118.15  24.73   28    0.9
  59131 118.37  24.97   44   0.01
  59137 118.57  24.82   55    0.2
  59215 106.62  23.33  640   0.01
  59227 107.15  23.08  438    0.2
  59230 108.17  23.72  173    2.6
  59237 108.28  23.17  115   0.01
  59238 108.80  23.22  123   0.01
  59246 109.67  23.60   70   0.01
  59255 110.38  23.55   37    0.1
  59264 111.50  23.40   79   0.01
  59270 112.18  23.92   78    0.1
  59276 112.65  23.35   40    1.7
  59290 114.23  23.73   71    0.1
  59315 116.38  23.58   25    0.4
  59322 117.37  23.98   20    6.5
  59421 107.20  22.83  257   0.01
  59432 108.40  22.80  203   0.01
  59441 109.25  22.70   78    1.1
  59449 109.98  22.30   80   0.01
  59480 113.25  22.85   21   0.01
  59481 113.32  22.93   16    0.2
  59500 115.32  22.97   10    2.5
  59843 110.00  19.73   36   0.01
  59940 109.17  18.75  156   16.8
  59941 109.52  18.77  328   0.01
  59945 109.70  18.65   65    2.5
