diamond  3 2014年04月15日08点24小时降雨量                    
  14  04  15  08    -2 3 10 25 50 1 0
 39 122.7  37.3 122.5  36.7 120.8  36.2 119.3  35.0 120.4  34.3
 121.1  32.7 122.3  30.9 122.5  30.1 121.5  28.0 119.8  25.0
 116.1  22.6 111.0  21.0 111.0  18.6 109.6  18.1 108.3  18.5
 108.9  19.9 109.3  21.0 106.4  21.6 104.1  22.2 101.6  20.8
  98.7  22.0  97.1  24.1  97.7  27.0  91.7  26.6  85.7  27.7
  78.9  30.6  73.3  37.1  74.1  40.7  87.6  49.8  98.5  43.9
 110.4  44.3 122.0  54.7 135.7  48.3 131.5  42.2 125.2  39.4
 121.3  38.5 121.2  40.3 118.5  38.6 120.8  38.1
1                    521
  50431 121.52  50.78  718    0.3
  50566 128.47  49.55  117   0.01
  50674 129.43  48.57  404    0.1
  50772 129.23  48.10  299    0.1
  50787 131.85  47.28   63   0.01
  51137  82.93  46.20  715    0.1
  51145  83.65  46.55  523    0.1
  51328  80.42  44.20  774    1.7
  51329  80.85  44.05  641    2.3
  51352  85.25  44.85  338    8.0
  51353  86.10  45.02  347   12.5
  51356  86.05  44.32  444   10.7
  51357  85.62  44.33  523    9.6
  51359  86.20  44.32  473   11.3
  51368  87.32  44.12  516   20.0
  51369  87.65  43.97  601   26.3
  51377  87.92  44.17  547   18.8
  51378  89.17  44.02  735   19.0
  51430  81.15  43.83  605   0.01
  51434  81.53  43.97  771    1.4
  51435  82.23  43.47  776    4.5
  51436  83.25  43.45  929    2.0
  51438  81.77  43.18 1210    3.1
  51465  87.10  43.48 1874   12.5
  51468  86.83  43.10 3543   13.9
  51482  90.28  43.83 1271    9.7
  51559  86.40  42.32 1110    2.9
  51568  86.80  42.25 1086    0.1
  51571  88.63  42.80    2   0.01
  51572  89.25  42.83  -47   0.01
  52607 106.65  39.43 1253    0.6
  52784 102.90  37.47 2073   0.01
  52875 102.10  36.50 2129   0.01
  52881 103.18  36.98 2485   13.2
  52885 103.25  36.75 2119    1.4
  52896 104.15  36.55 1739   10.1
  52963 102.02  35.93 2086   0.01
  52978 102.52  35.20 2930    0.4
  52980 103.30  35.97 1649    3.8
  52981 103.38  35.67 2429    1.2
  52982 103.55  35.48 1954    0.2
  52985 103.33  35.42 2164    1.8
  52988 103.72  35.37 2000    0.7
  52993 104.07  35.68 1740   0.01
  53324 107.05  41.07 1039   0.01
  53420 107.12  40.85 1024    0.2
  53512 106.80  39.80 1105   0.01
  53517 106.33  39.27 1466    0.8
  53518 106.35  39.03 1118    1.0
  53545 109.73  39.57 1330   0.01
  53547 109.03  39.10 1312    1.2
  53603 106.37  38.83 1096    1.2
  53610 106.35  38.57 1106    0.4
  53611 106.55  38.88 1099    0.7
  53618 106.25  38.28 1115    1.6
  53644 108.83  38.60 1309   15.7
  53658 110.48  38.03  895    2.4
  53659 111.00  37.97 1164    2.0
  53660 111.08  39.02  893   0.01
  53662 111.58  38.72 1393    0.9
  53665 111.65  38.28 1183    1.3
  53666 111.93  38.35 1213   0.01
  53669 111.80  38.08 1151    0.5
  53674 112.70  38.42  799    0.1
  53676 112.98  38.50  760    0.1
  53677 112.48  37.93  808   0.01
  53678 112.67  38.07  899    0.5
  53679 112.55  37.73  776    0.2
  53727 107.12  37.17 1713   0.01
  53730 107.48  38.18 1335    5.7
  53732 108.72  37.85 1211    9.6
  53748 109.70  37.18 1064    6.5
  53750 110.18  37.77  931    6.3
  53751 110.05  37.60  897    8.0
  53753 110.88  37.43  861    3.3
  53756 110.72  37.52  744    6.3
  53757 110.12  37.12  938   12.3
  53759 110.83  36.98 1106   12.4
  53760 111.23  37.88 1212    1.4
  53763 112.17  37.92 1008   0.01
  53767 111.17  37.33 1212   11.5
  53768 111.75  37.15  770    6.3
  53769 111.78  37.25  749    2.2
  53770 112.35  37.35  769    1.2
  53771 112.05  37.42  751    0.2
  53773 114.62  36.33   66    2.1
  53774 112.33  37.62  774    0.4
  53776 112.77  37.68  831    2.1
  53777 112.15  37.53  760    0.3
  53778 112.22  37.17  780    4.7
  53781 114.47  36.87   69    1.9
  53783 113.70  37.60  880    1.1
  53786 113.37  37.08 1134   11.3
  53788 113.57  37.33 1267    8.7
  53795 114.37  37.65  137   0.01
  53797 114.52  37.28   74    0.1
  53832 108.77  36.77 1220    3.5
  53841 109.32  36.88 1069    6.8
  53848 109.35  36.27 1005   10.6
  53850 110.18  36.88  801   16.7
  53852 110.63  36.77  917   10.3
  53856 110.75  36.47  756    6.2
  53857 110.18  36.07  840    6.7
  53860 111.17  36.98 1407   17.4
  53861 111.42  35.88  425   10.5
  53862 111.77  36.83  809    5.8
  53864 111.10  36.40 1030   16.3
  53865 111.55  36.65 1012   14.7
  53866 111.67  36.23  464    8.2
  53869 111.70  36.58  550   19.2
  53871 112.85  36.83  965    7.6
  53872 112.68  36.77  962    8.9
  53873 112.87  36.12  951   11.0
  53874 111.90  36.25  650   15.3
  53875 112.35  36.52 1001   11.0
  53878 113.38  36.52  769    7.0
  53879 112.88  36.32  953   18.7
  53880 113.23  36.33  948    2.8
  53883 114.70  37.13   36   0.01
  53885 113.20  36.13 1031    6.1
  53886 113.67  36.57  471    4.4
  53888 113.43  36.20 1088    8.1
  53889 113.82  36.07  308    4.8
  53890 114.15  36.68  234    3.1
  53892 114.47  36.62   67    3.2
  53893 114.95  36.77   40    0.5
  53894 114.22  36.42  128    5.0
  53895 114.50  36.78   61    1.5
  53896 114.95  36.35   51    0.3
  53897 114.38  36.38   71    1.7
  53899 114.97  36.48   49    0.9
  53906 105.72  35.52 1659    0.3
  53908 105.23  35.22 1769   0.01
  53914 106.12  35.62 2079    1.4
  53916 106.32  35.50 1949    1.1
  53917 106.07  35.22 1633    0.1
  53925 107.18  35.68 1174    0.8
  53926 107.35  35.35 1630   0.01
  53927 106.62  35.20 1478    1.2
  53928 107.02  35.30 1150    0.4
  53930 107.98  36.45 1270    1.4
  53931 109.37  36.00  983    5.6
  53935 108.35  35.48 1443    0.1
  53937 107.92  35.52  980    0.3
  53938 108.30  35.17 1277    0.2
  53941 109.58  35.18  807    0.7
  53944 109.25  35.57  857   0.01
  53945 109.07  35.43 1394    0.1
  53946 109.82  35.60 1091    0.4
  53947 109.07  35.08  979    0.8
  53949 109.92  35.18  680    0.8
  53950 110.15  35.23  710    5.6
  53953 110.85  35.97  966    7.9
  53954 110.97  35.62  433    7.3
  53956 110.83  35.40  589    8.3
  53957 110.72  35.62  459   11.1
  53958 110.78  35.13  389   10.9
  53961 111.48  35.65  473   15.2
  53962 111.70  35.73  585   12.7
  53964 111.22  35.62  431   20.2
  53965 111.57  35.52  761   13.6
  53966 111.83  35.98  818   15.5
  53967 111.20  35.33  469    7.6
  53970 112.20  35.70  887   20.7
  53972 112.92  35.12  121   11.2
  53973 112.95  35.77  836   14.7
  53974 114.18  35.62   73    3.5
  53976 112.87  35.50  751   12.6
  53978 112.63  35.08  140    8.5
  53979 113.08  35.15  121    9.1
  53980 114.80  36.55   51    1.1
  53981 113.27  35.78 1311    8.5
  53982 113.27  35.23  113    4.7
  53983 114.42  35.03   70   0.01
  53984 113.47  35.23   83    4.2
  53985 113.82  35.45   97    4.7
  53987 113.42  35.10   91    3.0
  53988 113.67  35.27   78    1.3
  53989 113.95  35.05   77    0.6
  53991 114.35  35.93   75    1.7
  53992 114.52  35.65   59    1.4
  53993 114.92  35.93   52    1.5
  53994 114.07  35.38   71    1.5
  53995 114.50  35.55   64    0.1
  53996 114.65  36.45   58    2.1
  53997 114.18  35.15   72    0.1
  53998 114.65  35.20   62   0.01
  54640 114.87  36.92   37    0.3
  54801 115.48  36.85   36   0.01
  54804 115.13  36.30   46    0.1
  54805 115.45  36.48   41   0.01
  54809 115.28  36.55   42    0.1
  54820 115.17  36.82   38    0.1
  54901 115.17  36.08   47    0.8
  54902 115.12  35.90   49    0.8
  54906 115.42  35.25   51   0.01
  54908 115.10  35.27   57    0.1
  56016  95.62  33.85 4181    0.1
  56081 103.35  34.70 2811   0.01
  56082 103.50  34.58 2544    0.7
  56084 103.23  34.07 2376    1.7
  56091 104.47  34.85 1884    4.7
  56092 104.65  35.00 1729    1.6
  56095 104.38  34.03 1754   0.01
  56181 103.70  30.68  543    0.2
  56186 104.20  31.33  589    4.4
  56189 103.93  30.98  584    7.0
  56190 104.55  31.55  518    2.1
  56193 104.52  32.42  894    1.1
  56194 104.45  31.82  679    0.8
  56195 104.73  31.78  531    5.6
  56197 104.18  31.13  537    5.8
  56198 104.50  31.32  523    1.7
  56272 103.88  30.82  560    5.8
  56276 103.82  30.45  468    0.9
  56278 102.77  30.07  756   0.01
  56279 102.93  30.15  683    0.2
  56280 103.12  30.08  692    1.3
  56281 103.50  30.18  512    7.7
  56284 103.48  30.42  502    1.0
  56285 103.52  30.60  525    1.4
  56286 104.25  30.55  514    0.1
  56288 103.92  30.58  495    0.4
  56290 104.18  30.78  515   0.01
  56291 104.28  30.97  474    0.1
  56296 104.43  30.85  449   0.01
  56380 103.37  29.92  466    7.9
  56381 103.52  30.02  497    0.7
  56383 103.87  29.83  454    0.1
  56384 103.48  29.60  446    5.3
  56389 103.95  29.20  386    1.2
  56490 103.90  28.95  396    0.5
  56641  98.87  26.90 1191   0.01
  56989 103.95  22.50  138    0.1
  56994 104.25  23.38 1277   0.01
  56995 104.42  23.03 1335    6.9
  56996 104.70  23.13 1094   0.01
  57001 105.33  34.75 1273    0.2
  57004 104.88  34.73 1496    0.8
  57007 105.18  34.18 1406    1.4
  57008 105.30  34.03 1578    0.2
  57012 106.20  34.98 1665    0.4
  57016 107.13  34.35  613    0.3
  57021 107.13  34.65  751   0.01
  57024 107.65  34.45  671   0.01
  57039 108.88  34.08  445    0.3
  57040 109.08  34.52  378    0.2
  57041 108.92  34.63  425    0.1
  57042 109.18  34.78  473    1.3
  57043 109.97  34.80  352    1.7
  57044 109.23  34.40  424    1.8
  57045 109.48  34.52  354    1.2
  57047 109.32  34.17  541    1.6
  57053 110.72  34.70  507    2.2
  57054 110.23  34.55  557    0.5
  57055 110.08  34.55  352    1.3
  57056 110.88  34.53  390    5.2
  57057 110.15  34.10  961   11.8
  57060 111.23  35.17  404    7.1
  57061 111.20  34.83  411    4.4
  57063 111.77  34.77  524    4.2
  57065 112.18  34.50  196    5.7
  57066 111.67  34.38  329    7.8
  57070 112.12  34.73  358    7.3
  57072 112.75  34.92  128    7.4
  57074 112.42  34.42  198    0.2
  57075 112.87  34.17  203    0.7
  57076 112.82  34.72  190    3.6
  57078 112.47  34.15  337    0.9
  57079 113.03  34.95  106    5.3
  57080 112.97  34.73  166    7.1
  57081 113.43  34.80  141    5.8
  57082 113.02  34.47  428    0.7
  57084 113.05  34.50 1180    3.0
  57085 113.37  34.55  289    3.4
  57086 113.72  34.38  116    0.6
  57087 113.80  34.20   88    0.4
  57088 113.50  34.15  117    1.5
  57090 113.97  34.72   79    0.5
  57093 114.82  34.85   74   0.01
  57094 114.22  34.40   71   0.01
  57095 114.15  34.12   61    0.7
  57098 114.40  34.08   59    1.0
  57099 114.85  34.07   53    0.2
  57102 105.72  33.75  971    0.7
  57105 105.60  33.33 1219    1.7
  57110 106.08  33.78  930    0.2
  57111 106.30  33.92  967   0.01
  57119 106.70  33.17  551    0.5
  57126 107.55  33.22  470    0.2
  57129 107.72  32.98  447   0.01
  57132 108.62  34.12  415    0.3
  57137 108.32  33.32  801    3.4
  57140 109.12  33.67  818    5.9
  57153 110.33  33.68  584    4.0
  57155 109.87  33.55  661    0.6
  57162 112.08  34.15  327    0.1
  57169 111.87  33.05  160    0.7
  57173 112.88  33.75  147    5.4
  57175 112.23  33.05  192    3.7
  57176 112.42  33.48  230    1.5
  57177 113.53  33.33   91   11.4
  57179 113.00  33.28  161   14.3
  57180 113.20  33.98  118    3.8
  57182 113.50  33.85   81    3.1
  57183 113.92  33.80   61    6.5
  57184 113.37  33.63   84    8.3
  57185 113.58  33.45   92   11.2
  57186 114.05  33.60   59    5.2
  57187 112.93  33.07  119   12.2
  57188 114.03  33.37   56    7.8
  57189 113.95  33.13   65   13.6
  57190 114.40  33.75   51    2.2
  57191 114.48  34.48   64   0.01
  57192 114.85  33.73   47    0.5
  57194 114.27  33.28   60    4.9
  57195 114.62  33.62   47    1.5
  57196 114.87  33.47   42    0.6
  57197 114.33  33.00   54    6.8
  57198 114.62  33.55   47    1.5
  57204 105.23  32.58  801    5.7
  57208 105.47  32.02  538    0.8
  57213 106.93  33.00  537    0.6
  57216 106.83  32.35  577    0.2
  57217 106.28  32.23  493    0.8
  57231 108.53  32.53  504    0.3
  57233 108.50  32.90  413    5.8
  57242 109.37  32.85  285    1.0
  57248 109.33  32.40  429   0.01
  57253 110.82  32.85  204   0.01
  57254 110.12  32.82  324    1.6
  57257 110.23  32.23  309    0.8
  57260 111.52  32.55  143    3.3
  57268 111.63  32.27   87    0.4
  57271 112.38  32.55   89    3.0
  57273 112.85  32.68  110    2.8
  57274 112.12  32.70  108    2.2
  57281 113.30  32.70  142    5.6
  57292 114.63  32.97   44    2.5
  57294 114.02  32.83   84   16.8
  57295 114.35  32.62   83    2.8
  57296 114.73  32.35   50    0.2
  57298 114.55  32.22   56    0.3
  57299 114.90  32.02   50    0.3
  57304 105.17  31.67  517   0.01
  57320 107.22  31.93  483   0.01
  57324 107.08  31.58  363   0.01
  57326 107.72  31.37  390    8.0
  57329 107.85  31.10  462   11.0
  57333 108.67  31.95  800    2.1
  57338 108.42  31.18  213   19.1
  57339 108.68  30.95  296    0.3
  57345 109.62  31.40  339   16.5
  57349 109.87  31.07  270   22.0
  57361 111.27  31.88  331   0.01
  57362 110.67  31.75  939    0.6
  57363 111.83  31.80  146    0.1
  57368 111.63  31.05  138    4.0
  57370 112.22  31.73   68    0.8
  57377 112.22  31.00  184    4.5
  57385 113.82  31.63   94    1.7
  57386 114.00  31.25   37    4.2
  57387 113.13  31.00   80    5.5
  57388 113.70  31.27   55    0.1
  57389 113.75  31.03   33    2.0
  57390 114.07  31.80  731    2.5
  57398 114.62  31.28   76    0.9
  57413 106.97  30.85  295   0.01
  57420 107.20  30.75  397   0.01
  57425 107.33  30.33  430    0.2
  57431 108.35  30.83  256   0.01
  57437 108.03  30.30  326    0.1
  57453 111.32  30.77  116    2.3
  57460 111.78  30.82   91    3.5
  57462 111.08  30.87  104   20.8
  57464 111.18  30.47  144    8.2
  57465 111.45  30.38   76   23.7
  57466 111.77  30.43   50   44.4
  57469 111.77  30.18   68    0.2
  57475 112.90  30.40   33    1.8
  57477 112.22  30.07   39    2.5
  57481 113.58  30.95   31    6.9
  57485 113.45  30.37   33    6.4
  57486 113.85  30.65   25    1.3
  57489 114.00  30.58   39    1.0
  57491 114.40  30.87   31    6.3
  57492 114.80  30.83   33    5.8
  57495 114.88  30.67   19   11.7
  57498 114.90  30.43   22    0.1
  57499 114.97  30.10   40    0.6
  57513 106.62  29.73  457    0.1
  57522 107.42  29.75  273    0.1
  57525 107.75  29.32  273    0.1
  57537 108.17  29.30  321    2.8
  57540 109.15  29.68  776    3.9
  57541 109.48  30.00  533    3.8
  57543 110.03  29.88  540   37.7
  57544 109.45  29.47  486    0.1
  57564 111.13  29.43  103    1.0
  57565 111.75  29.65   39    0.1
  57566 111.65  29.45   50    2.7
  57571 112.40  29.70   37    3.2
  57582 113.88  29.73   51    1.9
  57585 113.45  29.48   60    0.4
  57586 114.03  29.53   79   18.4
  57590 114.37  29.85   64    4.7
  57596 114.20  29.63    0    0.3
  57605 105.82  28.03  539   0.01
  57623 107.60  28.88  684   0.01
  57634 107.88  28.52  658    1.5
  57635 108.98  28.45  363    3.0
  57636 108.50  28.57  335    0.1
  57637 108.12  28.25  524    1.3
  57640 109.45  28.58  344    0.1
  57643 109.83  29.00  268    0.3
  57646 109.95  28.62  301    0.1
  57657 110.20  28.22  182   0.01
  57663 111.95  28.92   31   0.01
  57674 112.47  28.57   44   0.01
  57680 113.07  28.80   47    3.0
  57688 113.63  28.15  100   0.01
  57713 106.88  27.70  844   0.01
  57714 106.23  27.47  942   0.01
  57717 106.83  27.53  974   0.01
  57720 107.17  27.88  888   0.01
  57723 107.72  27.98  710    0.1
  57728 107.47  27.07 1095   0.01
  57735 108.82  27.18  396   0.01
  57736 108.85  27.70  376    1.1
  57737 108.12  27.03  546   0.01
  57738 108.42  27.05  517   0.01
  57740 109.60  27.95  349    0.1
  57742 109.20  27.52  883    0.3
  57743 109.80  27.88  176   0.01
  57744 109.17  27.37  356    0.1
  57772 112.50  27.75   84    0.2
  57773 112.82  27.87   63    0.3
  57781 113.50  27.65   71    0.5
  57786 113.85  27.65  110    4.6
  57800 105.37  26.77 1458   0.01
  57811 106.60  26.85 1242   0.01
  57821 107.50  26.70  924    0.1
  57822 107.90  26.90  833   0.01
  57828 107.58  26.50  983    0.5
  57829 107.80  26.20  964    2.8
  57837 108.07  26.40  838    1.1
  57844 109.18  26.68  344    0.3
  57859 110.63  26.03  409    1.9
  57867 111.28  26.40  169    2.8
  57913 106.98  26.45 1095   0.01
  57923 107.87  25.98  418   0.01
  57941 109.60  25.78  198    1.2
  57948 109.25  25.08  123   0.01
  57949 110.00  24.98  157    1.0
  57954 110.18  25.23  158    7.7
  57955 110.67  25.62  224    8.8
  57956 110.32  25.42  169   10.5
  57958 110.32  25.08  152    2.2
  57960 111.07  25.93  192    0.7
  57964 111.15  25.50  258    0.3
  57978 112.55  25.28  291    1.1
  57989 113.73  25.10   96   0.01
  58001 115.10  34.43   57    0.1
  58002 115.58  34.85   53   0.01
  58006 115.88  34.38   47    0.4
  58007 115.30  34.07   53    0.3
  58008 115.33  34.47   55   0.01
  58100 115.17  33.65   42   0.01
  58101 115.48  33.87   42   0.01
  58104 115.07  33.40   42    0.4
  58269 121.65  31.78   12    0.1
  58317 116.37  30.87  434   0.01
  58401 115.40  30.78  106    5.2
  58415 116.58  30.63   38    0.1
  58747 119.35  27.15  900    0.8
  58748 119.65  27.10   51   0.01
  58845 119.53  26.50   57    0.2
  58923 117.83  25.70  397    0.1
  59022 107.55  24.98  695   0.01
  59025 107.38  24.53  249    0.2
  59027 107.25  24.13  244   0.01
  59031 108.25  24.83  205   17.5
  59033 108.90  24.78  330   0.01
  59041 109.25  24.65  109   0.01
  59045 109.75  24.48   95    0.2
  59047 109.33  24.25  101    0.1
  59052 110.82  24.83  167    0.2
  59055 110.40  24.50  166    1.1
  59059 110.80  24.18  107   0.01
  59061 111.27  24.82  198    2.5
  59063 111.45  25.18  262    1.0
  59064 111.32  24.55  141    1.2
  59071 112.28  24.73  175    0.1
  59091 114.53  24.75  257    0.7
  59094 114.12  24.37  135    0.4
  59099 114.93  24.45  175    0.2
  59125 117.30  24.38  105   0.01
  59229 107.70  23.18  101   0.01
  59249 109.62  23.12   56    0.2
  59256 110.92  23.37   56    2.2
  59268 111.53  23.25   31   0.01
  59290 114.23  23.73   71    0.4
  59310 116.18  23.77   39   0.01
  59425 107.35  22.40  107   0.01
  59427 107.07  22.12  162    0.2
  59451 110.35  22.70   99   24.0
  59452 110.53  22.85  100   20.2
  59454 111.00  22.92  104    1.8
  59469 111.78  22.17   33    1.3
  59476 113.03  22.53   35    0.9
  59477 112.30  22.18   25   0.01
  59481 113.32  22.93   16    0.1
  59635 108.35  21.62   26    4.9
  59650 110.25  21.38   25    0.3
  59653 110.85  21.93   35    0.6
  59750 110.10  20.92   25   0.01
  59843 110.00  19.73   36    0.4
  59847 109.05  19.27  101    2.0
  59856 110.75  19.62   26    4.8
  59941 109.52  18.77  328    0.7
  59945 109.70  18.65   65    1.0
