diamond  3 2014年05月15日08点24小时降雨量                    
  14  05  15  08    -2 3 10 25 50 1 0
 39 122.7  37.3 122.5  36.7 120.8  36.2 119.3  35.0 120.4  34.3
 121.1  32.7 122.3  30.9 122.5  30.1 121.5  28.0 119.8  25.0
 116.1  22.6 111.0  21.0 111.0  18.6 109.6  18.1 108.3  18.5
 108.9  19.9 109.3  21.0 106.4  21.6 104.1  22.2 101.6  20.8
  98.7  22.0  97.1  24.1  97.7  27.0  91.7  26.6  85.7  27.7
  78.9  30.6  73.3  37.1  74.1  40.7  87.6  49.8  98.5  43.9
 110.4  44.3 122.0  54.7 135.7  48.3 131.5  42.2 125.2  39.4
 121.3  38.5 121.2  40.3 118.5  38.6 120.8  38.1
1                    773
  50137 122.37  53.47  297    0.4
  50431 121.52  50.78  718    1.1
  50445 123.73  50.58  424   13.1
  50524 119.43  49.32  578    2.3
  50525 119.75  49.15  621    3.1
  50526 120.70  49.28  670    1.5
  50566 128.47  49.55  117    1.2
  50646 124.85  48.48  204    0.1
  50647 123.48  48.13  237   0.01
  50655 126.18  48.50  267    2.1
  50659 126.25  48.03  293    1.7
  50673 130.40  48.88   92    1.2
  50674 129.43  48.57  404   14.2
  50741 123.50  47.93  186   0.01
  50749 124.83  47.18  159    0.8
  50755 126.10  47.60  232    0.8
  50767 127.10  47.23  204    9.2
  50772 129.23  48.10  299   11.7
  50775 130.27  47.33  229    0.3
  50776 130.83  47.57   84    2.0
  50778 132.53  47.67   59   0.01
  50779 134.28  48.37   41   0.01
  50787 131.85  47.28   63    0.8
  50832 122.08  46.72  334   11.3
  50833 122.90  46.72  189    5.5
  50842 124.42  46.83  145   0.01
  50850 125.13  46.57  148    1.5
  50851 126.08  46.68  209    0.8
  50852 126.45  46.83  170    3.2
  50858 125.93  46.07  136    3.8
  50859 126.27  46.25  160    1.5
  50861 127.48  46.88  186    5.0
  50867 127.35  46.08  134    4.1
  50871 129.88  46.73   96    8.9
  50878 130.72  47.00   80    0.8
  50880 131.12  46.73  104    1.7
  50884 131.15  46.63  176    4.9
  50913 118.83  45.72  866    2.5
  50924 119.67  45.53  824    0.7
  50934 121.58  45.38  309    2.7
  50937 121.47  45.05  250    4.5
  50939 122.82  45.33  154    2.2
  50940 123.17  45.85  142   14.0
  50946 124.83  45.18  140    5.1
  50954 125.08  45.50  129   12.9
  50956 126.57  45.93  117   11.6
  50958 126.95  45.52  175    2.6
  50960 127.45  45.78  192    3.6
  50962 128.03  45.95  113    8.7
  50964 128.80  45.83  123    0.3
  50965 128.30  45.45  157    0.7
  50971 131.02  45.77  226    1.9
  50979 130.23  45.27  279    0.5
  50985 131.87  45.55  155   14.2
  50987 131.13  45.25  181    8.0
  51377  87.92  44.17  547    0.1
  51378  89.17  44.02  735   0.01
  51430  81.15  43.83  605    0.7
  51434  81.53  43.97  771   0.01
  51436  83.25  43.45  929   0.01
  51826  80.80  37.02 1337   0.01
  51827  79.72  37.28 1326   0.01
  51829  80.17  37.08 1349   0.01
  52656 100.82  38.43 2282   0.01
  52784 102.90  37.47 2073    1.2
  52853 100.98  36.90 3011    0.8
  52855 101.25  36.68 2676    0.2
  52862 101.68  36.95 2451    3.1
  52863 101.95  36.82 2480    3.9
  52869 101.58  36.50 2665    0.1
  52874 102.40  36.48 1981   0.01
  52875 102.10  36.50 2129    0.1
  52877 102.25  36.10 2835   0.01
  52885 103.25  36.75 2119    0.1
  52957 100.60  35.25 3149    2.6
  52963 102.02  35.93 2086   0.01
  52968 101.47  35.03 3663    3.9
  52980 103.30  35.97 1649   0.01
  52981 103.38  35.67 2429   0.01
  52985 103.33  35.42 2164    0.4
  52988 103.72  35.37 2000    0.6
  52993 104.07  35.68 1740    0.3
  52995 104.62  35.58 1898    0.1
  52998 104.20  35.13 2111    0.2
  53611 106.55  38.88 1099   0.01
  53707 105.25  36.93 1699    0.1
  53906 105.72  35.52 1659    0.4
  53914 106.12  35.62 2079    0.2
  53916 106.32  35.50 1949    0.1
  53917 106.07  35.22 1633   0.01
  53926 107.35  35.35 1630   0.01
  53927 106.62  35.20 1478   0.01
  53928 107.02  35.30 1150    0.2
  54031 121.82  44.90  201    4.8
  54039 122.02  44.03  182    4.2
  54047 123.28  44.13  146    4.5
  54065 125.65  44.53  173    4.5
  54069 125.80  44.17  175    3.0
  54072 126.52  44.85  203   17.7
  54076 126.93  44.42  254   18.7
  54080 127.15  44.90  196   13.6
  54092 129.40  44.60  294    1.5
  54093 130.55  44.93  266    4.3
  54098 129.47  44.33  272    0.7
  54154 124.30  43.35  163    7.4
  54155 124.23  43.67  145    4.3
  54156 124.80  43.52  200    7.0
  54164 125.28  43.35  249    1.6
  54169 126.02  43.30  270    1.1
  54172 126.60  43.78  199    7.0
  54187 128.92  43.12  369    5.1
  54192 130.27  43.70  386    0.4
  54234 121.75  42.73  300   0.01
  54244 123.33  42.75  120    0.3
  54245 123.40  42.50   99    1.8
  54249 123.87  42.30   79    1.0
  54252 124.75  42.73  198    3.1
  54261 125.52  42.68  343    3.0
  54267 125.73  42.25  363    1.7
  54274 126.07  42.68  300    3.5
  54279 126.58  42.05  545    9.7
  54290 129.40  42.77  245   12.2
  54291 130.28  42.90   37   11.6
  54293 129.83  42.95  141    9.7
  54328 119.72  41.08  300    0.3
  54330 121.37  41.17   61   0.01
  54336 122.42  41.42   13   0.01
  54345 123.07  41.20   29    0.1
  54348 123.32  41.42   43    0.2
  54362 125.73  41.67  388    4.0
  54371 126.43  41.93  521    9.7
  54474 122.35  40.42   27    2.9
  54475 122.48  40.62   15    1.3
  54590 124.17  39.88    5    0.2
  56016  95.62  33.85 4181    1.5
  56045  99.90  33.97 4051    1.9
  56071 102.50  34.58 3107   0.01
  56082 103.50  34.58 2544    0.1
  56084 103.23  34.07 2376   0.01
  56094 104.37  33.78 1400   0.01
  56095 104.38  34.03 1754    0.2
  56097 104.23  33.27 1407    4.2
  56147  98.83  31.22 3261    0.4
  56158 100.67  31.40 3250   0.01
  56164 100.98  32.27 3286   23.6
  56168 102.07  31.48 2170    4.9
  56171 101.70  32.90 3276   13.3
  56180 103.85  31.68 1591    4.7
  56183 103.58  31.47 1326    5.5
  56184 103.17  31.43 1884    2.0
  56185 102.98  32.08 2400   24.5
  56186 104.20  31.33  589    1.4
  56189 103.93  30.98  584    0.6
  56190 104.55  31.55  518    1.9
  56192 104.67  32.95 1016    2.9
  56193 104.52  32.42  894    9.2
  56194 104.45  31.82  679    2.5
  56195 104.73  31.78  531    4.9
  56197 104.18  31.13  537    0.6
  56198 104.50  31.32  523    0.6
  56199 104.68  31.03  424    0.2
  56272 103.88  30.82  560    0.1
  56273 102.82  30.38 1011    3.0
  56278 102.77  30.07  756   12.3
  56279 102.93  30.15  683   11.0
  56280 103.12  30.08  692   11.3
  56281 103.50  30.18  512    0.8
  56284 103.48  30.42  502    2.0
  56285 103.52  30.60  525    1.8
  56286 104.25  30.55  514    0.1
  56289 103.87  30.20  439    3.0
  56290 104.18  30.78  515    0.3
  56291 104.28  30.97  474    1.6
  56295 104.55  30.38  443   0.01
  56296 104.43  30.85  449    0.2
  56298 104.60  30.13  415    0.1
  56371 102.23  29.92 1322   0.01
  56373 102.85  29.78  763   11.2
  56376 102.68  29.35 1098    1.4
  56378 102.35  29.23  891   0.01
  56380 103.37  29.92  466    2.9
  56381 103.52  30.02  497    0.9
  56382 103.60  29.73  408    0.2
  56383 103.87  29.83  454    0.1
  56384 103.48  29.60  446    1.3
  56387 103.27  29.23  639    8.3
  56389 103.95  29.20  386    3.8
  56390 104.07  29.67  403    0.5
  56391 103.82  30.08  416    0.4
  56394 104.43  29.45  382    1.8
  56396 104.77  29.35  352    3.7
  56399 104.98  29.18  307    1.2
  56473 102.77  28.95 1061    0.3
  56480 103.53  28.82  564    4.7
  56483 103.95  28.60  412    5.6
  56489 103.63  28.23  876    2.2
  56490 103.90  28.95  396    7.2
  56491 104.57  28.70  288    7.6
  56493 104.97  28.85  297    3.3
  56494 104.15  28.65  460    6.5
  56496 105.23  28.32  330    4.1
  56497 104.23  28.10  433    6.8
  56498 104.50  28.17  442    8.6
  56499 104.78  28.38  368    5.0
  56582 103.90  27.75 1177    2.9
  56585 103.53  27.18 1916    0.5
  56592 104.52  28.43  360    4.7
  56593 104.92  28.58  281    3.3
  56594 104.05  27.63  884    0.7
  56595 104.87  27.42 1644    1.5
  56596 105.05  27.85 1176    2.3
  56598 104.73  27.13 1538    0.5
  56641  98.87  26.90 1191   10.7
  56835  97.82  24.07  958   0.01
  56836  97.95  24.70  828   0.01
  56841  98.68  24.60 1527    0.4
  56844  98.58  24.43  915    0.4
  57001 105.33  34.75 1273   0.01
  57002 105.65  34.85 1217   0.01
  57004 104.88  34.73 1496   0.01
  57006 105.75  34.58 1142   0.01
  57007 105.18  34.18 1406    0.5
  57008 105.30  34.03 1578    0.2
  57011 106.15  34.75 1379    0.1
  57020 107.40  34.37  563    0.1
  57032 108.20  34.13  436   0.01
  57033 108.82  34.55  429   0.01
  57043 109.97  34.80  352   0.01
  57065 112.18  34.50  196   0.01
  57066 111.67  34.38  329   0.01
  57075 112.87  34.17  203   0.01
  57082 113.02  34.47  428   0.01
  57086 113.72  34.38  116   0.01
  57088 113.50  34.15  117   0.01
  57090 113.97  34.72   79   0.01
  57095 114.15  34.12   61   0.01
  57098 114.40  34.08   59   0.01
  57099 114.85  34.07   53   0.01
  57102 105.72  33.75  971    2.9
  57105 105.60  33.33 1219    2.1
  57110 106.08  33.78  930    1.2
  57111 106.30  33.92  967    1.2
  57113 106.53  33.90  990    0.1
  57119 106.70  33.17  551   0.01
  57126 107.55  33.22  470    0.8
  57128 107.33  33.17  487    0.5
  57129 107.72  32.98  447    1.4
  57132 108.62  34.12  415   0.01
  57137 108.32  33.32  801    0.4
  57140 109.12  33.67  818   0.01
  57155 109.87  33.55  661   0.01
  57175 112.23  33.05  192    3.0
  57180 113.20  33.98  118    0.1
  57204 105.23  32.58  801    0.9
  57208 105.47  32.02  538    0.8
  57213 106.93  33.00  537   0.01
  57216 106.83  32.35  577    0.2
  57217 106.28  32.23  493    0.5
  57231 108.53  32.53  504    1.7
  57233 108.50  32.90  413    1.9
  57242 109.37  32.85  285    1.3
  57247 108.90  32.32  442    2.4
  57248 109.33  32.40  429    5.0
  57249 109.68  32.32  453    2.8
  57253 110.82  32.85  204   0.01
  57254 110.12  32.82  324    0.6
  57257 110.23  32.23  309    3.1
  57260 111.52  32.55  143   0.01
  57271 112.38  32.55   89   0.01
  57274 112.12  32.70  108    0.2
  57296 114.73  32.35   50    0.4
  57298 114.55  32.22   56    0.1
  57299 114.90  32.02   50    1.1
  57303 105.92  31.73  460    0.8
  57304 105.17  31.67  517    1.0
  57307 105.08  31.10  408    0.1
  57308 105.38  31.22  421   0.01
  57314 106.07  31.35  385   0.01
  57315 106.40  31.53  658    0.1
  57317 106.42  31.03  323   0.01
  57318 106.55  31.07  339   0.01
  57320 107.22  31.93  483    0.3
  57324 107.08  31.58  363    0.9
  57326 107.72  31.37  390   0.01
  57329 107.85  31.10  462    2.7
  57333 108.67  31.95  800    3.2
  57338 108.42  31.18  213    2.0
  57339 108.68  30.95  296    2.6
  57345 109.62  31.40  339    1.3
  57349 109.87  31.07  270    5.9
  57361 111.27  31.88  331    2.6
  57362 110.67  31.75  939    2.8
  57363 111.83  31.80  146    0.6
  57368 111.63  31.05  138    2.3
  57370 112.22  31.73   68    0.2
  57377 112.22  31.00  184    0.8
  57385 113.82  31.63   94    0.2
  57386 114.00  31.25   37    2.2
  57387 113.13  31.00   80    0.4
  57388 113.70  31.27   55    0.8
  57389 113.75  31.03   33    0.8
  57390 114.07  31.80  731    0.2
  57396 114.85  31.63  130    4.0
  57398 114.62  31.28   76    1.9
  57407 105.03  30.28  464    0.1
  57413 106.97  30.85  295    0.2
  57415 106.63  30.47  336    0.8
  57417 106.28  30.35  315    0.1
  57420 107.20  30.75  397    0.1
  57425 107.33  30.33  430   0.01
  57431 108.35  30.83  256    4.5
  57437 108.03  30.30  326    7.1
  57438 108.12  29.98  630    0.1
  57453 111.32  30.77  116    3.7
  57460 111.78  30.82   91    1.9
  57462 111.08  30.87  104    4.6
  57464 111.18  30.47  144    4.4
  57465 111.45  30.38   76    5.5
  57466 111.77  30.43   50    4.4
  57469 111.77  30.18   68    4.5
  57475 112.90  30.40   33    5.9
  57477 112.22  30.07   39    9.3
  57481 113.58  30.95   31    0.9
  57485 113.45  30.37   33    5.3
  57486 113.85  30.65   25    6.9
  57489 114.00  30.58   39    4.4
  57491 114.40  30.87   31    5.1
  57492 114.80  30.83   33    2.2
  57495 114.88  30.67   19    1.3
  57496 114.87  30.37   30    3.8
  57498 114.90  30.43   22    2.0
  57499 114.97  30.10   40    8.1
  57505 105.58  29.42  324   0.01
  57507 105.30  29.33  374   0.01
  57509 106.93  28.95  325    0.6
  57510 106.05  29.85  275    0.1
  57513 106.62  29.73  457    0.2
  57518 106.53  29.38  243    0.3
  57519 107.08  29.15  559    1.5
  57522 107.42  29.75  273    0.7
  57525 107.75  29.32  273    1.7
  57537 108.17  29.30  321    3.8
  57540 109.15  29.68  776    5.5
  57541 109.48  30.00  533    6.7
  57543 110.03  29.88  540    2.6
  57544 109.45  29.47  486    6.5
  57558 110.47  29.13  184   11.0
  57564 111.13  29.43  103   14.9
  57565 111.75  29.65   39   12.1
  57566 111.65  29.45   50    9.9
  57571 112.40  29.70   37    5.4
  57575 112.57  29.52   32   10.5
  57577 112.17  29.40   37    8.0
  57582 113.88  29.73   51   11.4
  57585 113.45  29.48   60   14.8
  57586 114.03  29.53   79    9.7
  57589 113.80  29.25  103   20.3
  57590 114.37  29.85   64   10.3
  57596 114.20  29.63    0   16.4
  57600 105.07  28.72  256    0.7
  57603 105.83  28.82  283    0.1
  57605 105.82  28.03  539    1.6
  57609 105.70  28.58  316    0.7
  57623 107.60  28.88  684    2.0
  57634 107.88  28.52  658    1.1
  57635 108.98  28.45  363    1.8
  57636 108.50  28.57  335    4.0
  57637 108.12  28.25  524   11.1
  57640 109.45  28.58  344    0.7
  57643 109.83  29.00  268    1.8
  57646 109.95  28.62  301   11.7
  57657 110.20  28.22  182    0.7
  57658 110.20  28.02  144    3.4
  57661 111.48  28.92   51   15.2
  57663 111.95  28.92   31   16.2
  57666 112.13  28.52   49   15.8
  57674 112.47  28.57   44    9.5
  57678 112.55  28.25   71   13.5
  57680 113.07  28.80   47   22.2
  57688 113.63  28.15  100   10.4
  57694 114.38  28.53  256   20.6
  57698 114.45  28.12   99   22.6
  57699 114.92  28.23   68   47.2
  57708 105.60  27.15 1704    2.2
  57713 106.88  27.70  844    0.2
  57714 106.23  27.47  942    0.3
  57717 106.83  27.53  974    0.2
  57719 106.97  27.07 1280    0.4
  57720 107.17  27.88  888   0.01
  57723 107.72  27.98  710    1.7
  57728 107.47  27.07 1095    0.5
  57732 108.40  28.02  458    0.3
  57734 108.23  27.57  468    0.4
  57735 108.82  27.18  396   0.01
  57736 108.85  27.70  376    0.9
  57737 108.12  27.03  546    0.7
  57738 108.42  27.05  517    1.1
  57739 108.88  27.23  375   0.01
  57740 109.60  27.95  349    1.3
  57742 109.20  27.52  883    2.3
  57743 109.80  27.88  176    0.1
  57744 109.17  27.37  356    2.2
  57754 110.15  27.35  170    7.8
  57760 111.43  27.70  247    9.5
  57762 111.70  27.68  163   12.1
  57763 112.00  27.73  151   21.2
  57767 111.03  27.12  266    2.0
  57768 111.45  27.32  242    4.9
  57769 111.73  27.23  257    1.2
  57771 112.52  27.93   89   21.6
  57772 112.50  27.75   84   17.3
  57773 112.82  27.87   63   12.5
  57777 112.87  27.23   65    0.2
  57778 112.95  27.10   68    0.5
  57781 113.50  27.65   71    7.0
  57786 113.85  27.65  110    6.8
  57792 114.68  27.82   93   22.9
  57796 114.93  27.80   79   33.7
  57798 114.60  27.40   89    4.3
  57800 105.37  26.77 1458    0.2
  57807 105.47  26.20 1359    0.6
  57808 105.75  26.32 1272   0.01
  57811 106.60  26.85 1242   0.01
  57813 106.47  26.57 1265    0.2
  57814 106.27  26.42 1285   0.01
  57821 107.50  26.70  924   0.01
  57822 107.90  26.90  833    0.4
  57824 107.23  26.58 1005    0.3
  57828 107.58  26.50  983    0.4
  57829 107.80  26.20  964    6.8
  57834 108.30  26.68  642    0.4
  57835 108.43  26.72  521    0.3
  57837 108.07  26.40  838    4.3
  57842 109.72  26.88  281    4.0
  57844 109.18  26.68  344    1.7
  57846 110.15  26.58  307    0.4
  57851 110.85  26.45  307    4.4
  57859 110.63  26.03  409    4.5
  57860 111.28  27.00  282    0.9
  57865 111.58  26.47  166    5.0
  57867 111.28  26.40  169    4.9
  57868 111.87  26.60  113   20.0
  57870 112.10  26.80  151    3.7
  57871 112.37  26.98   91    0.1
  57875 112.50  26.88   71    0.8
  57876 112.83  26.43  118    7.2
  57881 113.25  26.72  105   10.2
  57882 113.55  26.78  135    1.0
  57883 114.28  26.75  257   31.7
  57886 113.78  26.50  226    2.9
  57887 113.12  26.13  124   11.8
  57891 114.25  26.93  144   14.7
  57895 114.78  26.47   96   45.9
  57899 114.92  26.80   66   39.4
  57903 105.60  25.93 1138    1.1
  57905 105.63  25.40 1063   0.01
  57913 106.98  26.45 1095    0.1
  57914 106.67  26.42 1143   0.01
  57915 106.77  26.63 1102   0.01
  57921 107.32  25.83  710   12.4
  57923 107.87  25.98  418    7.4
  57927 107.18  24.97  283    3.9
  57936 108.92  25.75  255    0.1
  57941 109.60  25.78  198   0.01
  57942 110.00  25.80  267   0.01
  57948 109.25  25.08  123    3.5
  57949 110.00  24.98  157   27.9
  57954 110.18  25.23  158    0.2
  57955 110.67  25.62  224    4.2
  57956 110.32  25.42  169    0.5
  57958 110.32  25.08  152   25.9
  57960 111.07  25.93  192    2.3
  57962 111.65  25.97  166    7.4
  57964 111.15  25.50  258    4.5
  57966 111.95  25.60  205    2.6
  57969 111.33  25.27  230    4.4
  57971 112.20  25.92  225   10.7
  57973 112.72  25.75  328   25.0
  57975 112.20  25.38  278   13.4
  57976 112.95  25.42  226   56.2
  57978 112.55  25.28  291   11.3
  57981 113.22  25.98  141   19.8
  57985 113.68  25.57  608   32.4
  57988 113.35  25.15  103    2.5
  57989 113.73  25.10   96    2.1
  57990 114.30  25.70  252   13.9
  57991 114.55  25.80  148   21.8
  57992 114.75  25.67  129    9.3
  57994 114.35  25.40  208    5.1
  57995 114.93  25.40  166   12.5
  58045 119.60  34.20    8   0.01
  58048 119.35  34.12    9    5.7
  58049 119.82  34.03    7    0.4
  58107 115.25  33.07   40    0.6
  58108 115.33  33.23   46    0.1
  58112 116.45  30.73  933    2.5
  58117 116.20  33.13   33    0.3
  58129 117.87  33.13   20    0.1
  58139 118.88  33.30   13    0.1
  58145 119.17  33.53    8    0.7
  58146 119.77  33.47    7    2.1
  58202 115.58  32.63   37   0.01
  58205 115.43  32.47   36   0.01
  58207 115.05  32.17   42   0.01
  58210 116.23  32.65   25    0.2
  58212 116.73  32.72   27   0.01
  58214 116.28  32.33   37    0.4
  58220 117.15  32.47   32   0.01
  58222 117.55  32.85   31   0.01
  58223 117.98  32.78   38   0.01
  58230 118.27  32.08   34   0.01
  58234 118.42  32.47   43   0.01
  58237 118.62  32.05   22   0.01
  58240 119.02  32.68   25   0.01
  58243 119.83  32.93    7    0.2
  58246 119.90  32.52   11   0.01
  58250 120.15  32.52   10   0.01
  58254 120.45  32.52    5    0.1
  58257 120.25  31.98   12   0.01
  58301 115.38  31.82   90    0.5
  58306 115.88  31.68   94    0.2
  58316 116.95  31.47   26    0.8
  58317 116.37  30.87  434    1.9
  58320 117.13  31.73   26    0.1
  58323 117.47  31.88   29    0.1
  58327 117.28  31.25   24    0.4
  58329 117.87  31.33   24    0.6
  58330 118.08  31.75   20    0.1
  58331 118.37  31.73   26   0.01
  58334 118.37  31.38   23    0.3
  58335 118.52  31.57   16   0.01
  58337 118.18  31.08   30    0.7
  58339 118.90  31.33   24    0.7
  58346 119.82  31.33   15    0.3
  58349 120.63  31.27    9    0.1
  58351 120.30  31.90   12   0.01
  58359 120.62  31.13    9    0.8
  58360 121.20  31.92    6    0.1
  58361 121.37  31.10   10    0.3
  58365 121.25  31.37    9    1.1
  58366 121.40  31.63    9   0.01
  58367 121.43  31.20   18    1.5
  58369 121.78  31.05    9    0.8
  58370 121.55  31.22   11    6.5
  58401 115.40  30.78  106    4.0
  58404 115.22  30.47   57    4.1
  58408 115.43  30.23   35    4.5
  58409 115.93  30.07   20    7.0
  58415 116.58  30.63   38    1.1
  58416 116.82  30.75   38    0.8
  58417 116.13  30.17   50    3.8
  58418 116.70  30.13   26    1.1
  58420 117.22  30.72   38    1.1
  58421 117.87  30.63   32    1.5
  58423 117.78  30.48  643    2.7
  58426 118.13  30.30  192    1.4
  58427 117.48  30.67   36    1.5
  58428 117.48  30.22  115    1.6
  58431 118.32  30.92   17    1.4
  58432 118.40  30.68   39    1.9
  58433 118.75  30.93   30    1.1
  58435 118.53  30.30  221    1.2
  58438 118.58  30.08  197    1.4
  58441 119.42  30.87   53    1.3
  58442 119.18  31.13   16    0.9
  58443 119.90  31.02   19    0.8
  58446 119.68  30.63   25    1.2
  58449 119.95  30.05   47    1.7
  58451 120.93  30.83    3    0.9
  58452 120.77  30.73    4    0.5
  58453 120.50  30.07   10    1.3
  58454 119.97  30.53    5    0.9
  58455 120.65  30.52    8    0.3
  58456 120.52  30.63    6   0.01
  58458 120.90  30.53    3    0.1
  58459 120.28  30.18   42    0.3
  58461 121.12  31.13    8    1.1
  58462 121.23  31.03    9    0.4
  58463 121.50  30.88    9    0.1
  58468 121.17  30.05   10    0.5
  58484 122.20  30.25    9    0.3
  58501 115.63  29.93   25    3.3
  58502 116.00  29.73   37    6.8
  58503 115.68  29.70   41   14.4
  58508 115.77  29.33   42    9.2
  58509 115.82  29.05   38   13.5
  58510 116.23  29.73   40    3.4
  58512 116.55  29.90   66    1.2
  58514 116.05  29.45   35    5.5
  58517 116.20  29.27   43    1.6
  58523 117.93  29.93  231    2.1
  58529 117.85  29.27   82    6.1
  58530 118.43  29.87  170    3.4
  58534 118.18  29.78  173    6.3
  58537 118.40  29.13  153    8.4
  58542 119.68  29.82   45    4.3
  58544 119.27  29.48   87    5.2
  58546 119.88  29.47  114    5.4
  58547 119.18  29.03   65   14.7
  58548 119.47  29.22   46   15.0
  58550 120.25  29.70   39    4.4
  58555 120.88  29.52  112    7.9
  58558 120.22  29.27   89    7.9
  58559 120.98  29.17   59    7.8
  58561 121.60  29.98    3    0.6
  58563 121.83  29.88    4    2.3
  58565 121.43  29.68    6    4.0
  58566 121.88  29.47   14    3.5
  58567 121.43  29.32   39    4.9
  58568 121.38  29.12   35    5.1
  58570 122.30  29.95   83    0.8
  58601 115.38  28.70   54   14.2
  58602 115.55  28.85   46   12.5
  58605 115.38  28.42   49   29.9
  58607 115.95  28.55   35   23.7
  58609 115.82  28.22   30   37.4
  58612 116.68  28.70   22   14.5
  58614 116.27  28.38   40   15.5
  58615 117.08  28.68   56   18.0
  58616 116.82  28.20   44   18.7
  58618 116.60  28.23   51   20.4
  58619 116.37  28.00   47   28.6
  58620 117.13  28.97   37   11.3
  58623 117.92  28.47   92   52.0
  58624 117.43  28.40   64   52.6
  58625 117.60  28.42   80   42.4
  58627 117.03  28.25   64   27.3
  58629 117.70  28.32   59   52.6
  58631 118.50  28.90  134   25.3
  58632 118.60  28.72  124   21.2
  58635 118.20  28.43   96   56.5
  58642 119.80  28.88  102   22.4
  58643 120.03  28.90   99   24.2
  58644 119.28  28.60  237   57.4
  58647 119.13  28.07  196   57.0
  58654 120.08  28.67  184   58.9
  58656 120.97  28.12    7   53.8
  58657 120.28  28.15   59   61.8
  58658 120.68  28.15   36   56.4
  58659 120.65  28.03   29   52.9
  58660 121.13  28.85    8   11.2
  58664 121.37  28.37   33   36.8
  58693 115.83  28.70   37   21.7
  58701 115.40  27.77   47   14.0
  58704 115.35  27.62   61   28.5
  58706 115.83  27.43  180   46.0
  58707 115.13  27.22   66   25.8
  58710 116.05  27.77   76   20.3
  58712 116.78  27.92  123   49.8
  58713 117.07  27.72  220   67.3
  58714 116.23  27.55  115   30.3
  58719 116.93  27.30  123   43.7
  58724 117.30  27.52  264   91.1
  58735 118.80  27.52  201   54.7
  58736 118.82  27.37  220   86.0
  58745 119.07  27.62  368   86.5
  58746 119.70  27.55  514   40.4
  58747 119.35  27.15  900   83.8
  58748 119.65  27.10   51   78.9
  58749 119.88  27.23  680   38.9
  58750 120.08  27.78  106   25.6
  58751 120.55  27.68    5   17.9
  58804 115.35  26.35  153   39.5
  58814 116.35  26.35  237   26.2
  58819 116.80  26.17  329   44.2
  58821 117.47  26.73  174   56.8
  58822 116.85  26.83  341   41.8
  58823 117.80  26.80  173   42.1
  58824 117.15  26.40  355   39.6
  58826 117.80  26.40  120   38.4
  58828 117.62  26.27  206   30.4
  58836 118.73  26.58  359   71.4
  58839 118.85  26.23   42   22.8
  58844 119.15  26.15   49   22.9
  58845 119.53  26.50   57   42.7
  58848 119.55  26.20   12   47.1
  58850 120.23  26.92   88   49.5
  58903 116.03  25.90  208   38.5
  58905 115.42  25.97  136   87.0
  58906 115.80  25.60  167   45.1
  58907 115.40  25.15  300   40.6
  58912 116.75  25.72  379    4.8
  58917 116.10  25.08  307   41.6
  58923 117.83  25.70  397   14.4
  58928 117.53  25.02  160   23.4
  58929 118.15  25.07   66   26.8
  58932 118.93  25.87   85   11.5
  58934 118.27  25.33  170   19.0
  58935 118.23  25.48  516   18.5
  58938 118.98  25.23   22    9.6
  58940 119.33  26.08   28   36.6
  58941 119.50  25.97   11   15.7
  58942 119.38  25.72   39   12.1
  58946 119.00  25.45   84    6.1
  59001 105.33  24.78  674    0.6
  59012 106.55  24.78  973   12.7
  59015 106.57  24.35  442    8.3
  59017 106.27  24.27  279   33.0
  59022 107.55  24.98  695    0.3
  59025 107.38  24.53  249    0.7
  59027 107.25  24.13  244   18.5
  59031 108.25  24.83  205    9.1
  59033 108.90  24.78  330   41.6
  59034 108.67  24.48  149    8.8
  59038 108.65  24.07  142   21.9
  59041 109.25  24.65  109    0.1
  59044 109.38  24.47   99    0.2
  59045 109.75  24.48   95   17.9
  59047 109.33  24.25  101    5.9
  59051 110.50  24.77  133   20.8
  59052 110.82  24.83  167   15.4
  59053 110.67  24.62  108   13.5
  59055 110.40  24.50  166   67.7
  59059 110.80  24.18  107    0.1
  59061 111.27  24.82  198    3.4
  59063 111.45  25.18  262   26.7
  59064 111.32  24.55  141   15.6
  59071 112.28  24.73  175   18.5
  59074 112.15  24.57  300   34.5
  59075 112.63  24.48   70    2.8
  59081 113.27  24.78   98   12.5
  59090 114.07  24.95  103   96.9
  59091 114.53  24.75  257   27.2
  59093 115.03  24.78  254   14.5
  59094 114.12  24.37  135    7.9
  59099 114.93  24.45  175   24.9
  59106 115.90  24.58  152   27.7
  59109 115.73  24.15  126   10.8
  59114 116.17  24.65  131  109.5
  59122 117.75  24.62   42    2.9
  59124 117.37  24.52   31    3.0
  59125 117.30  24.38  105    0.6
  59127 117.83  24.43   14   0.01
  59129 117.60  24.13   53    1.7
  59130 118.15  24.73   28    4.0
  59131 118.37  24.97   44   17.6
  59137 118.57  24.82   55    2.7
  59213 106.92  23.73  113   65.6
  59215 106.62  23.33  640    2.3
  59224 107.12  23.60  116   24.0
  59230 108.17  23.72  173   11.2
  59237 108.28  23.17  115    5.5
  59246 109.67  23.60   70   0.01
  59249 109.62  23.12   56   0.01
  59255 110.38  23.55   37   0.01
  59268 111.53  23.25   31   0.01
  59270 112.18  23.92   78    2.1
  59279 112.87  23.18   18    0.1
  59284 113.22  23.38    6   0.01
  59285 113.60  23.57   39    2.2
  59290 114.23  23.73   71    7.2
  59297 114.28  23.18   16   0.01
  59310 116.18  23.77   39    0.1
  59312 116.63  23.67   11    2.1
  59313 116.98  23.68   42    0.1
  59314 116.13  23.30   27    5.5
  59315 116.38  23.58   25    1.1
  59318 116.58  23.27   10   37.3
  59319 116.77  23.47    9    5.0
  59320 117.13  23.77   27    0.2
  59322 117.37  23.98   20   11.9
  59426 107.90  22.63   92   0.01
  59441 109.25  22.70   78   0.01
  59473 112.97  22.77   20   0.01
  59475 112.65  22.40   24   0.01
  59476 113.03  22.53   35    0.1
  59477 112.30  22.18   25   0.01
  59480 113.25  22.85   21   0.01
  59481 113.32  22.93   16   0.01
  59487 113.30  22.23   12   0.01
  59492 114.70  22.92   43    1.8
  59500 115.32  22.97   10   25.9
  59502 115.65  22.95   11    2.8
