diamond  3 2014年05月17日08点24小时降雨量                    
  14  05  17  08    -2 3 10 25 50 1 0
 39 122.7  37.3 122.5  36.7 120.8  36.2 119.3  35.0 120.4  34.3
 121.1  32.7 122.3  30.9 122.5  30.1 121.5  28.0 119.8  25.0
 116.1  22.6 111.0  21.0 111.0  18.6 109.6  18.1 108.3  18.5
 108.9  19.9 109.3  21.0 106.4  21.6 104.1  22.2 101.6  20.8
  98.7  22.0  97.1  24.1  97.7  27.0  91.7  26.6  85.7  27.7
  78.9  30.6  73.3  37.1  74.1  40.7  87.6  49.8  98.5  43.9
 110.4  44.3 122.0  54.7 135.7  48.3 131.5  42.2 125.2  39.4
 121.3  38.5 121.2  40.3 118.5  38.6 120.8  38.1
1                    696
  50137 122.37  53.47  297    1.0
  50431 121.52  50.78  718   0.01
  50445 123.73  50.58  424    6.8
  50524 119.43  49.32  578    2.3
  50525 119.75  49.15  621    1.2
  50526 120.70  49.28  670    8.2
  50566 128.47  49.55  117   0.01
  50647 123.48  48.13  237    1.2
  50741 123.50  47.93  186   0.01
  50772 129.23  48.10  299    0.1
  50775 130.27  47.33  229    0.1
  50878 130.72  47.00   80    0.1
  50913 118.83  45.72  866   0.01
  50924 119.67  45.53  824   0.01
  50928 120.33  45.07  629    0.4
  50934 121.58  45.38  309    8.1
  50937 121.47  45.05  250    2.5
  50939 122.82  45.33  154    2.4
  50940 123.17  45.85  142    0.1
  50965 128.30  45.45  157    0.2
  50971 131.02  45.77  226    0.2
  50979 130.23  45.27  279    0.2
  50985 131.87  45.55  155    0.6
  51357  85.62  44.33  523   0.01
  51369  87.65  43.97  601   0.01
  51378  89.17  44.02  735   0.01
  51465  87.10  43.48 1874   0.01
  51468  86.83  43.10 3543    0.8
  51559  86.40  42.32 1110   0.01
  51568  86.80  42.25 1086    3.2
  51571  88.63  42.80    2    0.3
  51572  89.25  42.83  -47   0.01
  52853 100.98  36.90 3011   0.01
  52855 101.25  36.68 2676   0.01
  52957 100.60  35.25 3149    0.7
  52963 102.02  35.93 2086    0.2
  52968 101.47  35.03 3663    0.5
  52982 103.55  35.48 1954   0.01
  53492 114.15  40.10  939   0.01
  53577 112.30  39.00 1441   0.01
  53681 113.37  38.83 1097    0.1
  54031 121.82  44.90  201    1.2
  54069 125.80  44.17  175    4.9
  54072 126.52  44.85  203    2.2
  54076 126.93  44.42  254    0.3
  54092 129.40  44.60  294    0.2
  54098 129.47  44.33  272    0.1
  54099 131.13  44.08  151    0.2
  54113 118.65  43.53  623    0.1
  54122 120.05  43.88  375   0.01
  54154 124.30  43.35  163    0.9
  54164 125.28  43.35  249    5.8
  54169 126.02  43.30  270    3.9
  54187 128.92  43.12  369    2.9
  54249 123.87  42.30   79    0.6
  54252 124.75  42.73  198    1.0
  54261 125.52  42.68  343    2.5
  54267 125.73  42.25  363    1.5
  54274 126.07  42.68  300    8.5
  54279 126.58  42.05  545    0.5
  54290 129.40  42.77  245    6.2
  54340 123.32  41.67   47   0.01
  54348 123.32  41.42   43   0.01
  54362 125.73  41.67  388    0.2
  54371 126.43  41.93  521    0.1
  56016  95.62  33.85 4181   0.01
  56045  99.90  33.97 4051    3.0
  56095 104.38  34.03 1754   0.01
  56147  98.83  31.22 3261    2.6
  56158 100.67  31.40 3250    0.6
  56164 100.98  32.27 3286    8.3
  56168 102.07  31.48 2170    3.3
  56171 101.70  32.90 3276    4.5
  56180 103.85  31.68 1591    3.7
  56183 103.58  31.47 1326    8.0
  56184 103.17  31.43 1884   14.9
  56185 102.98  32.08 2400   11.0
  56186 104.20  31.33  589    0.6
  56189 103.93  30.98  584    0.3
  56190 104.55  31.55  518    2.6
  56192 104.67  32.95 1016   0.01
  56194 104.45  31.82  679    2.2
  56195 104.73  31.78  531    0.2
  56197 104.18  31.13  537    0.2
  56199 104.68  31.03  424    0.7
  56263 101.88  30.88 1948    0.1
  56272 103.88  30.82  560   0.01
  56276 103.82  30.45  468   0.01
  56291 104.28  30.97  474    0.1
  56378 102.35  29.23  891   0.01
  56496 105.23  28.32  330   0.01
  56498 104.50  28.17  442    0.1
  56595 104.87  27.42 1644    0.2
  56596 105.05  27.85 1176   0.01
  56641  98.87  26.90 1191   0.01
  56842  99.18  24.73 1473   0.01
  56950  99.80  23.47 1044   0.01
  56958 100.42  21.92 1177   0.01
  56976 102.83  23.23  229   0.01
  56978 102.42  23.00 1640    0.7
  56987 103.23  22.78 1261    5.3
  57007 105.18  34.18 1406    0.1
  57021 107.13  34.65  751   0.01
  57032 108.20  34.13  436   0.01
  57057 110.15  34.10  961   0.01
  57087 113.80  34.20   88   0.01
  57088 113.50  34.15  117   0.01
  57105 105.60  33.33 1219   0.01
  57110 106.08  33.78  930   0.01
  57111 106.30  33.92  967    0.1
  57119 106.70  33.17  551   0.01
  57126 107.55  33.22  470    0.5
  57128 107.33  33.17  487    0.2
  57129 107.72  32.98  447    1.0
  57132 108.62  34.12  415   0.01
  57137 108.32  33.32  801    1.4
  57140 109.12  33.67  818    2.5
  57153 110.33  33.68  584    0.3
  57155 109.87  33.55  661    0.3
  57173 112.88  33.75  147    0.3
  57175 112.23  33.05  192    0.1
  57177 113.53  33.33   91    0.1
  57179 113.00  33.28  161    0.7
  57180 113.20  33.98  118   0.01
  57182 113.50  33.85   81   0.01
  57183 113.92  33.80   61    0.3
  57185 113.58  33.45   92    0.3
  57186 114.05  33.60   59    0.1
  57187 112.93  33.07  119    0.4
  57188 114.03  33.37   56   0.01
  57189 113.95  33.13   65    2.0
  57190 114.40  33.75   51    0.3
  57194 114.27  33.28   60    0.2
  57195 114.62  33.62   47   0.01
  57196 114.87  33.47   42   0.01
  57197 114.33  33.00   54    6.1
  57198 114.62  33.55   47    0.5
  57213 106.93  33.00  537    0.1
  57216 106.83  32.35  577   0.01
  57231 108.53  32.53  504    0.5
  57233 108.50  32.90  413    0.5
  57242 109.37  32.85  285    1.1
  57247 108.90  32.32  442    0.3
  57248 109.33  32.40  429    1.3
  57249 109.68  32.32  453    1.7
  57253 110.82  32.85  204   0.01
  57254 110.12  32.82  324    1.2
  57257 110.23  32.23  309    3.1
  57260 111.52  32.55  143    0.4
  57268 111.63  32.27   87    3.3
  57271 112.38  32.55   89    3.0
  57273 112.85  32.68  110    5.0
  57274 112.12  32.70  108    0.4
  57281 113.30  32.70  142    7.4
  57292 114.63  32.97   44    5.2
  57293 114.98  32.73   39    4.4
  57294 114.02  32.83   84    5.8
  57295 114.35  32.62   83    3.5
  57296 114.73  32.35   50    5.9
  57298 114.55  32.22   56    4.7
  57299 114.90  32.02   50    2.1
  57303 105.92  31.73  460    0.1
  57304 105.17  31.67  517    1.6
  57307 105.08  31.10  408    1.6
  57308 105.38  31.22  421    2.1
  57314 106.07  31.35  385    1.8
  57315 106.40  31.53  658    3.4
  57317 106.42  31.03  323   0.01
  57318 106.55  31.07  339   0.01
  57320 107.22  31.93  483    0.7
  57324 107.08  31.58  363    1.8
  57326 107.72  31.37  390    2.5
  57329 107.85  31.10  462    1.5
  57333 108.67  31.95  800    2.0
  57338 108.42  31.18  213    2.5
  57339 108.68  30.95  296    1.2
  57345 109.62  31.40  339    7.4
  57349 109.87  31.07  270    0.9
  57361 111.27  31.88  331    6.1
  57362 110.67  31.75  939    6.9
  57363 111.83  31.80  146    2.5
  57368 111.63  31.05  138    0.1
  57370 112.22  31.73   68    0.2
  57377 112.22  31.00  184    0.4
  57385 113.82  31.63   94   0.01
  57386 114.00  31.25   37   0.01
  57387 113.13  31.00   80   0.01
  57388 113.70  31.27   55    0.5
  57389 113.75  31.03   33   0.01
  57390 114.07  31.80  731    0.6
  57396 114.85  31.63  130    1.8
  57409 105.80  30.18  295    0.1
  57413 106.97  30.85  295    0.3
  57414 106.45  30.55  396    0.1
  57415 106.63  30.47  336   0.01
  57416 106.93  30.33 3915    1.2
  57417 106.28  30.35  315    0.6
  57420 107.20  30.75  397    0.4
  57425 107.33  30.33  430    0.7
  57431 108.35  30.83  256    1.4
  57437 108.03  30.30  326    0.9
  57438 108.12  29.98  630   0.01
  57453 111.32  30.77  116   0.01
  57460 111.78  30.82   91    0.1
  57464 111.18  30.47  144   0.01
  57465 111.45  30.38   76    0.2
  57466 111.77  30.43   50    1.3
  57469 111.77  30.18   68    0.9
  57475 112.90  30.40   33    0.2
  57477 112.22  30.07   39    1.3
  57481 113.58  30.95   31    0.1
  57485 113.45  30.37   33    0.5
  57486 113.85  30.65   25    0.8
  57489 114.00  30.58   39    0.1
  57491 114.40  30.87   31    0.7
  57492 114.80  30.83   33   0.01
  57495 114.88  30.67   19    0.2
  57496 114.87  30.37   30    3.2
  57498 114.90  30.43   22    2.2
  57499 114.97  30.10   40    9.3
  57505 105.58  29.42  324   0.01
  57506 105.90  29.37  376   0.01
  57509 106.93  28.95  325    0.6
  57511 106.45  29.85  242   0.01
  57513 106.62  29.73  457    0.2
  57514 106.22  29.58  325   0.01
  57518 106.53  29.38  243    0.3
  57519 107.08  29.15  559    0.3
  57522 107.42  29.75  273    0.2
  57525 107.75  29.32  273    1.2
  57537 108.17  29.30  321    4.5
  57540 109.15  29.68  776    4.4
  57541 109.48  30.00  533   0.01
  57543 110.03  29.88  540    1.6
  57544 109.45  29.47  486    8.2
  57558 110.47  29.13  184   15.6
  57564 111.13  29.43  103    1.3
  57565 111.75  29.65   39    2.1
  57566 111.65  29.45   50    4.8
  57571 112.40  29.70   37    4.5
  57575 112.57  29.52   32   22.5
  57577 112.17  29.40   37   26.2
  57582 113.88  29.73   51    8.8
  57585 113.45  29.48   60   12.1
  57586 114.03  29.53   79   28.6
  57589 113.80  29.25  103   19.3
  57590 114.37  29.85   64    5.4
  57596 114.20  29.63    0   22.9
  57603 105.83  28.82  283    0.1
  57609 105.70  28.58  316   0.01
  57623 107.60  28.88  684    4.8
  57634 107.88  28.52  658    1.6
  57635 108.98  28.45  363    1.3
  57636 108.50  28.57  335    2.1
  57637 108.12  28.25  524    2.6
  57640 109.45  28.58  344   0.01
  57643 109.83  29.00  268   15.4
  57646 109.95  28.62  301    0.2
  57657 110.20  28.22  182    4.0
  57658 110.20  28.02  144    7.3
  57661 111.48  28.92   51    7.1
  57663 111.95  28.92   31    1.4
  57666 112.13  28.52   49    2.8
  57674 112.47  28.57   44    4.9
  57678 112.55  28.25   71    6.0
  57680 113.07  28.80   47   10.0
  57688 113.63  28.15  100   24.7
  57694 114.38  28.53  256   27.3
  57698 114.45  28.12   99   31.8
  57699 114.92  28.23   68   40.0
  57708 105.60  27.15 1704    0.2
  57713 106.88  27.70  844    0.6
  57714 106.23  27.47  942   0.01
  57717 106.83  27.53  974    0.9
  57719 106.97  27.07 1280    1.3
  57720 107.17  27.88  888    0.3
  57723 107.72  27.98  710    1.9
  57728 107.47  27.07 1095    2.4
  57732 108.40  28.02  458    0.8
  57734 108.23  27.57  468    0.4
  57735 108.82  27.18  396   0.01
  57736 108.85  27.70  376   0.01
  57737 108.12  27.03  546    1.4
  57738 108.42  27.05  517   0.01
  57740 109.60  27.95  349   0.01
  57742 109.20  27.52  883    0.1
  57743 109.80  27.88  176    3.1
  57744 109.17  27.37  356    0.1
  57754 110.15  27.35  170    4.2
  57760 111.43  27.70  247   10.3
  57762 111.70  27.68  163   19.6
  57763 112.00  27.73  151   16.3
  57767 111.03  27.12  266   0.01
  57768 111.45  27.32  242   12.6
  57769 111.73  27.23  257    0.2
  57771 112.52  27.93   89   24.0
  57772 112.50  27.75   84   21.4
  57773 112.82  27.87   63   17.3
  57777 112.87  27.23   65   46.7
  57778 112.95  27.10   68   14.2
  57781 113.50  27.65   71   62.6
  57786 113.85  27.65  110   87.0
  57792 114.68  27.82   93   64.1
  57796 114.93  27.80   79   61.5
  57798 114.60  27.40   89   18.3
  57800 105.37  26.77 1458   0.01
  57807 105.47  26.20 1359    0.1
  57809 105.75  26.07 1251   0.01
  57811 106.60  26.85 1242    1.8
  57813 106.47  26.57 1265    0.9
  57814 106.27  26.42 1285    0.6
  57818 106.45  26.03 1145    0.8
  57821 107.50  26.70  924    1.0
  57822 107.90  26.90  833    1.7
  57824 107.23  26.58 1005    1.1
  57828 107.58  26.50  983    2.2
  57829 107.80  26.20  964    5.4
  57834 108.30  26.68  642    0.3
  57835 108.43  26.72  521    0.4
  57837 108.07  26.40  838    2.2
  57842 109.72  26.88  281    0.4
  57844 109.18  26.68  344    0.8
  57846 110.15  26.58  307    0.8
  57851 110.85  26.45  307    3.8
  57859 110.63  26.03  409   17.4
  57860 111.28  27.00  282    0.2
  57865 111.58  26.47  166   10.6
  57867 111.28  26.40  169    4.0
  57868 111.87  26.60  113    9.6
  57870 112.10  26.80  151    3.0
  57871 112.37  26.98   91    2.8
  57875 112.50  26.88   71    0.2
  57876 112.83  26.43  118    3.0
  57881 113.25  26.72  105    2.2
  57882 113.55  26.78  135    2.8
  57891 114.25  26.93  144    0.4
  57895 114.78  26.47   96    0.9
  57903 105.60  25.93 1138   0.01
  57905 105.63  25.40 1063   0.01
  57911 106.65  26.67 1325    1.1
  57913 106.98  26.45 1095    0.7
  57914 106.67  26.42 1143    1.8
  57915 106.77  26.63 1102    0.3
  57921 107.32  25.83  710    4.8
  57923 107.87  25.98  418    2.2
  57936 108.92  25.75  255   14.6
  57941 109.60  25.78  198   10.1
  57942 110.00  25.80  267    0.2
  57948 109.25  25.08  123    0.2
  57949 110.00  24.98  157    5.2
  57954 110.18  25.23  158    1.1
  57955 110.67  25.62  224    0.5
  57956 110.32  25.42  169    2.9
  57958 110.32  25.08  152    7.7
  57960 111.07  25.93  192    2.2
  57962 111.65  25.97  166    0.1
  57964 111.15  25.50  258    3.5
  57966 111.95  25.60  205    3.6
  57969 111.33  25.27  230    1.1
  57971 112.20  25.92  225    8.4
  57973 112.72  25.75  328   0.01
  57975 112.20  25.38  278    6.6
  57976 112.95  25.42  226    6.2
  57978 112.55  25.28  291    5.3
  57981 113.22  25.98  141    1.8
  57988 113.35  25.15  103    0.6
  57989 113.73  25.10   96    8.7
  57990 114.30  25.70  252    0.2
  57991 114.55  25.80  148   0.01
  57994 114.35  25.40  208    0.5
  57995 114.93  25.40  166   15.4
  58104 115.07  33.40   42    0.2
  58107 115.25  33.07   40    3.0
  58108 115.33  33.23   46    1.8
  58109 115.62  33.18   37    2.1
  58112 116.45  30.73  933    4.5
  58117 116.20  33.13   33    3.2
  58127 117.20  32.98   23    5.6
  58128 117.30  33.32   23    0.6
  58129 117.87  33.13   20    3.0
  58139 118.88  33.30   13    0.9
  58147 118.97  32.98   28    4.1
  58148 119.30  33.23   11    0.6
  58202 115.58  32.63   37   12.3
  58205 115.43  32.47   36    3.8
  58207 115.05  32.17   42    1.0
  58210 116.23  32.65   25    3.5
  58212 116.73  32.72   27    2.0
  58214 116.28  32.33   37    0.7
  58220 117.15  32.47   32   0.01
  58222 117.55  32.85   31    5.9
  58223 117.98  32.78   38    1.2
  58224 117.02  32.65   36    0.3
  58230 118.27  32.08   34    0.9
  58234 118.42  32.47   43    0.1
  58235 118.85  32.37   16    0.2
  58237 118.62  32.05   22    1.6
  58240 119.02  32.68   25    0.5
  58242 119.18  32.28   14    0.4
  58243 119.83  32.93    7    1.7
  58244 119.58  32.45   10    0.2
  58245 119.42  32.42   14    0.6
  58246 119.90  32.52   11    0.1
  58247 119.82  32.25    5    1.0
  58249 120.00  32.17    8   0.01
  58250 120.15  32.52   10    0.2
  58254 120.45  32.52    5    0.2
  58257 120.25  31.98   12    0.6
  58264 121.18  32.33   11    0.1
  58269 121.65  31.78   12    0.7
  58301 115.38  31.82   90    1.8
  58306 115.88  31.68   94   0.01
  58316 116.95  31.47   26   0.01
  58317 116.37  30.87  434    0.4
  58320 117.13  31.73   26    0.2
  58323 117.47  31.88   29    0.6
  58329 117.87  31.33   24   0.01
  58330 118.08  31.75   20    0.3
  58331 118.37  31.73   26    0.9
  58334 118.37  31.38   23    0.2
  58335 118.52  31.57   16   0.01
  58339 118.90  31.33   24    2.2
  58340 119.03  31.65   23    0.3
  58341 119.58  31.98   10    1.3
  58342 119.55  31.72    7    2.3
  58344 119.20  31.97   35    2.8
  58346 119.82  31.33   15    3.6
  58349 120.63  31.27    9    2.2
  58351 120.30  31.90   12    1.2
  58352 120.77  31.65    8   0.01
  58353 120.57  31.87    6    0.6
  58359 120.62  31.13    9    1.4
  58360 121.20  31.92    6    0.3
  58361 121.37  31.10   10    0.8
  58365 121.25  31.37    9    0.2
  58366 121.40  31.63    9    0.1
  58367 121.43  31.20   18    1.0
  58369 121.78  31.05    9    0.9
  58370 121.55  31.22   11    0.6
  58377 121.10  31.47    6    0.2
  58401 115.40  30.78  106   0.01
  58404 115.22  30.47   57    4.8
  58408 115.43  30.23   35    7.7
  58409 115.93  30.07   20   13.3
  58415 116.58  30.63   38    2.6
  58416 116.82  30.75   38    1.5
  58417 116.13  30.17   50   15.2
  58418 116.70  30.13   26   32.0
  58420 117.22  30.72   38    4.4
  58421 117.87  30.63   32   13.3
  58423 117.78  30.48  643   31.6
  58426 118.13  30.30  192   37.4
  58427 117.48  30.67   36   10.9
  58428 117.48  30.22  115   30.4
  58431 118.32  30.92   17    7.5
  58432 118.40  30.68   39   17.9
  58433 118.75  30.93   30    7.1
  58435 118.53  30.30  221   41.2
  58438 118.58  30.08  197   52.7
  58441 119.42  30.87   53    9.0
  58442 119.18  31.13   16    2.8
  58443 119.90  31.02   19    3.4
  58446 119.68  30.63   25   15.0
  58449 119.95  30.05   47   37.1
  58451 120.93  30.83    3    1.1
  58452 120.77  30.73    4    3.6
  58453 120.50  30.07   10   28.8
  58454 119.97  30.53    5   15.4
  58455 120.65  30.52    8    9.5
  58456 120.52  30.63    6    9.0
  58458 120.90  30.53    3   11.4
  58459 120.28  30.18   42   20.7
  58460 121.35  30.73    6    1.2
  58461 121.12  31.13    8    0.8
  58462 121.23  31.03    9    1.0
  58463 121.50  30.88    9    0.6
  58468 121.17  30.05   10   16.9
  58484 122.20  30.25    9   15.1
  58501 115.63  29.93   25   14.3
  58502 116.00  29.73   37   35.4
  58503 115.68  29.70   41   36.8
  58508 115.77  29.33   42   37.3
  58509 115.82  29.05   38   47.6
  58510 116.23  29.73   40   39.1
  58512 116.55  29.90   66   68.2
  58514 116.05  29.45   35   32.5
  58517 116.20  29.27   43   77.2
  58523 117.93  29.93  231   78.5
  58529 117.85  29.27   82   44.6
  58530 118.43  29.87  170   83.4
  58534 118.18  29.78  173   61.8
  58537 118.40  29.13  153   57.1
  58542 119.68  29.82   45   49.2
  58544 119.27  29.48   87   42.6
  58546 119.88  29.47  114   55.5
  58547 119.18  29.03   65   53.8
  58548 119.47  29.22   46   41.1
  58550 120.25  29.70   39   34.1
  58555 120.88  29.52  112   36.9
  58558 120.22  29.27   89   27.5
  58559 120.98  29.17   59    5.8
  58561 121.60  29.98    3   15.4
  58563 121.83  29.88    4   17.2
  58565 121.43  29.68    6   20.6
  58566 121.88  29.47   14   35.3
  58567 121.43  29.32   39   10.3
  58568 121.38  29.12   35    4.5
  58570 122.30  29.95   83   11.5
  58601 115.38  28.70   54   71.1
  58602 115.55  28.85   46   49.5
  58605 115.38  28.42   49   35.3
  58607 115.95  28.55   35   26.5
  58609 115.82  28.22   30   32.2
  58612 116.68  28.70   22   32.7
  58614 116.27  28.38   40   31.4
  58615 117.08  28.68   56   38.2
  58616 116.82  28.20   44   24.5
  58618 116.60  28.23   51   22.9
  58619 116.37  28.00   47   33.8
  58620 117.13  28.97   37   35.7
  58623 117.92  28.47   92   12.2
  58624 117.43  28.40   64   33.5
  58625 117.60  28.42   80   27.5
  58627 117.03  28.25   64   26.0
  58629 117.70  28.32   59   29.5
  58631 118.50  28.90  134   49.3
  58632 118.60  28.72  124   23.6
  58635 118.20  28.43   96   11.6
  58642 119.80  28.88  102    3.3
  58643 120.03  28.90   99    2.2
  58644 119.28  28.60  237   0.01
  58647 119.13  28.07  196    1.8
  58654 120.08  28.67  184   0.01
  58656 120.97  28.12    7   11.7
  58657 120.28  28.15   59    9.1
  58658 120.68  28.15   36    8.9
  58659 120.65  28.03   29   18.4
  58660 121.13  28.85    8   0.01
  58664 121.37  28.37   33    4.7
  58693 115.83  28.70   37   33.9
  58701 115.40  27.77   47   49.9
  58704 115.35  27.62   61   22.5
  58706 115.83  27.43  180   29.2
  58707 115.13  27.22   66   26.2
  58710 116.05  27.77   76   34.3
  58712 116.78  27.92  123   24.3
  58713 117.07  27.72  220    7.1
  58714 116.23  27.55  115   21.2
  58719 116.93  27.30  123    1.3
  58724 117.30  27.52  264    1.5
  58735 118.80  27.52  201    1.6
  58736 118.82  27.37  220    1.0
  58745 119.07  27.62  368    4.8
  58746 119.70  27.55  514    5.4
  58747 119.35  27.15  900   14.7
  58748 119.65  27.10   51    8.6
  58749 119.88  27.23  680    9.6
  58750 120.08  27.78  106   11.1
  58751 120.55  27.68    5    5.3
  58804 115.35  26.35  153   0.01
  58814 116.35  26.35  237    0.5
  58819 116.80  26.17  329   20.7
  58821 117.47  26.73  174    0.4
  58822 116.85  26.83  341   11.9
  58823 117.80  26.80  173    0.4
  58824 117.15  26.40  355    4.5
  58826 117.80  26.40  120    4.8
  58828 117.62  26.27  206    7.1
  58836 118.73  26.58  359   0.01
  58839 118.85  26.23   42    3.7
  58844 119.15  26.15   49    4.2
  58848 119.55  26.20   12    1.8
  58850 120.23  26.92   88    0.9
  58903 116.03  25.90  208   19.4
  58905 115.42  25.97  136    0.5
  58906 115.80  25.60  167   17.9
  58907 115.40  25.15  300    4.4
  58912 116.75  25.72  379    6.8
  58917 116.10  25.08  307   25.2
  58923 117.83  25.70  397   19.4
  58928 117.53  25.02  160   18.6
  58929 118.15  25.07   66    1.3
  58932 118.93  25.87   85   20.7
  58934 118.27  25.33  170   10.1
  58935 118.23  25.48  516   11.6
  58938 118.98  25.23   22    1.4
  58940 119.33  26.08   28    6.5
  58941 119.50  25.97   11    8.3
  58942 119.38  25.72   39    6.9
  58946 119.00  25.45   84    5.3
  59017 106.27  24.27  279    0.1
  59022 107.55  24.98  695    0.7
  59025 107.38  24.53  249    0.8
  59027 107.25  24.13  244   0.01
  59031 108.25  24.83  205    3.6
  59038 108.65  24.07  142   0.01
  59041 109.25  24.65  109   0.01
  59051 110.50  24.77  133   0.01
  59052 110.82  24.83  167    0.1
  59053 110.67  24.62  108   0.01
  59059 110.80  24.18  107    8.6
  59061 111.27  24.82  198    0.7
  59064 111.32  24.55  141    5.5
  59071 112.28  24.73  175    3.3
  59074 112.15  24.57  300    3.1
  59075 112.63  24.48   70    6.0
  59081 113.27  24.78   98   22.7
  59090 114.07  24.95  103    9.5
  59091 114.53  24.75  257   23.6
  59093 115.03  24.78  254   12.9
  59094 114.12  24.37  135   11.4
  59099 114.93  24.45  175   14.7
  59106 115.90  24.58  152   17.4
  59109 115.73  24.15  126   11.9
  59114 116.17  24.65  131    8.2
  59122 117.75  24.62   42    0.2
  59124 117.37  24.52   31    0.4
  59125 117.30  24.38  105    0.6
  59127 117.83  24.43   14    0.3
  59129 117.60  24.13   53    0.5
  59130 118.15  24.73   28    0.3
  59131 118.37  24.97   44    0.5
  59137 118.57  24.82   55    0.2
  59205 105.63  23.65  688    1.5
  59215 106.62  23.33  640    1.6
  59224 107.12  23.60  116   0.01
  59227 107.15  23.08  438    4.7
  59229 107.70  23.18  101   0.01
  59230 108.17  23.72  173    0.1
  59235 108.62  23.43  116   0.01
  59237 108.28  23.17  115   0.01
  59238 108.80  23.22  123   0.01
  59246 109.67  23.60   70   0.01
  59249 109.62  23.12   56    6.3
  59255 110.38  23.55   37   10.2
  59256 110.92  23.37   56   19.8
  59264 111.50  23.40   79   27.6
  59266 111.23  23.42   46    0.4
  59268 111.53  23.25   31    7.7
  59269 111.77  23.15   27   25.2
  59270 112.18  23.92   78    5.1
  59276 112.65  23.35   40    6.2
  59279 112.87  23.18   18   56.4
  59284 113.22  23.38    6    6.7
  59285 113.60  23.57   39   33.7
  59288 113.13  23.05    3    3.6
  59290 114.23  23.73   71   33.5
  59297 114.28  23.18   16   49.3
  59310 116.18  23.77   39   10.5
  59312 116.63  23.67   11    2.8
  59313 116.98  23.68   42    0.2
  59314 116.13  23.30   27   17.3
  59315 116.38  23.58   25    8.5
  59318 116.58  23.27   10    0.1
  59319 116.77  23.47    9    0.6
  59320 117.13  23.77   27    0.6
  59322 117.37  23.98   20    2.2
  59419 106.75  22.10  243   0.01
  59421 107.20  22.83  257    6.3
  59425 107.35  22.40  107   0.01
  59426 107.90  22.63   92   0.01
  59427 107.07  22.12  162   0.01
  59432 108.40  22.80  203    0.1
  59435 108.48  22.77   75   0.01
  59448 109.55  22.27   70    2.3
  59449 109.98  22.30   80    6.1
  59451 110.35  22.70   99   19.2
  59452 110.53  22.85  100   19.9
  59454 111.00  22.92  104    6.3
  59457 110.27  22.32  120    5.8
  59469 111.78  22.17   33    0.2
  59470 112.22  22.72   33    4.0
  59471 112.05  22.93  102    0.5
  59473 112.97  22.77   20    6.8
  59475 112.65  22.40   24   13.3
  59476 113.03  22.53   35   0.01
  59477 112.30  22.18   25    1.3
  59480 113.25  22.85   21   38.0
  59481 113.32  22.93   16   27.3
  59487 113.30  22.23   12   19.8
  59492 114.70  22.92   43   50.8
  59500 115.32  22.97   10  133.4
  59502 115.65  22.95   11   39.5
  59650 110.25  21.38   25    7.1
  59653 110.85  21.93   35    1.0
  59654 110.30  21.63   28    6.6
  59655 110.62  21.65   35    0.1
  59659 110.92  21.75   32    0.2
  59750 110.10  20.92   25   10.0
  59757 110.37  20.00   10   54.1
  59842 109.68  19.90   31   51.9
  59843 110.00  19.73   36   10.2
  59851 110.33  19.70   25   13.7
  59854 110.10  19.37  119    0.3
  59941 109.52  18.77  328    6.6
  59945 109.70  18.65   65    0.1
