diamond  3 2014年05月26日08点24小时降雨量                    
  14  05  26  08    -2 3 10 25 50 1 0
 39 122.7  37.3 122.5  36.7 120.8  36.2 119.3  35.0 120.4  34.3
 121.1  32.7 122.3  30.9 122.5  30.1 121.5  28.0 119.8  25.0
 116.1  22.6 111.0  21.0 111.0  18.6 109.6  18.1 108.3  18.5
 108.9  19.9 109.3  21.0 106.4  21.6 104.1  22.2 101.6  20.8
  98.7  22.0  97.1  24.1  97.7  27.0  91.7  26.6  85.7  27.7
  78.9  30.6  73.3  37.1  74.1  40.7  87.6  49.8  98.5  43.9
 110.4  44.3 122.0  54.7 135.7  48.3 131.5  42.2 125.2  39.4
 121.3  38.5 121.2  40.3 118.5  38.6 120.8  38.1
1                    708
  50137 122.37  53.47  297    7.0
  50431 121.52  50.78  718   19.0
  50445 123.73  50.58  424   24.7
  50526 120.70  49.28  670   14.8
  50566 128.47  49.55  117   17.5
  50645 124.48  48.48  196   33.3
  50646 124.85  48.48  204   22.3
  50647 123.48  48.13  237   27.3
  50655 126.18  48.50  267   11.6
  50659 126.25  48.03  293   23.1
  50673 130.40  48.88   92   21.5
  50674 129.43  48.57  404   24.7
  50741 123.50  47.93  186   22.2
  50749 124.83  47.18  159   20.4
  50750 125.30  47.90  228   25.2
  50755 126.10  47.60  232   20.8
  50767 127.10  47.23  204   13.0
  50772 129.23  48.10  299   18.8
  50775 130.27  47.33  229   26.2
  50776 130.83  47.57   84   39.1
  50778 132.53  47.67   59    2.6
  50779 134.28  48.37   41    4.4
  50787 131.85  47.28   63    6.6
  50832 122.08  46.72  334    0.2
  50833 122.90  46.72  189    9.6
  50842 124.42  46.83  145   19.8
  50850 125.13  46.57  148   12.9
  50851 126.08  46.68  209   12.6
  50852 126.45  46.83  170   11.7
  50858 125.93  46.07  136    3.6
  50859 126.27  46.25  160    6.1
  50861 127.48  46.88  186    9.1
  50867 127.35  46.08  134    8.4
  50871 129.88  46.73   96   26.2
  50878 130.72  47.00   80   21.2
  50879 130.55  46.22  187   15.5
  50880 131.12  46.73  104    5.9
  50884 131.15  46.63  176   10.0
  50892 134.00  46.80   57    0.1
  50913 118.83  45.72  866    3.0
  50924 119.67  45.53  824    2.5
  50928 120.33  45.07  629    0.3
  50939 122.82  45.33  154    0.1
  50940 123.17  45.85  142   32.3
  50946 124.83  45.18  140    5.2
  50954 125.08  45.50  129    4.8
  50956 126.57  45.93  117    4.7
  50958 126.95  45.52  175    2.1
  50960 127.45  45.78  192    1.7
  50962 128.03  45.95  113    8.3
  50964 128.80  45.83  123   12.4
  50965 128.30  45.45  157    9.1
  50971 131.02  45.77  226   14.7
  50979 130.23  45.27  279   18.7
  50985 131.87  45.55  155   20.0
  50987 131.13  45.25  181   15.5
  51058  87.97  47.10  564    1.7
  52877 102.25  36.10 2835    0.3
  52968 101.47  35.03 3663    0.6
  52978 102.52  35.20 2930    0.7
  52981 103.38  35.67 2429   0.01
  53475 112.47  40.52 1272    0.2
  54024 119.30  44.45  710    1.8
  54047 123.28  44.13  146    0.3
  54065 125.65  44.53  173    2.1
  54069 125.80  44.17  175    1.6
  54072 126.52  44.85  203    0.5
  54076 126.93  44.42  254    1.5
  54080 127.15  44.90  196    2.2
  54092 129.40  44.60  294   25.3
  54093 130.55  44.93  266   16.0
  54098 129.47  44.33  272   22.7
  54099 131.13  44.08  151   18.4
  54154 124.30  43.35  163    7.2
  54155 124.23  43.67  145    0.1
  54156 124.80  43.52  200    0.9
  54164 125.28  43.35  249    1.3
  54169 126.02  43.30  270    3.8
  54172 126.60  43.78  199    2.2
  54187 128.92  43.12  369   28.8
  54192 130.27  43.70  386   14.6
  54205 116.00  42.23 1316    0.1
  54231 122.35  42.97  249    0.3
  54244 123.33  42.75  120    0.1
  54245 123.40  42.50   99    0.3
  54248 123.53  42.03   67    1.8
  54249 123.87  42.30   79    1.6
  54252 124.75  42.73  198    0.8
  54261 125.52  42.68  343    5.0
  54267 125.73  42.25  363   12.3
  54274 126.07  42.68  300   14.6
  54279 126.58  42.05  545   25.3
  54290 129.40  42.77  245   15.6
  54291 130.28  42.90   37   21.3
  54293 129.83  42.95  141   15.2
  54301 115.67  41.67 1414    0.4
  54318 117.73  41.32  562    0.1
  54320 119.30  41.60  546    0.1
  54330 121.37  41.17   61    0.3
  54332 122.72  41.52   13    2.2
  54336 122.42  41.42   13    1.2
  54338 121.95  41.28    4    0.9
  54340 123.32  41.67   47    3.6
  54345 123.07  41.20   29    4.5
  54347 123.17  41.23   25    2.5
  54348 123.32  41.42   43    7.9
  54362 125.73  41.67  388   21.0
  54371 126.43  41.93  521   24.4
  54453 120.88  40.78   43    0.2
  54474 122.35  40.42   27    0.8
  54475 122.48  40.62   15    0.9
  54483 123.90  40.88  239    6.0
  54494 124.07  40.47   74    4.0
  54568 121.70  39.08   40    0.7
  54569 121.97  39.40   35    2.4
  54575 122.37  39.42   44    0.1
  54590 124.17  39.88    5    2.4
  54732 118.52  37.87   13    1.3
  54752 120.77  37.80   64    0.2
  54777 122.07  37.20  112    0.6
  54778 122.48  37.17   60    0.3
  54853 120.42  36.17   43    1.7
  54855 120.47  36.38   30   0.01
  54871 122.48  36.93    9    1.1
  54935 118.43  35.53  120    0.1
  56016  95.62  33.85 4181    7.4
  56045  99.90  33.97 4051    1.2
  56071 102.50  34.58 3107    3.7
  56081 103.35  34.70 2811    1.1
  56082 103.50  34.58 2544    1.0
  56084 103.23  34.07 2376    2.3
  56094 104.37  33.78 1400    0.2
  56095 104.38  34.03 1754    1.3
  56097 104.23  33.27 1407    0.1
  56168 102.07  31.48 2170    0.5
  56171 101.70  32.90 3276    5.2
  56180 103.85  31.68 1591    0.1
  56181 103.70  30.68  543    0.4
  56183 103.58  31.47 1326    0.2
  56185 102.98  32.08 2400   0.01
  56186 104.20  31.33  589    0.3
  56189 103.93  30.98  584   0.01
  56190 104.55  31.55  518    0.2
  56192 104.67  32.95 1016   0.01
  56194 104.45  31.82  679    0.2
  56197 104.18  31.13  537    0.1
  56199 104.68  31.03  424   0.01
  56272 103.88  30.82  560    0.1
  56273 102.82  30.38 1011    0.6
  56276 103.82  30.45  468    1.4
  56278 102.77  30.07  756   15.8
  56279 102.93  30.15  683    5.7
  56280 103.12  30.08  692    7.9
  56281 103.50  30.18  512    2.8
  56284 103.48  30.42  502    1.5
  56285 103.52  30.60  525    0.9
  56286 104.25  30.55  514    0.1
  56288 103.92  30.58  495    1.5
  56289 103.87  30.20  439   0.01
  56290 104.18  30.78  515    0.8
  56291 104.28  30.97  474    0.4
  56296 104.43  30.85  449    0.3
  56297 104.15  30.02  431   0.01
  56298 104.60  30.13  415   0.01
  56371 102.23  29.92 1322    0.1
  56373 102.85  29.78  763    0.1
  56376 102.68  29.35 1098    1.1
  56378 102.35  29.23  891    0.3
  56380 103.37  29.92  466    2.0
  56381 103.52  30.02  497    0.7
  56382 103.60  29.73  408    0.9
  56383 103.87  29.83  454    0.5
  56384 103.48  29.60  446    0.7
  56387 103.27  29.23  639    0.1
  56389 103.95  29.20  386    5.9
  56390 104.07  29.67  403    0.2
  56391 103.82  30.08  416    0.1
  56393 104.85  29.77  370    0.6
  56394 104.43  29.45  382   0.01
  56395 104.67  29.52  349   0.01
  56396 104.77  29.35  352    0.7
  56399 104.98  29.18  307    2.9
  56473 102.77  28.95 1061    0.1
  56480 103.53  28.82  564    0.4
  56483 103.95  28.60  412    0.7
  56487 103.13  28.33 1945   0.01
  56489 103.63  28.23  876    0.2
  56490 103.90  28.95  396    4.1
  56491 104.57  28.70  288    2.1
  56493 104.97  28.85  297    5.7
  56494 104.15  28.65  460    0.1
  56496 105.23  28.32  330    7.3
  56497 104.23  28.10  433    3.3
  56498 104.50  28.17  442    6.2
  56499 104.78  28.38  368    7.7
  56575 102.55  27.37 1429   0.01
  56580 102.80  27.72 2461    1.9
  56582 103.90  27.75 1177    5.2
  56585 103.53  27.18 1916    0.4
  56592 104.52  28.43  360    1.7
  56593 104.92  28.58  281    5.4
  56594 104.05  27.63  884   0.01
  56595 104.87  27.42 1644    0.1
  56596 105.05  27.85 1176    6.0
  56598 104.73  27.13 1538    0.3
  56641  98.87  26.90 1191    0.1
  56675 102.58  26.65 1695   0.01
  56688 103.17  26.10 1253    7.6
  56697 104.08  26.22 1987   14.7
  56781 103.27  25.55 1874    7.6
  56782 103.55  25.42 2064   61.5
  56783 103.80  25.50 1906   28.7
  56785 103.03  25.33 1925    6.5
  56788 103.67  25.03 1842   39.6
  56790 104.25  25.68 1920   18.9
  56835  97.82  24.07  958    3.4
  56841  98.68  24.60 1527   0.01
  56844  98.58  24.43  915   0.01
  56849  99.23  24.03 1607   0.01
  56872 102.62  24.95 2360    9.3
  56873 102.90  24.67 1752    8.2
  56879 102.92  24.20 1610   0.01
  56880 103.17  24.92 1532   44.3
  56881 103.27  24.75 1694   66.0
  56882 102.80  24.88 1909   27.4
  56883 103.98  24.83 1846   29.4
  56885 103.45  24.40 1416   15.4
  56889 104.17  24.05 1518   10.3
  56891 104.32  24.98 1482   37.5
  56961 101.05  23.03 1321   20.8
  56973 102.83  23.62 1310    2.4
  56976 102.83  23.23  229    9.5
  56978 102.42  23.00 1640   33.6
  56982 103.25  23.70 1055    8.6
  56984 103.15  23.38 1717    4.4
  56992 104.70  23.45 1508   13.4
  56994 104.25  23.38 1277    6.0
  57032 108.20  34.13  436    0.3
  57039 108.88  34.08  445    0.1
  57047 109.32  34.17  541    0.1
  57057 110.15  34.10  961   0.01
  57102 105.72  33.75  971   0.01
  57105 105.60  33.33 1219    0.2
  57110 106.08  33.78  930   0.01
  57111 106.30  33.92  967   0.01
  57113 106.53  33.90  990   0.01
  57119 106.70  33.17  551    0.1
  57126 107.55  33.22  470    0.4
  57128 107.33  33.17  487    0.7
  57129 107.72  32.98  447    0.3
  57132 108.62  34.12  415    0.4
  57137 108.32  33.32  801    0.8
  57140 109.12  33.67  818    1.7
  57155 109.87  33.55  661    0.3
  57198 114.62  33.55   47   0.01
  57204 105.23  32.58  801    0.2
  57208 105.47  32.02  538    0.1
  57213 106.93  33.00  537    0.4
  57216 106.83  32.35  577    0.2
  57231 108.53  32.53  504    0.5
  57233 108.50  32.90  413    3.0
  57242 109.37  32.85  285    0.1
  57247 108.90  32.32  442    0.9
  57248 109.33  32.40  429    1.6
  57249 109.68  32.32  453   0.01
  57253 110.82  32.85  204   0.01
  57254 110.12  32.82  324   0.01
  57257 110.23  32.23  309   0.01
  57260 111.52  32.55  143   0.01
  57293 114.98  32.73   39    1.5
  57296 114.73  32.35   50    0.1
  57299 114.90  32.02   50   0.01
  57303 105.92  31.73  460    0.1
  57304 105.17  31.67  517    0.1
  57307 105.08  31.10  408    0.1
  57308 105.38  31.22  421    0.2
  57309 105.88  30.98  375    4.5
  57314 106.07  31.35  385    4.2
  57315 106.40  31.53  658    6.5
  57317 106.42  31.03  323    3.2
  57318 106.55  31.07  339    3.7
  57320 107.22  31.93  483    1.1
  57324 107.08  31.58  363    9.5
  57326 107.72  31.37  390   12.0
  57329 107.85  31.10  462   15.4
  57333 108.67  31.95  800    3.9
  57338 108.42  31.18  213    7.6
  57339 108.68  30.95  296   10.5
  57345 109.62  31.40  339    1.0
  57349 109.87  31.07  270    1.2
  57361 111.27  31.88  331   0.01
  57362 110.67  31.75  939    0.9
  57368 111.63  31.05  138    0.2
  57389 113.75  31.03   33   0.01
  57398 114.62  31.28   76   0.01
  57401 105.37  30.87  380    1.4
  57402 105.70  30.77  395    0.8
  57407 105.03  30.28  464    0.3
  57408 105.35  30.12  333    1.9
  57409 105.80  30.18  295    3.8
  57413 106.97  30.85  295    9.7
  57414 106.45  30.55  396    8.2
  57415 106.63  30.47  336    9.6
  57416 106.93  30.33 3915   12.2
  57417 106.28  30.35  315    5.4
  57420 107.20  30.75  397   13.6
  57425 107.33  30.33  430   17.0
  57431 108.35  30.83  256   24.1
  57437 108.03  30.30  326   17.2
  57438 108.12  29.98  630   11.8
  57453 111.32  30.77  116    0.1
  57460 111.78  30.82   91   0.01
  57462 111.08  30.87  104    0.2
  57464 111.18  30.47  144    7.0
  57465 111.45  30.38   76    3.1
  57466 111.77  30.43   50    0.5
  57475 112.90  30.40   33    0.2
  57477 112.22  30.07   39    0.1
  57481 113.58  30.95   31   0.01
  57486 113.85  30.65   25    0.1
  57489 114.00  30.58   39   0.01
  57491 114.40  30.87   31   0.01
  57505 105.58  29.42  324    7.9
  57506 105.90  29.37  376   10.4
  57507 105.30  29.33  374    4.5
  57508 105.37  29.15  302   25.7
  57509 106.93  28.95  325   15.6
  57510 106.05  29.85  275    9.4
  57511 106.45  29.85  242   10.2
  57513 106.62  29.73  457   13.5
  57514 106.22  29.58  325    6.9
  57518 106.53  29.38  243   13.5
  57519 107.08  29.15  559   15.8
  57522 107.42  29.75  273   10.2
  57525 107.75  29.32  273   10.1
  57537 108.17  29.30  321    5.4
  57540 109.15  29.68  776    9.7
  57541 109.48  30.00  533    2.6
  57543 110.03  29.88  540    3.2
  57544 109.45  29.47  486    9.4
  57558 110.47  29.13  184   10.9
  57564 111.13  29.43  103    0.3
  57565 111.75  29.65   39   0.01
  57566 111.65  29.45   50    0.4
  57589 113.80  29.25  103   10.3
  57596 114.20  29.63    0   0.01
  57600 105.07  28.72  256    9.0
  57603 105.83  28.82  283   14.5
  57605 105.82  28.03  539    0.4
  57609 105.70  28.58  316   16.5
  57623 107.60  28.88  684    9.1
  57634 107.88  28.52  658   13.8
  57635 108.98  28.45  363   18.5
  57636 108.50  28.57  335    8.5
  57637 108.12  28.25  524   15.3
  57640 109.45  28.58  344   26.2
  57643 109.83  29.00  268   25.7
  57646 109.95  28.62  301   20.5
  57657 110.20  28.22  182   18.5
  57658 110.20  28.02  144   38.4
  57661 111.48  28.92   51    4.1
  57663 111.95  28.92   31    0.7
  57666 112.13  28.52   49    8.7
  57674 112.47  28.57   44    2.0
  57678 112.55  28.25   71   17.8
  57680 113.07  28.80   47    0.2
  57688 113.63  28.15  100    8.7
  57694 114.38  28.53  256    2.5
  57698 114.45  28.12   99    7.6
  57699 114.92  28.23   68    2.9
  57708 105.60  27.15 1704    0.7
  57713 106.88  27.70  844   11.0
  57714 106.23  27.47  942    0.5
  57717 106.83  27.53  974    4.4
  57719 106.97  27.07 1280    0.3
  57720 107.17  27.88  888    9.1
  57723 107.72  27.98  710   10.7
  57728 107.47  27.07 1095    4.2
  57732 108.40  28.02  458    5.9
  57734 108.23  27.57  468    7.0
  57735 108.82  27.18  396   14.6
  57736 108.85  27.70  376   14.3
  57737 108.12  27.03  546   11.1
  57738 108.42  27.05  517   11.5
  57739 108.88  27.23  375   15.8
  57740 109.60  27.95  349   17.1
  57742 109.20  27.52  883   23.8
  57743 109.80  27.88  176   31.0
  57744 109.17  27.37  356   13.3
  57754 110.15  27.35  170   18.8
  57760 111.43  27.70  247   38.7
  57762 111.70  27.68  163   21.2
  57763 112.00  27.73  151   13.4
  57767 111.03  27.12  266   35.3
  57768 111.45  27.32  242  155.6
  57769 111.73  27.23  257  111.6
  57771 112.52  27.93   89   17.5
  57772 112.50  27.75   84    9.0
  57773 112.82  27.87   63   10.7
  57777 112.87  27.23   65  114.3
  57778 112.95  27.10   68   62.6
  57781 113.50  27.65   71   16.4
  57786 113.85  27.65  110   14.9
  57792 114.68  27.82   93   25.1
  57796 114.93  27.80   79   15.5
  57798 114.60  27.40   89   26.0
  57800 105.37  26.77 1458    1.7
  57807 105.47  26.20 1359    0.5
  57808 105.75  26.32 1272    1.0
  57809 105.75  26.07 1251   0.01
  57811 106.60  26.85 1242    9.8
  57813 106.47  26.57 1265    0.3
  57814 106.27  26.42 1285    0.3
  57818 106.45  26.03 1145   14.7
  57821 107.50  26.70  924    0.8
  57822 107.90  26.90  833    8.0
  57824 107.23  26.58 1005    0.4
  57828 107.58  26.50  983    1.9
  57829 107.80  26.20  964   20.0
  57834 108.30  26.68  642   10.3
  57835 108.43  26.72  521   17.9
  57837 108.07  26.40  838   13.2
  57842 109.72  26.88  281   29.5
  57844 109.18  26.68  344   16.5
  57846 110.15  26.58  307   26.4
  57851 110.85  26.45  307   15.2
  57859 110.63  26.03  409   10.9
  57860 111.28  27.00  282   26.7
  57865 111.58  26.47  166   32.1
  57867 111.28  26.40  169    9.0
  57868 111.87  26.60  113   25.5
  57870 112.10  26.80  151   36.2
  57871 112.37  26.98   91   34.8
  57875 112.50  26.88   71   22.1
  57876 112.83  26.43  118    3.9
  57881 113.25  26.72  105   30.0
  57882 113.55  26.78  135   82.1
  57883 114.28  26.75  257    7.7
  57886 113.78  26.50  226    4.5
  57887 113.12  26.13  124    7.8
  57891 114.25  26.93  144   12.5
  57895 114.78  26.47   96   35.0
  57899 114.92  26.80   66   10.2
  57900 105.22  25.83 1553    0.1
  57903 105.60  25.93 1138   0.01
  57905 105.63  25.40 1063   13.2
  57908 105.48  25.12 1393   12.6
  57909 105.82  24.98  584   40.2
  57911 106.65  26.67 1325   0.01
  57913 106.98  26.45 1095    0.7
  57914 106.67  26.42 1143    0.1
  57915 106.77  26.63 1102    0.1
  57921 107.32  25.83  710  143.6
  57923 107.87  25.98  418   70.4
  57927 107.18  24.97  283    2.0
  57936 108.92  25.75  255   31.3
  57941 109.60  25.78  198   14.3
  57942 110.00  25.80  267   41.8
  57948 109.25  25.08  123   50.6
  57949 110.00  24.98  157   44.2
  57954 110.18  25.23  158   25.5
  57955 110.67  25.62  224   10.0
  57956 110.32  25.42  169   28.9
  57958 110.32  25.08  152   43.4
  57960 111.07  25.93  192   20.5
  57962 111.65  25.97  166    9.8
  57964 111.15  25.50  258    0.5
  57966 111.95  25.60  205   12.8
  57969 111.33  25.27  230    0.4
  57971 112.20  25.92  225    8.0
  57973 112.72  25.75  328    7.2
  57975 112.20  25.38  278    8.4
  57976 112.95  25.42  226    0.5
  57978 112.55  25.28  291    3.8
  57981 113.22  25.98  141   14.9
  57985 113.68  25.57  608    1.4
  57988 113.35  25.15  103   21.9
  57989 113.73  25.10   96   10.1
  57990 114.30  25.70  252    2.4
  57991 114.55  25.80  148    0.1
  57992 114.75  25.67  129    2.9
  57994 114.35  25.40  208    2.6
  57995 114.93  25.40  166    6.2
  58112 116.45  30.73  933    0.6
  58113 116.75  33.93   35   0.01
  58128 117.30  33.32   23   0.01
  58205 115.43  32.47   36   0.01
  58207 115.05  32.17   42   18.9
  58212 116.73  32.72   27   0.01
  58235 118.85  32.37   16   0.01
  58240 119.02  32.68   25   0.01
  58242 119.18  32.28   14   0.01
  58301 115.38  31.82   90   11.4
  58306 115.88  31.68   94    0.8
  58317 116.37  30.87  434    0.1
  58320 117.13  31.73   26    0.1
  58359 120.62  31.13    9    0.4
  58361 121.37  31.10   10   0.01
  58365 121.25  31.37    9   0.01
  58369 121.78  31.05    9    0.2
  58370 121.55  31.22   11   0.01
  58377 121.10  31.47    6   0.01
  58408 115.43  30.23   35    4.7
  58409 115.93  30.07   20   10.6
  58415 116.58  30.63   38    1.0
  58416 116.82  30.75   38   10.2
  58417 116.13  30.17   50    5.9
  58418 116.70  30.13   26   10.8
  58420 117.22  30.72   38    1.3
  58421 117.87  30.63   32   16.9
  58423 117.78  30.48  643   41.0
  58426 118.13  30.30  192   38.1
  58427 117.48  30.67   36    6.1
  58428 117.48  30.22  115    6.9
  58431 118.32  30.92   17    1.5
  58432 118.40  30.68   39   32.1
  58433 118.75  30.93   30    2.4
  58435 118.53  30.30  221    6.3
  58438 118.58  30.08  197    2.0
  58441 119.42  30.87   53    2.4
  58443 119.90  31.02   19    8.3
  58446 119.68  30.63   25   13.0
  58449 119.95  30.05   47    9.7
  58451 120.93  30.83    3    7.0
  58452 120.77  30.73    4    1.8
  58453 120.50  30.07   10    2.4
  58454 119.97  30.53    5   18.7
  58455 120.65  30.52    8    4.5
  58456 120.52  30.63    6   12.8
  58458 120.90  30.53    3    4.4
  58459 120.28  30.18   42    0.5
  58460 121.35  30.73    6    8.7
  58461 121.12  31.13    8    0.3
  58462 121.23  31.03    9    1.1
  58463 121.50  30.88    9   13.0
  58468 121.17  30.05   10    4.5
  58484 122.20  30.25    9    3.7
  58501 115.63  29.93   25   14.3
  58502 116.00  29.73   37    7.4
  58503 115.68  29.70   41    6.9
  58508 115.77  29.33   42    3.0
  58509 115.82  29.05   38    3.8
  58510 116.23  29.73   40    7.5
  58512 116.55  29.90   66    5.1
  58514 116.05  29.45   35    1.1
  58517 116.20  29.27   43    0.3
  58523 117.93  29.93  231    8.7
  58529 117.85  29.27   82   17.7
  58530 118.43  29.87  170   44.4
  58534 118.18  29.78  173   38.5
  58537 118.40  29.13  153   26.1
  58542 119.68  29.82   45    3.1
  58544 119.27  29.48   87    5.0
  58546 119.88  29.47  114    3.8
  58547 119.18  29.03   65    2.3
  58548 119.47  29.22   46    8.0
  58550 120.25  29.70   39   37.0
  58555 120.88  29.52  112   74.3
  58558 120.22  29.27   89   80.9
  58559 120.98  29.17   59   28.3
  58561 121.60  29.98    3   25.8
  58563 121.83  29.88    4   35.3
  58565 121.43  29.68    6   42.7
  58566 121.88  29.47   14   19.2
  58567 121.43  29.32   39   55.2
  58568 121.38  29.12   35   16.9
  58570 122.30  29.95   83   20.5
  58601 115.38  28.70   54   16.9
  58602 115.55  28.85   46    4.0
  58605 115.38  28.42   49    1.7
  58607 115.95  28.55   35    1.2
  58609 115.82  28.22   30   18.4
  58612 116.68  28.70   22    7.2
  58614 116.27  28.38   40    0.5
  58615 117.08  28.68   56    1.3
  58616 116.82  28.20   44    9.2
  58618 116.60  28.23   51    0.8
  58619 116.37  28.00   47    2.6
  58620 117.13  28.97   37   30.1
  58623 117.92  28.47   92   15.3
  58624 117.43  28.40   64    6.5
  58625 117.60  28.42   80   12.0
  58627 117.03  28.25   64    4.9
  58629 117.70  28.32   59    8.9
  58631 118.50  28.90  134   17.6
  58632 118.60  28.72  124    7.6
  58635 118.20  28.43   96   12.5
  58642 119.80  28.88  102    7.0
  58643 120.03  28.90   99    7.0
  58644 119.28  28.60  237   19.8
  58647 119.13  28.07  196    2.0
  58654 120.08  28.67  184   10.4
  58656 120.97  28.12    7   13.9
  58657 120.28  28.15   59    6.3
  58658 120.68  28.15   36    6.3
  58659 120.65  28.03   29    1.6
  58660 121.13  28.85    8   18.4
  58664 121.37  28.37   33    8.4
  58693 115.83  28.70   37    4.0
  58701 115.40  27.77   47    4.3
  58704 115.35  27.62   61    3.6
  58706 115.83  27.43  180   13.6
  58707 115.13  27.22   66   19.5
  58710 116.05  27.77   76    9.6
  58712 116.78  27.92  123    5.3
  58713 117.07  27.72  220    6.9
  58714 116.23  27.55  115   13.1
  58719 116.93  27.30  123   20.8
  58724 117.30  27.52  264   11.5
  58735 118.80  27.52  201    0.1
  58736 118.82  27.37  220   0.01
  58745 119.07  27.62  368    0.3
  58746 119.70  27.55  514   0.01
  58747 119.35  27.15  900    3.8
  58748 119.65  27.10   51    0.1
  58750 120.08  27.78  106   0.01
  58804 115.35  26.35  153   62.3
  58814 116.35  26.35  237   34.9
  58819 116.80  26.17  329   44.1
  58821 117.47  26.73  174    6.3
  58822 116.85  26.83  341    4.2
  58823 117.80  26.80  173    9.2
  58824 117.15  26.40  355   64.6
  58826 117.80  26.40  120    1.7
  58828 117.62  26.27  206   12.3
  58839 118.85  26.23   42   10.6
  58844 119.15  26.15   49    3.1
  58848 119.55  26.20   12   34.0
  58850 120.23  26.92   88    0.5
  58903 116.03  25.90  208   26.4
  58905 115.42  25.97  136    0.5
  58906 115.80  25.60  167    6.5
  58907 115.40  25.15  300    3.9
  58912 116.75  25.72  379    8.7
  58917 116.10  25.08  307   29.7
  58923 117.83  25.70  397   15.4
  58928 117.53  25.02  160    0.2
  58929 118.15  25.07   66    0.4
  58932 118.93  25.87   85    1.1
  58934 118.27  25.33  170    4.6
  58935 118.23  25.48  516   16.1
  58938 118.98  25.23   22    1.2
  58940 119.33  26.08   28    5.2
  58941 119.50  25.97   11   23.8
  58942 119.38  25.72   39    1.1
  58946 119.00  25.45   84    0.2
  59001 105.33  24.78  674   42.6
  59004 105.10  24.50  729    9.8
  59012 106.55  24.78  973    3.4
  59015 106.57  24.35  442    3.4
  59017 106.27  24.27  279    9.3
  59022 107.55  24.98  695    5.8
  59025 107.38  24.53  249   58.2
  59027 107.25  24.13  244   11.5
  59031 108.25  24.83  205    4.6
  59033 108.90  24.78  330   19.0
  59034 108.67  24.48  149    3.5
  59038 108.65  24.07  142    1.8
  59041 109.25  24.65  109   13.2
  59044 109.38  24.47   99    6.1
  59045 109.75  24.48   95   16.2
  59047 109.33  24.25  101   0.01
  59051 110.50  24.77  133   37.2
  59052 110.82  24.83  167   65.5
  59053 110.67  24.62  108   14.2
  59055 110.40  24.50  166    0.3
  59057 110.18  24.13  827   0.01
  59059 110.80  24.18  107    0.3
  59061 111.27  24.82  198   14.8
  59063 111.45  25.18  262    1.3
  59064 111.32  24.55  141   40.0
  59071 112.28  24.73  175   0.01
  59074 112.15  24.57  300   14.1
  59075 112.63  24.48   70   68.3
  59081 113.27  24.78   98    1.0
  59090 114.07  24.95  103   16.6
  59091 114.53  24.75  257    8.6
  59093 115.03  24.78  254    5.9
  59094 114.12  24.37  135    0.1
  59099 114.93  24.45  175    2.1
  59122 117.75  24.62   42    0.5
  59124 117.37  24.52   31   0.01
  59127 117.83  24.43   14    1.8
  59130 118.15  24.73   28    0.8
  59205 105.63  23.65  688    4.4
  59213 106.92  23.73  113    0.1
  59224 107.12  23.60  116    0.5
  59230 108.17  23.72  173    5.4
  59246 109.67  23.60   70    0.1
  59255 110.38  23.55   37   0.01
  59264 111.50  23.40   79   14.8
  59269 111.77  23.15   27   0.01
  59270 112.18  23.92   78    3.8
  59276 112.65  23.35   40    1.0
  59284 113.22  23.38    6   72.0
  59285 113.60  23.57   39    6.1
  59314 116.13  23.30   27    0.3
  59315 116.38  23.58   25    0.2
  59318 116.58  23.27   10    0.3
  59322 117.37  23.98   20   0.01
  59448 109.55  22.27   70   0.01
  59449 109.98  22.30   80   0.01
  59457 110.27  22.32  120    7.4
  59471 112.05  22.93  102   12.5
  59500 115.32  22.97   10   16.5
  59502 115.65  22.95   11    0.2
  59842 109.68  19.90   31    0.4
  59848 109.43  19.23  219   0.01
