diamond  3 2014年05月10日08点24小时降雨量                    
  14  05  10  08    -2 3 10 25 50 1 0
 39 122.7  37.3 122.5  36.7 120.8  36.2 119.3  35.0 120.4  34.3
 121.1  32.7 122.3  30.9 122.5  30.1 121.5  28.0 119.8  25.0
 116.1  22.6 111.0  21.0 111.0  18.6 109.6  18.1 108.3  18.5
 108.9  19.9 109.3  21.0 106.4  21.6 104.1  22.2 101.6  20.8
  98.7  22.0  97.1  24.1  97.7  27.0  91.7  26.6  85.7  27.7
  78.9  30.6  73.3  37.1  74.1  40.7  87.6  49.8  98.5  43.9
 110.4  44.3 122.0  54.7 135.7  48.3 131.5  42.2 125.2  39.4
 121.3  38.5 121.2  40.3 118.5  38.6 120.8  38.1
1                    983
  50832 122.08  46.72  334   0.01
  50833 122.90  46.72  189    0.3
  50913 118.83  45.72  866    9.6
  50924 119.67  45.53  824    9.3
  50928 120.33  45.07  629    3.7
  50934 121.58  45.38  309    1.4
  50937 121.47  45.05  250    1.1
  50939 122.82  45.33  154    0.6
  50940 123.17  45.85  142    0.5
  50946 124.83  45.18  140    0.1
  50954 125.08  45.50  129   0.01
  51468  86.83  43.10 3543    3.6
  51571  88.63  42.80    2   0.01
  51572  89.25  42.83  -47    0.9
  52557 100.17  39.15 1458    0.3
  52607 106.65  39.43 1253    0.9
  52643  99.62  38.83 2311   11.8
  52656 100.82  38.43 2282   10.6
  52745  99.02  37.30 3417    1.3
  52784 102.90  37.47 2073    6.1
  52842  99.08  36.78 3088    0.2
  52853 100.98  36.90 3011    1.8
  52855 101.25  36.68 2676    2.1
  52862 101.68  36.95 2451    0.5
  52863 101.95  36.82 2480    1.1
  52869 101.58  36.50 2665    1.4
  52874 102.40  36.48 1981    0.4
  52875 102.10  36.50 2129    0.7
  52877 102.25  36.10 2835    2.7
  52881 103.18  36.98 2485    2.0
  52885 103.25  36.75 2119    1.3
  52896 104.15  36.55 1739    0.6
  52957 100.60  35.25 3149    2.4
  52963 102.02  35.93 2086    1.5
  52968 101.47  35.03 3663    0.3
  52972 102.47  35.85 1870    0.4
  52978 102.52  35.20 2930    1.1
  52980 103.30  35.97 1649   0.01
  52981 103.38  35.67 2429   0.01
  52982 103.55  35.48 1954    0.8
  52985 103.33  35.42 2164    0.8
  52988 103.72  35.37 2000    0.8
  52993 104.07  35.68 1740    1.5
  52995 104.62  35.58 1898    1.5
  52998 104.20  35.13 2111    5.9
  53272 112.63  42.75 1106   10.8
  53289 113.83  42.23 1322   19.8
  53337 108.27  41.10 1025    5.2
  53343 109.97  41.77 1612    4.9
  53348 109.13  41.02 1080    8.8
  53357 110.05  42.03 1361    6.3
  53367 111.23  41.32 1604    9.1
  53368 111.47  41.08 1640   20.0
  53378 112.62  41.28 1737   17.2
  53384 113.18  41.45 1424   20.5
  53385 113.55  41.57 1387   20.2
  53392 114.60  41.85 1424   11.7
  53397 113.98  41.10 1377   24.1
  53419 107.00  40.33 1060    0.3
  53420 107.12  40.85 1024   0.01
  53433 108.65  40.73 1022    7.8
  53455 110.53  40.55 1000    6.6
  53457 110.03  40.40 1012    2.5
  53464 111.17  40.72 1047   18.1
  53466 111.70  40.75 1046   15.3
  53467 111.18  40.27 1017   19.9
  53469 111.82  40.40 1164   19.0
  53472 112.57  40.87 1453   17.0
  53475 112.47  40.52 1272   17.7
  53481 113.22  40.80 1317   27.2
  53483 113.83  40.87 1269   20.8
  53484 113.15  40.45 1192   25.8
  53486 113.77  40.37 1050   20.6
  53488 113.58  40.03 1035   23.4
  53491 114.38  40.67  837   24.6
  53492 114.15  40.10  939   14.3
  53498 115.03  40.57  630   10.1
  53499 114.73  40.77  755   15.1
  53505 105.40  37.88 1382    2.5
  53512 106.80  39.80 1105    2.2
  53517 106.33  39.27 1466    0.9
  53518 106.35  39.03 1118    0.6
  53522 107.83  40.05 1180    3.9
  53533 108.73  39.85 1390    5.1
  53545 109.73  39.57 1330    3.2
  53547 109.03  39.10 1312    3.4
  53553 111.22  39.87 1222   19.1
  53562 111.67  39.92 1192   26.0
  53565 111.50  39.43 1050   19.9
  53567 111.08  39.03  980   21.5
  53573 112.70  40.00 1337   16.3
  53574 112.27  39.52 1408   15.6
  53575 112.20  39.10 1526   29.7
  53576 112.82  39.50 1046   18.7
  53577 112.30  39.00 1441   32.3
  53579 112.90  39.02  861   45.1
  53580 113.10  39.82 1045   29.8
  53582 113.68  39.72 1094   19.7
  53584 113.17  39.57 1001   22.0
  53585 113.27  39.17  934   35.3
  53590 114.27  39.75  979    6.6
  53599 114.68  39.37  885    1.6
  53603 106.37  38.83 1096    0.6
  53610 106.35  38.57 1106    1.1
  53611 106.55  38.88 1099    0.7
  53617 106.08  38.03 1119    1.5
  53618 106.25  38.28 1115    0.8
  53619 106.30  38.12 1117    2.3
  53644 108.83  38.60 1309    4.8
  53658 110.48  38.03  895   16.6
  53659 111.00  37.97 1164   34.5
  53660 111.08  39.02  893   20.4
  53662 111.58  38.72 1393   31.4
  53665 111.65  38.28 1183   25.9
  53666 111.93  38.35 1213   35.5
  53669 111.80  38.08 1151   35.0
  53674 112.70  38.42  799   52.3
  53676 112.98  38.50  760    8.3
  53677 112.48  37.93  808   47.2
  53678 112.67  38.07  899   31.5
  53679 112.55  37.73  776   41.3
  53681 113.37  38.83 1097   20.0
  53685 113.42  38.07  953    5.7
  53690 114.18  38.85  283    0.2
  53707 105.25  36.93 1699    1.6
  53727 107.12  37.17 1713    1.8
  53730 107.48  38.18 1335    4.3
  53732 108.72  37.85 1211   10.1
  53748 109.70  37.18 1064   22.7
  53750 110.18  37.77  931   29.3
  53751 110.05  37.60  897   31.6
  53753 110.88  37.43  861   42.3
  53756 110.72  37.52  744   35.1
  53757 110.12  37.12  938   29.9
  53759 110.83  36.98 1106   59.5
  53760 111.23  37.88 1212   33.2
  53763 112.17  37.92 1008   23.7
  53767 111.17  37.33 1212   45.0
  53768 111.75  37.15  770   26.1
  53769 111.78  37.25  749   20.3
  53770 112.35  37.35  769   17.0
  53771 112.05  37.42  751   16.3
  53774 112.33  37.62  774   24.4
  53776 112.77  37.68  831   15.9
  53777 112.15  37.53  760   21.7
  53778 112.22  37.17  780    8.8
  53780 113.15  37.90 1066   10.4
  53829 107.90  35.98 1094   12.7
  53832 108.77  36.77 1220   13.8
  53841 109.32  36.88 1069   18.8
  53848 109.35  36.27 1005   37.1
  53850 110.18  36.88  801   28.8
  53852 110.63  36.77  917   69.0
  53856 110.75  36.47  756   50.1
  53857 110.18  36.07  840   43.8
  53860 111.17  36.98 1407   42.6
  53861 111.42  35.88  425   44.3
  53862 111.77  36.83  809   29.8
  53864 111.10  36.40 1030   56.1
  53865 111.55  36.65 1012   75.5
  53866 111.67  36.23  464   31.1
  53869 111.70  36.58  550   31.6
  53871 112.85  36.83  965   0.01
  53874 111.90  36.25  650   10.9
  53875 112.35  36.52 1001    1.5
  53881 106.48  37.28 1382    0.5
  53906 105.72  35.52 1659    4.3
  53908 105.23  35.22 1769    0.5
  53914 106.12  35.62 2079   11.2
  53916 106.32  35.50 1949    8.7
  53917 106.07  35.22 1633    7.2
  53924 107.62  35.07  967   18.3
  53925 107.18  35.68 1174    3.6
  53926 107.35  35.35 1630   13.3
  53927 106.62  35.20 1478    6.0
  53928 107.02  35.30 1150    7.6
  53930 107.98  36.45 1270   16.1
  53931 109.37  36.00  983   44.2
  53934 108.02  35.82 1299   18.1
  53935 108.35  35.48 1443   25.2
  53937 107.92  35.52  980   18.8
  53938 108.30  35.17 1277   23.0
  53941 109.58  35.18  807   18.5
  53944 109.25  35.57  857   22.8
  53945 109.07  35.43 1394   34.6
  53946 109.82  35.60 1091   37.8
  53947 109.07  35.08  979   19.5
  53949 109.92  35.18  680   31.6
  53950 110.15  35.23  710   24.5
  53953 110.85  35.97  966   48.3
  53954 110.97  35.62  433   45.5
  53956 110.83  35.40  589   44.8
  53957 110.72  35.62  459   34.2
  53958 110.78  35.13  389   23.1
  53961 111.48  35.65  473   27.8
  53962 111.70  35.73  585   19.2
  53964 111.22  35.62  431   26.6
  53965 111.57  35.52  761   29.8
  53966 111.83  35.98  818   10.9
  53967 111.20  35.33  469   17.8
  53970 112.20  35.70  887    5.9
  53978 112.63  35.08  140    0.1
  54024 119.30  44.45  710    7.6
  54031 121.82  44.90  201    0.6
  54039 122.02  44.03  182   0.01
  54113 118.65  43.53  623    8.3
  54117 117.53  43.25 1004   23.3
  54122 120.05  43.88  375    1.7
  54204 115.00  42.30 1347   13.3
  54205 116.00  42.23 1316    7.1
  54214 118.42  42.58  961    2.5
  54223 120.65  42.85  364    1.2
  54225 119.92  42.28  589    3.4
  54301 115.67  41.67 1414    2.9
  54304 115.28  40.97 1249   12.6
  54305 115.27  41.88 1468   15.6
  54313 118.70  41.93  734    0.5
  54316 118.75  41.52  680    0.1
  54319 118.67  41.00  509   0.01
  54320 119.30  41.60  546    0.2
  54321 119.63  41.87  661    4.1
  54323 120.78  41.82  253    0.6
  54325 120.35  41.18  183    5.7
  54327 119.35  41.23  421    0.2
  54328 119.72  41.08  300   0.01
  54330 121.37  41.17   61    1.8
  54404 115.83  40.88  868    3.8
  54408 115.22  40.38  531    6.4
  54453 120.88  40.78   43    1.5
  54474 122.35  40.42   27    2.6
  54475 122.48  40.62   15    1.3
  54908 115.10  35.27   57   0.01
  56045  99.90  33.97 4051   0.01
  56071 102.50  34.58 3107    0.2
  56081 103.35  34.70 2811    5.4
  56082 103.50  34.58 2544    1.9
  56084 103.23  34.07 2376    6.9
  56091 104.47  34.85 1884    1.2
  56092 104.65  35.00 1729    2.5
  56094 104.37  33.78 1400    1.3
  56095 104.38  34.03 1754    1.5
  56097 104.23  33.27 1407    4.9
  56147  98.83  31.22 3261    5.8
  56158 100.67  31.40 3250    2.1
  56164 100.98  32.27 3286    3.4
  56168 102.07  31.48 2170    3.9
  56171 101.70  32.90 3276    7.3
  56180 103.85  31.68 1591    6.2
  56181 103.70  30.68  543    4.2
  56183 103.58  31.47 1326    9.7
  56184 103.17  31.43 1884    5.0
  56185 102.98  32.08 2400   19.8
  56186 104.20  31.33  589   14.1
  56189 103.93  30.98  584    6.4
  56190 104.55  31.55  518   13.4
  56192 104.67  32.95 1016    6.5
  56193 104.52  32.42  894    8.0
  56194 104.45  31.82  679   16.7
  56195 104.73  31.78  531   18.9
  56197 104.18  31.13  537   12.7
  56198 104.50  31.32  523   14.6
  56199 104.68  31.03  424    2.4
  56263 101.88  30.88 1948    1.7
  56267 101.02  30.03 2598    1.7
  56272 103.88  30.82  560    3.7
  56273 102.82  30.38 1011   10.4
  56276 103.82  30.45  468   10.5
  56278 102.77  30.07  756   16.7
  56279 102.93  30.15  683   17.7
  56280 103.12  30.08  692   19.1
  56281 103.50  30.18  512   12.5
  56284 103.48  30.42  502    9.5
  56285 103.52  30.60  525    4.8
  56286 104.25  30.55  514   0.01
  56288 103.92  30.58  495    6.5
  56289 103.87  30.20  439   15.1
  56290 104.18  30.78  515    6.0
  56291 104.28  30.97  474    7.3
  56295 104.55  30.38  443   10.7
  56296 104.43  30.85  449    8.0
  56297 104.15  30.02  431   14.5
  56298 104.60  30.13  415   10.6
  56371 102.23  29.92 1322    7.5
  56373 102.85  29.78  763    9.1
  56376 102.68  29.35 1098    4.0
  56378 102.35  29.23  891    5.8
  56380 103.37  29.92  466    8.4
  56381 103.52  30.02  497   13.8
  56382 103.60  29.73  408    9.0
  56383 103.87  29.83  454   16.5
  56384 103.48  29.60  446   13.7
  56387 103.27  29.23  639    3.6
  56389 103.95  29.20  386    1.3
  56390 104.07  29.67  403   13.0
  56391 103.82  30.08  416   19.7
  56393 104.85  29.77  370    5.4
  56394 104.43  29.45  382    3.6
  56395 104.67  29.52  349    5.3
  56396 104.77  29.35  352    0.6
  56399 104.98  29.18  307    3.9
  56441  99.28  28.72 2424    0.1
  56443  99.80  28.93 2842    1.9
  56473 102.77  28.95 1061    7.5
  56474 102.17  28.55 1775    0.4
  56478 102.43  28.30 1819    0.3
  56480 103.53  28.82  564    1.1
  56483 103.95  28.60  412    0.3
  56487 103.13  28.33 1945    0.8
  56489 103.63  28.23  876    0.6
  56490 103.90  28.95  396    1.2
  56491 104.57  28.70  288    0.2
  56493 104.97  28.85  297    0.2
  56496 105.23  28.32  330    2.1
  56497 104.23  28.10  433    1.6
  56498 104.50  28.17  442    0.9
  56499 104.78  28.38  368    0.5
  56567 100.85  27.30 2242   0.01
  56578 102.75  27.07 1093   0.01
  56580 102.80  27.72 2461   0.01
  56582 103.90  27.75 1177    1.1
  56584 103.25  27.70 1093    0.3
  56592 104.52  28.43  360    0.1
  56593 104.92  28.58  281    0.2
  56595 104.87  27.42 1644    0.2
  56596 105.05  27.85 1176    0.9
  56598 104.73  27.13 1538   0.01
  56641  98.87  26.90 1191  111.2
  56645  99.42  26.42 2345    6.8
  56646  99.92  26.53 2193    0.7
  56652 100.75  26.68 2131   0.01
  56654 100.18  26.58 2196   0.01
  56697 104.08  26.22 1987   0.01
  56742  99.37  25.90 1663    1.1
  56745  99.95  25.68 1627   0.01
  56746  99.52  25.47 1618   0.01
  56755 100.48  25.35 1670    0.1
  56756 100.58  25.48 1993    0.3
  56757 100.28  25.27 1744   0.01
  56835  97.82  24.07  958    2.8
  56836  97.95  24.70  828    1.4
  56839  98.82  23.77  994    1.0
  56840  98.30  24.82 1013    0.7
  56841  98.68  24.60 1527    1.6
  56842  99.18  24.73 1473    2.5
  56843  99.62  24.83 1650    1.1
  56844  98.58  24.43  915    4.8
  56846  99.93  24.58 1569   10.9
  56849  99.23  24.03 1607    6.5
  56851 100.52  25.03 1378    0.9
  56854 100.13  24.45 1108    8.9
  56862 101.60  24.68 1966   0.01
  56863 102.48  24.93 1850    0.1
  56867 101.12  23.98 1107    0.2
  56869 101.97  24.07 1498   0.01
  56870 102.17  24.67 1576   0.01
  56879 102.92  24.20 1610   0.01
  56882 102.80  24.88 1909   0.01
  56885 103.45  24.40 1416   0.01
  56898 102.40  24.18 1542   0.01
  56944  99.27  23.15 1280    2.1
  56948  99.60  22.63 1156    0.2
  56949  99.60  22.32  946   0.01
  56950  99.80  23.47 1044    3.1
  56952 100.70  23.50  914    6.7
  56958 100.42  21.92 1177    0.4
  56961 101.05  23.03 1321    0.3
  56962 101.67  23.42 1315    4.3
  56970 102.48  23.70 1419    1.2
  56973 102.83  23.62 1310    1.2
  56975 102.43  23.37  975    2.1
  56976 102.83  23.23  229    1.3
  56978 102.42  23.00 1640    5.6
  56982 103.25  23.70 1055    0.2
  56984 103.15  23.38 1717    1.8
  56987 103.23  22.78 1261    4.3
  56995 104.42  23.03 1335    0.1
  57001 105.33  34.75 1273    1.6
  57002 105.65  34.85 1217    3.6
  57004 104.88  34.73 1496    1.9
  57006 105.75  34.58 1142    6.8
  57007 105.18  34.18 1406    2.3
  57008 105.30  34.03 1578    1.9
  57011 106.15  34.75 1379   11.4
  57012 106.20  34.98 1665   10.3
  57016 107.13  34.35  613   25.1
  57020 107.40  34.37  563   21.8
  57021 107.13  34.65  751   16.7
  57022 107.78  34.68 1026   20.2
  57023 108.10  35.03  841   24.4
  57024 107.65  34.45  671   18.2
  57026 107.88  34.37  586   16.2
  57027 107.73  34.27  518   16.7
  57029 108.48  34.50  544   12.7
  57031 108.55  34.82 1013   18.1
  57032 108.20  34.13  436   18.3
  57033 108.82  34.55  429   11.4
  57035 108.23  34.55  636   14.7
  57038 108.45  34.28  411   11.9
  57039 108.88  34.08  445   10.1
  57040 109.08  34.52  378   11.0
  57041 108.92  34.63  425   14.1
  57042 109.18  34.78  473   16.7
  57043 109.97  34.80  352   17.2
  57044 109.23  34.40  424    8.8
  57045 109.48  34.52  354   10.2
  57047 109.32  34.17  541   18.8
  57053 110.72  34.70  507   11.2
  57054 110.23  34.55  557   13.7
  57055 110.08  34.55  352   12.0
  57056 110.88  34.53  390    9.1
  57057 110.15  34.10  961   10.5
  57060 111.23  35.17  404   24.7
  57061 111.20  34.83  411   13.5
  57063 111.77  34.77  524    5.5
  57065 112.18  34.50  196    0.2
  57066 111.67  34.38  329    4.9
  57070 112.12  34.73  358   0.01
  57072 112.75  34.92  128    1.7
  57074 112.42  34.42  198    0.1
  57093 114.82  34.85   74   0.01
  57102 105.72  33.75  971    8.1
  57105 105.60  33.33 1219   13.0
  57110 106.08  33.78  930   17.9
  57111 106.30  33.92  967   22.3
  57113 106.53  33.90  990   34.6
  57119 106.70  33.17  551   29.0
  57123 108.07  34.28  510   17.5
  57126 107.55  33.22  470   31.2
  57128 107.33  33.17  487   35.7
  57129 107.72  32.98  447   31.8
  57132 108.62  34.12  415   10.6
  57137 108.32  33.32  801   12.7
  57140 109.12  33.67  818   17.3
  57153 110.33  33.68  584    5.0
  57155 109.87  33.55  661    3.2
  57162 112.08  34.15  327    0.4
  57169 111.87  33.05  160    4.8
  57173 112.88  33.75  147   0.01
  57175 112.23  33.05  192    2.0
  57176 112.42  33.48  230   12.2
  57177 113.53  33.33   91    0.1
  57179 113.00  33.28  161    1.3
  57187 112.93  33.07  119   25.1
  57192 114.85  33.73   47    0.2
  57194 114.27  33.28   60   0.01
  57195 114.62  33.62   47   0.01
  57197 114.33  33.00   54    4.5
  57204 105.23  32.58  801    7.2
  57208 105.47  32.02  538   14.9
  57213 106.93  33.00  537   32.0
  57216 106.83  32.35  577   44.1
  57217 106.28  32.23  493   41.8
  57231 108.53  32.53  504   10.5
  57233 108.50  32.90  413   15.9
  57242 109.37  32.85  285    0.3
  57247 108.90  32.32  442    6.1
  57248 109.33  32.40  429    1.0
  57249 109.68  32.32  453    0.3
  57253 110.82  32.85  204    6.9
  57254 110.12  32.82  324    1.1
  57257 110.23  32.23  309    1.1
  57260 111.52  32.55  143    5.1
  57261 111.50  33.13  196    6.6
  57268 111.63  32.27   87    5.9
  57271 112.38  32.55   89    1.3
  57273 112.85  32.68  110   15.7
  57274 112.12  32.70  108    6.8
  57281 113.30  32.70  142    7.7
  57292 114.63  32.97   44   0.01
  57293 114.98  32.73   39    0.9
  57294 114.02  32.83   84    3.3
  57295 114.35  32.62   83   0.01
  57296 114.73  32.35   50    1.8
  57298 114.55  32.22   56    0.6
  57299 114.90  32.02   50   0.01
  57303 105.92  31.73  460   21.9
  57304 105.17  31.67  517    8.2
  57307 105.08  31.10  408    5.7
  57308 105.38  31.22  421    7.9
  57309 105.88  30.98  375    3.0
  57314 106.07  31.35  385   16.0
  57315 106.40  31.53  658   18.0
  57317 106.42  31.03  323   11.0
  57318 106.55  31.07  339   10.5
  57320 107.22  31.93  483   26.7
  57324 107.08  31.58  363   15.7
  57326 107.72  31.37  390    2.1
  57329 107.85  31.10  462    0.4
  57333 108.67  31.95  800    0.4
  57338 108.42  31.18  213    1.2
  57339 108.68  30.95  296    2.9
  57345 109.62  31.40  339    0.7
  57349 109.87  31.07  270   0.01
  57361 111.27  31.88  331    8.8
  57362 110.67  31.75  939    3.4
  57363 111.83  31.80  146   14.4
  57368 111.63  31.05  138   25.5
  57370 112.22  31.73   68   12.9
  57377 112.22  31.00  184    9.7
  57385 113.82  31.63   94    0.1
  57386 114.00  31.25   37    1.4
  57387 113.13  31.00   80    4.9
  57388 113.70  31.27   55    0.5
  57389 113.75  31.03   33    5.6
  57390 114.07  31.80  731    6.6
  57396 114.85  31.63  130    0.9
  57398 114.62  31.28   76    7.1
  57401 105.37  30.87  380    9.7
  57402 105.70  30.77  395    8.4
  57407 105.03  30.28  464   10.0
  57408 105.35  30.12  333    9.5
  57409 105.80  30.18  295   19.8
  57413 106.97  30.85  295    3.4
  57414 106.45  30.55  396   14.3
  57415 106.63  30.47  336    9.8
  57416 106.93  30.33 3915    6.4
  57417 106.28  30.35  315   18.0
  57425 107.33  30.33  430   10.0
  57431 108.35  30.83  256    2.1
  57437 108.03  30.30  326    4.2
  57438 108.12  29.98  630    7.6
  57453 111.32  30.77  116   16.9
  57460 111.78  30.82   91   21.5
  57462 111.08  30.87  104   14.4
  57464 111.18  30.47  144   18.0
  57465 111.45  30.38   76   19.9
  57466 111.77  30.43   50   12.3
  57469 111.77  30.18   68   14.2
  57475 112.90  30.40   33    9.4
  57477 112.22  30.07   39   14.5
  57481 113.58  30.95   31    7.6
  57485 113.45  30.37   33   19.6
  57486 113.85  30.65   25   10.9
  57489 114.00  30.58   39   14.3
  57491 114.40  30.87   31    5.4
  57492 114.80  30.83   33    5.9
  57495 114.88  30.67   19    7.2
  57496 114.87  30.37   30   11.6
  57498 114.90  30.43   22    9.9
  57499 114.97  30.10   40   17.1
  57505 105.58  29.42  324    9.6
  57506 105.90  29.37  376   12.5
  57507 105.30  29.33  374    5.5
  57508 105.37  29.15  302    3.2
  57509 106.93  28.95  325   22.8
  57510 106.05  29.85  275   20.7
  57511 106.45  29.85  242   18.7
  57513 106.62  29.73  457   15.1
  57514 106.22  29.58  325   19.6
  57518 106.53  29.38  243   26.5
  57519 107.08  29.15  559   25.8
  57522 107.42  29.75  273   13.5
  57525 107.75  29.32  273   23.2
  57537 108.17  29.30  321   58.9
  57540 109.15  29.68  776   18.6
  57541 109.48  30.00  533    9.6
  57543 110.03  29.88  540    8.7
  57544 109.45  29.47  486   12.4
  57558 110.47  29.13  184   17.6
  57564 111.13  29.43  103    7.6
  57565 111.75  29.65   39   31.0
  57566 111.65  29.45   50   24.1
  57571 112.40  29.70   37   21.3
  57575 112.57  29.52   32   15.3
  57577 112.17  29.40   37   26.8
  57582 113.88  29.73   51   23.6
  57585 113.45  29.48   60   54.8
  57586 114.03  29.53   79   35.1
  57589 113.80  29.25  103   53.3
  57590 114.37  29.85   64   17.5
  57596 114.20  29.63    0   36.0
  57600 105.07  28.72  256    0.5
  57603 105.83  28.82  283    6.6
  57605 105.82  28.03  539    0.8
  57609 105.70  28.58  316    1.5
  57623 107.60  28.88  684   35.3
  57634 107.88  28.52  658   29.5
  57635 108.98  28.45  363   15.7
  57636 108.50  28.57  335   28.2
  57637 108.12  28.25  524   27.0
  57640 109.45  28.58  344   21.7
  57643 109.83  29.00  268    9.5
  57646 109.95  28.62  301   19.5
  57657 110.20  28.22  182   38.4
  57658 110.20  28.02  144   35.3
  57661 111.48  28.92   51   17.2
  57663 111.95  28.92   31   38.3
  57666 112.13  28.52   49    3.3
  57674 112.47  28.57   44   14.5
  57678 112.55  28.25   71   39.9
  57680 113.07  28.80   47  124.0
  57688 113.63  28.15  100   21.2
  57694 114.38  28.53  256   17.8
  57698 114.45  28.12   99   23.9
  57699 114.92  28.23   68   13.1
  57708 105.60  27.15 1704    2.9
  57713 106.88  27.70  844   60.9
  57714 106.23  27.47  942    4.1
  57717 106.83  27.53  974   38.0
  57719 106.97  27.07 1280   12.7
  57720 107.17  27.88  888    9.0
  57723 107.72  27.98  710   53.9
  57728 107.47  27.07 1095   20.1
  57732 108.40  28.02  458   24.6
  57734 108.23  27.57  468   38.3
  57735 108.82  27.18  396   41.8
  57736 108.85  27.70  376   34.2
  57737 108.12  27.03  546   11.4
  57738 108.42  27.05  517   46.3
  57739 108.88  27.23  375   40.8
  57740 109.60  27.95  349   28.6
  57742 109.20  27.52  883   62.8
  57743 109.80  27.88  176   40.6
  57744 109.17  27.37  356   38.5
  57754 110.15  27.35  170   51.6
  57760 111.43  27.70  247   46.2
  57762 111.70  27.68  163   36.9
  57763 112.00  27.73  151   18.7
  57767 111.03  27.12  266   25.4
  57768 111.45  27.32  242    4.3
  57769 111.73  27.23  257    3.6
  57771 112.52  27.93   89    3.4
  57772 112.50  27.75   84    7.5
  57773 112.82  27.87   63    8.9
  57777 112.87  27.23   65    4.3
  57778 112.95  27.10   68    0.7
  57781 113.50  27.65   71    1.9
  57786 113.85  27.65  110    3.3
  57792 114.68  27.82   93    4.2
  57796 114.93  27.80   79   11.7
  57798 114.60  27.40   89    3.7
  57800 105.37  26.77 1458    0.1
  57811 106.60  26.85 1242   25.4
  57813 106.47  26.57 1265   74.9
  57814 106.27  26.42 1285   0.01
  57821 107.50  26.70  924   38.1
  57822 107.90  26.90  833   42.2
  57824 107.23  26.58 1005   62.1
  57828 107.58  26.50  983   13.5
  57829 107.80  26.20  964    1.2
  57834 108.30  26.68  642    2.5
  57835 108.43  26.72  521    1.7
  57837 108.07  26.40  838    1.8
  57842 109.72  26.88  281  107.7
  57844 109.18  26.68  344   39.5
  57846 110.15  26.58  307    1.7
  57851 110.85  26.45  307    5.5
  57859 110.63  26.03  409  113.0
  57860 111.28  27.00  282    7.7
  57865 111.58  26.47  166    7.6
  57867 111.28  26.40  169   18.9
  57868 111.87  26.60  113    3.4
  57870 112.10  26.80  151    3.3
  57871 112.37  26.98   91    4.8
  57875 112.50  26.88   71   16.0
  57876 112.83  26.43  118    2.2
  57881 113.25  26.72  105    0.1
  57882 113.55  26.78  135   0.01
  57883 114.28  26.75  257   13.1
  57887 113.12  26.13  124    0.6
  57891 114.25  26.93  144    5.8
  57895 114.78  26.47   96    1.5
  57899 114.92  26.80   66    0.2
  57911 106.65  26.67 1325  106.5
  57913 106.98  26.45 1095    8.5
  57914 106.67  26.42 1143    1.3
  57915 106.77  26.63 1102   66.0
  57923 107.87  25.98  418    0.3
  57941 109.60  25.78  198   37.4
  57942 110.00  25.80  267   13.1
  57948 109.25  25.08  123   0.01
  57949 110.00  24.98  157    1.5
  57954 110.18  25.23  158    1.2
  57955 110.67  25.62  224  123.2
  57956 110.32  25.42  169   19.6
  57958 110.32  25.08  152    8.8
  57960 111.07  25.93  192   22.9
  57962 111.65  25.97  166   0.01
  57964 111.15  25.50  258    1.5
  57966 111.95  25.60  205   0.01
  57969 111.33  25.27  230    0.5
  57971 112.20  25.92  225   0.01
  57976 112.95  25.42  226    2.2
  57978 112.55  25.28  291    2.8
  57985 113.68  25.57  608    1.3
  57988 113.35  25.15  103    2.8
  57989 113.73  25.10   96    6.7
  57990 114.30  25.70  252    3.9
  57991 114.55  25.80  148    0.5
  57992 114.75  25.67  129    0.3
  57994 114.35  25.40  208    2.8
  57995 114.93  25.40  166    0.1
  58001 115.10  34.43   57   0.01
  58004 115.15  34.65   61   0.01
  58007 115.30  34.07   53    0.9
  58008 115.33  34.47   55   0.01
  58012 116.58  34.68   40   0.01
  58100 115.17  33.65   42    1.0
  58101 115.48  33.87   42    0.4
  58104 115.07  33.40   42    0.6
  58107 115.25  33.07   40    4.9
  58108 115.33  33.23   46    3.7
  58109 115.62  33.18   37   0.01
  58112 116.45  30.73  933   14.8
  58117 116.20  33.13   33   0.01
  58125 117.55  33.55   28    0.1
  58126 117.87  33.47   24   0.01
  58127 117.20  32.98   23    0.2
  58128 117.30  33.32   23    0.2
  58129 117.87  33.13   20    0.4
  58145 119.17  33.53    8   0.01
  58202 115.58  32.63   37    5.2
  58205 115.43  32.47   36    4.2
  58210 116.23  32.65   25    2.1
  58212 116.73  32.72   27    0.2
  58214 116.28  32.33   37    1.4
  58220 117.15  32.47   32    0.2
  58222 117.55  32.85   31    0.6
  58223 117.98  32.78   38    2.6
  58230 118.27  32.08   34    0.5
  58234 118.42  32.47   43    0.8
  58235 118.85  32.37   16    0.1
  58237 118.62  32.05   22   0.01
  58240 119.02  32.68   25   0.01
  58244 119.58  32.45   10   0.01
  58245 119.42  32.42   14   0.01
  58246 119.90  32.52   11   0.01
  58247 119.82  32.25    5   0.01
  58249 120.00  32.17    8    1.0
  58250 120.15  32.52   10   0.01
  58257 120.25  31.98   12    4.1
  58264 121.18  32.33   11    0.5
  58268 121.08  32.10    8    1.4
  58269 121.65  31.78   12    1.7
  58301 115.38  31.82   90    0.3
  58306 115.88  31.68   94    0.6
  58316 116.95  31.47   26    1.1
  58317 116.37  30.87  434    9.4
  58320 117.13  31.73   26    5.6
  58323 117.47  31.88   29    5.5
  58327 117.28  31.25   24    0.1
  58329 117.87  31.33   24    0.3
  58330 118.08  31.75   20    0.2
  58334 118.37  31.38   23    0.4
  58335 118.52  31.57   16    1.0
  58337 118.18  31.08   30    2.4
  58339 118.90  31.33   24   10.9
  58340 119.03  31.65   23    0.8
  58341 119.58  31.98   10    0.3
  58342 119.55  31.72    7    6.5
  58344 119.20  31.97   35    0.6
  58346 119.82  31.33   15   11.4
  58349 120.63  31.27    9   10.0
  58351 120.30  31.90   12    4.0
  58352 120.77  31.65    8    3.5
  58353 120.57  31.87    6    5.3
  58359 120.62  31.13    9    2.7
  58360 121.20  31.92    6    1.7
  58361 121.37  31.10   10    1.0
  58365 121.25  31.37    9    1.4
  58366 121.40  31.63    9    1.7
  58367 121.43  31.20   18    1.3
  58369 121.78  31.05    9   0.01
  58370 121.55  31.22   11    0.7
  58377 121.10  31.47    6    2.3
  58401 115.40  30.78  106    7.7
  58404 115.22  30.47   57   12.0
  58408 115.43  30.23   35    8.7
  58409 115.93  30.07   20    5.9
  58415 116.58  30.63   38    7.5
  58416 116.82  30.75   38   14.6
  58417 116.13  30.17   50    4.2
  58418 116.70  30.13   26    1.9
  58420 117.22  30.72   38    0.6
  58421 117.87  30.63   32    9.7
  58423 117.78  30.48  643   11.1
  58426 118.13  30.30  192   18.6
  58427 117.48  30.67   36    2.0
  58428 117.48  30.22  115   14.9
  58431 118.32  30.92   17   10.7
  58432 118.40  30.68   39   21.7
  58433 118.75  30.93   30   16.8
  58435 118.53  30.30  221   15.6
  58438 118.58  30.08  197    9.0
  58441 119.42  30.87   53   16.7
  58442 119.18  31.13   16   12.1
  58443 119.90  31.02   19   16.1
  58446 119.68  30.63   25   14.8
  58449 119.95  30.05   47    2.0
  58451 120.93  30.83    3    1.0
  58452 120.77  30.73    4    1.1
  58453 120.50  30.07   10   0.01
  58454 119.97  30.53    5    3.4
  58455 120.65  30.52    8    0.5
  58456 120.52  30.63    6    0.6
  58458 120.90  30.53    3    0.6
  58459 120.28  30.18   42    1.1
  58460 121.35  30.73    6    2.2
  58461 121.12  31.13    8    1.5
  58462 121.23  31.03    9    1.9
  58463 121.50  30.88    9    1.2
  58468 121.17  30.05   10    0.2
  58484 122.20  30.25    9   0.01
  58501 115.63  29.93   25   10.3
  58502 116.00  29.73   37    8.0
  58503 115.68  29.70   41   11.3
  58508 115.77  29.33   42   30.0
  58509 115.82  29.05   38   36.3
  58510 116.23  29.73   40   10.0
  58512 116.55  29.90   66    8.1
  58514 116.05  29.45   35   26.0
  58517 116.20  29.27   43   33.9
  58523 117.93  29.93  231   30.9
  58529 117.85  29.27   82    8.5
  58530 118.43  29.87  170    3.6
  58534 118.18  29.78  173    8.1
  58537 118.40  29.13  153    4.9
  58542 119.68  29.82   45    0.1
  58544 119.27  29.48   87    0.9
  58546 119.88  29.47  114    1.7
  58547 119.18  29.03   65    3.4
  58548 119.47  29.22   46    2.0
  58550 120.25  29.70   39   0.01
  58555 120.88  29.52  112   0.01
  58558 120.22  29.27   89   0.01
  58559 120.98  29.17   59   0.01
  58561 121.60  29.98    3    0.3
  58563 121.83  29.88    4    1.5
  58565 121.43  29.68    6   0.01
  58567 121.43  29.32   39    0.1
  58568 121.38  29.12   35    0.4
  58570 122.30  29.95   83    0.1
  58601 115.38  28.70   54   46.0
  58602 115.55  28.85   46   34.6
  58605 115.38  28.42   49   42.9
  58607 115.95  28.55   35   61.5
  58609 115.82  28.22   30    4.5
  58612 116.68  28.70   22   30.5
  58614 116.27  28.38   40    4.4
  58615 117.08  28.68   56   21.9
  58616 116.82  28.20   44    0.9
  58618 116.60  28.23   51    1.4
  58619 116.37  28.00   47    0.9
  58620 117.13  28.97   37   31.7
  58623 117.92  28.47   92    2.4
  58624 117.43  28.40   64    4.8
  58625 117.60  28.42   80    9.9
  58627 117.03  28.25   64    1.1
  58629 117.70  28.32   59    1.3
  58631 118.50  28.90  134    1.7
  58632 118.60  28.72  124    0.1
  58635 118.20  28.43   96    0.9
  58642 119.80  28.88  102    0.7
  58643 120.03  28.90   99    0.2
  58644 119.28  28.60  237   0.01
  58647 119.13  28.07  196    4.0
  58654 120.08  28.67  184   0.01
  58656 120.97  28.12    7    9.3
  58657 120.28  28.15   59    3.1
  58658 120.68  28.15   36    9.2
  58659 120.65  28.03   29   12.9
  58660 121.13  28.85    8    0.6
  58664 121.37  28.37   33    8.1
  58693 115.83  28.70   37   51.7
  58701 115.40  27.77   47   19.9
  58704 115.35  27.62   61   14.2
  58706 115.83  27.43  180    0.1
  58707 115.13  27.22   66    1.1
  58710 116.05  27.77   76    2.9
  58712 116.78  27.92  123    0.1
  58713 117.07  27.72  220    0.2
  58724 117.30  27.52  264    0.1
  58735 118.80  27.52  201    2.7
  58736 118.82  27.37  220    2.5
  58745 119.07  27.62  368    1.3
  58746 119.70  27.55  514   12.7
  58747 119.35  27.15  900    8.4
  58748 119.65  27.10   51    9.7
  58749 119.88  27.23  680   18.2
  58750 120.08  27.78  106   12.2
  58751 120.55  27.68    5   25.4
  58804 115.35  26.35  153   0.01
  58814 116.35  26.35  237   0.01
  58821 117.47  26.73  174   0.01
  58823 117.80  26.80  173    0.1
  58828 117.62  26.27  206    0.1
  58836 118.73  26.58  359    0.6
  58839 118.85  26.23   42    0.8
  58844 119.15  26.15   49    3.8
  58845 119.53  26.50   57    4.5
  58848 119.55  26.20   12    8.7
  58850 120.23  26.92   88    7.0
  58903 116.03  25.90  208    0.4
  58905 115.42  25.97  136    0.7
  58906 115.80  25.60  167    1.7
  58907 115.40  25.15  300    0.3
  58912 116.75  25.72  379    2.8
  58917 116.10  25.08  307    1.3
  58923 117.83  25.70  397    0.6
  58928 117.53  25.02  160    1.8
  58929 118.15  25.07   66    2.2
  58932 118.93  25.87   85    1.9
  58934 118.27  25.33  170    3.1
  58935 118.23  25.48  516    2.8
  58938 118.98  25.23   22    0.9
  58940 119.33  26.08   28    3.8
  58941 119.50  25.97   11    6.1
  58942 119.38  25.72   39    4.8
  58946 119.00  25.45   84    2.1
  59015 106.57  24.35  442    7.0
  59017 106.27  24.27  279    0.3
  59041 109.25  24.65  109    2.9
  59051 110.50  24.77  133    9.4
  59052 110.82  24.83  167   0.01
  59053 110.67  24.62  108    0.4
  59055 110.40  24.50  166    5.1
  59059 110.80  24.18  107   58.0
  59061 111.27  24.82  198    1.6
  59064 111.32  24.55  141   14.4
  59071 112.28  24.73  175    7.0
  59074 112.15  24.57  300    5.8
  59075 112.63  24.48   70   17.3
  59081 113.27  24.78   98    4.4
  59090 114.07  24.95  103    1.7
  59091 114.53  24.75  257    3.6
  59093 115.03  24.78  254    0.3
  59094 114.12  24.37  135    0.7
  59099 114.93  24.45  175    0.5
  59106 115.90  24.58  152    2.2
  59109 115.73  24.15  126    8.9
  59114 116.17  24.65  131    1.4
  59122 117.75  24.62   42    6.2
  59124 117.37  24.52   31    4.5
  59125 117.30  24.38  105    1.5
  59127 117.83  24.43   14    6.9
  59129 117.60  24.13   53    1.4
  59130 118.15  24.73   28    5.1
  59131 118.37  24.97   44    6.0
  59137 118.57  24.82   55    2.8
  59255 110.38  23.55   37    1.7
  59264 111.50  23.40   79    7.9
  59266 111.23  23.42   46   12.7
  59268 111.53  23.25   31    4.4
  59269 111.77  23.15   27   19.6
  59270 112.18  23.92   78    2.0
  59276 112.65  23.35   40    2.5
  59279 112.87  23.18   18    2.0
  59284 113.22  23.38    6    1.1
  59285 113.60  23.57   39    1.1
  59288 113.13  23.05    3    2.1
  59290 114.23  23.73   71   11.1
  59297 114.28  23.18   16   40.6
  59310 116.18  23.77   39    4.8
  59312 116.63  23.67   11    1.8
  59313 116.98  23.68   42    1.0
  59314 116.13  23.30   27    6.2
  59315 116.38  23.58   25    3.9
  59318 116.58  23.27   10    4.3
  59319 116.77  23.47    9    3.1
  59320 117.13  23.77   27    1.1
  59322 117.37  23.98   20    1.9
  59448 109.55  22.27   70    0.1
  59451 110.35  22.70   99   0.01
  59452 110.53  22.85  100    0.4
  59454 111.00  22.92  104    5.5
  59469 111.78  22.17   33   18.4
  59470 112.22  22.72   33    7.3
  59471 112.05  22.93  102    8.2
  59473 112.97  22.77   20   10.8
  59475 112.65  22.40   24   93.1
  59476 113.03  22.53   35   38.3
  59477 112.30  22.18   25   79.1
  59480 113.25  22.85   21   24.5
  59481 113.32  22.93   16   32.0
  59487 113.30  22.23   12  102.4
  59492 114.70  22.92   43   31.9
  59500 115.32  22.97   10   24.4
  59502 115.65  22.95   11   11.3
  59653 110.85  21.93   35   14.6
  59655 110.62  21.65   35    0.1
  59656 110.77  21.43   29   0.01
  59659 110.92  21.75   32    1.9
  59856 110.75  19.62   26   0.01
