diamond  3 2014年06月26日08点24小时降雨量                    
  14  06  26  08    -1 3 10 25 50 1 0
 39 122.7  37.3 122.5  36.7 120.8  36.2 119.3  35.0 120.4  34.3
 121.1  32.7 122.3  30.9 122.5  30.1 121.5  28.0 119.8  25.0
 116.1  22.6 111.0  21.0 111.0  18.6 109.6  18.1 108.3  18.5
 108.9  19.9 109.3  21.0 106.4  21.6 104.1  22.2 101.6  20.8
  98.7  22.0  97.1  24.1  97.7  27.0  91.7  26.6  85.7  27.7
  78.9  30.6  73.3  37.1  74.1  40.7  87.6  49.8  98.5  43.9
 110.4  44.3 122.0  54.7 135.7  48.3 131.5  42.2 125.2  39.4
 121.3  38.5 121.2  40.3 118.5  38.6 120.8  38.1
 1    1109
 50431 121.52  50.78   717    1.5
 50445 123.73  50.58   423   11.2
 50524 119.43  49.32   576   14.3
 50525 119.75  49.15   620   13.3
 50526 120.70  49.28   668   14.2
 50566 128.47  49.55   116    9.8
 50645 124.48  48.48   195    1.9
 50646 124.85  48.48   202    2.4
 50647 123.48  48.13   236   31.7
 50655 126.18  48.50   266   23.0
 50659 126.25  48.03   291   18.1
 50673 130.40  48.88    90   38.6
 50674 129.43  48.57   404   13.6
 50741 123.50  47.93   185    0.8
 50749 124.83  47.18   154    8.7
 50750 125.30  47.90   226    8.1
 50755 126.10  47.60   230    7.4
 50767 127.10  47.23   202   35.2
 50772 129.23  48.10   288   36.8
 50775 130.20  47.34   182    6.8
 50776 130.83  47.57    83   20.5
 50778 132.53  47.67    57   15.4
 50779 134.28  48.37    40    2.5
 50787 131.84  47.31    62    0.4
 50832 122.08  46.72   332    1.1
 50833 122.90  46.72   187    2.2
 50842 124.42  46.83   145    0.8
 50850 125.13  46.57   147   12.7
 50851 126.08  46.68   207    8.2
 50852 126.45  46.82   169   29.4
 50858 125.93  46.07   135    1.6
 50859 126.28  46.29   169    4.8
 50861 127.48  46.88   184   34.1
 50871 129.88  46.73    95   0.01
 50880 131.12  46.73   102   0.01
 50884 131.15  46.63   175    0.8
 50892 134.00  46.80    54    3.0
 50913 118.83  45.72   865    0.1
 50924 119.67  45.53   823    0.1
 50928 120.33  45.07   628    0.7
 50934 121.58  45.38   311    3.0
 50937 121.48  45.06   282   0.01
 50939 122.82  45.33   150    1.4
 50940 123.17  45.85   141    8.6
 50946 124.83  45.18   139    1.3
 50954 125.08  45.50   127    0.7
 50956 126.77  46.08   134    0.7
 50965 128.27  45.43   167    0.1
 51368  87.32  44.12   515    1.0
 51369  87.65  43.97   600    0.3
 51377  87.92  44.17   547   0.01
 51378  89.17  44.02   734    0.7
 51436  83.30  43.45   928    0.4
 51438  81.77  43.18  1210    0.9
 51465  87.10  43.48  1871   17.5
 51468  86.83  43.10  3539   18.6
 51482  90.28  43.83  1271    1.0
 51559  86.40  42.32  1100    1.0
 51568  86.80  42.25  1085    3.2
 51571  88.63  42.80     1    0.8
 51572  89.25  42.83   -48    3.1
 51636  82.65  41.55  1009   0.01
 51707  76.73  39.50  1208    0.1
 51747  83.67  39.00  1099    0.3
 51826  80.80  37.02  1336   0.01
 51827  79.63  37.17  1348   0.01
 51829  80.17  37.08  1347   0.01
 52515  94.87  39.52  2137    7.6
 52575 102.78  39.42  1239    0.8
 52607 106.65  39.43  1252    0.6
 52643  99.62  38.83  2311   0.01
 52656 100.82  38.43  2281   0.01
 52745  99.02  37.30  3417    2.1
 52842  99.08  36.78  3087    5.0
 52853 100.98  36.90  3010    1.2
 52855 101.25  36.68  2675    1.5
 52862 101.68  36.95  2450    3.1
 52863 101.95  36.82  2480    1.2
 52869 101.58  36.50  2667    0.9
 52874 102.40  36.48  1980    0.9
 52875 102.10  36.50  2125    1.0
 52877 102.25  36.10  2834    0.1
 52881 103.18  36.98  2484    0.1
 52885 103.25  36.75  2118    0.1
 52957 100.60  35.25  3148    1.4
 52968 101.47  35.03  3662    0.3
 52998 104.20  35.13  2111    0.1
 53289 113.83  42.23  1322    6.2
 53357 110.05  41.03  1360   0.01
 53367 111.23  41.32  1602    5.3
 53368 111.47  41.08  1637    7.6
 53378 112.62  41.28  1737    0.5
 53384 113.18  41.45  1423    1.5
 53385 113.54  41.60  1420    3.8
 53392 114.60  41.85  1422    9.8
 53397 113.98  41.10  1376    1.1
 53419 107.00  40.33  1055    0.1
 53464 111.17  40.72  1042    4.5
 53466 111.70  40.75  1045    1.3
 53467 111.18  40.27  1016    0.1
 53469 111.82  40.40  1166    0.2
 53472 112.57  40.87  1451    0.9
 53475 112.47  40.52  1268    0.2
 53481 113.22  40.80  1316    0.3
 53483 113.83  40.87  1268    0.6
 53486 113.77  40.37  1050    6.5
 53488 113.58  40.03  1034    1.6
 53491 114.38  40.67   837    4.0
 53492 114.15  40.10   937   0.01
 53498 115.03  40.57   629    4.1
 53499 114.73  40.77   755    4.2
 53512 106.80  39.80  1105    1.1
 53517 106.33  39.27  1464    1.2
 53545 109.71  39.56  1367    1.7
 53547 109.03  39.10  1312   0.01
 53553 111.22  39.87  1221   14.8
 53562 111.67  39.92  1187    1.2
 53565 111.50  39.43  1051    3.5
 53567 111.00  39.02  1024    2.4
 53573 112.70  40.00  1336    0.1
 53574 112.27  39.52  1409   12.2
 53575 112.20  39.10  1525   12.1
 53576 112.82  39.50  1045    0.1
 53577 112.30  39.00  1437    8.4
 53579 112.90  39.02   859    0.2
 53580 113.10  39.82  1044   20.8
 53584 113.17  39.57  1000    6.3
 53585 113.27  39.17   933    2.1
 53596 115.13  38.85    52    1.3
 53599 114.68  39.37   884    6.8
 53658 110.48  38.03   894   0.01
 53659 111.00  37.97  1163    1.9
 53660 111.08  39.02   894    3.8
 53662 111.58  38.72  1396    3.1
 53665 111.65  38.28  1185    4.7
 53666 111.93  38.35  1212    0.8
 53669 111.80  38.08  1150    1.5
 53674 112.70  38.40   869    1.2
 53676 112.98  38.50   759    0.2
 53677 112.48  37.93   806    0.8
 53678 112.65  38.07   897    1.0
 53679 112.54  37.75   776    1.5
 53682 114.68  38.63   104    0.2
 53685 113.42  38.07   953    0.7
 53688 114.55  38.42   100   0.01
 53689 115.07  38.02    42    0.2
 53690 114.18  38.85   281    1.8
 53691 114.57  38.15    71    1.5
 53692 114.98  38.73    66    5.4
 53693 114.13  38.03   255   0.01
 53696 115.02  38.55    41    1.9
 53727 107.12  37.17  1712    0.2
 53750 110.18  37.77   931   0.01
 53753 110.88  37.43   860    7.9
 53756 110.72  37.52   744    0.5
 53760 111.23  37.88  1212    5.7
 53763 112.17  37.92  1006    0.6
 53767 111.17  37.33  1213    0.9
 53768 111.75  37.15   773    0.1
 53769 111.78  37.25   747    0.1
 53770 112.35  37.35   768    2.9
 53771 112.05  37.42   750   0.01
 53773 114.62  36.33    64    0.2
 53774 112.37  37.58   759    3.9
 53776 112.77  37.68   831    5.7
 53777 112.15  37.53   759    0.1
 53778 112.22  37.17   780    1.0
 53780 113.15  37.91  1066   0.01
 53781 114.47  36.87    67    0.8
 53782 113.62  37.93   767   0.01
 53783 113.70  37.60   876    0.3
 53784 114.78  37.75    38    0.9
 53785 114.67  37.52    35    0.2
 53786 113.33  37.09  1152    0.1
 53788 113.57  37.33  1265    4.5
 53790 114.61  37.63    44   0.01
 53791 114.52  37.77    66   0.01
 53792 114.48  37.45   113   0.01
 53794 114.75  37.35    33    1.5
 53795 114.37  37.65   137   0.01
 53796 114.89  37.62    30    0.7
 53797 114.52  37.28    73   0.01
 53799 115.00  37.24    25    1.1
 53852 110.63  36.77   916   0.01
 53860 111.17  36.98  1406    0.1
 53872 112.68  36.77   960    0.1
 53875 112.35  36.52  1000    0.3
 53883 114.70  37.13    36    0.2
 53888 113.43  36.20  1089   0.01
 53889 113.82  36.07   306   0.01
 53890 114.10  36.67   280    2.2
 53891 114.68  37.02    43   0.01
 53892 114.47  36.62    66   14.2
 53893 114.95  36.77    39    6.1
 53894 114.20  36.40   149    0.7
 53895 114.50  36.78    60    2.5
 53896 114.95  36.35    50   14.2
 53897 114.38  36.38    69    0.4
 53899 114.97  36.48    48    5.4
 53916 106.32  35.50  1948    0.4
 53925 107.18  35.68  1172   0.01
 53928 107.02  35.30  1149    0.1
 53938 108.30  35.17  1277    0.5
 53972 112.90  35.05   117    0.3
 53974 114.23  35.61    70   0.01
 53976 112.87  35.50   752    1.1
 53978 112.63  35.08   140   0.01
 53979 113.08  35.15   120    0.9
 53980 114.80  36.55    50    7.7
 53982 113.27  35.23   112   0.01
 53983 114.42  35.03    69   0.01
 53984 113.47  35.23    82    0.7
 53987 113.36  35.11    94    0.1
 53988 113.67  35.27    77    0.1
 53989 113.98  35.08    75   0.01
 53993 114.92  35.93    51    1.0
 53994 114.07  35.38    70   0.01
 53996 114.65  36.45    57    5.1
 53997 114.18  35.15    71   0.01
 53998 114.65  35.20    61   0.01
 54024 119.30  44.45   710    1.8
 54031 121.82  44.90   198   0.01
 54039 122.02  44.03   181   0.01
 54047 123.28  44.13   145    3.2
 54065 125.65  44.53   169    1.5
 54069 125.80  44.17   174    6.3
 54072 126.52  44.85   196    2.5
 54099 131.13  44.08   148    4.8
 54113 118.65  43.53   621    8.3
 54117 117.53  43.25  1003    7.7
 54122 120.05  43.88   374    0.4
 54132 121.07  42.40   400    1.9
 54154 124.30  43.35   160   10.3
 54155 124.23  43.67   144    2.0
 54156 124.80  43.52   200   10.2
 54164 125.28  43.35   248    1.8
 54169 126.02  43.30   271    0.1
 54204 115.00  42.30  1346    0.2
 54214 118.42  42.58   960    4.0
 54223 120.65  42.85   362    2.4
 54225 119.94  42.29   579    0.9
 54231 122.35  42.97   248    3.0
 54234 121.75  42.73   297    0.3
 54244 123.33  42.75   118    2.6
 54249 123.87  42.30    85    0.4
 54252 124.75  42.73   196    3.7
 54261 125.47  42.67   345    0.6
 54301 115.67  41.67  1412    4.5
 54304 115.27  40.95  1239    0.2
 54305 115.27  41.88  1468    2.5
 54318 117.73  41.32   561   0.01
 54327 119.35  41.23   417   0.01
 54340 123.32  41.67    35    2.1
 54345 123.07  41.20    30    4.6
 54347 123.17  41.23    24    1.5
 54348 123.33  41.42    36   0.01
 54398 116.62  40.13    28    0.9
 54404 115.83  40.88   867    0.1
 54408 115.22  40.38   529    8.6
 54410 116.13  40.60  1224   0.01
 54424 117.12  40.17    32   0.01
 54428 117.40  40.03    15   0.01
 54433 116.50  39.95    35   0.01
 54474 122.35  40.42    24    0.1
 54483 123.90  40.88   233    0.9
 54499 116.22  40.22    76    0.7
 54501 115.68  39.97   440    4.3
 54502 116.03  39.48    29   15.6
 54503 115.82  39.07    12    1.1
 54505 116.10  39.94    98    0.9
 54506 115.95  39.32    24    5.5
 54507 115.52  39.33    49   23.0
 54510 116.95  39.91    18    0.5
 54512 116.28  39.42    21    8.7
 54513 116.20  39.95    65    0.1
 54514 116.25  39.87    55   0.01
 54515 116.70  39.50    13    9.3
 54517 117.20  39.07     2    0.8
 54519 116.48  39.30    12   16.6
 54520 117.08  39.97    18    0.1
 54521 116.98  39.77    13   13.7
 54522 117.73  39.88    14   0.01
 54523 117.02  39.38     4    8.0
 54526 117.33  39.08     1    0.4
 54528 117.13  39.23     3    7.6
 54529 117.82  39.35     3    0.5
 54530 117.77  39.23     1    1.1
 54535 118.47  39.28     3    0.1
 54540 119.20  39.73    17   0.01
 54594 116.35  39.72    37    4.3
 54596 116.19  39.77    48    2.4
 54597 115.73  39.73   407   27.4
 54601 115.65  38.98    13    1.6
 54603 115.77  38.72    10    1.3
 54604 115.33  38.42    29   0.01
 54605 115.93  38.93     4    7.0
 54607 115.12  38.72    45    0.4
 54608 115.55  38.00    26    0.1
 54609 115.59  38.23    22   0.01
 54610 116.10  38.73     8    0.7
 54611 115.32  38.93    44    1.5
 54613 116.62  38.70     6    0.2
 54614 116.06  38.42    10    0.1
 54615 116.85  38.58     8   22.2
 54616 116.85  38.35     8    5.0
 54619 116.92  38.92     5    3.4
 54620 115.57  38.48    18    0.2
 54621 115.18  38.18    38   0.01
 54622 117.37  38.98     3   0.01
 54626 115.82  38.42    13    0.5
 54627 117.23  38.03     8   13.3
 54628 117.48  38.15     6    0.4
 54631 115.15  37.07    32    1.3
 54632 115.03  37.07    34    1.8
 54633 115.23  37.52    26   0.01
 54636 116.10  39.02    11    3.9
 54640 114.87  36.92    36    2.7
 54644 117.12  38.05    10    1.8
 54645 117.47  38.85     2    2.0
 54700 115.93  38.03    16    0.1
 54702 115.70  37.73    20    0.1
 54703 115.88  37.80    21    0.2
 54704 115.57  37.52    24    0.2
 54706 115.67  37.08    31    0.5
 54707 115.98  37.35    27    0.3
 54708 115.73  37.50    23    0.3
 54709 116.07  37.22    25    0.5
 54710 116.17  37.87    18   0.01
 54711 116.28  37.70    18   0.01
 54713 116.53  37.88    14   0.01
 54714 116.33  37.45    23    0.2
 54716 116.80  37.67    16    0.9
 54717 116.40  37.63    17    0.6
 54719 116.68  38.03    11    0.9
 54722 117.63  37.75     6   0.01
 54723 117.57  37.65    10   14.1
 54724 117.13  37.32    14   13.8
 54726 117.18  37.70    11    7.0
 54728 117.38  37.77     8    9.5
 54729 117.87  37.17    11   0.01
 54730 118.14  37.69     6   0.01
 54731 118.22  37.48    11   0.01
 54732 118.52  37.87     5   0.01
 54734 118.00  37.36    12    0.5
 54736 118.67  37.43     6    0.2
 54800 115.25  37.00    33    1.0
 54801 115.48  36.85    35    1.0
 54802 115.73  36.82    34    0.9
 54803 116.02  36.98    27   0.01
 54804 115.13  36.30    44    0.9
 54805 115.47  36.45    39    1.6
 54806 115.97  36.42    33    5.7
 54807 115.77  36.15    41   0.01
 54809 115.28  36.55    41    2.3
 54811 116.62  36.93    20   0.01
 54812 116.75  36.78    22    0.3
 54814 116.25  36.53    29    1.1
 54815 116.27  36.38    31    4.5
 54816 116.80  36.52    98    1.7
 54817 115.87  35.98    42    0.1
 54818 116.42  36.25    79    7.2
 54819 116.80  36.18   113    2.4
 54820 115.17  36.82    36    1.9
 54821 117.20  37.00    20   51.2
 54824 117.95  36.63    95    0.4
 54825 117.85  36.52   189    8.0
 54827 117.15  36.17   128    2.8
 54828 117.68  36.23   229    1.0
 54829 117.87  36.77    85   0.01
 54830 117.93  36.82    34   24.5
 54831 118.50  36.65   102    3.9
 54832 118.73  36.88    25   39.9
 54833 118.08  36.97    15    0.5
 54834 118.28  36.87    46   13.6
 54835 118.55  36.50   106    0.4
 54837 118.83  36.68    78   20.4
 54902 115.12  35.90    49    0.1
 54903 115.48  35.85    45    0.1
 54904 115.52  35.58    50   0.01
 54905 115.93  35.58    46    0.5
 54906 115.42  35.25    49    0.1
 54907 116.65  34.98    34    0.3
 54908 115.10  35.27    57   0.01
 54910 116.05  35.82    40    0.3
 54911 116.40  35.93    44    1.4
 54912 116.50  35.77    41    3.4
 54914 116.08  35.42    40    0.6
 54915 116.60  35.43    33    0.8
 54917 116.32  35.10    36    1.0
 54918 116.97  35.60    62    0.1
 54919 116.98  35.38    88    1.3
 54921 116.33  35.42    38    1.4
 54922 117.78  35.88   224    0.1
 54923 117.93  35.72   202    0.2
 54925 117.63  35.52   167   48.4
 54927 117.20  35.10    74    1.1
 54932 118.65  35.77   186   0.01
 54935 118.43  35.53   119   0.01
 54938 118.40  35.05    65    0.1
 56016  95.62  33.85  4179    9.9
 56034  97.13  33.80  4415    3.3
 56045  99.90  33.97  4050    7.2
 56071 102.50  34.58  3105    0.5
 56082 103.50  34.58  2540   0.01
 56091 104.47  34.85  1883    0.1
 56094 104.37  33.78  1400    0.1
 56097 104.25  33.27  1440    4.4
 56109  93.78  31.48  3940    2.1
 56147  98.83  31.22  3260    0.2
 56158 100.67  31.40  3250   32.1
 56164 100.98  32.27  3284   14.7
 56168 102.07  31.48  2168   47.4
 56171 101.70  32.90  3275    0.4
 56180 103.85  31.68  1590   13.3
 56181 103.70  30.68   541    5.1
 56183 103.62  31.50  1370    4.7
 56184 103.17  31.43  1896    6.9
 56185 102.98  32.08  2400    3.7
 56186 104.20  31.33   589    4.3
 56189 103.93  30.98   581    5.0
 56190 104.55  31.55   519    1.0
 56193 104.52  32.42   893    0.1
 56194 104.45  31.63   597    3.0
 56195 104.73  31.80   543    1.7
 56197 104.17  31.15   535    5.5
 56198 104.50  31.32   525    5.8
 56199 104.68  31.03   423    8.2
 56263 101.88  30.88  1949   18.0
 56267 101.02  30.03  2600    4.0
 56272 103.88  30.82   558    6.0
 56273 102.82  30.39  1022   12.9
 56276 103.82  30.45   467    1.6
 56278 102.77  30.07   755   0.01
 56279 102.93  30.15   682    0.3
 56280 103.12  30.08   691   0.01
 56281 103.50  30.18   510    0.7
 56284 103.43  30.45   518    4.1
 56285 103.52  30.60   523    4.9
 56286 104.25  30.55   515    3.9
 56288 103.92  30.58   494    3.5
 56289 103.87  30.20   437    1.6
 56290 104.18  30.78   514    5.9
 56291 104.28  30.93   469    5.4
 56295 104.55  30.38   448    2.5
 56296 104.43  30.85   448   10.3
 56297 104.15  30.02   436    1.7
 56298 104.60  30.13   417    3.9
 56371 102.23  29.92  1321    0.2
 56376 102.63  29.33  1098    2.5
 56378 102.35  29.23   890    5.0
 56381 103.50  30.07   630    0.5
 56382 103.60  29.73   407    0.3
 56383 103.87  29.83   455    2.4
 56384 103.48  29.60   446    0.6
 56387 103.27  29.23   642    2.0
 56389 103.95  29.20   387   0.01
 56390 104.07  29.67   404    1.0
 56391 103.82  30.08   415    0.3
 56393 104.85  29.77   369    0.9
 56394 104.43  29.45   384   0.01
 56395 104.67  29.52   351   0.01
 56396 104.77  29.35   352    2.5
 56399 104.98  29.18   306    1.3
 56473 102.77  28.95  1060    1.8
 56474 102.17  28.55  1774    0.1
 56478 102.43  28.30  1818    1.4
 56483 103.95  28.58   496   0.01
 56487 103.13  28.33  1943   0.01
 56490 103.90  28.95   424    0.1
 56496 105.23  28.32   358    0.1
 56497 104.23  28.10   448    0.3
 56498 104.50  28.15   549    0.3
 56575 102.55  27.37  1428    4.4
 56578 102.75  27.07   993    0.1
 56580 102.80  27.72  2460    0.9
 56584 103.25  27.70  1093   0.01
 56592 104.52  28.43   359   0.01
 56593 104.92  28.58   279   0.01
 56598 104.73  27.13  1535    1.5
 56641  98.87  26.90  1189    0.1
 56645  99.42  26.42  2344    4.0
 56654 100.18  26.58  2195    5.0
 56670 102.12  26.92  1136    0.1
 56673 102.92  26.92   893    2.9
 56781 103.27  25.55  1873   0.01
 56835  97.82  24.07   959   23.4
 56836  97.95  24.70   826   37.7
 56839  98.82  23.77   995    9.7
 56840  98.30  24.82  1012   12.8
 56841  98.68  24.60  1528   13.7
 56842  99.18  24.73  1471    2.3
 56843  99.62  24.83  1650    2.9
 56844  98.58  24.43   913   17.3
 56846  99.93  24.58  1569    2.4
 56849  99.23  24.03  1606    2.6
 56854 100.13  24.45  1108    0.2
 56862 101.60  24.68  1968   0.01
 56867 101.12  23.98  1105   0.01
 56869 101.97  24.07  1497   0.01
 56872 102.62  24.95  2358    0.1
 56873 102.92  24.68  1796   0.01
 56882 102.83  24.91  1976    9.0
 56885 103.45  24.40  1415   0.01
 56944  99.27  23.15  1278   53.8
 56948  99.60  22.63  1155   15.1
 56949  99.60  22.32   945   10.6
 56950  99.80  23.47  1044    0.5
 56958 100.42  21.92  1176    0.4
 56961 101.05  23.03  1336   43.2
 56973 102.83  23.62  1309    1.7
 56976 102.83  23.23   232    2.1
 56978 102.42  23.00  1642   12.6
 56984 103.15  23.38  1720   0.01
 56987 103.23  22.78  1260    3.0
 56989 103.95  22.50   137   13.7
 56995 104.42  23.03  1332    0.1
 56996 104.70  23.13  1093    0.2
 57016 107.13  34.35   612    1.7
 57021 107.13  34.65   751    0.2
 57022 107.78  34.68  1026    0.1
 57023 108.11  35.02   919   0.01
 57031 108.55  34.82  1012   0.01
 57035 108.23  34.55   636    0.1
 57038 108.45  34.28   410    0.2
 57039 108.88  34.08   445    0.1
 57047 109.32  34.17   540   0.01
 57063 111.77  34.77   523    0.1
 57065 112.13  34.55   317    0.6
 57066 111.67  34.40   408    1.5
 57070 112.12  34.73   364    0.9
 57072 112.75  34.92   127    0.4
 57074 112.40  34.42   252    0.1
 57075 112.87  34.17   203    1.3
 57076 112.78  34.73   189    0.4
 57078 112.47  34.15   336    0.3
 57079 113.03  34.95   106    0.8
 57080 112.97  34.73   165    1.1
 57081 113.43  34.80   140    1.0
 57082 113.02  34.47   427    1.7
 57084 113.05  34.49  1178    3.3
 57085 113.33  34.53   259    0.5
 57086 113.72  34.38   116   0.01
 57087 113.73  34.27   104   0.01
 57088 113.50  34.15   116    0.4
 57090 113.97  34.72    78    0.1
 57093 114.82  34.85    73    0.1
 57094 114.22  34.40    67    0.2
 57095 114.15  34.12    61    0.2
 57096 114.78  34.53    59    0.3
 57098 114.40  34.08    58    0.6
 57099 114.85  34.07    52    0.7
 57102 105.72  33.75   970   0.01
 57128 107.33  33.17   486    0.1
 57132 108.58  34.13   411    0.4
 57140 109.12  33.67   818    0.1
 57153 110.33  33.68   581   0.01
 57155 109.87  33.55   660   0.01
 57162 112.07  34.13   440    0.1
 57169 111.87  33.05   159    3.7
 57173 112.88  33.75   145    0.8
 57175 112.23  33.05   191    4.2
 57176 112.42  33.48   231    1.9
 57177 113.53  33.33    89    9.1
 57179 113.00  33.28   160    6.8
 57180 113.20  33.98   117    1.6
 57182 113.52  33.85    80    0.9
 57183 113.92  33.80    60    1.3
 57184 113.30  33.63    97    6.3
 57185 113.58  33.45    91    7.0
 57186 114.05  33.60    58    5.1
 57187 112.93  33.07   118    8.0
 57188 114.03  33.37    55    8.9
 57189 113.95  33.13    64    9.9
 57190 114.40  33.75    50    1.1
 57191 114.48  34.48    63    0.3
 57192 114.85  33.73    45    1.8
 57194 114.27  33.28    59    6.5
 57195 114.62  33.62    46    2.7
 57196 114.87  33.47    42    5.3
 57197 114.35  32.97    50    8.3
 57198 114.57  33.50    44    4.9
 57208 105.52  32.28   544   0.01
 57213 106.93  33.00   536    0.1
 57216 106.83  32.35   579   0.01
 57217 106.28  32.23   485    0.1
 57231 108.53  32.53   503    6.0
 57233 108.50  32.90   413    1.1
 57242 109.37  32.85   285    2.7
 57247 108.90  32.32   438    7.9
 57248 109.33  32.40   431    6.9
 57249 109.68  32.32   448    7.2
 57253 110.82  32.85   201    3.8
 57254 110.12  32.82   322    4.1
 57257 110.23  32.23   307   10.4
 57260 111.52  32.57   133    6.3
 57261 111.52  33.12   233    3.8
 57268 111.62  32.27   120   10.0
 57271 112.38  32.52    87   10.8
 57273 112.85  32.68   109   16.2
 57274 112.12  32.70   107    8.2
 57281 113.30  32.70   142   11.7
 57292 114.63  32.97    44    8.1
 57293 114.98  32.73    38   10.5
 57294 114.02  32.83    83    9.7
 57295 114.35  32.62    78   12.3
 57296 114.73  32.35    48    9.0
 57298 114.55  32.22    55   12.9
 57299 114.90  32.02    49   21.3
 57303 105.92  31.73   459    1.3
 57304 105.17  31.67   516    3.5
 57307 105.08  31.10   404    7.5
 57308 105.38  31.22   421    4.0
 57309 105.88  30.98   378    2.9
 57314 106.07  31.35   405    1.9
 57315 106.40  31.53   655    3.9
 57317 106.42  31.03   324    3.6
 57318 106.55  31.07   338    4.3
 57320 107.22  31.93   482    2.9
 57324 107.08  31.58   364    6.5
 57326 107.72  31.37   389    6.9
 57329 107.85  31.10   467    9.9
 57333 108.67  31.95   798    5.5
 57338 108.42  31.18   216   15.9
 57339 108.68  30.95   297   10.8
 57345 109.62  31.40   337   13.9
 57349 109.87  31.07   275   25.4
 57361 111.27  31.88   327    3.8
 57362 110.67  31.75   935    5.5
 57363 111.83  31.80   151    7.2
 57368 111.63  31.05   141   41.5
 57370 112.22  31.73    67   11.0
 57377 112.22  31.00   191   39.8
 57385 113.82  31.62    93   30.4
 57386 114.00  31.25    51   42.7
 57387 113.13  31.00    84   16.3
 57388 113.71  31.27    53   39.3
 57389 113.75  31.03    32   23.9
 57390 114.07  31.80   733   32.5
 57396 114.85  31.63   128   35.3
 57398 114.62  31.28    74   32.8
 57401 105.37  30.87   383    2.8
 57402 105.70  30.77   394    3.9
 57407 105.03  30.28   462    4.0
 57408 105.35  30.12   338    3.9
 57409 105.80  30.18   297    5.3
 57413 106.97  30.85   295   22.8
 57414 106.45  30.52   403    3.7
 57415 106.63  30.53   394    3.8
 57416 106.93  30.33   391   11.2
 57417 106.28  30.35   315    7.6
 57420 107.18  30.75   418    6.6
 57425 107.33  30.33   433   12.8
 57431 108.35  30.83   257   16.5
 57437 108.03  30.30   325   27.4
 57438 108.12  29.98   632   14.4
 57453 111.32  30.77   115   52.3
 57460 111.78  30.82    91   38.4
 57462 111.08  30.87   139   47.9
 57464 111.18  30.47   142   13.4
 57465 111.45  30.38    74   15.5
 57466 111.75  30.43    50    6.9
 57469 111.77  30.18    69    8.0
 57475 112.90  30.40    31    4.3
 57477 112.22  30.07    38    3.3
 57481 113.57  30.95    30   19.1
 57485 113.47  30.28    23    5.2
 57486 113.85  30.65    25    4.7
 57489 114.00  30.58    38    3.7
 57491 114.40  30.87    31    7.1
 57492 114.84  30.84    40    6.9
 57495 114.88  30.67    28    1.5
 57496 114.87  30.37    31   13.6
 57498 114.90  30.43    21    4.2
 57499 114.88  30.07    40   18.1
 57505 105.58  29.42   338    0.7
 57506 105.90  29.37   353    3.0
 57507 105.30  29.33   385    1.9
 57508 105.37  29.15   301    0.9
 57509 106.93  28.95   325    2.9
 57510 106.07  29.85   326   10.6
 57511 106.45  29.85   240    7.3
 57513 106.62  29.73   464    9.6
 57514 106.22  29.58   331    8.6
 57518 106.50  29.33   506    1.7
 57519 107.11  29.16   698    6.9
 57522 107.27  29.74   372    3.7
 57525 107.75  29.32   277    2.3
 57537 108.17  29.30   322    2.0
 57540 109.15  29.68   776    2.5
 57541 109.48  30.00   532    4.9
 57543 110.03  29.90   539   25.4
 57544 109.45  29.47   488   19.2
 57558 110.47  29.13   183    0.4
 57564 111.13  29.43   103    2.1
 57565 111.73  29.67    38    2.5
 57566 111.65  29.45    51    2.1
 57571 112.40  29.70    35    3.4
 57575 112.55  29.52    31   14.2
 57577 112.17  29.40    36    1.6
 57582 113.88  29.72    46   26.9
 57585 113.45  29.48    60   17.3
 57586 114.03  29.53    78   22.9
 57589 113.87  29.27   146   84.3
 57590 114.37  29.85    98   21.8
 57596 114.20  29.63   751   47.8
 57600 105.06  28.71   420    0.1
 57603 105.83  28.82   283    0.9
 57605 105.82  28.03   537    0.2
 57609 105.70  28.58   317    0.4
 57623 107.60  28.88   685    8.6
 57634 107.88  28.52   660    0.3
 57635 108.98  28.45   363    1.1
 57636 108.50  28.57   334   13.0
 57637 108.10  28.25   629    1.7
 57643 109.83  29.00   268    1.2
 57657 110.20  28.22   186   0.01
 57658 110.20  28.02   152    0.5
 57661 111.48  28.92    48    2.3
 57663 111.95  28.92    31   17.3
 57666 112.13  28.52    52    1.0
 57674 112.38  28.57    46    0.2
 57678 112.55  28.25    74    6.0
 57680 113.07  28.80    46    9.2
 57688 113.63  28.16   101    9.4
 57694 114.38  28.53   259    9.6
 57698 114.45  28.12    98    0.1
 57708 105.60  27.15  1700   16.2
 57717 106.83  27.53   974    0.4
 57719 106.97  27.07  1275    5.6
 57723 107.72  27.98   710    1.0
 57728 107.47  27.07  1096    3.2
 57732 108.40  28.02   456   18.6
 57734 108.23  27.57   467   22.9
 57736 108.85  27.70   369    0.7
 57740 109.60  27.95   349   0.01
 57742 109.20  27.52   884    0.1
 57743 109.80  27.88   176    0.2
 57760 111.43  27.70   249    0.7
 57762 111.70  27.69   165    0.1
 57763 112.00  27.68   205   0.01
 57767 111.01  27.13   308    4.3
 57768 111.45  27.32   242   0.01
 57777 112.87  27.23    63    2.4
 57778 112.95  27.09    70   0.01
 57781 113.50  27.65    74    2.0
 57783 113.82  27.88   118    2.2
 57786 113.85  27.63   117   0.01
 57792 114.68  27.82    93   0.01
 57796 114.88  27.83   189   0.01
 57798 114.60  27.40    85    1.2
 57800 105.37  26.77  1457   14.1
 57807 105.47  26.21  1361    0.2
 57808 105.75  26.32  1274   12.8
 57809 105.75  26.07  1251    0.9
 57811 106.60  26.83  1296   18.7
 57813 106.47  26.57  1261   10.5
 57814 106.27  26.42  1298   42.8
 57818 106.45  26.03  1140    0.1
 57824 107.23  26.58  1001   0.01
 57828 107.58  26.50   983   0.01
 57829 107.80  26.20   963    0.9
 57844 109.18  26.68   343    0.1
 57846 110.15  26.58   310    1.0
 57851 110.83  26.46   346    0.2
 57859 110.63  26.03   408    1.5
 57860 111.28  27.00   283    0.3
 57865 111.58  26.47   166    0.7
 57870 112.10  26.80   151    5.4
 57871 112.37  26.98    90   0.01
 57883 114.28  26.75   253    2.5
 57891 114.25  26.93   153    9.9
 57899 114.92  26.80    71   0.01
 57900 105.22  25.83  1552    1.7
 57911 106.65  26.67  1323   63.2
 57914 106.67  26.42  1149   47.1
 57915 106.77  26.63  1104   41.2
 57923 107.87  25.98   419    1.5
 57936 108.91  25.76   258   0.01
 57942 110.00  25.80   268   15.3
 57948 109.25  25.08   122   20.5
 57949 110.00  24.98   156    1.1
 57954 110.18  25.23   157    3.2
 57955 110.67  25.62   224    3.0
 57956 110.32  25.42   167    4.0
 57958 110.32  25.08   151    0.1
 57960 111.07  25.93   195    2.8
 57962 111.65  25.97   167   0.01
 57964 111.15  25.50   263    2.9
 57966 111.96  25.59   244    0.8
 57969 111.34  25.27   227    3.5
 57971 112.20  25.92   224    0.3
 57976 112.94  25.41   222    9.5
 57978 112.55  25.27   292    0.3
 57985 113.68  25.57   609   10.7
 57988 113.35  25.15   102    7.6
 57989 113.77  25.07   112    2.7
 57990 114.30  25.70   246    1.7
 57992 114.75  25.67   127    1.6
 57995 114.93  25.40   164    2.5
 58001 115.10  34.43    56    0.7
 58002 115.58  34.85    49   0.01
 58003 115.88  34.95    45    0.2
 58004 115.15  34.65    60    0.1
 58006 115.88  34.38    46    1.5
 58007 115.30  34.07    47    0.9
 58008 115.33  34.47    54    1.8
 58011 116.07  34.80    46    2.7
 58012 116.58  34.68    40    5.2
 58013 116.91  34.75    36    1.8
 58017 116.13  34.25    41    4.7
 58020 117.13  34.80    35    6.5
 58021 117.28  34.78    80    6.1
 58022 117.57  34.75    48    0.4
 58024 117.58  34.87    77    4.6
 58025 117.73  34.57    27    3.2
 58030 118.02  34.88    44    0.7
 58035 118.35  34.33    29   25.2
 58036 118.71  34.54    32   0.01
 58048 119.35  34.12     4   0.01
 58100 115.17  33.65    41    2.3
 58101 115.48  33.87    41    1.7
 58104 115.07  33.40    41    7.6
 58107 115.28  33.02    35   11.0
 58108 115.33  33.23    34   14.0
 58112 116.45  30.73   968   18.2
 58114 116.18  33.48    31   17.0
 58116 116.83  33.98    31    6.8
 58117 116.20  33.13    27   12.6
 58125 117.52  33.58    22    1.2
 58126 117.87  33.47    19    1.4
 58127 117.20  32.98    21   47.5
 58129 117.83  33.15    14    7.4
 58131 118.22  33.97    25    1.7
 58132 118.68  33.72    14    2.9
 58139 118.91  33.31    10    6.0
 58140 119.30  33.77     9    0.1
 58145 119.15  33.50     7    1.7
 58146 119.77  33.47     3    1.5
 58147 118.97  32.98    24   15.9
 58148 119.31  33.25     4    7.1
 58154 120.20  33.43     2    1.1
 58202 115.57  32.67    31   11.8
 58205 115.43  32.47    34   11.2
 58207 115.05  32.17    42   14.1
 58210 116.23  32.65    25   18.8
 58222 117.55  32.85    24   14.7
 58223 117.98  32.80    31   20.0
 58230 118.28  32.12    26   14.5
 58234 118.42  32.47    40   27.5
 58235 118.85  32.37    10   23.5
 58237 118.59  32.06    46   18.9
 58240 119.02  32.68    21   23.2
 58242 119.16  32.30    22   23.7
 58243 119.82  32.95     3   15.6
 58244 119.59  32.45     5   27.6
 58245 119.42  32.41     9   27.1
 58246 119.99  32.56     2   23.6
 58247 119.80  32.27     3   38.2
 58249 120.05  32.16     6   48.1
 58250 120.16  32.51     6   22.1
 58254 120.45  32.52     5   22.5
 58257 120.26  31.99     4   33.1
 58264 121.18  32.33     3   25.4
 58268 121.08  32.10     4   33.9
 58269 121.65  31.78     3   44.9
 58301 115.38  31.82    92   28.1
 58306 115.88  31.68    95   44.5
 58316 116.92  31.47    23   27.6
 58317 116.37  30.87   434    6.6
 58320 117.13  31.73    21   60.5
 58329 117.87  31.33     9   13.7
 58330 118.08  31.75    26   42.1
 58331 118.37  31.73    22   60.1
 58334 118.37  31.38     9   15.1
 58335 118.52  31.57    23   16.6
 58337 118.18  31.08    26   11.6
 58339 118.90  31.33    15   24.5
 58340 119.03  31.66    25   27.4
 58341 119.59  31.98     6   31.0
 58342 119.55  31.72     6   18.2
 58344 119.20  31.96    36   27.1
 58346 119.81  31.34    16   23.1
 58349 120.56  31.41     8   20.2
 58351 120.30  31.90     4   36.3
 58352 120.77  31.65     4   33.0
 58353 120.57  31.87     8   41.2
 58359 120.62  31.13     4   28.3
 58360 121.20  31.92     3   57.1
 58361 121.37  31.10     5   30.8
 58365 121.25  31.37     4   25.7
 58366 121.49  31.67     4   47.0
 58367 121.43  31.20     4   34.1
 58369 121.78  31.05     5   34.8
 58370 121.53  31.23     4   37.0
 58377 121.11  31.51     5   33.6
 58401 115.40  30.75   123    3.2
 58404 115.22  30.47    61    4.1
 58408 115.43  30.23    35   17.8
 58409 115.93  30.10    32    4.9
 58415 116.55  30.67    64   14.4
 58416 116.82  30.75    35    9.2
 58417 116.13  30.17    54    3.8
 58418 116.67  30.13    60   10.0
 58420 117.23  30.72    58   16.1
 58421 117.87  30.63    31   42.3
 58423 117.78  30.48   647   33.3
 58426 118.13  30.30   193   17.5
 58427 117.50  30.65    15   23.1
 58428 117.50  30.22   118    7.4
 58431 118.32  30.90    39    6.1
 58432 118.40  30.68    57   40.4
 58433 118.75  30.93    31    9.9
 58435 118.53  30.30   220   13.0
 58438 118.58  30.08   191    2.3
 58441 119.42  30.87    43   12.8
 58442 119.18  31.17    16   11.7
 58443 119.89  31.02    25   16.6
 58446 119.70  30.63    72   27.1
 58449 119.95  30.05    46    4.9
 58451 120.93  30.83     2   24.8
 58452 120.77  30.73     4   17.3
 58453 120.50  30.07     7    5.7
 58454 119.98  30.53   102   50.3
 58455 120.65  30.52     8   19.9
 58456 120.52  30.63     6   25.1
 58458 120.90  30.54     4   22.4
 58459 120.29  30.19    44    4.8
 58460 121.35  30.73     5   28.9
 58461 121.12  31.13     4   35.3
 58462 121.23  31.03     4   30.5
 58463 121.50  30.88     4   40.0
 58468 121.17  30.05     5    2.3
 58484 122.20  30.25    37   29.9
 58501 115.63  29.92    23   13.8
 58502 116.00  29.73    36   0.01
 58503 115.67  29.70    41    0.1
 58505 115.90  29.62    63    0.1
 58507 115.12  29.25   116    2.5
 58508 115.77  29.33    41   0.01
 58509 115.82  29.05    36    2.9
 58510 116.23  29.73    40    0.1
 58512 116.55  29.90    71    3.4
 58514 116.05  29.45    37   0.01
 58517 116.20  29.27    35    0.3
 58523 117.93  29.93   227    1.6
 58524 117.22  29.37    87    0.1
 58529 117.85  29.27    80    5.3
 58530 118.43  29.87   168    0.4
 58534 118.18  29.78   170    0.7
 58537 118.40  29.13   153    4.2
 58542 119.68  29.82    46    0.3
 58544 119.27  29.48    88    1.0
 58546 119.88  29.47   115    0.2
 58547 119.18  29.03    66    3.6
 58548 119.47  29.22    50    5.3
 58550 120.25  29.70    39    0.6
 58555 120.88  29.52   113    2.9
 58558 120.22  29.27    89    0.7
 58559 120.98  29.17    58    0.1
 58560 120.43  29.05   304    2.0
 58561 121.60  29.98     4    4.4
 58563 121.83  29.88     5    0.4
 58565 121.39  29.69    41    0.3
 58566 121.88  29.47     6    3.2
 58567 121.43  29.32    39    1.5
 58568 121.38  29.12    34    0.6
 58570 122.30  29.95    85    6.0
 58601 115.38  28.70    53   0.01
 58602 115.55  28.85    40    1.6
 58615 117.08  28.68    56    5.8
 58616 116.82  28.20    40   19.8
 58618 116.60  28.27    83    3.6
 58619 116.37  28.00    49    8.0
 58620 117.10  29.02    51    0.2
 58623 117.92  28.47    90   0.01
 58624 117.43  28.40    70    3.5
 58625 117.60  28.42    79    0.7
 58627 117.03  28.25    55    6.7
 58629 117.71  28.29   100    1.1
 58631 118.50  28.90   137    0.6
 58632 118.60  28.72   126    3.3
 58642 119.80  28.88   105    0.2
 58643 120.03  28.90   102    0.9
 58644 119.28  28.60   237    0.2
 58647 119.13  28.08   222    1.8
 58657 120.28  28.15    57   0.01
 58659 120.65  28.03    28   0.01
 58660 121.20  28.87     6    1.1
 58664 121.37  28.37    35    0.3
 58701 115.40  27.77    46    0.3
 58704 115.35  27.62    52    0.1
 58706 115.83  27.43   181    0.1
 58710 116.05  27.77    78    2.3
 58712 116.78  27.92   130    0.2
 58719 116.93  27.30   131    0.5
 58724 117.32  27.53   268    2.1
 58735 118.75  27.52   260    0.1
 58736 118.82  27.38   262    0.1
 58745 119.08  27.62   400    0.1
 58746 119.70  27.55   538   0.01
 58747 119.35  27.15   899    2.0
 58750 120.08  27.78   105    3.0
 58814 116.35  26.35   247   0.01
 58819 116.82  26.18   336    0.2
 58821 117.47  26.73   173    8.9
 58822 116.85  26.83   342    7.7
 58823 117.80  26.80   175    0.1
 58824 117.15  26.40   357    0.4
 58836 118.73  26.58   361    0.9
 58839 118.85  26.23    40   14.7
 58845 119.53  26.50    60    3.0
 58903 116.03  25.90   210    4.7
 58906 115.80  25.60   167   14.0
 58907 115.40  25.15   305   0.01
 58912 116.73  25.72   404    0.4
 58917 116.10  25.08   307   13.2
 58923 117.83  25.70   400    3.0
 58928 117.53  25.02   166    0.3
 58929 118.15  25.07    68    0.1
 58934 118.27  25.33   170    0.1
 58935 118.23  25.48   521    2.5
 58938 118.98  25.23    23    2.9
 58940 119.33  26.08    25    0.1
 58946 119.00  25.45    81   0.01
 59001 105.33  24.78   672    5.2
 59004 105.10  24.50   725   18.6
 59022 107.55  24.98   697   0.01
 59025 107.38  24.53   248   10.9
 59031 108.26  24.81   342    1.8
 59033 108.90  24.78   328    6.5
 59034 108.67  24.48   150    4.9
 59038 108.65  24.07   138    5.4
 59041 109.25  24.65   108    6.3
 59044 109.38  24.47    97    8.9
 59045 109.75  24.48    94    0.8
 59047 109.33  24.25   100    0.7
 59051 110.50  24.77   136    4.3
 59052 110.82  24.83   169    0.5
 59053 110.67  24.62   105    1.9
 59055 110.40  24.50   165   10.6
 59057 110.18  24.13   830    3.5
 59059 110.80  24.18   105    7.3
 59061 111.27  24.82   193    0.5
 59063 111.45  25.18   265    0.4
 59064 111.32  24.55   136    3.3
 59071 112.28  24.73   174    1.3
 59074 112.15  24.57   300    0.7
 59075 112.63  24.48    70    3.8
 59081 113.29  24.78   131    2.9
 59090 114.07  24.95   103    1.0
 59091 114.52  24.75   277    5.6
 59093 115.03  24.78   253   13.9
 59094 114.12  24.35   184    1.0
 59099 114.93  24.45   173    8.4
 59106 115.90  24.58   152   25.4
 59109 115.73  24.15   123    3.2
 59114 116.17  24.65   135    6.5
 59122 117.75  24.62    43    6.8
 59124 117.38  24.52    53    3.9
 59125 117.30  24.38   108    8.6
 59127 117.83  24.43    32    7.9
 59129 117.60  24.13    53    8.5
 59130 118.15  24.73    30   14.9
 59131 118.37  24.97    45    4.1
 59137 118.57  24.82    56   24.4
 59215 106.63  23.33   680    0.9
 59227 107.14  23.11   454    0.7
 59229 107.70  23.17   125   0.01
 59230 108.17  23.72   168    1.0
 59235 108.62  23.43   115    0.2
 59238 108.80  23.22   122   0.01
 59246 109.67  23.60    70    1.0
 59249 109.62  23.12    51    2.4
 59255 110.38  23.55    32   10.0
 59256 110.92  23.37    54    2.2
 59264 111.50  23.40    83   13.5
 59266 111.23  23.42    42   12.7
 59268 111.53  23.25    29    1.5
 59269 111.78  23.17    47   14.8
 59270 112.18  23.92    84   30.3
 59276 112.65  23.35    40    2.2
 59279 112.87  23.18    24   0.01
 59284 113.23  23.42    38    8.1
 59285 113.60  23.57    38    1.8
 59288 113.02  23.15    29    0.4
 59290 114.25  23.78    85   22.0
 59297 114.28  23.17    17   0.01
 59310 116.18  23.77    45   28.1
 59312 116.70  23.67    60   13.9
 59313 116.98  23.68    44   19.0
 59314 116.13  23.30    29   53.1
 59315 116.40  23.58    43   17.9
 59318 116.58  23.27     5   25.2
 59319 116.83  23.43     4   23.7
 59320 117.13  23.75    37   31.4
 59322 117.37  23.98    22   30.9
 59421 107.20  22.83   255    6.5
 59425 107.35  22.40   107    0.8
 59432 108.40  22.80   194   0.01
 59435 108.48  22.77    74    0.1
 59441 109.25  22.70    78    9.0
 59448 109.55  22.27    69   17.6
 59449 109.98  22.30    85    6.7
 59451 110.35  22.70    98    5.8
 59452 110.53  22.83   131   16.5
 59454 110.99  22.95   202    1.0
 59457 110.27  22.32   121   11.0
 59469 111.78  22.17    37    0.1
 59470 112.20  22.70    57    0.1
