diamond  3 2014年06月09日08点24小时降雨量                    
  14  06  09  08    -1 3 10 25 50 1 0
 39 122.7  37.3 122.5  36.7 120.8  36.2 119.3  35.0 120.4  34.3
 121.1  32.7 122.3  30.9 122.5  30.1 121.5  28.0 119.8  25.0
 116.1  22.6 111.0  21.0 111.0  18.6 109.6  18.1 108.3  18.5
 108.9  19.9 109.3  21.0 106.4  21.6 104.1  22.2 101.6  20.8
  98.7  22.0  97.1  24.1  97.7  27.0  91.7  26.6  85.7  27.7
  78.9  30.6  73.3  37.1  74.1  40.7  87.6  49.8  98.5  43.9
 110.4  44.3 122.0  54.7 135.7  48.3 131.5  42.2 125.2  39.4
 121.3  38.5 121.2  40.3 118.5  38.6 120.8  38.1
 1     750
 50431 121.52  50.78   717    2.0
 50445 123.73  50.58   423    0.2
 50524 119.43  49.32   576   13.1
 50525 119.75  49.15   620   12.9
 50526 120.70  49.28   668    9.7
 50566 128.47  49.55   116    5.0
 50645 124.48  48.48   195   15.5
 50646 124.85  48.48   202   51.6
 50647 123.48  48.13   236   72.1
 50655 126.18  48.50   266    2.4
 50659 126.25  48.03   291    1.2
 50673 130.40  48.88    90    0.8
 50674 129.43  48.57   404    8.4
 50741 123.50  47.93   185   29.9
 50749 124.83  47.18   154    2.8
 50750 125.30  47.90   226   12.3
 50755 126.10  47.60   230   25.5
 50767 127.10  47.23   202    0.2
 50772 129.23  48.10   288   11.6
 50775 130.20  47.34   182   15.5
 50776 130.83  47.57    83    2.1
 50778 132.53  47.67    57    0.8
 50779 134.28  48.37    40    0.9
 50787 131.84  47.31    62    0.3
 50832 122.08  46.72   332   24.7
 50833 122.90  46.72   187    4.1
 50842 124.42  46.83   145    0.7
 50850 125.13  46.57   147    2.5
 50851 126.08  46.68   207    2.8
 50852 126.45  46.82   169    0.1
 50858 125.93  46.07   135   12.2
 50859 126.28  46.29   169    1.3
 50861 127.48  46.89   182    0.6
 50867 127.35  46.08   134   0.01
 50871 129.88  46.73    95    3.4
 50878 130.72  47.00    78    9.6
 50879 130.55  46.22   187    0.8
 50880 131.12  46.73   102    2.6
 50884 131.15  46.63   175    1.4
 50892 134.00  46.80    54    0.2
 50913 118.83  45.72   865    4.4
 50924 119.67  45.53   823   18.9
 50928 120.33  45.07   628    5.5
 50934 121.58  45.38   311   41.7
 50939 122.82  45.33   150   26.5
 50940 123.17  45.85   141    9.5
 50946 124.83  45.18   139   0.01
 50954 125.08  45.50   127    3.1
 50958 126.93  45.53   168    0.3
 50960 127.38  45.73   184    0.1
 50962 128.03  45.95   112    0.2
 50964 128.80  45.83   119    7.9
 50965 128.27  45.43   167    1.1
 50971 131.02  45.77   223    3.5
 50979 130.23  45.27   274   13.6
 50985 131.87  45.55   151    2.4
 50987 131.09  45.26   219    8.0
 51137  82.93  46.20   715    0.4
 51145  83.65  46.55   521    0.3
 51328  80.42  44.20   770    0.5
 51329  80.85  44.05   640   0.01
 51356  86.05  44.32   442    0.7
 51357  85.62  44.33   522    0.2
 51359  86.20  44.32   471    0.3
 51368  87.32  44.12   515    0.1
 51369  87.65  43.97   600    1.2
 51377  87.92  44.17   547    0.5
 51378  89.17  44.02   734    2.8
 51430  81.15  43.83   602    0.3
 51434  81.53  43.97   770    0.2
 51435  82.23  43.47   774    3.9
 51436  83.30  43.45   928    0.6
 51438  81.77  43.18  1210    0.8
 51465  87.10  43.48  1871    4.1
 51468  86.83  43.10  3539   17.3
 51568  86.80  42.25  1085   0.01
 51636  82.65  41.55  1009   0.01
 51707  76.73  39.50  1208   0.01
 51708  75.95  39.15  1325   0.01
 51722  80.40  40.65  1044    1.2
 51802  76.17  38.93  1297   0.01
 51814  77.40  37.92  1360   0.01
 51815  77.27  38.20  1274    2.1
 52853 100.98  36.90  3010    9.3
 52855 101.25  36.68  2675    2.7
 52862 101.68  36.95  2450   0.01
 52863 101.95  36.82  2480    4.7
 52869 101.58  36.50  2667   0.01
 52874 102.40  36.48  1980    1.5
 52875 102.10  36.50  2125    3.5
 52877 102.25  36.10  2834   11.1
 52881 103.18  36.98  2484    0.2
 52957 100.60  35.25  3148    4.7
 52963 102.02  35.93  2085    6.9
 52968 101.47  35.03  3662   0.01
 52972 102.45  35.85  1921    0.1
 52978 102.52  35.20  2929    1.4
 52980 103.30  35.97  1648    3.2
 52981 103.38  35.68  2421   20.7
 52982 103.55  35.48  1953    1.5
 52985 103.33  35.42  2162    1.5
 53272 112.63  42.75  1104   0.01
 53289 113.83  42.23  1322   0.01
 53384 113.18  41.45  1423   0.01
 53392 114.60  41.85  1422    3.1
 53469 111.82  40.40  1166    0.5
 53472 112.57  40.87  1451    0.2
 53488 113.58  40.03  1034    1.0
 53498 115.03  40.57   629    2.4
 53499 114.73  40.77   755    1.6
 53582 113.67  39.72  1079   0.01
 53680 114.38  38.30   108    0.1
 53682 114.68  38.63   104   0.01
 53685 113.42  38.07   953   0.01
 53688 114.55  38.42   100   0.01
 53690 114.18  38.85   281   0.01
 53695 114.68  38.35    70   0.01
 53696 115.02  38.55    41   0.01
 53780 113.15  37.91  1066   0.01
 53782 113.62  37.93   767   0.01
 53785 114.67  37.52    35   0.01
 53796 114.89  37.62    30   0.01
 54024 119.30  44.45   710   23.2
 54031 121.82  44.90   198    0.6
 54039 122.02  44.03   181    0.1
 54047 123.28  44.13   145   0.01
 54065 125.65  44.53   169    1.3
 54069 125.80  44.17   174    1.6
 54072 126.52  44.85   196    0.2
 54076 126.93  44.38   268    2.8
 54080 127.15  44.90   194    0.5
 54092 129.40  44.60   292    2.2
 54093 130.55  44.93   266   13.8
 54098 129.47  44.33   267    4.7
 54099 131.13  44.08   148   13.2
 54113 118.65  43.53   621    5.7
 54117 117.53  43.25  1003    0.4
 54122 120.05  43.88   374    8.8
 54132 121.07  42.40   400    5.8
 54156 124.80  43.52   200    7.7
 54164 125.28  43.35   248    4.9
 54169 126.02  43.30   271    6.7
 54172 126.53  43.87   290    8.6
 54187 128.92  43.12   366    6.8
 54192 130.27  43.70   384    7.3
 54204 115.00  42.30  1346   0.01
 54205 116.00  42.23  1315    1.1
 54214 118.42  42.58   960    0.1
 54223 120.65  42.85   362    4.0
 54225 119.94  42.29   579    1.0
 54231 122.35  42.97   248    1.4
 54234 121.75  42.73   297    1.1
 54244 123.33  42.75   118    0.1
 54245 123.40  42.50    97    1.6
 54248 123.53  42.03    61    2.1
 54249 123.87  42.30    85    2.6
 54252 124.75  42.73   196   0.01
 54261 125.47  42.67   345    8.9
 54267 125.73  42.25   362    2.9
 54274 125.99  42.69   306    6.9
 54279 126.58  42.05   544    2.0
 54290 129.40  42.77   241    9.5
 54291 130.28  42.90    36    9.4
 54293 129.83  42.95   142   16.7
 54301 115.67  41.67  1412    0.4
 54304 115.27  40.95  1239    7.3
 54313 118.70  41.93   733    1.3
 54316 118.75  41.52   679    2.3
 54318 117.73  41.32   561    4.7
 54319 118.67  41.00   502    0.5
 54320 119.30  41.60   544    1.0
 54321 119.63  41.87   661   0.01
 54323 120.78  41.82   253   0.01
 54325 120.35  41.18   183   15.1
 54327 119.35  41.23   417    5.7
 54328 119.72  41.08   296   16.2
 54330 121.33  41.13    45    5.1
 54331 121.75  41.60   113    5.7
 54332 122.72  41.52    12    2.0
 54336 122.42  41.42     8    1.8
 54338 121.95  41.28     3    1.2
 54340 123.32  41.67    35    0.5
 54345 123.07  41.20    30    1.7
 54347 123.17  41.23    24    0.9
 54348 123.33  41.42    36    1.6
 54362 125.73  41.67   380    2.9
 54371 126.43  41.93   520    2.1
 54398 116.62  40.13    28    0.5
 54399 116.28  39.98    45    8.3
 54404 115.83  40.88   867    1.4
 54408 115.22  40.38   529    0.5
 54410 116.13  40.60  1224    4.1
 54412 116.63  40.73   331    0.3
 54419 116.63  40.37    75    3.7
 54420 117.33  40.93   529    1.2
 54421 117.12  40.65   293    0.4
 54424 117.12  40.17    32    2.0
 54425 117.47  40.40   633    1.1
 54428 117.40  40.03    15    3.9
 54430 118.15  40.77   269    1.0
 54431 116.63  39.92    43    5.8
 54432 118.48  40.60   304    1.0
 54433 116.50  39.95    35    4.2
 54434 118.33  40.17   131    0.6
 54439 118.72  40.02    50   0.01
 54453 120.88  40.78    38    0.6
 54474 122.35  40.42    24    1.6
 54475 122.48  40.62    11    1.0
 54483 123.90  40.88   233    7.3
 54494 124.07  40.47    72   0.01
 54499 116.22  40.22    76   0.01
 54501 115.68  39.97   440    1.2
 54502 116.03  39.48    29    5.3
 54503 115.82  39.07    12    1.3
 54505 116.10  39.94    98    7.8
 54506 115.95  39.32    24    5.3
 54507 115.52  39.33    49    9.3
 54510 116.95  39.91    18    7.1
 54512 116.28  39.42    21    2.1
 54513 116.20  39.95    65    5.4
 54514 116.25  39.87    55    2.1
 54515 116.70  39.50    13    3.9
 54517 117.20  39.07     2    2.7
 54519 116.48  39.30    12    1.9
 54520 117.08  39.97    18    9.2
 54521 116.98  39.77    13    5.3
 54522 117.73  39.88    14    3.6
 54523 117.02  39.38     4    1.7
 54526 117.33  39.08     1    2.5
 54528 117.13  39.23     3    1.8
 54529 117.82  39.35     3   0.01
 54530 117.77  39.23     1   0.01
 54532 118.08  39.81    31    0.5
 54533 118.10  39.58     8    0.7
 54535 118.47  39.28     3   0.01
 54568 121.75  39.05    90    0.5
 54569 121.95  39.42    11    2.4
 54594 116.35  39.72    37    3.6
 54596 116.19  39.77    48    2.7
 54597 115.73  39.73   407    1.5
 54604 115.33  38.42    29   0.01
 54605 115.93  38.93     4    0.3
 54608 115.55  38.00    26    0.1
 54610 116.10  38.73     8    0.5
 54612 116.46  38.85     4    2.7
 54613 116.62  38.70     6    2.2
 54614 116.06  38.42    10    1.1
 54615 116.85  38.58     8    0.9
 54616 116.85  38.35     8    2.5
 54619 116.92  38.92     5    4.0
 54620 115.57  38.48    18    1.1
 54622 117.37  38.98     3    2.3
 54626 115.82  38.42    13    0.4
 54627 117.23  38.03     8    2.7
 54628 117.48  38.15     6    1.7
 54636 116.10  39.02    11    9.0
 54644 117.12  38.05    10    1.8
 54645 117.47  38.85     2    2.9
 54700 115.93  38.03    16    2.9
 54702 115.70  37.73    20    0.1
 54703 115.88  37.80    21    3.2
 54704 115.57  37.52    24    1.5
 54707 115.98  37.35    27   0.01
 54708 115.73  37.50    23    1.5
 54710 116.17  37.87    18    1.7
 54711 116.28  37.70    18    1.6
 54712 116.82  37.20    18    1.0
 54713 116.53  37.88    14   11.5
 54714 116.33  37.45    23    3.2
 54716 116.80  37.67    16    8.6
 54717 116.40  37.63    17    4.1
 54718 116.47  37.15    22    2.7
 54719 116.68  38.03    11    1.5
 54722 117.63  37.75     6   20.7
 54723 117.57  37.65    10   26.3
 54724 117.13  37.32    14    2.1
 54726 117.18  37.70    11   16.4
 54728 117.38  37.77     8   28.2
 54729 117.87  37.17    11   34.6
 54730 118.14  37.69     6   17.5
 54731 118.22  37.48    11   14.6
 54732 118.52  37.87     5   15.2
 54734 118.00  37.36    12   11.2
 54736 118.67  37.43     6   23.7
 54737 118.15  37.15     9   31.7
 54738 118.40  37.05    15   24.6
 54749 119.95  37.18    48   11.0
 54752 120.77  37.80    60   10.4
 54755 120.39  37.33   117   15.7
 54759 120.85  37.32   205    0.4
 54765 121.43  37.48    82    0.3
 54766 121.59  37.43    39   0.01
 54777 122.07  37.20   118    0.1
 54811 116.62  36.93    20    1.7
 54812 116.75  36.78    22    0.1
 54819 116.80  36.18   113    2.0
 54821 117.20  37.00    20    2.8
 54822 117.73  36.87    47   14.2
 54824 117.95  36.63    95    2.9
 54825 117.85  36.52   189    4.5
 54827 117.15  36.17   128    8.1
 54828 117.68  36.23   229   17.4
 54829 117.87  36.77    85    8.1
 54830 117.93  36.82    34   19.3
 54831 118.50  36.65   102    2.8
 54832 118.73  36.88    25   13.5
 54833 118.08  36.97    15   19.9
 54834 118.28  36.87    46   14.2
 54835 118.55  36.50   106    4.3
 54837 118.83  36.68    78    4.3
 54841 119.42  36.86    23   13.8
 54844 119.18  36.42    62    3.1
 54846 119.74  36.39    51    4.8
 54848 119.42  35.98    82    0.2
 54849 120.03  36.22    84    0.2
 54851 120.56  36.90    76    0.8
 54852 120.73  36.97    54    1.0
 54855 120.47  36.38    26   0.01
 54871 122.48  36.93     9   0.01
 54918 116.97  35.60    62    0.8
 54919 116.98  35.38    88    0.1
 54922 117.78  35.88   224    0.1
 54923 117.93  35.72   202    0.1
 54925 117.63  35.52   167    0.1
 54932 118.65  35.77   186   0.01
 54935 118.43  35.53   119   0.01
 54943 120.00  35.88    10   0.01
 56016  95.62  33.85  4179    8.8
 56034  97.13  33.80  4415    3.3
 56045  99.90  33.97  4050    1.3
 56071 102.50  34.58  3105    0.2
 56084 103.23  34.07  2374   0.01
 56097 104.25  33.27  1440    0.6
 56109  93.78  31.48  3940    6.0
 56128  96.60  31.22  3810    1.1
 56147  98.83  31.22  3260   12.3
 56158 100.67  31.40  3250   11.6
 56164 100.98  32.27  3284   21.8
 56168 102.07  31.48  2168   16.0
 56171 101.70  32.90  3275    5.0
 56180 103.85  31.68  1590    2.1
 56181 103.70  30.68   541    1.3
 56183 103.62  31.50  1370   10.4
 56184 103.17  31.43  1896    2.9
 56185 102.98  32.08  2400   14.8
 56186 104.20  31.33   589    0.4
 56189 103.93  30.98   581    3.4
 56190 104.55  31.55   519    7.0
 56192 104.67  32.95  1014   0.01
 56193 104.52  32.42   893    0.1
 56194 104.45  31.63   597    3.4
 56195 104.73  31.80   543    0.4
 56197 104.17  31.15   535    3.4
 56198 104.50  31.32   525    1.2
 56199 104.68  31.03   423    7.4
 56263 101.88  30.88  1949   25.1
 56267 101.02  30.03  2600    3.6
 56272 103.88  30.82   558    1.7
 56273 102.82  30.39  1022    4.1
 56276 103.82  30.45   467    2.0
 56278 102.77  30.07   755    1.6
 56279 102.93  30.15   682    3.0
 56280 103.12  30.08   691    1.2
 56281 103.50  30.18   510    0.5
 56284 103.43  30.45   518    3.8
 56285 103.52  30.60   523    3.3
 56286 104.25  30.55   515    0.9
 56288 103.92  30.58   494    1.1
 56289 103.87  30.20   437    0.7
 56290 104.18  30.78   514    8.0
 56291 104.28  30.93   469    8.5
 56295 104.55  30.38   448    1.5
 56296 104.43  30.85   448   14.4
 56297 104.15  30.02   436    1.5
 56298 104.60  30.13   417    0.6
 56317  94.22  29.22  2950    2.9
 56342  98.60  29.68  3870    6.0
 56371 102.23  29.92  1321    0.1
 56373 102.85  29.78   763    1.0
 56376 102.63  29.33  1098    0.8
 56378 102.35  29.23   890    0.4
 56380 103.35  29.88   571    0.7
 56381 103.50  30.07   630    0.2
 56382 103.60  29.73   407   0.01
 56383 103.87  29.83   455    1.1
 56387 103.27  29.23   642    1.0
 56389 103.95  29.20   387    1.1
 56390 104.07  29.67   404    0.3
 56391 103.82  30.08   415    1.7
 56393 104.85  29.77   369    0.7
 56394 104.43  29.45   384    0.8
 56395 104.67  29.52   351    7.3
 56396 104.77  29.35   352    2.8
 56399 104.98  29.18   306    1.8
 56441  99.28  28.72  2422   0.01
 56443  99.80  28.93  2842   0.01
 56473 102.77  28.95  1060    0.4
 56474 102.17  28.55  1774    3.6
 56478 102.43  28.30  1818    9.4
 56480 103.53  28.82   564    6.0
 56483 103.95  28.58   496   11.1
 56487 103.13  28.33  1943   10.1
 56489 103.63  28.23   877    8.3
 56490 103.90  28.95   424   11.1
 56491 104.57  28.70   287    6.8
 56493 104.97  28.85   292    3.6
 56494 104.15  28.65   462    6.2
 56496 105.23  28.32   358    3.0
 56497 104.23  28.10   448    7.6
 56498 104.50  28.15   549   38.2
 56499 104.78  28.38   368   26.4
 56567 100.85  27.30  2240    7.0
 56569 102.18  27.42  1380   19.3
 56575 102.55  27.37  1428   11.0
 56578 102.75  27.07   993   23.3
 56580 102.80  27.72  2460    5.8
 56582 103.90  27.75  1176   13.9
 56584 103.25  27.70  1093    6.3
 56585 103.53  27.18  1916   20.9
 56592 104.52  28.43   359    8.2
 56593 104.92  28.58   279    6.5
 56594 104.05  27.63   880    5.2
 56595 104.87  27.42  1645    3.8
 56596 105.05  27.85  1177   11.7
 56598 104.73  27.13  1535    6.5
 56641  98.87  26.90  1189   0.01
 56646  99.92  26.53  2191   0.01
 56652 100.75  26.68  2130   0.01
 56654 100.18  26.58  2195    5.0
 56665 101.85  26.68  1140    5.3
 56669 101.67  26.05  1531   22.0
 56670 102.12  26.92  1136   14.0
 56673 102.92  26.92   893   15.1
 56674 101.73  26.50  1108    2.4
 56675 102.58  26.65  1694   12.2
 56688 103.17  26.10  1254   11.4
 56697 104.08  26.22  1984   22.8
 56761 101.32  25.72  1878    0.5
 56766 101.52  25.31  1822    8.2
 56767 101.28  25.18  1857   0.01
 56772 102.50  25.23  1692   14.3
 56774 102.42  25.53  1710   10.8
 56775 102.45  25.55  1750    5.1
 56777 102.07  25.15  1566    8.0
 56781 103.27  25.55  1873   13.1
 56782 103.55  25.42  2067    8.6
 56783 103.80  25.50  1906    9.4
 56785 103.08  25.36  1915    3.9
 56788 103.62  24.98  1857   11.2
 56790 104.25  25.68  1925    7.7
 56835  97.82  24.07   959    3.7
 56836  97.95  24.70   826   14.0
 56839  98.82  23.77   995    0.2
 56840  98.30  24.82  1012    0.7
 56841  98.68  24.60  1528   24.4
 56842  99.18  24.73  1471   0.01
 56843  99.62  24.83  1650    0.3
 56844  98.58  24.43   913    0.4
 56846  99.93  24.58  1569    1.5
 56849  99.23  24.03  1606   0.01
 56851 100.53  25.04  1377   0.01
 56854 100.13  24.45  1108   0.01
 56862 101.60  24.68  1968    0.7
 56863 102.48  24.93  1848    7.0
 56869 101.97  24.07  1497    1.5
 56870 102.18  24.66  1600   18.4
 56871 102.60  24.65  1893    5.8
 56872 102.62  24.95  2358   33.0
 56873 102.92  24.68  1796   12.1
 56876 102.77  24.28  1731   0.01
 56879 102.91  24.19  1702    0.1
 56880 103.17  24.92  1532   17.1
 56881 103.27  24.75  1695    8.4
 56882 102.83  24.91  1976   32.1
 56883 103.98  24.82  1900    7.0
 56885 103.45  24.40  1415    0.2
 56889 104.17  24.05  1518   16.1
 56891 104.32  24.98  1482   10.3
 56898 102.41  24.18  1600   0.01
 56944  99.27  23.15  1278   20.6
 56948  99.60  22.63  1155    1.0
 56949  99.60  22.32   945   10.4
 56950  99.80  23.47  1044    3.1
 56958 100.42  21.92  1176    0.8
 56961 101.05  23.03  1336    8.7
 56962 101.67  23.42  1314    1.0
 56970 102.48  23.70  1419    8.1
 56975 102.43  23.37   974    4.1
 56976 102.83  23.23   232    2.7
 56978 102.42  23.00  1642    7.5
 56982 103.29  23.70  1117    5.6
 56984 103.15  23.38  1720    0.6
 56987 103.23  22.78  1260    4.4
 56989 103.95  22.50   137    0.6
 56992 104.70  23.45  1507    0.2
 56994 104.28  23.33  1293    0.8
 56996 104.70  23.13  1093    0.8
 57204 105.22  32.57   782   0.01
 57208 105.52  32.28   544    0.4
 57216 106.83  32.35   579   0.01
 57217 106.28  32.23   485    0.1
 57303 105.92  31.73   459    0.2
 57304 105.17  31.67   516    0.3
 57307 105.08  31.10   404    1.7
 57308 105.38  31.22   421    0.9
 57309 105.88  30.98   378    2.0
 57314 106.07  31.35   405    1.0
 57315 106.40  31.53   655    0.1
 57317 106.42  31.03   324    0.5
 57318 106.55  31.07   338    0.4
 57324 107.08  31.58   364   0.01
 57326 107.72  31.37   389    0.7
 57329 107.85  31.10   467    2.3
 57338 108.42  31.18   216    0.2
 57339 108.68  30.95   297    1.7
 57345 109.62  31.40   337    6.5
 57401 105.37  30.87   383    1.3
 57402 105.70  30.77   394    9.5
 57407 105.03  30.28   462    1.4
 57408 105.35  30.12   338    0.5
 57409 105.80  30.18   297    0.6
 57413 106.97  30.85   295    2.1
 57414 106.45  30.52   403   40.3
 57415 106.63  30.53   394    8.4
 57416 106.93  30.33   391    0.9
 57417 106.28  30.35   315    2.9
 57420 107.18  30.75   418    3.0
 57425 107.33  30.33   433   0.01
 57431 108.35  30.83   257    0.2
 57437 108.03  30.30   325    0.6
 57438 108.12  29.98   632    2.1
 57453 111.32  30.77   115   0.01
 57460 111.78  30.82    91   0.01
 57464 111.18  30.47   142   0.01
 57465 111.45  30.38    74    0.3
 57466 111.75  30.43    50   0.01
 57469 111.77  30.18    69   0.01
 57475 112.90  30.40    31   0.01
 57477 112.22  30.07    38   0.01
 57486 113.85  30.65    25   0.01
 57505 105.58  29.42   338    6.1
 57506 105.90  29.37   353    3.9
 57507 105.30  29.33   385    3.8
 57508 105.37  29.15   301    6.1
 57509 106.93  28.95   325    4.9
 57510 106.07  29.85   326    3.0
 57511 106.45  29.85   240    3.6
 57513 106.62  29.73   464    5.5
 57514 106.22  29.58   331   12.2
 57518 106.50  29.33   506   32.8
 57519 107.11  29.16   698    1.4
 57522 107.27  29.74   372    4.4
 57525 107.75  29.32   277    4.4
 57537 108.17  29.30   322    7.8
 57540 109.15  29.68   776   25.4
 57541 109.48  30.00   532   17.1
 57543 110.03  29.90   539    7.2
 57544 109.45  29.47   488   15.5
 57558 110.47  29.13   183    7.9
 57564 111.13  29.43   103    0.1
 57565 111.73  29.67    38   0.01
 57566 111.65  29.45    51    0.1
 57577 112.17  29.40    36    0.2
 57589 113.87  29.27   146   0.01
 57600 105.06  28.71   420    5.4
 57603 105.83  28.82   283    1.4
 57605 105.82  28.03   537    4.7
 57609 105.70  28.58   317    2.9
 57623 107.60  28.88   685    3.9
 57634 107.88  28.52   660    6.1
 57635 108.98  28.45   363   10.9
 57636 108.50  28.57   334   13.2
 57637 108.10  28.25   629    5.4
 57640 109.45  28.58   341   11.6
 57643 109.83  29.00   268    5.0
 57646 109.95  28.62   302   10.5
 57657 110.20  28.22   186    0.6
 57663 111.95  28.92    31   0.01
 57666 112.13  28.52    52    0.1
 57674 112.38  28.57    46   0.01
 57678 112.55  28.25    74   0.01
 57688 113.63  28.16   101   0.01
 57694 114.38  28.53   259    1.5
 57698 114.45  28.12    98    0.7
 57708 105.60  27.15  1700   16.9
 57713 106.88  27.70   843    4.7
 57714 106.23  27.47   942   13.7
 57717 106.83  27.53   974    2.4
 57719 106.97  27.07  1275    6.1
 57720 107.17  27.88   889    1.4
 57723 107.72  27.98   710    1.0
 57728 107.47  27.07  1096    3.1
 57732 108.40  28.02   456    1.3
 57734 108.23  27.57   467    0.5
 57735 108.82  27.18   404    0.2
 57736 108.85  27.70   369    0.7
 57737 108.12  27.03   547    5.5
 57738 108.42  27.05   516    0.1
 57739 108.92  27.23   394   0.01
 57740 109.60  27.95   349   0.01
 57742 109.20  27.52   884   0.01
 57743 109.80  27.88   176    0.5
 57744 109.17  27.37   355    0.9
 57754 110.15  27.35   170    3.3
 57763 112.00  27.68   205   0.01
 57768 111.45  27.32   242   0.01
 57781 113.50  27.65    74    9.3
 57783 113.82  27.88   118   19.7
 57786 113.85  27.63   117    6.1
 57792 114.68  27.82    93    1.2
 57794 114.02  27.63   177    3.8
 57796 114.88  27.83   189   0.01
 57798 114.60  27.40    85   0.01
 57800 105.37  26.77  1457    7.7
 57807 105.47  26.21  1361   79.3
 57808 105.75  26.32  1274    9.9
 57809 105.75  26.07  1251   28.8
 57811 106.60  26.83  1296    2.2
 57813 106.47  26.57  1261    7.6
 57814 106.27  26.42  1298    9.8
 57818 106.45  26.03  1140    4.9
 57821 107.50  26.70   925    1.9
 57822 107.90  26.90   835   18.7
 57824 107.23  26.58  1001    0.2
 57828 107.58  26.50   983    0.3
 57829 107.80  26.20   963    0.9
 57834 108.30  26.68   641    0.2
 57835 108.43  26.72   527    0.2
 57837 108.07  26.40   839    4.9
 57844 109.18  26.68   343   0.01
 57870 112.10  26.80   151    4.3
 57886 113.80  26.48   268    0.8
 57900 105.22  25.83  1552   88.3
 57903 105.60  25.94  1142   29.2
 57905 105.63  25.40  1063   53.9
 57908 105.48  25.12  1394    8.8
 57909 105.82  24.98   584    9.5
 57911 106.65  26.67  1323   11.2
 57913 106.98  26.45  1093    7.9
 57914 106.67  26.42  1149    1.1
 57915 106.77  26.63  1104   35.3
 57921 107.32  25.83   708    0.7
 57923 107.87  25.98   419    0.3
 57927 107.18  24.97   287    8.9
 57936 108.91  25.76   258   0.01
 57988 113.35  25.15   102    0.2
 57989 113.77  25.07   112   12.4
 57990 114.30  25.70   246    5.8
 58045 119.60  34.20     4    0.1
 58409 115.93  30.10    32    0.7
 58417 116.13  30.17    54   0.01
 58501 115.63  29.92    23    6.9
 58512 116.55  29.90    71   0.01
 58523 117.93  29.93   227    4.7
 58529 117.85  29.27    80   0.01
 58601 115.38  28.70    53   0.01
 58605 115.38  28.42    46   0.01
 58647 119.13  28.08   222   0.01
 58713 117.07  27.72   225    0.8
 58714 116.23  27.55   120    4.8
 58735 118.75  27.52   260    1.0
 58745 119.08  27.62   400    6.6
 58814 116.35  26.35   247   32.4
 58844 119.15  26.15    57    0.1
 58903 116.03  25.90   210    0.3
 58905 115.42  25.97   133    0.4
 58906 115.80  25.60   167    4.2
 58907 115.40  25.15   305   33.6
 58917 116.10  25.08   307    0.1
 58928 117.53  25.02   166    2.7
 58932 118.93  25.87    85    0.3
 58935 118.23  25.48   521    0.2
 58940 119.33  26.08    25    0.1
 59001 105.33  24.78   672    9.0
 59012 106.55  24.78   972   43.5
 59015 106.57  24.35   437   20.8
 59017 106.27  24.27   278    0.1
 59022 107.55  24.98   697    5.4
 59025 107.38  24.53   248   18.2
 59027 107.25  24.13   254   72.8
 59057 110.18  24.13   830   27.4
 59071 112.28  24.73   174   0.01
 59074 112.15  24.57   300   0.01
 59106 115.90  24.58   152    4.4
 59114 116.17  24.65   135   0.01
 59129 117.60  24.13    53    0.3
 59130 118.15  24.73    30    0.5
 59131 118.37  24.97    45    0.3
 59205 105.63  23.65   685   40.5
 59213 106.92  23.73   110    2.0
 59215 106.63  23.33   680   21.4
 59224 107.12  23.60   111    1.3
 59227 107.14  23.11   454    2.4
 59229 107.70  23.17   125    0.7
 59230 108.17  23.72   168    1.3
 59237 108.28  23.17   111    1.0
 59238 108.80  23.22   122    3.9
 59246 109.67  23.60    70    0.3
 59268 111.53  23.25    29   31.2
 59269 111.78  23.17    47    0.6
 59276 112.65  23.35    40    0.1
 59288 113.02  23.15    29   0.01
 59290 114.25  23.78    85   48.0
 59297 114.28  23.17    17    0.4
 59310 116.18  23.77    45  107.4
 59312 116.70  23.67    60    5.8
 59313 116.98  23.68    44    0.6
 59314 116.13  23.30    29    1.1
 59315 116.40  23.58    43   20.6
 59318 116.58  23.27     5    3.7
 59319 116.83  23.43     4    1.0
 59320 117.13  23.75    37    4.0
 59322 117.37  23.98    22    2.2
 59419 106.75  22.10   242  102.0
 59421 107.20  22.83   255    7.6
 59425 107.35  22.40   107    5.7
 59426 107.92  22.61   146    2.0
 59427 107.07  22.12   163    8.8
 59429 108.01  22.18   216   12.1
 59432 108.40  22.80   194   13.8
 59435 108.48  22.77    74   16.3
 59441 109.25  22.70    78   14.6
 59448 109.55  22.27    69    4.1
 59449 109.98  22.30    85    5.7
 59451 110.35  22.70    98   0.01
 59452 110.53  22.83   131    9.3
 59454 110.99  22.95   202   18.0
 59457 110.27  22.32   121    0.2
 59469 111.78  22.17    37    0.1
 59473 112.97  22.77    19    1.9
 59477 112.23  22.27    68   0.01
 59480 113.25  22.85    21    3.7
 59481 113.32  22.93    12   71.1
 59487 113.30  22.23    23    5.2
 59500 115.32  22.97     6   63.6
 59502 115.65  22.95     5   20.1
 59635 108.35  21.62    31    2.7
 59640 109.18  21.67     5   18.6
 59650 110.25  21.40    29   17.9
 59653 110.85  21.93    31   65.4
 59654 110.30  21.63    29    9.1
 59655 110.62  21.65    32   37.2
 59656 110.82  21.40    27   34.7
 59659 110.92  21.75    33   33.5
 59750 110.07  20.97    33   18.0
 59757 110.37  20.00     9    1.5
 59842 109.68  19.90    31    2.3
 59843 110.00  19.73    31   34.7
 59851 110.34  19.67    53   21.4
 59854 110.10  19.37   118    4.8
