diamond  3 2014年07月17日08点24小时降雨量                    
  14  07  17  08    -1 3 10 25 50 1 0
 39 122.7  37.3 122.5  36.7 120.8  36.2 119.3  35.0 120.4  34.3
 121.1  32.7 122.3  30.9 122.5  30.1 121.5  28.0 119.8  25.0
 116.1  22.6 111.0  21.0 111.0  18.6 109.6  18.1 108.3  18.5
 108.9  19.9 109.3  21.0 106.4  21.6 104.1  22.2 101.6  20.8
  98.7  22.0  97.1  24.1  97.7  27.0  91.7  26.6  85.7  27.7
  78.9  30.6  73.3  37.1  74.1  40.7  87.6  49.8  98.5  43.9
 110.4  44.3 122.0  54.7 135.7  48.3 131.5  42.2 125.2  39.4
 121.3  38.5 121.2  40.3 118.5  38.6 120.8  38.1
 1     682
 50431 121.52  50.78   717   0.01
 50524 119.43  49.32   576    0.5
 50525 119.75  49.15   620    5.3
 50526 120.70  49.28   668    2.4
 50645 124.48  48.48   195   0.01
 50646 124.85  48.48   202    6.0
 50655 126.18  48.50   266    0.1
 50659 126.25  48.03   291    7.8
 50673 130.40  48.88    90    8.6
 50741 123.50  47.93   185    0.6
 50755 126.07  47.62   249    0.1
 50775 130.20  47.34   182    0.1
 50776 130.83  47.57    83    0.2
 50779 134.28  48.37    40   0.01
 50787 131.84  47.31    62    0.4
 50833 122.90  46.72   187    1.7
 50842 124.42  46.83   145    0.8
 50851 126.08  46.68   207    1.2
 50858 125.93  46.07   135   13.3
 50859 126.28  46.29   169   12.5
 50861 127.48  46.88   184    0.1
 50867 127.35  46.08   134    2.5
 50878 130.72  47.00    78    0.3
 50879 130.55  46.22   187    2.2
 50880 131.12  46.73   102    9.7
 50884 131.15  46.63   175   19.9
 50892 134.00  46.80    54    4.5
 50913 118.83  45.72   865   0.01
 50924 119.67  45.53   823    0.3
 50928 120.33  45.07   628    0.1
 50934 121.58  45.38   311    0.7
 50937 121.48  45.06   282   0.01
 50939 122.82  45.33   150    3.6
 50940 123.17  45.85   141    0.9
 50946 124.83  45.18   139   25.2
 50954 125.08  45.50   127   19.0
 50956 126.77  46.08   134    4.3
 50958 126.93  45.53   168    1.6
 50960 127.38  45.73   184   33.4
 50962 128.03  45.95   112    4.0
 50964 128.80  45.83   119    0.8
 50965 128.27  45.43   167    3.3
 50971 131.02  45.77   223   17.3
 50985 131.87  45.55   151   30.1
 50987 131.09  45.26   219    7.2
 51058  87.97  47.10   563    0.1
 51353  86.10  45.02   346    0.2
 51357  85.62  44.33   522   0.01
 51368  87.32  44.12   515    0.4
 51369  87.65  43.97   600    0.1
 51377  87.92  44.17   547   0.01
 51378  89.17  44.02   734    1.5
 51465  87.10  43.48  1871    5.9
 51468  86.83  43.10  3539   21.1
 51482  90.28  43.83  1271    4.2
 51559  86.40  42.32  1100   0.01
 51568  86.80  42.25  1085    0.4
 51571  88.63  42.80     1   0.01
 51572  89.25  42.83   -48   0.01
 51627  79.23  41.22  1395    0.3
 51629  80.23  41.27  1132    0.8
 51636  82.65  41.55  1009    0.1
 51707  76.73  39.50  1208   0.01
 51717  76.78  39.25  1206   0.01
 51722  80.40  40.65  1044    0.6
 51814  77.40  37.92  1360   0.01
 51815  77.27  38.20  1274   0.01
 51826  80.80  37.02  1336   0.01
 51827  79.63  37.17  1348   0.01
 51829  80.17  37.08  1347   0.01
 51839  82.72  37.07  1409   0.01
 52853 100.98  36.90  3010    0.1
 53385 113.54  41.60  1420    0.3
 53397 113.98  41.10  1376    0.8
 53464 111.17  40.72  1042   0.01
 53466 111.70  40.75  1045    0.6
 53472 112.57  40.87  1451    0.8
 53475 112.47  40.52  1268   12.3
 53481 113.22  40.80  1316    0.9
 53484 113.15  40.45  1191    1.9
 53486 113.77  40.37  1050    6.7
 53488 113.58  40.03  1034    9.2
 53491 114.38  40.67   837   0.01
 53492 114.15  40.10   937    0.8
 53498 115.03  40.57   629   0.01
 53545 109.71  39.56  1367    0.9
 53547 109.03  39.10  1312    3.0
 53567 111.00  39.02  1024    0.8
 53575 112.20  39.10  1525    3.3
 53576 112.82  39.50  1045    0.8
 53577 112.30  39.00  1437    0.2
 53579 112.90  39.02   859   0.01
 53582 113.67  39.72  1079   0.01
 53584 113.17  39.57  1000    0.9
 53590 114.27  39.75   977   0.01
 53596 115.13  38.85    52   85.6
 53599 114.68  39.37   884    0.1
 53644 108.83  38.60  1307    0.8
 53660 111.08  39.02   894    0.8
 53662 111.58  38.72  1396    3.0
 53666 111.93  38.35  1212    0.5
 53678 112.65  38.07   897   0.01
 53680 114.38  38.30   108    0.2
 53681 113.37  38.83  1096    0.3
 53682 114.68  38.63   104    0.1
 53685 113.42  38.07   953   0.01
 53689 115.07  38.02    42    0.6
 53690 114.18  38.85   281    0.1
 53691 114.57  38.15    71    0.1
 53692 114.98  38.73    66   19.4
 53696 115.02  38.55    41    0.7
 53699 114.95  38.18    45    0.5
 53732 108.72  37.85  1209    2.1
 53783 113.70  37.60   876    1.7
 53789 114.63  37.88    52    1.2
 53875 112.35  36.52  1000   0.01
 53878 113.38  36.52   767    9.6
 53885 113.20  36.12  1122    0.6
 53886 113.67  36.57   470   0.01
 53888 113.43  36.20  1089   0.01
 53914 106.12  35.62  2078   25.7
 53953 110.85  35.97   965    1.2
 53964 111.22  35.62   430   0.01
 53981 113.27  35.78  1311   13.6
 54024 119.30  44.45   710    0.3
 54031 121.82  44.90   198    1.6
 54039 122.02  44.03   181    3.1
 54047 123.28  44.13   145   92.9
 54065 125.65  44.53   169    4.1
 54069 125.80  44.17   174   54.5
 54072 126.52  44.85   196    1.9
 54076 126.93  44.38   268    2.7
 54080 127.15  44.90   194    2.7
 54092 129.40  44.60   292    0.1
 54093 130.55  44.93   266    2.5
 54098 129.47  44.33   267    0.6
 54113 118.65  43.53   621    0.2
 54132 121.07  42.40   400   15.7
 54154 124.30  43.35   160   18.7
 54155 124.23  43.67   144    2.4
 54156 124.80  43.52   200   16.9
 54164 125.28  43.35   248   13.4
 54169 126.02  43.30   271   38.4
 54172 126.53  43.87   290   27.5
 54187 128.92  43.12   366    3.6
 54192 130.27  43.70   384    2.5
 54214 118.42  42.58   960    0.8
 54225 119.94  42.29   579    1.8
 54231 122.35  42.97   248    3.9
 54234 121.75  42.73   297    0.6
 54244 123.33  42.75   118    0.2
 54245 123.40  42.50    97   25.4
 54248 123.53  42.03    61    7.3
 54249 123.87  42.30    85   37.0
 54252 124.75  42.73   196   10.5
 54261 125.47  42.67   345    1.9
 54267 125.73  42.25   362    0.2
 54274 125.99  42.69   306   19.8
 54279 126.58  42.05   544    0.3
 54290 129.40  42.77   241   13.6
 54291 130.28  42.90    36    1.0
 54293 129.83  42.95   142    4.9
 54304 115.27  40.95  1239    0.5
 54313 118.70  41.93   733    1.0
 54316 118.75  41.52   679    0.2
 54318 117.73  41.32   561   0.01
 54319 118.67  41.00   502    4.7
 54320 119.30  41.60   544    7.7
 54321 119.63  41.87   661    5.1
 54323 120.78  41.82   253   28.0
 54325 120.35  41.18   183    2.4
 54327 119.35  41.23   417    0.3
 54328 119.72  41.08   296    5.5
 54330 121.33  41.13    45   0.01
 54331 121.75  41.60   113    9.9
 54332 122.72  41.52    12   14.3
 54336 122.42  41.42     8   10.6
 54338 121.95  41.28     3    5.1
 54340 123.32  41.67    35   13.4
 54345 123.07  41.20    30   30.7
 54347 123.17  41.23    24   13.3
 54348 123.33  41.42    36   21.7
 54362 125.73  41.67   380    1.8
 54371 126.43  41.93   520    0.1
 54398 116.62  40.13    28    0.4
 54399 116.28  39.98    45   29.7
 54404 115.83  40.88   867   26.4
 54408 115.22  40.38   529    1.0
 54410 116.13  40.60  1224    7.2
 54412 116.63  40.73   331    1.2
 54419 116.63  40.37    75    2.8
 54420 117.33  40.93   529    0.6
 54424 117.12  40.17    32   0.01
 54425 117.47  40.40   633    0.1
 54430 118.15  40.77   269    0.3
 54431 116.63  39.92    43    2.0
 54432 118.48  40.60   304   15.2
 54433 116.50  39.95    35    3.2
 54434 118.33  40.17   131    0.5
 54437 118.62  39.51    18   16.9
 54438 118.88  39.88    65   56.3
 54439 118.72  40.02    50    5.0
 54475 122.48  40.62    11    0.8
 54483 123.90  40.88   233   14.1
 54494 124.07  40.47    72   51.9
 54499 116.22  40.22    76   16.4
 54501 115.68  39.97   440    0.9
 54502 116.03  39.48    29    0.3
 54503 115.82  39.07    12   57.5
 54505 116.10  39.94    98    1.0
 54506 115.95  39.32    24    0.5
 54510 116.95  39.91    18   0.01
 54512 116.28  39.42    21    5.5
 54513 116.20  39.95    65   39.4
 54514 116.25  39.87    55    7.2
 54515 116.70  39.50    13    0.1
 54517 117.20  39.07     2   43.8
 54519 116.48  39.30    12    0.2
 54520 117.08  39.97    18   0.01
 54521 116.98  39.77    13   15.0
 54522 117.73  39.88    14    1.8
 54523 117.02  39.38     4    6.4
 54526 117.33  39.08     1   28.9
 54528 117.13  39.23     3   14.9
 54529 117.82  39.35     3   22.1
 54530 117.77  39.23     1  102.0
 54531 118.72  39.73    43   18.7
 54532 118.08  39.81    31    6.8
 54533 118.10  39.58     8   69.5
 54535 118.47  39.28     3    7.5
 54540 119.20  39.73    17   40.9
 54541 119.23  39.90    24   14.8
 54568 121.75  39.05    90   17.0
 54569 121.95  39.42    11   37.0
 54575 122.37  39.42    43   10.8
 54590 124.17  39.88     4   28.7
 54594 116.35  39.72    37    0.4
 54596 116.19  39.77    48    1.5
 54601 115.65  38.98    13    1.1
 54603 115.77  38.72    10   47.3
 54604 115.33  38.42    29    0.9
 54605 115.93  38.93     4   18.7
 54607 115.12  38.72    45   11.3
 54608 115.55  38.00    26    0.3
 54609 115.59  38.23    22    0.5
 54610 116.10  38.73     8   52.0
 54611 115.32  38.93    44   22.2
 54612 116.46  38.85     4   24.5
 54613 116.62  38.70     6   44.4
 54614 116.06  38.42    10    3.2
 54615 116.85  38.58     8   24.0
 54616 116.85  38.35     8    4.6
 54617 116.12  38.18    13   23.1
 54619 116.92  38.92     5   31.2
 54620 115.57  38.48    18    2.3
 54622 117.37  38.98     3   69.0
 54626 115.82  38.42    13    3.9
 54628 117.48  38.15     6    0.4
 54636 116.10  39.02    11    4.2
 54645 117.47  38.85     2   75.6
 54700 115.93  38.03    16    1.4
 54701 115.20  37.93    35    2.1
 54702 115.70  37.73    20   18.7
 54703 115.88  37.80    21   15.9
 54709 116.07  37.22    25    0.1
 54710 116.17  37.87    18    4.8
 54711 116.28  37.70    18    2.6
 54713 116.53  37.88    14    1.0
 54714 116.33  37.45    23   0.01
 54717 116.40  37.63    17    0.6
 54749 119.95  37.18    48    4.0
 54755 120.39  37.33   117   33.0
 54759 120.85  37.32   205    5.9
 54765 121.43  37.48    82   0.01
 54831 118.50  36.65   102    2.1
 54833 118.08  36.97    15    0.5
 54837 118.83  36.68    78   0.01
 54861 121.53  36.93    45   0.01
 54871 122.48  36.93     9   0.01
 54923 117.93  35.72   202   0.01
 54932 118.65  35.77   186   0.01
 54935 118.43  35.53   119   0.01
 56081 103.35  34.70  2810    0.1
 56097 104.25  33.27  1440   0.01
 56109  93.78  31.48  3940    9.0
 56164 100.98  32.27  3284   0.01
 56171 101.70  32.90  3275    0.4
 56183 103.62  31.50  1370    1.8
 56184 103.17  31.43  1896    0.2
 56185 102.98  32.08  2400   0.01
 56186 104.20  31.33   589   0.01
 56190 104.55  31.55   519   0.01
 56195 104.73  31.80   543    4.2
 56228  96.92  30.05  3260    1.9
 56263 101.88  30.88  1949    1.5
 56267 101.02  30.03  2600    0.1
 56317  94.22  29.22  2950    4.4
 56378 102.35  29.23   890   0.01
 56441  99.28  28.72  2422   0.01
 56443  99.80  28.93  2842    0.3
 56474 102.17  28.55  1774    1.0
 56489 103.63  28.23   877   0.01
 56497 104.23  28.10   448   0.01
 56567 100.85  27.30  2240    1.0
 56569 102.18  27.42  1380   0.01
 56575 102.55  27.37  1428    0.1
 56578 102.75  27.07   993    1.2
 56580 102.80  27.72  2460    0.3
 56584 103.25  27.70  1093   0.01
 56594 104.05  27.63   880    3.9
 56595 104.87  27.42  1645    3.9
 56596 105.05  27.85  1177    0.9
 56598 104.73  27.13  1535   11.2
 56641  98.87  26.90  1189    2.7
 56645  99.42  26.42  2344    1.2
 56646  99.92  26.53  2191   20.0
 56649  99.96  26.11  2059    3.6
 56652 100.75  26.68  2130    2.3
 56654 100.18  26.58  2195   13.4
 56665 101.85  26.68  1140    0.2
 56669 101.67  26.05  1531    6.3
 56670 102.12  26.92  1136    0.5
 56673 102.92  26.92   893    5.1
 56674 101.73  26.50  1108    0.2
 56675 102.58  26.65  1694    5.0
 56688 103.17  26.10  1254    0.7
 56697 104.08  26.22  1984    8.7
 56742  99.37  25.90  1658    1.1
 56745  99.95  25.68  1626   13.3
 56746  99.52  25.47  1616    0.3
 56752 100.57  25.83  1438    8.2
 56755 100.48  25.35  1668    0.3
 56756 100.58  25.48  1992    1.8
 56757 100.28  25.27  1742    2.1
 56761 101.32  25.72  1878   15.3
 56764 101.23  25.53  1873    2.7
 56766 101.52  25.31  1822    1.5
 56767 101.28  25.18  1857    0.4
 56772 102.50  25.23  1692   20.5
 56774 102.42  25.53  1710   21.4
 56775 102.45  25.55  1750   21.2
 56777 102.07  25.15  1566   10.4
 56781 103.27  25.55  1873   28.5
 56782 103.55  25.42  2067   40.6
 56783 103.80  25.50  1906   39.0
 56785 103.08  25.36  1915    2.6
 56788 103.62  24.98  1857   20.2
 56790 104.25  25.68  1925   74.9
 56835  97.82  24.07   959    0.6
 56836  97.95  24.70   826    8.7
 56839  98.82  23.77   995    5.6
 56840  98.30  24.82  1012    3.1
 56841  98.68  24.60  1528    7.7
 56842  99.18  24.73  1471   0.01
 56843  99.62  24.83  1650   0.01
 56844  98.58  24.43   913    0.1
 56849  99.23  24.03  1606    3.6
 56851 100.53  25.04  1377    2.4
 56854 100.13  24.45  1108    7.1
 56862 101.60  24.68  1968   0.01
 56863 102.48  24.93  1848    7.7
 56867 101.12  23.98  1105    5.1
 56869 101.97  24.07  1497   0.01
 56870 102.18  24.66  1600    2.4
 56871 102.60  24.65  1893   18.1
 56872 102.62  24.95  2358   30.0
 56873 102.92  24.68  1796   42.6
 56876 102.77  24.28  1731    1.9
 56878 102.75  24.13  1801    0.8
 56879 102.91  24.19  1702    4.9
 56880 103.17  24.92  1532   48.0
 56881 103.27  24.75  1695   33.0
 56882 102.83  24.91  1976   26.9
 56883 103.98  24.82  1900   19.7
 56885 103.45  24.40  1415   24.1
 56889 104.17  24.05  1518    1.3
 56891 104.32  24.98  1482   16.8
 56898 102.41  24.18  1600    0.3
 56944  99.27  23.15  1278    8.5
 56949  99.60  22.32   945    1.6
 56950  99.80  23.47  1044   13.3
 56958 100.42  21.92  1176   13.5
 56961 101.05  23.03  1336    3.7
 56962 101.67  23.42  1314    5.3
 56970 102.48  23.70  1419    3.3
 56973 102.83  23.62  1309   34.4
 56975 102.43  23.37   974    0.9
 56976 102.83  23.23   232    6.1
 56978 102.42  23.00  1642   12.6
 56982 103.29  23.70  1117    9.1
 56984 103.15  23.38  1720    8.8
 56987 103.23  22.78  1260    2.9
 56989 103.95  22.50   137   0.01
 56992 104.70  23.45  1507    0.9
 56995 104.42  23.03  1332    0.2
 57011 106.15  34.75  1378   13.0
 57012 106.20  34.98  1664   0.01
 57056 110.86  34.54   484    1.6
 57057 110.15  34.10   963   0.01
 57060 111.23  35.17   402   13.4
 57140 109.12  33.67   818    0.5
 57153 110.33  33.68   581   59.3
 57155 109.87  33.55   660   17.2
 57208 105.52  32.28   544    0.3
 57242 109.37  32.85   285   0.01
 57247 108.90  32.32   438    2.9
 57248 109.33  32.40   431   11.0
 57249 109.68  32.32   448    0.3
 57254 110.12  32.82   322   11.5
 57257 110.23  32.23   307   74.8
 57299 114.90  32.02    49   0.01
 57339 108.68  30.95   297    4.5
 57349 109.87  31.07   275    1.1
 57361 111.27  31.88   327   0.01
 57385 113.82  31.62    93    0.2
 57386 114.00  31.25    51   16.7
 57387 113.13  31.00    84    4.4
 57388 113.71  31.27    53   19.5
 57389 113.75  31.03    32   14.6
 57390 114.07  31.80   733    1.1
 57396 114.85  31.63   128    0.1
 57398 114.62  31.28    74    0.3
 57460 111.78  30.82    91   0.01
 57465 111.45  30.38    74   0.01
 57466 111.75  30.43    50    2.0
 57469 111.77  30.18    69   12.2
 57475 112.90  30.40    31    8.7
 57477 112.22  30.07    38    7.9
 57481 113.57  30.95    30   20.7
 57485 113.47  30.28    23   35.0
 57486 113.85  30.65    25    5.2
 57489 114.00  30.58    38    2.1
 57491 114.40  30.87    31    0.1
 57492 114.84  30.84    40    0.4
 57495 114.88  30.67    28    6.0
 57496 114.87  30.37    31   19.3
 57498 114.90  30.43    21   10.2
 57499 114.88  30.07    40   55.9
 57509 106.93  28.95   325   12.0
 57540 109.15  29.68   776   0.01
 57544 109.45  29.47   488    5.8
 57558 110.47  29.13   183   99.8
 57564 111.13  29.43   103   99.4
 57565 111.73  29.67    38   26.5
 57566 111.65  29.45    51   38.4
 57571 112.40  29.70    35    8.4
 57575 112.55  29.52    31   27.6
 57577 112.17  29.40    36   51.1
 57582 113.88  29.72    46    7.3
 57585 113.45  29.48    60    3.4
 57586 114.03  29.53    78   54.5
 57589 113.87  29.27   146   20.3
 57590 114.37  29.85    98   31.4
 57596 114.20  29.63   751   60.2
 57600 105.06  28.71   420    0.1
 57605 105.82  28.03   537   11.4
 57634 107.88  28.52   660    3.6
 57635 108.98  28.45   363   54.2
 57636 108.50  28.57   334   14.0
 57637 108.10  28.25   629   27.3
 57640 109.45  28.58   341   70.7
 57643 109.83  29.00   268   55.2
 57646 109.95  28.62   302  110.5
 57657 110.20  28.22   186   54.8
 57658 110.20  28.02   152   16.1
 57661 111.48  28.92    48   31.5
 57663 111.95  28.92    31   46.0
 57666 112.13  28.52    52   29.9
 57674 112.38  28.57    46   14.0
 57678 112.55  28.25    74    1.9
 57680 113.07  28.80    46   22.2
 57688 113.63  28.16   101    6.0
 57694 114.38  28.53   259   15.0
 57698 114.45  28.12    98   48.5
 57699 114.92  28.23    66   16.4
 57708 105.60  27.15  1700   22.2
 57713 106.88  27.70   843    6.3
 57714 106.23  27.47   942    7.3
 57717 106.83  27.53   974   13.3
 57719 106.97  27.07  1275   38.1
 57720 107.17  27.88   889    3.2
 57723 107.72  27.98   710   18.6
 57728 107.47  27.07  1096   84.5
 57732 108.40  28.02   456   60.8
 57734 108.23  27.57   467   68.9
 57735 108.82  27.18   404   27.4
 57736 108.85  27.70   369   49.3
 57737 108.12  27.03   547   51.6
 57738 108.42  27.05   516   43.6
 57739 108.92  27.23   394   20.2
 57740 109.60  27.95   349   39.7
 57742 109.20  27.52   884   20.4
 57743 109.80  27.88   176   13.5
 57744 109.17  27.37   355   16.3
 57754 110.15  27.35   170    8.4
 57760 111.43  27.70   249    7.0
 57762 111.70  27.69   165    1.3
 57763 112.00  27.68   205    4.0
 57767 111.01  27.13   308    0.7
 57768 111.45  27.32   242   22.3
 57769 111.73  27.23   252   0.01
 57771 112.53  27.93    88    0.1
 57773 112.83  27.88    63    1.2
 57777 112.87  27.23    63   11.2
 57778 112.95  27.09    70   0.01
 57781 113.50  27.65    74    8.0
 57783 113.82  27.88   118    6.8
 57792 114.68  27.82    93   18.2
 57794 114.02  27.63   177   13.2
 57796 114.88  27.83   189    1.5
 57798 114.60  27.40    85    1.4
 57800 105.37  26.77  1457   27.3
 57807 105.47  26.21  1361   53.4
 57808 105.75  26.32  1274   36.0
 57809 105.75  26.07  1251   52.4
 57811 106.60  26.83  1296   27.4
 57813 106.47  26.57  1261  158.8
 57814 106.27  26.42  1298   95.9
 57818 106.45  26.03  1140   71.4
 57821 107.50  26.70   925   86.5
 57822 107.90  26.90   835   57.2
 57824 107.23  26.58  1001  120.2
 57828 107.58  26.50   983  163.1
 57829 107.80  26.20   963   64.1
 57834 108.30  26.68   641   42.1
 57835 108.43  26.72   527   37.2
 57837 108.07  26.40   839   32.5
 57842 109.72  26.88   281    4.9
 57844 109.18  26.68   343    4.5
 57846 110.15  26.58   310    2.8
 57859 110.63  26.03   408   0.01
 57883 114.28  26.75   253    2.4
 57886 113.80  26.48   268    5.6
 57891 114.25  26.93   153    1.2
 57900 105.22  25.83  1552   44.9
 57903 105.60  25.94  1142   66.0
 57905 105.63  25.40  1063   44.0
 57908 105.48  25.12  1394  184.5
 57909 105.82  24.98   584  102.7
 57911 106.65  26.67  1323  119.3
 57913 106.98  26.45  1093  191.9
 57914 106.67  26.42  1149  155.3
 57915 106.77  26.63  1104  144.0
 57921 107.32  25.83   708   25.7
 57923 107.87  25.98   419    4.0
 57927 107.18  24.97   287    7.8
 57936 108.91  25.76   258    0.7
 57941 109.60  25.78   197    3.9
 57942 110.00  25.80   268    5.1
 57948 109.25  25.08   122   30.1
 57954 110.18  25.23   157   0.01
 57956 110.32  25.42   167   13.6
 57958 110.32  25.08   151    6.3
 57969 111.34  25.27   227   20.1
 57971 112.20  25.92   224    2.9
 58030 118.02  34.88    44   0.01
 58112 116.45  30.73   968   35.7
 58223 117.98  32.80    31   0.01
 58230 118.28  32.12    26    0.2
 58234 118.42  32.47    40    0.5
 58240 119.02  32.68    21    0.2
 58301 115.38  31.82    92    0.1
 58316 116.92  31.47    23    0.4
 58317 116.37  30.87   434   10.1
 58323 117.47  31.88    25   0.01
 58327 117.28  31.27    45    2.6
 58329 117.87  31.33     9    2.5
 58331 118.37  31.73    22   0.01
 58334 118.37  31.38     9    1.8
 58335 118.52  31.57    23    1.2
 58337 118.18  31.08    26    7.7
 58361 121.37  31.10     5   0.01
 58365 121.25  31.37     4    2.8
 58366 121.49  31.67     4    1.0
 58367 121.43  31.20     4   0.01
 58370 121.53  31.23     4   0.01
 58401 115.40  30.75   123    4.6
 58404 115.22  30.47    61   30.4
 58408 115.43  30.23    35   47.4
 58409 115.93  30.10    32   44.1
 58415 116.55  30.67    64   30.9
 58416 116.82  30.75    35   18.5
 58417 116.13  30.17    54   32.9
 58418 116.67  30.13    60   76.1
 58420 117.23  30.72    58   23.0
 58421 117.87  30.63    31   34.3
 58423 117.78  30.48   647   82.3
 58426 118.13  30.30   193   41.8
 58427 117.50  30.65    15   21.4
 58428 117.50  30.22   118   64.9
 58431 118.32  30.90    39   22.1
 58432 118.40  30.68    57   60.1
 58433 118.75  30.93    31   11.8
 58435 118.53  30.30   220   20.2
 58438 118.58  30.08   191   16.2
 58441 119.42  30.87    43    8.2
 58442 119.18  31.17    16    7.5
 58443 119.89  31.02    25    2.2
 58446 119.70  30.63    72   11.1
 58449 119.95  30.05    46    0.5
 58453 120.50  30.07     7    1.0
 58454 119.98  30.53   102   16.5
 58455 120.65  30.52     8    0.1
 58456 120.52  30.63     6   0.01
 58458 120.90  30.54     4    0.1
 58459 120.29  30.19    44   0.01
 58461 121.12  31.13     4    0.3
 58462 121.23  31.03     4    0.3
 58468 121.17  30.05     5    0.1
 58501 115.63  29.92    23   46.1
 58502 116.00  29.73    36   58.6
 58503 115.67  29.70    41   59.3
 58505 115.90  29.62    63   19.3
 58507 115.12  29.25   116   39.0
 58508 115.77  29.33    41    7.6
 58509 115.82  29.05    36    3.5
 58510 116.23  29.73    40   53.5
 58512 116.55  29.90    71   48.1
 58514 116.05  29.45    37   16.5
 58517 116.20  29.27    35    3.6
 58523 117.93  29.93   227   37.1
 58524 117.22  29.37    87    0.6
 58529 117.85  29.27    80   0.01
 58530 118.43  29.87   168    3.4
 58534 118.18  29.78   170    4.8
 58542 119.68  29.82    46    1.6
 58544 119.27  29.48    88   29.5
 58546 119.88  29.47   115    3.0
 58555 120.88  29.52   113   0.01
 58561 121.60  29.98     4    3.5
 58565 121.39  29.69    41    5.6
 58566 121.88  29.47     6    0.1
 58601 115.38  28.70    53    2.0
 58602 115.55  28.85    40    2.8
 58605 115.38  28.42    46    6.8
 58607 115.95  28.55    31    0.7
 58609 115.82  28.22    27    6.4
 58612 116.68  28.70    21    4.6
 58614 116.27  28.38    34   13.7
 58615 117.08  28.68    56    1.1
 58618 116.60  28.27    83   13.0
 58619 116.37  28.00    49    5.3
 58620 117.10  29.02    51    0.9
 58624 117.43  28.40    70    2.9
 58625 117.60  28.42    79   0.01
 58627 117.03  28.25    55    0.6
 58629 117.71  28.29   100    3.7
 58657 120.28  28.15    57    0.2
 58693 115.83  28.70    40    0.5
 58701 115.40  27.77    46    2.4
 58704 115.35  27.62    52    2.5
 58710 116.05  27.77    78   0.01
 58714 116.23  27.55   120    0.7
 58719 116.93  27.30   131    1.1
 58745 119.08  27.62   400    4.8
 58749 119.88  27.23   684   0.01
 58751 120.57  27.67   254    0.3
 58824 117.15  26.40   357    1.6
 59001 105.33  24.78   672   77.3
 59004 105.10  24.50   725   80.8
 59012 106.55  24.78   972    8.9
 59015 106.57  24.35   437   29.7
 59022 107.55  24.98   697   0.01
 59025 107.38  24.53   248    0.1
 59031 108.26  24.81   342    2.9
 59033 108.90  24.78   328    1.1
 59038 108.65  24.07   138   0.01
 59041 109.25  24.65   108    4.7
 59044 109.38  24.47    97   32.3
 59047 109.33  24.25   100    0.3
 59055 110.40  24.50   165    3.2
 59057 110.18  24.13   830    4.7
 59061 111.27  24.82   193    2.0
 59064 111.32  24.55   136    5.3
 59215 106.63  23.33   680    4.4
 59224 107.12  23.60   111    0.1
 59227 107.14  23.11   454   14.3
 59230 108.17  23.72   168    2.8
 59235 108.62  23.43   115    0.7
 59237 108.28  23.17   111   0.01
 59238 108.80  23.22   122    0.1
 59255 110.38  23.55    32    1.6
