diamond  3 2014年07月21日08点24小时降雨量                    
  14  07  21  08    -2 3 10 25 50 1 0
 39 122.7  37.3 122.5  36.7 120.8  36.2 119.3  35.0 120.4  34.3
 121.1  32.7 122.3  30.9 122.5  30.1 121.5  28.0 119.8  25.0
 116.1  22.6 111.0  21.0 111.0  18.6 109.6  18.1 108.3  18.5
 108.9  19.9 109.3  21.0 106.4  21.6 104.1  22.2 101.6  20.8
  98.7  22.0  97.1  24.1  97.7  27.0  91.7  26.6  85.7  27.7
  78.9  30.6  73.3  37.1  74.1  40.7  87.6  49.8  98.5  43.9
 110.4  44.3 122.0  54.7 135.7  48.3 131.5  42.2 125.2  39.4
 121.3  38.5 121.2  40.3 118.5  38.6 120.8  38.1
1                    656
  50431 121.52  50.78  718   20.4
  50445 123.73  50.58  424   24.3
  50524 119.43  49.32  578   18.8
  50525 119.75  49.15  621   13.7
  50526 120.70  49.28  670   21.3
  50566 128.47  49.55  117   47.5
  50645 124.48  48.48  196   20.0
  50646 124.85  48.48  204   66.8
  50647 123.48  48.13  237    6.7
  50655 126.18  48.50  267   75.1
  50659 126.25  48.03  293   44.2
  50673 130.40  48.88   92   20.2
  50674 129.43  48.57  404   34.6
  50741 123.50  47.93  186    7.1
  50749 124.83  47.18  159   29.2
  50750 125.30  47.90  228   34.1
  50755 126.10  47.60  232   82.1
  50767 127.10  47.23  204   19.7
  50772 129.23  48.10  299   42.4
  50775 130.27  47.33  229   44.8
  50776 130.83  47.57   84   32.2
  50778 132.53  47.67   59   25.4
  50779 134.28  48.37   41   17.9
  50787 131.85  47.28   63    5.1
  50832 122.08  46.72  334   25.3
  50833 122.90  46.72  189   14.5
  50842 124.42  46.83  145   14.1
  50850 125.13  46.57  148   10.8
  50851 126.08  46.68  209   12.1
  50852 126.45  46.83  170   38.2
  50858 125.93  46.07  136    0.3
  50859 126.27  46.25  160    4.6
  50861 127.48  46.88  186   23.8
  50867 127.35  46.08  134   13.8
  50878 130.72  47.00   80    2.8
  50879 130.55  46.22  187    0.1
  50880 131.12  46.73  104    0.4
  50892 134.00  46.80   57    6.8
  50913 118.83  45.72  866    7.4
  50924 119.67  45.53  824    2.4
  50928 120.33  45.07  629    3.7
  50934 121.58  45.38  309    3.6
  50937 121.47  45.05  250    2.4
  50939 122.82  45.33  154    3.1
  50940 123.17  45.85  142    5.6
  50946 124.83  45.18  140    0.1
  50954 125.08  45.50  129    1.4
  50956 126.57  45.93  117    2.0
  50958 126.95  45.52  175   11.8
  50960 127.45  45.78  192    5.9
  50962 128.03  45.95  113   18.5
  50964 128.80  45.83  123    4.4
  50965 128.30  45.45  157    3.0
  50971 131.02  45.77  226    1.7
  50987 131.13  45.25  181    0.2
  51707  76.73  39.50 1209   0.01
  51722  80.40  40.65 1046    0.1
  52515  94.87  39.52 2138    0.1
  52557 100.17  39.15 1458    4.0
  52575 102.78  39.42 1240    2.2
  52643  99.62  38.83 2311    5.7
  52656 100.82  38.43 2282    3.3
  52745  99.02  37.30 3417   37.2
  52784 102.90  37.47 2073    2.4
  52842  99.08  36.78 3088   23.7
  52853 100.98  36.90 3011    8.0
  52855 101.25  36.68 2676   0.01
  52862 101.68  36.95 2451    0.5
  52869 101.58  36.50 2665    0.7
  52875 102.10  36.50 2129   0.01
  52881 103.18  36.98 2485   0.01
  52957 100.60  35.25 3149    1.2
  52968 101.47  35.03 3663    0.2
  52981 103.38  35.67 2429    3.4
  52982 103.55  35.48 1954   11.6
  52985 103.33  35.42 2164   12.8
  52988 103.72  35.37 2000    5.1
  52993 104.07  35.68 1740    3.7
  52995 104.62  35.58 1898    0.1
  53272 112.63  42.75 1106   0.01
  53289 113.83  42.23 1322    0.4
  53343 109.97  41.77 1612    1.6
  53348 109.13  41.02 1080    5.1
  53357 110.05  42.03 1361    0.1
  53367 111.23  41.32 1604    3.2
  53368 111.47  41.08 1640    2.1
  53378 112.62  41.28 1737    5.3
  53385 113.55  41.57 1387    0.7
  53392 114.60  41.85 1424   12.8
  53397 113.98  41.10 1377    5.6
  53420 107.12  40.85 1024   0.01
  53433 108.65  40.73 1022    2.0
  53455 110.53  40.55 1000   12.4
  53457 110.03  40.40 1012    3.0
  53464 111.17  40.72 1047    2.0
  53466 111.70  40.75 1046    2.5
  53467 111.18  40.27 1017   14.0
  53469 111.82  40.40 1164   18.0
  53472 112.57  40.87 1453    6.7
  53475 112.47  40.52 1272    7.5
  53481 113.22  40.80 1317   14.0
  53483 113.83  40.87 1269    8.5
  53484 113.15  40.45 1192   27.1
  53486 113.77  40.37 1050   10.0
  53488 113.58  40.03 1035    0.5
  53491 114.38  40.67  837   24.9
  53492 114.15  40.10  939    3.8
  53498 115.03  40.57  630   15.7
  53499 114.73  40.77  755   17.9
  53533 108.73  39.85 1390    0.6
  53545 109.73  39.57 1330    9.2
  53547 109.03  39.10 1312    1.8
  53553 111.22  39.87 1222    0.2
  53562 111.67  39.92 1192    9.8
  53565 111.50  39.43 1050   17.6
  53567 111.08  39.03  980    4.0
  53573 112.70  40.00 1337    0.5
  53574 112.27  39.52 1408    7.3
  53575 112.20  39.10 1526   14.7
  53576 112.82  39.50 1046    7.6
  53577 112.30  39.00 1441   22.2
  53579 112.90  39.02  861    6.5
  53580 113.10  39.82 1045   12.9
  53582 113.68  39.72 1094    9.2
  53584 113.17  39.57 1001    3.9
  53585 113.27  39.17  934    1.8
  53590 114.27  39.75  979    7.6
  53599 114.68  39.37  885   0.01
  53644 108.83  38.60 1309    7.6
  53658 110.48  38.03  895   0.01
  53659 111.00  37.97 1164    2.9
  53660 111.08  39.02  893   11.4
  53662 111.58  38.72 1393   24.9
  53665 111.65  38.28 1183    0.5
  53666 111.93  38.35 1213    2.4
  53669 111.80  38.08 1151    1.1
  53681 113.37  38.83 1097    2.1
  53727 107.12  37.17 1713    1.7
  53730 107.48  38.18 1335    0.4
  53748 109.70  37.18 1064    0.6
  53750 110.18  37.77  931    5.6
  53753 110.88  37.43  861    0.2
  53756 110.72  37.52  744    0.6
  53757 110.12  37.12  938    8.0
  53760 111.23  37.88 1212   30.9
  53763 112.17  37.92 1008    4.6
  53767 111.17  37.33 1212    2.0
  53841 109.32  36.88 1069    0.7
  53848 109.35  36.27 1005    0.4
  53850 110.18  36.88  801    5.8
  53857 110.18  36.07  840   14.0
  53864 111.10  36.40 1030   13.3
  53906 105.72  35.52 1659    0.6
  53914 106.12  35.62 2079    1.3
  53916 106.32  35.50 1949    2.2
  53917 106.07  35.22 1633    0.1
  53925 107.18  35.68 1174   0.01
  53927 106.62  35.20 1478   0.01
  53931 109.37  36.00  983   14.9
  53934 108.02  35.82 1299    3.2
  53935 108.35  35.48 1443   11.8
  53937 107.92  35.52  980    2.4
  53944 109.25  35.57  857   10.9
  54024 119.30  44.45  710    6.4
  54031 121.82  44.90  201    1.9
  54039 122.02  44.03  182    2.3
  54065 125.65  44.53  173    2.2
  54069 125.80  44.17  175    0.2
  54072 126.52  44.85  203    0.9
  54076 126.93  44.42  254   0.01
  54092 129.40  44.60  294    4.1
  54093 130.55  44.93  266    0.6
  54098 129.47  44.33  272    0.8
  54113 118.65  43.53  623    1.1
  54122 120.05  43.88  375    0.5
  54132 121.07  42.40  400   10.3
  54154 124.30  43.35  163    0.6
  54155 124.23  43.67  145    0.6
  54204 115.00  42.30 1347    2.3
  54205 116.00  42.23 1316    4.3
  54214 118.42  42.58  961    1.5
  54223 120.65  42.85  364    3.1
  54225 119.92  42.28  589   19.0
  54231 122.35  42.97  249   0.01
  54234 121.75  42.73  300    0.8
  54244 123.33  42.75  120    2.4
  54245 123.40  42.50   99    1.1
  54248 123.53  42.03   67    0.9
  54301 115.67  41.67 1414   10.8
  54304 115.28  40.97 1249   34.7
  54305 115.27  41.88 1468    7.2
  54313 118.70  41.93  734   26.6
  54316 118.75  41.52  680    8.8
  54318 117.73  41.32  562   15.9
  54319 118.67  41.00  509   14.1
  54320 119.30  41.60  546   28.3
  54321 119.63  41.87  661   12.4
  54323 120.78  41.82  253    0.6
  54325 120.35  41.18  183    0.1
  54327 119.35  41.23  421    7.7
  54328 119.72  41.08  300    0.3
  54331 121.77  41.58   83    0.1
  54332 122.72  41.52   13   0.01
  54340 123.32  41.67   47   0.01
  54398 116.62  40.13   29   0.01
  54399 116.28  39.98   46    0.1
  54404 115.83  40.88  868   19.4
  54408 115.22  40.38  531   14.9
  54410 116.13  40.60 1216    8.6
  54412 116.63  40.73  334    2.4
  54419 116.63  40.37   75    1.8
  54420 117.33  40.93  530   18.5
  54421 117.12  40.65  286   22.0
  54424 117.12  40.17   33   0.01
  54425 117.48  40.42  584    5.8
  54428 117.40  40.03   19   0.01
  54430 118.15  40.77  268   20.0
  54431 116.63  39.92   40   0.01
  54432 118.48  40.60  305   36.9
  54433 116.50  39.95   36   0.01
  54434 118.30  40.17  103    4.5
  54439 118.72  40.02   51    0.1
  54499 116.22  40.22   75    2.2
  54501 115.68  39.97  441    0.7
  54505 116.12  39.92   94   0.01
  54513 116.20  39.95   67   0.01
  54514 116.25  39.87   56   0.01
  54522 117.73  39.88   19    5.3
  54532 118.10  39.80   35    0.1
  54541 119.23  39.90   23    2.7
  54594 116.35  39.72   38   0.01
  54597 115.73  39.73  409    0.1
  54831 118.50  36.65  102    0.1
  54833 118.08  36.97   19    0.1
  54844 119.18  36.42   67   62.8
  54906 115.42  35.25   51    0.2
  54907 116.65  34.98   38    7.6
  54915 116.60  35.43   34    2.2
  54925 117.63  35.52  170    8.6
  54932 118.65  35.77  184   0.01
  56016  95.62  33.85 4181    3.2
  56071 102.50  34.58 3107   0.01
  56095 104.38  34.03 1754    0.3
  56158 100.67  31.40 3250   0.01
  56168 102.07  31.48 2170   0.01
  56181 103.70  30.68  543    0.2
  56185 102.98  32.08 2400   0.01
  56186 104.20  31.33  589   15.4
  56189 103.93  30.98  584    3.1
  56190 104.55  31.55  518   15.8
  56193 104.52  32.42  894    1.1
  56194 104.45  31.82  679   29.9
  56195 104.73  31.78  531   24.6
  56197 104.18  31.13  537    1.3
  56198 104.50  31.32  523    6.0
  56199 104.68  31.03  424    2.0
  56267 101.02  30.03 2598    6.7
  56272 103.88  30.82  560    5.0
  56273 102.82  30.38 1011    1.8
  56276 103.82  30.45  468    0.1
  56278 102.77  30.07  756    2.4
  56279 102.93  30.15  683   25.2
  56280 103.12  30.08  692    5.2
  56281 103.50  30.18  512    8.6
  56284 103.48  30.42  502   17.5
  56285 103.52  30.60  525    3.6
  56286 104.25  30.55  514    0.9
  56288 103.92  30.58  495    1.5
  56289 103.87  30.20  439    0.6
  56290 104.18  30.78  515    1.1
  56291 104.28  30.97  474   21.4
  56296 104.43  30.85  449   26.7
  56297 104.15  30.02  431    4.2
  56298 104.60  30.13  415   0.01
  56371 102.23  29.92 1322   33.9
  56373 102.85  29.78  763    6.5
  56376 102.68  29.35 1098   0.01
  56378 102.35  29.23  891    7.9
  56380 103.37  29.92  466   14.4
  56381 103.52  30.02  497   19.4
  56382 103.60  29.73  408    0.2
  56383 103.87  29.83  454   12.0
  56384 103.48  29.60  446    2.0
  56387 103.27  29.23  639    9.0
  56389 103.95  29.20  386    8.5
  56390 104.07  29.67  403    2.5
  56391 103.82  30.08  416    1.3
  56441  99.28  28.72 2424    0.9
  56443  99.80  28.93 2842    0.1
  56473 102.77  28.95 1061    0.3
  56474 102.17  28.55 1775    3.2
  56478 102.43  28.30 1819    7.0
  56480 103.53  28.82  564   28.5
  56483 103.95  28.60  412   0.01
  56487 103.13  28.33 1945    2.2
  56489 103.63  28.23  876    0.2
  56490 103.90  28.95  396    1.4
  56497 104.23  28.10  433    0.7
  56498 104.50  28.17  442   10.8
  56499 104.78  28.38  368    7.2
  56567 100.85  27.30 2242   15.0
  56569 102.18  27.42 1381    1.8
  56575 102.55  27.37 1429    2.6
  56578 102.75  27.07 1093    2.7
  56580 102.80  27.72 2461    2.9
  56582 103.90  27.75 1177   15.5
  56584 103.25  27.70 1093    0.7
  56585 103.53  27.18 1916    6.8
  56592 104.52  28.43  360    2.3
  56593 104.92  28.58  281    0.5
  56594 104.05  27.63  884    4.1
  56595 104.87  27.42 1644   13.8
  56596 105.05  27.85 1176   0.01
  56598 104.73  27.13 1538    6.1
  56641  98.87  26.90 1191    1.2
  56645  99.42  26.42 2345   10.5
  56646  99.92  26.53 2193    6.5
  56649  99.97  26.10 2059   17.4
  56652 100.75  26.68 2131    1.6
  56654 100.18  26.58 2196   26.1
  56665 101.85  26.68 1140   0.01
  56669 101.67  26.05 1531    7.6
  56670 102.12  26.90 1105    0.2
  56673 102.92  26.92  894    0.8
  56675 102.58  26.65 1695   0.01
  56688 103.17  26.10 1253   11.1
  56697 104.08  26.22 1987   10.6
  56742  99.37  25.90 1663   13.2
  56745  99.95  25.68 1627    6.0
  56746  99.52  25.47 1618   19.4
  56752 100.57  25.83 1440    4.3
  56755 100.48  25.35 1670   42.5
  56756 100.58  25.48 1993   20.4
  56757 100.28  25.27 1744   11.8
  56761 101.32  25.72 1873    6.8
  56764 101.23  25.53 1875    5.3
  56766 101.52  25.33 1769   37.4
  56767 101.28  25.18 1858   26.1
  56772 102.50  25.23 1694    4.5
  56774 102.42  25.53 1712    9.3
  56775 102.45  25.55 1752   10.1
  56777 102.07  25.15 1566    3.1
  56781 103.27  25.55 1874    7.8
  56782 103.55  25.42 2064    7.9
  56783 103.80  25.50 1906   14.8
  56785 103.03  25.33 1925   14.8
  56788 103.67  25.03 1842   10.3
  56790 104.25  25.68 1920   40.1
  56835  97.82  24.07  958   66.1
  56836  97.95  24.70  828    6.8
  56839  98.82  23.77  994   41.8
  56840  98.30  24.82 1013    2.1
  56841  98.68  24.60 1527   11.4
  56842  99.18  24.73 1473   10.3
  56843  99.62  24.83 1650    6.0
  56844  98.58  24.43  915   69.2
  56846  99.93  24.58 1569    5.3
  56849  99.23  24.03 1607   84.5
  56851 100.52  25.03 1378    3.5
  56854 100.13  24.45 1108    4.7
  56862 101.60  24.68 1966   12.1
  56863 102.48  24.93 1850   14.6
  56867 101.12  23.98 1107   11.7
  56869 101.97  24.07 1498   36.4
  56870 102.17  24.67 1576   20.0
  56871 102.60  24.65 1894   32.6
  56872 102.62  24.95 2360   34.4
  56873 102.90  24.67 1752   25.9
  56876 102.77  24.28 1732   24.9
  56878 102.75  24.13 1802   30.9
  56879 102.92  24.20 1610   37.9
  56880 103.17  24.92 1532   24.9
  56881 103.27  24.75 1694   30.4
  56882 102.80  24.88 1909   18.5
  56883 103.98  24.83 1846   31.7
  56885 103.45  24.40 1416   21.1
  56889 104.17  24.05 1518   35.8
  56891 104.32  24.98 1482   29.0
  56898 102.40  24.18 1542   24.1
  56944  99.27  23.15 1280   51.2
  56948  99.60  22.63 1156   74.2
  56949  99.60  22.32  946   52.6
  56950  99.80  23.47 1044   50.1
  56952 100.70  23.50  914   46.6
  56958 100.42  21.92 1177   28.7
  56961 101.05  23.03 1321  160.6
  56962 101.67  23.42 1315   63.8
  56970 102.48  23.70 1419   25.7
  56973 102.83  23.62 1310   35.5
  56975 102.43  23.37  975   53.8
  56976 102.83  23.23  229   52.1
  56978 102.42  23.00 1640  130.5
  56982 103.25  23.70 1055   33.6
  56984 103.15  23.38 1717   84.7
  56987 103.23  22.78 1261   71.2
  56989 103.95  22.50  138   53.6
  56992 104.70  23.45 1508   75.3
  56994 104.25  23.38 1277  104.2
  56995 104.42  23.03 1335  105.9
  56996 104.70  23.13 1094   93.0
  57002 105.65  34.85 1217   0.01
  57008 105.30  34.03 1578   0.01
  57011 106.15  34.75 1379   0.01
  57012 106.20  34.98 1665    0.1
  57022 107.78  34.68 1026   34.1
  57024 107.65  34.45  671    2.7
  57039 108.88  34.08  445    3.3
  57044 109.23  34.40  424    0.3
  57057 110.15  34.10  961    0.3
  57102 105.72  33.75  971    0.7
  57105 105.60  33.33 1219    3.6
  57110 106.08  33.78  930   11.0
  57111 106.30  33.92  967    1.5
  57113 106.53  33.90  990    0.3
  57119 106.70  33.17  551    3.3
  57126 107.55  33.22  470    0.4
  57128 107.33  33.17  487    0.5
  57129 107.72  32.98  447    0.1
  57137 108.32  33.32  801    0.6
  57140 109.12  33.67  818    0.3
  57153 110.33  33.68  584    0.2
  57155 109.87  33.55  661    0.3
  57162 112.08  34.15  327   0.01
  57176 112.42  33.48  230    0.1
  57177 113.53  33.33   91    0.9
  57183 113.92  33.80   61    0.3
  57204 105.23  32.58  801   27.4
  57208 105.47  32.02  538   69.7
  57213 106.93  33.00  537    2.0
  57216 106.83  32.35  577   0.01
  57217 106.28  32.23  493    3.8
  57231 108.53  32.53  504    0.6
  57233 108.50  32.90  413    1.3
  57242 109.37  32.85  285   0.01
  57247 108.90  32.32  442    0.6
  57248 109.33  32.40  429    0.2
  57249 109.68  32.32  453    0.1
  57253 110.82  32.85  204    0.6
  57254 110.12  32.82  324    0.8
  57257 110.23  32.23  309   0.01
  57261 111.50  33.13  196    0.4
  57271 112.38  32.55   89   0.01
  57273 112.85  32.68  110   0.01
  57274 112.12  32.70  108   0.01
  57281 113.30  32.70  142   10.3
  57295 114.35  32.62   83   0.01
  57303 105.92  31.73  460    5.2
  57304 105.17  31.67  517   33.2
  57307 105.08  31.10  408   38.9
  57308 105.38  31.22  421   14.3
  57314 106.07  31.35  385    0.3
  57320 107.22  31.93  483   0.01
  57326 107.72  31.37  390    2.6
  57339 108.68  30.95  296    8.2
  57362 110.67  31.75  939   0.01
  57390 114.07  31.80  731   0.01
  57415 106.63  30.47  336   0.01
  57420 107.20  30.75  397   0.01
  57431 108.35  30.83  256    0.1
  57438 108.12  29.98  630    0.2
  57462 111.08  30.87  104    1.3
  57505 105.58  29.42  324   0.01
  57509 106.93  28.95  325    1.4
  57518 106.53  29.38  243   0.01
  57519 107.08  29.15  559    1.4
  57525 107.75  29.32  273    0.1
  57537 108.17  29.30  321    0.6
  57540 109.15  29.68  776   0.01
  57544 109.45  29.47  486   0.01
  57565 111.75  29.65   39    0.1
  57585 113.45  29.48   60    0.9
  57586 114.03  29.53   79    0.3
  57589 113.80  29.25  103    0.4
  57590 114.37  29.85   64   0.01
  57596 114.20  29.63    0   43.9
  57605 105.82  28.03  539    0.9
  57623 107.60  28.88  684    0.9
  57635 108.98  28.45  363   16.1
  57636 108.50  28.57  335    0.2
  57640 109.45  28.58  344   0.01
  57643 109.83  29.00  268   0.01
  57663 111.95  28.92   31   0.01
  57680 113.07  28.80   47   0.01
  57694 114.38  28.53  256   0.01
  57708 105.60  27.15 1704    7.2
  57713 106.88  27.70  844    3.0
  57714 106.23  27.47  942    0.8
  57717 106.83  27.53  974    9.1
  57719 106.97  27.07 1280    1.3
  57720 107.17  27.88  888    0.4
  57728 107.47  27.07 1095    0.5
  57732 108.40  28.02  458   0.01
  57734 108.23  27.57  468    0.2
  57736 108.85  27.70  376    0.1
  57737 108.12  27.03  546    0.5
  57738 108.42  27.05  517    0.2
  57739 108.88  27.23  375   0.01
  57742 109.20  27.52  883   0.01
  57754 110.15  27.35  170    0.8
  57786 113.85  27.65  110    5.6
  57800 105.37  26.77 1458    7.7
  57807 105.47  26.20 1359   14.2
  57808 105.75  26.32 1272    8.1
  57809 105.75  26.07 1251    6.8
  57811 106.60  26.85 1242    2.4
  57813 106.47  26.57 1265    4.6
  57814 106.27  26.42 1285    8.6
  57818 106.45  26.03 1145   20.7
  57821 107.50  26.70  924    0.2
  57822 107.90  26.90  833    2.2
  57824 107.23  26.58 1005   18.9
  57828 107.58  26.50  983    1.5
  57829 107.80  26.20  964    8.5
  57834 108.30  26.68  642    4.9
  57835 108.43  26.72  521    5.0
  57837 108.07  26.40  838    2.9
  57842 109.72  26.88  281    0.7
  57846 110.15  26.58  307   0.01
  57851 110.85  26.45  307    0.2
  57886 113.78  26.50  226    5.5
  57900 105.22  25.83 1553   42.6
  57903 105.60  25.93 1138   22.1
  57905 105.63  25.40 1063    6.4
  57908 105.48  25.12 1393   25.8
  57909 105.82  24.98  584   16.0
  57911 106.65  26.67 1325    3.4
  57913 106.98  26.45 1095    5.6
  57914 106.67  26.42 1143    2.6
  57915 106.77  26.63 1102    5.6
  57923 107.87  25.98  418   27.6
  57927 107.18  24.97  283   29.6
  57936 108.92  25.75  255    2.3
  57941 109.60  25.78  198    0.1
  57942 110.00  25.80  267    2.7
  57948 109.25  25.08  123    0.1
  57949 110.00  24.98  157    1.0
  57956 110.32  25.42  169    0.1
  57958 110.32  25.08  152    0.2
  57960 111.07  25.93  192    5.8
  57966 111.95  25.60  205    0.3
  57973 112.72  25.75  328    4.3
  57985 113.68  25.57  608   0.01
  58022 117.57  34.75   48    3.0
  58024 117.58  34.87   78   13.1
  58030 118.07  34.85   47   0.01
  58113 116.75  33.93   35    0.4
  58116 116.83  33.98   32    1.0
  58148 119.30  33.23   11    4.2
  58220 117.15  32.47   32   11.2
  58334 118.37  31.38   23    3.4
  58426 118.13  30.30  192    4.5
  58428 117.48  30.22  115   0.01
  58433 118.75  30.93   30    2.6
  58438 118.58  30.08  197    0.5
  58446 119.68  30.63   25    0.3
  58529 117.85  29.27   82   0.01
  58616 116.82  28.20   44   18.0
  58627 117.03  28.25   64   22.7
  58631 118.50  28.90  134    0.2
  58644 119.28  28.60  237    2.7
  58654 120.08  28.67  184    0.2
  58710 116.05  27.77   76    1.4
  58712 116.78  27.92  123    0.6
  58713 117.07  27.72  220   21.0
  58719 116.93  27.30  123   0.01
  58735 118.80  27.52  201   0.01
  58736 118.82  27.37  220   0.01
  58751 120.55  27.68    5   0.01
  59001 105.33  24.78  674   70.5
  59004 105.10  24.50  729   18.9
  59012 106.55  24.78  973   27.3
  59015 106.57  24.35  442   13.7
  59017 106.27  24.27  279    6.2
  59022 107.55  24.98  695   33.2
  59025 107.38  24.53  249    7.7
  59027 107.25  24.13  244   24.4
  59031 108.25  24.83  205   10.3
  59033 108.90  24.78  330    9.4
  59034 108.67  24.48  149    0.8
  59038 108.65  24.07  142    2.1
  59041 109.25  24.65  109    0.7
  59044 109.38  24.47   99    1.0
  59045 109.75  24.48   95    0.3
  59047 109.33  24.25  101    4.6
  59051 110.50  24.77  133   0.01
  59057 110.18  24.13  827    4.3
  59059 110.80  24.18  107    2.9
  59061 111.27  24.82  198   0.01
  59063 111.45  25.18  262   0.01
  59071 112.28  24.73  175   0.01
  59074 112.15  24.57  300    2.9
  59075 112.63  24.48   70   0.01
  59109 115.73  24.15  126    0.1
  59205 105.63  23.65  688   26.0
  59213 106.92  23.73  113   12.1
  59215 106.62  23.33  640   10.3
  59224 107.12  23.60  116   10.9
  59227 107.15  23.08  438    8.3
  59229 107.70  23.18  101   88.6
  59230 108.17  23.72  173    5.5
  59235 108.62  23.43  116   51.9
  59237 108.28  23.17  115   14.8
  59238 108.80  23.22  123   15.0
  59241 109.68  23.97   91    7.6
  59246 109.67  23.60   70    1.1
  59249 109.62  23.12   56   45.7
  59255 110.38  23.55   37   11.9
  59256 110.92  23.37   56   25.9
  59264 111.50  23.40   79   0.01
  59268 111.53  23.25   31    0.2
  59269 111.77  23.15   27    0.6
  59276 112.65  23.35   40   0.01
  59279 112.87  23.18   18   17.6
  59284 113.22  23.38    6    1.7
  59285 113.60  23.57   39    0.2
  59288 113.13  23.05    3    8.0
  59297 114.28  23.18   16   11.9
  59310 116.18  23.77   39   0.01
  59312 116.63  23.67   11   0.01
  59419 106.75  22.10  243   19.7
  59421 107.20  22.83  257    3.1
  59425 107.35  22.40  107   17.5
  59426 107.90  22.63   92   13.6
  59427 107.07  22.12  162   23.2
  59429 107.97  22.15  183   17.8
  59432 108.40  22.80  203   10.7
  59435 108.48  22.77   75   16.4
  59441 109.25  22.70   78    1.7
  59448 109.55  22.27   70   42.5
  59449 109.98  22.30   80    0.4
  59451 110.35  22.70   99    0.9
  59452 110.53  22.85  100    1.3
  59454 111.00  22.92  104    4.6
  59457 110.27  22.32  120    1.2
  59469 111.78  22.17   33    5.4
  59470 112.22  22.72   33    0.2
  59471 112.05  22.93  102    0.8
  59473 112.97  22.77   20    5.8
  59475 112.65  22.40   24    1.9
  59487 113.30  22.23   12   0.01
  59500 115.32  22.97   10   0.01
  59502 115.65  22.95   11   41.8
  59635 108.35  21.62   26   61.7
  59640 109.18  21.67    6    4.4
  59654 110.30  21.63   28   0.01
  59655 110.62  21.65   35    0.1
  59750 110.10  20.92   25   13.6
  59757 110.37  20.00   10    5.8
  59842 109.68  19.90   31    0.1
  59843 110.00  19.73   36   52.9
  59848 109.43  19.23  219    3.2
  59851 110.33  19.70   25   0.01
  59854 110.10  19.37  119   20.2
  59940 109.17  18.75  156    0.6
  59941 109.52  18.77  328   19.8
  59945 109.70  18.65   65    4.6
