diamond  3 2014年08月26日08点24小时降雨量                    
  14  08  26  08    -1 3 10 25 50 1 0
 39 122.7  37.3 122.5  36.7 120.8  36.2 119.3  35.0 120.4  34.3
 121.1  32.7 122.3  30.9 122.5  30.1 121.5  28.0 119.8  25.0
 116.1  22.6 111.0  21.0 111.0  18.6 109.6  18.1 108.3  18.5
 108.9  19.9 109.3  21.0 106.4  21.6 104.1  22.2 101.6  20.8
  98.7  22.0  97.1  24.1  97.7  27.0  91.7  26.6  85.7  27.7
  78.9  30.6  73.3  37.1  74.1  40.7  87.6  49.8  98.5  43.9
 110.4  44.3 122.0  54.7 135.7  48.3 131.5  42.2 125.2  39.4
 121.3  38.5 121.2  40.3 118.5  38.6 120.8  38.1
 1     608
 50137 122.37  53.47   296    6.6
 50431 121.52  50.78   717   12.6
 50445 123.73  50.58   423   10.4
 50526 120.70  49.28   668   14.2
 50645 124.48  48.48   195   27.7
 50646 124.85  48.48   202    9.5
 50647 123.48  48.13   236   68.5
 50659 126.25  48.03   291    3.4
 50741 123.50  47.93   185   37.0
 50749 124.83  47.18   154   16.0
 50750 125.30  47.90   226    3.5
 50755 126.07  47.62   249    3.1
 50767 127.10  47.23   202    0.6
 50832 122.08  46.72   332   22.1
 50833 122.90  46.72   187   36.6
 50842 124.42  46.83   145   43.4
 50850 125.13  46.57   147    4.2
 50851 126.08  46.68   207   11.1
 50852 126.45  46.82   169    1.7
 50858 125.93  46.07   135   16.4
 50859 126.28  46.29   169    5.4
 50867 127.35  46.08   134    0.6
 50871 129.88  46.73    95    0.2
 50878 130.72  47.00    78    6.7
 50880 131.12  46.73   102    1.7
 50884 131.15  46.63   175    7.3
 50892 134.00  46.80    54    0.2
 50934 121.58  45.38   311    3.8
 50939 122.82  45.33   150    5.7
 50940 123.17  45.85   141    6.0
 50946 124.83  45.18   139    7.5
 50954 125.08  45.50   127    6.0
 50956 126.77  46.08   134    4.2
 50958 126.93  45.53   168    7.4
 50960 127.38  45.73   184    9.2
 50964 128.80  45.83   119   0.01
 50965 128.27  45.43   167   0.01
 50971 131.02  45.77   223   0.01
 51468  86.83  43.10  3539    0.4
 51568  86.80  42.25  1085   0.01
 52745  99.02  37.30  3417    1.5
 52853 100.98  36.90  3010    0.2
 52855 101.25  36.68  2675    2.8
 52862 101.68  36.95  2450    1.8
 52869 101.58  36.50  2667    0.9
 52874 102.40  36.48  1980   0.01
 52875 102.10  36.50  2125    1.4
 52877 102.25  36.10  2834    5.1
 52881 103.18  36.98  2484    2.1
 52885 103.25  36.75  2118    0.4
 52896 104.15  36.55  1738    3.6
 52968 101.47  35.03  3662    2.7
 52972 102.45  35.85  1921    1.9
 52981 103.38  35.68  2421    0.3
 52982 103.55  35.48  1953    2.0
 52985 103.33  35.42  2162    5.4
 52988 103.72  35.37  2015    0.3
 52993 105.07  35.68  1739    1.4
 52995 104.62  35.58  1897   15.5
 52996 105.02  35.38  2450    0.2
 53419 107.00  40.33  1055    0.5
 53518 106.35  39.03  1117   0.01
 53602 105.67  38.83  1561    0.5
 53603 106.37  38.83  1095    3.6
 53611 106.55  38.88  1098   0.01
 53618 106.25  38.28  1113    0.3
 53707 105.25  36.93  1697   0.01
 53727 107.12  37.17  1712    3.6
 53730 107.48  38.18  1333    0.1
 53881 106.48  37.28  1382   15.4
 53896 114.95  36.35    50    6.8
 53914 106.12  35.62  2078   0.01
 53916 106.32  35.50  1948    0.6
 53974 114.23  35.61    70    0.3
 53982 113.27  35.23   112   0.01
 53983 114.42  35.03    69    1.1
 53985 113.82  35.50   140    0.2
 53994 114.07  35.38    70   30.0
 53995 114.50  35.55    62   0.01
 53996 114.65  36.45    57    2.6
 53997 114.18  35.15    71    0.8
 54031 121.82  44.90   198    0.1
 54039 122.02  44.03   181    0.1
 54047 123.28  44.13   145    4.0
 54065 125.65  44.53   169    5.7
 54069 125.80  44.17   174   22.2
 54072 126.52  44.85   196   13.1
 54076 126.93  44.38   268   17.9
 54080 127.15  44.90   194    9.8
 54154 124.30  43.35   160    0.9
 54155 124.23  43.67   144    1.8
 54156 124.80  43.52   200    0.9
 54164 125.28  43.35   248   14.8
 54169 126.02  43.30   271    8.7
 54172 126.53  43.87   290   11.5
 54187 128.92  43.12   366   11.6
 54192 130.27  43.70   384    0.2
 54244 123.33  42.75   118   0.01
 54248 123.53  42.03    61    1.2
 54249 123.87  42.30    85    9.1
 54252 124.75  42.73   196    2.2
 54261 125.47  42.67   345    8.7
 54267 125.73  42.25   362   32.4
 54274 125.99  42.69   306   35.6
 54279 126.58  42.05   544   39.2
 54290 129.40  42.77   241    1.4
 54293 129.83  42.95   142    0.3
 54320 119.30  41.60   544    0.1
 54336 122.42  41.42     8    0.1
 54340 123.32  41.67    35    3.5
 54345 123.07  41.20    30   11.5
 54347 123.17  41.23    24    8.9
 54348 123.33  41.42    36    5.5
 54362 125.73  41.67   380   36.5
 54371 126.43  41.93   520   37.0
 54474 122.35  40.42    24    1.6
 54475 122.48  40.62    11   0.01
 54483 123.90  40.88   233    4.2
 54494 124.07  40.47    72   10.4
 54568 121.75  39.05    90   0.01
 54569 121.95  39.42    11   0.01
 54575 122.37  39.42    43    0.1
 54590 124.17  39.88     4    1.0
 54707 115.98  37.35    27    5.6
 54712 116.82  37.20    18    0.9
 54714 116.33  37.45    23    0.2
 54718 116.47  37.15    22    9.0
 54755 120.39  37.33   117    0.1
 54821 117.20  37.00    20    0.2
 56016  95.62  33.85  4179    1.0
 56034  97.13  33.80  4415    7.8
 56045  99.90  33.97  4050    0.1
 56071 102.50  34.58  3105   0.01
 56081 103.35  34.70  2810    2.0
 56082 103.50  34.58  2540    5.5
 56084 103.23  34.07  2374    0.6
 56091 104.47  34.85  1883   0.01
 56095 104.38  34.03  1753    0.1
 56109  93.78  31.48  3940    6.5
 56128  96.60  31.22  3810   11.7
 56147  98.83  31.22  3260    3.7
 56158 100.67  31.40  3250    7.5
 56164 100.98  32.27  3284   14.3
 56168 102.07  31.48  2168    4.9
 56171 101.70  32.90  3275    2.4
 56180 103.85  31.68  1590    7.1
 56181 103.70  30.68   541    8.8
 56183 103.62  31.50  1370    5.3
 56184 103.17  31.43  1896    5.7
 56185 102.98  32.08  2400   10.9
 56186 104.20  31.33   589    1.2
 56189 103.93  30.98   581    5.0
 56190 104.55  31.55   519    1.4
 56193 104.52  32.42   893    2.3
 56194 104.45  31.63   597    4.4
 56195 104.73  31.80   543    0.5
 56197 104.17  31.15   535    2.8
 56198 104.50  31.32   525    1.4
 56199 104.68  31.03   423    2.2
 56228  96.92  30.05  3260    0.9
 56263 101.88  30.88  1949   13.2
 56267 101.02  30.03  2600   26.7
 56272 103.88  30.82   558    3.3
 56273 102.82  30.39  1022   34.1
 56276 103.82  30.45   467   16.3
 56278 102.77  30.07   755   22.4
 56279 102.93  30.15   682   23.9
 56280 103.12  30.08   691   29.4
 56281 103.50  30.18   510   17.7
 56284 103.43  30.45   518   12.9
 56285 103.52  30.60   523   10.3
 56286 104.25  30.55   515   10.5
 56288 103.92  30.58   494    9.9
 56289 103.87  30.20   437   13.5
 56290 104.18  30.78   514    4.3
 56291 104.28  30.93   469   10.4
 56295 104.55  30.38   448    5.5
 56296 104.43  30.85   448    4.6
 56297 104.15  30.02   436   13.6
 56298 104.60  30.13   417    5.7
 56317  94.22  29.22  2950   24.5
 56371 102.23  29.92  1321   17.7
 56373 102.85  29.78   763   27.9
 56376 102.63  29.33  1098   14.2
 56378 102.35  29.23   890    4.6
 56380 103.35  29.88   571   32.6
 56381 103.50  30.07   630   18.7
 56382 103.60  29.73   407   46.8
 56383 103.87  29.83   455   23.4
 56384 103.48  29.60   446   49.3
 56387 103.27  29.23   642   11.9
 56389 103.95  29.20   387   21.4
 56390 104.07  29.67   404   29.7
 56391 103.82  30.08   415   31.7
 56393 104.85  29.77   369   22.3
 56394 104.43  29.45   384   45.3
 56395 104.67  29.52   351   28.7
 56396 104.77  29.35   352   28.0
 56399 104.98  29.18   306    6.7
 56441  99.28  28.72  2422   0.01
 56443  99.80  28.93  2842    0.2
 56473 102.77  28.95  1060    4.1
 56474 102.17  28.55  1774    3.3
 56478 102.43  28.30  1818    0.3
 56480 103.53  28.82   564   10.8
 56483 103.95  28.58   496    2.0
 56490 103.90  28.95   424   41.2
 56491 104.57  28.70   287    4.3
 56493 104.97  28.85   292    8.8
 56494 104.15  28.65   462    6.3
 56497 104.23  28.10   448    0.5
 56498 104.50  28.15   549    2.6
 56499 104.78  28.38   368    0.8
 56567 100.85  27.30  2240    8.1
 56569 102.18  27.42  1380    2.3
 56575 102.55  27.37  1428    0.4
 56584 103.25  27.70  1093    0.1
 56585 103.53  27.18  1916   0.01
 56592 104.52  28.43   359    5.7
 56593 104.92  28.58   279    2.1
 56641  98.87  26.90  1189    3.8
 56645  99.42  26.42  2344   20.2
 56646  99.92  26.53  2191    1.3
 56649  99.96  26.11  2059    5.0
 56652 100.75  26.68  2130    4.1
 56654 100.18  26.58  2195    1.5
 56669 101.67  26.05  1531    0.3
 56675 102.58  26.65  1694   0.01
 56688 103.17  26.10  1254    0.2
 56742  99.37  25.90  1658    6.0
 56745  99.95  25.68  1626    8.1
 56752 100.57  25.83  1438    0.4
 56755 100.48  25.35  1668    3.6
 56756 100.58  25.48  1992   10.6
 56757 100.28  25.27  1742   0.01
 56761 101.32  25.72  1878    2.7
 56764 101.23  25.53  1873    6.0
 56766 101.52  25.31  1822   14.4
 56767 101.28  25.18  1857    1.8
 56772 102.50  25.23  1692   19.1
 56774 102.42  25.53  1710    8.3
 56775 102.45  25.55  1750    4.9
 56777 102.07  25.15  1566    5.3
 56781 103.27  25.55  1873    2.5
 56782 103.55  25.42  2067    0.3
 56785 103.08  25.36  1915   14.8
 56788 103.62  24.98  1857    1.3
 56790 104.25  25.68  1925   0.01
 56836  97.95  24.70   826    0.1
 56839  98.82  23.77   995    2.5
 56840  98.30  24.82  1012   16.4
 56841  98.68  24.60  1528   52.5
 56842  99.18  24.73  1471    1.6
 56843  99.62  24.83  1650    1.5
 56844  98.58  24.43   913    0.8
 56846  99.93  24.58  1569    0.6
 56849  99.23  24.03  1606    7.5
 56851 100.53  25.04  1377    3.2
 56854 100.13  24.45  1108    1.4
 56862 101.60  24.68  1968    8.3
 56863 102.48  24.93  1848    5.7
 56867 101.12  23.98  1105    8.1
 56869 101.97  24.07  1497    9.8
 56870 102.18  24.66  1600   37.8
 56871 102.60  24.65  1893    0.3
 56872 102.62  24.95  2358   50.4
 56873 102.92  24.68  1796   13.6
 56876 102.77  24.28  1731   0.01
 56878 102.75  24.13  1801    4.3
 56879 102.91  24.19  1702    0.3
 56880 103.17  24.92  1532    9.1
 56881 103.27  24.75  1695    3.5
 56882 102.83  24.91  1976   12.4
 56883 103.98  24.82  1900    2.5
 56885 103.45  24.40  1415    2.1
 56889 104.17  24.05  1518   17.2
 56891 104.32  24.98  1482    3.8
 56898 102.41  24.18  1600    1.0
 56944  99.27  23.15  1278    3.9
 56948  99.60  22.63  1155    9.6
 56949  99.60  22.32   945   40.7
 56950  99.80  23.47  1044    0.2
 56952 100.70  23.50   913   12.3
 56958 100.42  21.92  1176   10.1
 56961 101.05  23.03  1336    0.1
 56962 101.67  23.42  1314   14.4
 56970 102.48  23.70  1419    0.5
 56973 102.83  23.62  1309    1.2
 56975 102.43  23.37   974    0.2
 56976 102.83  23.23   232    3.6
 56978 102.42  23.00  1642   11.1
 56984 103.15  23.38  1720    6.7
 56987 103.23  22.78  1260   37.0
 56989 103.95  22.50   137   69.4
 56992 104.70  23.45  1507    0.1
 56994 104.28  23.33  1293    0.5
 56995 104.42  23.03  1332    0.7
 56996 104.70  23.13  1093    0.9
 57090 113.97  34.72    78   0.01
 57096 114.78  34.53    59    0.1
 57098 114.40  34.08    58    2.6
 57111 106.30  33.92   961   0.01
 57208 105.52  32.28   544    1.0
 57217 106.28  32.23   485    0.8
 57231 108.53  32.53   503    2.2
 57242 109.37  32.85   285   0.01
 57247 108.90  32.32   438    0.3
 57303 105.92  31.73   459    0.1
 57304 105.17  31.67   516    1.3
 57307 105.08  31.10   404    1.4
 57308 105.38  31.22   421    0.7
 57309 105.88  30.98   378    0.9
 57317 106.42  31.03   324    0.8
 57318 106.55  31.07   338    0.5
 57320 107.22  31.93   482    0.4
 57324 107.08  31.58   364   0.01
 57326 107.72  31.37   389   21.3
 57329 107.85  31.10   467   10.2
 57333 108.67  31.95   798    3.8
 57338 108.42  31.18   216   11.5
 57339 108.68  30.95   297    0.4
 57345 109.62  31.40   337    3.1
 57363 111.83  31.80   151   0.01
 57385 113.82  31.62    93    1.0
 57386 114.00  31.25    51    0.8
 57387 113.13  31.00    84    2.2
 57388 113.71  31.27    53    1.0
 57389 113.75  31.03    32    8.0
 57398 114.62  31.28    74    0.3
 57401 105.37  30.87   383    1.6
 57402 105.70  30.77   394    5.1
 57407 105.03  30.28   462    4.5
 57408 105.35  30.12   338    5.6
 57409 105.80  30.18   297   22.1
 57413 106.97  30.85   295    5.3
 57414 106.45  30.52   403   40.9
 57415 106.63  30.53   394    3.4
 57416 106.93  30.33   391    0.8
 57417 106.28  30.35   315    7.0
 57420 107.18  30.75   418    7.2
 57431 108.35  30.83   257    1.7
 57437 108.03  30.30   325    1.6
 57438 108.12  29.98   632   36.2
 57453 111.32  30.77   115   0.01
 57464 111.18  30.47   142    4.2
 57465 111.45  30.38    74    0.1
 57466 111.75  30.43    50    0.2
 57469 111.77  30.18    69   0.01
 57475 112.90  30.40    31   10.7
 57477 112.22  30.07    38    0.1
 57481 113.57  30.95    30    2.6
 57485 113.47  30.28    23   33.5
 57486 113.85  30.65    25    1.7
 57489 114.00  30.58    38   28.5
 57491 114.40  30.87    31    3.5
 57492 114.84  30.84    40    3.1
 57495 114.88  30.67    28   10.8
 57496 114.87  30.37    31    4.8
 57498 114.90  30.43    21    5.8
 57499 114.88  30.07    40    4.5
 57505 105.58  29.42   338    0.3
 57506 105.90  29.37   353   0.01
 57507 105.30  29.33   385    7.0
 57508 105.37  29.15   301    2.0
 57509 106.93  28.95   325   37.5
 57510 106.07  29.85   326    0.4
 57511 106.45  29.85   240    0.1
 57518 106.50  29.33   506    0.1
 57519 107.11  29.16   698    0.2
 57522 107.27  29.74   372   10.6
 57540 109.15  29.68   776    3.4
 57541 109.48  30.00   532    0.2
 57543 110.03  29.90   539    1.4
 57544 109.45  29.47   488    0.3
 57558 110.47  29.13   183    0.3
 57564 111.13  29.43   103    0.6
 57565 111.73  29.67    38    0.3
 57566 111.65  29.45    51    3.6
 57571 112.40  29.70    35    9.8
 57575 112.55  29.52    31   13.8
 57577 112.17  29.40    36    3.5
 57582 113.88  29.72    46    3.9
 57585 113.45  29.48    60    6.1
 57586 114.03  29.53    78    4.8
 57589 113.87  29.27   146    3.0
 57590 114.37  29.85    98    3.8
 57596 114.20  29.63   751    4.7
 57600 105.06  28.71   420    4.4
 57635 108.98  28.45   363    0.1
 57640 109.45  28.58   341    1.1
 57643 109.83  29.00   268   0.01
 57646 109.95  28.62   302    1.0
 57657 110.20  28.22   186   15.9
 57658 110.20  28.02   152   19.2
 57661 111.48  28.92    48    2.6
 57663 111.95  28.92    31    1.4
 57666 112.13  28.52    52    2.0
 57674 112.38  28.57    46    1.8
 57678 112.55  28.25    74    0.2
 57680 113.07  28.80    46    4.3
 57688 113.63  28.16   101   0.01
 57698 114.45  28.12    98   0.01
 57720 107.17  27.88   889    0.2
 57723 107.72  27.98   710    0.3
 57732 108.40  28.02   456   0.01
 57734 108.23  27.57   467    0.5
 57735 108.82  27.18   404    1.8
 57736 108.85  27.70   369   12.1
 57737 108.12  27.03   547    1.0
 57738 108.42  27.05   516    0.8
 57739 108.92  27.23   394    0.4
 57740 109.60  27.95   349   17.8
 57742 109.20  27.52   884    2.5
 57743 109.80  27.88   176    6.9
 57744 109.17  27.37   355    0.5
 57754 110.15  27.35   170    0.5
 57760 111.43  27.70   249    2.2
 57763 112.00  27.68   205    0.2
 57767 111.01  27.13   308    3.6
 57768 111.45  27.32   242   0.01
 57769 111.73  27.23   252   0.01
 57771 112.53  27.93    88   0.01
 57773 112.83  27.88    63   0.01
 57777 112.87  27.23    63   0.01
 57781 113.50  27.65    74   12.1
 57783 113.82  27.88   118   0.01
 57792 114.68  27.82    93    1.6
 57794 114.02  27.63   177    2.2
 57796 114.88  27.83   189    2.8
 57798 114.60  27.40    85    1.1
 57808 105.75  26.32  1274    0.1
 57814 106.27  26.42  1298    0.1
 57822 107.90  26.90   835    0.3
 57824 107.23  26.58  1001    0.2
 57828 107.58  26.50   983    1.9
 57829 107.80  26.20   963   10.0
 57834 108.30  26.68   641    3.3
 57835 108.43  26.72   527    2.0
 57837 108.07  26.40   839    1.7
 57842 109.72  26.88   281   0.01
 57844 109.18  26.68   343    0.3
 57846 110.15  26.58   310   0.01
 57851 110.83  26.46   346   15.7
 57860 111.28  27.00   283    5.2
 57865 111.58  26.47   166    1.6
 57867 111.28  26.40   169    4.9
 57868 111.86  26.59   113   21.9
 57870 112.10  26.80   151   23.2
 57871 112.37  26.98    90    0.3
 57875 112.68  26.75   137    4.5
 57876 112.83  26.43   135   0.01
 57881 113.25  26.72   101   0.01
 57882 113.55  26.79   136    2.1
 57883 114.28  26.75   253   15.3
 57886 113.80  26.48   268   50.0
 57887 113.12  26.12   167    2.9
 57891 114.25  26.93   153    4.7
 57909 105.82  24.98   584    7.2
 57914 106.67  26.42  1149   0.01
 57921 107.32  25.83   708    6.7
 57923 107.87  25.98   419    6.9
 57927 107.18  24.97   287   0.01
 57936 108.91  25.76   258    1.1
 57941 109.60  25.78   197    9.2
 57942 110.00  25.80   268   24.0
 57948 109.25  25.08   122    8.0
 57949 110.00  24.98   156    9.4
 57954 110.18  25.23   157   13.6
 57955 110.67  25.62   224    1.0
 57956 110.32  25.42   167    5.6
 57958 110.32  25.08   151    9.3
 57960 111.07  25.93   195    7.9
 57962 111.65  25.97   167   11.8
 57966 111.96  25.59   244    0.5
 57969 111.34  25.27   227   23.7
 57971 112.20  25.92   224   37.1
 57973 112.72  25.75   329    1.7
 57975 112.20  25.38   277   15.1
 57976 112.94  25.41   222   10.2
 57978 112.55  25.27   292    1.4
 57981 113.22  25.97   139   35.4
 57988 113.35  25.15   102    1.0
 57990 114.30  25.70   246   67.0
 57991 114.55  25.80   140    3.1
 57994 114.35  25.40   215   0.01
 58049 119.80  34.02     4    0.1
 58112 116.45  30.73   968    0.1
 58242 119.16  32.30    22   0.01
 58245 119.42  32.41     9   0.01
 58316 116.92  31.47    23   0.01
 58317 116.37  30.87   434    0.3
 58329 117.87  31.33     9    0.3
 58330 118.08  31.75    26    0.1
 58335 118.52  31.57    23   0.01
 58359 120.62  31.13     4    0.1
 58369 121.78  31.05     5   0.01
 58401 115.40  30.75   123    0.4
 58404 115.22  30.47    61    3.8
 58408 115.43  30.23    35    2.7
 58409 115.93  30.10    32    0.7
 58417 116.13  30.17    54    0.4
 58421 117.87  30.63    31   0.01
 58423 117.78  30.48   647    0.2
 58426 118.13  30.30   193   0.01
 58427 117.50  30.65    15   0.01
 58428 117.50  30.22   118    1.4
 58432 118.40  30.68    57    0.1
 58435 118.53  30.30   220   0.01
 58438 118.58  30.08   191   0.01
 58441 119.42  30.87    43   0.01
 58443 119.89  31.02    25   0.01
 58446 119.70  30.63    72   0.01
 58453 120.50  30.07     7   0.01
 58459 120.29  30.19    44   0.01
 58460 121.35  30.73     5   0.01
 58463 121.50  30.88     4   0.01
 58468 121.17  30.05     5    0.4
 58501 115.63  29.92    23    0.2
 58505 115.90  29.62    63    1.6
 58507 115.12  29.25   116    1.2
 58512 116.55  29.90    71    0.1
 58514 116.05  29.45    37    0.1
 58523 117.93  29.93   227    0.6
 58544 119.27  29.48    88    0.3
 58546 119.88  29.47   115    0.3
 58547 119.18  29.03    66   0.01
 58548 119.47  29.22    50    0.5
 58550 120.25  29.70    39    6.4
 58555 120.88  29.52   113    3.0
 58558 120.22  29.27    89    8.5
 58559 120.98  29.17    58    3.1
 58560 120.43  29.05   304    0.1
 58561 121.60  29.98     4   0.01
 58565 121.39  29.69    41    2.3
 58567 121.43  29.32    39    4.3
 58568 121.38  29.12    34   17.4
 58629 117.70  28.32    55   0.01
 58631 118.50  28.90   137   0.01
 58632 118.60  28.72   126   15.8
 58642 119.80  28.88   105   11.3
 58643 120.03  28.90   102    0.6
 58644 119.28  28.60   237   28.1
 58647 119.13  28.08   222    0.2
 58654 120.08  28.67   184    5.6
 58656 120.97  28.07    60   0.01
 58657 120.28  28.15    57    2.7
 58658 120.68  28.15    34    3.7
 58659 120.65  28.03    28   22.8
 58660 121.20  28.87     6   41.8
 58664 121.37  28.37    35   12.7
 58713 117.07  27.72   225    7.2
 58714 116.23  27.55   120    0.1
 58724 117.32  27.53   268    8.9
 58746 119.70  27.55   538   26.3
 58747 119.35  27.15   899   25.8
 58748 119.65  27.10    50    1.2
 58749 119.88  27.23   684   12.4
 58750 120.08  27.78   105   46.2
 58751 120.57  27.67   254   0.01
 58804 115.35  26.35   151    0.5
 58819 116.82  26.18   336    1.5
 58822 116.85  26.83   342    0.6
 58826 117.80  26.40   120   0.01
 58839 118.85  26.23    40   13.4
 58905 115.42  25.97   133    2.9
 58932 118.93  25.87    85   20.8
 59001 105.33  24.78   672   0.01
 59004 105.10  24.50   725    0.1
 59012 106.55  24.78   972   42.7
 59015 106.57  24.35   437   27.4
 59017 106.27  24.27   278    0.2
 59022 107.55  24.98   697   16.7
 59025 107.38  24.53   248    0.2
 59027 107.25  24.13   254   31.6
 59031 108.26  24.81   342    0.2
 59033 108.90  24.78   328   0.01
 59034 108.67  24.48   150    2.7
 59041 109.25  24.65   108   14.6
 59051 110.50  24.77   136   20.7
 59052 110.82  24.83   169   0.01
 59053 110.67  24.62   105   0.01
 59055 110.40  24.50   165   14.0
 59057 110.18  24.13   830   29.4
 59059 110.80  24.18   105   20.0
 59061 111.27  24.82   193    5.5
 59063 111.45  25.18   265    4.6
 59064 111.32  24.55   136   10.3
 59071 112.28  24.73   174   34.1
 59075 112.63  24.48    70   0.01
 59091 114.52  24.75   277   0.01
 59094 114.12  24.35   184    2.4
 59205 105.63  23.65   685   32.8
 59213 106.92  23.73   110   20.8
 59215 106.63  23.33   680   28.8
 59224 107.12  23.60   111   14.9
 59227 107.14  23.11   454    0.1
 59229 107.70  23.17   125    0.2
 59230 108.17  23.72   168    9.8
 59237 108.28  23.17   111   0.01
 59249 109.62  23.12    51    0.4
 59419 106.75  22.10   242    8.2
 59421 107.20  22.83   255   0.01
 59427 107.07  22.12   163    0.1
 59429 108.01  22.18   216    2.4
 59441 109.25  22.70    78    2.9
 59452 110.53  22.83   131   0.01
 59469 111.78  22.17    37   0.01
 59475 112.65  22.40    27    0.2
