diamond  3 2014年08月19日08点24小时降雨量                    
  14  08  19  08    -1 3 10 25 50 1 0
 39 122.7  37.3 122.5  36.7 120.8  36.2 119.3  35.0 120.4  34.3
 121.1  32.7 122.3  30.9 122.5  30.1 121.5  28.0 119.8  25.0
 116.1  22.6 111.0  21.0 111.0  18.6 109.6  18.1 108.3  18.5
 108.9  19.9 109.3  21.0 106.4  21.6 104.1  22.2 101.6  20.8
  98.7  22.0  97.1  24.1  97.7  27.0  91.7  26.6  85.7  27.7
  78.9  30.6  73.3  37.1  74.1  40.7  87.6  49.8  98.5  43.9
 110.4  44.3 122.0  54.7 135.7  48.3 131.5  42.2 125.2  39.4
 121.3  38.5 121.2  40.3 118.5  38.6 120.8  38.1
 1     860
 50431 121.52  50.78   717    0.9
 50445 123.73  50.58   423    0.3
 50524 119.43  49.32   576    2.5
 50525 119.75  49.15   620   0.01
 50526 120.70  49.28   668    6.9
 50566 128.47  49.55   116    0.2
 50645 124.48  48.48   195    8.0
 50646 124.85  48.48   202    2.2
 50655 126.18  48.50   266    0.1
 50674 129.43  48.57   404    1.3
 50755 126.07  47.62   249    2.8
 50775 130.20  47.34   182    0.2
 50776 130.83  47.57    83   0.01
 50778 132.53  47.67    57    9.0
 50779 134.28  48.37    40    6.6
 50787 131.84  47.31    62    4.7
 50850 125.13  46.57   147    4.7
 50879 130.55  46.22   187    1.0
 50880 131.12  46.73   102   0.01
 50884 131.15  46.63   175   0.01
 50940 123.17  45.85   141   14.0
 50958 126.93  45.53   168   0.01
 50960 127.38  45.73   184    0.1
 50962 128.03  45.95   112    0.2
 50971 131.02  45.77   223    8.6
 50987 131.09  45.26   219    0.5
 51328  80.42  44.20   770   11.7
 51329  80.85  44.05   640   11.2
 51352  85.25  44.85   337   0.01
 51356  86.05  44.32   442   0.01
 51369  87.65  43.97   600    0.1
 51377  87.92  44.17   547   0.01
 51378  89.17  44.02   734    0.3
 51430  81.15  43.83   602   10.4
 51434  81.53  43.97   770    7.3
 51435  82.23  43.47   774   16.6
 51436  83.30  43.45   928    7.8
 51438  81.77  43.18  1210   12.4
 51465  87.10  43.48  1871    0.2
 51468  86.83  43.10  3539    3.7
 51482  90.28  43.83  1271   0.01
 51559  86.40  42.32  1100   0.01
 51568  86.80  42.25  1085   0.01
 51627  79.23  41.22  1395    6.1
 51629  80.23  41.27  1132    0.2
 51636  82.65  41.55  1009   0.01
 51722  80.40  40.65  1044    0.3
 52607 106.65  39.43  1252   0.01
 53343 109.97  41.77  1612   0.01
 53367 111.23  41.32  1602    2.7
 53368 111.47  41.08  1637   19.8
 53378 112.62  41.28  1737    0.5
 53475 112.47  40.52  1268   0.01
 53522 107.83  40.05  1180    0.6
 53545 109.71  39.56  1367    3.5
 53547 109.03  39.10  1312   0.01
 53574 112.27  39.52  1409    2.4
 53644 108.83  38.60  1307   0.01
 53662 111.58  38.72  1396   0.01
 53665 111.65  38.28  1185    0.8
 53681 113.37  38.83  1096   11.5
 53730 107.48  38.18  1333    4.1
 53732 108.72  37.85  1209    3.0
 53750 110.18  37.77   931    0.3
 53751 110.05  37.60   894    0.8
 53756 110.72  37.52   744    0.2
 53759 110.83  36.98  1109    5.6
 53767 111.17  37.33  1213   26.8
 53769 111.78  37.25   747   0.01
 53776 112.77  37.68   831    2.6
 53786 113.33  37.09  1152    1.2
 53832 108.77  36.77  1218    3.7
 53852 110.63  36.77   916    0.8
 53856 110.75  36.47   765    0.1
 53860 111.17  36.98  1406    2.0
 53871 112.85  36.83   964    0.1
 53875 112.35  36.52  1000    0.2
 53878 113.38  36.52   767    1.7
 53879 112.88  36.32   952   0.01
 53880 113.23  36.33   947    8.1
 53885 113.20  36.12  1122   0.01
 53888 113.43  36.20  1089    0.1
 53945 109.07  35.43  1395   0.01
 53972 112.90  35.05   117   0.01
 53979 113.08  35.15   120    2.5
 53982 113.27  35.23   112    1.1
 53984 113.47  35.23    82   0.01
 54024 119.30  44.45   710    1.8
 54039 122.02  44.03   181   0.01
 54047 123.28  44.13   145    6.1
 54069 125.80  44.17   174   0.01
 54092 129.40  44.60   292   0.01
 54093 130.55  44.93   266    4.5
 54098 129.47  44.33   267    0.1
 54122 120.05  43.88   374    2.8
 54132 121.07  42.40   400    3.8
 54192 130.27  43.70   384    7.9
 54214 118.42  42.58   960   0.01
 54225 119.94  42.29   579    0.1
 54234 121.75  42.73   297    0.1
 54252 124.75  42.73   196    3.3
 54279 126.58  42.05   544   14.1
 54304 115.27  40.95  1239    0.1
 54313 118.70  41.93   733    0.9
 54318 117.73  41.32   561   0.01
 54321 119.63  41.87   661    2.4
 54323 120.78  41.82   253    0.3
 54330 121.33  41.13    45    1.7
 54340 123.32  41.67    35   0.01
 54347 123.17  41.23    24   0.01
 54362 125.73  41.67   380    4.8
 54371 126.43  41.93   520   11.3
 54424 117.12  40.17    32   0.01
 54425 117.47  40.40   633    0.3
 54437 118.62  39.51    18    1.8
 54474 122.35  40.42    24    0.6
 54483 123.90  40.88   233   13.7
 54494 124.07  40.47    72    8.6
 54529 117.82  39.35     3    0.1
 54530 117.77  39.23     1    0.6
 54531 118.72  39.73    43    0.4
 54535 118.47  39.28     3    3.6
 54540 119.20  39.73    17    3.1
 54541 119.23  39.90    24    1.6
 54568 121.75  39.05    90    3.0
 54569 121.95  39.42    11   0.01
 54590 124.17  39.88     4    1.8
 54619 116.92  38.92     5   0.01
 54622 117.37  38.98     3    0.4
 54627 117.23  38.03     8    0.1
 54628 117.48  38.15     6    0.1
 54644 117.12  38.05    10    0.1
 54703 115.88  37.80    21    0.1
 54707 115.98  37.35    27   0.01
 54709 116.07  37.22    25    8.4
 54710 116.17  37.87    18    0.1
 54712 116.82  37.20    18    5.0
 54713 116.53  37.88    14    0.2
 54714 116.33  37.45    23    0.4
 54716 116.80  37.67    16    4.4
 54718 116.47  37.15    22   0.01
 54722 117.63  37.75     6   53.8
 54723 117.57  37.65    10   67.8
 54724 117.13  37.32    14    6.8
 54726 117.18  37.70    11   13.2
 54728 117.38  37.77     8    9.9
 54729 117.87  37.17    11   0.01
 54730 118.14  37.69     6    9.5
 54731 118.22  37.48    11   30.3
 54732 118.52  37.87     5   0.01
 54734 118.00  37.36    12    3.0
 54736 118.67  37.43     6   79.1
 54737 118.15  37.15     9   0.01
 54738 118.40  37.05    15    1.6
 54749 119.95  37.18    48    1.8
 54777 122.07  37.20   118    0.4
 54819 116.80  36.18   113    1.1
 54821 117.20  37.00    20   0.01
 54822 117.73  36.87    47    2.3
 54824 117.95  36.63    95    0.8
 54825 117.85  36.52   189   21.5
 54827 117.15  36.17   128    7.7
 54828 117.68  36.23   229    4.0
 54829 117.87  36.77    85    3.0
 54830 117.93  36.82    34    5.3
 54832 118.73  36.88    25   20.8
 54833 118.08  36.97    15    0.3
 54834 118.28  36.87    46    0.2
 54835 118.55  36.50   106    0.7
 54837 118.83  36.68    78   30.3
 54841 119.42  36.86    23    0.6
 54844 119.18  36.42    62    3.0
 54846 119.74  36.39    51   17.7
 54848 119.42  35.98    82    3.2
 54849 120.03  36.22    84   0.01
 54851 120.56  36.90    76    0.3
 54853 120.42  36.17    42   0.01
 54904 115.52  35.58    50    0.5
 54905 115.93  35.58    46    9.6
 54906 115.42  35.25    49    0.2
 54907 116.65  34.98    34    0.9
 54911 116.40  35.93    44   0.01
 54912 116.50  35.77    41    1.9
 54914 116.08  35.42    40    1.5
 54915 116.60  35.43    33    1.9
 54917 116.32  35.10    36    8.3
 54918 116.97  35.60    62   15.1
 54919 116.98  35.38    88    1.8
 54920 117.28  35.65   110    5.9
 54921 116.33  35.42    38    5.1
 54922 117.78  35.88   224    0.8
 54923 117.93  35.72   202    0.4
 54925 117.63  35.52   167    0.1
 54927 117.20  35.10    74   0.01
 54932 118.65  35.77   186   20.6
 54935 118.43  35.53   119    0.7
 54938 118.40  35.05    65    0.1
 54939 118.82  35.17   113   10.9
 54940 119.20  35.75   148   14.4
 56045  99.90  33.97  4050    0.2
 56128  96.60  31.22  3810    1.8
 56168 102.07  31.48  2168   0.01
 56181 103.70  30.68   541   0.01
 56228  96.92  30.05  3260    4.9
 56267 101.02  30.03  2600    8.3
 56273 102.82  30.39  1022    0.4
 56276 103.82  30.45   467    0.1
 56278 102.77  30.07   755   0.01
 56279 102.93  30.15   682   0.01
 56280 103.12  30.08   691    0.2
 56281 103.50  30.18   510    0.1
 56284 103.43  30.45   518   0.01
 56285 103.52  30.60   523   0.01
 56286 104.25  30.55   515    0.1
 56289 103.87  30.20   437    0.3
 56295 104.55  30.38   448   0.01
 56297 104.15  30.02   436    0.4
 56298 104.60  30.13   417    0.1
 56317  94.22  29.22  2950    3.4
 56342  98.60  29.68  3870    2.5
 56371 102.23  29.92  1321    0.3
 56373 102.85  29.78   763    1.8
 56376 102.63  29.33  1098    0.6
 56378 102.35  29.23   890    4.5
 56380 103.35  29.88   571    0.1
 56381 103.50  30.07   630   0.01
 56383 103.87  29.83   455    0.1
 56384 103.48  29.60   446   0.01
 56387 103.27  29.23   642   33.0
 56389 103.95  29.20   387   14.7
 56390 104.07  29.67   404    0.1
 56391 103.82  30.08   415    0.1
 56393 104.85  29.77   369    0.1
 56394 104.43  29.45   384    0.9
 56395 104.67  29.52   351    0.2
 56396 104.77  29.35   352    0.4
 56399 104.98  29.18   306    0.3
 56441  99.28  28.72  2422    1.8
 56443  99.80  28.93  2842    1.0
 56473 102.77  28.95  1060    4.4
 56474 102.17  28.55  1774    1.5
 56478 102.43  28.30  1818    6.2
 56480 103.53  28.82   564   23.2
 56483 103.95  28.58   496   16.2
 56487 103.13  28.33  1943    6.6
 56490 103.90  28.95   424   34.4
 56491 104.57  28.70   287   23.5
 56493 104.97  28.85   292    8.8
 56494 104.15  28.65   462   15.5
 56496 105.23  28.32   358   31.6
 56498 104.50  28.15   549   24.1
 56499 104.78  28.38   368   43.6
 56567 100.85  27.30  2240    7.6
 56569 102.18  27.42  1380    9.9
 56575 102.55  27.37  1428   27.7
 56578 102.75  27.07   993   30.7
 56580 102.80  27.72  2460    9.6
 56584 103.25  27.70  1093    9.3
 56585 103.53  27.18  1916   15.2
 56592 104.52  28.43   359   28.3
 56593 104.92  28.58   279   25.7
 56594 104.05  27.63   880   12.1
 56595 104.87  27.42  1645   21.0
 56596 105.05  27.85  1177   15.5
 56598 104.73  27.13  1535   10.8
 56641  98.87  26.90  1189   20.9
 56645  99.42  26.42  2344    6.1
 56646  99.92  26.53  2191   10.8
 56649  99.96  26.11  2059   45.6
 56652 100.75  26.68  2130   11.7
 56654 100.18  26.58  2195   26.5
 56665 101.85  26.68  1140    4.6
 56669 101.67  26.05  1531    5.4
 56670 102.12  26.92  1136   18.6
 56673 102.92  26.92   893   27.4
 56674 101.73  26.50  1108    8.6
 56675 102.58  26.65  1694   28.5
 56688 103.17  26.10  1254   34.6
 56697 104.08  26.22  1984   22.1
 56742  99.37  25.90  1658   12.5
 56745  99.95  25.68  1626   27.9
 56746  99.52  25.47  1616   20.7
 56752 100.57  25.83  1438   11.2
 56755 100.48  25.35  1668   29.8
 56757 100.28  25.27  1742   16.1
 56761 101.32  25.72  1878   11.5
 56764 101.23  25.53  1873   22.3
 56766 101.52  25.31  1822   46.9
 56767 101.28  25.18  1857   19.9
 56772 102.50  25.23  1692   20.8
 56774 102.42  25.53  1710   37.3
 56775 102.45  25.55  1750   30.6
 56777 102.07  25.15  1566   21.3
 56781 103.27  25.55  1873   16.1
 56782 103.55  25.42  2067   11.1
 56783 103.80  25.50  1906   26.8
 56785 103.08  25.36  1915   19.7
 56788 103.62  24.98  1857   34.4
 56790 104.25  25.68  1925   53.6
 56835  97.82  24.07   959   0.01
 56836  97.95  24.70   826   12.6
 56839  98.82  23.77   995    2.5
 56840  98.30  24.82  1012    6.5
 56841  98.68  24.60  1528    4.8
 56842  99.18  24.73  1471    3.7
 56843  99.62  24.83  1650    3.5
 56844  98.58  24.43   913    5.0
 56846  99.93  24.58  1569    8.5
 56849  99.23  24.03  1606    6.1
 56851 100.53  25.04  1377   15.5
 56854 100.13  24.45  1108    2.7
 56862 101.60  24.68  1968    7.9
 56863 102.48  24.93  1848   26.4
 56867 101.12  23.98  1105    7.3
 56869 101.97  24.07  1497   10.2
 56870 102.18  24.66  1600   41.9
 56871 102.60  24.65  1893   47.0
 56872 102.62  24.95  2358   22.9
 56873 102.92  24.68  1796   31.7
 56876 102.77  24.28  1731   11.5
 56878 102.75  24.13  1801    6.4
 56879 102.91  24.19  1702   11.3
 56880 103.17  24.92  1532   62.1
 56881 103.27  24.75  1695   25.3
 56882 102.83  24.91  1976   16.8
 56883 103.98  24.82  1900   50.1
 56885 103.45  24.40  1415   20.5
 56889 104.17  24.05  1518   38.4
 56891 104.32  24.98  1482   33.1
 56898 102.41  24.18  1600   28.2
 56944  99.27  23.15  1278    2.8
 56948  99.60  22.63  1155    1.7
 56949  99.60  22.32   945    5.4
 56950  99.80  23.47  1044    2.6
 56952 100.70  23.50   913   24.1
 56958 100.42  21.92  1176    2.1
 56961 101.05  23.03  1336    5.1
 56962 101.67  23.42  1314   28.3
 56970 102.48  23.70  1419   19.7
 56973 102.83  23.62  1309   23.1
 56975 102.43  23.37   974   15.2
 56976 102.83  23.23   232   34.1
 56978 102.42  23.00  1642   30.9
 56982 103.29  23.70  1117    1.2
 56984 103.15  23.38  1720   18.8
 56987 103.23  22.78  1260   27.0
 56989 103.95  22.50   137  128.8
 56992 104.70  23.45  1507    9.1
 56994 104.28  23.33  1293    4.3
 56995 104.42  23.03  1332   13.5
 56996 104.70  23.13  1093   19.1
 57016 107.13  34.35   612    0.2
 57070 112.12  34.73   364   0.01
 57078 112.47  34.15   336    0.1
 57087 113.73  34.27   104   0.01
 57093 114.82  34.85    73    2.9
 57094 114.22  34.40    67    0.1
 57096 114.78  34.53    59    3.5
 57099 114.85  34.07    52    0.1
 57169 111.87  33.05   159    1.3
 57173 112.88  33.75   145    1.1
 57175 112.23  33.05   191    1.3
 57179 113.00  33.28   160    0.6
 57180 113.20  33.98   117    0.6
 57182 113.52  33.85    80    0.3
 57186 114.05  33.60    58   0.01
 57191 114.48  34.48    63   10.7
 57196 114.87  33.47    42   0.01
 57197 114.35  32.97    50   0.01
 57233 108.50  32.90   413    3.3
 57248 109.33  32.40   431   0.01
 57253 110.82  32.85   201   0.01
 57260 111.52  32.57   133    0.4
 57261 111.52  33.12   233    8.2
 57273 112.85  32.68   109   0.01
 57274 112.12  32.70   107    2.9
 57308 105.38  31.22   421    0.2
 57338 108.42  31.18   216    0.1
 57361 111.27  31.88   327   0.01
 57362 110.67  31.75   935   0.01
 57389 113.75  31.03    32   0.01
 57407 105.03  30.28   462    0.3
 57408 105.35  30.12   338   0.01
 57416 106.93  30.33   391   11.1
 57420 107.18  30.75   418   24.2
 57425 107.33  30.33   433    3.0
 57431 108.35  30.83   257    0.6
 57437 108.03  30.30   325   0.01
 57438 108.12  29.98   632   0.01
 57453 111.32  30.77   115   0.01
 57464 111.18  30.47   142    1.2
 57465 111.45  30.38    74    1.9
 57466 111.75  30.43    50    0.4
 57469 111.77  30.18    69    2.2
 57475 112.90  30.40    31    0.4
 57477 112.22  30.07    38    5.5
 57481 113.57  30.95    30   0.01
 57485 113.47  30.28    23    2.2
 57486 113.85  30.65    25    0.1
 57489 114.00  30.58    38    1.0
 57491 114.40  30.87    31   0.01
 57492 114.84  30.84    40    1.1
 57495 114.88  30.67    28    1.5
 57496 114.87  30.37    31    4.3
 57498 114.90  30.43    21    3.7
 57499 114.88  30.07    40    5.7
 57505 105.58  29.42   338    4.8
 57506 105.90  29.37   353    2.1
 57507 105.30  29.33   385    1.2
 57508 105.37  29.15   301    1.8
 57509 106.93  28.95   325    4.8
 57511 106.45  29.85   240    0.1
 57513 106.62  29.73   464    0.1
 57514 106.22  29.58   331    0.1
 57518 106.50  29.33   506    0.1
 57537 108.17  29.30   322    0.1
 57540 109.15  29.68   776    0.1
 57541 109.48  30.00   532    0.1
 57543 110.03  29.90   539    1.7
 57544 109.45  29.47   488    3.9
 57558 110.47  29.13   183   19.0
 57564 111.13  29.43   103   10.2
 57565 111.73  29.67    38   12.5
 57566 111.65  29.45    51   11.0
 57571 112.40  29.70    35   13.5
 57575 112.55  29.52    31   10.5
 57577 112.17  29.40    36   10.1
 57582 113.88  29.72    46    7.8
 57585 113.45  29.48    60    6.2
 57586 114.03  29.53    78    9.9
 57589 113.87  29.27   146   16.1
 57590 114.37  29.85    98    6.1
 57596 114.20  29.63   751   14.2
 57600 105.06  28.71   420   23.0
 57603 105.83  28.82   283    3.7
 57605 105.82  28.03   537    6.9
 57609 105.70  28.58   317   11.7
 57634 107.88  28.52   660    0.6
 57635 108.98  28.45   363   37.8
 57636 108.50  28.57   334   46.5
 57637 108.10  28.25   629    3.2
 57640 109.45  28.58   341   41.2
 57643 109.83  29.00   268   25.3
 57646 109.95  28.62   302   85.7
 57657 110.20  28.22   186   67.4
 57658 110.20  28.02   152   80.3
 57661 111.48  28.92    48   10.4
 57663 111.95  28.92    31   12.0
 57666 112.13  28.52    52   37.5
 57674 112.38  28.57    46   29.5
 57678 112.55  28.25    74   51.0
 57680 113.07  28.80    46   17.3
 57688 113.63  28.16   101   57.9
 57694 114.38  28.53   259   39.7
 57698 114.45  28.12    98   39.6
 57699 114.92  28.23    66   16.8
 57708 105.60  27.15  1700   17.9
 57713 106.88  27.70   843    1.1
 57714 106.23  27.47   942    4.1
 57717 106.83  27.53   974    7.5
 57719 106.97  27.07  1275    7.9
 57720 107.17  27.88   889    2.9
 57723 107.72  27.98   710    2.4
 57728 107.47  27.07  1096    5.0
 57732 108.40  28.02   456    7.7
 57734 108.23  27.57   467    4.9
 57735 108.82  27.18   404   79.8
 57736 108.85  27.70   369   40.4
 57737 108.12  27.03   547   28.9
 57738 108.42  27.05   516   84.4
 57739 108.92  27.23   394   73.6
 57740 109.60  27.95   349   48.0
 57742 109.20  27.52   884  102.3
 57743 109.80  27.88   176   77.3
 57744 109.17  27.37   355   85.4
 57754 110.15  27.35   170   61.0
 57760 111.43  27.70   249   91.7
 57762 111.70  27.69   165   82.2
 57763 112.00  27.68   205   61.1
 57767 111.01  27.13   308   28.3
 57768 111.45  27.32   242   28.5
 57769 111.73  27.23   252   30.2
 57771 112.53  27.93    88  101.0
 57772 112.50  27.75    86  103.1
 57777 112.87  27.23    63   26.0
 57778 112.95  27.09    70   47.6
 57781 113.50  27.65    74   36.0
 57783 113.82  27.88   118   47.6
 57786 113.85  27.63   117   33.8
 57792 114.68  27.82    93   20.9
 57794 114.02  27.63   177   44.1
 57796 114.88  27.83   189   14.9
 57798 114.60  27.40    85   16.5
 57800 105.37  26.77  1457   14.3
 57807 105.47  26.21  1361    5.3
 57808 105.75  26.32  1274    4.9
 57809 105.75  26.07  1251    2.6
 57811 106.60  26.83  1296    5.9
 57813 106.47  26.57  1261    2.3
 57814 106.27  26.42  1298    4.2
 57818 106.45  26.03  1140    0.4
 57821 107.50  26.70   925    7.0
 57822 107.90  26.90   835   11.1
 57824 107.23  26.58  1001   14.4
 57828 107.58  26.50   983    9.0
 57829 107.80  26.20   963   28.3
 57834 108.30  26.68   641   11.7
 57835 108.43  26.72   527   16.5
 57837 108.07  26.40   839   18.5
 57842 109.72  26.88   281   80.5
 57844 109.18  26.68   343   25.7
 57846 110.15  26.58   310   23.1
 57851 110.83  26.46   346   29.2
 57859 110.63  26.03   408   25.0
 57860 111.28  27.00   283   16.2
 57865 111.58  26.47   166   38.7
 57867 111.28  26.40   169   23.3
 57868 111.86  26.59   113   30.2
 57870 112.10  26.80   151   38.1
 57871 112.37  26.98    90   29.2
 57875 112.68  26.75   137   71.8
 57876 112.83  26.43   135   10.4
 57881 113.25  26.72   101   90.1
 57882 113.55  26.79   136   82.5
 57883 114.28  26.75   253   48.1
 57886 113.80  26.48   268   43.9
 57887 113.12  26.12   167   38.6
 57891 114.25  26.93   153   87.5
 57895 114.78  26.47   101   11.1
 57899 114.92  26.80    71   44.3
 57900 105.22  25.83  1552    3.6
 57903 105.60  25.94  1142    3.4
 57905 105.63  25.40  1063   12.7
 57908 105.48  25.12  1394    0.1
 57911 106.65  26.67  1323    9.1
 57913 106.98  26.45  1093    2.0
 57914 106.67  26.42  1149    0.9
 57915 106.77  26.63  1104    4.4
 57921 107.32  25.83   708   11.4
 57923 107.87  25.98   419   28.7
 57927 107.18  24.97   287   16.2
 57936 108.91  25.76   258    6.9
 57941 109.60  25.78   197   37.1
 57942 110.00  25.80   268   62.4
 57948 109.25  25.08   122   59.0
 57949 110.00  24.98   156   89.7
 57954 110.18  25.23   157   92.5
 57955 110.67  25.62   224   19.3
 57956 110.32  25.42   167   39.2
 57958 110.32  25.08   151  115.7
 57960 111.07  25.93   195   16.1
 57962 111.65  25.97   167   28.1
 57964 111.15  25.50   263   19.8
 57966 111.96  25.59   244   37.0
 57969 111.33  25.27   227   54.6
 57971 112.20  25.92   224   71.2
 57973 112.72  25.75   329   29.2
 57975 112.20  25.38   277   59.6
 57976 112.94  25.41   222   43.0
 57978 112.55  25.27   292   78.6
 57981 113.22  25.97   139   16.3
 57985 113.68  25.57   609   87.9
 57988 113.35  25.15   102   18.9
 57989 113.77  25.07   112    7.3
 57990 114.30  25.70   246   36.0
 57991 114.55  25.80   140   52.9
 57992 114.75  25.67   127   13.6
 57994 114.35  25.40   215    6.6
 57995 114.93  25.40   164   0.01
 58001 115.10  34.43    56    0.3
 58002 115.58  34.85    49    1.1
 58003 115.88  34.95    45   56.6
 58004 115.15  34.65    60    0.6
 58007 115.30  34.07    47   0.01
 58012 116.58  34.68    40   0.01
 58013 116.91  34.75    36    0.3
 58016 116.97  34.18    34    2.7
 58017 116.13  34.25    41    0.7
 58020 117.13  34.80    35   0.01
 58030 118.02  34.88    44   0.01
 58032 118.65  34.93    70   0.01
 58044 119.23  34.55     4    0.2
 58101 115.48  33.87    41    0.2
 58104 115.07  33.40    41   0.01
 58107 115.28  33.02    35    1.0
 58108 115.33  33.23    34    8.8
 58109 115.62  33.18    33    0.4
 58112 116.45  30.73   968    2.9
 58113 116.75  33.93    31   20.1
 58116 116.83  33.98    31    8.9
 58146 119.77  33.47     3    2.5
 58147 118.97  32.98    24    1.3
 58148 119.31  33.25     4    1.1
 58154 120.20  33.43     2   15.2
 58230 118.28  32.12    26   0.01
 58235 118.85  32.37    10    7.9
 58237 118.59  32.06    46    0.4
 58240 119.02  32.68    21   0.01
 58242 119.16  32.30    22    2.9
 58243 119.82  32.95     3   0.01
 58244 119.59  32.45     5    2.7
 58245 119.42  32.41     9    2.3
 58246 119.99  32.56     2    2.4
 58247 119.80  32.27     3    1.5
 58249 120.05  32.16     6    2.7
 58250 120.16  32.51     6    1.5
 58254 120.45  32.52     5   14.0
 58257 120.26  31.99     4    5.2
 58264 121.18  32.33     3   13.0
 58268 121.08  32.10     4   13.5
 58269 121.65  31.78     3   28.8
 58316 116.92  31.47    23    0.9
 58317 116.37  30.87   434    2.6
 58327 117.28  31.27    45    2.9
 58329 117.87  31.33     9    2.7
 58330 118.08  31.75    26    2.0
 58331 118.37  31.73    22    2.1
 58334 118.37  31.38     9    2.1
 58335 118.52  31.57    23    2.4
 58337 118.18  31.08    26    2.1
 58339 118.90  31.33    15    2.2
 58340 119.03  31.66    25    2.2
 58341 119.59  31.98     6    2.2
 58342 119.55  31.72     6    2.9
 58344 119.20  31.96    36    2.4
 58346 119.81  31.34    16   12.7
 58349 120.56  31.41     8   23.3
 58351 120.30  31.90     4    6.8
 58352 120.77  31.65     4   22.8
 58353 120.57  31.87     8   29.0
 58359 120.62  31.13     4   28.8
 58360 121.20  31.92     3   27.0
 58361 121.37  31.10     5   40.4
 58365 121.25  31.37     4   42.8
 58366 121.49  31.67     4   36.1
 58367 121.43  31.20     4   43.9
 58369 121.78  31.05     5   38.7
 58370 121.53  31.23     4   48.0
 58377 121.11  31.51     5   38.0
 58401 115.40  30.75   123    2.9
 58404 115.22  30.47    61    3.5
 58408 115.43  30.23    35    3.2
 58409 115.93  30.10    32    5.9
 58415 116.55  30.67    64    1.5
 58416 116.82  30.75    35    1.1
 58417 116.13  30.17    54    4.0
 58418 116.67  30.13    60    6.0
 58420 117.23  30.72    58    1.9
 58421 117.87  30.63    31    2.8
 58423 117.78  30.48   647    5.2
 58426 118.13  30.30   193   10.3
 58427 117.50  30.65    15    3.1
 58428 117.50  30.22   118    7.9
 58431 118.32  30.90    39    4.1
 58432 118.40  30.68    57    9.7
 58433 118.75  30.93    31    4.3
 58435 118.53  30.30   220   25.1
 58438 118.58  30.08   191   35.7
 58441 119.42  30.87    43   28.4
 58442 119.18  31.17    16    5.4
 58443 119.89  31.02    25   24.4
 58446 119.70  30.63    72   40.8
 58449 119.95  30.05    46   45.8
 58451 120.93  30.83     2   38.5
 58452 120.77  30.73     4   44.6
 58453 120.50  30.07     7   83.1
 58454 119.98  30.53   102   35.8
 58455 120.65  30.52     8   47.9
 58456 120.52  30.63     6   42.9
 58458 120.90  30.54     4   57.4
 58459 120.29  30.19    44   75.1
 58460 121.35  30.73     5   43.5
 58461 121.12  31.13     4   42.4
 58462 121.23  31.03     4   37.7
 58463 121.50  30.88     4   37.4
 58468 121.17  30.05     5   55.6
 58484 122.20  30.25    37   25.7
 58501 115.63  29.92    23    5.9
 58502 116.00  29.73    36    8.2
 58503 115.67  29.70    41    9.2
 58505 115.90  29.62    63    8.6
 58507 115.12  29.25   116   14.3
 58508 115.77  29.33    41    6.9
 58509 115.82  29.05    36   10.7
 58510 116.23  29.73    40   12.1
 58512 116.55  29.90    71    6.5
 58514 116.05  29.45    37    7.8
 58517 116.20  29.27    35    9.7
 58523 117.93  29.93   227   22.7
 58524 117.22  29.37    87   17.3
 58529 117.85  29.27    80   51.2
 58530 118.43  29.87   168   40.0
 58534 118.18  29.78   170   39.4
 58537 118.40  29.13   153   64.6
 58542 119.68  29.82    46   57.4
 58544 119.27  29.48    88   61.9
 58546 119.88  29.47   115   58.6
 58547 119.18  29.03    66   67.5
 58548 119.47  29.22    50   70.7
 58550 120.25  29.70    39   58.9
 58555 120.88  29.52   113   33.6
 58558 120.22  29.27    89   46.7
 58559 120.98  29.17    58   87.9
 58560 120.43  29.05   304   32.4
 58561 121.60  29.98     4   62.9
 58563 121.83  29.88     5   25.3
 58565 121.39  29.69    41   70.3
 58566 121.88  29.47     6   33.3
 58567 121.43  29.32    39   16.6
 58568 121.38  29.12    34   46.2
 58570 122.30  29.95    85   16.0
 58601 115.38  28.70    53   15.6
 58602 115.55  28.85    40   10.5
 58605 115.38  28.42    46   18.3
 58607 115.95  28.55    31   10.3
 58609 115.82  28.22    27   33.0
 58614 116.27  28.38    34   41.8
 58615 117.08  28.68    56   26.3
 58616 116.82  28.20    40   33.8
 58618 116.60  28.27    82   24.1
 58619 116.37  28.00    49   35.7
 58620 117.10  29.02    51   23.0
 58623 117.92  28.47    90   72.3
 58624 117.43  28.40    70   86.9
 58625 117.60  28.42    79   66.4
 58627 117.03  28.25    55   85.0
 58629 117.70  28.32    55   81.4
 58631 118.50  28.90   137   42.2
 58632 118.60  28.72   126   92.5
 58635 118.20  28.43    95   71.8
 58642 119.80  28.88   105   49.4
 58643 120.03  28.90   102   39.4
 58644 119.28  28.60   237   41.0
 58647 119.13  28.08   222   21.6
 58654 120.08  28.67   184   39.7
 58656 120.97  28.07    60   16.4
 58657 120.28  28.15    57   28.7
 58658 120.68  28.15    34   27.4
 58659 120.65  28.03    28   19.4
 58660 121.20  28.87     6   25.5
 58664 121.37  28.37    35    4.6
 58693 115.83  28.70    40   20.9
 58701 115.40  27.77    46   25.8
 58704 115.35  27.62    52   48.0
 58706 115.83  27.43   181   32.6
 58707 115.13  27.22    66   19.0
 58710 116.05  27.77    78   27.3
 58712 116.78  27.92   130   27.9
 58713 117.07  27.72   225   26.5
 58714 116.23  27.55   120   20.8
 58719 116.93  27.30   131    4.7
 58724 117.32  27.53   268    9.7
 58735 118.75  27.52   260   25.9
 58736 118.82  27.38   262   0.01
 58745 119.08  27.62   400    5.5
 58746 119.70  27.55   538    2.9
 58747 119.35  27.15   899    0.9
 58748 119.65  27.10    50   21.9
 58749 119.88  27.23   684   29.8
 58750 120.08  27.78   105   31.2
 58751 120.57  27.67   254   15.3
 58804 115.35  26.35   151   19.0
 58814 116.35  26.35   247    2.7
 58819 116.82  26.18   336    8.1
 58821 117.47  26.73   173    4.8
 58822 116.85  26.83   342   40.7
 58823 117.80  26.80   175    2.5
 58824 117.15  26.40   357    6.7
 58826 117.80  26.40   120    1.2
 58828 117.62  26.27   208   19.6
 58839 118.85  26.23    40   0.01
 58844 119.15  26.15    57    4.9
 58845 119.53  26.50    60    7.9
 58848 119.55  26.20    13   13.1
 58850 120.23  26.92    92   11.6
 58903 116.03  25.90   210   36.2
 58905 115.42  25.97   133    2.2
 58906 115.80  25.60   167   31.7
 58928 117.53  25.02   166    0.6
 58929 118.15  25.07    68    0.4
 58932 118.93  25.87    85   0.01
 58934 118.27  25.33   170   14.5
 58935 118.23  25.48   521    7.9
 58938 118.98  25.23    23    0.2
 58940 119.33  26.08    25   13.3
 58946 119.00  25.45    81    1.5
 59001 105.33  24.78   672   28.2
 59004 105.10  24.50   725   21.6
 59012 106.55  24.78   972    3.9
 59015 106.57  24.35   437   50.6
 59017 106.27  24.27   278   48.2
 59022 107.55  24.98   697   46.0
 59025 107.38  24.53   248   42.9
 59027 107.25  24.13   254   86.0
 59031 108.26  24.81   342   15.6
 59033 108.90  24.78   328   30.3
 59034 108.67  24.48   150   24.7
 59038 108.65  24.07   138   73.1
 59041 109.25  24.65   108  101.9
 59044 109.38  24.47    97   30.3
 59045 109.75  24.48    94  106.2
 59047 109.33  24.25   100  107.8
 59051 110.50  24.77   136   39.0
 59052 110.82  24.83   169   94.0
 59053 110.67  24.62   105   17.4
 59055 110.40  24.50   165   44.7
 59057 110.18  24.13   830   14.2
 59059 110.80  24.18   105   19.6
 59061 111.27  24.82   193   76.1
 59063 111.45  25.18   265   85.1
 59064 111.32  24.55   136   13.4
 59071 112.28  24.73   174   33.4
 59074 112.15  24.57   300   11.1
 59075 112.63  24.48    70    5.7
 59081 113.29  24.78   131   21.7
 59090 114.07  24.95   103    0.3
 59091 114.52  24.75   277   0.01
 59106 115.90  24.58   152    0.4
 59109 115.73  24.15   123    9.2
 59114 116.17  24.65   135    3.7
 59122 117.75  24.62    43   14.7
 59124 117.38  24.52    53   13.7
 59125 117.30  24.38   108    1.1
 59127 117.83  24.43    32   29.5
 59129 117.60  24.13    53   24.6
 59130 118.15  24.73    30   20.4
 59131 118.37  24.97    45    7.0
 59137 118.57  24.82    56    4.6
 59205 105.63  23.65   685   39.6
 59213 106.92  23.73   110   55.4
 59215 106.63  23.33   680   24.1
 59224 107.12  23.60   111   59.1
 59227 107.14  23.11   454   68.3
 59229 107.70  23.17   125   43.1
 59230 108.17  23.72   168   74.2
 59235 108.62  23.43   115   12.2
 59237 108.28  23.17   111   54.5
 59238 108.80  23.22   122   38.2
 59241 109.68  23.97    90    2.6
 59246 109.67  23.60    70   12.2
 59249 109.62  23.12    51    0.2
 59264 111.50  23.40    83   11.6
 59266 111.23  23.42    42   0.01
 59268 111.53  23.25    29   0.01
 59269 111.78  23.17    47   0.01
 59270 112.18  23.92    84   46.8
 59276 112.65  23.35    40    8.0
 59285 113.60  23.57    38    0.2
 59310 116.18  23.77    45    1.2
 59314 116.13  23.30    29    1.4
 59318 116.58  23.27     5   27.8
 59319 116.83  23.43     4    4.2
 59320 117.13  23.75    37    0.2
 59322 117.37  23.98    22   32.7
 59419 106.75  22.10   242   0.01
 59421 107.20  22.83   255   40.5
 59425 107.35  22.40   107    0.8
 59426 107.92  22.61   146   0.01
 59432 108.40  22.80   194    1.4
 59448 109.55  22.27    69    0.5
