diamond  3 2014年09月07日08点24小时降雨量                    
  14  09  07  08    -1 3 10 25 50 1 0
 39 122.7  37.3 122.5  36.7 120.8  36.2 119.3  35.0 120.4  34.3
 121.1  32.7 122.3  30.9 122.5  30.1 121.5  28.0 119.8  25.0
 116.1  22.6 111.0  21.0 111.0  18.6 109.6  18.1 108.3  18.5
 108.9  19.9 109.3  21.0 106.4  21.6 104.1  22.2 101.6  20.8
  98.7  22.0  97.1  24.1  97.7  27.0  91.7  26.6  85.7  27.7
  78.9  30.6  73.3  37.1  74.1  40.7  87.6  49.8  98.5  43.9
 110.4  44.3 122.0  54.7 135.7  48.3 131.5  42.2 125.2  39.4
 121.3  38.5 121.2  40.3 118.5  38.6 120.8  38.1
 1     611
 50673 130.40  48.88    90    0.3
 50776 130.83  47.57    83    5.3
 50779 134.28  48.37    40   10.2
 50787 131.84  47.31    62    0.1
 50878 130.72  47.00    78    2.5
 50880 131.12  46.73   102    0.1
 50965 128.27  45.43   167    0.5
 50979 130.23  45.27   274    2.3
 51137  82.93  46.20   715    0.8
 51145  83.65  46.55   521    0.6
 51357  85.62  44.33   522   0.01
 51436  83.30  43.45   928    2.0
 51438  81.77  43.18  1210    1.0
 51627  79.23  41.22  1395    1.3
 51629  80.23  41.27  1132    2.2
 51636  82.65  41.55  1009    5.5
 51722  80.40  40.65  1044    0.8
 51802  76.17  38.93  1297    0.3
 52557 100.17  39.15  1453    0.4
 52575 102.78  39.42  1239    0.1
 52607 106.65  39.43  1252   0.01
 52643  99.62  38.83  2311    1.3
 52656 100.82  38.43  2281    2.5
 52784 102.90  37.47  2072    0.8
 52853 100.98  36.90  3010    2.4
 52855 101.25  36.68  2675    2.8
 52862 101.68  36.95  2450    2.8
 52863 101.95  36.82  2480    2.7
 52869 101.58  36.50  2667    3.2
 52874 102.40  36.48  1980    0.7
 52875 102.10  36.50  2125    0.4
 52877 102.25  36.10  2834   0.01
 52881 103.18  36.98  2484    2.2
 52885 103.25  36.75  2118    5.0
 52896 104.15  36.55  1738    5.4
 52957 100.60  35.25  3148   0.01
 52968 101.47  35.03  3662   0.01
 52978 102.52  35.20  2929    0.4
 52981 103.38  35.68  2421    0.7
 52982 103.55  35.48  1953    0.1
 52985 103.33  35.42  2162    0.9
 52988 103.72  35.37  2015   0.01
 52993 105.07  35.68  1739   0.01
 52996 105.02  35.38  2450    0.7
 52998 104.20  35.13  2111    1.2
 53289 113.83  42.23  1322    0.3
 53324 107.05  41.07  1035    2.0
 53337 108.27  41.10  1023    1.3
 53343 109.97  41.77  1612   0.01
 53348 109.13  41.02  1078   11.5
 53357 110.05  41.03  1360   13.7
 53367 111.23  41.32  1602    0.8
 53368 111.47  41.08  1637    1.3
 53378 112.62  41.28  1737    1.7
 53385 113.54  41.60  1420    0.2
 53392 114.60  41.85  1422    2.0
 53397 113.98  41.10  1376   11.1
 53419 107.00  40.33  1055    0.7
 53420 107.12  40.85  1024    0.9
 53433 108.65  40.73  1020    2.7
 53455 110.53  40.55   998    9.1
 53457 110.03  40.40  1011   16.6
 53464 111.17  40.72  1042    8.2
 53466 111.70  40.75  1045    3.5
 53467 111.18  40.27  1016    4.2
 53469 111.82  40.40  1166    7.9
 53472 112.57  40.87  1451    4.8
 53475 112.47  40.52  1268    1.4
 53481 113.22  40.80  1316    5.5
 53483 113.83  40.87  1268    7.4
 53484 113.15  40.45  1191    1.9
 53486 113.77  40.37  1050    2.9
 53488 113.58  40.03  1034    8.9
 53491 114.38  40.67   837    3.4
 53492 114.15  40.10   937    3.8
 53498 115.03  40.57   629    1.7
 53499 114.73  40.77   755    3.0
 53512 106.80  39.80  1105    3.6
 53517 106.33  39.27  1464    1.3
 53518 106.35  39.03  1117    0.1
 53522 107.83  40.05  1180    2.9
 53533 108.71  39.81  1414   10.8
 53545 109.71  39.56  1367    6.5
 53547 109.03  39.10  1312    1.8
 53553 111.22  39.87  1221   11.9
 53562 111.67  39.92  1187    5.7
 53565 111.50  39.43  1051    7.7
 53567 111.00  39.02  1024    7.6
 53573 112.70  40.00  1336    9.7
 53574 112.27  39.52  1409    4.8
 53575 112.20  39.10  1525    5.4
 53576 112.82  39.50  1045    2.4
 53577 112.30  39.00  1437    2.7
 53579 112.90  39.02   859    1.1
 53580 113.10  39.82  1044    4.7
 53582 113.67  39.72  1079    3.0
 53584 113.17  39.57  1000    3.5
 53585 113.27  39.17   933    3.2
 53590 114.27  39.75   977    3.5
 53596 115.13  38.85    52   0.01
 53599 114.68  39.37   884    0.6
 53602 105.67  38.83  1561   0.01
 53603 106.37  38.83  1095    0.1
 53610 106.35  38.57  1106    0.3
 53617 106.08  38.03  1118    0.3
 53618 106.25  38.28  1113    0.9
 53619 106.30  38.12  1115    0.3
 53644 108.83  38.60  1307    0.9
 53658 110.48  38.03   894    5.9
 53659 111.00  37.97  1163   10.3
 53660 111.08  39.02   894    9.0
 53662 111.58  38.72  1396    3.2
 53665 111.65  38.28  1185    2.6
 53666 111.93  38.35  1212    3.2
 53669 111.80  38.08  1150    1.3
 53674 112.70  38.40   869    1.7
 53676 112.98  38.50   759    1.3
 53677 112.48  37.93   806    3.8
 53678 112.65  38.07   897    2.3
 53679 112.54  37.75   776    5.0
 53681 113.37  38.83  1096    2.3
 53682 114.68  38.63   104   0.01
 53685 113.42  38.07   953    0.1
 53693 114.13  38.03   255    0.1
 53699 114.95  38.18    45   0.01
 53707 105.25  36.93  1697    8.6
 53727 107.12  37.17  1712    6.1
 53730 107.48  38.18  1333    1.2
 53732 108.72  37.85  1209    0.1
 53748 109.70  37.18  1063    5.9
 53750 110.18  37.77   931    3.2
 53751 110.05  37.60   894    2.5
 53753 110.88  37.43   860   10.0
 53756 110.72  37.52   744    7.7
 53757 110.12  37.12   938    6.0
 53759 110.83  36.98  1109    7.9
 53760 111.23  37.88  1212   15.4
 53763 112.17  37.92  1006    2.6
 53767 111.17  37.33  1213   10.0
 53768 111.75  37.15   773    8.3
 53769 111.78  37.25   747    7.9
 53770 112.35  37.35   768   10.1
 53771 112.05  37.42   750   12.4
 53774 112.37  37.58   759    5.3
 53776 112.77  37.68   831    3.9
 53777 112.15  37.53   759    8.2
 53778 112.22  37.17   780    6.5
 53780 113.15  37.91  1066    2.0
 53781 114.47  36.87    67    0.1
 53782 113.62  37.93   767    0.3
 53783 113.70  37.60   876    3.3
 53784 114.78  37.75    38    0.8
 53785 114.67  37.52    35    1.9
 53786 113.33  37.09  1152    4.0
 53788 113.57  37.33  1265    9.2
 53789 114.63  37.88    52    0.2
 53790 114.61  37.63    44    1.8
 53791 114.52  37.77    66    0.6
 53792 114.48  37.45   113    1.4
 53794 114.75  37.35    33    1.3
 53795 114.37  37.65   137    1.2
 53796 114.89  37.62    30    1.7
 53797 114.52  37.28    73    2.1
 53799 115.00  37.24    25    1.7
 53829 107.90  35.98  1093    4.6
 53832 108.77  36.77  1218    8.0
 53841 109.32  36.88  1068    7.0
 53848 109.35  36.27  1005    2.7
 53850 110.18  36.88   804    6.8
 53852 110.63  36.77   916   11.1
 53856 110.75  36.47   765    3.9
 53857 110.18  36.07   840    2.0
 53860 111.17  36.98  1406    5.5
 53861 111.38  35.88   463    2.2
 53862 111.80  36.85   811    8.9
 53864 111.10  36.40  1030    5.9
 53865 111.55  36.65  1011    7.9
 53866 111.67  36.23   462    3.1
 53869 111.70  36.58   550    7.4
 53871 112.85  36.83   964    3.7
 53872 112.68  36.77   960    4.9
 53873 112.87  36.10   951    1.3
 53874 111.90  36.25   648    4.5
 53875 112.35  36.52  1000    2.8
 53878 113.38  36.52   767    1.5
 53879 112.88  36.32   952    3.5
 53880 113.23  36.33   947    1.6
 53881 106.48  37.28  1382   0.01
 53883 114.70  37.13    36    1.8
 53885 113.20  36.12  1122    1.1
 53886 113.67  36.57   470    0.6
 53888 113.43  36.20  1089    1.5
 53889 113.82  36.07   306   0.01
 53890 114.10  36.67   280    0.1
 53891 114.68  37.02    43    0.5
 53892 114.47  36.62    66   0.01
 53896 114.95  36.35    50    0.5
 53899 114.97  36.48    48    0.1
 53906 105.72  35.52  1656    2.0
 53908 105.23  35.22  1768    6.8
 53914 106.12  35.62  2078    2.6
 53916 106.32  35.50  1948    7.8
 53917 106.07  35.22  1631    2.1
 53925 107.18  35.68  1172    2.4
 53927 106.62  35.20  1477   0.01
 53930 107.98  36.45  1271    3.2
 53931 109.37  36.00   984    6.5
 53934 107.98  35.78  1274    1.8
 53935 108.40  35.48  1481   0.01
 53937 107.92  35.52   979    0.6
 53941 109.58  35.18   804    2.2
 53944 109.25  35.57   863   0.01
 53946 109.82  35.60  1091    1.7
 53947 109.07  35.08   978    2.0
 53949 109.92  35.18   679    2.1
 53950 110.15  35.23   708    2.2
 53953 110.85  35.97   965    6.1
 53954 110.97  35.62   433    2.1
 53956 110.83  35.40   588    4.0
 53957 110.72  35.62   459    1.9
 53958 110.78  35.17   435    3.9
 53961 111.48  35.65   472    0.6
 53962 111.70  35.73   584    1.1
 53964 111.22  35.62   430    1.4
 53965 111.57  35.52   761    0.1
 53966 111.83  35.98   817    3.3
 53967 111.20  35.33   468    1.1
 53970 112.20  35.70   887    0.3
 53976 112.87  35.50   752   0.01
 53978 112.63  35.08   140   0.01
 53980 114.80  36.55    50   0.01
 53981 113.27  35.78  1311   0.01
 53985 113.82  35.50   140   0.01
 53988 113.67  35.27    77   0.01
 53989 113.98  35.08    75   0.01
 53992 114.52  35.65    58   0.01
 53994 114.07  35.38    70   0.01
 53995 114.50  35.55    62   0.01
 53996 114.65  36.45    57    0.4
 53997 114.18  35.15    71   0.01
 54092 129.40  44.60   292   11.6
 54093 130.55  44.93   266    7.8
 54098 129.47  44.33   267    4.8
 54099 131.13  44.08   148    1.1
 54117 117.53  43.25  1003    1.0
 54192 130.27  43.70   384    0.3
 54204 115.00  42.30  1346    0.1
 54205 116.00  42.23  1315    3.2
 54214 118.42  42.58   960    0.2
 54291 130.28  42.90    36    4.0
 54293 129.83  42.95   142    6.2
 54301 115.67  41.67  1412    1.8
 54304 115.27  40.95  1239    1.9
 54305 115.27  41.88  1468    4.8
 54330 121.33  41.13    45    0.1
 54398 116.62  40.13    28    0.1
 54404 115.83  40.88   867    2.1
 54408 115.22  40.38   529    0.8
 54410 116.13  40.60  1224    2.2
 54412 116.63  40.73   331    0.8
 54419 116.63  40.37    75    0.5
 54420 117.33  40.93   529    0.2
 54421 117.12  40.65   293    0.7
 54424 117.12  40.17    32   0.01
 54425 117.47  40.40   633    0.4
 54428 117.40  40.03    15   0.01
 54433 116.50  39.95    35   0.01
 54434 118.33  40.17   131   0.01
 54494 124.07  40.47    72   0.01
 54499 116.22  40.22    76    0.4
 54501 115.68  39.97   440    0.3
 54502 116.03  39.48    29   0.01
 54505 116.10  39.94    98   0.01
 54506 115.95  39.32    24   0.01
 54507 115.52  39.33    49    0.3
 54512 116.28  39.42    21   0.01
 54594 116.35  39.72    37   0.01
 54605 115.93  38.93     4   0.01
 54607 115.12  38.72    45   0.01
 54608 115.55  38.00    26    0.2
 54611 115.32  38.93    44   0.01
 54631 115.15  37.07    32    0.3
 54632 115.03  37.07    34    0.4
 54633 115.23  37.52    26    1.5
 54640 114.87  36.92    36   0.01
 54701 115.20  37.93    35    0.3
 54702 115.70  37.73    20    0.5
 54703 115.88  37.80    21    0.3
 54704 115.57  37.52    24    1.1
 54706 115.67  37.08    31   0.01
 54707 115.98  37.35    27    0.2
 54708 115.73  37.50    23    0.7
 54709 116.07  37.22    25   0.01
 54711 116.28  37.70    18    0.7
 54713 116.53  37.88    14   0.01
 54714 116.33  37.45    23    0.2
 54716 116.80  37.67    16   0.01
 54717 116.40  37.63    17    0.2
 54723 117.57  37.65    10   0.01
 54800 115.25  37.00    33   0.01
 54801 115.48  36.85    35   0.01
 54803 116.02  36.98    27   0.01
 54804 115.13  36.30    44    0.7
 54817 115.87  35.98    42    0.1
 54910 116.05  35.82    40    0.1
 56016  95.62  33.85  4179   13.2
 56034  97.13  33.80  4415    0.8
 56045  99.90  33.97  4050    0.1
 56071 102.50  34.58  3105    6.4
 56081 103.35  34.70  2810    3.6
 56082 103.50  34.58  2540    1.5
 56084 103.23  34.07  2374    4.4
 56091 104.47  34.85  1883    7.9
 56092 104.65  35.00  1728    6.9
 56094 104.37  33.78  1400    1.0
 56095 104.38  34.03  1753    1.9
 56097 104.25  33.27  1440    3.8
 56147  98.83  31.22  3260    3.0
 56158 100.67  31.40  3250    0.5
 56164 100.98  32.27  3284    1.3
 56171 101.70  32.90  3275    3.8
 56180 103.85  31.68  1590   0.01
 56185 102.98  32.08  2400   0.01
 56186 104.20  31.33   589    0.2
 56189 103.93  30.98   581    0.1
 56190 104.55  31.55   519    2.6
 56192 104.67  32.95  1014    1.4
 56193 104.52  32.42   893    0.4
 56194 104.45  31.63   597    3.0
 56195 104.73  31.80   543    3.4
 56197 104.17  31.15   535    1.8
 56198 104.50  31.32   525    0.9
 56199 104.68  31.03   423    0.3
 56272 103.88  30.82   558    0.1
 56273 102.82  30.39  1022   0.01
 56276 103.82  30.45   467    0.2
 56278 102.77  30.07   755    1.2
 56279 102.93  30.15   682    0.2
 56280 103.12  30.08   691    0.6
 56281 103.50  30.18   510   0.01
 56284 103.43  30.45   518    0.1
 56285 103.52  30.60   523   0.01
 56286 104.25  30.55   515    0.1
 56288 103.92  30.58   494    0.5
 56291 104.28  30.93   469    0.3
 56296 104.43  30.85   448    0.1
 56297 104.15  30.02   436    0.1
 56298 104.60  30.13   417   0.01
 56373 102.85  29.78   763   0.01
 56378 102.35  29.23   890   0.01
 56380 103.35  29.88   571    1.0
 56383 103.87  29.83   455   0.01
 56384 103.48  29.60   446    2.1
 56389 103.95  29.20   387    0.5
 56390 104.07  29.67   404    0.9
 56393 104.85  29.77   369    0.1
 56394 104.43  29.45   384    1.5
 56395 104.67  29.52   351    0.4
 56396 104.77  29.35   352    1.8
 56399 104.98  29.18   306    0.8
 56474 102.17  28.55  1774    2.7
 56480 103.53  28.82   564   0.01
 56483 103.95  28.58   496   0.01
 56490 103.90  28.95   424    1.0
 56491 104.57  28.70   287    0.3
 56493 104.97  28.85   292    0.4
 56497 104.23  28.10   448    0.3
 56498 104.50  28.15   549    1.4
 56499 104.78  28.38   368    0.9
 56567 100.85  27.30  2240    4.1
 56569 102.18  27.42  1380    1.1
 56582 103.90  27.75  1176   0.01
 56592 104.52  28.43   359    1.2
 56593 104.92  28.58   279    0.4
 56641  98.87  26.90  1189    0.3
 56645  99.42  26.42  2344    3.2
 56646  99.92  26.53  2191    0.3
 56649  99.96  26.11  2059    0.8
 56652 100.75  26.68  2130    5.0
 56654 100.18  26.58  2195    2.6
 56669 101.67  26.05  1531    0.2
 56670 102.12  26.92  1136   0.01
 56697 104.08  26.22  1984    0.2
 56742  99.37  25.90  1658    0.3
 56745  99.95  25.68  1626    0.8
 56746  99.52  25.47  1616    2.3
 56752 100.57  25.83  1438    0.4
 56756 100.58  25.48  1992   0.01
 56757 100.28  25.27  1742    0.2
 56761 101.32  25.72  1878   0.01
 56764 101.23  25.53  1873   0.01
 56766 101.52  25.31  1822    0.4
 56767 101.28  25.18  1857   33.0
 56772 102.50  25.23  1692    0.3
 56774 102.42  25.53  1710    1.0
 56775 102.45  25.55  1750   0.01
 56777 102.07  25.15  1566   0.01
 56783 103.80  25.50  1906    0.1
 56790 104.25  25.68  1925    1.1
 56835  97.82  24.07   959    0.6
 56836  97.95  24.70   826   23.2
 56839  98.82  23.77   995   0.01
 56840  98.30  24.82  1012   58.3
 56841  98.68  24.60  1528   16.2
 56842  99.18  24.73  1471   12.4
 56843  99.62  24.83  1650    3.6
 56844  98.58  24.43   913   25.0
 56846  99.93  24.58  1569    2.8
 56849  99.23  24.03  1606    1.6
 56851 100.53  25.04  1377   0.01
 56854 100.13  24.45  1108    8.9
 56862 101.60  24.68  1968    2.8
 56863 102.48  24.93  1848    2.0
 56867 101.12  23.98  1105    0.9
 56869 101.97  24.07  1497   0.01
 56871 102.60  24.65  1893    1.2
 56876 102.77  24.28  1731   0.01
 56878 102.75  24.13  1801    0.2
 56879 102.91  24.19  1702   0.01
 56882 102.83  24.91  1976    0.8
 56891 104.32  24.98  1482    0.2
 56898 102.41  24.18  1600   13.8
 56944  99.27  23.15  1278    0.5
 56948  99.60  22.63  1155   33.7
 56949  99.60  22.32   945    7.2
 56950  99.80  23.47  1044    8.9
 56952 100.70  23.50   913   10.3
 56958 100.42  21.92  1176   15.8
 56961 101.05  23.03  1336   13.6
 56962 101.67  23.42  1314    0.2
 56970 102.48  23.70  1419    3.8
 56973 102.83  23.62  1309    3.7
 56975 102.43  23.37   974    0.2
 56976 102.83  23.23   232    0.1
 56978 102.42  23.00  1642    9.8
 56987 103.23  22.78  1260   19.4
 56989 103.95  22.50   137    2.5
 56992 104.70  23.45  1507    0.1
 56995 104.42  23.03  1332   0.01
 57001 105.33  34.75  1271    0.6
 57002 105.65  34.85  1216    0.3
 57004 104.88  34.73  1495    1.7
 57006 105.75  34.58  1141    0.1
 57007 105.18  34.18  1404    0.4
 57008 105.30  34.03  1579    1.4
 57011 106.15  34.75  1378    0.1
 57012 106.20  34.98  1664    0.4
 57016 107.13  34.35   612    0.5
 57020 107.40  34.37   563    1.4
 57021 107.13  34.65   751    0.1
 57024 107.65  34.45   669    1.7
 57026 107.88  34.37   585    1.5
 57027 107.73  34.27   517    3.4
 57029 108.48  34.50   543    2.2
 57031 108.55  34.82  1012    1.0
 57032 108.20  34.13   436    3.9
 57033 108.82  34.55   428    1.8
 57035 108.23  34.55   636    4.6
 57038 108.45  34.28   410    3.5
 57039 108.88  34.08   445    3.2
 57040 109.08  34.52   377    2.1
 57041 108.92  34.63   424    1.8
 57042 109.18  34.78   470    0.6
 57043 109.97  34.80   351    0.7
 57044 109.23  34.40   424    2.5
 57045 109.48  34.52   349    2.4
 57047 109.32  34.17   540    2.8
 57053 110.72  34.70   505    1.4
 57054 110.23  34.55   556    1.0
 57055 110.08  34.55   351    1.9
 57056 110.86  34.54   484    0.7
 57057 110.15  34.10   963    7.9
 57060 111.23  35.17   402    0.5
 57061 111.20  34.83   410    1.2
 57063 111.77  34.77   523    2.0
 57065 112.13  34.55   317    1.4
 57066 111.67  34.40   408    8.7
 57070 112.12  34.73   364    0.8
 57072 112.75  34.92   127   0.01
 57074 112.40  34.42   252    4.5
 57080 112.97  34.73   165   0.01
 57081 113.43  34.80   140   0.01
 57082 113.02  34.47   427    0.7
 57084 113.05  34.49  1178    0.7
 57085 113.33  34.53   259    0.2
 57090 113.97  34.72    78   0.01
 57102 105.72  33.75   970    0.7
 57105 105.60  33.33  1221    3.9
 57110 106.08  33.78   930    1.4
 57111 106.30  33.92   961    0.7
 57113 106.53  33.90   985    1.2
 57119 106.70  33.17   548   19.2
 57123 108.07  34.28   506    2.6
 57126 107.55  33.22   468   12.5
 57128 107.33  33.17   486    9.9
 57129 107.72  32.98   446   10.7
 57132 108.58  34.13   411    4.4
 57137 108.32  33.32   802    7.9
 57140 109.12  33.67   818    3.8
 57204 105.22  32.57   782    6.6
 57208 105.52  32.28   544   11.7
 57213 106.93  33.00   536   12.8
 57216 106.83  32.35   579   27.1
 57217 106.28  32.23   485   24.1
 57303 105.92  31.73   459    4.4
 57304 105.17  31.67   516    0.5
 57307 105.08  31.10   404    3.4
 57308 105.38  31.22   421    4.0
 57309 105.88  30.98   378    7.2
 57314 106.07  31.35   405    0.9
 57315 106.40  31.53   655    1.8
 57317 106.42  31.03   324    0.4
 57320 107.22  31.93   482    0.1
 57324 107.08  31.58   364    0.2
 57401 105.37  30.87   383    1.3
 57402 105.70  30.77   394    5.3
 57407 105.03  30.28   462    0.2
 57408 105.35  30.12   338    2.3
 57409 105.80  30.18   297    0.2
 57425 107.33  30.33   433    0.4
 57505 105.58  29.42   338    1.6
 57507 105.30  29.33   385    1.9
 57508 105.37  29.15   301    1.9
 57514 106.22  29.58   331    0.2
 57537 108.17  29.30   322    0.1
 57540 109.15  29.68   776    0.4
 57541 109.48  30.00   532    0.2
 57543 110.03  29.90   539    0.1
 57544 109.45  29.47   488    2.8
 57600 105.06  28.71   420    1.5
 57603 105.83  28.82   283    1.1
 57609 105.70  28.58   317    0.2
 57636 108.50  28.57   334    3.4
 57658 110.20  28.02   152   0.01
 57717 106.83  27.53   974   0.01
 57719 106.97  27.07  1275    0.1
 57723 107.72  27.98   710   0.01
 57732 108.40  28.02   456    0.1
 57736 108.85  27.70   369   0.01
 57738 108.42  27.05   516   0.01
 57762 111.70  27.69   165    0.1
 57808 105.75  26.32  1274   0.01
 57811 106.60  26.83  1296   0.01
 57818 106.45  26.03  1140    0.7
 57821 107.50  26.70   925    0.1
 57822 107.90  26.90   835   0.01
 57824 107.23  26.58  1001    1.7
 57828 107.58  26.50   983    1.1
 57829 107.80  26.20   963   0.01
 57834 108.30  26.68   641    4.0
 57835 108.43  26.72   527    0.3
 57900 105.22  25.83  1552   0.01
 57905 105.63  25.40  1063   0.01
 57911 106.65  26.67  1323    0.1
 57913 106.98  26.45  1093    5.3
 57914 106.67  26.42  1149   12.2
 57915 106.77  26.63  1104    5.7
 57921 107.32  25.83   708    0.2
 57923 107.87  25.98   419    0.1
 57927 107.18  24.97   287    0.4
 57942 110.00  25.80   268    4.7
 57975 112.20  25.38   277    0.1
 58426 118.13  30.30   193   0.01
 58435 118.53  30.30   220   0.01
 58441 119.42  30.87    43   37.6
 58446 119.70  30.63    72    4.8
 58451 120.93  30.83     2    0.1
 58452 120.77  30.73     4    1.0
 58455 120.65  30.52     8    1.9
 58456 120.52  30.63     6    0.9
 58459 120.29  30.19    44    0.1
 58460 121.35  30.73     5   0.01
 58463 121.50  30.88     4    1.9
 58544 119.27  29.48    88    1.1
 58546 119.88  29.47   115    0.4
 58559 120.98  29.17    58    1.1
 58560 120.43  29.05   304    0.6
 58565 121.39  29.69    41   14.4
 58566 121.88  29.47     6    0.3
 58567 121.43  29.32    39    8.0
 58642 119.80  28.88   105   0.01
 58643 120.03  28.90   102    0.2
 58644 119.28  28.60   237    1.9
 58647 119.13  28.08   222    5.1
 58656 120.97  28.07    60    2.8
 58657 120.28  28.15    57    9.7
 58658 120.68  28.15    34   12.4
 58659 120.65  28.03    28   50.4
 58660 121.20  28.87     6   0.01
 58664 121.37  28.37    35    0.2
 58746 119.70  27.55   538    0.9
 58747 119.35  27.15   899   21.6
 58748 119.65  27.10    50   70.4
 58749 119.88  27.23   684   38.8
 58750 120.08  27.78   105   11.4
 58751 120.57  27.67   254   13.3
 58804 115.35  26.35   151    1.9
 58839 118.85  26.23    40    0.4
 58928 117.53  25.02   166   38.3
 58934 118.27  25.33   170    0.3
 59001 105.33  24.78   672    7.7
 59004 105.10  24.50   725   0.01
 59022 107.55  24.98   697    1.8
 59025 107.38  24.53   248    0.1
 59057 110.18  24.13   830    0.7
 59071 112.28  24.73   174   0.01
 59114 116.17  24.65   135    0.5
 59246 109.67  23.60    70   0.01
 59249 109.62  23.12    51   22.3
 59449 109.98  22.30    85   0.01
 59457 110.27  22.32   121   10.1
