diamond  3 2014年09月28日08点24小时降雨量                    
  14  09  28  08    -1 3 10 25 50 1 0
 39 122.7  37.3 122.5  36.7 120.8  36.2 119.3  35.0 120.4  34.3
 121.1  32.7 122.3  30.9 122.5  30.1 121.5  28.0 119.8  25.0
 116.1  22.6 111.0  21.0 111.0  18.6 109.6  18.1 108.3  18.5
 108.9  19.9 109.3  21.0 106.4  21.6 104.1  22.2 101.6  20.8
  98.7  22.0  97.1  24.1  97.7  27.0  91.7  26.6  85.7  27.7
  78.9  30.6  73.3  37.1  74.1  40.7  87.6  49.8  98.5  43.9
 110.4  44.3 122.0  54.7 135.7  48.3 131.5  42.2 125.2  39.4
 121.3  38.5 121.2  40.3 118.5  38.6 120.8  38.1
 1     713
 50431 121.52  50.78   717    1.2
 50445 123.73  50.58   423    1.4
 50566 128.47  49.55   116    1.9
 50655 126.18  48.50   266   0.01
 50673 130.40  48.88    90    8.1
 50674 129.43  48.57   404    6.4
 50741 123.50  47.93   185   0.01
 50772 129.23  48.10   288    2.9
 50776 130.83  47.57    83    1.7
 50778 132.53  47.67    57    2.2
 50779 134.28  48.37    40    4.1
 50787 131.84  47.31    62    0.2
 50851 126.08  46.68   207   0.01
 50852 126.45  46.82   169    0.1
 50858 125.93  46.07   135   0.01
 50861 127.48  46.89   182    0.2
 50867 127.35  46.08   134    0.7
 50871 129.88  46.73    95    0.2
 50878 130.72  47.00    78    0.2
 50879 130.55  46.22   187    1.6
 50880 131.12  46.73   102    0.7
 50884 131.15  46.63   175    1.1
 50892 134.00  46.80    54   20.0
 50956 126.77  46.08   134    0.3
 50960 127.38  45.73   184    0.5
 50962 128.03  45.95   112    0.3
 50971 131.02  45.77   223    1.7
 50979 130.23  45.27   274    2.0
 50985 131.87  45.55   151    0.4
 50987 131.09  45.26   219    0.3
 51137  82.93  46.20   715    0.5
 51145  83.65  46.55   521   0.01
 51328  80.42  44.20   770    1.4
 51329  80.85  44.05   640    1.5
 51430  81.15  43.83   602   0.01
 52745  99.02  37.30  3417    1.4
 52842  99.08  36.78  3087    0.2
 52853 100.98  36.90  3010    0.2
 52855 101.25  36.68  2675    0.1
 52869 101.58  36.50  2667    0.6
 52874 102.40  36.48  1980    0.4
 52875 102.10  36.50  2125    0.3
 52877 102.25  36.10  2834    6.3
 52881 103.18  36.98  2484    4.8
 52885 103.25  36.75  2118    1.0
 52896 104.15  36.55  1738    8.7
 52957 100.60  35.25  3148    1.4
 52963 102.02  35.93  2085    1.2
 52968 101.47  35.03  3662    2.7
 52972 102.45  35.85  1921    0.7
 52978 102.52  35.20  2929    0.8
 52980 103.30  35.97  1648    1.8
 52981 103.38  35.68  2421    6.6
 52982 103.55  35.48  1953    6.8
 52985 103.33  35.42  2162    8.4
 52988 103.72  35.37  2015    4.6
 52993 105.07  35.68  1739    3.9
 52995 104.62  35.58  1897    2.3
 52996 105.02  35.38  2450    6.8
 52998 104.20  35.13  2111    6.5
 53467 111.18  40.27  1016    0.1
 53469 111.82  40.40  1166    1.1
 53484 113.15  40.45  1191    0.8
 53486 113.77  40.37  1050    0.6
 53488 113.58  40.03  1034    1.8
 53492 114.15  40.10   937    1.3
 53553 111.22  39.87  1221   0.01
 53562 111.67  39.92  1187    5.6
 53565 111.50  39.43  1051   16.0
 53567 111.00  39.02  1024    1.1
 53573 112.70  40.00  1336    2.4
 53574 112.27  39.52  1409    2.3
 53575 112.20  39.10  1525    3.0
 53576 112.82  39.50  1045    1.2
 53577 112.30  39.00  1437    0.3
 53579 112.90  39.02   859   0.01
 53580 113.10  39.82  1044    4.6
 53582 113.67  39.72  1079    1.2
 53584 113.17  39.57  1000    0.7
 53585 113.27  39.17   933   0.01
 53590 114.27  39.75   977    0.2
 53599 114.68  39.37   884    0.1
 53618 106.25  38.28  1113    0.1
 53619 106.30  38.12  1115    0.3
 53644 108.83  38.60  1307    0.1
 53658 110.48  38.03   894    3.8
 53659 111.00  37.97  1163    5.0
 53660 111.08  39.02   894    4.5
 53662 111.58  38.72  1396    0.8
 53665 111.65  38.28  1185    1.0
 53666 111.93  38.35  1212    3.1
 53669 111.80  38.08  1150    1.5
 53674 112.70  38.40   869    1.0
 53676 112.98  38.50   759    2.0
 53677 112.48  37.93   806    2.7
 53678 112.65  38.07   897    0.8
 53679 112.54  37.75   776    1.7
 53680 114.38  38.30   108    0.2
 53681 113.37  38.83  1096    2.1
 53682 114.68  38.63   104   0.01
 53685 113.42  38.07   953    1.1
 53690 114.18  38.85   281   0.01
 53693 114.13  38.03   255   0.01
 53694 114.22  38.27   131    0.3
 53697 114.83  38.03    53   0.01
 53699 114.95  38.18    45   0.01
 53707 105.25  36.93  1697    2.5
 53727 107.12  37.17  1712    2.5
 53730 107.48  38.18  1333    1.3
 53732 108.72  37.85  1209    2.9
 53748 109.70  37.18  1063   17.0
 53750 110.18  37.77   931    6.2
 53751 110.05  37.60   894   12.5
 53753 110.88  37.43   860   15.8
 53756 110.72  37.52   744    7.4
 53757 110.12  37.12   938   24.2
 53759 110.83  36.98  1109   10.9
 53760 111.23  37.88  1212   11.4
 53763 112.17  37.92  1006    8.1
 53767 111.17  37.33  1213    6.3
 53768 111.75  37.15   773   12.3
 53769 111.78  37.25   747   22.0
 53770 112.35  37.35   768    8.6
 53771 112.05  37.42   750    9.6
 53774 112.37  37.58   759    4.1
 53776 112.77  37.68   831    3.5
 53777 112.15  37.53   759    4.8
 53778 112.22  37.17   780    9.2
 53780 113.15  37.91  1066    8.0
 53781 114.47  36.87    67    1.5
 53782 113.62  37.93   767    0.5
 53783 113.70  37.60   876    0.2
 53784 114.78  37.75    38    0.1
 53785 114.67  37.52    35   0.01
 53786 113.33  37.09  1152    0.2
 53788 113.57  37.33  1265   0.01
 53789 114.63  37.88    52   0.01
 53790 114.61  37.63    44    0.3
 53791 114.52  37.77    66    0.1
 53792 114.48  37.45   113   0.01
 53795 114.37  37.65   137    0.3
 53796 114.89  37.62    30   0.01
 53829 107.90  35.98  1093   20.1
 53832 108.77  36.77  1218    5.2
 53841 109.32  36.88  1068   13.7
 53848 109.35  36.27  1005   11.1
 53850 110.18  36.88   804   29.0
 53852 110.63  36.77   916   13.9
 53856 110.75  36.47   765    3.9
 53857 110.18  36.07   840    8.3
 53860 111.17  36.98  1406   16.7
 53861 111.38  35.88   463   15.7
 53862 111.80  36.85   811    9.5
 53864 111.10  36.40  1030    5.8
 53865 111.55  36.65  1011   13.7
 53866 111.67  36.23   462    5.8
 53869 111.70  36.58   550    3.5
 53871 112.85  36.83   964   10.6
 53872 112.68  36.77   960    3.9
 53873 112.87  36.10   951   20.9
 53874 111.90  36.25   648    6.3
 53875 112.35  36.52  1000   17.7
 53878 113.38  36.52   767    6.1
 53879 112.88  36.32   952    7.5
 53880 113.23  36.33   947    6.7
 53881 106.48  37.28  1382    3.4
 53883 114.70  37.13    36   0.01
 53885 113.20  36.12  1122   11.8
 53886 113.67  36.57   470    6.1
 53888 113.43  36.20  1089    7.7
 53889 113.82  36.07   306    6.1
 53890 114.10  36.67   280   13.7
 53891 114.68  37.02    43    0.1
 53892 114.47  36.62    66    8.2
 53893 114.95  36.77    39   10.4
 53894 114.20  36.40   149   13.2
 53895 114.50  36.78    60    2.3
 53896 114.95  36.35    50   46.8
 53897 114.38  36.38    69    0.4
 53899 114.97  36.48    48   20.5
 53906 105.72  35.52  1656    9.1
 53908 105.23  35.22  1768    7.6
 53914 106.12  35.62  2078    9.1
 53916 106.32  35.50  1948   11.9
 53917 106.07  35.22  1631    9.8
 53924 107.62  35.07   966   26.2
 53925 107.18  35.68  1172   11.5
 53926 107.35  35.35  1028   20.1
 53927 106.62  35.20  1477   19.2
 53928 107.02  35.30  1149   25.6
 53930 107.98  36.45  1271   10.2
 53931 109.37  36.00   984   19.0
 53934 107.98  35.78  1274   19.5
 53935 108.40  35.48  1481   17.5
 53937 107.92  35.52   979   31.3
 53938 108.30  35.17  1277   16.0
 53941 109.58  35.18   804   15.0
 53944 109.25  35.57   863   24.7
 53945 109.07  35.43  1395   21.0
 53946 109.82  35.60  1091   10.9
 53947 109.07  35.08   978    7.7
 53949 109.92  35.18   679    8.5
 53950 110.15  35.23   708    8.8
 53953 110.85  35.97   965   11.1
 53954 110.97  35.62   433    9.3
 53956 110.83  35.40   588   17.9
 53957 110.72  35.62   459   17.9
 53958 110.78  35.17   435   14.9
 53961 111.48  35.65   472   16.2
 53962 111.70  35.73   584   16.3
 53964 111.22  35.62   430   11.0
 53965 111.57  35.52   761   11.9
 53966 111.83  35.98   817    8.3
 53967 111.20  35.33   468   10.6
 53970 112.20  35.70   887   15.9
 53972 112.90  35.05   117   22.2
 53973 112.95  35.77   837    7.3
 53974 114.23  35.61    70   11.0
 53976 112.87  35.50   752   10.5
 53978 112.63  35.08   140   25.2
 53979 113.08  35.15   120   21.3
 53980 114.80  36.55    50   19.3
 53981 113.27  35.78  1311   10.6
 53982 113.27  35.23   112   13.8
 53983 114.42  35.03    69   25.8
 53984 113.47  35.23    82   15.7
 53985 113.82  35.50   140   10.2
 53987 113.36  35.11    94   23.2
 53988 113.67  35.27    77   14.5
 53989 113.98  35.08    75   31.4
 53991 114.33  35.92    93    6.9
 53992 114.52  35.65    58   10.9
 53993 114.92  35.93    51    6.8
 53994 114.07  35.38    70   35.0
 53995 114.50  35.55    62   10.1
 53996 114.65  36.45    57    5.4
 53997 114.18  35.15    71   33.6
 53998 114.65  35.20    61   15.9
 54076 126.93  44.38   268   0.01
 54080 127.15  44.90   194   0.01
 54290 129.40  42.77   241   0.01
 54291 130.28  42.90    36    0.2
 54507 115.52  39.33    49    0.3
 54604 115.33  38.42    29   0.01
 54609 115.59  38.23    22   0.01
 54615 116.85  38.58     8   0.01
 54626 115.82  38.42    13   0.01
 54627 117.23  38.03     8   0.01
 54631 115.15  37.07    32    1.2
 54632 115.03  37.07    34    0.2
 54640 114.87  36.92    36    1.5
 54702 115.70  37.73    20   0.01
 54703 115.88  37.80    21   0.01
 54706 115.67  37.08    31    4.9
 54711 116.28  37.70    18   0.01
 54712 116.82  37.20    18   0.01
 54713 116.53  37.88    14   0.01
 54718 116.47  37.15    22   0.01
 54723 117.57  37.65    10   0.01
 54738 118.40  37.05    15   0.01
 54765 121.43  37.48    82    0.4
 54777 122.07  37.20   118   0.01
 54778 122.48  37.17    61    0.2
 54800 115.25  37.00    33    0.8
 54801 115.48  36.85    35    0.7
 54802 115.73  36.82    34    1.1
 54803 116.02  36.98    27    3.8
 54804 115.13  36.30    44    5.6
 54805 115.47  36.45    39    1.3
 54806 115.97  36.42    33    2.0
 54807 115.77  36.15    41    4.8
 54810 116.27  36.87    27   0.01
 54811 116.62  36.93    20   0.01
 54812 116.75  36.78    22    0.2
 54814 116.25  36.53    29    1.7
 54815 116.27  36.38    31    2.8
 54816 116.80  36.52    98    2.6
 54817 115.87  35.98    42    3.0
 54818 116.42  36.25    79    1.6
 54819 116.80  36.18   113    3.3
 54820 115.17  36.82    36    3.7
 54821 117.20  37.00    20   0.01
 54822 117.73  36.87    47    0.3
 54824 117.95  36.63    95    3.0
 54825 117.85  36.52   189    2.7
 54827 117.15  36.17   128    4.4
 54828 117.68  36.23   229    4.4
 54829 117.87  36.77    85    1.3
 54830 117.93  36.82    34    0.3
 54831 118.50  36.65   102    2.7
 54832 118.73  36.88    25    0.3
 54833 118.08  36.97    15    0.1
 54834 118.28  36.87    46    0.3
 54835 118.55  36.50   106    2.4
 54837 118.83  36.68    78    1.5
 54841 119.42  36.86    23    1.6
 54844 119.18  36.42    62    4.7
 54846 119.74  36.39    51    1.8
 54848 119.42  35.98    82   0.01
 54851 120.56  36.90    76   0.01
 54852 120.73  36.97    54   0.01
 54853 120.42  36.17    42   0.01
 54855 120.47  36.38    26    0.6
 54861 121.53  36.93    45   0.01
 54871 122.48  36.93     9   0.01
 54900 115.02  35.70    53    6.0
 54901 115.17  36.08    47    4.2
 54902 115.12  35.90    49   11.2
 54903 115.48  35.85    45    2.6
 54904 115.52  35.58    50    6.3
 54905 115.93  35.58    46   12.6
 54906 115.42  35.25    49   23.5
 54907 116.65  34.98    34   14.0
 54908 115.10  35.27    57   15.8
 54910 116.05  35.82    40    0.5
 54911 116.40  35.93    44    1.9
 54912 116.50  35.77    41   11.1
 54913 116.82  35.75    62    5.1
 54914 116.08  35.42    40   11.9
 54915 116.60  35.43    33    5.1
 54917 116.32  35.10    36   16.1
 54918 116.97  35.60    62    5.4
 54919 116.98  35.38    88    4.4
 54920 117.28  35.65   110    3.0
 54921 116.33  35.42    38    8.5
 54922 117.78  35.88   224    4.0
 54923 117.93  35.72   202    1.2
 54925 117.63  35.52   167    3.4
 54927 117.20  35.10    74    6.8
 54932 118.65  35.77   186    0.6
 54935 118.43  35.53   119    1.1
 54938 118.40  35.05    65    5.7
 54939 118.82  35.17   113    2.1
 54943 120.00  35.88    10   0.01
 56016  95.62  33.85  4179    3.2
 56034  97.13  33.80  4415    0.2
 56045  99.90  33.97  4050    1.3
 56071 102.50  34.58  3105    2.7
 56081 103.35  34.70  2810    1.8
 56082 103.50  34.58  2540    3.6
 56084 103.23  34.07  2374    4.7
 56091 104.47  34.85  1883    8.0
 56092 104.65  35.00  1728    6.2
 56094 104.37  33.78  1400    3.8
 56095 104.38  34.03  1753    6.6
 56097 104.25  33.27  1440    6.2
 56109  93.78  31.48  3940    0.8
 56128  96.60  31.22  3810    3.7
 56147  98.83  31.22  3260    7.3
 56158 100.67  31.40  3250    0.9
 56164 100.98  32.27  3284   12.5
 56168 102.07  31.48  2168   23.6
 56171 101.70  32.90  3275    9.3
 56180 103.85  31.68  1590    5.4
 56183 103.62  31.50  1370    2.9
 56184 103.17  31.43  1896    9.0
 56185 102.98  32.08  2400   14.0
 56186 104.20  31.33   589    0.3
 56189 103.93  30.98   581    0.1
 56190 104.55  31.55   519    0.2
 56192 104.67  32.95  1014    2.8
 56193 104.52  32.42   893    3.7
 56194 104.45  31.63   597   0.01
 56197 104.17  31.15   535    0.5
 56198 104.50  31.32   525    0.1
 56199 104.68  31.03   423    0.3
 56263 101.88  30.88  1949    2.1
 56267 101.02  30.03  2600    0.1
 56272 103.88  30.82   558   0.01
 56273 102.82  30.39  1022    0.3
 56276 103.82  30.45   467   0.01
 56278 102.77  30.07   755    1.2
 56279 102.93  30.15   682    1.5
 56280 103.12  30.08   691    0.7
 56281 103.50  30.18   510   0.01
 56288 103.92  30.58   494    0.1
 56290 104.18  30.78   514    1.0
 56291 104.28  30.93   469    0.2
 56295 104.55  30.38   448   0.01
 56296 104.43  30.85   448    0.2
 56298 104.60  30.13   417    0.6
 56317  94.22  29.22  2950    9.9
 56342  98.60  29.68  3870    3.4
 56373 102.85  29.78   763    0.7
 56376 102.63  29.33  1098    0.2
 56378 102.35  29.23   890   0.01
 56389 103.95  29.20   387   0.01
 56393 104.85  29.77   369   0.01
 56394 104.43  29.45   384    0.6
 56399 104.98  29.18   306    0.3
 56441  99.28  28.72  2422   0.01
 56443  99.80  28.93  2842   0.01
 56473 102.77  28.95  1060   0.01
 56480 103.53  28.82   564    0.2
 56483 103.95  28.58   496    0.5
 56489 103.63  28.23   877   0.01
 56490 103.90  28.95   424   0.01
 56491 104.57  28.70   287    0.1
 56493 104.97  28.85   292    0.2
 56496 105.23  28.32   358    0.4
 56497 104.23  28.10   448    1.3
 56498 104.50  28.15   549    0.1
 56499 104.78  28.38   368    0.8
 56593 104.92  28.58   279    3.8
 56596 105.05  27.85  1177   0.01
 56641  98.87  26.90  1189    2.1
 56645  99.42  26.42  2344    0.1
 56670 102.12  26.92  1136   0.01
 56675 102.58  26.65  1694    0.5
 56745  99.95  25.68  1626   0.01
 56746  99.52  25.47  1616    0.2
 56790 104.25  25.68  1925    0.2
 56835  97.82  24.07   959    8.7
 56836  97.95  24.70   826    7.9
 56839  98.82  23.77   995    0.6
 56840  98.30  24.82  1012    6.3
 56841  98.68  24.60  1528    7.9
 56842  99.18  24.73  1471    0.1
 56844  98.58  24.43   913    0.6
 56846  99.93  24.58  1569   0.01
 56849  99.23  24.03  1606    0.4
 56867 101.12  23.98  1105    2.3
 56869 101.97  24.07  1497    0.2
 56898 102.41  24.18  1600    0.1
 56944  99.27  23.15  1278    4.5
 56948  99.60  22.63  1155    1.2
 56949  99.60  22.32   945    0.2
 56950  99.80  23.47  1044    0.1
 56958 100.42  21.92  1176    0.4
 56978 102.42  23.00  1642    0.2
 56989 103.95  22.50   137    6.6
 57001 105.33  34.75  1271   10.6
 57002 105.65  34.85  1216   12.7
 57003 106.83  34.90   924   16.4
 57004 104.88  34.73  1495    7.3
 57006 105.75  34.58  1141   12.0
 57007 105.18  34.18  1404    4.2
 57008 105.30  34.03  1579    4.7
 57011 106.15  34.75  1378   15.1
 57012 106.20  34.98  1664   10.2
 57016 107.13  34.35   612   22.0
 57020 107.40  34.37   563   24.5
 57021 107.13  34.65   751   17.7
 57022 107.78  34.68  1026   22.8
 57023 108.11  35.02   919   18.7
 57024 107.65  34.45   669   19.6
 57026 107.88  34.37   585   20.1
 57027 107.73  34.27   517   22.3
 57029 108.48  34.50   543   15.9
 57031 108.55  34.82  1012   23.8
 57032 108.20  34.13   436   30.6
 57033 108.82  34.55   428   21.6
 57035 108.23  34.55   636   29.2
 57038 108.45  34.28   410   37.3
 57039 108.88  34.08   445   15.1
 57040 109.08  34.52   377   27.3
 57041 108.92  34.63   424   21.8
 57042 109.18  34.78   470    9.3
 57043 109.97  34.80   351   10.6
 57044 109.23  34.40   424   19.1
 57045 109.48  34.52   349    9.7
 57047 109.32  34.17   540    6.0
 57053 110.72  34.70   505   17.8
 57054 110.23  34.55   556    9.3
 57055 110.08  34.55   351    4.1
 57056 110.86  34.54   484   18.4
 57057 110.15  34.10   963   11.3
 57060 111.23  35.17   402    6.5
 57061 111.20  34.83   410   24.7
 57063 111.77  34.77   523   28.1
 57065 112.13  34.55   317   35.5
 57066 111.67  34.40   408   17.2
 57070 112.12  34.73   364   44.3
 57072 112.75  34.92   127   35.8
 57074 112.40  34.42   252   23.4
 57075 112.87  34.17   203   22.9
 57076 112.78  34.73   189   17.4
 57078 112.47  34.15   336   30.9
 57079 113.03  34.95   106   23.5
 57080 112.97  34.73   165   23.9
 57081 113.43  34.80   140   35.4
 57082 113.02  34.47   427   23.3
 57084 113.05  34.49  1178   34.2
 57085 113.33  34.53   259   28.2
 57086 113.72  34.38   116   25.5
 57087 113.73  34.27   104   10.1
 57088 113.50  34.15   116   14.2
 57090 113.97  34.72    78   39.3
 57093 114.82  34.85    73   20.5
 57094 114.22  34.40    67   21.7
 57095 114.15  34.12    61    7.8
 57096 114.78  34.53    59   50.5
 57098 114.40  34.08    58    9.3
 57099 114.85  34.07    52   19.1
 57102 105.72  33.75   970    2.5
 57105 105.60  33.33  1221    3.6
 57110 106.08  33.78   930    3.6
 57111 106.30  33.92   961    5.6
 57113 106.53  33.90   985    7.1
 57119 106.70  33.17   548    6.8
 57123 108.07  34.28   506   25.8
 57126 107.55  33.22   468    9.1
 57128 107.33  33.17   486    6.9
 57129 107.72  32.98   446    9.7
 57132 108.58  34.13   411   22.2
 57137 108.32  33.32   802    4.9
 57140 109.12  33.67   818   18.3
 57153 110.33  33.68   581   22.2
 57155 109.87  33.55   660   10.4
 57162 112.07  34.13   440   23.1
 57169 111.87  33.05   159   27.0
 57173 112.88  33.75   145   20.9
 57175 112.23  33.05   191   27.4
 57176 112.42  33.48   231   21.7
 57177 113.53  33.33    89   62.7
 57179 113.00  33.28   160   53.8
 57180 113.20  33.98   117   21.2
 57182 113.52  33.85    80   21.3
 57183 113.92  33.80    60   27.9
 57184 113.30  33.63    97   23.9
 57185 113.58  33.45    91   45.0
 57186 114.05  33.60    58   29.7
 57187 112.93  33.07   118   64.0
 57188 114.03  33.37    55   85.1
 57189 113.95  33.13    64   77.8
 57190 114.40  33.75    50   21.2
 57191 114.48  34.48    63   20.6
 57192 114.85  33.73    45   23.4
 57194 114.27  33.28    59   68.2
 57195 114.62  33.62    46   26.3
 57196 114.87  33.47    42   36.4
 57197 114.35  32.97    50   67.1
 57198 114.57  33.50    44   34.8
 57204 105.22  32.57   782    3.1
 57208 105.52  32.28   544    0.5
 57213 106.93  33.00   536    9.4
 57216 106.83  32.35   579   10.9
 57217 106.28  32.23   485    5.0
 57231 108.53  32.53   503   31.9
 57233 108.50  32.90   413   20.0
 57242 109.37  32.85   285   20.5
 57247 108.90  32.32   438   32.6
 57248 109.33  32.40   431   23.3
 57249 109.68  32.32   448   27.6
 57253 110.82  32.85   201   25.7
 57254 110.12  32.82   322   41.3
 57257 110.23  32.23   307   44.2
 57260 111.52  32.57   133   16.8
 57261 111.52  33.12   233   21.0
 57268 111.62  32.27   120   19.3
 57271 112.38  32.52    87   35.2
 57273 112.85  32.68   109   59.3
 57274 112.12  32.70   107   32.9
 57281 113.30  32.70   142   96.7
 57292 114.63  32.97    44  104.1
 57293 114.98  32.73    38  103.1
 57294 114.02  32.83    83  127.6
 57295 114.35  32.62    78  136.7
 57296 114.73  32.35    48    7.0
 57298 114.55  32.22    55    4.3
 57299 114.90  32.02    49    4.4
 57303 105.92  31.73   459    1.2
 57308 105.38  31.22   421    0.9
 57309 105.88  30.98   378    7.0
 57314 106.07  31.35   405    9.9
 57315 106.40  31.53   655   11.5
 57317 106.42  31.03   324    8.3
 57318 106.55  31.07   338   17.1
 57320 107.22  31.93   482   21.4
 57324 107.08  31.58   364   21.5
 57326 107.72  31.37   389   45.5
 57329 107.85  31.10   467   42.6
 57333 108.67  31.95   798   36.3
 57338 108.42  31.18   216   47.3
 57339 108.68  30.95   297   82.7
 57345 109.62  31.40   337   42.5
 57349 109.87  31.07   275   22.6
 57361 111.27  31.88   327   25.5
 57362 110.67  31.75   935   22.0
 57363 111.83  31.80   151   18.7
 57368 111.63  31.05   141    0.8
 57370 112.22  31.73    67   30.5
 57386 114.00  31.25    51    1.3
 57389 113.75  31.03    32    5.3
 57401 105.37  30.87   383    4.1
 57402 105.70  30.77   394    6.5
 57407 105.03  30.28   462    0.2
 57408 105.35  30.12   338    1.0
 57409 105.80  30.18   297    6.2
 57413 106.97  30.85   295   33.5
 57414 106.45  30.52   403   12.6
 57415 106.63  30.53   394   30.0
 57416 106.93  30.33   391   16.5
 57417 106.28  30.35   315   16.7
 57420 107.18  30.75   418   23.7
 57425 107.33  30.33   433   22.7
 57431 108.35  30.83   257   76.9
 57437 108.03  30.30   325    2.6
 57438 108.12  29.98   632    1.1
 57453 111.32  30.77   115    0.3
 57462 111.08  30.87   139    1.3
 57464 111.18  30.47   142    0.4
 57465 111.45  30.38    74   0.01
 57481 113.57  30.95    30    4.7
 57505 105.58  29.42   338    4.8
 57506 105.90  29.37   353    4.0
 57507 105.30  29.33   385    1.2
 57508 105.37  29.15   301    0.7
 57509 106.93  28.95   325    3.0
 57510 106.07  29.85   326   15.5
 57511 106.45  29.85   240    4.0
 57513 106.62  29.73   464   12.4
 57514 106.22  29.58   331    4.1
 57518 106.50  29.33   506    1.7
 57519 107.11  29.16   698    3.7
 57522 107.27  29.74   372    1.1
 57525 107.75  29.32   277    3.3
 57537 108.17  29.30   322    0.8
 57540 109.15  29.68   776    0.2
 57541 109.48  30.00   532    3.0
 57543 110.03  29.90   539    7.9
 57544 109.45  29.47   488   0.01
 57564 111.13  29.43   103    2.2
 57582 113.88  29.72    46   0.01
 57590 114.37  29.85    98   0.01
 57600 105.06  28.71   420    0.2
 57603 105.83  28.82   283    2.0
 57609 105.70  28.58   317    2.3
 57720 107.17  27.88   889    0.2
 57736 108.85  27.70   369   0.01
 57740 109.60  27.95   349   0.01
 57786 113.85  27.63   117   0.01
 57808 105.75  26.32  1274   0.01
 57828 107.58  26.50   983   0.01
 57829 107.80  26.20   963   0.01
 58001 115.10  34.43    56   23.0
 58002 115.58  34.85    49   18.2
 58003 115.88  34.95    45   18.0
 58004 115.15  34.65    60   16.0
 58006 115.88  34.38    46   10.6
 58007 115.30  34.07    47   18.9
 58008 115.33  34.47    54   14.0
 58011 116.07  34.80    46   10.9
 58012 116.58  34.68    40   15.0
 58013 116.91  34.75    36   11.9
 58016 116.97  34.18    34   18.0
 58017 116.13  34.25    41   22.4
 58020 117.13  34.80    35   12.9
 58021 117.28  34.78    80   17.9
 58022 117.57  34.75    48   20.0
 58024 117.58  34.87    77   16.6
 58025 117.73  34.57    27   18.9
 58030 118.02  34.88    44   12.5
 58032 118.65  34.93    70    5.5
 58035 118.35  34.33    29    9.3
 58036 118.71  34.54    32    6.8
 58041 119.43  34.78    26    2.7
 58044 119.23  34.55     4    3.8
 58045 119.60  34.20     4    0.3
 58048 119.35  34.12     4    0.1
 58100 115.17  33.65    41   31.0
 58101 115.48  33.87    41   20.7
 58104 115.07  33.40    41   20.3
 58107 115.28  33.02    35   93.4
 58108 115.33  33.23    34   92.2
 58109 115.62  33.18    33   76.6
 58113 116.75  33.93    31   28.9
 58114 116.18  33.48    31   37.2
 58117 116.20  33.13    27   70.2
 58125 117.52  33.58    22   51.2
 58126 117.87  33.47    19    4.2
 58127 117.20  32.98    21    0.9
 58128 117.35  33.33    21   17.2
 58131 118.22  33.97    25    9.5
 58132 118.68  33.72    14    2.7
 58139 118.91  33.31    10   0.01
 58145 119.15  33.50     7   0.01
 58148 119.31  33.25     4   0.01
 58202 115.57  32.67    31   42.9
 58205 115.43  32.47    34    8.1
 58207 115.05  32.17    42    4.7
 58210 116.23  32.65    25    4.2
 58212 116.77  32.72    23    0.4
 58214 116.28  32.33    32    1.5
 58220 117.15  32.47    28    0.1
 58222 117.55  32.85    24   0.01
 58223 117.98  32.80    31   0.01
 58224 117.02  32.65    32    0.1
 58230 118.28  32.12    26   0.01
 58235 118.85  32.37    10    0.1
 58242 119.16  32.30    22   0.01
 58243 119.82  32.95     3   0.01
 58306 115.88  31.68    95   0.01
 58316 116.92  31.47    23   0.01
 58320 117.13  31.73    21    0.2
 58323 117.47  31.88    25    0.3
 58401 115.40  30.75   123    2.8
 58454 119.98  30.53   102   0.01
 58746 119.70  27.55   538    0.5
 58747 119.35  27.15   899    5.0
 58749 119.88  27.23   684    2.0
 58821 117.47  26.73   173    1.6
 58824 117.15  26.40   357    0.8
 58826 117.80  26.40   120    0.3
 58828 117.62  26.27   208   19.7
 58907 115.40  25.15   305    1.2
 58923 117.83  25.70   400    8.3
 58934 118.27  25.33   170   0.01
 58935 118.23  25.48   521   24.3
 59094 114.12  24.35   184    3.0
 59284 113.23  23.42    38    1.3
 59315 116.40  23.58    43   0.01
 59470 112.20  22.70    57   0.01
