diamond  3 2014年10月06日08点24小时降雨量                    
  14  10  06  08    -1 3 10 25 50 1 0
 39 122.7  37.3 122.5  36.7 120.8  36.2 119.3  35.0 120.4  34.3
 121.1  32.7 122.3  30.9 122.5  30.1 121.5  28.0 119.8  25.0
 116.1  22.6 111.0  21.0 111.0  18.6 109.6  18.1 108.3  18.5
 108.9  19.9 109.3  21.0 106.4  21.6 104.1  22.2 101.6  20.8
  98.7  22.0  97.1  24.1  97.7  27.0  91.7  26.6  85.7  27.7
  78.9  30.6  73.3  37.1  74.1  40.7  87.6  49.8  98.5  43.9
 110.4  44.3 122.0  54.7 135.7  48.3 131.5  42.2 125.2  39.4
 121.3  38.5 121.2  40.3 118.5  38.6 120.8  38.1
 1      84
 51058  87.97  47.10   563    0.1
 51435  82.23  43.47   774    0.1
 51436  83.30  43.45   928   0.01
 51627  79.23  41.22  1395   0.01
 52853 100.98  36.90  3010    0.1
 54039 122.02  44.03   181    0.1
 54113 118.65  43.53   621    0.1
 54122 120.05  43.88   374    0.1
 54223 120.65  42.85   362    0.1
 54319 118.67  41.00   502   0.01
 54320 119.30  41.60   544   0.01
 54321 119.63  41.87   661    0.1
 54327 119.35  41.23   417   0.01
 54345 123.07  41.20    30   0.01
 54348 123.33  41.42    36    0.2
 54362 125.73  41.67   380   0.01
 54430 118.15  40.77   269   0.01
 54494 124.07  40.47    72   0.01
 54540 119.20  39.73    17    3.0
 54732 118.52  37.87     5    0.1
 54749 119.95  37.18    48    0.7
 54841 119.42  36.86    23    0.3
 56016  95.62  33.85  4179    0.3
 56184 103.17  31.43  1896   0.01
 56371 102.23  29.92  1321    2.2
 56378 102.35  29.23   890    0.1
 56394 104.43  29.45   384   0.01
 56395 104.67  29.52   351   0.01
 56474 102.17  28.55  1774    0.9
 56478 102.43  28.30  1818    0.1
 56496 105.23  28.32   358    0.2
 56567 100.85  27.30  2240    3.5
 56595 104.87  27.42  1645    0.8
 56596 105.05  27.85  1177    1.0
 56598 104.73  27.13  1535    0.3
 56641  98.87  26.90  1189    0.5
 56649  99.96  26.11  2059   0.01
 56652 100.75  26.68  2130    0.2
 56862 101.60  24.68  1968   0.01
 56889 104.17  24.05  1518   0.01
 56958 100.42  21.92  1176    0.2
 56975 102.43  23.37   974    0.1
 56976 102.83  23.23   232    0.1
 56978 102.42  23.00  1642   0.01
 56982 103.29  23.70  1117   0.01
 56984 103.15  23.38  1720    0.5
 56987 103.23  22.78  1260    0.3
 56989 103.95  22.50   137    0.2
 56992 104.70  23.45  1507   0.01
 56996 104.70  23.13  1093   0.01
 57208 105.52  32.28   544    0.8
 57416 106.93  30.33   391   0.01
 57437 108.03  30.30   325   0.01
 57643 109.83  29.00   268   0.01
 57708 105.60  27.15  1700    0.6
 57742 109.20  27.52   884   0.01
 57800 105.37  26.77  1457    0.5
 57824 107.23  26.58  1001   0.01
 57828 107.58  26.50   983    0.1
 57834 108.30  26.68   641   0.01
 57835 108.43  26.72   527   0.01
 57883 114.28  26.75   253    0.1
 57913 106.98  26.45  1093   0.01
 59012 106.55  24.78   972   0.01
 59017 106.27  24.27   278   0.01
 59025 107.38  24.53   248    0.1
 59027 107.25  24.13   254   0.01
 59074 112.15  24.57   300    0.1
 59213 106.92  23.73   110    2.8
 59215 106.63  23.33   680    7.7
 59224 107.12  23.60   111    1.7
 59227 107.14  23.11   454    5.3
 59229 107.70  23.17   125    0.1
 59237 108.28  23.17   111   0.01
 59419 106.75  22.10   242    2.0
 59421 107.20  22.83   255    1.4
 59425 107.35  22.40   107    5.3
 59426 107.92  22.61   146    2.2
 59427 107.07  22.12   163    9.2
 59429 108.01  22.18   216    4.1
 59432 108.40  22.80   194    0.3
 59435 108.48  22.77    74   0.01
 59441 109.25  22.70    78   0.01
 59448 109.55  22.27    69    0.1
