diamond  3 2014年10月29日08点24小时降雨量                    
  14  10  29  08    -1 3 10 25 50 1 0
 39 122.7  37.3 122.5  36.7 120.8  36.2 119.3  35.0 120.4  34.3
 121.1  32.7 122.3  30.9 122.5  30.1 121.5  28.0 119.8  25.0
 116.1  22.6 111.0  21.0 111.0  18.6 109.6  18.1 108.3  18.5
 108.9  19.9 109.3  21.0 106.4  21.6 104.1  22.2 101.6  20.8
  98.7  22.0  97.1  24.1  97.7  27.0  91.7  26.6  85.7  27.7
  78.9  30.6  73.3  37.1  74.1  40.7  87.6  49.8  98.5  43.9
 110.4  44.3 122.0  54.7 135.7  48.3 131.5  42.2 125.2  39.4
 121.3  38.5 121.2  40.3 118.5  38.6 120.8  38.1
 1     747
 51378  89.17  44.02   734   0.01
 51438  81.77  43.18  1210   0.01
 51465  87.10  43.48  1871    2.1
 51468  86.83  43.10  3539    4.9
 51482  90.28  43.83  1271   0.01
 51629  80.23  41.27  1132   0.01
 51636  82.65  41.55  1009   0.01
 51722  80.40  40.65  1044   0.01
 51814  77.40  37.92  1360   0.01
 51815  77.27  38.20  1274    0.3
 52607 106.65  39.43  1252    0.2
 52656 100.82  38.43  2281    0.1
 52855 101.25  36.68  2675   0.01
 52863 101.95  36.82  2480    2.8
 52874 102.40  36.48  1980    2.2
 52875 102.10  36.50  2125    9.9
 52885 103.25  36.75  2118    0.2
 52896 104.15  36.55  1738   0.01
 52963 102.02  35.93  2085   11.2
 52972 102.45  35.85  1921    2.2
 52978 102.52  35.20  2929    1.5
 52981 103.38  35.68  2421    0.1
 52982 103.55  35.48  1953    0.1
 52985 103.33  35.42  2162    1.9
 52988 103.72  35.37  2015    0.1
 52995 104.62  35.58  1897    0.3
 52996 105.02  35.38  2450    0.3
 52998 104.20  35.13  2111    0.6
 53272 112.63  42.75  1104    0.2
 53324 107.05  41.07  1035    2.0
 53337 108.27  41.10  1023    0.9
 53343 109.97  41.77  1612    0.1
 53348 109.13  41.02  1078   0.01
 53378 112.62  41.28  1737   0.01
 53419 107.00  40.33  1055    2.0
 53420 107.12  40.85  1024    0.6
 53433 108.65  40.73  1020   0.01
 53455 110.53  40.55   998    0.3
 53457 110.03  40.40  1011    0.5
 53464 111.17  40.72  1042   0.01
 53466 111.70  40.75  1045    0.1
 53467 111.18  40.27  1016    0.9
 53472 112.57  40.87  1451   0.01
 53481 113.22  40.80  1316    0.8
 53484 113.15  40.45  1191    0.6
 53486 113.77  40.37  1050    0.1
 53491 114.38  40.67   837   0.01
 53505 105.40  37.88  1380    4.6
 53512 106.80  39.80  1105    0.1
 53517 106.33  39.27  1464    0.1
 53518 106.35  39.03  1117    1.1
 53522 107.83  40.05  1180    0.5
 53533 108.71  39.81  1414    0.2
 53545 109.71  39.56  1367    1.8
 53547 109.03  39.10  1312    3.8
 53562 111.67  39.92  1187   0.01
 53567 111.00  39.02  1024    0.8
 53574 112.27  39.52  1409    0.2
 53575 112.20  39.10  1525    0.4
 53576 112.82  39.50  1045    0.1
 53577 112.30  39.00  1437    0.3
 53579 112.90  39.02   859    0.5
 53580 113.10  39.82  1044    0.3
 53585 113.27  39.17   933   0.01
 53602 105.67  38.83  1561    1.9
 53603 106.37  38.83  1095    0.9
 53610 106.35  38.57  1106    0.9
 53611 106.55  38.88  1098    0.4
 53617 106.08  38.03  1118    3.0
 53618 106.25  38.28  1113    2.1
 53619 106.30  38.12  1115    2.4
 53644 108.83  38.60  1307    3.3
 53658 110.48  38.03   894    2.0
 53660 111.08  39.02   894    0.5
 53662 111.58  38.72  1396    0.3
 53666 111.93  38.35  1212   0.01
 53674 112.70  38.40   869   0.01
 53681 113.37  38.83  1096    0.3
 53685 113.42  38.07   953   0.01
 53693 114.13  38.03   255   0.01
 53707 105.25  36.93  1697    1.8
 53727 107.12  37.17  1712    4.5
 53730 107.48  38.18  1333    2.2
 53732 108.72  37.85  1209    4.0
 53748 109.70  37.18  1063    2.2
 53750 110.18  37.77   931    0.8
 53751 110.05  37.60   894    2.0
 53757 110.12  37.12   938    2.2
 53759 110.83  36.98  1109    1.1
 53760 111.23  37.88  1212   0.01
 53767 111.17  37.33  1213    0.5
 53770 112.35  37.35   768    0.2
 53782 113.62  37.93   767   0.01
 53786 113.33  37.09  1152   0.01
 53788 113.57  37.33  1265   0.01
 53797 114.52  37.28    73   0.01
 53829 107.90  35.98  1093    6.5
 53832 108.77  36.77  1218    3.7
 53841 109.32  36.88  1068    1.3
 53848 109.35  36.27  1005    5.5
 53850 110.18  36.88   804    1.8
 53852 110.63  36.77   916    1.2
 53856 110.75  36.47   765    2.9
 53857 110.18  36.07   840    4.5
 53860 111.17  36.98  1406    0.5
 53861 111.38  35.88   463    0.2
 53864 111.10  36.40  1030    0.2
 53865 111.55  36.65  1011    0.2
 53866 111.67  36.23   462   0.01
 53869 111.70  36.58   550   0.01
 53871 112.85  36.83   964   0.01
 53873 112.87  36.10   951    0.1
 53874 111.90  36.25   648    1.0
 53875 112.35  36.52  1000    0.2
 53880 113.23  36.33   947    0.2
 53881 106.48  37.28  1382    5.6
 53888 113.43  36.20  1089    0.2
 53890 114.10  36.67   280    0.1
 53896 114.95  36.35    50    0.1
 53899 114.97  36.48    48   0.01
 53908 105.23  35.22  1768   0.01
 53914 106.12  35.62  2078    3.7
 53916 106.32  35.50  1948    1.9
 53917 106.07  35.22  1631    2.3
 53924 107.62  35.07   966    5.9
 53925 107.18  35.68  1172    4.5
 53926 107.35  35.35  1028    4.3
 53927 106.62  35.20  1477    2.2
 53928 107.02  35.30  1149    3.5
 53930 107.98  36.45  1271    7.8
 53931 109.37  36.00   984    5.6
 53934 107.98  35.78  1274   10.7
 53935 108.40  35.48  1481    6.9
 53937 107.92  35.52   979    9.1
 53938 108.30  35.17  1277    6.7
 53941 109.58  35.18   804    4.3
 53944 109.25  35.57   863   12.0
 53945 109.07  35.43  1395   15.6
 53946 109.82  35.60  1091    1.9
 53947 109.07  35.08   978    4.6
 53949 109.92  35.18   679    2.1
 53950 110.15  35.23   708    2.0
 53953 110.85  35.97   965   0.01
 53954 110.97  35.62   433    0.3
 53956 110.83  35.40   588    0.1
 53957 110.72  35.62   459   0.01
 53958 110.78  35.17   435    1.6
 53961 111.48  35.65   472    0.2
 53962 111.70  35.73   584   0.01
 53964 111.22  35.62   430    0.2
 53965 111.57  35.52   761   0.01
 53966 111.83  35.98   817   0.01
 53967 111.20  35.33   468    0.3
 53970 112.20  35.70   887   0.01
 53972 112.90  35.05   117   0.01
 53973 112.95  35.77   837    0.3
 53974 114.23  35.61    70   0.01
 53978 112.63  35.08   140   0.01
 53981 113.27  35.78  1311    0.2
 53982 113.27  35.23   112   0.01
 53983 114.42  35.03    69    0.2
 53985 113.82  35.50   140   0.01
 53987 113.36  35.11    94   0.01
 53988 113.67  35.27    77   0.01
 53989 113.98  35.08    75   0.01
 53992 114.52  35.65    58    0.1
 53993 114.92  35.93    51   0.01
 53994 114.07  35.38    70   0.01
 53995 114.50  35.55    62   0.01
 53997 114.18  35.15    71    0.1
 53998 114.65  35.20    61   0.01
 54901 115.17  36.08    47    0.1
 54908 115.10  35.27    57    0.2
 56034  97.13  33.80  4415   0.01
 56071 102.50  34.58  3105    0.1
 56081 103.35  34.70  2810    0.3
 56082 103.50  34.58  2540    0.2
 56091 104.47  34.85  1883    0.1
 56092 104.65  35.00  1728   0.01
 56147  98.83  31.22  3260    1.3
 56158 100.67  31.40  3250    0.6
 56168 102.07  31.48  2168   0.01
 56183 103.62  31.50  1370    0.1
 56185 102.98  32.08  2400   0.01
 56186 104.20  31.33   589   0.01
 56273 102.82  30.39  1022    1.0
 56278 102.77  30.07   755    9.5
 56279 102.93  30.15   682    4.9
 56280 103.12  30.08   691    3.2
 56281 103.50  30.18   510    0.1
 56284 103.43  30.45   518    0.4
 56289 103.87  30.20   437   0.01
 56295 104.55  30.38   448   0.01
 56297 104.15  30.02   436    0.3
 56298 104.60  30.13   417   0.01
 56373 102.85  29.78   763   15.1
 56376 102.63  29.33  1098    0.3
 56380 103.35  29.88   571    2.8
 56381 103.50  30.07   630   0.01
 56382 103.60  29.73   407    0.5
 56384 103.48  29.60   446    1.0
 56389 103.95  29.20   387    0.3
 56390 104.07  29.67   404    0.5
 56391 103.82  30.08   415   0.01
 56393 104.85  29.77   369   0.01
 56394 104.43  29.45   384   0.01
 56396 104.77  29.35   352   0.01
 56480 103.53  28.82   564    0.3
 56490 103.90  28.95   424    9.1
 56491 104.57  28.70   287    0.6
 56493 104.97  28.85   292    0.3
 56496 105.23  28.32   358    0.1
 56569 102.18  27.42  1380    0.1
 56575 102.55  27.37  1428    0.3
 56578 102.75  27.07   993    0.8
 56580 102.80  27.72  2460    0.1
 56585 103.53  27.18  1916    0.9
 56594 104.05  27.63   880    0.6
 56595 104.87  27.42  1645    2.6
 56598 104.73  27.13  1535    2.0
 56641  98.87  26.90  1189    1.1
 56645  99.42  26.42  2344   0.01
 56646  99.92  26.53  2191    0.3
 56649  99.96  26.11  2059    1.2
 56652 100.75  26.68  2130    0.1
 56654 100.18  26.58  2195   0.01
 56665 101.85  26.68  1140   0.01
 56669 101.67  26.05  1531    6.8
 56670 102.12  26.92  1136    2.7
 56673 102.92  26.92   893    1.5
 56674 101.73  26.50  1108    4.9
 56675 102.58  26.65  1694   13.5
 56688 103.17  26.10  1254    1.0
 56697 104.08  26.22  1984    4.8
 56742  99.37  25.90  1658    3.3
 56745  99.95  25.68  1626   24.9
 56746  99.52  25.47  1616   43.9
 56752 100.57  25.83  1438   11.5
 56755 100.48  25.35  1668    5.6
 56756 100.58  25.48  1992    6.4
 56757 100.28  25.27  1742    8.6
 56761 101.32  25.72  1878   10.1
 56764 101.23  25.53  1873    7.3
 56766 101.52  25.31  1822    4.0
 56767 101.28  25.18  1857    5.2
 56772 102.50  25.23  1692   21.2
 56774 102.42  25.53  1710   12.1
 56775 102.45  25.55  1750   12.1
 56777 102.07  25.15  1566   14.6
 56781 103.27  25.55  1873    7.9
 56782 103.55  25.42  2067   10.1
 56783 103.80  25.50  1906    3.8
 56785 103.08  25.36  1915   29.7
 56788 103.62  24.98  1857   10.6
 56790 104.25  25.68  1925    7.6
 56835  97.82  24.07   959   16.9
 56836  97.95  24.70   826   29.9
 56839  98.82  23.77   995   13.2
 56840  98.30  24.82  1012   33.5
 56841  98.68  24.60  1528   23.9
 56842  99.18  24.73  1471   19.5
 56843  99.62  24.83  1650   21.7
 56844  98.58  24.43   913   17.4
 56846  99.93  24.58  1569    8.2
 56849  99.23  24.03  1606    5.9
 56851 100.53  25.04  1377    9.8
 56854 100.13  24.45  1108    4.2
 56862 101.60  24.68  1968   11.3
 56863 102.48  24.93  1848    3.7
 56867 101.12  23.98  1105   17.3
 56869 101.97  24.07  1497    6.3
 56870 102.18  24.66  1600    9.7
 56871 102.60  24.65  1893    4.1
 56872 102.62  24.95  2358    5.5
 56873 102.92  24.68  1796    3.2
 56876 102.77  24.28  1731    5.2
 56878 102.75  24.13  1801    1.5
 56879 102.91  24.19  1702    1.0
 56880 103.17  24.92  1532    1.0
 56881 103.27  24.75  1695    8.8
 56882 102.83  24.91  1976    4.7
 56883 103.98  24.82  1900    2.3
 56891 104.32  24.98  1482   0.01
 56898 102.41  24.18  1600    6.1
 56948  99.60  22.63  1155    1.1
 56950  99.80  23.47  1044   0.01
 56952 100.70  23.50   913    4.3
 56958 100.42  21.92  1176    3.3
 56961 101.05  23.03  1336    2.7
 56962 101.67  23.42  1314    9.1
 56970 102.48  23.70  1419    0.8
 56975 102.43  23.37   974    0.1
 56976 102.83  23.23   232    0.1
 56978 102.42  23.00  1642    1.7
 56989 103.95  22.50   137    0.4
 56995 104.42  23.03  1332    0.1
 56996 104.70  23.13  1093    0.2
 57001 105.33  34.75  1271   0.01
 57003 106.83  34.90   924    0.8
 57006 105.75  34.58  1141    0.1
 57007 105.18  34.18  1404    0.8
 57008 105.30  34.03  1579    0.1
 57011 106.15  34.75  1378   0.01
 57012 106.20  34.98  1664    0.2
 57016 107.13  34.35   612    2.3
 57020 107.40  34.37   563    1.7
 57021 107.13  34.65   751    2.1
 57022 107.78  34.68  1026    4.4
 57023 108.11  35.02   919    4.0
 57024 107.65  34.45   669    5.9
 57026 107.88  34.37   585    2.0
 57027 107.73  34.27   517    1.9
 57029 108.48  34.50   543    2.8
 57031 108.55  34.82  1012    5.3
 57032 108.20  34.13   436    1.8
 57033 108.82  34.55   428    3.3
 57035 108.23  34.55   636    4.2
 57038 108.45  34.28   410    3.6
 57040 109.08  34.52   377    1.2
 57041 108.92  34.63   424    4.9
 57042 109.18  34.78   470    2.0
 57043 109.97  34.80   351    0.5
 57044 109.23  34.40   424    0.3
 57047 109.32  34.17   540    0.2
 57053 110.72  34.70   505    2.9
 57054 110.23  34.55   556    1.2
 57055 110.08  34.55   351    0.1
 57056 110.86  34.54   484    9.3
 57057 110.15  34.10   963    5.0
 57060 111.23  35.17   402    1.8
 57061 111.20  34.83   410    4.8
 57063 111.77  34.77   523    5.2
 57065 112.13  34.55   317    6.7
 57066 111.67  34.40   408    3.4
 57070 112.12  34.73   364    2.1
 57072 112.75  34.92   127   0.01
 57074 112.40  34.42   252    4.6
 57075 112.87  34.17   203    4.6
 57076 112.78  34.73   189    0.4
 57078 112.47  34.15   336    6.6
 57079 113.03  34.95   106   0.01
 57080 112.97  34.73   165    0.3
 57082 113.02  34.47   427   0.01
 57084 113.05  34.49  1178    0.7
 57085 113.33  34.53   259   0.01
 57086 113.72  34.38   116    0.4
 57087 113.73  34.27   104    1.2
 57088 113.50  34.15   116    0.8
 57090 113.97  34.72    78    0.1
 57093 114.82  34.85    73    0.3
 57094 114.22  34.40    67    1.0
 57095 114.15  34.12    61    1.2
 57096 114.78  34.53    59    0.7
 57098 114.40  34.08    58    1.8
 57099 114.85  34.07    52    2.2
 57102 105.72  33.75   970    0.8
 57105 105.60  33.33  1221    0.3
 57110 106.08  33.78   930    0.8
 57111 106.30  33.92   961    0.4
 57113 106.53  33.90   985    0.9
 57119 106.70  33.17   548    4.6
 57123 108.07  34.28   506    1.0
 57126 107.55  33.22   468    0.1
 57128 107.33  33.17   486    0.4
 57129 107.72  32.98   446    0.1
 57132 108.58  34.13   411    0.3
 57140 109.12  33.67   818    6.5
 57153 110.33  33.68   581    9.3
 57155 109.87  33.55   660    2.6
 57162 112.07  34.13   440    2.8
 57169 111.87  33.05   159    8.3
 57173 112.88  33.75   145    3.1
 57175 112.23  33.05   191    3.5
 57176 112.42  33.48   231    2.5
 57177 113.53  33.33    89    8.8
 57179 113.00  33.28   160    3.6
 57180 113.20  33.98   117    4.3
 57182 113.52  33.85    80    4.9
 57183 113.92  33.80    60    4.1
 57184 113.30  33.63    97    5.4
 57185 113.58  33.45    91    7.7
 57186 114.05  33.60    58    6.5
 57187 112.93  33.07   118    3.3
 57188 114.03  33.37    55    6.6
 57189 113.95  33.13    64    8.2
 57190 114.40  33.75    50    4.3
 57191 114.48  34.48    63    0.9
 57192 114.85  33.73    45    2.8
 57194 114.27  33.28    59    5.7
 57195 114.62  33.62    46    4.2
 57196 114.87  33.47    42    6.0
 57197 114.35  32.97    50   11.0
 57198 114.57  33.50    44    5.0
 57204 105.22  32.57   782   0.01
 57208 105.52  32.28   544    0.3
 57213 106.93  33.00   536    4.1
 57216 106.83  32.35   579    0.2
 57217 106.28  32.23   485    1.6
 57233 108.50  32.90   413    2.0
 57242 109.37  32.85   285    1.6
 57247 108.90  32.32   438    0.2
 57248 109.33  32.40   431    2.0
 57249 109.68  32.32   448    7.2
 57253 110.82  32.85   201   14.8
 57254 110.12  32.82   322    6.1
 57257 110.23  32.23   307   14.3
 57260 111.52  32.57   133   11.6
 57261 111.52  33.12   233    9.5
 57268 111.62  32.27   120   20.2
 57271 112.38  32.52    87    9.0
 57273 112.85  32.68   109    6.0
 57274 112.12  32.70   107    8.3
 57281 113.30  32.70   142    5.3
 57292 114.63  32.97    44   10.2
 57293 114.98  32.73    38   10.5
 57294 114.02  32.83    83   16.1
 57295 114.35  32.62    78   19.5
 57296 114.73  32.35    48   18.7
 57298 114.55  32.22    55   20.7
 57299 114.90  32.02    49   28.0
 57303 105.92  31.73   459    0.4
 57307 105.08  31.10   404   0.01
 57308 105.38  31.22   421   0.01
 57309 105.88  30.98   378    1.4
 57314 106.07  31.35   405    1.8
 57315 106.40  31.53   655    2.4
 57317 106.42  31.03   324    0.3
 57318 106.55  31.07   338    1.2
 57320 107.22  31.93   482    0.5
 57324 107.08  31.58   364    1.8
 57326 107.72  31.37   389    2.9
 57329 107.85  31.10   467    4.6
 57333 108.67  31.95   798    3.0
 57338 108.42  31.18   216   14.4
 57339 108.68  30.95   297   16.0
 57345 109.62  31.40   337   26.8
 57349 109.87  31.07   275   18.4
 57361 111.27  31.88   327   10.3
 57362 110.67  31.75   935   11.6
 57363 111.83  31.80   151    7.8
 57368 111.63  31.05   141   28.6
 57370 112.22  31.73    67    8.8
 57377 112.22  31.00   191   16.9
 57385 113.82  31.62    93   13.0
 57386 114.00  31.25    51   51.4
 57387 113.13  31.00    84   31.5
 57388 113.71  31.27    53   39.8
 57389 113.75  31.03    32   41.9
 57390 114.07  31.80   733   24.0
 57396 114.85  31.63   128   49.3
 57398 114.62  31.28    74   51.0
 57401 105.37  30.87   383    2.1
 57402 105.70  30.77   394    0.5
 57407 105.03  30.28   462    1.0
 57408 105.35  30.12   338   0.01
 57409 105.80  30.18   297    1.1
 57413 106.97  30.85   295    0.1
 57414 106.45  30.52   403    0.7
 57415 106.63  30.53   394    0.9
 57416 106.93  30.33   391    3.3
 57417 106.28  30.35   315    4.8
 57420 107.18  30.75   418    8.0
 57425 107.33  30.33   433    0.3
 57431 108.35  30.83   257   17.6
 57437 108.03  30.30   325    7.3
 57438 108.12  29.98   632    8.7
 57453 111.32  30.77   115   46.9
 57460 111.78  30.82    91   30.9
 57462 111.08  30.87   139   35.7
 57464 111.18  30.47   142   58.9
 57465 111.45  30.38    74   64.8
 57466 111.75  30.43    50   57.2
 57469 111.77  30.18    69   89.1
 57475 112.90  30.40    31   71.2
 57477 112.22  30.07    38  114.8
 57481 113.57  30.95    30   41.9
 57485 113.47  30.28    23   88.3
 57486 113.85  30.65    25   73.0
 57489 114.00  30.58    38   72.0
 57491 114.40  30.87    31   61.9
 57492 114.84  30.84    40   67.0
 57495 114.88  30.67    28   64.2
 57496 114.87  30.37    31   63.3
 57498 114.90  30.43    21   75.9
 57499 114.88  30.07    40   71.6
 57505 105.58  29.42   338    0.6
 57506 105.90  29.37   353    1.0
 57507 105.30  29.33   385   0.01
 57508 105.37  29.15   301    0.4
 57509 106.93  28.95   325    7.0
 57510 106.07  29.85   326    0.4
 57511 106.45  29.85   240    0.1
 57513 106.62  29.73   464   0.01
 57514 106.22  29.58   331    1.9
 57518 106.50  29.33   506    1.9
 57519 107.11  29.16   698   11.8
 57522 107.27  29.74   372    4.7
 57525 107.75  29.32   277   21.6
 57537 108.17  29.30   322   69.3
 57540 109.15  29.68   776   79.4
 57541 109.48  30.00   532   41.1
 57543 110.03  29.90   539   88.7
 57544 109.45  29.47   488   90.2
 57558 110.47  29.13   183   58.4
 57564 111.13  29.43   103   91.1
 57565 111.73  29.67    38  115.8
 57566 111.65  29.45    51   82.4
 57571 112.40  29.70    35  105.6
 57575 112.55  29.52    31   59.9
 57577 112.17  29.40    36   53.8
 57582 113.88  29.72    46   56.2
 57585 113.45  29.48    60   31.6
 57586 114.03  29.53    78   35.3
 57589 113.87  29.27   146   10.5
 57590 114.37  29.85    98   62.2
 57596 114.20  29.63   751   43.3
 57600 105.06  28.71   420    0.4
 57603 105.83  28.82   283    3.3
 57605 105.82  28.03   537    2.2
 57609 105.70  28.58   317    0.8
 57623 107.60  28.88   685   48.9
 57634 107.88  28.52   660  113.6
 57635 108.98  28.45   363   34.8
 57636 108.50  28.57   334   68.0
 57637 108.10  28.25   629   44.9
 57640 109.45  28.58   341   33.0
 57643 109.83  29.00   268   67.1
 57646 109.95  28.62   302   17.9
 57657 110.20  28.22   186    2.2
 57658 110.20  28.02   152    3.8
 57661 111.48  28.92    48    8.2
 57663 111.95  28.92    31    6.0
 57666 112.13  28.52    52    2.5
 57674 112.38  28.57    46    2.1
 57678 112.55  28.25    74    0.8
 57680 113.07  28.80    46    2.1
 57694 114.38  28.53   259   0.01
 57708 105.60  27.15  1700    2.6
 57713 106.88  27.70   843   16.9
 57714 106.23  27.47   942    4.0
 57717 106.83  27.53   974    3.4
 57719 106.97  27.07  1275    8.8
 57720 107.17  27.88   889   13.2
 57723 107.72  27.98   710   12.3
 57728 107.47  27.07  1096   12.6
 57732 108.40  28.02   456    2.7
 57734 108.23  27.57   467    7.3
 57735 108.82  27.18   404    8.9
 57736 108.85  27.70   369    7.0
 57737 108.12  27.03   547   18.4
 57738 108.42  27.05   516   16.4
 57739 108.92  27.23   394   10.0
 57740 109.60  27.95   349    3.2
 57742 109.20  27.52   884    8.0
 57743 109.80  27.88   176    3.0
 57744 109.17  27.37   355    6.8
 57760 111.43  27.70   249   0.01
 57800 105.37  26.77  1457    3.0
 57807 105.47  26.21  1361   24.2
 57808 105.75  26.32  1274   25.3
 57809 105.75  26.07  1251   67.8
 57811 106.60  26.83  1296   14.0
 57813 106.47  26.57  1261   17.9
 57814 106.27  26.42  1298   33.3
 57821 107.50  26.70   925   28.4
 57822 107.90  26.90   835   17.5
 57824 107.23  26.58  1001   22.4
 57834 108.30  26.68   641   0.01
 57835 108.43  26.72   527   0.01
 57846 110.15  26.58   310   0.01
 57851 110.83  26.46   346   0.01
 57859 110.63  26.03   408   0.01
 57867 111.28  26.40   169   0.01
 57900 105.22  25.83  1552   34.3
 57903 105.60  25.94  1142   43.6
 57911 106.65  26.67  1323   17.6
 57913 106.98  26.45  1093   13.9
 57914 106.67  26.42  1149   23.2
 57915 106.77  26.63  1104   23.8
 57927 107.18  24.97   287    3.9
 57936 108.91  25.76   258    6.4
 57941 109.60  25.78   197    1.5
 57942 110.00  25.80   268    2.2
 57948 109.25  25.08   122    0.9
 58001 115.10  34.43    56    0.4
 58002 115.58  34.85    49    0.1
 58003 115.88  34.95    45    0.1
 58004 115.15  34.65    60    0.2
 58007 115.30  34.07    47    3.1
 58008 115.33  34.47    54    0.3
 58011 116.07  34.80    46    0.1
 58016 116.97  34.18    34    0.5
 58035 118.35  34.33    29   0.01
 58036 118.71  34.54    32   0.01
 58044 119.23  34.55     4   0.01
 58045 119.60  34.20     4   0.01
 58048 119.35  34.12     4    0.1
 58049 119.80  34.02     4   0.01
 58100 115.17  33.65    41    4.0
 58101 115.48  33.87    41    1.8
 58104 115.07  33.40    41    5.9
 58107 115.28  33.02    35    7.2
 58108 115.33  33.23    34    4.8
 58109 115.62  33.18    33    6.7
 58112 116.45  30.73   968   32.1
 58113 116.75  33.93    31    0.8
 58114 116.18  33.48    31    5.3
 58116 116.83  33.98    31    0.5
 58117 116.20  33.13    27    5.7
 58125 117.52  33.58    22    2.0
 58126 117.87  33.47    19    2.3
 58127 117.20  32.98    21    8.9
 58128 117.35  33.33    21   15.8
 58129 117.83  33.15    14    9.7
 58131 118.22  33.97    25    0.2
 58132 118.68  33.72    14    0.5
 58139 118.91  33.31    10    2.0
 58140 119.30  33.77     9    0.6
 58145 119.15  33.50     7    1.1
 58146 119.77  33.47     3    0.5
 58147 118.97  32.98    24    6.2
 58148 119.31  33.25     4    1.3
 58154 120.20  33.43     2    0.1
 58202 115.57  32.67    31    6.8
 58205 115.43  32.47    34    7.6
 58207 115.05  32.17    42   18.1
 58210 116.23  32.65    25   14.6
 58212 116.77  32.72    23   11.6
 58214 116.28  32.33    32   15.1
 58220 117.15  32.47    28   14.4
 58222 117.55  32.85    24    9.9
 58223 117.98  32.80    31    8.0
 58224 117.02  32.65    32   14.2
 58230 118.28  32.12    26    9.4
 58234 118.42  32.47    40    8.6
 58235 118.85  32.37    10    6.3
 58237 118.59  32.06    46    7.0
 58240 119.02  32.68    21    1.8
 58243 119.82  32.95     3    3.5
 58244 119.59  32.45     5    0.4
 58245 119.42  32.41     9    1.1
 58246 119.99  32.56     2    0.1
 58247 119.80  32.27     3    0.6
 58249 120.05  32.16     6    0.3
 58250 120.16  32.51     6    0.1
 58254 120.45  32.52     5   0.01
 58257 120.26  31.99     4    0.3
 58301 115.38  31.82    92   35.2
 58306 115.88  31.68    95   39.5
 58316 116.92  31.47    23   18.6
 58317 116.37  30.87   434   34.6
 58320 117.13  31.73    21   19.0
 58323 117.47  31.88    25   13.4
 58327 117.28  31.27    45   19.5
 58329 117.87  31.33     9   12.9
 58330 118.08  31.75    26   14.0
 58331 118.37  31.73    22    8.3
 58334 118.37  31.38     9    5.8
 58335 118.52  31.57    23    5.0
 58337 118.18  31.08    26    8.3
 58339 118.90  31.33    15    2.2
 58340 119.03  31.66    25    3.1
 58341 119.59  31.98     6    1.7
 58342 119.55  31.72     6    1.9
 58344 119.20  31.96    36    4.3
 58346 119.81  31.34    16    1.1
 58349 120.56  31.41     8    0.3
 58351 120.30  31.90     4    0.1
 58352 120.77  31.65     4   0.01
 58353 120.57  31.87     8    0.1
 58359 120.62  31.13     4    0.5
 58360 121.20  31.92     3   0.01
 58377 121.11  31.51     5   0.01
 58401 115.40  30.75   123   73.0
 58404 115.22  30.47    61   69.9
 58408 115.43  30.23    35   55.0
 58409 115.93  30.10    32   34.2
 58415 116.55  30.67    64   24.3
 58416 116.82  30.75    35   19.4
 58417 116.13  30.17    54   20.7
 58418 116.67  30.13    60   17.8
 58420 117.23  30.72    58   13.9
 58421 117.87  30.63    31    2.7
 58423 117.78  30.48   647    4.0
 58427 117.50  30.65    15   11.6
 58428 117.50  30.22   118    2.8
 58431 118.32  30.90    39    5.4
 58432 118.40  30.68    57    2.6
 58433 118.75  30.93    31    1.3
 58435 118.53  30.30   220    0.8
 58438 118.58  30.08   191    0.2
 58441 119.42  30.87    43    1.1
 58442 119.18  31.17    16    0.9
 58443 119.89  31.02    25    1.2
 58446 119.70  30.63    72    0.6
 58449 119.95  30.05    46   0.01
 58451 120.93  30.83     2    0.1
 58452 120.77  30.73     4    0.7
 58453 120.50  30.07     7   0.01
 58454 119.98  30.53   102    0.5
 58455 120.65  30.52     8    0.3
 58456 120.52  30.63     6    0.5
 58458 120.90  30.54     4    0.3
 58459 120.29  30.19    44   0.01
 58460 121.35  30.73     5   0.01
 58468 121.17  30.05     5   0.01
 58501 115.63  29.92    23   38.8
 58502 116.00  29.73    36    7.7
 58503 115.67  29.70    41   10.0
 58505 115.90  29.62    63   11.7
 58507 115.12  29.25   116   0.01
 58508 115.77  29.33    41    0.8
 58509 115.82  29.05    36   0.01
 58510 116.23  29.73    40    4.6
 58512 116.55  29.90    71    4.1
 58514 116.05  29.45    37    2.7
 58517 116.20  29.27    35   0.01
 58523 117.93  29.93   227    0.2
 58542 119.68  29.82    46   0.01
 58544 119.27  29.48    88   0.01
 58547 119.18  29.03    66   0.01
 58601 115.38  28.70    53   0.01
 59012 106.55  24.78   972    3.3
 59015 106.57  24.35   437   10.7
 59017 106.27  24.27   278    1.1
 59022 107.55  24.98   697    3.6
 59025 107.38  24.53   248    2.5
 59027 107.25  24.13   254    1.9
 59031 108.26  24.81   342    9.9
 59033 108.90  24.78   328   0.01
 59034 108.67  24.48   150   0.01
 59205 105.63  23.65   685    0.3
 59213 106.92  23.73   110    5.7
 59215 106.63  23.33   680    7.5
 59224 107.12  23.60   111    1.7
 59227 107.14  23.11   454    1.6
 59229 107.70  23.17   125   21.2
 59237 108.28  23.17   111    1.2
 59419 106.75  22.10   242    5.7
 59421 107.20  22.83   255    0.9
 59425 107.35  22.40   107    4.4
 59426 107.92  22.61   146   11.6
 59427 107.07  22.12   163    6.6
 59429 108.01  22.18   216   17.0
 59432 108.40  22.80   194    0.8
 59435 108.48  22.77    74   0.01
 59449 109.98  22.30    85   0.01
