diamond  3 2014年10月14日08点24小时降雨量                    
  14  10  14  08    -1 3 10 25 50 1 0
 39 122.7  37.3 122.5  36.7 120.8  36.2 119.3  35.0 120.4  34.3
 121.1  32.7 122.3  30.9 122.5  30.1 121.5  28.0 119.8  25.0
 116.1  22.6 111.0  21.0 111.0  18.6 109.6  18.1 108.3  18.5
 108.9  19.9 109.3  21.0 106.4  21.6 104.1  22.2 101.6  20.8
  98.7  22.0  97.1  24.1  97.7  27.0  91.7  26.6  85.7  27.7
  78.9  30.6  73.3  37.1  74.1  40.7  87.6  49.8  98.5  43.9
 110.4  44.3 122.0  54.7 135.7  48.3 131.5  42.2 125.2  39.4
 121.3  38.5 121.2  40.3 118.5  38.6 120.8  38.1
 1     180
 51058  87.97  47.10   563    0.3
 51145  83.65  46.55   521   0.01
 52853 100.98  36.90  3010    4.3
 52855 101.25  36.68  2675    0.6
 52862 101.68  36.95  2450    1.1
 52863 101.95  36.82  2480    0.1
 52869 101.58  36.50  2667   0.01
 56164 100.98  32.27  3284    0.6
 56183 103.62  31.50  1370    0.2
 56184 103.17  31.43  1896    0.9
 56185 102.98  32.08  2400    3.1
 56186 104.20  31.33   589   0.01
 56280 103.12  30.08   691    0.7
 56295 104.55  30.38   448    0.8
 56298 104.60  30.13   417   0.01
 56378 102.35  29.23   890   0.01
 56387 103.27  29.23   642    0.1
 56389 103.95  29.20   387   0.01
 56393 104.85  29.77   369   0.01
 56395 104.67  29.52   351   0.01
 56478 102.43  28.30  1818   0.01
 56483 103.95  28.58   496   0.01
 56487 103.13  28.33  1943    0.8
 56490 103.90  28.95   424   0.01
 56497 104.23  28.10   448    0.1
 56498 104.50  28.15   549    0.4
 56569 102.18  27.42  1380    1.2
 56575 102.55  27.37  1428    1.8
 56578 102.75  27.07   993    5.5
 56580 102.80  27.72  2460    0.6
 56584 103.25  27.70  1093    0.2
 56585 103.53  27.18  1916    2.9
 56592 104.52  28.43   359    0.1
 56595 104.87  27.42  1645    2.3
 56596 105.05  27.85  1177    1.0
 56598 104.73  27.13  1535    1.0
 56641  98.87  26.90  1189   0.01
 56645  99.42  26.42  2344    1.8
 56646  99.92  26.53  2191    2.5
 56654 100.18  26.58  2195   0.01
 56665 101.85  26.68  1140    0.2
 56669 101.67  26.05  1531    0.4
 56670 102.12  26.92  1136    0.2
 56673 102.92  26.92   893    2.3
 56674 101.73  26.50  1108    0.1
 56675 102.58  26.65  1694    2.3
 56688 103.17  26.10  1254    0.2
 56697 104.08  26.22  1984    1.9
 56742  99.37  25.90  1658   0.01
 56745  99.95  25.68  1626    2.7
 56755 100.48  25.35  1668    0.2
 56756 100.58  25.48  1992   0.01
 56757 100.28  25.27  1742    0.9
 56761 101.32  25.72  1878    0.8
 56764 101.23  25.53  1873    1.0
 56766 101.52  25.31  1822    4.8
 56767 101.28  25.18  1857    1.0
 56772 102.50  25.23  1692    0.6
 56774 102.42  25.53  1710    5.7
 56775 102.45  25.55  1750    3.9
 56777 102.07  25.15  1566    1.3
 56781 103.27  25.55  1873    3.6
 56782 103.55  25.42  2067    0.6
 56783 103.80  25.50  1906    0.1
 56785 103.08  25.36  1915    2.9
 56790 104.25  25.68  1925    1.4
 56836  97.95  24.70   826    0.9
 56839  98.82  23.77   995    1.4
 56840  98.30  24.82  1012    8.1
 56841  98.68  24.60  1528   17.1
 56842  99.18  24.73  1471    4.9
 56843  99.62  24.83  1650    7.0
 56844  98.58  24.43   913    0.5
 56846  99.93  24.58  1569   14.1
 56849  99.23  24.03  1606    1.0
 56851 100.53  25.04  1377    4.7
 56854 100.13  24.45  1108    2.9
 56862 101.60  24.68  1968    1.1
 56863 102.48  24.93  1848    0.9
 56867 101.12  23.98  1105    1.7
 56869 101.97  24.07  1497   0.01
 56871 102.60  24.65  1893    0.1
 56872 102.62  24.95  2358    1.6
 56873 102.92  24.68  1796    0.2
 56880 103.17  24.92  1532    0.2
 56883 103.98  24.82  1900    0.5
 56891 104.32  24.98  1482    0.1
 56898 102.41  24.18  1600   0.01
 56944  99.27  23.15  1278    4.0
 56948  99.60  22.63  1155   10.7
 56950  99.80  23.47  1044    2.4
 56952 100.70  23.50   913   0.01
 56962 101.67  23.42  1314    0.8
 56973 102.83  23.62  1309   0.01
 56978 102.42  23.00  1642   0.01
 56984 103.15  23.38  1720   0.01
 56987 103.23  22.78  1260    0.9
 57102 105.72  33.75   970   0.01
 57105 105.60  33.33  1221   0.01
 57110 106.08  33.78   930   0.01
 57111 106.30  33.92   961   0.01
 57119 106.70  33.17   548    0.5
 57126 107.55  33.22   468    0.5
 57128 107.33  33.17   486    0.7
 57129 107.72  32.98   446    0.8
 57137 108.32  33.32   802    0.5
 57208 105.52  32.28   544   0.01
 57213 106.93  33.00   536    0.9
 57216 106.83  32.35   579   0.01
 57217 106.28  32.23   485    0.4
 57231 108.53  32.53   503   0.01
 57233 108.50  32.90   413    0.1
 57242 109.37  32.85   285   0.01
 57247 108.90  32.32   438    0.1
 57248 109.33  32.40   431   0.01
 57249 109.68  32.32   448   0.01
 57253 110.82  32.85   201   0.01
 57254 110.12  32.82   322   0.01
 57257 110.23  32.23   307   0.01
 57303 105.92  31.73   459   0.01
 57304 105.17  31.67   516   0.01
 57307 105.08  31.10   404    0.5
 57308 105.38  31.22   421    0.1
 57309 105.88  30.98   378    0.4
 57314 106.07  31.35   405    0.1
 57315 106.40  31.53   655    0.1
 57317 106.42  31.03   324    0.8
 57318 106.55  31.07   338    1.3
 57320 107.22  31.93   482   0.01
 57324 107.08  31.58   364   0.01
 57326 107.72  31.37   389   0.01
 57329 107.85  31.10   467   0.01
 57333 108.67  31.95   798   0.01
 57338 108.42  31.18   216    1.0
 57339 108.68  30.95   297    0.2
 57349 109.87  31.07   275   0.01
 57362 110.67  31.75   935   0.01
 57401 105.37  30.87   383    1.0
 57402 105.70  30.77   394    1.8
 57407 105.03  30.28   462    0.7
 57408 105.35  30.12   338    0.2
 57409 105.80  30.18   297    0.4
 57413 106.97  30.85   295    0.1
 57414 106.45  30.52   403    0.2
 57415 106.63  30.53   394    0.9
 57416 106.93  30.33   391    1.0
 57417 106.28  30.35   315    0.4
 57420 107.18  30.75   418    0.4
 57431 108.35  30.83   257   0.01
 57437 108.03  30.30   325    1.3
 57506 105.90  29.37   353   0.01
 57510 106.07  29.85   326    0.6
 57511 106.45  29.85   240    0.4
 57513 106.62  29.73   464   0.01
 57518 106.50  29.33   506   0.01
 57605 105.82  28.03   537    0.1
 57609 105.70  28.58   317    0.1
 57708 105.60  27.15  1700    1.8
 57713 106.88  27.70   843   0.01
 57714 106.23  27.47   942    0.5
 57717 106.83  27.53   974   0.01
 57728 107.47  27.07  1096   0.01
 57800 105.37  26.77  1457    0.9
 57808 105.75  26.32  1274    0.9
 57809 105.75  26.07  1251   0.01
 57811 106.60  26.83  1296   0.01
 57814 106.27  26.42  1298    0.7
 57818 106.45  26.03  1140    0.1
 57824 107.23  26.58  1001   0.01
 57829 107.80  26.20   963   0.01
 57900 105.22  25.83  1552   0.01
 57905 105.63  25.40  1063    0.4
 57911 106.65  26.67  1323    0.1
 57913 106.98  26.45  1093   0.01
 57914 106.67  26.42  1149   0.01
 57915 106.77  26.63  1104   0.01
 57923 107.87  25.98   419   0.01
 58848 119.55  26.20    13   0.01
 59004 105.10  24.50   725   0.01
 59012 106.55  24.78   972   0.01
