diamond  3 2014年10月26日08点24小时降雨量                    
  14  10  26  08    -1 3 10 25 50 1 0
 39 122.7  37.3 122.5  36.7 120.8  36.2 119.3  35.0 120.4  34.3
 121.1  32.7 122.3  30.9 122.5  30.1 121.5  28.0 119.8  25.0
 116.1  22.6 111.0  21.0 111.0  18.6 109.6  18.1 108.3  18.5
 108.9  19.9 109.3  21.0 106.4  21.6 104.1  22.2 101.6  20.8
  98.7  22.0  97.1  24.1  97.7  27.0  91.7  26.6  85.7  27.7
  78.9  30.6  73.3  37.1  74.1  40.7  87.6  49.8  98.5  43.9
 110.4  44.3 122.0  54.7 135.7  48.3 131.5  42.2 125.2  39.4
 121.3  38.5 121.2  40.3 118.5  38.6 120.8  38.1
 1     161
 50137 122.37  53.47   296    4.5
 50431 121.52  50.78   717    8.9
 50445 123.73  50.58   423    4.9
 50524 119.43  49.32   576    4.4
 50525 119.75  49.15   620    5.2
 50526 120.70  49.28   668    5.3
 50566 128.47  49.55   116    5.0
 50645 124.48  48.48   195   12.6
 50646 124.85  48.48   202   15.6
 50647 123.48  48.13   236   11.7
 50655 126.18  48.50   266   17.1
 50659 126.25  48.03   291    7.9
 50673 130.40  48.88    90    1.9
 50674 129.43  48.57   404    4.8
 50741 123.50  47.93   185    6.3
 50749 124.83  47.18   154    1.4
 50750 125.30  47.90   226    7.8
 50755 126.07  47.62   249    1.2
 50767 127.10  47.23   202    1.7
 50772 129.23  48.10   288    5.0
 50775 130.20  47.34   182    3.1
 50776 130.83  47.57    83    1.8
 50778 132.53  47.67    57    3.5
 50779 134.28  48.37    40    4.2
 50787 131.84  47.31    62    3.5
 50833 122.90  46.72   187   0.01
 50842 124.42  46.83   145   0.01
 50850 125.13  46.57   147    0.1
 50851 126.08  46.68   207    0.3
 50852 126.45  46.82   169    0.1
 50871 129.88  46.73    95    0.5
 50878 130.72  47.00    78    0.4
 50879 130.55  46.22   187    0.9
 50880 131.12  46.73   102    0.6
 50884 131.15  46.63   175    0.6
 50892 134.00  46.80    54    5.9
 50913 118.83  45.72   865   0.01
 50924 119.67  45.53   823   0.01
 50928 120.33  45.07   628   0.01
 50956 126.77  46.08   134    0.1
 50965 128.27  45.43   167    1.5
 50971 131.02  45.77   223    4.9
 50979 130.23  45.27   274   16.3
 50985 131.87  45.55   151    7.8
 50987 131.09  45.26   219   12.3
 51435  82.23  43.47   774    0.1
 52862 101.68  36.95  2450   0.01
 53682 114.68  38.63   104    0.1
 53696 115.02  38.55    41    0.1
 53785 114.67  37.52    35   0.01
 53795 114.37  37.65   137   0.01
 54065 125.65  44.53   169   0.01
 54069 125.80  44.17   174   0.01
 54072 126.52  44.85   196    0.8
 54076 126.93  44.38   268    3.1
 54080 127.15  44.90   194    0.2
 54092 129.40  44.60   292   21.4
 54093 130.55  44.93   266   28.8
 54098 129.47  44.33   267   12.4
 54099 131.13  44.08   148   12.6
 54156 124.80  43.52   200    0.8
 54164 125.28  43.35   248    8.0
 54169 126.02  43.30   271   12.7
 54172 126.53  43.87   290   13.8
 54187 128.92  43.12   366   19.7
 54192 130.27  43.70   384   14.7
 54249 123.87  42.30    85    1.8
 54252 124.75  42.73   196    3.2
 54261 125.47  42.67   345    4.6
 54267 125.73  42.25   362    7.1
 54274 125.99  42.69   306    2.7
 54279 126.58  42.05   544    5.3
 54290 129.40  42.77   241    3.3
 54291 130.28  42.90    36    0.7
 54293 129.83  42.95   142    2.6
 54362 125.73  41.67   380    7.7
 54483 123.90  40.88   233    0.4
 54494 124.07  40.47    72    0.1
 54503 115.82  39.07    12    0.1
 54506 115.95  39.32    24    0.1
 54507 115.52  39.33    49    0.1
 54607 115.12  38.72    45    0.1
 54943 120.00  35.88    10    0.2
 56034  97.13  33.80  4415   0.01
 56045  99.90  33.97  4050    0.2
 56592 104.52  28.43   359   0.01
 56595 104.87  27.42  1645    2.7
 56598 104.73  27.13  1535    0.4
 56697 104.08  26.22  1984    0.4
 56978 102.42  23.00  1642   0.01
 56989 103.95  22.50   137    0.2
 56992 104.70  23.45  1507    2.3
 56994 104.28  23.33  1293    0.2
 57126 107.55  33.22   468    0.1
 57137 108.32  33.32   802    0.1
 57274 112.12  32.70   107    0.1
 57708 105.60  27.15  1700    1.1
 57719 106.97  27.07  1275    0.5
 57800 105.37  26.77  1457    9.1
 57807 105.47  26.21  1361    4.4
 57809 105.75  26.07  1251    0.2
 57811 106.60  26.83  1296   0.01
 57813 106.47  26.57  1261    6.9
 57814 106.27  26.42  1298   22.8
 57837 108.07  26.40   839   0.01
 57911 106.65  26.67  1323    2.0
 57913 106.98  26.45  1093    1.0
 57914 106.67  26.42  1149    7.6
 57915 106.77  26.63  1104    1.1
 57923 107.87  25.98   419    0.1
 58268 121.08  32.10     4    0.2
 59034 108.67  24.48   150   0.01
 59041 109.25  24.65   108   0.01
 59090 114.07  24.95   103   0.01
 59094 114.12  24.35   184   0.01
 59215 106.63  23.33   680    0.9
 59224 107.12  23.60   111   0.01
 59227 107.14  23.11   454    0.8
 59229 107.70  23.17   125   0.01
 59230 108.17  23.72   168   0.01
 59235 108.62  23.43   115    0.6
 59237 108.28  23.17   111    2.7
 59238 108.80  23.22   122   0.01
 59241 109.68  23.97    90   0.01
 59246 109.67  23.60    70    0.2
 59264 111.50  23.40    83    0.4
 59266 111.23  23.42    42   0.01
 59268 111.53  23.25    29   0.01
 59269 111.78  23.17    47   0.01
 59270 112.18  23.92    84   0.01
 59279 112.87  23.18    24    0.2
 59284 113.23  23.42    38    0.1
 59285 113.60  23.57    38   0.01
 59288 113.02  23.15    29    0.3
 59297 114.28  23.17    17   0.01
 59310 116.18  23.77    45   0.01
 59314 116.13  23.30    29   0.01
 59319 116.83  23.43     4   0.01
 59320 117.13  23.75    37   0.01
 59419 106.75  22.10   242    0.1
 59421 107.20  22.83   255   0.01
 59425 107.35  22.40   107    0.2
 59426 107.92  22.61   146   0.01
 59427 107.07  22.12   163    0.4
 59429 108.01  22.18   216    0.4
 59432 108.40  22.80   194    0.2
 59435 108.48  22.77    74    0.2
 59448 109.55  22.27    69    2.3
 59449 109.98  22.30    85    0.8
 59451 110.35  22.70    98    1.3
 59452 110.53  22.83   131   16.1
 59454 110.99  22.95   202    0.1
 59457 110.27  22.32   121    0.4
 59469 111.78  22.17    37   0.01
 59470 112.20  22.70    57    0.1
 59471 112.05  22.93   101   0.01
 59473 112.97  22.77    19   0.01
 59475 112.65  22.40    27   0.01
 59476 113.03  22.53    36    0.3
 59477 112.23  22.27    68   0.01
 59480 113.25  22.85    21   0.01
