diamond  3 2014年11月24日08点24小时降雨量                    
  14  11  24  08    -1 3 10 25 50 1 0
 39 122.7  37.3 122.5  36.7 120.8  36.2 119.3  35.0 120.4  34.3
 121.1  32.7 122.3  30.9 122.5  30.1 121.5  28.0 119.8  25.0
 116.1  22.6 111.0  21.0 111.0  18.6 109.6  18.1 108.3  18.5
 108.9  19.9 109.3  21.0 106.4  21.6 104.1  22.2 101.6  20.8
  98.7  22.0  97.1  24.1  97.7  27.0  91.7  26.6  85.7  27.7
  78.9  30.6  73.3  37.1  74.1  40.7  87.6  49.8  98.5  43.9
 110.4  44.3 122.0  54.7 135.7  48.3 131.5  42.2 125.2  39.4
 121.3  38.5 121.2  40.3 118.5  38.6 120.8  38.1
 1     771
 52784 102.90  37.47  2072    0.8
 52842  99.08  36.78  3087    0.3
 52853 100.98  36.90  3010    0.6
 52855 101.25  36.68  2675    1.8
 52863 101.95  36.82  2480   0.01
 52869 101.58  36.50  2667    3.2
 52875 102.10  36.50  2125    0.4
 52881 103.18  36.98  2484    1.3
 52885 103.25  36.75  2118    0.3
 52957 100.60  35.25  3148    0.1
 52968 101.47  35.03  3662    1.1
 52972 102.45  35.85  1921   0.01
 52978 102.52  35.20  2929    0.5
 52980 103.30  35.97  1648    0.2
 52981 103.38  35.68  2421    1.1
 52982 103.55  35.48  1953   0.01
 52985 103.33  35.42  2162    0.5
 52988 103.72  35.37  2015    0.1
 52993 105.07  35.68  1739   0.01
 52995 104.62  35.58  1897    0.6
 52996 105.02  35.38  2450    1.2
 52998 104.20  35.13  2111    2.1
 53492 114.15  40.10   937    0.2
 53499 114.73  40.77   755   0.01
 53579 112.90  39.02   859    0.1
 53582 113.67  39.72  1079    0.8
 53585 113.27  39.17   933    0.1
 53590 114.27  39.75   977   0.01
 53596 115.13  38.85    52    1.0
 53599 114.68  39.37   884   0.01
 53666 111.93  38.35  1212   0.01
 53669 111.80  38.08  1150   0.01
 53674 112.70  38.40   869    0.1
 53676 112.98  38.50   759    0.9
 53678 112.65  38.07   897    0.1
 53680 114.38  38.30   108    0.1
 53681 113.37  38.83  1096    0.9
 53682 114.68  38.63   104    0.3
 53685 113.42  38.07   953   0.01
 53688 114.55  38.42   100    0.4
 53689 115.07  38.02    42    0.3
 53690 114.18  38.85   281    0.8
 53691 114.57  38.15    71    0.1
 53692 114.98  38.73    66    0.7
 53693 114.13  38.03   255   0.01
 53694 114.22  38.27   131    0.2
 53695 114.68  38.35    70    0.2
 53696 115.02  38.55    41    0.8
 53697 114.83  38.03    53   0.01
 53699 114.95  38.18    45    0.6
 53750 110.18  37.77   931   0.01
 53760 111.23  37.88  1212    0.2
 53767 111.17  37.33  1213    0.2
 53769 111.78  37.25   747   0.01
 53771 112.05  37.42   750   0.01
 53776 112.77  37.68   831   0.01
 53777 112.15  37.53   759   0.01
 53784 114.78  37.75    38    0.5
 53785 114.67  37.52    35    0.1
 53788 113.57  37.33  1265   0.01
 53789 114.63  37.88    52   0.01
 53790 114.61  37.63    44   0.01
 53791 114.52  37.77    66   0.01
 53794 114.75  37.35    33    0.1
 53795 114.37  37.65   137   0.01
 53796 114.89  37.62    30    0.2
 53797 114.52  37.28    73    0.1
 53880 113.23  36.33   947   0.01
 53883 114.70  37.13    36   0.01
 53906 105.72  35.52  1656    0.1
 53908 105.23  35.22  1768    0.6
 53914 106.12  35.62  2078   0.01
 53916 106.32  35.50  1948    1.2
 53917 106.07  35.22  1631    2.1
 53924 107.62  35.07   966    4.4
 53926 107.35  35.35  1028    2.4
 53927 106.62  35.20  1477    4.1
 53928 107.02  35.30  1149    3.2
 53935 108.40  35.48  1481   0.01
 53938 108.30  35.17  1277    0.4
 53947 109.07  35.08   978    0.3
 53966 111.83  35.98   817    0.2
 53983 114.42  35.03    69    0.1
 53998 114.65  35.20    61    0.1
 54304 115.27  40.95  1239    0.3
 54318 117.73  41.32   561   0.01
 54331 121.75  41.60   113   0.01
 54340 123.32  41.67    35   0.01
 54345 123.07  41.20    30    4.1
 54347 123.17  41.23    24    3.7
 54348 123.33  41.42    36    3.2
 54398 116.62  40.13    28   0.01
 54404 115.83  40.88   867   0.01
 54408 115.22  40.38   529   0.01
 54428 117.40  40.03    15    0.4
 54431 116.63  39.92    43   0.01
 54433 116.50  39.95    35   0.01
 54434 118.33  40.17   131   0.01
 54437 118.62  39.51    18   0.01
 54438 118.88  39.88    65    0.3
 54439 118.72  40.02    50   0.01
 54474 122.35  40.42    24    0.3
 54475 122.48  40.62    11    4.7
 54483 123.90  40.88   233    2.1
 54494 124.07  40.47    72    0.8
 54502 116.03  39.48    29    2.0
 54503 115.82  39.07    12    0.1
 54506 115.95  39.32    24    1.2
 54507 115.52  39.33    49    1.9
 54510 116.95  39.91    18    0.6
 54512 116.28  39.42    21    2.0
 54514 116.25  39.87    55   0.01
 54515 116.70  39.50    13    1.9
 54519 116.48  39.30    12    0.5
 54520 117.08  39.97    18    0.8
 54521 116.98  39.77    13    0.7
 54522 117.73  39.88    14    0.6
 54523 117.02  39.38     4    0.7
 54526 117.33  39.08     1   0.01
 54528 117.13  39.23     3    0.2
 54529 117.82  39.35     3   0.01
 54530 117.77  39.23     1   0.01
 54531 118.72  39.73    43    0.2
 54532 118.08  39.81    31    0.7
 54533 118.10  39.58     8    0.4
 54535 118.47  39.28     3   0.01
 54540 119.20  39.73    17   0.01
 54541 119.23  39.90    24    0.1
 54569 121.95  39.42    11    0.2
 54575 122.37  39.42    43    0.1
 54590 124.17  39.88     4    0.9
 54594 116.35  39.72    37    0.1
 54596 116.19  39.77    48   0.01
 54601 115.65  38.98    13    0.7
 54603 115.77  38.72    10    0.1
 54605 115.93  38.93     4    0.8
 54607 115.12  38.72    45    0.1
 54608 115.55  38.00    26    0.3
 54609 115.59  38.23    22   0.01
 54611 115.32  38.93    44    0.9
 54612 116.46  38.85     4   0.01
 54615 116.85  38.58     8   0.01
 54616 116.85  38.35     8    0.4
 54617 116.12  38.18    13    0.1
 54619 116.92  38.92     5   0.01
 54621 115.18  38.18    38    0.5
 54626 115.82  38.42    13   0.01
 54627 117.23  38.03     8    0.1
 54633 115.23  37.52    26   0.01
 54636 116.10  39.02    11    0.3
 54644 117.12  38.05    10    0.1
 54700 115.93  38.03    16   0.01
 54701 115.20  37.93    35    0.9
 54702 115.70  37.73    20    0.2
 54703 115.88  37.80    21    0.3
 54704 115.57  37.52    24    0.1
 54707 115.98  37.35    27    0.3
 54708 115.73  37.50    23   0.01
 54709 116.07  37.22    25   0.01
 54710 116.17  37.87    18   0.01
 54711 116.28  37.70    18   0.01
 54712 116.82  37.20    18   0.01
 54713 116.53  37.88    14   0.01
 54714 116.33  37.45    23    0.2
 54716 116.80  37.67    16   0.01
 54717 116.40  37.63    17   0.01
 54718 116.47  37.15    22    0.2
 54722 117.63  37.75     6   0.01
 54723 117.57  37.65    10   0.01
 54726 117.18  37.70    11   0.01
 54728 117.38  37.77     8    0.2
 54729 117.87  37.17    11   0.01
 54731 118.22  37.48    11   0.01
 54732 118.52  37.87     5   0.01
 54734 118.00  37.36    12   0.01
 54736 118.67  37.43     6   0.01
 54737 118.15  37.15     9   0.01
 54749 119.95  37.18    48   0.01
 54777 122.07  37.20   118   0.01
 54778 122.48  37.17    61   0.01
 54801 115.48  36.85    35   0.01
 54803 116.02  36.98    27   0.01
 54805 115.47  36.45    39   0.01
 54810 116.27  36.87    27   0.01
 54811 116.62  36.93    20   0.01
 54812 116.75  36.78    22   0.01
 54814 116.25  36.53    29    0.1
 54821 117.20  37.00    20   0.01
 54822 117.73  36.87    47   0.01
 54825 117.85  36.52   189   0.01
 54827 117.15  36.17   128   0.01
 54828 117.68  36.23   229   0.01
 54831 118.50  36.65   102   0.01
 54832 118.73  36.88    25   0.01
 54833 118.08  36.97    15   0.01
 54835 118.55  36.50   106   0.01
 54837 118.83  36.68    78   0.01
 54841 119.42  36.86    23   0.01
 54844 119.18  36.42    62    0.2
 54846 119.74  36.39    51    0.4
 54848 119.42  35.98    82    0.2
 54849 120.03  36.22    84   0.01
 54851 120.56  36.90    76   0.01
 54852 120.73  36.97    54   0.01
 54853 120.42  36.17    42    0.2
 54855 120.47  36.38    26   0.01
 54861 121.53  36.93    45   0.01
 54871 122.48  36.93     9   0.01
 54902 115.12  35.90    49    0.1
 54906 115.42  35.25    49   0.01
 54907 116.65  34.98    34    3.5
 54908 115.10  35.27    57   0.01
 54915 116.60  35.43    33   0.01
 54919 116.98  35.38    88    0.2
 54920 117.28  35.65   110   0.01
 54921 116.33  35.42    38   0.01
 54922 117.78  35.88   224   0.01
 54923 117.93  35.72   202    3.6
 54925 117.63  35.52   167    5.2
 54927 117.20  35.10    74    0.5
 54932 118.65  35.77   186    1.0
 54935 118.43  35.53   119    2.2
 54938 118.40  35.05    65    6.0
 54939 118.82  35.17   113    4.0
 54940 119.20  35.75   148    0.5
 56071 102.50  34.58  3105    1.3
 56081 103.35  34.70  2810    1.0
 56082 103.50  34.58  2540    1.4
 56084 103.23  34.07  2374    0.8
 56091 104.47  34.85  1883    1.6
 56092 104.65  35.00  1728    1.0
 56094 104.37  33.78  1400    0.9
 56095 104.38  34.03  1753    2.2
 56097 104.25  33.27  1440    2.3
 56128  96.60  31.22  3810    1.1
 56158 100.67  31.40  3250    0.2
 56168 102.07  31.48  2168   0.01
 56171 101.70  32.90  3275    0.2
 56184 103.17  31.43  1896    0.7
 56185 102.98  32.08  2400    0.4
 56186 104.20  31.33   589   0.01
 56189 103.93  30.98   581   0.01
 56190 104.55  31.55   519   0.01
 56192 104.67  32.95  1014    1.9
 56193 104.52  32.42   893    1.0
 56194 104.45  31.63   597   0.01
 56272 103.88  30.82   558   0.01
 56273 102.82  30.39  1022    0.1
 56276 103.82  30.45   467   0.01
 56278 102.77  30.07   755    0.1
 56279 102.93  30.15   682    0.2
 56280 103.12  30.08   691   0.01
 56291 104.28  30.93   469   0.01
 56295 104.55  30.38   448   0.01
 56298 104.60  30.13   417   0.01
 56317  94.22  29.22  2950    0.4
 56391 103.82  30.08   415   0.01
 56393 104.85  29.77   369   0.01
 56394 104.43  29.45   384   0.01
 56396 104.77  29.35   352    0.1
 56399 104.98  29.18   306   0.01
 56480 103.53  28.82   564    0.2
 56483 103.95  28.58   496    0.1
 56490 103.90  28.95   424    0.4
 56493 104.97  28.85   292    0.5
 56494 104.15  28.65   462    0.1
 56496 105.23  28.32   358    0.1
 56497 104.23  28.10   448    0.5
 56498 104.50  28.15   549    0.1
 56582 103.90  27.75  1176    0.5
 56592 104.52  28.43   359   0.01
 56593 104.92  28.58   279   0.01
 56595 104.87  27.42  1645    0.2
 56596 105.05  27.85  1177    0.7
 56598 104.73  27.13  1535   0.01
 56958 100.42  21.92  1176    0.1
 56989 103.95  22.50   137    0.1
 57001 105.33  34.75  1271    3.3
 57002 105.65  34.85  1216    5.2
 57003 106.83  34.90   924    5.7
 57004 104.88  34.73  1495    3.8
 57006 105.75  34.58  1141    4.6
 57007 105.18  34.18  1404    3.1
 57008 105.30  34.03  1579    5.2
 57011 106.15  34.75  1378    2.5
 57012 106.20  34.98  1664    3.2
 57016 107.13  34.35   612    9.2
 57020 107.40  34.37   563    8.1
 57021 107.13  34.65   751    8.0
 57022 107.78  34.68  1026    8.7
 57023 108.11  35.02   919    5.3
 57024 107.65  34.45   669    7.9
 57026 107.88  34.37   585    8.5
 57027 107.73  34.27   517   10.3
 57029 108.48  34.50   543    5.8
 57031 108.55  34.82  1012    2.1
 57032 108.20  34.13   436    8.0
 57033 108.82  34.55   428    4.0
 57035 108.23  34.55   636    5.2
 57038 108.45  34.28   410    6.2
 57039 108.88  34.08   445    8.1
 57040 109.08  34.52   377    3.8
 57041 108.92  34.63   424    3.7
 57043 109.97  34.80   351    0.2
 57044 109.23  34.40   424    4.3
 57045 109.48  34.52   349    3.0
 57047 109.32  34.17   540    4.2
 57053 110.72  34.70   505   0.01
 57055 110.08  34.55   351    2.0
 57057 110.15  34.10   963    2.6
 57061 111.20  34.83   410    0.2
 57065 112.13  34.55   317    0.2
 57066 111.67  34.40   408    0.4
 57070 112.12  34.73   364   0.01
 57074 112.40  34.42   252    0.3
 57075 112.87  34.17   203    0.6
 57078 112.47  34.15   336    0.7
 57084 113.05  34.49  1178   0.01
 57086 113.72  34.38   116    0.2
 57087 113.73  34.27   104    0.7
 57088 113.50  34.15   116    2.3
 57090 113.97  34.72    78    0.1
 57093 114.82  34.85    73    0.1
 57094 114.22  34.40    67    0.2
 57095 114.15  34.12    61    4.9
 57096 114.78  34.53    59    0.2
 57098 114.40  34.08    58    5.8
 57099 114.85  34.07    52   11.1
 57102 105.72  33.75   970    6.5
 57105 105.60  33.33  1221    3.2
 57110 106.08  33.78   930    5.9
 57111 106.30  33.92   961    4.6
 57113 106.53  33.90   985    5.7
 57119 106.70  33.17   548    8.8
 57123 108.07  34.28   506    9.0
 57126 107.55  33.22   468    9.7
 57128 107.33  33.17   486   11.3
 57129 107.72  32.98   446    8.1
 57132 108.58  34.13   411    8.1
 57137 108.32  33.32   802    7.5
 57140 109.12  33.67   818    6.1
 57153 110.33  33.68   581    6.7
 57155 109.87  33.55   660    7.0
 57162 112.07  34.13   440    1.0
 57169 111.87  33.05   159   15.9
 57173 112.88  33.75   145    8.4
 57175 112.23  33.05   191   15.0
 57176 112.42  33.48   231   11.4
 57177 113.53  33.33    89   20.9
 57179 113.00  33.28   160   17.7
 57180 113.20  33.98   117    4.9
 57182 113.52  33.85    80   11.4
 57183 113.92  33.80    60   14.6
 57184 113.30  33.63    97   19.5
 57185 113.58  33.45    91   23.6
 57186 114.05  33.60    58   23.6
 57187 112.93  33.07   118   16.2
 57188 114.03  33.37    55   18.0
 57189 113.95  33.13    64   22.9
 57190 114.40  33.75    50   21.5
 57191 114.48  34.48    63    0.5
 57192 114.85  33.73    45   19.1
 57194 114.27  33.28    59   20.9
 57195 114.62  33.62    46   23.1
 57196 114.87  33.47    42   26.7
 57197 114.35  32.97    50   27.7
 57198 114.57  33.50    44   19.8
 57204 105.22  32.57   782    0.8
 57213 106.93  33.00   536   13.4
 57216 106.83  32.35   579    3.1
 57217 106.28  32.23   485    1.2
 57231 108.53  32.53   503    6.5
 57233 108.50  32.90   413    4.4
 57242 109.37  32.85   285   10.4
 57247 108.90  32.32   438   11.0
 57248 109.33  32.40   431   13.3
 57249 109.68  32.32   448   21.7
 57253 110.82  32.85   201   14.8
 57254 110.12  32.82   322   12.2
 57257 110.23  32.23   307   11.9
 57260 111.52  32.57   133   23.7
 57261 111.52  33.12   233   16.1
 57268 111.62  32.27   120   24.9
 57271 112.38  32.52    87   22.9
 57273 112.85  32.68   109   27.9
 57274 112.12  32.70   107   20.3
 57281 113.30  32.70   142   27.9
 57292 114.63  32.97    44   27.0
 57293 114.98  32.73    38   26.1
 57294 114.02  32.83    83   34.3
 57295 114.35  32.62    78   29.7
 57296 114.73  32.35    48   25.6
 57298 114.55  32.22    55   25.6
 57299 114.90  32.02    49   26.5
 57303 105.92  31.73   459    0.5
 57304 105.17  31.67   516   0.01
 57307 105.08  31.10   404   0.01
 57308 105.38  31.22   421   0.01
 57309 105.88  30.98   378    0.4
 57314 106.07  31.35   405    1.6
 57315 106.40  31.53   655    5.1
 57317 106.42  31.03   324    6.9
 57318 106.55  31.07   338    6.5
 57320 107.22  31.93   482    6.5
 57324 107.08  31.58   364    4.9
 57326 107.72  31.37   389   13.0
 57329 107.85  31.10   467   18.1
 57333 108.67  31.95   798    9.2
 57338 108.42  31.18   216   14.1
 57339 108.68  30.95   297   15.0
 57345 109.62  31.40   337    9.5
 57349 109.87  31.07   275   11.0
 57361 111.27  31.88   327   17.0
 57362 110.67  31.75   935   11.5
 57363 111.83  31.80   151   26.9
 57368 111.63  31.05   141   15.4
 57370 112.22  31.73    67   24.9
 57377 112.22  31.00   191   21.3
 57385 113.82  31.62    93   21.9
 57386 114.00  31.25    51   22.7
 57387 113.13  31.00    84   26.2
 57388 113.71  31.27    53   23.6
 57389 113.75  31.03    32   26.4
 57390 114.07  31.80   733   21.7
 57396 114.85  31.63   128   26.2
 57398 114.62  31.28    74   32.4
 57402 105.70  30.77   394    0.4
 57407 105.03  30.28   462   0.01
 57408 105.35  30.12   338    0.3
 57409 105.80  30.18   297    2.6
 57413 106.97  30.85   295   10.4
 57414 106.45  30.52   403    5.9
 57415 106.63  30.53   394    8.2
 57416 106.93  30.33   391   10.3
 57417 106.28  30.35   315    3.6
 57420 107.18  30.75   418    6.6
 57425 107.33  30.33   433    9.8
 57431 108.35  30.83   257   16.0
 57437 108.03  30.30   325   17.5
 57438 108.12  29.98   632    9.7
 57453 111.32  30.77   115   16.2
 57460 111.78  30.82    91   17.1
 57462 111.08  30.87   139   16.6
 57464 111.18  30.47   142   23.3
 57465 111.45  30.38    74   28.6
 57466 111.75  30.43    50   23.8
 57469 111.77  30.18    69   25.9
 57475 112.90  30.40    31   37.9
 57477 112.22  30.07    38   34.0
 57481 113.57  30.95    30   26.5
 57485 113.47  30.28    23   39.2
 57486 113.85  30.65    25   46.0
 57489 114.00  30.58    38   47.7
 57491 114.40  30.87    31   48.1
 57492 114.84  30.84    40   50.4
 57495 114.88  30.67    28   86.6
 57496 114.87  30.37    31   52.3
 57498 114.90  30.43    21   63.6
 57499 114.88  30.07    40   58.3
 57505 105.58  29.42   338    0.8
 57506 105.90  29.37   353    2.1
 57507 105.30  29.33   385    0.2
 57508 105.37  29.15   301    0.2
 57509 106.93  28.95   325    9.7
 57510 106.07  29.85   326    1.8
 57511 106.45  29.85   240    7.1
 57513 106.62  29.73   464    8.1
 57514 106.22  29.58   331    4.9
 57518 106.50  29.33   506    9.8
 57519 107.11  29.16   698    5.7
 57522 107.27  29.74   372    4.7
 57525 107.75  29.32   277    8.2
 57537 108.17  29.30   322   21.5
 57540 109.15  29.68   776   24.0
 57541 109.48  30.00   532   18.1
 57543 110.03  29.90   539   26.9
 57544 109.45  29.47   488   38.6
 57558 110.47  29.13   183   21.6
 57564 111.13  29.43   103   24.9
 57565 111.73  29.67    38   26.9
 57566 111.65  29.45    51   36.3
 57571 112.40  29.70    35   39.2
 57575 112.55  29.52    31   58.5
 57577 112.17  29.40    36   50.7
 57582 113.88  29.72    46   52.5
 57585 113.45  29.48    60   43.0
 57586 114.03  29.53    78   36.2
 57589 113.87  29.27   146   39.8
 57590 114.37  29.85    98   46.6
 57596 114.20  29.63   751   35.9
 57600 105.06  28.71   420    0.6
 57603 105.83  28.82   283    1.5
 57609 105.70  28.58   317    2.0
 57623 107.60  28.88   685   11.4
 57634 107.88  28.52   660   22.3
 57635 108.98  28.45   363   12.2
 57636 108.50  28.57   334   23.0
 57637 108.10  28.25   629   14.3
 57640 109.45  28.58   341   23.7
 57643 109.83  29.00   268   22.3
 57646 109.95  28.62   302   24.4
 57657 110.20  28.22   186   15.4
 57658 110.20  28.02   152   17.6
 57661 111.48  28.92    48   43.6
 57663 111.95  28.92    31   49.8
 57666 112.13  28.52    52   19.9
 57674 112.38  28.57    46   23.8
 57678 112.55  28.25    74    1.9
 57680 113.07  28.80    46   19.3
 57688 113.63  28.16   101    0.1
 57694 114.38  28.53   259    1.6
 57708 105.60  27.15  1700    0.8
 57713 106.88  27.70   843    0.1
 57714 106.23  27.47   942   0.01
 57717 106.83  27.53   974    0.5
 57719 106.97  27.07  1275    2.0
 57720 107.17  27.88   889    1.6
 57723 107.72  27.98   710    5.6
 57728 107.47  27.07  1096    0.6
 57732 108.40  28.02   456    3.3
 57734 108.23  27.57   467    4.4
 57735 108.82  27.18   404    1.4
 57736 108.85  27.70   369    3.9
 57737 108.12  27.03   547    6.7
 57738 108.42  27.05   516    2.8
 57739 108.92  27.23   394    1.9
 57740 109.60  27.95   349    8.6
 57742 109.20  27.52   884    9.9
 57743 109.80  27.88   176    7.0
 57744 109.17  27.37   355    3.7
 57754 110.15  27.35   170    5.0
 57760 111.43  27.70   249    6.3
 57763 112.00  27.68   205    0.4
 57767 111.01  27.13   308    0.2
 57768 111.45  27.32   242    0.6
 57769 111.73  27.23   252    0.2
 57771 112.53  27.93    88    0.7
 57772 112.50  27.75    86    0.3
 57773 112.83  27.88    63    0.9
 57777 112.87  27.23    63   0.01
 57778 112.95  27.09    70   0.01
 57781 113.50  27.65    74   0.01
 57783 113.82  27.88   118   0.01
 57786 113.85  27.63   117    0.1
 57794 114.02  27.63   177   0.01
 57800 105.37  26.77  1457    0.9
 57809 105.75  26.07  1251   0.01
 57811 106.60  26.83  1296    0.5
 57813 106.47  26.57  1261    0.2
 57814 106.27  26.42  1298    0.1
 57821 107.50  26.70   925    1.5
 57822 107.90  26.90   835    3.3
 57824 107.23  26.58  1001    1.3
 57828 107.58  26.50   983    4.6
 57829 107.80  26.20   963    0.7
 57834 108.30  26.68   641    1.3
 57835 108.43  26.72   527    0.5
 57837 108.07  26.40   839    2.1
 57842 109.72  26.88   281    0.4
 57844 109.18  26.68   343    0.7
 57846 110.15  26.58   310   0.01
 57851 110.83  26.46   346    1.6
 57859 110.63  26.03   408    8.9
 57860 111.28  27.00   283    0.1
 57865 111.58  26.47   166    4.9
 57867 111.28  26.40   169    6.4
 57868 111.86  26.59   113    2.8
 57871 112.37  26.98    90   0.01
 57876 112.83  26.43   135   0.01
 57883 114.28  26.75   253   0.01
 57911 106.65  26.67  1323    0.4
 57913 106.98  26.45  1093    0.4
 57914 106.67  26.42  1149    2.6
 57915 106.77  26.63  1104    0.5
 57923 107.87  25.98   419    0.2
 57927 107.18  24.97   287    0.5
 57936 108.91  25.76   258    0.2
 57941 109.60  25.78   197   11.8
 57942 110.00  25.80   268    0.4
 57948 109.25  25.08   122    0.2
 57949 110.00  24.98   156   12.0
 57954 110.18  25.23   157    2.5
 57955 110.67  25.62   224    2.4
 57956 110.32  25.42   167    0.3
 57958 110.32  25.08   151    0.1
 57960 111.07  25.93   195    1.0
 57962 111.65  25.97   167   0.01
 57964 111.15  25.50   263    0.1
 57975 112.20  25.38   277    0.3
 57976 112.94  25.41   222    2.3
 57978 112.55  25.27   292    0.2
 58001 115.10  34.43    56    1.8
 58002 115.58  34.85    49    0.2
 58003 115.88  34.95    45   0.01
 58004 115.15  34.65    60    0.6
 58006 115.88  34.38    46    2.6
 58007 115.30  34.07    47    8.3
 58008 115.33  34.47    54    1.7
 58011 116.07  34.80    46    5.0
 58012 116.58  34.68    40    1.7
 58013 116.91  34.75    36    0.6
 58016 116.97  34.18    34   12.4
 58017 116.13  34.25    41    5.0
 58020 117.13  34.80    35    0.5
 58021 117.28  34.78    80    0.8
 58022 117.57  34.75    48    2.1
 58024 117.58  34.87    77    0.6
 58025 117.73  34.57    27    2.9
 58030 118.02  34.88    44    3.4
 58032 118.65  34.93    70    6.9
 58035 118.35  34.33    29   17.4
 58036 118.71  34.54    32   15.1
 58041 119.43  34.78    26   21.0
 58044 119.23  34.55     4   21.8
 58045 119.60  34.20     4   25.2
 58048 119.35  34.12     4   23.8
 58049 119.80  34.02     4   28.8
 58100 115.17  33.65    41   21.6
 58101 115.48  33.87    41   15.0
 58104 115.07  33.40    41   25.1
 58107 115.28  33.02    35   24.0
 58108 115.33  33.23    34   20.5
 58109 115.62  33.18    33   22.3
 58112 116.45  30.73   968   96.3
 58113 116.75  33.93    31   16.1
 58114 116.18  33.48    31   16.7
 58116 116.83  33.98    31   15.8
 58117 116.20  33.13    27   20.3
 58125 117.52  33.58    22   11.8
 58126 117.87  33.47    19   17.3
 58127 117.20  32.98    21   15.8
 58128 117.35  33.33    21   15.6
 58129 117.83  33.15    14   16.9
 58131 118.22  33.97    25   14.3
 58132 118.68  33.72    14   21.4
 58139 118.91  33.31    10   17.3
 58140 119.30  33.77     9   25.7
 58145 119.15  33.50     7   14.8
 58146 119.77  33.47     3   12.6
 58147 118.97  32.98    24   14.4
 58148 119.31  33.25     4   17.0
 58154 120.20  33.43     2    9.9
 58202 115.57  32.67    31   21.7
 58205 115.43  32.47    34   22.4
 58207 115.05  32.17    42   24.8
 58210 116.23  32.65    25   17.9
 58212 116.77  32.72    23   15.5
 58214 116.28  32.33    32   29.5
 58220 117.15  32.47    28   23.9
 58222 117.55  32.85    24   17.1
 58223 117.98  32.80    31   21.8
 58224 117.02  32.65    32   21.5
 58230 118.28  32.12    26   28.0
 58234 118.42  32.47    40   32.6
 58235 118.85  32.37    10   29.4
 58237 118.59  32.06    46   36.3
 58240 119.02  32.68    21   19.0
 58243 119.82  32.95     3   13.0
 58244 119.59  32.45     5   15.6
 58245 119.42  32.41     9   17.8
 58246 119.99  32.56     2   12.6
 58247 119.80  32.27     3   15.8
 58249 120.05  32.16     6   19.7
 58250 120.16  32.51     6   16.0
 58254 120.45  32.52     5   13.5
 58257 120.26  31.99     4   25.1
 58264 121.18  32.33     3   10.9
 58268 121.08  32.10     4   19.4
 58269 121.65  31.78     3    0.7
 58301 115.38  31.82    92   31.8
 58306 115.88  31.68    95   37.1
 58316 116.92  31.47    23   40.3
 58317 116.37  30.87   434   59.7
 58320 117.13  31.73    21   42.4
 58327 117.28  31.27    45   44.9
 58329 117.87  31.33     9   39.7
 58330 118.08  31.75    26   30.7
 58331 118.37  31.73    22   34.1
 58334 118.37  31.38     9   43.1
 58335 118.52  31.57    23   26.8
 58339 118.90  31.33    15   54.8
 58340 119.03  31.66    25   29.1
 58341 119.59  31.98     6   26.5
 58342 119.55  31.72     6   27.2
 58344 119.20  31.96    36   28.1
 58346 119.81  31.34    16   31.9
 58349 120.56  31.41     8   14.2
 58351 120.30  31.90     4   21.2
 58352 120.77  31.65     4   26.5
 58353 120.57  31.87     8   23.7
 58359 120.62  31.13     4    0.7
 58360 121.20  31.92     3    9.7
 58361 121.37  31.10     5   0.01
 58366 121.49  31.67     4    6.5
 58367 121.43  31.20     4   0.01
 58369 121.78  31.05     5   0.01
 58377 121.11  31.51     5    9.2
 58401 115.40  30.75   123   46.3
 58404 115.22  30.47    61   57.5
 58408 115.43  30.23    35   59.1
 58409 115.93  30.10    32   25.0
 58415 116.55  30.67    64   79.1
 58416 116.82  30.75    35   78.1
 58417 116.13  30.17    54   24.9
 58418 116.67  30.13    60   15.9
 58420 117.23  30.72    58   56.3
 58421 117.87  30.63    31   41.4
 58423 117.78  30.48   647   21.2
 58426 118.13  30.30   193   18.6
 58427 117.50  30.65    15   57.5
 58428 117.50  30.22   118   17.3
 58431 118.32  30.90    39   45.1
 58432 118.40  30.68    57   17.9
 58433 118.75  30.93    31   33.0
 58435 118.53  30.30   220    9.4
 58438 118.58  30.08   191    1.2
 58441 119.42  30.87    43    8.2
 58442 119.18  31.17    16   25.1
 58443 119.89  31.02    25    2.4
 58446 119.70  30.63    72    1.3
 58451 120.93  30.83     2   0.01
 58452 120.77  30.73     4    0.1
 58454 119.98  30.53   102    0.5
 58456 120.52  30.63     6    0.3
 58459 120.29  30.19    44   0.01
 58461 121.12  31.13     4   0.01
 58468 121.17  30.05     5   0.01
 58501 115.63  29.92    23   25.2
 58502 116.00  29.73    36   17.2
 58503 115.67  29.70    41   19.6
 58505 115.90  29.62    63   20.3
 58507 115.12  29.25   116   19.7
 58508 115.77  29.33    41   14.7
 58509 115.82  29.05    36    5.4
 58510 116.23  29.73    40   17.5
 58512 116.55  29.90    71   17.8
 58514 116.05  29.45    37   14.6
 58517 116.20  29.27    35    3.3
 58523 117.93  29.93   227    3.5
 58524 117.22  29.37    87    2.0
 58529 117.85  29.27    80   0.01
 58530 118.43  29.87   168    1.2
 58534 118.18  29.78   170    1.6
 58547 119.18  29.03    66   0.01
 58550 120.25  29.70    39   0.01
 58558 120.22  29.27    89   0.01
 58560 120.43  29.05   304   0.01
 58566 121.88  29.47     6    1.4
 58567 121.43  29.32    39    8.2
 58570 122.30  29.95    85   0.01
 58601 115.38  28.70    53   0.01
 58602 115.55  28.85    40    2.5
 58614 116.27  28.38    34   0.01
 58642 119.80  28.88   105    0.9
 58643 120.03  28.90   102   0.01
 58693 115.83  28.70    40    0.3
 58751 120.57  27.67   254   0.01
 59012 106.55  24.78   972    0.1
 59022 107.55  24.98   697   0.01
 59025 107.38  24.53   248    0.2
 59027 107.25  24.13   254    0.4
 59041 109.25  24.65   108    0.1
 59061 111.27  24.82   193    0.3
 59213 106.92  23.73   110    0.2
 59215 106.63  23.33   680    0.1
 59224 107.12  23.60   111    0.1
 59238 108.80  23.22   122   0.01
 59241 109.68  23.97    90   0.01
 59246 109.67  23.60    70   0.01
 59256 110.92  23.37    54    0.1
 59266 111.23  23.42    42   0.01
