diamond  3 2014年11月09日08点24小时降雨量                    
  14  11  09  08    -1 3 10 25 50 1 0
 39 122.7  37.3 122.5  36.7 120.8  36.2 119.3  35.0 120.4  34.3
 121.1  32.7 122.3  30.9 122.5  30.1 121.5  28.0 119.8  25.0
 116.1  22.6 111.0  21.0 111.0  18.6 109.6  18.1 108.3  18.5
 108.9  19.9 109.3  21.0 106.4  21.6 104.1  22.2 101.6  20.8
  98.7  22.0  97.1  24.1  97.7  27.0  91.7  26.6  85.7  27.7
  78.9  30.6  73.3  37.1  74.1  40.7  87.6  49.8  98.5  43.9
 110.4  44.3 122.0  54.7 135.7  48.3 131.5  42.2 125.2  39.4
 121.3  38.5 121.2  40.3 118.5  38.6 120.8  38.1
 1     593
 50964 128.80  45.83   119    0.9
 51058  87.97  47.10   563    1.6
 51137  82.93  46.20   715   10.1
 51145  83.65  46.55   521   15.0
 51328  80.42  44.20   770   17.7
 51329  80.85  44.05   640   21.1
 51352  85.25  44.85   337    1.1
 51353  86.10  45.02   346    2.2
 51356  86.05  44.32   442    2.3
 51357  85.62  44.33   522    1.2
 51359  86.20  44.32   471    2.1
 51368  87.32  44.12   515    3.5
 51369  87.65  43.97   600    6.6
 51377  87.92  44.17   547    4.0
 51378  89.17  44.02   734   0.01
 51430  81.15  43.83   602   17.3
 51434  81.53  43.97   770   16.7
 51435  82.23  43.47   774   12.6
 51436  83.30  43.45   928   10.3
 51438  81.77  43.18  1210    3.6
 51465  87.10  43.48  1871    9.3
 51482  90.28  43.83  1271    2.6
 51627  79.23  41.22  1395    1.4
 52993 105.07  35.68  1739    0.2
 52996 105.02  35.38  2450    1.5
 53505 105.40  37.88  1380    0.1
 53610 106.35  38.57  1106    1.6
 53617 106.08  38.03  1118    0.7
 53618 106.25  38.28  1113    2.6
 53619 106.30  38.12  1115    1.1
 53707 105.25  36.93  1697   0.01
 53727 107.12  37.17  1712    2.7
 53730 107.48  38.18  1333   0.01
 53748 109.70  37.18  1063    0.1
 53799 115.00  37.24    25   0.01
 53829 107.90  35.98  1093    3.0
 53832 108.77  36.77  1218    2.7
 53841 109.32  36.88  1068    0.5
 53848 109.35  36.27  1005    0.9
 53860 111.17  36.98  1406    0.1
 53861 111.38  35.88   463    0.2
 53862 111.80  36.85   811    0.1
 53864 111.10  36.40  1030    0.3
 53865 111.55  36.65  1011    0.3
 53866 111.67  36.23   462    0.4
 53869 111.70  36.58   550    0.3
 53871 112.85  36.83   964    0.2
 53872 112.68  36.77   960    0.4
 53873 112.87  36.10   951    1.5
 53875 112.35  36.52  1000    1.3
 53878 113.38  36.52   767    1.6
 53879 112.88  36.32   952    0.8
 53880 113.23  36.33   947    1.2
 53881 106.48  37.28  1382    1.0
 53885 113.20  36.12  1122    1.5
 53886 113.67  36.57   470    0.7
 53888 113.43  36.20  1089    2.0
 53890 114.10  36.67   280    0.6
 53892 114.47  36.62    66    0.5
 53893 114.95  36.77    39    0.2
 53895 114.50  36.78    60   0.01
 53906 105.72  35.52  1656    1.3
 53908 105.23  35.22  1768    0.2
 53914 106.12  35.62  2078    0.2
 53916 106.32  35.50  1948    1.6
 53917 106.07  35.22  1631    0.1
 53924 107.62  35.07   966    0.2
 53925 107.18  35.68  1172    0.9
 53926 107.35  35.35  1028    0.1
 53927 106.62  35.20  1477    1.3
 53928 107.02  35.30  1149    1.4
 53930 107.98  36.45  1271    1.8
 53931 109.37  36.00   984    0.2
 53934 107.98  35.78  1274    1.1
 53935 108.40  35.48  1481    0.2
 53937 107.92  35.52   979    0.1
 53938 108.30  35.17  1277   0.01
 53944 109.25  35.57   863   0.01
 53953 110.85  35.97   965   0.01
 53954 110.97  35.62   433   0.01
 53964 111.22  35.62   430   0.01
 53966 111.83  35.98   817    0.3
 54627 117.23  38.03     8    0.3
 54628 117.48  38.15     6    0.4
 54644 117.12  38.05    10    0.1
 54703 115.88  37.80    21    0.3
 54706 115.67  37.08    31   0.01
 54707 115.98  37.35    27   0.01
 54709 116.07  37.22    25   0.01
 54710 116.17  37.87    18   0.01
 54713 116.53  37.88    14    0.1
 54714 116.33  37.45    23   0.01
 54716 116.80  37.67    16   0.01
 54719 116.68  38.03    11    0.6
 54726 117.18  37.70    11   0.01
 54806 115.97  36.42    33   0.01
 56094 104.37  33.78  1400   0.01
 56180 103.85  31.68  1590   0.01
 56181 103.70  30.68   541    4.0
 56183 103.62  31.50  1370    0.1
 56186 104.20  31.33   589    5.2
 56189 103.93  30.98   581    3.3
 56190 104.55  31.55   519    7.2
 56192 104.67  32.95  1014    0.1
 56193 104.52  32.42   893    1.2
 56194 104.45  31.63   597    6.9
 56195 104.73  31.80   543    6.4
 56197 104.17  31.15   535    5.4
 56198 104.50  31.32   525    8.6
 56199 104.68  31.03   423    3.4
 56272 103.88  30.82   558    5.7
 56276 103.82  30.45   467    8.7
 56278 102.77  30.07   755    4.0
 56279 102.93  30.15   682    0.7
 56280 103.12  30.08   691    2.5
 56281 103.50  30.18   510    7.6
 56284 103.43  30.45   518    3.5
 56285 103.52  30.60   523    3.1
 56286 104.25  30.55   515    2.2
 56288 103.92  30.58   494    8.9
 56289 103.87  30.20   437    8.2
 56290 104.18  30.78   514    8.8
 56291 104.28  30.93   469    7.7
 56295 104.55  30.38   448    0.1
 56296 104.43  30.85   448    3.6
 56297 104.15  30.02   436   0.01
 56298 104.60  30.13   417   0.01
 56373 102.85  29.78   763    0.1
 56380 103.35  29.88   571   10.4
 56381 103.50  30.07   630    2.6
 56382 103.60  29.73   407    6.6
 56383 103.87  29.83   455    2.3
 56384 103.48  29.60   446    8.4
 56387 103.27  29.23   642    0.5
 56389 103.95  29.20   387    4.0
 56390 104.07  29.67   404   0.01
 56391 103.82  30.08   415   10.1
 56394 104.43  29.45   384   0.01
 56399 104.98  29.18   306   0.01
 56480 103.53  28.82   564    0.3
 56483 103.95  28.58   496    2.0
 56490 103.90  28.95   424    5.7
 56491 104.57  28.70   287    0.7
 56493 104.97  28.85   292    0.9
 56494 104.15  28.65   462    1.0
 56496 105.23  28.32   358    2.7
 56498 104.50  28.15   549    2.7
 56499 104.78  28.38   368    7.2
 56580 102.80  27.72  2460    0.2
 56582 103.90  27.75  1176    0.3
 56585 103.53  27.18  1916   0.01
 56592 104.52  28.43   359    1.6
 56593 104.92  28.58   279    2.0
 56595 104.87  27.42  1645    0.3
 56790 104.25  25.68  1925   0.01
 56883 103.98  24.82  1900    0.1
 56891 104.32  24.98  1482    1.1
 56987 103.23  22.78  1260    0.7
 56989 103.95  22.50   137   0.01
 56992 104.70  23.45  1507    0.2
 56995 104.42  23.03  1332    0.3
 57001 105.33  34.75  1271   0.01
 57002 105.65  34.85  1216    0.1
 57003 106.83  34.90   924    2.6
 57006 105.75  34.58  1141    0.8
 57007 105.18  34.18  1404    0.1
 57008 105.30  34.03  1579    0.2
 57011 106.15  34.75  1378    0.5
 57012 106.20  34.98  1664   0.01
 57016 107.13  34.35   612    0.4
 57020 107.40  34.37   563    0.2
 57022 107.78  34.68  1026    0.1
 57031 108.55  34.82  1012   0.01
 57102 105.72  33.75   970    0.3
 57105 105.60  33.33  1221    3.7
 57110 106.08  33.78   930    1.7
 57111 106.30  33.92   961    1.2
 57113 106.53  33.90   985    0.7
 57119 106.70  33.17   548    0.1
 57126 107.55  33.22   468   0.01
 57128 107.33  33.17   486    0.1
 57137 108.32  33.32   802    0.1
 57204 105.22  32.57   782    7.1
 57208 105.52  32.28   544    8.4
 57213 106.93  33.00   536    0.1
 57217 106.28  32.23   485   0.01
 57254 110.12  32.82   322   0.01
 57303 105.92  31.73   459    0.1
 57304 105.17  31.67   516    3.6
 57307 105.08  31.10   404    0.3
 57308 105.38  31.22   421   0.01
 57338 108.42  31.18   216   0.01
 57339 108.68  30.95   297    0.3
 57386 114.00  31.25    51    0.1
 57414 106.45  30.52   403   0.01
 57415 106.63  30.53   394   0.01
 57420 107.18  30.75   418   0.01
 57453 111.32  30.77   115    0.3
 57464 111.18  30.47   142    0.4
 57465 111.45  30.38    74    0.3
 57466 111.75  30.43    50    0.2
 57477 112.22  30.07    38   0.01
 57498 114.90  30.43    21    0.4
 57507 105.30  29.33   385    0.2
 57508 105.37  29.15   301    0.3
 57537 108.17  29.30   322    0.1
 57540 109.15  29.68   776    0.1
 57543 110.03  29.90   539   0.01
 57585 113.45  29.48    60   0.01
 57589 113.87  29.27   146    0.8
 57590 114.37  29.85    98    0.1
 57596 114.20  29.63   751    1.0
 57600 105.06  28.71   420    2.3
 57605 105.82  28.03   537    0.3
 57634 107.88  28.52   660    1.4
 57637 108.10  28.25   629    0.7
 57643 109.83  29.00   268   0.01
 57646 109.95  28.62   302    0.4
 57657 110.20  28.22   186   0.01
 57678 112.55  28.25    74    0.1
 57680 113.07  28.80    46   0.01
 57688 113.63  28.16   101    0.3
 57698 114.45  28.12    98    0.1
 57699 114.92  28.23    66    0.1
 57708 105.60  27.15  1700    1.1
 57713 106.88  27.70   843    1.8
 57714 106.23  27.47   942    1.0
 57717 106.83  27.53   974    2.3
 57719 106.97  27.07  1275    2.7
 57720 107.17  27.88   889    1.8
 57723 107.72  27.98   710    1.8
 57728 107.47  27.07  1096    0.5
 57732 108.40  28.02   456   0.01
 57734 108.23  27.57   467   0.01
 57736 108.85  27.70   369   0.01
 57738 108.42  27.05   516    0.2
 57739 108.92  27.23   394   0.01
 57740 109.60  27.95   349   0.01
 57742 109.20  27.52   884    0.7
 57763 112.00  27.68   205   0.01
 57773 112.83  27.88    63    0.1
 57777 112.87  27.23    63    0.3
 57778 112.95  27.09    70    0.2
 57781 113.50  27.65    74    0.1
 57783 113.82  27.88   118   0.01
 57786 113.85  27.63   117   0.01
 57792 114.68  27.82    93    1.0
 57794 114.02  27.63   177   0.01
 57796 114.88  27.83   189    0.7
 57800 105.37  26.77  1457    1.4
 57807 105.47  26.21  1361    1.9
 57808 105.75  26.32  1274    1.9
 57809 105.75  26.07  1251    1.1
 57811 106.60  26.83  1296    0.8
 57813 106.47  26.57  1261    0.9
 57814 106.27  26.42  1298    2.2
 57818 106.45  26.03  1140    1.6
 57821 107.50  26.70   925    0.1
 57822 107.90  26.90   835    0.6
 57828 107.58  26.50   983    0.4
 57829 107.80  26.20   963    0.1
 57846 110.15  26.58   310   0.01
 57851 110.83  26.46   346    0.4
 57859 110.63  26.03   408    1.9
 57865 111.58  26.47   166   0.01
 57867 111.28  26.40   169   0.01
 57871 112.37  26.98    90   0.01
 57881 113.25  26.72   101    0.1
 57883 114.28  26.75   253    0.1
 57886 113.80  26.48   268    0.1
 57891 114.25  26.93   153    0.6
 57900 105.22  25.83  1552    1.7
 57903 105.60  25.94  1142    2.4
 57905 105.63  25.40  1063    1.0
 57908 105.48  25.12  1394    0.1
 57909 105.82  24.98   584    0.3
 57911 106.65  26.67  1323    0.5
 57913 106.98  26.45  1093   0.01
 57914 106.67  26.42  1149    0.2
 57915 106.77  26.63  1104    0.3
 57927 107.18  24.97   287    0.2
 57936 108.91  25.76   258   0.01
 57941 109.60  25.78   197   0.01
 57942 110.00  25.80   268    1.0
 57948 109.25  25.08   122    0.4
 57949 110.00  24.98   156    2.2
 57954 110.18  25.23   157    1.4
 57955 110.67  25.62   224    2.1
 57956 110.32  25.42   167    1.6
 57958 110.32  25.08   151    2.3
 57960 111.07  25.93   195    0.3
 57962 111.65  25.97   167    0.1
 57964 111.15  25.50   263    1.3
 57966 111.96  25.59   244    0.1
 57971 112.20  25.92   224   0.01
 57973 112.72  25.75   329    0.7
 57975 112.20  25.38   277    0.6
 57981 113.22  25.97   139    0.2
 57988 113.35  25.15   102    0.2
 57989 113.77  25.07   112    0.4
 57992 114.75  25.67   127   0.01
 57994 114.35  25.40   215    0.2
 57995 114.93  25.40   164    0.4
 58147 118.97  32.98    24    0.1
 58148 119.31  33.25     4   0.01
 58154 120.20  33.43     2    0.1
 58210 116.23  32.65    25   0.01
 58212 116.77  32.72    23    1.0
 58214 116.28  32.33    32    0.1
 58222 117.55  32.85    24   0.01
 58223 117.98  32.80    31    0.1
 58224 117.02  32.65    32   0.01
 58230 118.28  32.12    26    0.4
 58234 118.42  32.47    40    0.3
 58235 118.85  32.37    10    0.8
 58237 118.59  32.06    46    0.9
 58240 119.02  32.68    21    0.5
 58242 119.16  32.30    22    1.2
 58243 119.82  32.95     3    1.3
 58244 119.59  32.45     5    2.7
 58245 119.42  32.41     9    2.2
 58246 119.99  32.56     2    2.6
 58247 119.80  32.27     3    2.5
 58249 120.05  32.16     6    1.8
 58250 120.16  32.51     6    2.3
 58254 120.45  32.52     5    2.6
 58257 120.26  31.99     4    0.7
 58264 121.18  32.33     3    2.0
 58268 121.08  32.10     4    0.8
 58269 121.65  31.78     3    0.7
 58306 115.88  31.68    95   0.01
 58316 116.92  31.47    23    0.1
 58317 116.37  30.87   434    0.1
 58320 117.13  31.73    21   0.01
 58323 117.47  31.88    25    0.1
 58327 117.28  31.27    45    1.2
 58329 117.87  31.33     9    0.5
 58330 118.08  31.75    26    0.4
 58331 118.37  31.73    22    1.2
 58334 118.37  31.38     9    3.2
 58335 118.52  31.57    23    3.1
 58337 118.18  31.08    26    6.2
 58339 118.90  31.33    15    3.4
 58340 119.03  31.66    25    2.7
 58341 119.59  31.98     6    2.1
 58342 119.55  31.72     6    3.1
 58344 119.20  31.96    36    2.0
 58346 119.81  31.34    16    5.7
 58349 120.56  31.41     8    5.0
 58351 120.30  31.90     4    1.5
 58352 120.77  31.65     4    3.4
 58353 120.57  31.87     8    1.7
 58359 120.62  31.13     4    0.6
 58360 121.20  31.92     3    0.5
 58361 121.37  31.10     5    0.9
 58365 121.25  31.37     4    1.7
 58366 121.49  31.67     4    0.5
 58367 121.43  31.20     4    1.3
 58369 121.78  31.05     5    1.0
 58370 121.53  31.23     4    0.8
 58377 121.11  31.51     5    1.7
 58408 115.43  30.23    35    0.1
 58409 115.93  30.10    32   0.01
 58416 116.82  30.75    35   0.01
 58420 117.23  30.72    58    0.3
 58421 117.87  30.63    31    3.0
 58423 117.78  30.48   647    1.9
 58426 118.13  30.30   193    2.4
 58427 117.50  30.65    15    1.3
 58428 117.50  30.22   118    1.7
 58431 118.32  30.90    39    4.6
 58432 118.40  30.68    57    5.1
 58433 118.75  30.93    31    4.8
 58435 118.53  30.30   220    3.6
 58438 118.58  30.08   191    1.6
 58441 119.42  30.87    43    5.7
 58442 119.18  31.17    16    5.0
 58443 119.89  31.02    25    6.3
 58446 119.70  30.63    72    9.4
 58449 119.95  30.05    46    6.6
 58451 120.93  30.83     2    0.3
 58452 120.77  30.73     4    0.9
 58453 120.50  30.07     7    9.9
 58454 119.98  30.53   102    8.5
 58455 120.65  30.52     8    3.2
 58456 120.52  30.63     6    3.1
 58458 120.90  30.54     4    2.3
 58459 120.29  30.19    44    7.4
 58460 121.35  30.73     5    1.3
 58461 121.12  31.13     4    1.3
 58462 121.23  31.03     4    0.6
 58463 121.50  30.88     4    1.5
 58468 121.17  30.05     5   10.3
 58484 122.20  30.25    37    3.1
 58501 115.63  29.92    23    0.1
 58502 116.00  29.73    36    0.1
 58503 115.67  29.70    41   0.01
 58507 115.12  29.25   116    0.2
 58512 116.55  29.90    71   0.01
 58523 117.93  29.93   227    2.0
 58524 117.22  29.37    87    0.9
 58529 117.85  29.27    80    3.8
 58530 118.43  29.87   168    0.5
 58534 118.18  29.78   170    1.6
 58537 118.40  29.13   153    2.6
 58542 119.68  29.82    46    6.1
 58544 119.27  29.48    88    2.2
 58546 119.88  29.47   115    3.4
 58547 119.18  29.03    66    5.3
 58548 119.47  29.22    50    2.2
 58550 120.25  29.70    39    7.4
 58555 120.88  29.52   113   10.7
 58558 120.22  29.27    89    2.9
 58559 120.98  29.17    58    2.7
 58560 120.43  29.05   304    5.9
 58561 121.60  29.98     4   19.3
 58563 121.83  29.88     5    8.4
 58565 121.39  29.69    41   10.5
 58566 121.88  29.47     6    4.6
 58567 121.43  29.32    39    4.9
 58568 121.38  29.12    34    4.7
 58570 122.30  29.95    85    7.2
 58612 116.68  28.70    21    0.1
 58614 116.27  28.38    34   0.01
 58615 117.08  28.68    56    0.2
 58616 116.82  28.20    40    0.3
 58618 116.60  28.27    82    0.1
 58619 116.37  28.00    49    0.1
 58620 117.10  29.02    51    0.5
 58623 117.92  28.47    90    4.5
 58624 117.43  28.40    70    2.8
 58625 117.60  28.42    79    3.6
 58627 117.03  28.25    55    0.3
 58629 117.71  28.29   100    4.1
 58631 118.50  28.90   137    2.7
 58632 118.60  28.72   126    2.2
 58635 118.20  28.43    95    5.1
 58642 119.80  28.88   105    2.3
 58643 120.03  28.90   102    1.6
 58644 119.28  28.60   237    1.2
 58647 119.13  28.08   222    0.8
 58654 120.08  28.67   184    6.0
 58656 120.97  28.07    60    6.1
 58657 120.28  28.15    57    1.4
 58658 120.68  28.15    34    1.3
 58659 120.65  28.03    28    3.5
 58660 121.20  28.87     6    2.5
 58664 121.37  28.37    35    9.0
 58701 115.40  27.77    46    0.1
 58704 115.35  27.62    52    0.1
 58710 116.05  27.77    78   0.01
 58712 116.78  27.92   130    0.7
 58713 117.07  27.72   225    1.6
 58714 116.23  27.55   120    0.2
 58719 116.93  27.30   131    0.4
 58724 117.32  27.53   268    1.7
 58735 118.75  27.52   260    0.5
 58736 118.82  27.38   262    0.2
 58745 119.08  27.62   400   0.01
 58746 119.70  27.55   538    0.5
 58747 119.35  27.15   899    1.0
 58748 119.65  27.10    50    1.3
 58749 119.88  27.23   684    3.2
 58750 120.08  27.78   105    0.4
 58751 120.57  27.67   254    6.6
 58804 115.35  26.35   151   0.01
 58814 116.35  26.35   247    0.4
 58819 116.82  26.18   336    1.8
 58821 117.47  26.73   173    1.2
 58822 116.85  26.83   342    1.0
 58823 117.80  26.80   175    0.5
 58824 117.15  26.40   357    2.1
 58826 117.80  26.40   120    0.4
 58828 117.62  26.27   208    2.3
 58836 118.73  26.58   361    0.1
 58839 118.85  26.23    40    0.2
 58844 119.15  26.15    57   0.01
 58845 119.53  26.50    60    0.7
 58848 119.55  26.20    13    1.2
 58850 120.23  26.92    92    4.2
 58903 116.03  25.90   210    1.4
 58905 115.42  25.97   133   0.01
 58906 115.80  25.60   167    1.4
 58907 115.40  25.15   305    1.6
 58912 116.73  25.72   404    3.5
 58917 116.10  25.08   307    1.4
 58923 117.83  25.70   400    0.4
 58928 117.53  25.02   166    0.5
 58929 118.15  25.07    68   0.01
 58932 118.93  25.87    85   0.01
 58934 118.27  25.33   170   0.01
 58935 118.23  25.48   521    0.1
 58938 118.98  25.23    23   0.01
 58941 119.50  25.97    25    0.5
 58946 119.00  25.45    81   0.01
 59004 105.10  24.50   725   0.01
 59012 106.55  24.78   972    1.2
 59015 106.57  24.35   437    0.3
 59022 107.55  24.98   697    0.2
 59025 107.38  24.53   248    0.3
 59027 107.25  24.13   254    0.2
 59031 108.26  24.81   342    0.9
 59033 108.90  24.78   328    0.3
 59034 108.67  24.48   150    0.3
 59038 108.65  24.07   138   11.2
 59041 109.25  24.65   108    0.7
 59044 109.38  24.47    97   11.7
 59045 109.75  24.48    94    1.9
 59047 109.33  24.25   100    3.1
 59051 110.50  24.77   136   15.9
 59052 110.82  24.83   169    3.6
 59053 110.67  24.62   105   0.01
 59055 110.40  24.50   165    0.5
 59057 110.18  24.13   830    0.4
 59059 110.80  24.18   105    0.7
 59061 111.27  24.82   193    0.1
 59063 111.45  25.18   265    0.4
 59064 111.32  24.55   136   0.01
 59075 112.63  24.48    70    0.1
 59081 113.29  24.78   131    0.8
 59090 114.07  24.95   103    1.0
 59091 114.52  24.75   277    1.6
 59093 115.03  24.78   253    1.7
 59094 114.12  24.35   184    4.2
 59099 114.93  24.45   173    2.1
 59106 115.90  24.58   152    1.8
 59109 115.73  24.15   123    4.0
 59114 116.17  24.65   135    2.3
 59124 117.38  24.52    53   0.01
 59125 117.30  24.38   108    0.3
 59127 117.83  24.43    32   0.01
 59131 118.37  24.97    45   0.01
 59137 118.57  24.82    56   0.01
 59205 105.63  23.65   685    0.3
 59215 106.63  23.33   680    0.7
 59224 107.12  23.60   111   0.01
 59227 107.14  23.11   454    1.9
 59229 107.70  23.17   125    1.5
 59230 108.17  23.72   168    6.3
 59235 108.62  23.43   115    8.4
 59237 108.28  23.17   111   10.2
 59238 108.80  23.22   122    6.0
 59241 109.68  23.97    90    2.6
 59246 109.67  23.60    70    0.6
 59249 109.62  23.12    51    0.4
 59256 110.92  23.37    54   0.01
 59264 111.50  23.40    83    0.7
 59266 111.23  23.42    42    0.1
 59268 111.53  23.25    29    0.3
 59269 111.78  23.17    47    0.1
 59270 112.18  23.92    84    0.1
 59276 112.65  23.35    40    0.5
 59279 112.87  23.18    24    1.5
 59284 113.23  23.42    38    1.4
 59285 113.60  23.57    38    3.1
 59288 113.02  23.15    29    0.8
 59290 114.25  23.78    85    3.5
 59297 114.28  23.17    17    2.9
 59310 116.18  23.77    45    1.0
 59312 116.70  23.67    60    0.4
 59313 116.98  23.68    44    0.2
 59314 116.13  23.30    29    2.6
 59315 116.40  23.58    43    0.7
 59318 116.58  23.27     5   0.01
 59319 116.83  23.43     4   0.01
 59322 117.37  23.98    22   0.01
 59419 106.75  22.10   242   14.3
 59421 107.20  22.83   255    0.5
 59425 107.35  22.40   107   25.1
 59426 107.92  22.61   146   19.2
 59427 107.07  22.12   163    4.7
 59429 108.01  22.18   216    3.2
 59432 108.40  22.80   194    7.1
 59435 108.48  22.77    74    8.7
 59441 109.25  22.70    78    1.9
 59449 109.98  22.30    85   0.01
 59451 110.35  22.70    98    0.1
 59452 110.53  22.83   131   0.01
 59454 110.99  22.95   202    0.3
 59457 110.27  22.32   121   0.01
 59469 111.78  22.17    37    1.3
 59470 112.20  22.70    57    2.8
 59471 112.05  22.93   101    0.6
 59473 112.97  22.77    19    2.5
 59475 112.65  22.40    27    1.9
 59476 113.03  22.53    36    0.8
 59477 112.23  22.27    68    5.0
 59480 113.25  22.85    21    1.3
 59481 113.32  22.93    12    0.6
 59487 113.30  22.23    23    5.3
 59492 114.73  22.97    47    3.7
 59500 115.32  22.97     6    4.9
 59502 115.65  22.95     5    2.6
