diamond  3 2014年11月23日08点24小时降雨量                    
  14  11  23  08    -1 3 10 25 50 1 0
 39 122.7  37.3 122.5  36.7 120.8  36.2 119.3  35.0 120.4  34.3
 121.1  32.7 122.3  30.9 122.5  30.1 121.5  28.0 119.8  25.0
 116.1  22.6 111.0  21.0 111.0  18.6 109.6  18.1 108.3  18.5
 108.9  19.9 109.3  21.0 106.4  21.6 104.1  22.2 101.6  20.8
  98.7  22.0  97.1  24.1  97.7  27.0  91.7  26.6  85.7  27.7
  78.9  30.6  73.3  37.1  74.1  40.7  87.6  49.8  98.5  43.9
 110.4  44.3 122.0  54.7 135.7  48.3 131.5  42.2 125.2  39.4
 121.3  38.5 121.2  40.3 118.5  38.6 120.8  38.1
 1     708
 50673 130.40  48.88    90    0.2
 50779 134.28  48.37    40    0.7
 51368  87.32  44.12   515    0.3
 51430  81.15  43.83   602   0.01
 51434  81.53  43.97   770   0.01
 51465  87.10  43.48  1871   0.01
 52784 102.90  37.47  2072    0.4
 52993 105.07  35.68  1739    0.2
 52996 105.02  35.38  2450    1.1
 53368 111.47  41.08  1637   0.01
 53378 112.62  41.28  1737    1.0
 53397 113.98  41.10  1376    0.1
 53472 112.57  40.87  1451   0.01
 53486 113.77  40.37  1050   0.01
 53488 113.58  40.03  1034    0.1
 53491 114.38  40.67   837   0.01
 53492 114.15  40.10   937    0.4
 53499 114.73  40.77   755   0.01
 53574 112.27  39.52  1409   0.01
 53575 112.20  39.10  1525    2.1
 53576 112.82  39.50  1045    1.2
 53577 112.30  39.00  1437    1.2
 53579 112.90  39.02   859    0.6
 53580 113.10  39.82  1044   0.01
 53590 114.27  39.75   977   0.01
 53644 108.83  38.60  1307   0.01
 53658 110.48  38.03   894    2.1
 53659 111.00  37.97  1163    3.8
 53660 111.08  39.02   894    0.3
 53662 111.58  38.72  1396    1.9
 53665 111.65  38.28  1185    2.0
 53666 111.93  38.35  1212    1.7
 53669 111.80  38.08  1150    0.1
 53674 112.70  38.40   869    0.4
 53676 112.98  38.50   759    1.1
 53677 112.48  37.93   806    2.2
 53678 112.65  38.07   897    1.4
 53679 112.54  37.75   776    0.6
 53685 113.42  38.07   953    0.4
 53689 115.07  38.02    42    0.4
 53691 114.57  38.15    71    0.2
 53695 114.68  38.35    70    0.1
 53697 114.83  38.03    53    0.6
 53699 114.95  38.18    45    0.8
 53707 105.25  36.93  1697    0.5
 53727 107.12  37.17  1712    3.6
 53730 107.48  38.18  1333    0.8
 53748 109.70  37.18  1063    5.1
 53750 110.18  37.77   931    2.6
 53751 110.05  37.60   894    4.6
 53757 110.12  37.12   938    0.8
 53759 110.83  36.98  1109    2.0
 53760 111.23  37.88  1212    0.5
 53767 111.17  37.33  1213    0.9
 53769 111.78  37.25   747    2.1
 53771 112.05  37.42   750    0.9
 53773 114.62  36.33    64    1.1
 53774 112.37  37.58   759    1.5
 53776 112.77  37.68   831   0.01
 53777 112.15  37.53   759    0.4
 53778 112.22  37.17   780    0.2
 53780 113.15  37.91  1066    0.4
 53781 114.47  36.87    67    0.5
 53782 113.62  37.93   767    0.4
 53783 113.70  37.60   876   0.01
 53784 114.78  37.75    38    0.5
 53785 114.67  37.52    35    0.6
 53786 113.33  37.09  1152    0.4
 53788 113.57  37.33  1265    0.1
 53789 114.63  37.88    52    0.6
 53790 114.61  37.63    44    0.5
 53791 114.52  37.77    66    0.6
 53792 114.48  37.45   113    0.3
 53794 114.75  37.35    33    0.2
 53795 114.37  37.65   137    0.7
 53796 114.89  37.62    30    0.2
 53797 114.52  37.28    73    0.3
 53799 115.00  37.24    25    0.4
 53829 107.90  35.98  1093    3.8
 53832 108.77  36.77  1218    2.8
 53841 109.32  36.88  1068    2.1
 53848 109.35  36.27  1005    1.2
 53850 110.18  36.88   804    0.7
 53852 110.63  36.77   916    1.5
 53856 110.75  36.47   765    2.3
 53857 110.18  36.07   840    1.6
 53860 111.17  36.98  1406    1.7
 53861 111.38  35.88   463    2.5
 53862 111.80  36.85   811    1.3
 53864 111.10  36.40  1030    1.7
 53865 111.55  36.65  1011    1.5
 53866 111.67  36.23   462    1.9
 53869 111.70  36.58   550    0.9
 53871 112.85  36.83   964    0.5
 53872 112.68  36.77   960    1.4
 53873 112.87  36.10   951    1.6
 53874 111.90  36.25   648    4.5
 53875 112.35  36.52  1000    2.6
 53878 113.38  36.52   767    0.6
 53879 112.88  36.32   952    0.8
 53880 113.23  36.33   947    0.5
 53881 106.48  37.28  1382    1.7
 53883 114.70  37.13    36    0.6
 53885 113.20  36.12  1122    0.5
 53886 113.67  36.57   470    0.6
 53888 113.43  36.20  1089    0.5
 53889 113.82  36.07   306    1.2
 53890 114.10  36.67   280    0.3
 53891 114.68  37.02    43    0.4
 53892 114.47  36.62    66    0.3
 53893 114.95  36.77    39    0.4
 53894 114.20  36.40   149    0.3
 53895 114.50  36.78    60    0.6
 53896 114.95  36.35    50    1.6
 53899 114.97  36.48    48    1.0
 53906 105.72  35.52  1656    1.2
 53908 105.23  35.22  1768    0.1
 53914 106.12  35.62  2078    2.1
 53916 106.32  35.50  1948    1.5
 53917 106.07  35.22  1631    0.3
 53924 107.62  35.07   966    6.4
 53925 107.18  35.68  1172    2.2
 53926 107.35  35.35  1028    1.9
 53927 106.62  35.20  1477    0.5
 53928 107.02  35.30  1149    0.7
 53930 107.98  36.45  1271    1.8
 53931 109.37  36.00   984    1.9
 53934 107.98  35.78  1274    2.2
 53937 107.92  35.52   979    2.4
 53938 108.30  35.17  1277    8.1
 53944 109.25  35.57   863    4.0
 53945 109.07  35.43  1395    4.8
 53946 109.82  35.60  1091    4.1
 53947 109.07  35.08   978    7.0
 53949 109.92  35.18   679    6.2
 53950 110.15  35.23   708    4.7
 53953 110.85  35.97   965    4.3
 53954 110.97  35.62   433    2.5
 53956 110.83  35.40   588    6.5
 53957 110.72  35.62   459    4.0
 53958 110.78  35.17   435    4.4
 53961 111.48  35.65   472    3.7
 53962 111.70  35.73   584    3.8
 53964 111.22  35.62   430    2.6
 53965 111.57  35.52   761    3.9
 53966 111.83  35.98   817    2.1
 53967 111.20  35.33   468    5.8
 53972 112.90  35.05   117    6.6
 53973 112.95  35.77   837    2.4
 53974 114.23  35.61    70    2.3
 53976 112.87  35.50   752    5.9
 53978 112.63  35.08   140    5.8
 53979 113.08  35.15   120    6.8
 53980 114.80  36.55    50    0.5
 53981 113.27  35.78  1311    1.9
 53982 113.27  35.23   112    4.7
 53983 114.42  35.03    69    8.4
 53984 113.47  35.23    82    3.4
 53985 113.82  35.50   140    3.3
 53987 113.36  35.11    94    3.4
 53988 113.67  35.27    77    3.3
 53989 113.98  35.08    75    5.2
 53991 114.33  35.92    93    2.1
 53992 114.52  35.65    58    2.7
 53993 114.92  35.93    51    2.7
 53994 114.07  35.38    70    4.1
 53995 114.50  35.55    62    4.4
 53996 114.65  36.45    57    0.7
 53997 114.18  35.15    71    5.9
 53998 114.65  35.20    61    9.1
 54080 127.15  44.90   194    0.4
 54304 115.27  40.95  1239    0.8
 54404 115.83  40.88   867   0.01
 54408 115.22  40.38   529   0.01
 54608 115.55  38.00    26    0.1
 54609 115.59  38.23    22   0.01
 54617 116.12  38.18    13   0.01
 54621 115.18  38.18    38    0.3
 54627 117.23  38.03     8   0.01
 54631 115.15  37.07    32    0.4
 54632 115.03  37.07    34    0.2
 54633 115.23  37.52    26   0.01
 54640 114.87  36.92    36    0.3
 54644 117.12  38.05    10   0.01
 54700 115.93  38.03    16    0.3
 54701 115.20  37.93    35   0.01
 54702 115.70  37.73    20   0.01
 54703 115.88  37.80    21    0.1
 54706 115.67  37.08    31    0.2
 54707 115.98  37.35    27    0.2
 54708 115.73  37.50    23    0.1
 54709 116.07  37.22    25   0.01
 54710 116.17  37.87    18   0.01
 54711 116.28  37.70    18    0.1
 54712 116.82  37.20    18   0.01
 54713 116.53  37.88    14   0.01
 54714 116.33  37.45    23    0.2
 54716 116.80  37.67    16   0.01
 54717 116.40  37.63    17   0.01
 54718 116.47  37.15    22   0.01
 54722 117.63  37.75     6   0.01
 54723 117.57  37.65    10   0.01
 54726 117.18  37.70    11   0.01
 54729 117.87  37.17    11   0.01
 54731 118.22  37.48    11   0.01
 54736 118.67  37.43     6   0.01
 54737 118.15  37.15     9   0.01
 54738 118.40  37.05    15    0.1
 54749 119.95  37.18    48   0.01
 54800 115.25  37.00    33    0.5
 54801 115.48  36.85    35    0.3
 54802 115.73  36.82    34    0.3
 54803 116.02  36.98    27    0.3
 54805 115.47  36.45    39    1.7
 54806 115.97  36.42    33    2.1
 54807 115.77  36.15    41    3.1
 54809 115.28  36.55    41    1.0
 54810 116.27  36.87    27    0.5
 54811 116.62  36.93    20   0.01
 54812 116.75  36.78    22    0.9
 54814 116.25  36.53    29    1.6
 54815 116.27  36.38    31    2.2
 54816 116.80  36.52    98    0.9
 54817 115.87  35.98    42    1.3
 54818 116.42  36.25    79    1.0
 54819 116.80  36.18   113    0.6
 54820 115.17  36.82    36    0.4
 54822 117.73  36.87    47    0.3
 54824 117.95  36.63    95    0.5
 54825 117.85  36.52   189    0.2
 54827 117.15  36.17   128    0.2
 54828 117.68  36.23   229   0.01
 54829 117.87  36.77    85    0.6
 54830 117.93  36.82    34    0.3
 54831 118.50  36.65   102   0.01
 54832 118.73  36.88    25    3.1
 54833 118.08  36.97    15    0.3
 54834 118.28  36.87    46    0.5
 54837 118.83  36.68    78    0.1
 54841 119.42  36.86    23   0.01
 54848 119.42  35.98    82   0.01
 54900 115.02  35.70    53    3.7
 54901 115.17  36.08    47    3.8
 54902 115.12  35.90    49    2.3
 54903 115.48  35.85    45    2.7
 54904 115.52  35.58    50    5.6
 54905 115.93  35.58    46    5.7
 54906 115.42  35.25    49   11.0
 54907 116.65  34.98    34   13.1
 54908 115.10  35.27    57   10.4
 54910 116.05  35.82    40    2.4
 54911 116.40  35.93    44    0.7
 54912 116.50  35.77    41    3.0
 54913 116.82  35.75    62    2.5
 54914 116.08  35.42    40    5.3
 54915 116.60  35.43    33    6.5
 54917 116.32  35.10    36   10.6
 54918 116.97  35.60    62    4.2
 54919 116.98  35.38    88    7.5
 54920 117.28  35.65   110    3.1
 54921 116.33  35.42    38    5.6
 54922 117.78  35.88   224    0.7
 54923 117.93  35.72   202    1.4
 54925 117.63  35.52   167    4.2
 54927 117.20  35.10    74   12.9
 54932 118.65  35.77   186    0.1
 54935 118.43  35.53   119    1.0
 54938 118.40  35.05    65    3.9
 54939 118.82  35.17   113    2.4
 56190 104.55  31.55   519   0.01
 56193 104.52  32.42   893   0.01
 56194 104.45  31.63   597    0.1
 56278 102.77  30.07   755    2.4
 56279 102.93  30.15   682    1.5
 56280 103.12  30.08   691    0.5
 56285 103.52  30.60   523   0.01
 56290 104.18  30.78   514   0.01
 56295 104.55  30.38   448   0.01
 56373 102.85  29.78   763    0.3
 56387 103.27  29.23   642   0.01
 56391 103.82  30.08   415   0.01
 56394 104.43  29.45   384    0.1
 56396 104.77  29.35   352   0.01
 56480 103.53  28.82   564    0.3
 56483 103.95  28.58   496    2.7
 56490 103.90  28.95   424    0.1
 56491 104.57  28.70   287   0.01
 56494 104.15  28.65   462    0.6
 56498 104.50  28.15   549    0.1
 56596 105.05  27.85  1177    0.2
 56598 104.73  27.13  1535   0.01
 56641  98.87  26.90  1189   0.01
 56697 104.08  26.22  1984    0.2
 56782 103.55  25.42  2067   0.01
 56783 103.80  25.50  1906   0.01
 56790 104.25  25.68  1925   0.01
 56876 102.77  24.28  1731   0.01
 56958 100.42  21.92  1176    0.1
 56987 103.23  22.78  1260   0.01
 56989 103.95  22.50   137    2.0
 56992 104.70  23.45  1507    0.4
 56994 104.28  23.33  1293    0.8
 56995 104.42  23.03  1332    0.2
 56996 104.70  23.13  1093    0.3
 57001 105.33  34.75  1271    0.8
 57002 105.65  34.85  1216    1.6
 57003 106.83  34.90   924    2.6
 57006 105.75  34.58  1141    0.2
 57007 105.18  34.18  1404    0.1
 57008 105.30  34.03  1579    0.6
 57011 106.15  34.75  1378    0.2
 57012 106.20  34.98  1664    0.9
 57016 107.13  34.35   612    2.7
 57020 107.40  34.37   563    3.5
 57022 107.78  34.68  1026    6.0
 57023 108.11  35.02   919    5.6
 57024 107.65  34.45   669    3.9
 57026 107.88  34.37   585    4.0
 57027 107.73  34.27   517    8.4
 57029 108.48  34.50   543    4.4
 57031 108.55  34.82  1012    5.2
 57032 108.20  34.13   436   11.6
 57033 108.82  34.55   428    5.9
 57035 108.23  34.55   636    4.4
 57038 108.45  34.28   410    8.8
 57039 108.88  34.08   445   23.7
 57040 109.08  34.52   377    6.2
 57041 108.92  34.63   424    6.4
 57042 109.18  34.78   470    6.9
 57043 109.97  34.80   351    7.7
 57044 109.23  34.40   424   10.0
 57045 109.48  34.52   349    6.3
 57053 110.72  34.70   505    8.8
 57054 110.23  34.55   556    9.5
 57055 110.08  34.55   351    9.9
 57056 110.86  34.54   484   12.9
 57057 110.15  34.10   963   27.7
 57060 111.23  35.17   402    5.3
 57061 111.20  34.83   410    5.1
 57063 111.77  34.77   523    8.0
 57065 112.13  34.55   317   19.2
 57066 111.67  34.40   408   22.4
 57070 112.12  34.73   364    9.5
 57072 112.75  34.92   127    8.2
 57074 112.40  34.42   252   21.4
 57075 112.87  34.17   203   35.3
 57076 112.78  34.73   189    6.6
 57078 112.47  34.15   336   40.0
 57079 113.03  34.95   106    5.0
 57080 112.97  34.73   165    8.5
 57081 113.43  34.80   140    5.9
 57082 113.02  34.47   427   17.0
 57084 113.05  34.49  1178   14.9
 57085 113.33  34.53   259   15.5
 57086 113.72  34.38   116   28.8
 57087 113.73  34.27   104   32.6
 57088 113.50  34.15   116   36.9
 57090 113.97  34.72    78   13.4
 57093 114.82  34.85    73   13.9
 57094 114.22  34.40    67   25.5
 57095 114.15  34.12    61   39.5
 57096 114.78  34.53    59   29.0
 57098 114.40  34.08    58   30.7
 57099 114.85  34.07    52   28.2
 57102 105.72  33.75   970    0.6
 57105 105.60  33.33  1221    1.0
 57110 106.08  33.78   930    1.0
 57111 106.30  33.92   961    1.8
 57113 106.53  33.90   985    2.4
 57119 106.70  33.17   548    3.4
 57123 108.07  34.28   506    7.7
 57126 107.55  33.22   468    4.6
 57128 107.33  33.17   486    3.4
 57129 107.72  32.98   446    5.4
 57132 108.58  34.13   411   15.4
 57137 108.32  33.32   802   10.8
 57140 109.12  33.67   818   17.3
 57153 110.33  33.68   581   22.9
 57155 109.87  33.55   660   18.5
 57162 112.07  34.13   440   36.4
 57169 111.87  33.05   159   15.9
 57173 112.88  33.75   145   28.0
 57175 112.23  33.05   191   15.8
 57176 112.42  33.48   231   20.5
 57177 113.53  33.33    89   31.4
 57179 113.00  33.28   160   24.0
 57180 113.20  33.98   117   35.4
 57182 113.52  33.85    80   26.1
 57183 113.92  33.80    60   24.1
 57184 113.30  33.63    97   24.3
 57185 113.58  33.45    91   29.6
 57186 114.05  33.60    58   22.4
 57187 112.93  33.07   118   24.4
 57188 114.03  33.37    55   21.1
 57189 113.95  33.13    64   19.1
 57190 114.40  33.75    50   22.2
 57191 114.48  34.48    63   28.0
 57192 114.85  33.73    45   23.3
 57194 114.27  33.28    59   20.5
 57195 114.62  33.62    46   26.0
 57196 114.87  33.47    42   25.4
 57197 114.35  32.97    50   15.1
 57198 114.57  33.50    44   19.9
 57204 105.22  32.57   782    0.1
 57213 106.93  33.00   536    3.4
 57216 106.83  32.35   579    1.8
 57217 106.28  32.23   485    1.1
 57231 108.53  32.53   503   13.0
 57233 108.50  32.90   413   10.5
 57242 109.37  32.85   285   11.1
 57247 108.90  32.32   438    7.2
 57248 109.33  32.40   431    8.4
 57249 109.68  32.32   448    6.8
 57253 110.82  32.85   201   22.6
 57254 110.12  32.82   322   20.2
 57257 110.23  32.23   307    8.5
 57260 111.52  32.57   133    9.8
 57261 111.52  33.12   233   21.9
 57268 111.62  32.27   120    6.4
 57271 112.38  32.52    87   12.9
 57273 112.85  32.68   109   16.2
 57274 112.12  32.70   107    8.8
 57281 113.30  32.70   142    9.9
 57292 114.63  32.97    44    7.4
 57293 114.98  32.73    38    1.6
 57294 114.02  32.83    83   11.9
 57295 114.35  32.62    78    4.1
 57296 114.73  32.35    48    0.9
 57298 114.55  32.22    55   0.01
 57299 114.90  32.02    49    0.2
 57303 105.92  31.73   459    0.1
 57308 105.38  31.22   421   0.01
 57309 105.88  30.98   378    0.1
 57314 106.07  31.35   405    0.4
 57315 106.40  31.53   655    1.5
 57317 106.42  31.03   324    0.3
 57318 106.55  31.07   338    0.9
 57320 107.22  31.93   482    5.9
 57324 107.08  31.58   364    5.1
 57326 107.72  31.37   389    9.7
 57329 107.85  31.10   467    9.2
 57333 108.67  31.95   798   14.3
 57338 108.42  31.18   216   11.5
 57339 108.68  30.95   297    3.9
 57345 109.62  31.40   337    9.4
 57349 109.87  31.07   275    5.3
 57361 111.27  31.88   327    2.7
 57362 110.67  31.75   935    1.8
 57363 111.83  31.80   151    1.4
 57368 111.63  31.05   141    0.8
 57370 112.22  31.73    67    0.6
 57377 112.22  31.00   191    0.2
 57385 113.82  31.62    93   0.01
 57387 113.13  31.00    84   0.01
 57390 114.07  31.80   733    0.5
 57409 105.80  30.18   297    0.1
 57413 106.97  30.85   295    2.7
 57414 106.45  30.52   403    1.1
 57415 106.63  30.53   394    1.5
 57416 106.93  30.33   391    3.2
 57417 106.28  30.35   315    1.4
 57420 107.18  30.75   418    2.3
 57425 107.33  30.33   433    1.7
 57431 108.35  30.83   257   10.1
 57437 108.03  30.30   325    3.0
 57438 108.12  29.98   632    4.9
 57453 111.32  30.77   115    0.6
 57462 111.08  30.87   139    1.1
 57464 111.18  30.47   142    0.4
 57465 111.45  30.38    74    1.8
 57466 111.75  30.43    50    0.5
 57469 111.77  30.18    69   0.01
 57477 112.22  30.07    38    0.1
 57485 113.47  30.28    23    0.2
 57499 114.88  30.07    40    0.3
 57505 105.58  29.42   338    0.1
 57506 105.90  29.37   353    1.4
 57508 105.37  29.15   301   0.01
 57509 106.93  28.95   325    3.3
 57510 106.07  29.85   326    0.7
 57511 106.45  29.85   240    1.7
 57513 106.62  29.73   464    4.8
 57514 106.22  29.58   331    1.3
 57518 106.50  29.33   506    2.4
 57519 107.11  29.16   698    1.4
 57522 107.27  29.74   372    1.4
 57525 107.75  29.32   277    5.3
 57537 108.17  29.30   322   11.5
 57540 109.15  29.68   776    8.6
 57541 109.48  30.00   532    9.2
 57543 110.03  29.90   539   11.3
 57544 109.45  29.47   488    9.8
 57558 110.47  29.13   183    3.0
 57564 111.13  29.43   103    0.6
 57565 111.73  29.67    38    0.1
 57566 111.65  29.45    51    2.0
 57571 112.40  29.70    35    0.7
 57575 112.55  29.52    31    1.1
 57577 112.17  29.40    36    4.2
 57585 113.45  29.48    60   0.01
 57603 105.83  28.82   283    1.9
 57605 105.82  28.03   537   0.01
 57609 105.70  28.58   317    1.5
 57623 107.60  28.88   685    7.0
 57634 107.88  28.52   660   18.2
 57635 108.98  28.45   363   11.5
 57636 108.50  28.57   334    7.1
 57637 108.10  28.25   629   14.4
 57640 109.45  28.58   341   12.2
 57643 109.83  29.00   268   10.7
 57646 109.95  28.62   302   19.5
 57657 110.20  28.22   186    7.0
 57658 110.20  28.02   152   12.3
 57661 111.48  28.92    48    9.1
 57663 111.95  28.92    31    5.8
 57666 112.13  28.52    52    1.7
 57674 112.38  28.57    46    0.8
 57680 113.07  28.80    46   0.01
 57688 113.63  28.16   101   0.01
 57694 114.38  28.53   259    0.2
 57698 114.45  28.12    98   0.01
 57708 105.60  27.15  1700    2.1
 57713 106.88  27.70   843    4.4
 57714 106.23  27.47   942    3.0
 57717 106.83  27.53   974    4.7
 57719 106.97  27.07  1275   14.9
 57720 107.17  27.88   889    8.2
 57723 107.72  27.98   710   10.7
 57728 107.47  27.07  1096   10.1
 57732 108.40  28.02   456    9.6
 57734 108.23  27.57   467    7.3
 57735 108.82  27.18   404    4.5
 57736 108.85  27.70   369   28.1
 57737 108.12  27.03   547    7.1
 57738 108.42  27.05   516    2.0
 57739 108.92  27.23   394    4.6
 57740 109.60  27.95   349   19.2
 57742 109.20  27.52   884   12.6
 57743 109.80  27.88   176   12.6
 57744 109.17  27.37   355   10.6
 57754 110.15  27.35   170    5.3
 57760 111.43  27.70   249    2.7
 57762 111.70  27.69   165    1.3
 57763 112.00  27.68   205    0.2
 57767 111.01  27.13   308    7.3
 57768 111.45  27.32   242    4.9
 57769 111.73  27.23   252    2.7
 57772 112.50  27.75    86    0.6
 57777 112.87  27.23    63    0.2
 57778 112.95  27.09    70   0.01
 57781 113.50  27.65    74    1.2
 57786 113.85  27.63   117    0.3
 57794 114.02  27.63   177    0.1
 57800 105.37  26.77  1457    7.2
 57807 105.47  26.21  1361    4.5
 57808 105.75  26.32  1274   0.01
 57809 105.75  26.07  1251   0.01
 57811 106.60  26.83  1296    2.8
 57813 106.47  26.57  1261    2.4
 57814 106.27  26.42  1298    2.8
 57818 106.45  26.03  1140    2.7
 57821 107.50  26.70   925    2.5
 57822 107.90  26.90   835    7.8
 57824 107.23  26.58  1001    5.8
 57828 107.58  26.50   983    8.6
 57829 107.80  26.20   963   10.3
 57834 108.30  26.68   641    2.5
 57835 108.43  26.72   527    3.0
 57837 108.07  26.40   839   10.8
 57842 109.72  26.88   281    9.5
 57844 109.18  26.68   343   10.5
 57846 110.15  26.58   310    6.2
 57851 110.83  26.46   346    5.6
 57859 110.63  26.03   408    5.9
 57860 111.28  27.00   283    4.9
 57865 111.58  26.47   166    0.3
 57867 111.28  26.40   169    1.1
 57868 111.86  26.59   113    0.2
 57870 112.10  26.80   151    0.5
 57871 112.37  26.98    90    0.1
 57881 113.25  26.72   101   0.01
 57900 105.22  25.83  1552    0.1
 57903 105.60  25.94  1142   0.01
 57911 106.65  26.67  1323    2.4
 57913 106.98  26.45  1093    8.6
 57914 106.67  26.42  1149    1.0
 57915 106.77  26.63  1104    4.4
 57921 107.32  25.83   708    2.3
 57923 107.87  25.98   419    6.1
 57927 107.18  24.97   287    7.7
 57936 108.91  25.76   258    5.0
 57941 109.60  25.78   197    6.4
 57942 110.00  25.80   268    5.3
 57948 109.25  25.08   122    1.7
 57949 110.00  24.98   156    1.0
 57954 110.18  25.23   157    0.3
 57955 110.67  25.62   224    0.6
 57956 110.32  25.42   167    0.5
 57958 110.32  25.08   151   0.01
 57960 111.07  25.93   195    0.3
 57971 112.20  25.92   224   0.01
 58001 115.10  34.43    56   26.2
 58002 115.58  34.85    49   14.7
 58003 115.88  34.95    45   12.4
 58004 115.15  34.65    60   25.0
 58006 115.88  34.38    46   18.4
 58007 115.30  34.07    47   23.5
 58008 115.33  34.47    54   26.2
 58011 116.07  34.80    46   14.1
 58012 116.58  34.68    40   19.1
 58013 116.91  34.75    36   21.2
 58016 116.97  34.18    34   21.1
 58017 116.13  34.25    41   14.7
 58020 117.13  34.80    35   17.3
 58021 117.28  34.78    80   14.5
 58022 117.57  34.75    48   15.0
 58024 117.58  34.87    77   12.7
 58025 117.73  34.57    27   11.1
 58030 118.02  34.88    44    7.7
 58032 118.65  34.93    70    3.1
 58035 118.35  34.33    29   13.9
 58036 118.71  34.54    32    3.4
 58041 119.43  34.78    26    1.1
 58044 119.23  34.55     4    0.6
 58045 119.60  34.20     4    1.9
 58048 119.35  34.12     4    2.4
 58049 119.80  34.02     4    0.3
 58100 115.17  33.65    41   25.9
 58101 115.48  33.87    41   26.4
 58104 115.07  33.40    41   21.8
 58107 115.28  33.02    35    4.2
 58108 115.33  33.23    34    7.9
 58109 115.62  33.18    33    5.7
 58113 116.75  33.93    31   14.7
 58114 116.18  33.48    31   11.0
 58116 116.83  33.98    31   13.2
 58117 116.20  33.13    27    3.7
 58125 117.52  33.58    22    5.5
 58126 117.87  33.47    19    1.1
 58128 117.35  33.33    21    4.1
 58131 118.22  33.97    25    7.7
 58132 118.68  33.72    14    4.1
 58139 118.91  33.31    10   0.01
 58140 119.30  33.77     9   0.01
 58145 119.15  33.50     7   0.01
 58202 115.57  32.67    31    0.1
 58205 115.43  32.47    34   0.01
 58207 115.05  32.17    42    0.5
 58210 116.23  32.65    25   0.01
 58214 116.28  32.33    32   0.01
 58222 117.55  32.85    24   0.01
 58235 118.85  32.37    10   0.01
 58359 120.62  31.13     4   0.01
 58370 121.53  31.23     4    1.1
 58408 115.43  30.23    35    0.1
 58409 115.93  30.10    32    1.9
 58417 116.13  30.17    54   0.01
 58431 118.32  30.90    39    1.0
 58432 118.40  30.68    57    0.3
 58435 118.53  30.30   220    3.1
 58438 118.58  30.08   191    0.1
 58441 119.42  30.87    43    0.3
 58443 119.89  31.02    25    0.2
 58446 119.70  30.63    72    3.0
 58454 119.98  30.53   102    0.4
 58501 115.63  29.92    23    1.0
 58509 115.82  29.05    36   0.01
 58523 117.93  29.93   227    1.3
 58546 119.88  29.47   115   0.01
 58547 119.18  29.03    66   0.01
 58548 119.47  29.22    50   0.01
 58558 120.22  29.27    89   0.01
 58566 121.88  29.47     6    3.7
 58568 121.38  29.12    34    0.2
 58614 116.27  28.38    34   0.01
 58623 117.92  28.47    90    1.5
 58625 117.60  28.42    79    2.1
 58632 118.60  28.72   126   0.01
 58635 118.20  28.43    95    0.2
 58643 120.03  28.90   102   0.01
 58657 120.28  28.15    57   0.01
 58660 121.20  28.87     6   0.01
 58693 115.83  28.70    40    0.1
 58751 120.57  27.67   254    0.4
 58821 117.47  26.73   173    0.1
 58907 115.40  25.15   305    0.1
 59001 105.33  24.78   672   0.01
 59012 106.55  24.78   972    3.2
 59015 106.57  24.35   437    3.7
 59017 106.27  24.27   278    0.7
 59022 107.55  24.98   697    5.6
 59025 107.38  24.53   248    3.3
 59027 107.25  24.13   254    3.2
 59031 108.26  24.81   342    2.2
 59033 108.90  24.78   328   0.01
 59034 108.67  24.48   150   0.01
 59038 108.65  24.07   138   0.01
 59041 109.25  24.65   108   0.01
 59091 114.52  24.75   277    0.5
 59093 115.03  24.78   253    0.2
 59205 105.63  23.65   685    0.1
 59213 106.92  23.73   110   0.01
 59215 106.63  23.33   680    0.8
 59224 107.12  23.60   111    0.1
 59227 107.14  23.11   454    0.3
 59249 109.62  23.12    51    0.1
 59421 107.20  22.83   255   0.01
 59426 107.92  22.61   146    3.2
