diamond  3 2014年12月23日08点24小时降雨量                    
  14  12  23  08    -1 3 10 25 50 1 0
 39 122.7  37.3 122.5  36.7 120.8  36.2 119.3  35.0 120.4  34.3
 121.1  32.7 122.3  30.9 122.5  30.1 121.5  28.0 119.8  25.0
 116.1  22.6 111.0  21.0 111.0  18.6 109.6  18.1 108.3  18.5
 108.9  19.9 109.3  21.0 106.4  21.6 104.1  22.2 101.6  20.8
  98.7  22.0  97.1  24.1  97.7  27.0  91.7  26.6  85.7  27.7
  78.9  30.6  73.3  37.1  74.1  40.7  87.6  49.8  98.5  43.9
 110.4  44.3 122.0  54.7 135.7  48.3 131.5  42.2 125.2  39.4
 121.3  38.5 121.2  40.3 118.5  38.6 120.8  38.1
 1      34
 50431 121.52  50.78   717    0.2
 50524 119.43  49.32   576    0.8
 50525 119.75  49.15   620    0.5
 50526 120.70  49.28   668    0.4
 50645 124.48  48.48   195    0.2
 50646 124.85  48.48   202    0.2
 50647 123.48  48.13   236   0.01
 50655 126.18  48.50   266   0.01
 50659 126.25  48.03   291    0.2
 50673 130.40  48.88    90    0.1
 50741 123.50  47.93   185   0.01
 50750 125.30  47.90   226    0.1
 50767 127.10  47.23   202    0.5
 50852 126.45  46.82   169    0.1
 50861 127.48  46.89   182    0.3
 50913 118.83  45.72   865   0.01
 50924 119.67  45.53   823   0.01
 50940 123.17  45.85   141   0.01
 50962 128.03  45.95   112   0.01
 50964 128.80  45.83   119   0.01
 52957 100.60  35.25  3148   0.01
 52968 101.47  35.03  3662    1.1
 52978 102.52  35.20  2929    0.5
 54092 129.40  44.60   292    0.2
 54098 129.47  44.33   267   0.01
 54099 131.13  44.08   148   0.01
 54279 126.58  42.05   544    0.4
 56016  95.62  33.85  4179    0.5
 56034  97.13  33.80  4415    0.8
 56045  99.90  33.97  4050    1.0
 56109  93.78  31.48  3940    0.2
 56496 105.23  28.32   358    0.3
 57708 105.60  27.15  1700    0.6
 57800 105.37  26.77  1457    0.2
