diamond  3 2014年12月24日08点24小时降雨量                    
  14  12  24  08    -1 3 10 25 50 1 0
 39 122.7  37.3 122.5  36.7 120.8  36.2 119.3  35.0 120.4  34.3
 121.1  32.7 122.3  30.9 122.5  30.1 121.5  28.0 119.8  25.0
 116.1  22.6 111.0  21.0 111.0  18.6 109.6  18.1 108.3  18.5
 108.9  19.9 109.3  21.0 106.4  21.6 104.1  22.2 101.6  20.8
  98.7  22.0  97.1  24.1  97.7  27.0  91.7  26.6  85.7  27.7
  78.9  30.6  73.3  37.1  74.1  40.7  87.6  49.8  98.5  43.9
 110.4  44.3 122.0  54.7 135.7  48.3 131.5  42.2 125.2  39.4
 121.3  38.5 121.2  40.3 118.5  38.6 120.8  38.1
 1      57
 50524 119.43  49.32   576    0.2
 50645 124.48  48.48   195   0.01
 50646 124.85  48.48   202   0.01
 50655 126.18  48.50   266   0.01
 50659 126.25  48.03   291    0.2
 50741 123.50  47.93   185   0.01
 50750 125.30  47.90   226    0.2
 50755 126.07  47.62   249    0.3
 50767 127.10  47.23   202    1.1
 50852 126.45  46.82   169    0.1
 50861 127.48  46.89   182    2.1
 50867 127.35  46.08   134    0.4
 50871 129.88  46.73    95    0.9
 50878 130.72  47.00    78   0.01
 50879 130.55  46.22   187    5.0
 50880 131.12  46.73   102    0.3
 50884 131.15  46.63   175    0.5
 50913 118.83  45.72   865   0.01
 50924 119.67  45.53   823   0.01
 50956 126.77  46.08   134    0.1
 50958 126.93  45.53   168   0.01
 50960 127.38  45.73   184    0.4
 50962 128.03  45.95   112    1.1
 50964 128.80  45.83   119    3.5
 50965 128.27  45.43   167    0.4
 50971 131.02  45.77   223    2.3
 50979 130.23  45.27   274    0.3
 50985 131.87  45.55   151    0.4
 50987 131.09  45.26   219    2.4
 54080 127.15  44.90   194   0.01
 54093 130.55  44.93   266    0.4
 54099 131.13  44.08   148    1.6
 54172 126.53  43.87   290    0.2
 54204 115.00  42.30  1346   0.01
 54244 123.33  42.75   118   0.01
 54245 123.40  42.50    97   0.01
 54249 123.87  42.30    85   0.01
 54301 115.67  41.67  1412   0.01
 54911 116.40  35.93    44    0.4
 56045  99.90  33.97  4050   0.01
 56109  93.78  31.48  3940   0.01
 56595 104.87  27.42  1645    0.1
 56891 104.32  24.98  1482    0.1
 57708 105.60  27.15  1700    0.1
 57800 105.37  26.77  1457    0.2
 59106 115.90  24.58   152   0.01
 59109 115.73  24.15   123    0.1
 59114 116.17  24.65   135    0.3
 59279 112.87  23.18    24   0.01
 59284 113.23  23.42    38    0.1
 59285 113.60  23.57    38    0.3
 59288 113.02  23.15    29    0.4
 59290 114.25  23.78    85    0.6
 59297 114.28  23.17    17    0.8
 59310 116.18  23.77    45   0.01
 59314 116.13  23.30    29   0.01
 59469 111.78  22.17    37   0.01
