diamond  3 2014年12月14日08点24小时降雨量                    
  14  12  14  08    -1 3 10 25 50 1 0
 39 122.7  37.3 122.5  36.7 120.8  36.2 119.3  35.0 120.4  34.3
 121.1  32.7 122.3  30.9 122.5  30.1 121.5  28.0 119.8  25.0
 116.1  22.6 111.0  21.0 111.0  18.6 109.6  18.1 108.3  18.5
 108.9  19.9 109.3  21.0 106.4  21.6 104.1  22.2 101.6  20.8
  98.7  22.0  97.1  24.1  97.7  27.0  91.7  26.6  85.7  27.7
  78.9  30.6  73.3  37.1  74.1  40.7  87.6  49.8  98.5  43.9
 110.4  44.3 122.0  54.7 135.7  48.3 131.5  42.2 125.2  39.4
 121.3  38.5 121.2  40.3 118.5  38.6 120.8  38.1
 1      66
 50861 127.48  46.89   182   0.01
 50958 126.93  45.53   168   0.01
 51058  87.97  47.10   563   0.01
 51137  82.93  46.20   715   0.01
 51145  83.65  46.55   521    0.7
 51328  80.42  44.20   770    0.1
 51329  80.85  44.05   640    0.4
 51352  85.25  44.85   337    4.3
 51353  86.10  45.02   346    2.2
 51356  86.05  44.32   442    1.4
 51357  85.62  44.33   522    1.9
 51359  86.20  44.32   471    0.8
 51368  87.32  44.12   515    0.2
 51369  87.65  43.97   600    0.4
 51377  87.92  44.17   547    1.4
 51378  89.17  44.02   734    1.2
 51430  81.15  43.83   602    0.3
 51434  81.53  43.97   770    1.9
 51435  82.23  43.47   774    1.1
 51436  83.30  43.45   928    3.7
 51438  81.77  43.18  1210    1.6
 51465  87.10  43.48  1871    0.9
 51482  90.28  43.83  1271    2.9
 51559  86.40  42.32  1100   0.01
 51629  80.23  41.27  1132   0.01
 51636  82.65  41.55  1009   0.01
 51707  76.73  39.50  1208   0.01
 53771 112.05  37.42   750    0.1
 53862 111.80  36.85   811    0.2
 54065 125.65  44.53   169   0.01
 54069 125.80  44.17   174   0.01
 54072 126.52  44.85   196    0.1
 54076 126.93  44.38   268   0.01
 54172 126.53  43.87   290   0.01
 54759 120.85  37.32   205   0.01
 54765 121.43  37.48    82   0.01
 54766 121.59  37.43    39   0.01
 56494 104.15  28.65   462    0.1
 56498 104.50  28.15   549    0.1
 56595 104.87  27.42  1645    1.0
 56596 105.05  27.85  1177    0.3
 56697 104.08  26.22  1984   0.01
 56790 104.25  25.68  1925   0.01
 56883 103.98  24.82  1900   0.01
 56891 104.32  24.98  1482    0.4
 56944  99.27  23.15  1278    0.1
 56987 103.23  22.78  1260    0.1
 56989 103.95  22.50   137    0.1
 56992 104.70  23.45  1507    0.5
 56996 104.70  23.13  1093    0.1
 57708 105.60  27.15  1700    0.3
 57800 105.37  26.77  1457    1.1
 57807 105.47  26.21  1361    0.8
 57808 105.75  26.32  1274    0.2
 57809 105.75  26.07  1251    0.4
 57811 106.60  26.83  1296   0.01
 57813 106.47  26.57  1261    0.1
 57814 106.27  26.42  1298    0.3
 57900 105.22  25.83  1552    1.3
 57903 105.60  25.94  1142    1.6
 57905 105.63  25.40  1063    1.8
 57908 105.48  25.12  1394    1.2
 57909 105.82  24.98   584    0.1
 57911 106.65  26.67  1323   0.01
 57936 108.91  25.76   258   0.01
 59001 105.33  24.78   672    0.3
