diamond  3 2014年03月09日08点24小时降雨量                    
  14  03  09  08    -2 3 10 25 50 1 0
 39 122.7  37.3 122.5  36.7 120.8  36.2 119.3  35.0 120.4  34.3
 121.1  32.7 122.3  30.9 122.5  30.1 121.5  28.0 119.8  25.0
 116.1  22.6 111.0  21.0 111.0  18.6 109.6  18.1 108.3  18.5
 108.9  19.9 109.3  21.0 106.4  21.6 104.1  22.2 101.6  20.8
  98.7  22.0  97.1  24.1  97.7  27.0  91.7  26.6  85.7  27.7
  78.9  30.6  73.3  37.1  74.1  40.7  87.6  49.8  98.5  43.9
 110.4  44.3 122.0  54.7 135.7  48.3 131.5  42.2 125.2  39.4
 121.3  38.5 121.2  40.3 118.5  38.6 120.8  38.1
1                    507
  45045 114.30  22.18   55    0.5
  50673 130.40  48.88   92    0.6
  50674 129.43  48.57  404    0.7
  50772 129.23  48.10  299    0.1
  50778 132.53  47.67   59    0.5
  50779 134.28  48.37   41    0.3
  50787 131.85  47.28   63    0.4
  50833 122.90  46.72  189   10.5
  50871 129.88  46.73   96    0.7
  50878 130.72  47.00   80    0.1
  50880 131.12  46.73  104    0.2
  50884 131.15  46.63  176    0.3
  50892 134.00  46.80   57    0.9
  50928 120.33  45.07  629   0.01
  50964 128.80  45.83  123   0.01
  50971 131.02  45.77  226    0.1
  50985 131.87  45.55  155   0.01
  51137  82.93  46.20  715    3.5
  51145  83.65  46.55  523    2.7
  51328  80.42  44.20  774    3.5
  51329  80.85  44.05  641    1.5
  51430  81.15  43.83  605    1.0
  51434  81.53  43.97  771    0.6
  51435  82.23  43.47  776    0.4
  52853 100.98  36.90 3011    0.1
  52869 101.58  36.50 2665   0.01
  53776 112.77  37.68  831   0.01
  53780 113.15  37.90 1066    0.1
  53786 113.37  37.08 1134   0.01
  53861 111.42  35.88  425   0.01
  53869 111.70  36.58  550    0.2
  53873 112.87  36.12  951   0.01
  53874 111.90  36.25  650    0.6
  53875 112.35  36.52 1001    0.3
  53880 113.23  36.33  948    0.1
  53885 113.20  36.13 1031   0.01
  53888 113.43  36.20 1088   0.01
  53961 111.48  35.65  473    0.1
  53962 111.70  35.73  585    0.3
  53964 111.22  35.62  431   0.01
  53966 111.83  35.98  818    0.2
  53981 113.27  35.78 1311   0.01
  54437 118.65  39.50   19   0.01
  54535 118.47  39.28    3   0.01
  54568 121.70  39.08   40    1.8
  54569 121.97  39.40   35    1.9
  54575 122.37  39.42   44    1.0
  54609 115.50  38.25   25    0.1
  54610 116.10  38.73    9   0.01
  54614 116.08  38.45   13    0.5
  54615 116.83  38.58    8    0.2
  54616 116.85  38.35    9    3.1
  54617 116.12  38.18   13    0.7
  54626 115.82  38.42   15    0.3
  54627 117.23  38.03    8    1.9
  54628 117.48  38.15    7    3.6
  54644 117.12  38.05   11    1.7
  54702 115.70  37.73   22   0.01
  54710 116.17  37.87   19   0.01
  54711 116.28  37.70   19   0.01
  54712 116.82  37.20   23   0.01
  54713 116.53  37.88   15    0.2
  54714 116.33  37.45   24   0.01
  54716 116.80  37.67   17   0.01
  54718 116.43  37.15   26   0.01
  54719 116.68  38.03   12    0.3
  54722 117.63  37.75    7    1.2
  54723 117.57  37.65   11    1.0
  54724 117.13  37.32   21   0.01
  54726 117.18  37.70   12   0.01
  54728 117.38  37.77   16    0.5
  54729 117.87  37.17   11   0.01
  54730 118.13  37.70   11    0.7
  54731 118.22  37.48   16    0.7
  54732 118.52  37.87   13    2.8
  54734 118.00  37.35   12   0.01
  54736 118.67  37.43    9    0.5
  54738 118.40  37.05   20   0.01
  54749 119.95  37.18   48   0.01
  54752 120.77  37.80   64    0.8
  54755 120.38  37.37  113    0.5
  54759 120.83  37.30  172    0.6
  54765 121.43  37.48   57    0.8
  54766 121.62  37.38   23    1.5
  54777 122.07  37.20  112    1.4
  54778 122.48  37.17   60    0.8
  54803 116.02  36.98   28   0.01
  54829 117.87  36.77   88   0.01
  54833 118.08  36.97   19   0.01
  54841 119.40  36.87    8   0.01
  54851 120.57  36.90   81   0.01
  54852 120.73  36.97   53   0.01
  54861 121.53  36.93   47   0.01
  54871 122.48  36.93    9    0.4
  56094 104.37  33.78 1400   0.01
  56097 104.23  33.27 1407   0.01
  56180 103.85  31.68 1591   0.01
  56181 103.70  30.68  543    0.3
  56184 103.17  31.43 1884   0.01
  56186 104.20  31.33  589   0.01
  56190 104.55  31.55  518   0.01
  56193 104.52  32.42  894   0.01
  56194 104.45  31.82  679    0.1
  56195 104.73  31.78  531   0.01
  56273 102.82  30.38 1011   0.01
  56276 103.82  30.45  468    1.1
  56278 102.77  30.07  756    3.8
  56279 102.93  30.15  683    0.1
  56280 103.12  30.08  692    0.4
  56284 103.48  30.42  502    2.7
  56285 103.52  30.60  525    2.3
  56295 104.55  30.38  443   0.01
  56381 103.52  30.02  497    0.5
  56396 104.77  29.35  352    0.1
  56496 105.23  28.32  330    0.8
  56582 103.90  27.75 1177   0.01
  56595 104.87  27.42 1644    0.6
  56596 105.05  27.85 1176    4.1
  56598 104.73  27.13 1538   0.01
  56883 103.98  24.83 1846   0.01
  56889 104.17  24.05 1518   0.01
  56891 104.32  24.98 1482    0.2
  57495 114.88  30.67   19   0.01
  57496 114.87  30.37   30   0.01
  57498 114.90  30.43   22   0.01
  57499 114.97  30.10   40   0.01
  57505 105.58  29.42  324    0.1
  57582 113.88  29.73   51   0.01
  57586 114.03  29.53   79   0.01
  57589 113.80  29.25  103   0.01
  57590 114.37  29.85   64   0.01
  57600 105.07  28.72  256   0.01
  57657 110.20  28.22  182   0.01
  57666 112.13  28.52   49   0.01
  57678 112.55  28.25   71   0.01
  57680 113.07  28.80   47    0.1
  57688 113.63  28.15  100    0.1
  57694 114.38  28.53  256    0.1
  57698 114.45  28.12   99    0.2
  57699 114.92  28.23   68    0.3
  57708 105.60  27.15 1704    0.8
  57720 107.17  27.88  888    0.1
  57760 111.43  27.70  247    0.2
  57762 111.70  27.68  163    0.2
  57763 112.00  27.73  151    0.3
  57767 111.03  27.12  266   0.01
  57768 111.45  27.32  242    0.5
  57769 111.73  27.23  257   0.01
  57771 112.52  27.93   89    0.1
  57772 112.50  27.75   84    0.4
  57773 112.82  27.87   63    0.4
  57777 112.87  27.23   65    0.3
  57778 112.95  27.10   68    1.7
  57781 113.50  27.65   71    0.5
  57786 113.85  27.65  110    0.4
  57792 114.68  27.82   93    0.8
  57796 114.93  27.80   79    2.0
  57798 114.60  27.40   89    2.8
  57800 105.37  26.77 1458    0.7
  57807 105.47  26.20 1359    0.1
  57822 107.90  26.90  833   0.01
  57824 107.23  26.58 1005   0.01
  57828 107.58  26.50  983    0.1
  57829 107.80  26.20  964    0.2
  57835 108.43  26.72  521   0.01
  57837 108.07  26.40  838    0.1
  57842 109.72  26.88  281    1.7
  57844 109.18  26.68  344    0.2
  57846 110.15  26.58  307    4.2
  57851 110.85  26.45  307    4.1
  57859 110.63  26.03  409    1.1
  57860 111.28  27.00  282    0.1
  57865 111.58  26.47  166    5.9
  57867 111.28  26.40  169    4.0
  57868 111.87  26.60  113    0.1
  57870 112.10  26.80  151    0.8
  57871 112.37  26.98   91    1.0
  57875 112.50  26.88   71    0.5
  57876 112.83  26.43  118    5.1
  57881 113.25  26.72  105    2.6
  57882 113.55  26.78  135    2.1
  57883 114.28  26.75  257    1.8
  57886 113.78  26.50  226    1.9
  57887 113.12  26.13  124    4.9
  57891 114.25  26.93  144    2.8
  57895 114.78  26.47   96    1.9
  57899 114.92  26.80   66    1.5
  57900 105.22  25.83 1553    0.8
  57905 105.63  25.40 1063    0.4
  57908 105.48  25.12 1393   0.01
  57909 105.82  24.98  584   0.01
  57942 110.00  25.80  267    0.1
  57948 109.25  25.08  123    0.6
  57949 110.00  24.98  157    4.9
  57954 110.18  25.23  158    1.3
  57955 110.67  25.62  224    0.4
  57956 110.32  25.42  169    0.4
  57958 110.32  25.08  152    1.4
  57960 111.07  25.93  192    1.5
  57962 111.65  25.97  166    5.7
  57964 111.15  25.50  258    2.4
  57966 111.95  25.60  205    3.4
  57969 111.33  25.27  230    2.2
  57971 112.20  25.92  225    2.0
  57973 112.72  25.75  328    4.4
  57975 112.20  25.38  278    2.1
  57976 112.95  25.42  226    3.0
  57978 112.55  25.28  291    3.1
  57981 113.22  25.98  141    2.1
  57985 113.68  25.57  608    4.3
  57988 113.35  25.15  103    2.9
  57989 113.73  25.10   96    7.7
  57990 114.30  25.70  252    9.9
  57991 114.55  25.80  148    9.8
  57992 114.75  25.67  129   11.0
  57994 114.35  25.40  208    7.1
  57995 114.93  25.40  166    7.7
  58112 116.45  30.73  933    0.6
  58230 118.27  32.08   34   0.01
  58317 116.37  30.87  434    0.1
  58329 117.87  31.33   24    0.1
  58330 118.08  31.75   20   0.01
  58331 118.37  31.73   26   0.01
  58334 118.37  31.38   23   0.01
  58335 118.52  31.57   16    0.1
  58337 118.18  31.08   30    0.9
  58339 118.90  31.33   24    0.3
  58340 119.03  31.65   23    0.3
  58342 119.55  31.72    7   0.01
  58344 119.20  31.97   35   0.01
  58346 119.82  31.33   15    0.5
  58349 120.63  31.27    9   0.01
  58359 120.62  31.13    9   0.01
  58361 121.37  31.10   10    0.2
  58367 121.43  31.20   18   0.01
  58369 121.78  31.05    9    0.1
  58370 121.55  31.22   11   0.01
  58404 115.22  30.47   57   0.01
  58408 115.43  30.23   35   0.01
  58415 116.58  30.63   38    0.3
  58416 116.82  30.75   38    0.4
  58417 116.13  30.17   50    0.1
  58418 116.70  30.13   26    0.3
  58420 117.22  30.72   38    0.6
  58421 117.87  30.63   32    1.1
  58423 117.78  30.48  643    1.6
  58426 118.13  30.30  192    1.6
  58427 117.48  30.67   36    0.6
  58428 117.48  30.22  115    1.0
  58431 118.32  30.92   17    1.3
  58432 118.40  30.68   39    1.0
  58433 118.75  30.93   30    1.6
  58435 118.53  30.30  221    1.7
  58438 118.58  30.08  197    1.8
  58441 119.42  30.87   53    1.3
  58442 119.18  31.13   16    2.0
  58443 119.90  31.02   19    3.2
  58446 119.68  30.63   25    1.1
  58449 119.95  30.05   47    3.4
  58451 120.93  30.83    3    1.5
  58452 120.77  30.73    4    2.0
  58453 120.50  30.07   10    2.2
  58454 119.97  30.53    5    3.5
  58455 120.65  30.52    8    2.3
  58456 120.52  30.63    6    2.3
  58458 120.90  30.53    3    2.3
  58459 120.28  30.18   42    2.5
  58460 121.35  30.73    6    2.0
  58461 121.12  31.13    8   0.01
  58462 121.23  31.03    9    0.2
  58463 121.50  30.88    9    1.4
  58468 121.17  30.05   10    3.5
  58484 122.20  30.25    9    5.0
  58501 115.63  29.93   25    0.1
  58502 116.00  29.73   37    0.5
  58503 115.68  29.70   41    0.3
  58508 115.77  29.33   42    0.7
  58509 115.82  29.05   38    0.6
  58510 116.23  29.73   40    0.5
  58512 116.55  29.90   66    0.4
  58514 116.05  29.45   35    0.5
  58517 116.20  29.27   43    1.1
  58523 117.93  29.93  231    1.2
  58529 117.85  29.27   82    4.2
  58530 118.43  29.87  170    2.2
  58534 118.18  29.78  173    2.3
  58537 118.40  29.13  153    5.1
  58542 119.68  29.82   45    3.1
  58544 119.27  29.48   87    3.6
  58546 119.88  29.47  114    5.5
  58547 119.18  29.03   65   10.1
  58548 119.47  29.22   46    6.8
  58550 120.25  29.70   39    3.6
  58555 120.88  29.52  112    5.5
  58558 120.22  29.27   89    8.0
  58559 120.98  29.17   59    6.2
  58561 121.60  29.98    3    4.0
  58563 121.83  29.88    4    5.6
  58565 121.43  29.68    6    4.2
  58566 121.88  29.47   14    6.7
  58567 121.43  29.32   39    6.0
  58568 121.38  29.12   35    6.2
  58570 122.30  29.95   83    8.4
  58601 115.38  28.70   54    0.6
  58602 115.55  28.85   46    0.6
  58605 115.38  28.42   49    0.6
  58607 115.95  28.55   35    1.2
  58609 115.82  28.22   30    2.1
  58612 116.68  28.70   22    2.9
  58614 116.27  28.38   40    2.7
  58615 117.08  28.68   56    4.3
  58616 116.82  28.20   44    4.0
  58618 116.60  28.23   51    4.1
  58619 116.37  28.00   47    2.4
  58620 117.13  28.97   37    7.3
  58623 117.92  28.47   92    8.0
  58624 117.43  28.40   64    7.8
  58625 117.60  28.42   80    8.4
  58627 117.03  28.25   64    5.1
  58629 117.70  28.32   59    4.9
  58631 118.50  28.90  134    9.3
  58632 118.60  28.72  124   10.5
  58635 118.20  28.43   96    6.5
  58642 119.80  28.88  102   11.9
  58643 120.03  28.90   99   11.5
  58644 119.28  28.60  237    7.2
  58647 119.13  28.07  196    3.8
  58654 120.08  28.67  184    7.2
  58656 120.97  28.12    7    6.1
  58657 120.28  28.15   59    4.0
  58658 120.68  28.15   36    4.6
  58659 120.65  28.03   29    5.0
  58660 121.13  28.85    8    6.2
  58664 121.37  28.37   33   10.4
  58693 115.83  28.70   37    0.6
  58701 115.40  27.77   47    1.4
  58704 115.35  27.62   61    1.6
  58706 115.83  27.43  180    4.1
  58707 115.13  27.22   66    3.3
  58710 116.05  27.77   76    2.6
  58712 116.78  27.92  123    3.2
  58713 117.07  27.72  220    5.7
  58714 116.23  27.55  115    7.1
  58719 116.93  27.30  123    4.7
  58724 117.30  27.52  264    4.9
  58735 118.80  27.52  201    3.7
  58736 118.82  27.37  220    4.2
  58745 119.07  27.62  368    2.2
  58746 119.70  27.55  514    4.6
  58747 119.35  27.15  900   10.3
  58748 119.65  27.10   51    7.9
  58749 119.88  27.23  680    8.7
  58750 120.08  27.78  106    4.7
  58751 120.55  27.68    5    5.9
  58804 115.35  26.35  153    3.0
  58814 116.35  26.35  237    4.9
  58819 116.80  26.17  329    7.8
  58821 117.47  26.73  174    9.8
  58822 116.85  26.83  341    4.2
  58823 117.80  26.80  173    7.6
  58824 117.15  26.40  355    5.9
  58826 117.80  26.40  120    7.1
  58828 117.62  26.27  206    8.4
  58836 118.73  26.58  359    6.1
  58839 118.85  26.23   42    5.5
  58844 119.15  26.15   49    5.8
  58845 119.53  26.50   57    7.0
  58848 119.55  26.20   12    6.7
  58850 120.23  26.92   88   13.2
  58903 116.03  25.90  208   12.0
  58905 115.42  25.97  136    7.7
  58906 115.80  25.60  167   15.6
  58907 115.40  25.15  300   10.3
  58912 116.75  25.72  379   14.1
  58917 116.10  25.08  307    8.6
  58923 117.83  25.70  397   10.3
  58928 117.53  25.02  160    3.1
  58929 118.15  25.07   66    3.0
  58932 118.93  25.87   85    7.7
  58934 118.27  25.33  170    4.3
  58935 118.23  25.48  516    7.5
  58938 118.98  25.23   22    3.0
  58940 119.33  26.08   28    4.6
  58941 119.50  25.97   11    4.9
  58942 119.38  25.72   39    6.4
  58946 119.00  25.45   84    3.8
  59001 105.33  24.78  674   0.01
  59004 105.10  24.50  729    0.2
  59012 106.55  24.78  973   0.01
  59015 106.57  24.35  442   0.01
  59017 106.27  24.27  279   0.01
  59027 107.25  24.13  244   0.01
  59033 108.90  24.78  330   0.01
  59034 108.67  24.48  149    0.6
  59038 108.65  24.07  142    0.6
  59041 109.25  24.65  109    1.7
  59044 109.38  24.47   99    0.4
  59045 109.75  24.48   95    0.1
  59047 109.33  24.25  101    1.4
  59051 110.50  24.77  133    9.2
  59052 110.82  24.83  167    9.8
  59053 110.67  24.62  108   12.6
  59055 110.40  24.50  166    4.7
  59057 110.18  24.13  827    2.3
  59059 110.80  24.18  107    7.6
  59061 111.27  24.82  198    6.3
  59063 111.45  25.18  262    1.4
  59064 111.32  24.55  141   10.0
  59071 112.28  24.73  175   12.1
  59074 112.15  24.57  300   23.7
  59075 112.63  24.48   70   26.3
  59081 113.27  24.78   98    7.7
  59090 114.07  24.95  103    6.0
  59091 114.53  24.75  257    7.4
  59093 115.03  24.78  254    5.5
  59094 114.12  24.37  135    6.4
  59099 114.93  24.45  175    3.4
  59106 115.90  24.58  152    6.5
  59109 115.73  24.15  126    6.0
  59114 116.17  24.65  131    4.3
  59122 117.75  24.62   42    1.3
  59124 117.37  24.52   31    1.4
  59125 117.30  24.38  105    1.4
  59127 117.83  24.43   14    1.5
  59129 117.60  24.13   53    0.8
  59130 118.15  24.73   28    1.9
  59131 118.37  24.97   44    3.5
  59137 118.57  24.82   55    2.2
  59205 105.63  23.65  688   0.01
  59213 106.92  23.73  113    0.3
  59215 106.62  23.33  640    1.2
  59224 107.12  23.60  116    0.8
  59227 107.15  23.08  438    0.6
  59229 107.70  23.18  101    0.4
  59230 108.17  23.72  173    1.0
  59235 108.62  23.43  116    2.2
  59237 108.28  23.17  115    0.5
  59238 108.80  23.22  123    1.7
  59241 109.68  23.97   91    2.3
  59246 109.67  23.60   70    0.6
  59249 109.62  23.12   56    0.6
  59255 110.38  23.55   37    1.0
  59256 110.92  23.37   56    3.9
  59264 111.50  23.40   79    4.4
  59266 111.23  23.42   46    6.6
  59268 111.53  23.25   31    4.5
  59269 111.77  23.15   27    5.6
  59270 112.18  23.92   78    7.8
  59276 112.65  23.35   40    4.5
  59279 112.87  23.18   18    3.9
  59284 113.22  23.38    6    4.8
  59285 113.60  23.57   39    4.1
  59288 113.13  23.05    3    6.0
  59290 114.23  23.73   71   15.9
  59297 114.28  23.18   16    5.5
  59310 116.18  23.77   39    3.9
  59312 116.63  23.67   11    1.6
  59313 116.98  23.68   42    2.3
  59314 116.13  23.30   27    1.8
  59315 116.38  23.58   25    1.2
  59318 116.58  23.27   10    0.4
  59319 116.77  23.47    9    0.1
  59320 117.13  23.77   27    0.6
  59322 117.37  23.98   20    1.0
  59419 106.75  22.10  243    2.8
  59421 107.20  22.83  257    0.9
  59425 107.35  22.40  107    2.4
  59426 107.90  22.63   92    1.0
  59427 107.07  22.12  162    1.6
  59429 107.97  22.15  183    1.1
  59432 108.40  22.80  203    1.2
  59435 108.48  22.77   75    0.4
  59441 109.25  22.70   78    3.5
  59448 109.55  22.27   70    1.0
  59449 109.98  22.30   80    3.0
  59451 110.35  22.70   99    2.9
  59452 110.53  22.85  100    5.3
  59454 111.00  22.92  104    5.5
  59457 110.27  22.32  120    7.4
  59469 111.78  22.17   33    2.7
  59470 112.22  22.72   33    4.1
  59471 112.05  22.93  102    8.2
  59473 112.97  22.77   20    7.5
  59475 112.65  22.40   24    2.2
  59476 113.03  22.53   35    0.4
  59477 112.30  22.18   25    3.8
  59480 113.25  22.85   21    6.1
  59481 113.32  22.93   16    3.4
  59487 113.30  22.23   12    1.4
  59492 114.70  22.92   43    2.6
  59500 115.32  22.97   10    3.7
  59502 115.65  22.95   11    5.1
  59635 108.35  21.62   26    3.4
  59640 109.18  21.67    6    4.0
  59650 110.25  21.38   25    0.9
  59653 110.85  21.93   35    0.5
  59654 110.30  21.63   28    0.3
  59655 110.62  21.65   35    2.1
  59656 110.77  21.43   29   0.01
  59659 110.92  21.75   32    2.7
  59750 110.10  20.92   25    1.1
  59757 110.37  20.00   10   0.01
  59842 109.68  19.90   31   0.01
  59843 110.00  19.73   36   0.01
  59848 109.43  19.23  219   0.01
  59851 110.33  19.70   25    0.2
  59856 110.75  19.62   26    0.9
