diamond  3 2014年03月02日08点24小时降雨量                    
  14  03  02  08    -2 3 10 25 50 1 0
 39 122.7  37.3 122.5  36.7 120.8  36.2 119.3  35.0 120.4  34.3
 121.1  32.7 122.3  30.9 122.5  30.1 121.5  28.0 119.8  25.0
 116.1  22.6 111.0  21.0 111.0  18.6 109.6  18.1 108.3  18.5
 108.9  19.9 109.3  21.0 106.4  21.6 104.1  22.2 101.6  20.8
  98.7  22.0  97.1  24.1  97.7  27.0  91.7  26.6  85.7  27.7
  78.9  30.6  73.3  37.1  74.1  40.7  87.6  49.8  98.5  43.9
 110.4  44.3 122.0  54.7 135.7  48.3 131.5  42.2 125.2  39.4
 121.3  38.5 121.2  40.3 118.5  38.6 120.8  38.1
1                    613
  50524 119.43  49.32  578    0.1
  52988 103.72  35.37 2000   0.01
  54024 119.30  44.45  710    0.2
  54117 117.53  43.25 1004   0.01
  54917 116.32  35.10   41   0.01
  54919 116.98  35.42  111   0.01
  54927 117.20  35.10   79   0.01
  56045  99.90  33.97 4051    5.9
  56071 102.50  34.58 3107    3.4
  56081 103.35  34.70 2811    0.5
  56082 103.50  34.58 2544    0.8
  56084 103.23  34.07 2376    2.3
  56094 104.37  33.78 1400    2.7
  56095 104.38  34.03 1754    1.2
  56168 102.07  31.48 2170   0.01
  56171 101.70  32.90 3276    7.7
  56180 103.85  31.68 1591   0.01
  56185 102.98  32.08 2400    0.4
  56186 104.20  31.33  589   0.01
  56190 104.55  31.55  518   0.01
  56192 104.67  32.95 1016    5.3
  56193 104.52  32.42  894    3.3
  56194 104.45  31.82  679   0.01
  56195 104.73  31.78  531   0.01
  56198 104.50  31.32  523   0.01
  56199 104.68  31.03  424   0.01
  56273 102.82  30.38 1011   0.01
  56276 103.82  30.45  468   0.01
  56278 102.77  30.07  756    0.4
  56279 102.93  30.15  683    0.2
  56280 103.12  30.08  692    0.1
  56289 103.87  30.20  439   0.01
  56290 104.18  30.78  515   0.01
  56291 104.28  30.97  474   0.01
  56295 104.55  30.38  443   0.01
  56296 104.43  30.85  449   0.01
  56298 104.60  30.13  415    0.1
  56380 103.37  29.92  466    0.1
  56382 103.60  29.73  408   0.01
  56383 103.87  29.83  454   0.01
  56389 103.95  29.20  386    0.3
  56390 104.07  29.67  403   0.01
  56391 103.82  30.08  416    0.1
  56393 104.85  29.77  370    1.0
  56394 104.43  29.45  382    0.1
  56395 104.67  29.52  349    0.5
  56396 104.77  29.35  352    1.5
  56399 104.98  29.18  307    4.7
  56480 103.53  28.82  564    0.3
  56483 103.95  28.60  412    1.0
  56490 103.90  28.95  396    0.8
  56491 104.57  28.70  288    1.7
  56493 104.97  28.85  297    3.6
  56496 105.23  28.32  330    3.4
  56497 104.23  28.10  433    2.5
  56498 104.50  28.17  442    2.5
  56499 104.78  28.38  368    4.1
  56582 103.90  27.75 1177    0.1
  56592 104.52  28.43  360    1.2
  56593 104.92  28.58  281    3.2
  56595 104.87  27.42 1644    1.6
  56596 105.05  27.85 1176    1.9
  56598 104.73  27.13 1538   0.01
  56641  98.87  26.90 1191    1.2
  57007 105.18  34.18 1406    0.5
  57008 105.30  34.03 1578    0.7
  57099 114.85  34.07   53   0.01
  57102 105.72  33.75  971    0.6
  57105 105.60  33.33 1219    2.4
  57110 106.08  33.78  930    0.9
  57111 106.30  33.92  967    0.3
  57113 106.53  33.90  990    0.1
  57119 106.70  33.17  551    4.1
  57126 107.55  33.22  470    1.6
  57128 107.33  33.17  487    4.2
  57129 107.72  32.98  447    7.6
  57137 108.32  33.32  801    1.9
  57192 114.85  33.73   47   0.01
  57196 114.87  33.47   42   0.01
  57198 114.62  33.55   47   0.01
  57204 105.23  32.58  801    4.3
  57208 105.47  32.02  538    2.6
  57213 106.93  33.00  537    7.4
  57216 106.83  32.35  577    8.6
  57217 106.28  32.23  493    7.2
  57231 108.53  32.53  504    5.8
  57233 108.50  32.90  413    5.5
  57242 109.37  32.85  285    1.1
  57247 108.90  32.32  442    5.5
  57248 109.33  32.40  429    3.1
  57249 109.68  32.32  453    2.8
  57254 110.12  32.82  324    0.2
  57257 110.23  32.23  309    0.4
  57268 111.63  32.27   87   0.01
  57273 112.85  32.68  110   0.01
  57281 113.30  32.70  142   0.01
  57292 114.63  32.97   44    0.2
  57294 114.02  32.83   84    0.1
  57295 114.35  32.62   83    0.1
  57296 114.73  32.35   50    0.3
  57298 114.55  32.22   56   0.01
  57299 114.90  32.02   50    0.2
  57303 105.92  31.73  460    1.8
  57304 105.17  31.67  517    0.1
  57307 105.08  31.10  408    0.2
  57308 105.38  31.22  421    1.2
  57314 106.07  31.35  385    0.7
  57315 106.40  31.53  658    0.7
  57317 106.42  31.03  323   0.01
  57318 106.55  31.07  339    0.1
  57320 107.22  31.93  483    5.3
  57324 107.08  31.58  363    1.7
  57326 107.72  31.37  390    0.7
  57329 107.85  31.10  462    0.1
  57333 108.67  31.95  800    4.4
  57338 108.42  31.18  213    0.7
  57361 111.27  31.88  331    0.1
  57362 110.67  31.75  939   0.01
  57363 111.83  31.80  146    0.1
  57370 112.22  31.73   68    0.1
  57377 112.22  31.00  184   0.01
  57385 113.82  31.63   94    0.4
  57386 114.00  31.25   37    0.2
  57387 113.13  31.00   80    0.1
  57388 113.70  31.27   55    0.3
  57389 113.75  31.03   33    0.1
  57390 114.07  31.80  731    2.6
  57396 114.85  31.63  130    0.7
  57398 114.62  31.28   76    0.9
  57401 105.37  30.87  380   0.01
  57402 105.70  30.77  395    1.2
  57407 105.03  30.28  464    1.8
  57408 105.35  30.12  333    2.2
  57409 105.80  30.18  295    5.4
  57413 106.97  30.85  295    0.1
  57414 106.45  30.55  396    4.5
  57415 106.63  30.47  336    3.2
  57416 106.93  30.33 3915    2.9
  57417 106.28  30.35  315    5.1
  57420 107.20  30.75  397    0.5
  57431 108.35  30.83  256   0.01
  57437 108.03  30.30  326    0.1
  57438 108.12  29.98  630    0.6
  57453 111.32  30.77  116    0.1
  57464 111.18  30.47  144   0.01
  57465 111.45  30.38   76   0.01
  57466 111.77  30.43   50    0.1
  57475 112.90  30.40   33   0.01
  57477 112.22  30.07   39    0.2
  57481 113.58  30.95   31   0.01
  57485 113.45  30.37   33    0.2
  57486 113.85  30.65   25    1.5
  57489 114.00  30.58   39    0.5
  57491 114.40  30.87   31    0.5
  57492 114.80  30.83   33    0.9
  57495 114.88  30.67   19    1.5
  57496 114.87  30.37   30    2.9
  57498 114.90  30.43   22    1.9
  57499 114.97  30.10   40    4.6
  57505 105.58  29.42  324    5.7
  57506 105.90  29.37  376    6.0
  57507 105.30  29.33  374    5.2
  57508 105.37  29.15  302    6.6
  57509 106.93  28.95  325    1.3
  57510 106.05  29.85  275    5.3
  57511 106.45  29.85  242    5.1
  57513 106.62  29.73  457    2.6
  57514 106.22  29.58  325    6.5
  57518 106.53  29.38  243    7.1
  57519 107.08  29.15  559    2.8
  57522 107.42  29.75  273    0.1
  57525 107.75  29.32  273    0.1
  57537 108.17  29.30  321   0.01
  57540 109.15  29.68  776    0.2
  57541 109.48  30.00  533   0.01
  57543 110.03  29.88  540   0.01
  57544 109.45  29.47  486    0.1
  57558 110.47  29.13  184   0.01
  57564 111.13  29.43  103    0.1
  57565 111.75  29.65   39    0.1
  57566 111.65  29.45   50    0.5
  57571 112.40  29.70   37    0.3
  57575 112.57  29.52   32    1.4
  57577 112.17  29.40   37    1.2
  57582 113.88  29.73   51    2.9
  57585 113.45  29.48   60    2.2
  57586 114.03  29.53   79    5.4
  57589 113.80  29.25  103    7.8
  57590 114.37  29.85   64    4.7
  57596 114.20  29.63    0    7.0
  57600 105.07  28.72  256    8.2
  57603 105.83  28.82  283    7.8
  57605 105.82  28.03  539    4.4
  57609 105.70  28.58  316    7.3
  57635 108.98  28.45  363   0.01
  57637 108.12  28.25  524    0.1
  57643 109.83  29.00  268   0.01
  57646 109.95  28.62  301   0.01
  57657 110.20  28.22  182    0.1
  57658 110.20  28.02  144    0.1
  57661 111.48  28.92   51    0.8
  57663 111.95  28.92   31    1.5
  57666 112.13  28.52   49    3.7
  57674 112.47  28.57   44    6.0
  57678 112.55  28.25   71    4.8
  57680 113.07  28.80   47    4.8
  57688 113.63  28.15  100   15.1
  57694 114.38  28.53  256    6.9
  57698 114.45  28.12   99   22.0
  57699 114.92  28.23   68    5.1
  57708 105.60  27.15 1704    0.5
  57713 106.88  27.70  844    0.6
  57714 106.23  27.47  942    0.9
  57717 106.83  27.53  974    1.6
  57719 106.97  27.07 1280    1.5
  57720 107.17  27.88  888    1.4
  57723 107.72  27.98  710    1.0
  57728 107.47  27.07 1095    0.5
  57734 108.23  27.57  468   0.01
  57735 108.82  27.18  396   0.01
  57736 108.85  27.70  376   0.01
  57737 108.12  27.03  546   0.01
  57739 108.88  27.23  375   0.01
  57740 109.60  27.95  349    0.1
  57743 109.80  27.88  176    0.1
  57754 110.15  27.35  170    0.2
  57760 111.43  27.70  247    1.0
  57762 111.70  27.68  163    2.3
  57763 112.00  27.73  151    3.5
  57767 111.03  27.12  266    0.9
  57768 111.45  27.32  242    2.4
  57769 111.73  27.23  257    1.5
  57771 112.52  27.93   89    6.3
  57772 112.50  27.75   84    4.6
  57773 112.82  27.87   63    7.5
  57777 112.87  27.23   65    6.8
  57778 112.95  27.10   68    9.8
  57781 113.50  27.65   71   12.6
  57786 113.85  27.65  110    9.8
  57792 114.68  27.82   93   10.5
  57796 114.93  27.80   79   13.0
  57798 114.60  27.40   89    6.1
  57800 105.37  26.77 1458    1.7
  57807 105.47  26.20 1359    0.3
  57808 105.75  26.32 1272    0.6
  57809 105.75  26.07 1251    0.1
  57811 106.60  26.85 1242    0.9
  57813 106.47  26.57 1265    0.3
  57814 106.27  26.42 1285    0.5
  57818 106.45  26.03 1145    0.1
  57821 107.50  26.70  924    0.2
  57822 107.90  26.90  833    0.2
  57824 107.23  26.58 1005    0.2
  57828 107.58  26.50  983    1.3
  57829 107.80  26.20  964    1.3
  57834 108.30  26.68  642    0.2
  57835 108.43  26.72  521   0.01
  57837 108.07  26.40  838    0.2
  57842 109.72  26.88  281    0.4
  57844 109.18  26.68  344    0.3
  57846 110.15  26.58  307    1.1
  57851 110.85  26.45  307    0.9
  57859 110.63  26.03  409   0.01
  57860 111.28  27.00  282    1.3
  57865 111.58  26.47  166    0.2
  57867 111.28  26.40  169    0.5
  57868 111.87  26.60  113    0.2
  57870 112.10  26.80  151    3.0
  57871 112.37  26.98   91    3.2
  57875 112.50  26.88   71    2.3
  57876 112.83  26.43  118    9.2
  57881 113.25  26.72  105    5.8
  57882 113.55  26.78  135   10.1
  57883 114.28  26.75  257   10.6
  57886 113.78  26.50  226    6.9
  57887 113.12  26.13  124    1.3
  57891 114.25  26.93  144    7.8
  57895 114.78  26.47   96    9.4
  57899 114.92  26.80   66    6.4
  57900 105.22  25.83 1553    0.9
  57903 105.60  25.93 1138    0.2
  57905 105.63  25.40 1063    0.7
  57908 105.48  25.12 1393   0.01
  57911 106.65  26.67 1325    0.5
  57913 106.98  26.45 1095    0.1
  57914 106.67  26.42 1143    0.3
  57915 106.77  26.63 1102    0.2
  57923 107.87  25.98  418   0.01
  57936 108.92  25.75  255    0.2
  57942 110.00  25.80  267   0.01
  57948 109.25  25.08  123    1.6
  57949 110.00  24.98  157    0.7
  57954 110.18  25.23  158   0.01
  57955 110.67  25.62  224    0.8
  57956 110.32  25.42  169   0.01
  57958 110.32  25.08  152    0.6
  57960 111.07  25.93  192    1.1
  57962 111.65  25.97  166    0.4
  57964 111.15  25.50  258    1.9
  57966 111.95  25.60  205    0.8
  57969 111.33  25.27  230    1.7
  57971 112.20  25.92  225    0.1
  57973 112.72  25.75  328    2.6
  57975 112.20  25.38  278    2.0
  57976 112.95  25.42  226    1.5
  57978 112.55  25.28  291    1.6
  57981 113.22  25.98  141    2.4
  57985 113.68  25.57  608    4.1
  57988 113.35  25.15  103    0.9
  57989 113.73  25.10   96    5.7
  57990 114.30  25.70  252    7.0
  57991 114.55  25.80  148    2.4
  57992 114.75  25.67  129    3.7
  57994 114.35  25.40  208    4.5
  57995 114.93  25.40  166    0.8
  58001 115.10  34.43   57    0.1
  58006 115.88  34.38   47   0.01
  58007 115.30  34.07   53   0.01
  58008 115.33  34.47   55   0.01
  58012 116.58  34.68   40   0.01
  58013 116.90  34.75   40   0.01
  58020 117.13  34.80   38   0.01
  58021 117.28  34.78   80   0.01
  58024 117.58  34.87   78   0.01
  58030 118.07  34.85   47   0.01
  58036 118.73  34.52   39   0.01
  58100 115.17  33.65   42    0.2
  58101 115.48  33.87   42   0.01
  58112 116.45  30.73  933    3.5
  58113 116.75  33.93   35   0.01
  58114 116.18  33.48   29   0.01
  58127 117.20  32.98   23   0.01
  58147 118.97  32.98   28    0.3
  58148 119.30  33.23   11   0.01
  58205 115.43  32.47   36    0.1
  58207 115.05  32.17   42    0.2
  58212 116.73  32.72   27    0.1
  58214 116.28  32.33   37    0.4
  58220 117.15  32.47   32    0.2
  58222 117.55  32.85   31   0.01
  58223 117.98  32.78   38   0.01
  58224 117.02  32.65   36   0.01
  58230 118.27  32.08   34    0.1
  58234 118.42  32.47   43   0.01
  58235 118.85  32.37   16    0.2
  58237 118.62  32.05   22    0.3
  58240 119.02  32.68   25    0.3
  58242 119.18  32.28   14    0.3
  58243 119.83  32.93    7    0.3
  58244 119.58  32.45   10    0.3
  58245 119.42  32.42   14    0.2
  58246 119.90  32.52   11    0.4
  58247 119.82  32.25    5    0.3
  58249 120.00  32.17    8    0.4
  58250 120.15  32.52   10    0.7
  58254 120.45  32.52    5    0.7
  58257 120.25  31.98   12    0.3
  58264 121.18  32.33   11    0.1
  58268 121.08  32.10    8   0.01
  58269 121.65  31.78   12    0.2
  58301 115.38  31.82   90    0.6
  58306 115.88  31.68   94    1.5
  58316 116.95  31.47   26    1.0
  58317 116.37  30.87  434    2.2
  58320 117.13  31.73   26    1.3
  58323 117.47  31.88   29    0.4
  58327 117.28  31.25   24    1.3
  58329 117.87  31.33   24    1.4
  58330 118.08  31.75   20    0.1
  58331 118.37  31.73   26   0.01
  58334 118.37  31.38   23    1.3
  58335 118.52  31.57   16    0.3
  58337 118.18  31.08   30    4.0
  58339 118.90  31.33   24    1.7
  58340 119.03  31.65   23    0.5
  58341 119.58  31.98   10    0.2
  58342 119.55  31.72    7    0.4
  58344 119.20  31.97   35    0.3
  58346 119.82  31.33   15    2.6
  58349 120.63  31.27    9    1.7
  58351 120.30  31.90   12    0.3
  58352 120.77  31.65    8    0.6
  58353 120.57  31.87    6    0.5
  58359 120.62  31.13    9    3.3
  58360 121.20  31.92    6    0.5
  58361 121.37  31.10   10    2.8
  58365 121.25  31.37    9    1.8
  58366 121.40  31.63    9    0.3
  58367 121.43  31.20   18    2.3
  58369 121.78  31.05    9    2.5
  58370 121.55  31.22   11    2.2
  58377 121.10  31.47    6    0.9
  58401 115.40  30.78  106    1.3
  58404 115.22  30.47   57    2.0
  58408 115.43  30.23   35    4.3
  58409 115.93  30.07   20    4.3
  58415 116.58  30.63   38    2.8
  58416 116.82  30.75   38    3.9
  58417 116.13  30.17   50    4.1
  58418 116.70  30.13   26    3.0
  58420 117.22  30.72   38    3.7
  58421 117.87  30.63   32    4.4
  58423 117.78  30.48  643    5.5
  58426 118.13  30.30  192    4.0
  58427 117.48  30.67   36    3.6
  58428 117.48  30.22  115    4.9
  58431 118.32  30.92   17    4.8
  58432 118.40  30.68   39    5.1
  58433 118.75  30.93   30    4.8
  58435 118.53  30.30  221    4.0
  58438 118.58  30.08  197    4.0
  58441 119.42  30.87   53    4.1
  58442 119.18  31.13   16    4.7
  58443 119.90  31.02   19    3.1
  58446 119.68  30.63   25    4.7
  58449 119.95  30.05   47    4.8
  58451 120.93  30.83    3    3.2
  58452 120.77  30.73    4    3.0
  58453 120.50  30.07   10    6.8
  58454 119.97  30.53    5    3.8
  58455 120.65  30.52    8    3.4
  58456 120.52  30.63    6    3.0
  58458 120.90  30.53    3    3.3
  58459 120.28  30.18   42    5.9
  58460 121.35  30.73    6    2.6
  58461 121.12  31.13    8    2.6
  58462 121.23  31.03    9    2.8
  58463 121.50  30.88    9    2.1
  58468 121.17  30.05   10    6.4
  58484 122.20  30.25    9    3.7
  58501 115.63  29.93   25    8.5
  58502 116.00  29.73   37    6.2
  58503 115.68  29.70   41    7.8
  58508 115.77  29.33   42    7.5
  58509 115.82  29.05   38    7.2
  58510 116.23  29.73   40    6.9
  58512 116.55  29.90   66    4.8
  58514 116.05  29.45   35    6.9
  58517 116.20  29.27   43    6.6
  58523 117.93  29.93  231    6.0
  58529 117.85  29.27   82    8.0
  58530 118.43  29.87  170    4.5
  58534 118.18  29.78  173    5.9
  58537 118.40  29.13  153   10.3
  58542 119.68  29.82   45    7.3
  58544 119.27  29.48   87    8.2
  58546 119.88  29.47  114    7.7
  58547 119.18  29.03   65   13.3
  58548 119.47  29.22   46    9.6
  58550 120.25  29.70   39    7.1
  58555 120.88  29.52  112    6.2
  58558 120.22  29.27   89    8.3
  58559 120.98  29.17   59    5.8
  58561 121.60  29.98    3    6.0
  58563 121.83  29.88    4    5.3
  58565 121.43  29.68    6    3.7
  58566 121.88  29.47   14    4.5
  58567 121.43  29.32   39    6.6
  58568 121.38  29.12   35   10.6
  58570 122.30  29.95   83    3.3
  58601 115.38  28.70   54    6.3
  58602 115.55  28.85   46    6.5
  58605 115.38  28.42   49   13.1
  58607 115.95  28.55   35   10.9
  58609 115.82  28.22   30   18.7
  58612 116.68  28.70   22   14.9
  58614 116.27  28.38   40   19.9
  58615 117.08  28.68   56   16.7
  58616 116.82  28.20   44   15.3
  58618 116.60  28.23   51   19.1
  58619 116.37  28.00   47   16.9
  58620 117.13  28.97   37   22.8
  58623 117.92  28.47   92   21.8
  58624 117.43  28.40   64   22.5
  58625 117.60  28.42   80   20.7
  58627 117.03  28.25   64   20.9
  58629 117.70  28.32   59   21.1
  58631 118.50  28.90  134   13.5
  58632 118.60  28.72  124   12.9
  58635 118.20  28.43   96   15.7
  58642 119.80  28.88  102   11.4
  58643 120.03  28.90   99   10.3
  58644 119.28  28.60  237   11.8
  58647 119.13  28.07  196   20.2
  58654 120.08  28.67  184   17.0
  58656 120.97  28.12    7   21.0
  58657 120.28  28.15   59   16.7
  58658 120.68  28.15   36   21.3
  58659 120.65  28.03   29   25.2
  58660 121.13  28.85    8   10.1
  58664 121.37  28.37   33   11.0
  58693 115.83  28.70   37    9.8
  58701 115.40  27.77   47    7.9
  58704 115.35  27.62   61    6.9
  58706 115.83  27.43  180    7.0
  58707 115.13  27.22   66    6.6
  58710 116.05  27.77   76    9.8
  58712 116.78  27.92  123   15.4
  58713 117.07  27.72  220    9.6
  58714 116.23  27.55  115   10.3
  58719 116.93  27.30  123   11.9
  58724 117.30  27.52  264    9.2
  58735 118.80  27.52  201   30.5
  58736 118.82  27.37  220   31.8
  58745 119.07  27.62  368   40.6
  58746 119.70  27.55  514   31.0
  58747 119.35  27.15  900   20.8
  58748 119.65  27.10   51   21.6
  58749 119.88  27.23  680   17.4
  58750 120.08  27.78  106   15.2
  58751 120.55  27.68    5   24.2
  58804 115.35  26.35  153    9.6
  58814 116.35  26.35  237    3.0
  58819 116.80  26.17  329    7.1
  58821 117.47  26.73  174    9.0
  58822 116.85  26.83  341    6.6
  58823 117.80  26.80  173   16.2
  58824 117.15  26.40  355    4.1
  58826 117.80  26.40  120    9.6
  58828 117.62  26.27  206    4.3
  58836 118.73  26.58  359   32.6
  58839 118.85  26.23   42   31.4
  58844 119.15  26.15   49   20.4
  58845 119.53  26.50   57   30.0
  58848 119.55  26.20   12   14.1
  58850 120.23  26.92   88   12.1
  58903 116.03  25.90  208    3.9
  58905 115.42  25.97  136    3.4
  58906 115.80  25.60  167    3.8
  58907 115.40  25.15  300    3.8
  58912 116.75  25.72  379    2.4
  58917 116.10  25.08  307    1.5
  58923 117.83  25.70  397    3.9
  58928 117.53  25.02  160    6.3
  58929 118.15  25.07   66   10.2
  58932 118.93  25.87   85    2.2
  58934 118.27  25.33  170    6.2
  58935 118.23  25.48  516    9.9
  58938 118.98  25.23   22    6.8
  58940 119.33  26.08   28    9.6
  58941 119.50  25.97   11    4.5
  58942 119.38  25.72   39    4.4
  58946 119.00  25.45   84    8.9
  59012 106.55  24.78  973   0.01
  59022 107.55  24.98  695    0.1
  59025 107.38  24.53  249   0.01
  59031 108.25  24.83  205    0.3
  59033 108.90  24.78  330   0.01
  59034 108.67  24.48  149   0.01
  59038 108.65  24.07  142   0.01
  59041 109.25  24.65  109    0.2
  59044 109.38  24.47   99    0.1
  59045 109.75  24.48   95    0.2
  59047 109.33  24.25  101   0.01
  59051 110.50  24.77  133    1.2
  59052 110.82  24.83  167    0.4
  59053 110.67  24.62  108    0.8
  59055 110.40  24.50  166    0.1
  59059 110.80  24.18  107    0.9
  59061 111.27  24.82  198    3.3
  59063 111.45  25.18  262    1.1
  59064 111.32  24.55  141    0.1
  59071 112.28  24.73  175    3.3
  59074 112.15  24.57  300    3.1
  59075 112.63  24.48   70    0.4
  59081 113.27  24.78   98    0.5
  59090 114.07  24.95  103    1.0
  59091 114.53  24.75  257    5.1
  59093 115.03  24.78  254    3.3
  59094 114.12  24.37  135    3.0
  59099 114.93  24.45  175    4.1
  59106 115.90  24.58  152    0.7
  59109 115.73  24.15  126    0.8
  59114 116.17  24.65  131    2.0
  59122 117.75  24.62   42    2.5
  59124 117.37  24.52   31    1.7
  59125 117.30  24.38  105    1.7
  59127 117.83  24.43   14    0.6
  59129 117.60  24.13   53    0.6
  59130 118.15  24.73   28    9.2
  59131 118.37  24.97   44    5.8
  59137 118.57  24.82   55    1.2
  59215 106.62  23.33  640   0.01
  59227 107.15  23.08  438   0.01
  59235 108.62  23.43  116   0.01
  59238 108.80  23.22  123   0.01
  59241 109.68  23.97   91    0.2
  59246 109.67  23.60   70   0.01
  59249 109.62  23.12   56   0.01
  59264 111.50  23.40   79   0.01
  59266 111.23  23.42   46   0.01
  59270 112.18  23.92   78    1.2
  59276 112.65  23.35   40    0.1
  59284 113.22  23.38    6    0.3
  59285 113.60  23.57   39    0.3
  59297 114.28  23.18   16    0.1
  59312 116.63  23.67   11    0.5
  59313 116.98  23.68   42    1.2
  59318 116.58  23.27   10   0.01
  59319 116.77  23.47    9   0.01
  59320 117.13  23.77   27    1.0
  59322 117.37  23.98   20    0.6
  59419 106.75  22.10  243   0.01
  59421 107.20  22.83  257   0.01
  59425 107.35  22.40  107   0.01
  59427 107.07  22.12  162   0.01
  59469 111.78  22.17   33   0.01
  59471 112.05  22.93  102   0.01
  59477 112.30  22.18   25    0.2
  59481 113.32  22.93   16   0.01
  59492 114.70  22.92   43    0.2
  59500 115.32  22.97   10    0.1
  59502 115.65  22.95   11    0.2
