diamond  3 2014年04月23日08点24小时降雨量                    
  14  04  23  08    -2 3 10 25 50 1 0
 39 122.7  37.3 122.5  36.7 120.8  36.2 119.3  35.0 120.4  34.3
 121.1  32.7 122.3  30.9 122.5  30.1 121.5  28.0 119.8  25.0
 116.1  22.6 111.0  21.0 111.0  18.6 109.6  18.1 108.3  18.5
 108.9  19.9 109.3  21.0 106.4  21.6 104.1  22.2 101.6  20.8
  98.7  22.0  97.1  24.1  97.7  27.0  91.7  26.6  85.7  27.7
  78.9  30.6  73.3  37.1  74.1  40.7  87.6  49.8  98.5  43.9
 110.4  44.3 122.0  54.7 135.7  48.3 131.5  42.2 125.2  39.4
 121.3  38.5 121.2  40.3 118.5  38.6 120.8  38.1
1                    449
  45045 114.30  22.18   55    0.5
  50776 130.83  47.57   84    0.2
  51058  87.97  47.10  564    3.7
  51137  82.93  46.20  715    1.7
  51145  83.65  46.55  523    0.8
  51328  80.42  44.20  774    3.1
  51329  80.85  44.05  641    3.0
  51352  85.25  44.85  338    3.0
  51353  86.10  45.02  347    5.0
  51356  86.05  44.32  444   14.9
  51357  85.62  44.33  523    7.5
  51359  86.20  44.32  473   12.4
  51368  87.32  44.12  516    7.0
  51369  87.65  43.97  601    8.6
  51377  87.92  44.17  547    6.1
  51378  89.17  44.02  735    0.6
  51430  81.15  43.83  605    3.0
  51434  81.53  43.97  771    2.9
  51435  82.23  43.47  776    0.7
  51436  83.25  43.45  929   19.7
  51438  81.77  43.18 1210    2.3
  51465  87.10  43.48 1874   13.5
  51468  86.83  43.10 3543    4.1
  51482  90.28  43.83 1271    7.4
  52881 103.18  36.98 2485    2.0
  52988 103.72  35.37 2000   0.01
  53579 112.90  39.02  861   0.01
  53584 113.17  39.57 1001   0.01
  53585 113.27  39.17  934    0.1
  53681 113.37  38.83 1097   0.01
  53690 114.18  38.85  283   0.01
  53788 113.57  37.33 1267    0.1
  53941 109.58  35.18  807   0.01
  54279 126.58  42.05  545   0.01
  54597 115.73  39.73  409    3.9
  54822 117.73  36.87   46   0.01
  54824 117.95  36.63   95   0.01
  54828 117.68  36.23  228    1.2
  54829 117.87  36.77   88    0.4
  54830 117.93  36.82   35    0.9
  54834 118.28  36.87   46    2.6
  54844 119.18  36.42   67   0.01
  54848 119.42  35.98   81    0.3
  54851 120.57  36.90   81    0.3
  54852 120.73  36.97   53   0.01
  54925 117.63  35.52  170    0.5
  54935 118.43  35.53  120    0.2
  54938 118.40  35.05   66    2.1
  56045  99.90  33.97 4051   0.01
  56081 103.35  34.70 2811    1.8
  56082 103.50  34.58 2544    0.5
  56084 103.23  34.07 2376    0.3
  56091 104.47  34.85 1884    0.2
  56094 104.37  33.78 1400   0.01
  56097 104.23  33.27 1407    0.9
  56158 100.67  31.40 3250   0.01
  56164 100.98  32.27 3286    0.1
  56168 102.07  31.48 2170    1.1
  56171 101.70  32.90 3276   0.01
  56180 103.85  31.68 1591    0.4
  56183 103.58  31.47 1326    1.4
  56184 103.17  31.43 1884    0.4
  56192 104.67  32.95 1016    0.1
  56193 104.52  32.42  894    0.9
  56276 103.82  30.45  468    1.1
  56281 103.50  30.18  512   0.01
  56284 103.48  30.42  502    0.2
  56286 104.25  30.55  514    0.3
  56288 103.92  30.58  495    0.1
  56289 103.87  30.20  439    0.4
  56295 104.55  30.38  443    0.2
  56391 103.82  30.08  416   0.01
  56496 105.23  28.32  330    0.3
  56582 103.90  27.75 1177    0.4
  56595 104.87  27.42 1644    1.6
  56596 105.05  27.85 1176    3.4
  56598 104.73  27.13 1538    0.5
  56891 104.32  24.98 1482    0.3
  56989 103.95  22.50  138    0.7
  57002 105.65  34.85 1217   0.01
  57042 109.18  34.78  473    0.1
  57057 110.15  34.10  961   0.01
  57102 105.72  33.75  971   0.01
  57110 106.08  33.78  930   0.01
  57113 106.53  33.90  990   0.01
  57204 105.23  32.58  801   0.01
  57216 106.83  32.35  577    0.1
  57414 106.45  30.55  396    0.2
  57420 107.20  30.75  397    0.1
  57437 108.03  30.30  326    0.4
  57438 108.12  29.98  630    0.1
  57509 106.93  28.95  325    0.2
  57511 106.45  29.85  242   0.01
  57513 106.62  29.73  457   0.01
  57514 106.22  29.58  325   0.01
  57519 107.08  29.15  559   0.01
  57525 107.75  29.32  273    0.1
  57537 108.17  29.30  321    0.2
  57540 109.15  29.68  776   0.01
  57541 109.48  30.00  533   0.01
  57544 109.45  29.47  486    0.2
  57558 110.47  29.13  184    0.1
  57564 111.13  29.43  103    0.2
  57566 111.65  29.45   50   0.01
  57596 114.20  29.63    0    0.2
  57600 105.07  28.72  256   0.01
  57605 105.82  28.03  539    0.3
  57635 108.98  28.45  363    0.1
  57640 109.45  28.58  344    0.2
  57643 109.83  29.00  268    0.1
  57646 109.95  28.62  301    0.4
  57657 110.20  28.22  182    4.8
  57658 110.20  28.02  144   37.8
  57661 111.48  28.92   51    0.9
  57663 111.95  28.92   31    1.6
  57666 112.13  28.52   49    2.2
  57674 112.47  28.57   44    2.5
  57678 112.55  28.25   71    4.7
  57680 113.07  28.80   47    1.8
  57688 113.63  28.15  100    2.4
  57698 114.45  28.12   99    0.3
  57699 114.92  28.23   68    0.3
  57708 105.60  27.15 1704    1.6
  57713 106.88  27.70  844   0.01
  57714 106.23  27.47  942    1.0
  57717 106.83  27.53  974    0.2
  57719 106.97  27.07 1280    2.7
  57720 107.17  27.88  888    0.3
  57723 107.72  27.98  710    0.3
  57728 107.47  27.07 1095    0.1
  57732 108.40  28.02  458   15.0
  57734 108.23  27.57  468    2.2
  57735 108.82  27.18  396    0.4
  57736 108.85  27.70  376    9.7
  57738 108.42  27.05  517    0.1
  57739 108.88  27.23  375    1.2
  57740 109.60  27.95  349   17.5
  57742 109.20  27.52  883   12.4
  57743 109.80  27.88  176   29.3
  57744 109.17  27.37  356    2.6
  57754 110.15  27.35  170    9.6
  57760 111.43  27.70  247   29.1
  57762 111.70  27.68  163   36.6
  57763 112.00  27.73  151   24.2
  57767 111.03  27.12  266    7.5
  57768 111.45  27.32  242   29.6
  57769 111.73  27.23  257   23.0
  57771 112.52  27.93   89    8.2
  57772 112.50  27.75   84   19.7
  57773 112.82  27.87   63   11.5
  57777 112.87  27.23   65    5.4
  57778 112.95  27.10   68    0.4
  57781 113.50  27.65   71   10.7
  57786 113.85  27.65  110    0.1
  57792 114.68  27.82   93   0.01
  57796 114.93  27.80   79    1.8
  57798 114.60  27.40   89    0.6
  57800 105.37  26.77 1458    1.4
  57807 105.47  26.20 1359    2.1
  57808 105.75  26.32 1272    1.2
  57809 105.75  26.07 1251    2.1
  57811 106.60  26.85 1242    1.7
  57813 106.47  26.57 1265    2.9
  57814 106.27  26.42 1285    1.2
  57818 106.45  26.03 1145    2.4
  57821 107.50  26.70  924    0.8
  57822 107.90  26.90  833   0.01
  57824 107.23  26.58 1005    1.3
  57828 107.58  26.50  983    2.6
  57829 107.80  26.20  964    2.1
  57837 108.07  26.40  838    1.2
  57842 109.72  26.88  281    6.2
  57844 109.18  26.68  344    2.0
  57846 110.15  26.58  307    7.8
  57851 110.85  26.45  307    2.8
  57859 110.63  26.03  409    2.1
  57860 111.28  27.00  282   12.2
  57865 111.58  26.47  166    4.5
  57867 111.28  26.40  169    2.3
  57868 111.87  26.60  113    2.3
  57870 112.10  26.80  151    0.1
  57871 112.37  26.98   91    0.6
  57875 112.50  26.88   71    2.2
  57876 112.83  26.43  118    2.5
  57881 113.25  26.72  105    0.5
  57882 113.55  26.78  135    1.4
  57883 114.28  26.75  257    3.9
  57886 113.78  26.50  226    7.4
  57887 113.12  26.13  124   11.6
  57891 114.25  26.93  144    3.2
  57895 114.78  26.47   96   13.6
  57899 114.92  26.80   66    3.3
  57900 105.22  25.83 1553    2.0
  57903 105.60  25.93 1138    4.5
  57905 105.63  25.40 1063    0.4
  57908 105.48  25.12 1393   0.01
  57909 105.82  24.98  584    0.5
  57911 106.65  26.67 1325    0.9
  57913 106.98  26.45 1095    1.0
  57914 106.67  26.42 1143    2.5
  57915 106.77  26.63 1102    2.8
  57921 107.32  25.83  710    0.6
  57923 107.87  25.98  418    1.8
  57927 107.18  24.97  283    0.6
  57936 108.92  25.75  255    0.1
  57941 109.60  25.78  198    0.8
  57942 110.00  25.80  267    0.7
  57948 109.25  25.08  123    7.0
  57949 110.00  24.98  157   17.6
  57954 110.18  25.23  158    9.7
  57955 110.67  25.62  224    1.3
  57956 110.32  25.42  169    4.6
  57958 110.32  25.08  152    9.9
  57960 111.07  25.93  192    1.3
  57962 111.65  25.97  166    6.3
  57964 111.15  25.50  258   12.6
  57966 111.95  25.60  205   11.2
  57969 111.33  25.27  230    9.1
  57971 112.20  25.92  225    1.0
  57973 112.72  25.75  328    2.3
  57975 112.20  25.38  278    2.5
  57976 112.95  25.42  226    7.2
  57978 112.55  25.28  291    5.6
  57981 113.22  25.98  141    8.1
  57985 113.68  25.57  608    4.1
  57988 113.35  25.15  103    4.5
  57989 113.73  25.10   96    4.7
  57990 114.30  25.70  252   20.8
  57991 114.55  25.80  148    9.0
  57992 114.75  25.67  129    9.7
  57994 114.35  25.40  208   10.5
  57995 114.93  25.40  166    7.6
  58013 116.90  34.75   40    9.0
  58024 117.58  34.87   78   0.01
  58025 117.73  34.57   32    0.1
  58030 118.07  34.85   47    4.5
  58109 115.62  33.18   37    0.1
  58205 115.43  32.47   36    0.1
  58254 120.45  32.52    5   0.01
  58351 120.30  31.90   12   0.01
  58359 120.62  31.13    9    0.1
  58369 121.78  31.05    9   0.01
  58408 115.43  30.23   35    0.1
  58421 117.87  30.63   32   0.01
  58423 117.78  30.48  643    0.1
  58426 118.13  30.30  192    0.1
  58427 117.48  30.67   36   0.01
  58428 117.48  30.22  115    0.1
  58431 118.32  30.92   17    0.1
  58433 118.75  30.93   30   0.01
  58441 119.42  30.87   53   0.01
  58443 119.90  31.02   19    0.2
  58446 119.68  30.63   25    0.1
  58449 119.95  30.05   47    0.5
  58451 120.93  30.83    3   0.01
  58452 120.77  30.73    4   0.01
  58453 120.50  30.07   10    0.9
  58454 119.97  30.53    5    0.1
  58455 120.65  30.52    8    0.4
  58456 120.52  30.63    6    0.1
  58458 120.90  30.53    3    0.1
  58459 120.28  30.18   42    0.9
  58463 121.50  30.88    9   0.01
  58468 121.17  30.05   10    0.5
  58501 115.63  29.93   25    0.5
  58502 116.00  29.73   37   0.01
  58503 115.68  29.70   41    0.3
  58509 115.82  29.05   38    0.1
  58529 117.85  29.27   82   0.01
  58537 118.40  29.13  153   0.01
  58542 119.68  29.82   45    0.3
  58546 119.88  29.47  114    0.1
  58547 119.18  29.03   65    0.3
  58548 119.47  29.22   46   0.01
  58550 120.25  29.70   39    0.2
  58555 120.88  29.52  112    1.3
  58558 120.22  29.27   89    0.4
  58559 120.98  29.17   59   0.01
  58561 121.60  29.98    3    0.1
  58563 121.83  29.88    4    0.4
  58565 121.43  29.68    6    1.1
  58566 121.88  29.47   14    0.1
  58567 121.43  29.32   39    0.1
  58605 115.38  28.42   49    1.2
  58620 117.13  28.97   37    0.2
  58623 117.92  28.47   92    0.6
  58624 117.43  28.40   64   0.01
  58631 118.50  28.90  134   0.01
  58632 118.60  28.72  124   0.01
  58635 118.20  28.43   96    0.5
  58642 119.80  28.88  102   0.01
  58643 120.03  28.90   99    0.1
  58647 119.13  28.07  196   0.01
  58654 120.08  28.67  184   0.01
  58656 120.97  28.12    7   0.01
  58658 120.68  28.15   36   0.01
  58659 120.65  28.03   29    0.1
  58664 121.37  28.37   33   0.01
  58704 115.35  27.62   61   0.01
  58707 115.13  27.22   66    2.1
  58710 116.05  27.77   76    0.3
  58713 117.07  27.72  220   0.01
  58735 118.80  27.52  201    0.1
  58746 119.70  27.55  514    1.3
  58747 119.35  27.15  900    0.4
  58748 119.65  27.10   51    0.8
  58749 119.88  27.23  680    0.2
  58750 120.08  27.78  106   0.01
  58751 120.55  27.68    5    0.6
  58804 115.35  26.35  153   20.6
  58814 116.35  26.35  237   12.7
  58819 116.80  26.17  329   15.6
  58821 117.47  26.73  174    0.1
  58822 116.85  26.83  341    3.1
  58823 117.80  26.80  173    0.3
  58824 117.15  26.40  355   13.4
  58826 117.80  26.40  120    4.2
  58828 117.62  26.27  206    7.1
  58844 119.15  26.15   49    1.4
  58845 119.53  26.50   57    1.4
  58848 119.55  26.20   12    1.9
  58850 120.23  26.92   88    0.7
  58903 116.03  25.90  208    5.1
  58905 115.42  25.97  136   16.5
  58906 115.80  25.60  167   11.9
  58907 115.40  25.15  300   18.9
  58912 116.75  25.72  379    2.5
  58917 116.10  25.08  307   28.2
  58923 117.83  25.70  397    4.7
  58928 117.53  25.02  160    2.5
  58929 118.15  25.07   66    0.1
  58932 118.93  25.87   85   0.01
  58934 118.27  25.33  170    0.7
  58935 118.23  25.48  516    0.9
  58938 118.98  25.23   22   0.01
  58940 119.33  26.08   28    0.5
  58941 119.50  25.97   11    0.3
  58942 119.38  25.72   39   0.01
  58946 119.00  25.45   84   0.01
  59001 105.33  24.78  674    0.5
  59004 105.10  24.50  729    0.1
  59012 106.55  24.78  973    2.2
  59022 107.55  24.98  695    1.8
  59025 107.38  24.53  249    0.2
  59027 107.25  24.13  244    1.3
  59031 108.25  24.83  205    0.5
  59033 108.90  24.78  330    0.5
  59034 108.67  24.48  149   0.01
  59038 108.65  24.07  142    9.6
  59041 109.25  24.65  109    8.6
  59044 109.38  24.47   99    6.1
  59045 109.75  24.48   95   10.4
  59047 109.33  24.25  101    3.4
  59051 110.50  24.77  133   25.8
  59052 110.82  24.83  167   23.0
  59053 110.67  24.62  108    6.4
  59055 110.40  24.50  166    4.5
  59057 110.18  24.13  827    1.1
  59059 110.80  24.18  107    1.8
  59061 111.27  24.82  198   11.6
  59063 111.45  25.18  262    0.5
  59064 111.32  24.55  141    4.6
  59071 112.28  24.73  175    6.5
  59074 112.15  24.57  300   28.6
  59075 112.63  24.48   70    1.8
  59081 113.27  24.78   98    6.6
  59090 114.07  24.95  103    8.3
  59091 114.53  24.75  257    1.3
  59093 115.03  24.78  254    1.5
  59094 114.12  24.37  135    0.4
  59099 114.93  24.45  175   0.01
  59106 115.90  24.58  152    0.2
  59109 115.73  24.15  126   0.01
  59114 116.17  24.65  131    1.7
  59122 117.75  24.62   42    0.9
  59124 117.37  24.52   31    5.3
  59125 117.30  24.38  105    3.6
  59127 117.83  24.43   14   0.01
  59129 117.60  24.13   53   0.01
  59130 118.15  24.73   28    0.2
  59131 118.37  24.97   44   0.01
  59137 118.57  24.82   55   0.01
  59213 106.92  23.73  113    0.1
  59215 106.62  23.33  640    2.1
  59224 107.12  23.60  116    3.8
  59227 107.15  23.08  438    1.6
  59229 107.70  23.18  101   0.01
  59230 108.17  23.72  173   0.01
  59235 108.62  23.43  116    1.1
  59237 108.28  23.17  115    0.9
  59238 108.80  23.22  123    0.9
  59241 109.68  23.97   91    6.0
  59246 109.67  23.60   70    2.6
  59249 109.62  23.12   56    1.8
  59255 110.38  23.55   37    0.5
  59256 110.92  23.37   56    1.1
  59264 111.50  23.40   79    0.2
  59266 111.23  23.42   46   0.01
  59268 111.53  23.25   31    1.3
  59269 111.77  23.15   27    1.4
  59270 112.18  23.92   78   0.01
  59276 112.65  23.35   40    1.8
  59279 112.87  23.18   18    1.5
  59284 113.22  23.38    6    1.8
  59285 113.60  23.57   39    4.9
  59288 113.13  23.05    3    2.0
  59290 114.23  23.73   71    0.4
  59297 114.28  23.18   16   0.01
  59310 116.18  23.77   39    1.4
  59314 116.13  23.30   27   0.01
  59319 116.77  23.47    9   0.01
  59322 117.37  23.98   20    0.2
  59419 106.75  22.10  243    0.5
  59421 107.20  22.83  257    1.5
  59425 107.35  22.40  107    0.9
  59426 107.90  22.63   92    0.2
  59427 107.07  22.12  162    0.2
  59429 107.97  22.15  183    0.5
  59432 108.40  22.80  203    0.2
  59435 108.48  22.77   75    0.8
  59441 109.25  22.70   78    1.5
  59448 109.55  22.27   70   63.2
  59449 109.98  22.30   80   11.0
  59451 110.35  22.70   99    0.5
  59452 110.53  22.85  100    0.6
  59454 111.00  22.92  104    2.8
  59457 110.27  22.32  120   13.9
  59469 111.78  22.17   33    0.2
  59470 112.22  22.72   33    5.1
  59471 112.05  22.93  102    2.1
  59473 112.97  22.77   20    2.7
  59475 112.65  22.40   24    1.4
  59476 113.03  22.53   35    0.6
  59480 113.25  22.85   21    0.4
  59481 113.32  22.93   16   0.01
  59487 113.30  22.23   12    0.3
  59500 115.32  22.97   10    4.3
  59502 115.65  22.95   11   0.01
  59635 108.35  21.62   26   0.01
  59640 109.18  21.67    6    1.6
  59650 110.25  21.38   25    1.0
  59653 110.85  21.93   35   0.01
  59654 110.30  21.63   28   0.01
  59656 110.77  21.43   29   0.01
  59750 110.10  20.92   25    0.5
  59757 110.37  20.00   10   0.01
  59843 110.00  19.73   36   12.5
  59848 109.43  19.23  219   0.01
  59945 109.70  18.65   65    3.3
