diamond  3 2014年04月11日08点24小时降雨量                    
  14  04  11  08    -2 3 10 25 50 1 0
 39 122.7  37.3 122.5  36.7 120.8  36.2 119.3  35.0 120.4  34.3
 121.1  32.7 122.3  30.9 122.5  30.1 121.5  28.0 119.8  25.0
 116.1  22.6 111.0  21.0 111.0  18.6 109.6  18.1 108.3  18.5
 108.9  19.9 109.3  21.0 106.4  21.6 104.1  22.2 101.6  20.8
  98.7  22.0  97.1  24.1  97.7  27.0  91.7  26.6  85.7  27.7
  78.9  30.6  73.3  37.1  74.1  40.7  87.6  49.8  98.5  43.9
 110.4  44.3 122.0  54.7 135.7  48.3 131.5  42.2 125.2  39.4
 121.3  38.5 121.2  40.3 118.5  38.6 120.8  38.1
1                    799
  52557 100.17  39.15 1458   0.01
  52643  99.62  38.83 2311    4.6
  52656 100.82  38.43 2282    4.5
  52745  99.02  37.30 3417    3.0
  52784 102.90  37.47 2073    1.7
  52853 100.98  36.90 3011    4.4
  52855 101.25  36.68 2676    4.0
  52862 101.68  36.95 2451    8.2
  52863 101.95  36.82 2480    2.9
  52869 101.58  36.50 2665    2.4
  52875 102.10  36.50 2129   0.01
  52877 102.25  36.10 2835    1.3
  52881 103.18  36.98 2485   0.01
  52885 103.25  36.75 2119   0.01
  52957 100.60  35.25 3149    7.8
  52963 102.02  35.93 2086    0.9
  52968 101.47  35.03 3663   16.1
  52972 102.47  35.85 1870    1.9
  52978 102.52  35.20 2930    7.8
  52980 103.30  35.97 1649    3.3
  52981 103.38  35.67 2429    9.6
  52982 103.55  35.48 1954    8.0
  52985 103.33  35.42 2164    6.8
  52988 103.72  35.37 2000    6.2
  52993 104.07  35.68 1740    3.9
  52995 104.62  35.58 1898    3.9
  52998 104.20  35.13 2111    3.1
  53337 108.27  41.10 1025   0.01
  53367 111.23  41.32 1604    2.2
  53368 111.47  41.08 1640    8.2
  53378 112.62  41.28 1737    2.4
  53384 113.18  41.45 1424    1.7
  53385 113.55  41.57 1387    4.0
  53392 114.60  41.85 1424    5.6
  53419 107.00  40.33 1060   0.01
  53457 110.03  40.40 1012   0.01
  53464 111.17  40.72 1047   0.01
  53466 111.70  40.75 1046   0.01
  53467 111.18  40.27 1017   0.01
  53469 111.82  40.40 1164   0.01
  53475 112.47  40.52 1272    0.1
  53481 113.22  40.80 1317   0.01
  53483 113.83  40.87 1269   0.01
  53486 113.77  40.37 1050   0.01
  53488 113.58  40.03 1035   0.01
  53492 114.15  40.10  939   0.01
  53518 106.35  39.03 1118   0.01
  53533 108.73  39.85 1390   0.01
  53545 109.73  39.57 1330    1.9
  53547 109.03  39.10 1312    3.0
  53565 111.50  39.43 1050    4.8
  53567 111.08  39.03  980    0.7
  53573 112.70  40.00 1337   0.01
  53574 112.27  39.52 1408    7.8
  53575 112.20  39.10 1526    2.7
  53576 112.82  39.50 1046    3.0
  53577 112.30  39.00 1441    1.4
  53579 112.90  39.02  861    6.0
  53580 113.10  39.82 1045    0.5
  53582 113.68  39.72 1094    0.1
  53584 113.17  39.57 1001    2.7
  53585 113.27  39.17  934    3.1
  53590 114.27  39.75  979    0.4
  53596 115.13  38.85   53    0.2
  53599 114.68  39.37  885    1.7
  53617 106.08  38.03 1119    0.1
  53618 106.25  38.28 1115    0.3
  53619 106.30  38.12 1117   0.01
  53658 110.48  38.03  895    0.2
  53659 111.00  37.97 1164    2.6
  53660 111.08  39.02  893    0.3
  53662 111.58  38.72 1393    0.1
  53665 111.65  38.28 1183    5.2
  53666 111.93  38.35 1213    4.6
  53669 111.80  38.08 1151    2.9
  53674 112.70  38.42  799    4.7
  53676 112.98  38.50  760    0.1
  53677 112.48  37.93  808    5.5
  53678 112.67  38.07  899    6.6
  53679 112.55  37.73  776    6.8
  53680 114.38  38.30  109    0.3
  53681 113.37  38.83 1097    6.3
  53682 114.68  38.63  105    0.3
  53685 113.42  38.07  953    1.2
  53688 114.55  38.45   98   0.01
  53689 115.07  38.02   43    0.3
  53690 114.18  38.85  283   0.01
  53691 114.57  38.15   76    0.2
  53692 114.98  38.73   68   0.01
  53693 114.13  38.03  256    1.0
  53694 114.22  38.27  134    1.0
  53695 114.68  38.35   72    0.3
  53696 115.00  38.52   55    0.4
  53697 114.83  38.03   54    0.2
  53699 114.95  38.18   46    0.3
  53727 107.12  37.17 1713    0.1
  53732 108.72  37.85 1211    0.1
  53750 110.18  37.77  931    0.2
  53753 110.88  37.43  861    0.2
  53756 110.72  37.52  744    1.0
  53760 111.23  37.88 1212    0.4
  53763 112.17  37.92 1008    4.2
  53767 111.17  37.33 1212    0.8
  53768 111.75  37.15  770    2.3
  53769 111.78  37.25  749    1.2
  53770 112.35  37.35  769    1.7
  53771 112.05  37.42  751    2.2
  53774 112.33  37.62  774    1.4
  53776 112.77  37.68  831    3.0
  53777 112.15  37.53  760    1.1
  53778 112.22  37.17  780    0.6
  53780 113.15  37.90 1066    2.5
  53782 113.55  37.85  743    2.2
  53783 113.70  37.60  880    5.2
  53785 114.67  37.52   35   0.01
  53786 113.37  37.08 1134    0.2
  53788 113.57  37.33 1267    1.6
  53789 114.63  37.88   57    1.4
  53790 114.62  37.60   50    0.2
  53791 114.52  37.77   67    0.1
  53792 114.48  37.45  113    0.4
  53794 114.75  37.35   34   0.01
  53795 114.37  37.65  137    0.2
  53796 114.88  37.62   31   0.01
  53797 114.52  37.28   74   0.01
  53829 107.90  35.98 1094    2.0
  53848 109.35  36.27 1005    6.2
  53852 110.63  36.77  917    0.8
  53856 110.75  36.47  756    3.1
  53857 110.18  36.07  840    4.5
  53860 111.17  36.98 1407    3.2
  53861 111.42  35.88  425    4.3
  53862 111.77  36.83  809    0.5
  53864 111.10  36.40 1030    1.6
  53865 111.55  36.65 1012    1.2
  53866 111.67  36.23  464    0.6
  53869 111.70  36.58  550    0.1
  53871 112.85  36.83  965   0.01
  53872 112.68  36.77  962    0.1
  53873 112.87  36.12  951   0.01
  53874 111.90  36.25  650    1.0
  53875 112.35  36.52 1001    0.2
  53878 113.38  36.52  769   0.01
  53879 112.88  36.32  953   0.01
  53881 106.48  37.28 1382    0.1
  53886 113.67  36.57  471    0.3
  53888 113.43  36.20 1088   0.01
  53906 105.72  35.52 1659    2.9
  53908 105.23  35.22 1769    5.3
  53914 106.12  35.62 2079    3.2
  53916 106.32  35.50 1949    6.2
  53917 106.07  35.22 1633    5.6
  53924 107.62  35.07  967   24.0
  53925 107.18  35.68 1174    6.4
  53926 107.35  35.35 1630    8.2
  53927 106.62  35.20 1478   10.6
  53928 107.02  35.30 1150    9.8
  53930 107.98  36.45 1270    0.5
  53931 109.37  36.00  983    8.0
  53934 108.02  35.82 1299   11.0
  53935 108.35  35.48 1443   13.8
  53937 107.92  35.52  980    8.0
  53938 108.30  35.17 1277   19.1
  53941 109.58  35.18  807   13.4
  53944 109.25  35.57  857   14.5
  53945 109.07  35.43 1394   22.2
  53946 109.82  35.60 1091   12.3
  53947 109.07  35.08  979   18.2
  53949 109.92  35.18  680   10.4
  53950 110.15  35.23  710   11.7
  53953 110.85  35.97  966    5.9
  53954 110.97  35.62  433    7.2
  53956 110.83  35.40  589   10.0
  53957 110.72  35.62  459    7.5
  53958 110.78  35.13  389   11.9
  53961 111.48  35.65  473    2.4
  53962 111.70  35.73  585    1.8
  53964 111.22  35.62  431    5.5
  53965 111.57  35.52  761    4.0
  53966 111.83  35.98  818    1.3
  53967 111.20  35.33  469    4.6
  53970 112.20  35.70  887    0.1
  53972 112.92  35.12  121   0.01
  53973 112.95  35.77  836    0.2
  53974 114.18  35.62   73   0.01
  53976 112.87  35.50  751   0.01
  53978 112.63  35.08  140    0.1
  53979 113.08  35.15  121    0.1
  53981 113.27  35.78 1311    0.1
  53982 113.27  35.23  113   0.01
  53984 113.47  35.23   83   0.01
  53987 113.42  35.10   91    0.1
  53988 113.67  35.27   78   0.01
  53997 114.18  35.15   72   0.01
  54117 117.53  43.25 1004    3.4
  54204 115.00  42.30 1347    4.6
  54205 116.00  42.23 1316    6.0
  54214 118.42  42.58  961    3.3
  54301 115.67  41.67 1414    1.2
  54304 115.28  40.97 1249    0.2
  54305 115.27  41.88 1468    5.0
  54316 118.75  41.52  680    1.0
  54318 117.73  41.32  562   0.01
  54327 119.35  41.23  421   0.01
  54424 117.12  40.17   33   0.01
  54428 117.40  40.03   19   0.01
  54430 118.15  40.77  268   0.01
  54431 116.63  39.92   40   0.01
  54433 116.50  39.95   36   0.01
  54434 118.30  40.17  103   0.01
  54437 118.65  39.50   19    0.1
  54438 118.88  39.88   61    0.3
  54439 118.72  40.02   51    0.2
  54499 116.22  40.22   75   0.01
  54501 115.68  39.97  441    0.2
  54502 116.03  39.48   30    0.4
  54503 115.82  39.07   13    0.2
  54506 115.88  39.32   29   0.01
  54507 115.50  39.35   52    0.3
  54512 116.28  39.42   22    0.3
  54514 116.25  39.87   56   0.01
  54515 116.70  39.50   14    0.1
  54519 116.48  39.30   13    0.4
  54520 117.08  39.97   19    0.1
  54521 116.98  39.77   14   0.01
  54522 117.73  39.88   19    0.1
  54526 117.33  39.08   10    0.1
  54530 117.77  39.23    6   0.01
  54533 118.10  39.58    9    0.3
  54540 119.17  39.72   14    0.2
  54541 119.23  39.90   23    0.2
  54594 116.35  39.72   38   0.01
  54596 116.13  39.68   40   0.01
  54597 115.73  39.73  409    0.9
  54603 115.77  38.72   10   0.01
  54604 115.33  38.42   31    0.1
  54605 115.93  38.93    7   0.01
  54607 115.12  38.72   45   0.01
  54608 115.55  38.00   27   0.01
  54609 115.50  38.25   25    0.3
  54610 116.10  38.73    9    0.1
  54611 115.32  38.93   45    0.2
  54612 116.45  38.87    7    0.7
  54613 116.62  38.70    8    0.4
  54615 116.83  38.58    8    0.1
  54617 116.12  38.18   13    0.1
  54619 116.92  38.92    8   0.01
  54620 115.57  38.48   19   0.01
  54622 117.37  38.98    3    0.1
  54626 115.82  38.42   15   0.01
  54636 116.10  39.02   12    0.6
  54700 115.93  38.03   16    0.2
  54701 115.20  37.93   41    0.1
  54702 115.70  37.73   22   0.01
  54703 115.88  37.80   25   0.01
  54704 115.57  37.55   23   0.01
  54708 115.73  37.50   24    0.3
  54710 116.17  37.87   19    0.4
  54711 116.28  37.70   19    0.2
  54712 116.82  37.20   23   0.01
  54713 116.53  37.88   15   0.01
  54714 116.33  37.45   24   0.01
  54716 116.80  37.67   17    2.6
  54717 116.40  37.63   18   0.01
  54722 117.63  37.75    7   0.01
  54726 117.18  37.70   12    1.0
  54728 117.38  37.77   16   0.01
  54803 116.02  36.98   28   0.01
  54811 116.62  36.93   22   0.01
  56045  99.90  33.97 4051    1.4
  56071 102.50  34.58 3107    6.7
  56081 103.35  34.70 2811    2.1
  56082 103.50  34.58 2544    3.5
  56084 103.23  34.07 2376    1.7
  56091 104.47  34.85 1884    1.3
  56092 104.65  35.00 1729    2.3
  56094 104.37  33.78 1400    7.0
  56095 104.38  34.03 1754    9.6
  56097 104.23  33.27 1407    8.4
  56147  98.83  31.22 3261   0.01
  56158 100.67  31.40 3250   0.01
  56164 100.98  32.27 3286    2.6
  56168 102.07  31.48 2170    0.5
  56171 101.70  32.90 3276   0.01
  56180 103.85  31.68 1591    4.4
  56181 103.70  30.68  543    0.2
  56183 103.58  31.47 1326    3.2
  56184 103.17  31.43 1884    9.0
  56185 102.98  32.08 2400   10.7
  56186 104.20  31.33  589    2.9
  56189 103.93  30.98  584    0.4
  56190 104.55  31.55  518    5.7
  56192 104.67  32.95 1016    6.1
  56193 104.52  32.42  894    7.1
  56194 104.45  31.82  679    3.7
  56195 104.73  31.78  531    4.8
  56197 104.18  31.13  537    2.8
  56198 104.50  31.32  523    5.8
  56199 104.68  31.03  424    0.3
  56272 103.88  30.82  560    0.2
  56273 102.82  30.38 1011   0.01
  56278 102.77  30.07  756    4.2
  56279 102.93  30.15  683    2.4
  56280 103.12  30.08  692    1.4
  56284 103.48  30.42  502    0.1
  56295 104.55  30.38  443    0.2
  56298 104.60  30.13  415   0.01
  56373 102.85  29.78  763    2.1
  56376 102.68  29.35 1098   0.01
  56380 103.37  29.92  466    0.2
  56383 103.87  29.83  454   0.01
  56387 103.27  29.23  639    0.2
  56393 104.85  29.77  370   0.01
  56394 104.43  29.45  382   0.01
  56396 104.77  29.35  352   0.01
  56480 103.53  28.82  564    2.4
  56483 103.95  28.60  412   0.01
  56490 103.90  28.95  396    0.1
  56491 104.57  28.70  288    3.4
  56496 105.23  28.32  330    0.5
  56498 104.50  28.17  442    2.7
  56499 104.78  28.38  368    2.1
  56592 104.52  28.43  360    0.7
  56593 104.92  28.58  281    0.5
  56596 105.05  27.85 1176    0.1
  56641  98.87  26.90 1191   0.01
  56989 103.95  22.50  138    0.5
  57001 105.33  34.75 1273    9.3
  57002 105.65  34.85 1217    5.2
  57004 104.88  34.73 1496    8.3
  57006 105.75  34.58 1142   12.3
  57007 105.18  34.18 1406    9.4
  57008 105.30  34.03 1578   11.3
  57011 106.15  34.75 1379   11.9
  57012 106.20  34.98 1665   12.7
  57016 107.13  34.35  613   19.8
  57020 107.40  34.37  563   23.8
  57021 107.13  34.65  751   18.6
  57022 107.78  34.68 1026   24.7
  57023 108.10  35.03  841   23.4
  57024 107.65  34.45  671   20.5
  57026 107.88  34.37  586   20.4
  57027 107.73  34.27  518   22.6
  57029 108.48  34.50  544   24.8
  57031 108.55  34.82 1013   26.6
  57032 108.20  34.13  436   24.0
  57033 108.82  34.55  429   21.6
  57035 108.23  34.55  636   23.8
  57038 108.45  34.28  411   25.8
  57039 108.88  34.08  445   16.8
  57040 109.08  34.52  378   16.6
  57041 108.92  34.63  425   20.6
  57042 109.18  34.78  473   15.3
  57043 109.97  34.80  352   15.3
  57044 109.23  34.40  424   16.1
  57045 109.48  34.52  354   18.0
  57047 109.32  34.17  541   15.7
  57053 110.72  34.70  507    5.3
  57054 110.23  34.55  557   13.1
  57055 110.08  34.55  352   11.0
  57056 110.88  34.53  390    9.3
  57057 110.15  34.10  961   23.2
  57060 111.23  35.17  404    1.8
  57061 111.20  34.83  411    3.0
  57063 111.77  34.77  524    1.9
  57065 112.18  34.50  196    1.0
  57066 111.67  34.38  329    3.9
  57070 112.12  34.73  358    0.5
  57072 112.75  34.92  128    0.1
  57074 112.42  34.42  198    0.3
  57075 112.87  34.17  203    0.1
  57076 112.82  34.72  190   0.01
  57078 112.47  34.15  337   0.01
  57079 113.03  34.95  106   0.01
  57080 112.97  34.73  166   0.01
  57082 113.02  34.47  428   0.01
  57084 113.05  34.50 1180   0.01
  57085 113.37  34.55  289   0.01
  57088 113.50  34.15  117   0.01
  57095 114.15  34.12   61   0.01
  57102 105.72  33.75  971   15.2
  57105 105.60  33.33 1219   17.2
  57110 106.08  33.78  930   12.1
  57111 106.30  33.92  967   12.1
  57113 106.53  33.90  990   17.2
  57119 106.70  33.17  551   51.8
  57123 108.07  34.28  510   27.4
  57126 107.55  33.22  470   37.1
  57128 107.33  33.17  487   42.1
  57129 107.72  32.98  447   22.8
  57132 108.62  34.12  415   32.9
  57137 108.32  33.32  801   31.1
  57140 109.12  33.67  818   29.3
  57153 110.33  33.68  584   21.8
  57155 109.87  33.55  661   26.0
  57162 112.08  34.15  327    3.4
  57169 111.87  33.05  160    0.8
  57175 112.23  33.05  192    2.0
  57176 112.42  33.48  230    0.3
  57177 113.53  33.33   91   0.01
  57179 113.00  33.28  161   0.01
  57180 113.20  33.98  118   0.01
  57184 113.37  33.63   84   0.01
  57185 113.58  33.45   92   0.01
  57187 112.93  33.07  119    1.3
  57188 114.03  33.37   56   0.01
  57189 113.95  33.13   65    0.1
  57195 114.62  33.62   47   0.01
  57197 114.33  33.00   54    2.2
  57204 105.23  32.58  801   13.1
  57208 105.47  32.02  538   20.4
  57213 106.93  33.00  537   61.4
  57216 106.83  32.35  577   17.9
  57217 106.28  32.23  493   19.8
  57231 108.53  32.53  504   23.1
  57233 108.50  32.90  413   47.3
  57242 109.37  32.85  285   23.3
  57247 108.90  32.32  442   16.0
  57248 109.33  32.40  429   15.6
  57249 109.68  32.32  453    6.7
  57253 110.82  32.85  204    7.4
  57254 110.12  32.82  324   15.7
  57257 110.23  32.23  309    8.3
  57260 111.52  32.55  143   13.3
  57261 111.50  33.13  196    2.7
  57268 111.63  32.27   87   10.2
  57271 112.38  32.55   89    5.2
  57273 112.85  32.68  110    5.1
  57274 112.12  32.70  108    2.0
  57281 113.30  32.70  142    4.7
  57292 114.63  32.97   44    0.4
  57293 114.98  32.73   39    0.5
  57294 114.02  32.83   84    4.5
  57295 114.35  32.62   83    5.7
  57296 114.73  32.35   50    6.0
  57298 114.55  32.22   56   11.1
  57299 114.90  32.02   50   17.5
  57303 105.92  31.73  460   13.4
  57304 105.17  31.67  517   17.5
  57307 105.08  31.10  408    1.8
  57308 105.38  31.22  421    8.5
  57309 105.88  30.98  375    6.6
  57314 106.07  31.35  385   13.3
  57315 106.40  31.53  658   19.8
  57317 106.42  31.03  323   13.1
  57318 106.55  31.07  339   13.0
  57320 107.22  31.93  483   33.0
  57324 107.08  31.58  363   23.6
  57326 107.72  31.37  390   48.8
  57329 107.85  31.10  462   10.5
  57333 108.67  31.95  800   20.5
  57338 108.42  31.18  213    9.0
  57339 108.68  30.95  296    8.6
  57345 109.62  31.40  339    6.5
  57349 109.87  31.07  270    7.4
  57361 111.27  31.88  331   17.0
  57362 110.67  31.75  939    8.8
  57363 111.83  31.80  146   30.5
  57368 111.63  31.05  138   33.0
  57370 112.22  31.73   68   44.0
  57377 112.22  31.00  184   38.4
  57385 113.82  31.63   94   56.5
  57386 114.00  31.25   37   13.2
  57387 113.13  31.00   80   16.7
  57388 113.70  31.27   55   28.5
  57389 113.75  31.03   33    8.6
  57390 114.07  31.80  731   60.6
  57396 114.85  31.63  130   47.3
  57398 114.62  31.28   76   31.8
  57401 105.37  30.87  380    4.7
  57402 105.70  30.77  395   17.7
  57407 105.03  30.28  464    0.1
  57408 105.35  30.12  333    1.4
  57409 105.80  30.18  295    4.6
  57413 106.97  30.85  295   12.7
  57414 106.45  30.55  396   13.7
  57415 106.63  30.47  336    8.8
  57416 106.93  30.33 3915    9.8
  57417 106.28  30.35  315   10.3
  57420 107.20  30.75  397    6.8
  57425 107.33  30.33  430   20.9
  57431 108.35  30.83  256   15.3
  57437 108.03  30.30  326   10.7
  57438 108.12  29.98  630    0.2
  57453 111.32  30.77  116   15.8
  57460 111.78  30.82   91   18.2
  57462 111.08  30.87  104   15.4
  57464 111.18  30.47  144   19.9
  57465 111.45  30.38   76   13.4
  57466 111.77  30.43   50   12.9
  57469 111.77  30.18   68   15.3
  57475 112.90  30.40   33   14.8
  57477 112.22  30.07   39   13.2
  57481 113.58  30.95   31    4.7
  57485 113.45  30.37   33    3.0
  57486 113.85  30.65   25    1.9
  57489 114.00  30.58   39    0.6
  57491 114.40  30.87   31    0.1
  57492 114.80  30.83   33    0.2
  57498 114.90  30.43   22   0.01
  57505 105.58  29.42  324    0.6
  57506 105.90  29.37  376    2.1
  57507 105.30  29.33  374    0.4
  57508 105.37  29.15  302    0.2
  57509 106.93  28.95  325    0.6
  57510 106.05  29.85  275    2.6
  57511 106.45  29.85  242    9.7
  57513 106.62  29.73  457   11.8
  57514 106.22  29.58  325   11.2
  57518 106.53  29.38  243    0.8
  57519 107.08  29.15  559    0.6
  57522 107.42  29.75  273    0.4
  57525 107.75  29.32  273    3.4
  57537 108.17  29.30  321    7.1
  57540 109.15  29.68  776    6.3
  57541 109.48  30.00  533    5.9
  57543 110.03  29.88  540   39.5
  57544 109.45  29.47  486   13.9
  57558 110.47  29.13  184    3.1
  57564 111.13  29.43  103    7.4
  57565 111.75  29.65   39    8.4
  57566 111.65  29.45   50    4.6
  57571 112.40  29.70   37    7.3
  57575 112.57  29.52   32    6.9
  57577 112.17  29.40   37    8.8
  57582 113.88  29.73   51   0.01
  57585 113.45  29.48   60    0.6
  57586 114.03  29.53   79    0.5
  57589 113.80  29.25  103    5.8
  57600 105.07  28.72  256    0.5
  57603 105.83  28.82  283    1.1
  57605 105.82  28.03  539    0.3
  57609 105.70  28.58  316    0.8
  57623 107.60  28.88  684    7.5
  57634 107.88  28.52  658    2.0
  57635 108.98  28.45  363    8.9
  57636 108.50  28.57  335    1.7
  57637 108.12  28.25  524    3.9
  57640 109.45  28.58  344    2.9
  57643 109.83  29.00  268   24.2
  57646 109.95  28.62  301    2.1
  57657 110.20  28.22  182   0.01
  57658 110.20  28.02  144    1.5
  57661 111.48  28.92   51    1.2
  57663 111.95  28.92   31   14.6
  57666 112.13  28.52   49    0.3
  57674 112.47  28.57   44    0.9
  57680 113.07  28.80   47    1.9
  57688 113.63  28.15  100    1.2
  57694 114.38  28.53  256    0.1
  57698 114.45  28.12   99    9.1
  57699 114.92  28.23   68    5.9
  57713 106.88  27.70  844   0.01
  57714 106.23  27.47  942   0.01
  57723 107.72  27.98  710    0.1
  57732 108.40  28.02  458   14.8
  57736 108.85  27.70  376    1.0
  57737 108.12  27.03  546   0.01
  57738 108.42  27.05  517   0.01
  57740 109.60  27.95  349    1.1
  57742 109.20  27.52  883    0.1
  57743 109.80  27.88  176   0.01
  57754 110.15  27.35  170    4.2
  57760 111.43  27.70  247    1.2
  57762 111.70  27.68  163    0.3
  57763 112.00  27.73  151    0.2
  57767 111.03  27.12  266    7.4
  57768 111.45  27.32  242    2.6
  57769 111.73  27.23  257    1.6
  57771 112.52  27.93   89   0.01
  57772 112.50  27.75   84    0.4
  57773 112.82  27.87   63    0.6
  57777 112.87  27.23   65    4.1
  57778 112.95  27.10   68    9.8
  57781 113.50  27.65   71    5.3
  57786 113.85  27.65  110   11.7
  57792 114.68  27.82   93    7.1
  57796 114.93  27.80   79    5.4
  57798 114.60  27.40   89    5.0
  57811 106.60  26.85 1242    0.5
  57813 106.47  26.57 1265   0.01
  57818 106.45  26.03 1145    0.7
  57824 107.23  26.58 1005   0.01
  57828 107.58  26.50  983    0.4
  57829 107.80  26.20  964    1.7
  57835 108.43  26.72  521   0.01
  57837 108.07  26.40  838   0.01
  57844 109.18  26.68  344    0.1
  57846 110.15  26.58  307    1.5
  57851 110.85  26.45  307    7.3
  57859 110.63  26.03  409   28.7
  57860 111.28  27.00  282    9.3
  57865 111.58  26.47  166   17.8
  57867 111.28  26.40  169   15.0
  57868 111.87  26.60  113   13.9
  57870 112.10  26.80  151   14.1
  57871 112.37  26.98   91    8.1
  57875 112.50  26.88   71    9.8
  57876 112.83  26.43  118    3.6
  57881 113.25  26.72  105    1.1
  57882 113.55  26.78  135    0.5
  57883 114.28  26.75  257    1.0
  57886 113.78  26.50  226    1.4
  57887 113.12  26.13  124    1.9
  57891 114.25  26.93  144    1.7
  57895 114.78  26.47   96   0.01
  57899 114.92  26.80   66   0.01
  57911 106.65  26.67 1325   0.01
  57913 106.98  26.45 1095   0.01
  57914 106.67  26.42 1143   0.01
  57923 107.87  25.98  418    0.1
  57936 108.92  25.75  255    0.1
  57941 109.60  25.78  198    1.0
  57942 110.00  25.80  267    4.0
  57948 109.25  25.08  123    0.9
  57949 110.00  24.98  157   16.5
  57954 110.18  25.23  158   27.7
  57955 110.67  25.62  224   35.8
  57956 110.32  25.42  169   40.8
  57958 110.32  25.08  152   23.1
  57960 111.07  25.93  192   20.1
  57962 111.65  25.97  166    9.4
  57964 111.15  25.50  258   15.0
  57966 111.95  25.60  205    7.7
  57969 111.33  25.27  230    4.8
  57971 112.20  25.92  225    4.5
  57973 112.72  25.75  328    2.1
  57975 112.20  25.38  278    0.4
  57976 112.95  25.42  226    1.0
  57978 112.55  25.28  291    0.4
  57981 113.22  25.98  141    0.6
  57985 113.68  25.57  608    1.1
  57988 113.35  25.15  103    0.2
  57989 113.73  25.10   96    0.2
  57990 114.30  25.70  252   0.01
  57992 114.75  25.67  129   0.01
  57994 114.35  25.40  208   0.01
  58001 115.10  34.43   57   0.01
  58044 119.23  34.53    5   0.01
  58107 115.25  33.07   40   0.01
  58109 115.62  33.18   37   0.01
  58112 116.45  30.73  933    0.3
  58117 116.20  33.13   33   0.01
  58202 115.58  32.63   37    0.9
  58205 115.43  32.47   36    1.3
  58207 115.05  32.17   42   16.7
  58214 116.28  32.33   37   0.01
  58301 115.38  31.82   90   22.5
  58306 115.88  31.68   94   22.6
  58316 116.95  31.47   26    8.1
  58317 116.37  30.87  434    0.2
  58320 117.13  31.73   26    5.0
  58323 117.47  31.88   29    2.1
  58327 117.28  31.25   24    2.7
  58329 117.87  31.33   24    0.1
  58330 118.08  31.75   20    0.6
  58331 118.37  31.73   26    0.2
  58334 118.37  31.38   23   0.01
  58335 118.52  31.57   16    0.2
  58337 118.18  31.08   30    0.3
  58340 119.03  31.65   23    0.2
  58401 115.40  30.78  106    0.3
  58408 115.43  30.23   35   0.01
  58409 115.93  30.07   20    0.6
  58415 116.58  30.63   38   0.01
  58416 116.82  30.75   38    0.2
  58417 116.13  30.17   50    0.4
  58420 117.22  30.72   38    1.0
  58421 117.87  30.63   32    0.2
  58423 117.78  30.48  643    0.3
  58427 117.48  30.67   36    0.3
  58428 117.48  30.22  115   0.01
  58431 118.32  30.92   17    0.2
  58432 118.40  30.68   39    0.2
  58433 118.75  30.93   30   0.01
  58503 115.68  29.70   41   0.01
  58508 115.77  29.33   42    2.8
  58509 115.82  29.05   38    5.7
  58510 116.23  29.73   40    1.0
  58512 116.55  29.90   66   0.01
  58514 116.05  29.45   35    5.8
  58517 116.20  29.27   43    5.2
  58529 117.85  29.27   82   0.01
  58537 118.40  29.13  153    0.6
  58544 119.27  29.48   87   0.01
  58547 119.18  29.03   65    0.7
  58601 115.38  28.70   54    9.3
  58602 115.55  28.85   46   11.9
  58605 115.38  28.42   49   12.6
  58607 115.95  28.55   35    1.1
  58609 115.82  28.22   30    2.7
  58612 116.68  28.70   22    2.4
  58614 116.27  28.38   40    3.7
  58615 117.08  28.68   56    2.5
  58616 116.82  28.20   44    6.9
  58618 116.60  28.23   51    1.2
  58619 116.37  28.00   47    6.4
  58620 117.13  28.97   37    4.0
  58623 117.92  28.47   92    1.2
  58624 117.43  28.40   64    2.2
  58625 117.60  28.42   80    2.8
  58627 117.03  28.25   64    3.4
  58629 117.70  28.32   59   0.01
  58631 118.50  28.90  134    0.3
  58632 118.60  28.72  124    0.3
  58635 118.20  28.43   96    0.1
  58642 119.80  28.88  102   0.01
  58647 119.13  28.07  196   0.01
  58693 115.83  28.70   37    6.3
  58701 115.40  27.77   47    5.2
  58704 115.35  27.62   61    3.8
  58706 115.83  27.43  180   0.01
  58707 115.13  27.22   66    0.9
  58710 116.05  27.77   76    1.8
  58712 116.78  27.92  123    5.5
  58713 117.07  27.72  220   0.01
  58719 116.93  27.30  123    7.1
  58724 117.30  27.52  264    0.2
  58745 119.07  27.62  368   0.01
  58814 116.35  26.35  237    3.4
  58819 116.80  26.17  329    4.3
  58821 117.47  26.73  174    0.5
  58822 116.85  26.83  341    4.3
  58824 117.15  26.40  355    2.1
  58826 117.80  26.40  120   0.01
  58828 117.62  26.27  206    1.4
  58836 118.73  26.58  359   0.01
  58906 115.80  25.60  167    3.8
  58912 116.75  25.72  379    8.0
  59022 107.55  24.98  695    0.1
  59025 107.38  24.53  249    0.2
  59027 107.25  24.13  244    0.3
  59031 108.25  24.83  205   0.01
  59033 108.90  24.78  330    1.4
  59034 108.67  24.48  149    1.2
  59038 108.65  24.07  142    4.4
  59041 109.25  24.65  109    0.1
  59044 109.38  24.47   99    0.3
  59045 109.75  24.48   95    3.1
  59047 109.33  24.25  101    1.7
  59051 110.50  24.77  133   20.7
  59052 110.82  24.83  167    3.9
  59053 110.67  24.62  108    5.3
  59055 110.40  24.50  166    7.6
  59057 110.18  24.13  827    4.1
  59059 110.80  24.18  107    4.5
  59061 111.27  24.82  198    7.7
  59063 111.45  25.18  262    1.4
  59064 111.32  24.55  141    5.5
  59071 112.28  24.73  175   0.01
  59075 112.63  24.48   70   0.01
  59081 113.27  24.78   98    0.1
  59090 114.07  24.95  103   0.01
  59227 107.15  23.08  438   0.01
  59229 107.70  23.18  101   0.01
  59230 108.17  23.72  173    2.2
  59235 108.62  23.43  116    9.2
  59237 108.28  23.17  115    0.1
  59238 108.80  23.22  123    0.4
  59241 109.68  23.97   91    2.4
  59246 109.67  23.60   70    1.8
  59249 109.62  23.12   56    0.7
  59255 110.38  23.55   37    0.1
  59256 110.92  23.37   56    1.0
  59264 111.50  23.40   79    3.9
  59266 111.23  23.42   46    0.1
  59268 111.53  23.25   31    1.5
  59269 111.77  23.15   27    0.5
  59270 112.18  23.92   78   0.01
  59419 106.75  22.10  243   36.0
  59421 107.20  22.83  257   0.01
  59425 107.35  22.40  107   18.4
  59426 107.90  22.63   92    8.2
  59427 107.07  22.12  162   14.4
  59432 108.40  22.80  203   0.01
  59435 108.48  22.77   75    0.3
  59441 109.25  22.70   78    3.6
  59448 109.55  22.27   70   0.01
  59449 109.98  22.30   80    0.1
  59451 110.35  22.70   99    0.1
  59457 110.27  22.32  120    0.2
  59469 111.78  22.17   33   0.01
  59475 112.65  22.40   24   0.01
  59477 112.30  22.18   25    1.4
  59635 108.35  21.62   26    9.8
  59640 109.18  21.67    6   0.01
  59650 110.25  21.38   25   0.01
  59653 110.85  21.93   35   0.01
  59654 110.30  21.63   28   0.01
  59750 110.10  20.92   25   0.01
  59757 110.37  20.00   10    8.6
  59842 109.68  19.90   31    3.9
  59843 110.00  19.73   36    0.2
  59847 109.05  19.27  101    0.9
  59848 109.43  19.23  219    7.6
  59856 110.75  19.62   26    0.3
  59940 109.17  18.75  156    3.4
  59941 109.52  18.77  328   0.01
  59945 109.70  18.65   65    0.4
