diamond  3 2014年04月12日08点24小时降雨量                    
  14  04  12  08    -2 3 10 25 50 1 0
 39 122.7  37.3 122.5  36.7 120.8  36.2 119.3  35.0 120.4  34.3
 121.1  32.7 122.3  30.9 122.5  30.1 121.5  28.0 119.8  25.0
 116.1  22.6 111.0  21.0 111.0  18.6 109.6  18.1 108.3  18.5
 108.9  19.9 109.3  21.0 106.4  21.6 104.1  22.2 101.6  20.8
  98.7  22.0  97.1  24.1  97.7  27.0  91.7  26.6  85.7  27.7
  78.9  30.6  73.3  37.1  74.1  40.7  87.6  49.8  98.5  43.9
 110.4  44.3 122.0  54.7 135.7  48.3 131.5  42.2 125.2  39.4
 121.3  38.5 121.2  40.3 118.5  38.6 120.8  38.1
1                    872
  50913 118.83  45.72  866    1.0
  50924 119.67  45.53  824    0.2
  50928 120.33  45.07  629   0.01
  51058  87.97  47.10  564   0.01
  51137  82.93  46.20  715    2.3
  51145  83.65  46.55  523    3.9
  51328  80.42  44.20  774   0.01
  51352  85.25  44.85  338   0.01
  51353  86.10  45.02  347   0.01
  51356  86.05  44.32  444   0.01
  51430  81.15  43.83  605    4.6
  51434  81.53  43.97  771    4.4
  51435  82.23  43.47  776    4.6
  51436  83.25  43.45  929   22.4
  51438  81.77  43.18 1210    9.2
  52643  99.62  38.83 2311    1.3
  52656 100.82  38.43 2282    1.4
  52745  99.02  37.30 3417    0.3
  52784 102.90  37.47 2073    0.3
  52853 100.98  36.90 3011    2.0
  52855 101.25  36.68 2676    0.4
  52862 101.68  36.95 2451    4.3
  52863 101.95  36.82 2480    3.0
  52869 101.58  36.50 2665    2.5
  52874 102.40  36.48 1981    0.2
  52875 102.10  36.50 2129    2.4
  52877 102.25  36.10 2835    4.0
  52881 103.18  36.98 2485   0.01
  52885 103.25  36.75 2119   0.01
  52896 104.15  36.55 1739   0.01
  52957 100.60  35.25 3149    0.4
  52963 102.02  35.93 2086    0.7
  52968 101.47  35.03 3663    1.9
  52972 102.47  35.85 1870    0.2
  52978 102.52  35.20 2930    0.5
  52980 103.30  35.97 1649    0.1
  52981 103.38  35.67 2429    0.2
  52982 103.55  35.48 1954    0.3
  52985 103.33  35.42 2164    0.1
  52988 103.72  35.37 2000    0.4
  52993 104.07  35.68 1740    0.3
  52995 104.62  35.58 1898    0.3
  52998 104.20  35.13 2111   0.01
  53505 105.40  37.88 1382    0.6
  53610 106.35  38.57 1106    0.1
  53617 106.08  38.03 1119    0.1
  53658 110.48  38.03  895   0.01
  53659 111.00  37.97 1164    1.4
  53677 112.48  37.93  808    0.7
  53678 112.67  38.07  899   0.01
  53679 112.55  37.73  776    3.4
  53685 113.42  38.07  953   0.01
  53693 114.13  38.03  256    0.2
  53707 105.25  36.93 1699   0.01
  53727 107.12  37.17 1713    0.5
  53730 107.48  38.18 1335    2.7
  53748 109.70  37.18 1064    4.2
  53751 110.05  37.60  897    0.2
  53753 110.88  37.43  861    9.3
  53756 110.72  37.52  744    9.5
  53757 110.12  37.12  938   14.8
  53759 110.83  36.98 1106   13.7
  53763 112.17  37.92 1008    1.2
  53767 111.17  37.33 1212    6.9
  53768 111.75  37.15  770   11.4
  53769 111.78  37.25  749   10.3
  53770 112.35  37.35  769    7.4
  53771 112.05  37.42  751    8.3
  53773 114.62  36.33   66    8.4
  53774 112.33  37.62  774    4.4
  53776 112.77  37.68  831    2.4
  53777 112.15  37.53  760    4.0
  53778 112.22  37.17  780   12.1
  53780 113.15  37.90 1066    1.0
  53781 114.47  36.87   69    6.1
  53782 113.55  37.85  743    1.5
  53783 113.70  37.60  880    7.1
  53784 114.78  37.75   39    0.3
  53785 114.67  37.52   35    2.2
  53786 113.37  37.08 1134   15.2
  53788 113.57  37.33 1267    8.9
  53790 114.62  37.60   50    1.8
  53791 114.52  37.77   67    0.1
  53792 114.48  37.45  113    3.0
  53794 114.75  37.35   34    3.4
  53795 114.37  37.65  137    2.0
  53796 114.88  37.62   31    2.6
  53797 114.52  37.28   74    3.3
  53799 114.98  37.23   25    6.6
  53829 107.90  35.98 1094    3.9
  53832 108.77  36.77 1220    9.0
  53841 109.32  36.88 1069    8.0
  53848 109.35  36.27 1005    9.9
  53850 110.18  36.88  801   21.0
  53852 110.63  36.77  917   16.9
  53856 110.75  36.47  756   18.4
  53857 110.18  36.07  840   17.7
  53860 111.17  36.98 1407   14.4
  53861 111.42  35.88  425   20.3
  53862 111.77  36.83  809   21.8
  53864 111.10  36.40 1030   17.9
  53865 111.55  36.65 1012   11.2
  53866 111.67  36.23  464   15.3
  53869 111.70  36.58  550   21.8
  53871 112.85  36.83  965   15.5
  53872 112.68  36.77  962   17.5
  53873 112.87  36.12  951   17.5
  53874 111.90  36.25  650   20.9
  53875 112.35  36.52 1001   18.7
  53878 113.38  36.52  769   10.2
  53879 112.88  36.32  953   15.6
  53880 113.23  36.33  948   12.5
  53881 106.48  37.28 1382    0.4
  53883 114.70  37.13   36    5.1
  53885 113.20  36.13 1031   14.6
  53886 113.67  36.57  471    7.9
  53888 113.43  36.20 1088   13.5
  53889 113.82  36.07  308   14.9
  53890 114.15  36.68  234    6.4
  53891 114.68  37.02   44    5.6
  53892 114.47  36.62   67    7.9
  53893 114.95  36.77   40    7.9
  53894 114.22  36.42  128    8.6
  53895 114.50  36.78   61    6.7
  53896 114.95  36.35   51    8.0
  53897 114.38  36.38   71    9.4
  53899 114.97  36.48   49    7.4
  53906 105.72  35.52 1659    0.8
  53908 105.23  35.22 1769   0.01
  53914 106.12  35.62 2079    2.1
  53916 106.32  35.50 1949    2.5
  53917 106.07  35.22 1633    0.2
  53924 107.62  35.07  967    3.7
  53925 107.18  35.68 1174    2.3
  53926 107.35  35.35 1630    2.1
  53927 106.62  35.20 1478    1.5
  53928 107.02  35.30 1150    1.0
  53930 107.98  36.45 1270    8.9
  53931 109.37  36.00  983    9.5
  53934 108.02  35.82 1299    6.9
  53935 108.35  35.48 1443    7.5
  53937 107.92  35.52  980    4.5
  53938 108.30  35.17 1277   12.0
  53941 109.58  35.18  807   14.2
  53944 109.25  35.57  857   16.2
  53945 109.07  35.43 1394   17.3
  53946 109.82  35.60 1091   14.1
  53947 109.07  35.08  979   10.1
  53949 109.92  35.18  680   16.7
  53950 110.15  35.23  710   14.3
  53953 110.85  35.97  966   13.3
  53954 110.97  35.62  433   17.1
  53956 110.83  35.40  589   21.5
  53957 110.72  35.62  459   16.6
  53958 110.78  35.13  389   17.7
  53961 111.48  35.65  473   18.7
  53962 111.70  35.73  585   20.2
  53964 111.22  35.62  431   18.2
  53965 111.57  35.52  761   19.2
  53966 111.83  35.98  818   18.5
  53967 111.20  35.33  469   21.5
  53970 112.20  35.70  887   17.4
  53972 112.92  35.12  121   18.2
  53973 112.95  35.77  836   16.8
  53974 114.18  35.62   73   11.2
  53976 112.87  35.50  751   15.0
  53978 112.63  35.08  140   20.7
  53979 113.08  35.15  121   14.9
  53980 114.80  36.55   51    9.0
  53981 113.27  35.78 1311   13.8
  53982 113.27  35.23  113   17.8
  53983 114.42  35.03   70   12.3
  53984 113.47  35.23   83   16.8
  53985 113.82  35.45   97    9.3
  53987 113.42  35.10   91   13.1
  53988 113.67  35.27   78   13.8
  53989 113.95  35.05   77   13.6
  53991 114.35  35.93   75   10.7
  53992 114.52  35.65   59   12.2
  53993 114.92  35.93   52    8.7
  53994 114.07  35.38   71    8.7
  53995 114.50  35.55   64    9.9
  53996 114.65  36.45   58    9.3
  53997 114.18  35.15   72   14.5
  53998 114.65  35.20   62    7.8
  54122 120.05  43.88  375    0.3
  54301 115.67  41.67 1414   0.01
  54535 118.47  39.28    3   0.01
  54541 119.23  39.90   23    0.1
  54568 121.70  39.08   40   0.01
  54604 115.33  38.42   31   0.01
  54608 115.55  38.00   27   0.01
  54615 116.83  38.58    8    0.4
  54627 117.23  38.03    8   0.01
  54628 117.48  38.15    7    0.1
  54631 115.15  37.07   33    4.8
  54632 115.03  37.07   34    5.9
  54633 115.23  37.52   27    3.9
  54640 114.87  36.92   37    7.4
  54644 117.12  38.05   11    0.3
  54701 115.20  37.93   41   0.01
  54702 115.70  37.73   22    1.4
  54703 115.88  37.80   25   0.01
  54704 115.57  37.55   23    2.8
  54706 115.67  37.08   32    4.5
  54707 115.98  37.35   28    5.4
  54708 115.73  37.50   24    4.2
  54709 116.07  37.22   30    4.7
  54710 116.17  37.87   19    0.7
  54711 116.28  37.70   19    1.0
  54712 116.82  37.20   23    0.8
  54713 116.53  37.88   15    0.5
  54714 116.33  37.45   24    3.1
  54716 116.80  37.67   17    1.2
  54717 116.40  37.63   18    2.3
  54722 117.63  37.75    7    0.3
  54723 117.57  37.65   11    0.5
  54724 117.13  37.32   21    0.4
  54726 117.18  37.70   12    0.2
  54728 117.38  37.77   16   0.01
  54729 117.87  37.17   11    0.4
  54731 118.22  37.48   16   0.01
  54734 118.00  37.35   12    0.3
  54736 118.67  37.43    9   0.01
  54777 122.07  37.20  112   0.01
  54778 122.48  37.17   60   0.01
  54800 115.25  36.98   35    4.3
  54801 115.48  36.85   36    5.5
  54802 115.73  36.82   35    7.1
  54803 116.02  36.98   28    7.4
  54804 115.13  36.30   46    7.5
  54805 115.45  36.48   41    6.9
  54806 115.97  36.42   39    9.8
  54807 115.80  36.13   44    7.9
  54809 115.28  36.55   42    7.1
  54810 116.27  36.87   28    3.5
  54811 116.62  36.93   22    4.2
  54812 116.75  36.78   23    7.2
  54814 116.23  36.58   32   10.0
  54815 116.27  36.38   33   11.2
  54816 116.80  36.52   82    5.0
  54817 115.87  35.98   43    8.8
  54818 116.42  36.25   72   10.8
  54819 116.80  36.18  118    6.4
  54820 115.17  36.82   38    6.6
  54821 117.20  37.00   21    2.0
  54822 117.73  36.87   46    0.3
  54824 117.95  36.63   95    0.6
  54825 117.85  36.52  195    1.4
  54827 117.15  36.17  137    5.5
  54828 117.68  36.23  228    2.6
  54829 117.87  36.77   88    0.4
  54830 117.93  36.82   35    0.1
  54831 118.50  36.65  102    0.1
  54833 118.08  36.97   19   0.01
  54835 118.55  36.50  110    0.3
  54837 118.83  36.68   76   0.01
  54844 119.18  36.42   67   0.01
  54848 119.42  35.98   81    0.4
  54871 122.48  36.93    9   0.01
  54900 115.02  35.70   54   10.0
  54901 115.17  36.08   47    9.1
  54902 115.12  35.90   49    9.4
  54903 115.48  35.85   50    9.8
  54904 115.52  35.58   51    9.7
  54905 115.93  35.58   53   12.8
  54906 115.42  35.25   51    5.4
  54907 116.65  34.98   38    9.7
  54908 115.10  35.27   57    5.4
  54910 116.05  35.82   45   10.7
  54911 116.45  35.93   51   10.4
  54912 116.48  35.70   47   12.2
  54913 116.82  35.75   67   12.5
  54914 116.08  35.42   44    7.6
  54915 116.60  35.43   34   12.0
  54917 116.32  35.10   41   12.7
  54918 116.97  35.60   66   16.1
  54919 116.98  35.42  111   14.8
  54920 117.28  35.65  110   12.5
  54921 116.33  35.42   39   12.9
  54922 117.78  35.88  223    3.8
  54923 117.93  35.72  202    4.8
  54925 117.63  35.52  170   13.1
  54927 117.20  35.10   79   12.3
  54932 118.65  35.77  184    2.8
  54935 118.43  35.53  120    3.2
  54938 118.40  35.05   66    7.7
  54939 118.82  35.17  116    4.2
  54940 119.20  35.75  147    0.8
  56045  99.90  33.97 4051    1.5
  56071 102.50  34.58 3107    0.5
  56081 103.35  34.70 2811    1.0
  56082 103.50  34.58 2544    0.3
  56084 103.23  34.07 2376    2.7
  56091 104.47  34.85 1884   0.01
  56092 104.65  35.00 1729    0.2
  56094 104.37  33.78 1400    0.1
  56095 104.38  34.03 1754    0.6
  56097 104.23  33.27 1407    3.7
  56147  98.83  31.22 3261   0.01
  56164 100.98  32.27 3286    0.1
  56168 102.07  31.48 2170    0.1
  56171 101.70  32.90 3276    1.0
  56180 103.85  31.68 1591    2.7
  56183 103.58  31.47 1326    2.4
  56184 103.17  31.43 1884    0.8
  56185 102.98  32.08 2400    6.9
  56192 104.67  32.95 1016    7.2
  56193 104.52  32.42  894    5.4
  56273 102.82  30.38 1011    0.2
  56278 102.77  30.07  756    2.3
  56279 102.93  30.15  683    1.8
  56280 103.12  30.08  692   0.01
  56295 104.55  30.38  443   0.01
  56298 104.60  30.13  415   0.01
  56373 102.85  29.78  763    7.6
  56378 102.35  29.23  891   0.01
  56380 103.37  29.92  466   0.01
  56387 103.27  29.23  639    2.5
  56389 103.95  29.20  386    0.1
  56480 103.53  28.82  564    1.2
  56483 103.95  28.60  412    0.4
  56490 103.90  28.95  396   0.01
  56491 104.57  28.70  288    0.7
  56494 104.15  28.65  460    1.0
  56496 105.23  28.32  330    1.1
  56497 104.23  28.10  433    0.1
  56498 104.50  28.17  442    0.5
  56499 104.78  28.38  368    0.3
  56593 104.92  28.58  281    0.1
  56595 104.87  27.42 1644   0.01
  56596 105.05  27.85 1176    1.1
  56641  98.87  26.90 1191    1.5
  56948  99.60  22.63 1156   0.01
  56950  99.80  23.47 1044   0.01
  56958 100.42  21.92 1177   0.01
  57001 105.33  34.75 1273    0.1
  57002 105.65  34.85 1217    0.1
  57004 104.88  34.73 1496   0.01
  57006 105.75  34.58 1142    0.2
  57007 105.18  34.18 1406    0.2
  57008 105.30  34.03 1578    0.2
  57011 106.15  34.75 1379    0.6
  57012 106.20  34.98 1665    0.3
  57016 107.13  34.35  613   10.3
  57020 107.40  34.37  563   15.0
  57021 107.13  34.65  751    2.8
  57022 107.78  34.68 1026   10.1
  57023 108.10  35.03  841   10.5
  57024 107.65  34.45  671   16.6
  57026 107.88  34.37  586   24.9
  57027 107.73  34.27  518   19.0
  57029 108.48  34.50  544   14.3
  57031 108.55  34.82 1013    9.7
  57032 108.20  34.13  436   13.4
  57033 108.82  34.55  429    9.0
  57035 108.23  34.55  636   12.9
  57038 108.45  34.28  411   13.0
  57039 108.88  34.08  445    6.1
  57040 109.08  34.52  378    6.4
  57041 108.92  34.63  425    9.9
  57042 109.18  34.78  473    9.1
  57043 109.97  34.80  352   16.2
  57044 109.23  34.40  424    7.7
  57045 109.48  34.52  354   14.9
  57047 109.32  34.17  541    7.1
  57053 110.72  34.70  507   18.4
  57054 110.23  34.55  557   15.6
  57055 110.08  34.55  352   13.3
  57056 110.88  34.53  390   22.3
  57057 110.15  34.10  961   13.7
  57060 111.23  35.17  404   18.1
  57061 111.20  34.83  411   14.9
  57063 111.77  34.77  524   28.2
  57065 112.18  34.50  196   29.5
  57066 111.67  34.38  329   29.6
  57070 112.12  34.73  358   27.5
  57072 112.75  34.92  128   19.5
  57074 112.42  34.42  198   21.8
  57075 112.87  34.17  203   22.9
  57076 112.82  34.72  190   18.1
  57078 112.47  34.15  337   16.9
  57079 113.03  34.95  106   16.3
  57080 112.97  34.73  166   20.8
  57081 113.43  34.80  141    9.7
  57082 113.02  34.47  428   16.7
  57084 113.05  34.50 1180   17.2
  57085 113.37  34.55  289   14.3
  57086 113.72  34.38  116   13.9
  57087 113.80  34.20   88   10.4
  57088 113.50  34.15  117   11.1
  57090 113.97  34.72   79    7.3
  57093 114.82  34.85   74   15.8
  57094 114.22  34.40   71    7.2
  57095 114.15  34.12   61   12.1
  57096 114.78  34.53   60    5.6
  57098 114.40  34.08   59    7.0
  57099 114.85  34.07   53    6.1
  57102 105.72  33.75  971    2.5
  57105 105.60  33.33 1219    1.5
  57110 106.08  33.78  930    2.9
  57111 106.30  33.92  967    2.2
  57113 106.53  33.90  990    2.1
  57119 106.70  33.17  551    2.7
  57123 108.07  34.28  510   18.6
  57126 107.55  33.22  470    1.7
  57128 107.33  33.17  487    3.4
  57129 107.72  32.98  447    6.6
  57132 108.62  34.12  415   14.7
  57137 108.32  33.32  801    1.6
  57140 109.12  33.67  818    2.6
  57153 110.33  33.68  584   21.8
  57155 109.87  33.55  661   12.5
  57162 112.08  34.15  327   21.1
  57169 111.87  33.05  160   28.1
  57173 112.88  33.75  147   24.0
  57175 112.23  33.05  192   27.3
  57176 112.42  33.48  230   20.9
  57177 113.53  33.33   91   21.1
  57179 113.00  33.28  161   26.3
  57180 113.20  33.98  118   19.9
  57182 113.50  33.85   81    8.8
  57183 113.92  33.80   61   13.1
  57184 113.37  33.63   84   21.3
  57185 113.58  33.45   92   19.6
  57186 114.05  33.60   59   15.2
  57187 112.93  33.07  119   34.4
  57188 114.03  33.37   56   19.5
  57189 113.95  33.13   65   31.4
  57190 114.40  33.75   51   11.4
  57191 114.48  34.48   64    7.3
  57192 114.85  33.73   47   10.7
  57194 114.27  33.28   60   22.5
  57195 114.62  33.62   47    9.0
  57196 114.87  33.47   42   14.1
  57197 114.33  33.00   54   29.8
  57198 114.62  33.55   47   12.4
  57204 105.23  32.58  801    0.1
  57213 106.93  33.00  537    3.7
  57231 108.53  32.53  504   11.4
  57233 108.50  32.90  413    5.8
  57242 109.37  32.85  285    6.5
  57247 108.90  32.32  442   15.1
  57248 109.33  32.40  429   13.2
  57249 109.68  32.32  453   17.4
  57253 110.82  32.85  204   39.9
  57254 110.12  32.82  324   11.5
  57257 110.23  32.23  309   20.9
  57260 111.52  32.55  143   30.8
  57261 111.50  33.13  196   26.5
  57268 111.63  32.27   87   14.2
  57271 112.38  32.55   89   21.0
  57273 112.85  32.68  110   23.6
  57274 112.12  32.70  108   26.9
  57281 113.30  32.70  142   21.9
  57292 114.63  32.97   44   24.5
  57293 114.98  32.73   39   20.8
  57294 114.02  32.83   84   33.0
  57295 114.35  32.62   83   25.8
  57296 114.73  32.35   50   52.2
  57298 114.55  32.22   56   51.3
  57299 114.90  32.02   50   44.0
  57309 105.88  30.98  375    0.1
  57314 106.07  31.35  385   0.01
  57315 106.40  31.53  658    0.4
  57317 106.42  31.03  323    0.3
  57318 106.55  31.07  339    0.8
  57320 107.22  31.93  483   13.8
  57324 107.08  31.58  363   17.2
  57326 107.72  31.37  390    3.3
  57329 107.85  31.10  462    4.9
  57333 108.67  31.95  800   15.4
  57338 108.42  31.18  213    9.6
  57339 108.68  30.95  296   11.5
  57345 109.62  31.40  339   14.2
  57349 109.87  31.07  270   49.3
  57361 111.27  31.88  331    8.0
  57362 110.67  31.75  939    9.2
  57363 111.83  31.80  146   18.3
  57368 111.63  31.05  138    5.7
  57370 112.22  31.73   68   31.5
  57377 112.22  31.00  184    4.3
  57385 113.82  31.63   94   37.4
  57386 114.00  31.25   37   20.9
  57387 113.13  31.00   80   10.6
  57388 113.70  31.27   55   19.9
  57389 113.75  31.03   33   24.5
  57390 114.07  31.80  731   66.0
  57396 114.85  31.63  130   55.7
  57398 114.62  31.28   76   19.2
  57402 105.70  30.77  395    0.2
  57407 105.03  30.28  464    0.4
  57408 105.35  30.12  333    0.7
  57409 105.80  30.18  295    0.5
  57413 106.97  30.85  295    1.2
  57414 106.45  30.55  396    1.4
  57415 106.63  30.47  336    1.8
  57416 106.93  30.33 3915    3.3
  57417 106.28  30.35  315    0.2
  57420 107.20  30.75  397    2.7
  57425 107.33  30.33  430   13.2
  57431 108.35  30.83  256    7.3
  57437 108.03  30.30  326    9.6
  57438 108.12  29.98  630    1.3
  57453 111.32  30.77  116    4.0
  57460 111.78  30.82   91    1.4
  57462 111.08  30.87  104   10.6
  57464 111.18  30.47  144    1.2
  57465 111.45  30.38   76   14.5
  57466 111.77  30.43   50    7.5
  57469 111.77  30.18   68   19.5
  57475 112.90  30.40   33   23.8
  57477 112.22  30.07   39   13.6
  57481 113.58  30.95   31   29.2
  57485 113.45  30.37   33   24.9
  57486 113.85  30.65   25   28.2
  57489 114.00  30.58   39   28.5
  57491 114.40  30.87   31   34.3
  57492 114.80  30.83   33   27.5
  57495 114.88  30.67   19   22.2
  57496 114.87  30.37   30   21.7
  57498 114.90  30.43   22   25.1
  57499 114.97  30.10   40   16.2
  57505 105.58  29.42  324    0.3
  57506 105.90  29.37  376    0.2
  57507 105.30  29.33  374    0.6
  57509 106.93  28.95  325    5.3
  57510 106.05  29.85  275    0.1
  57511 106.45  29.85  242    1.1
  57513 106.62  29.73  457    1.8
  57514 106.22  29.58  325    0.1
  57519 107.08  29.15  559    0.9
  57522 107.42  29.75  273    4.0
  57525 107.75  29.32  273    7.6
  57537 108.17  29.30  321    2.6
  57540 109.15  29.68  776    8.3
  57541 109.48  30.00  533   24.8
  57543 110.03  29.88  540   17.6
  57544 109.45  29.47  486   24.3
  57558 110.47  29.13  184   12.6
  57564 111.13  29.43  103   28.3
  57565 111.75  29.65   39   21.0
  57566 111.65  29.45   50   16.8
  57571 112.40  29.70   37    8.2
  57577 112.17  29.40   37   15.8
  57582 113.88  29.73   51   11.7
  57585 113.45  29.48   60    3.4
  57586 114.03  29.53   79    9.8
  57589 113.80  29.25  103   13.4
  57590 114.37  29.85   64   16.6
  57596 114.20  29.63    0   17.7
  57600 105.07  28.72  256    0.6
  57609 105.70  28.58  316    0.5
  57623 107.60  28.88  684    4.5
  57634 107.88  28.52  658   16.4
  57635 108.98  28.45  363    0.1
  57636 108.50  28.57  335    4.3
  57637 108.12  28.25  524    5.9
  57640 109.45  28.58  344    1.9
  57643 109.83  29.00  268   21.2
  57646 109.95  28.62  301    5.7
  57657 110.20  28.22  182    0.2
  57658 110.20  28.02  144    0.8
  57661 111.48  28.92   51    4.3
  57663 111.95  28.92   31    0.7
  57666 112.13  28.52   49    1.4
  57674 112.47  28.57   44    1.2
  57678 112.55  28.25   71    0.1
  57680 113.07  28.80   47    0.5
  57688 113.63  28.15  100    0.9
  57694 114.38  28.53  256    1.6
  57698 114.45  28.12   99    0.1
  57699 114.92  28.23   68    1.7
  57723 107.72  27.98  710    1.0
  57728 107.47  27.07 1095    0.8
  57732 108.40  28.02  458   0.01
  57736 108.85  27.70  376   0.01
  57737 108.12  27.03  546   0.01
  57738 108.42  27.05  517   0.01
  57740 109.60  27.95  349   0.01
  57760 111.43  27.70  247    0.3
  57773 112.82  27.87   63    0.2
  57777 112.87  27.23   65    0.2
  57778 112.95  27.10   68   0.01
  57781 113.50  27.65   71    0.1
  57786 113.85  27.65  110    0.6
  57796 114.93  27.80   79   0.01
  57798 114.60  27.40   89   0.01
  57821 107.50  26.70  924    1.1
  57822 107.90  26.90  833    1.3
  57824 107.23  26.58 1005   0.01
  57844 109.18  26.68  344    0.3
  57859 110.63  26.03  409    2.8
  57875 112.50  26.88   71    0.2
  57876 112.83  26.43  118    0.1
  57881 113.25  26.72  105   0.01
  57883 114.28  26.75  257    0.2
  57913 106.98  26.45 1095    0.3
  57914 106.67  26.42 1143    0.3
  57915 106.77  26.63 1102    0.6
  57936 108.92  25.75  255   0.01
  57941 109.60  25.78  198    1.8
  57942 110.00  25.80  267    0.2
  57948 109.25  25.08  123    1.3
  57949 110.00  24.98  157    0.8
  57954 110.18  25.23  158    0.9
  57955 110.67  25.62  224    0.1
  57956 110.32  25.42  169    6.1
  57958 110.32  25.08  152    0.5
  57960 111.07  25.93  192    0.7
  57962 111.65  25.97  166   0.01
  57964 111.15  25.50  258    0.1
  57966 111.95  25.60  205    0.1
  57969 111.33  25.27  230   0.01
  57971 112.20  25.92  225    0.3
  57976 112.95  25.42  226   0.01
  58001 115.10  34.43   57    4.6
  58002 115.58  34.85   53   13.4
  58003 115.88  34.95   48   11.2
  58004 115.15  34.65   61   10.9
  58006 115.88  34.38   47    9.6
  58007 115.30  34.07   53    6.5
  58008 115.33  34.47   55    5.1
  58011 116.07  34.80   44   13.3
  58012 116.58  34.68   40   11.5
  58013 116.90  34.75   40   10.4
  58016 116.97  34.18   39    8.2
  58017 116.13  34.25   42   10.7
  58020 117.13  34.80   38   10.9
  58021 117.28  34.78   80    8.2
  58022 117.57  34.75   48    6.0
  58024 117.58  34.87   78    6.9
  58025 117.73  34.57   32    8.8
  58030 118.07  34.85   47    5.9
  58032 118.65  34.93   75    6.1
  58035 118.35  34.33   30    6.5
  58036 118.73  34.52   39    5.5
  58041 119.43  34.78   22    5.7
  58044 119.23  34.53    5    5.0
  58045 119.60  34.20    8    4.5
  58048 119.35  34.12    9    5.3
  58049 119.82  34.03    7    5.6
  58100 115.17  33.65   42    8.6
  58101 115.48  33.87   42    8.3
  58104 115.07  33.40   42   15.3
  58107 115.25  33.07   40   13.2
  58108 115.33  33.23   46   11.6
  58109 115.62  33.18   37    7.6
  58112 116.45  30.73  933   46.5
  58113 116.75  33.93   35    6.3
  58114 116.18  33.48   29    7.9
  58116 116.83  33.98   32    5.9
  58117 116.20  33.13   33   11.2
  58125 117.55  33.55   28   18.1
  58126 117.87  33.47   24   15.8
  58127 117.20  32.98   23   26.3
  58128 117.30  33.32   23   13.6
  58129 117.87  33.13   20   18.3
  58131 118.27  33.98   28   12.7
  58132 118.68  33.72   19   18.3
  58139 118.88  33.30   13   22.4
  58140 119.30  33.77   13   12.8
  58145 119.17  33.53    8   14.5
  58146 119.77  33.47    7   10.0
  58147 118.97  32.98   28   23.0
  58148 119.30  33.23   11   19.0
  58154 120.20  33.43    7    8.8
  58202 115.58  32.63   37   27.1
  58205 115.43  32.47   36   34.9
  58207 115.05  32.17   42   53.1
  58210 116.23  32.65   25   36.0
  58212 116.73  32.72   27   30.7
  58214 116.28  32.33   37   51.0
  58220 117.15  32.47   32   36.8
  58222 117.55  32.85   31   35.6
  58223 117.98  32.78   38   42.9
  58224 117.02  32.65   36   38.6
  58230 118.27  32.08   34   22.8
  58234 118.42  32.47   43   40.1
  58235 118.85  32.37   16   21.3
  58237 118.62  32.05   22   20.7
  58240 119.02  32.68   25   30.4
  58242 119.18  32.28   14   17.0
  58243 119.83  32.93    7   15.7
  58244 119.58  32.45   10   33.0
  58245 119.42  32.42   14   32.0
  58246 119.90  32.52   11   28.1
  58247 119.82  32.25    5   21.0
  58249 120.00  32.17    8   20.9
  58250 120.15  32.52   10   25.5
  58254 120.45  32.52    5   15.8
  58257 120.25  31.98   12   23.5
  58264 121.18  32.33   11   14.7
  58268 121.08  32.10    8   18.9
  58269 121.65  31.78   12   29.4
  58301 115.38  31.82   90   74.4
  58306 115.88  31.68   94   59.2
  58316 116.95  31.47   26   42.6
  58317 116.37  30.87  434   35.7
  58320 117.13  31.73   26   92.2
  58323 117.47  31.88   29   58.1
  58327 117.28  31.25   24   24.5
  58329 117.87  31.33   24   31.1
  58330 118.08  31.75   20   82.5
  58331 118.37  31.73   26   77.0
  58334 118.37  31.38   23   35.7
  58335 118.52  31.57   16   63.4
  58337 118.18  31.08   30   27.2
  58339 118.90  31.33   24   33.8
  58340 119.03  31.65   23   75.7
  58341 119.58  31.98   10   21.7
  58342 119.55  31.72    7   61.7
  58344 119.20  31.97   35   24.3
  58346 119.82  31.33   15   58.3
  58349 120.63  31.27    9   49.1
  58351 120.30  31.90   12   33.6
  58352 120.77  31.65    8   39.4
  58353 120.57  31.87    6   32.2
  58359 120.62  31.13    9   30.6
  58360 121.20  31.92    6   22.5
  58361 121.37  31.10   10   38.7
  58365 121.25  31.37    9   43.9
  58366 121.40  31.63    9   32.2
  58367 121.43  31.20   18   43.4
  58369 121.78  31.05    9   38.6
  58370 121.55  31.22   11   44.9
  58377 121.10  31.47    6   36.9
  58401 115.40  30.78  106   44.6
  58404 115.22  30.47   57   29.5
  58408 115.43  30.23   35   14.8
  58409 115.93  30.07   20   17.1
  58415 116.58  30.63   38   44.9
  58416 116.82  30.75   38   50.4
  58417 116.13  30.17   50   22.6
  58418 116.70  30.13   26   10.9
  58420 117.22  30.72   38   56.2
  58421 117.87  30.63   32   31.6
  58423 117.78  30.48  643   19.1
  58426 118.13  30.30  192   12.7
  58427 117.48  30.67   36   41.8
  58428 117.48  30.22  115   10.4
  58431 118.32  30.92   17   36.1
  58432 118.40  30.68   39   17.0
  58433 118.75  30.93   30   19.5
  58435 118.53  30.30  221    5.4
  58438 118.58  30.08  197   11.1
  58441 119.42  30.87   53   12.7
  58442 119.18  31.13   16   45.7
  58443 119.90  31.02   19   24.4
  58446 119.68  30.63   25    4.6
  58449 119.95  30.05   47   0.01
  58451 120.93  30.83    3   10.1
  58452 120.77  30.73    4    6.2
  58453 120.50  30.07   10    0.6
  58454 119.97  30.53    5    2.8
  58455 120.65  30.52    8    3.0
  58456 120.52  30.63    6    2.4
  58458 120.90  30.53    3    4.6
  58459 120.28  30.18   42    0.3
  58460 121.35  30.73    6   10.2
  58461 121.12  31.13    8   41.5
  58462 121.23  31.03    9   26.8
  58463 121.50  30.88    9   15.4
  58468 121.17  30.05   10    0.5
  58484 122.20  30.25    9    0.8
  58501 115.63  29.93   25    4.8
  58502 116.00  29.73   37   10.4
  58503 115.68  29.70   41    7.6
  58508 115.77  29.33   42    0.8
  58509 115.82  29.05   38    0.3
  58510 116.23  29.73   40    4.9
  58512 116.55  29.90   66    9.4
  58514 116.05  29.45   35    0.7
  58517 116.20  29.27   43    0.2
  58523 117.93  29.93  231   15.0
  58529 117.85  29.27   82    6.2
  58530 118.43  29.87  170    4.9
  58534 118.18  29.78  173    8.6
  58537 118.40  29.13  153    3.1
  58542 119.68  29.82   45    0.7
  58544 119.27  29.48   87    0.3
  58546 119.88  29.47  114    0.2
  58547 119.18  29.03   65    0.7
  58548 119.47  29.22   46    0.1
  58550 120.25  29.70   39    0.2
  58558 120.22  29.27   89   0.01
  58559 120.98  29.17   59   0.01
  58561 121.60  29.98    3    0.5
  58563 121.83  29.88    4    0.3
  58565 121.43  29.68    6    0.5
  58567 121.43  29.32   39   0.01
  58570 122.30  29.95   83    3.2
  58601 115.38  28.70   54    1.8
  58602 115.55  28.85   46    1.2
  58605 115.38  28.42   49    8.4
  58607 115.95  28.55   35    1.6
  58609 115.82  28.22   30    4.1
  58612 116.68  28.70   22    1.3
  58614 116.27  28.38   40    3.7
  58615 117.08  28.68   56    0.6
  58616 116.82  28.20   44    1.2
  58618 116.60  28.23   51    1.7
  58619 116.37  28.00   47    1.7
  58620 117.13  28.97   37    9.7
  58623 117.92  28.47   92    0.9
  58624 117.43  28.40   64    1.5
  58625 117.60  28.42   80    2.4
  58627 117.03  28.25   64    1.2
  58629 117.70  28.32   59    0.2
  58631 118.50  28.90  134    0.7
  58632 118.60  28.72  124    0.1
  58635 118.20  28.43   96    0.1
  58642 119.80  28.88  102   0.01
  58643 120.03  28.90   99   0.01
  58644 119.28  28.60  237   0.01
  58647 119.13  28.07  196   0.01
  58693 115.83  28.70   37    3.2
  58701 115.40  27.77   47    0.7
  58704 115.35  27.62   61    1.4
  58710 116.05  27.77   76    1.6
  58712 116.78  27.92  123    0.9
  58724 117.30  27.52  264    1.0
  58826 117.80  26.40  120   0.01
  59025 107.38  24.53  249   0.01
  59031 108.25  24.83  205   0.01
  59033 108.90  24.78  330    0.2
  59034 108.67  24.48  149   0.01
  59038 108.65  24.07  142   0.01
  59041 109.25  24.65  109   0.01
  59044 109.38  24.47   99    0.5
  59045 109.75  24.48   95    0.1
  59047 109.33  24.25  101    2.3
  59051 110.50  24.77  133    0.4
  59052 110.82  24.83  167    0.2
  59053 110.67  24.62  108   0.01
  59057 110.18  24.13  827    0.1
  59059 110.80  24.18  107    1.2
  59061 111.27  24.82  198   0.01
  59063 111.45  25.18  262    0.1
  59064 111.32  24.55  141    0.1
  59071 112.28  24.73  175    0.9
  59074 112.15  24.57  300    0.2
  59075 112.63  24.48   70    0.1
  59081 113.27  24.78   98   0.01
  59215 106.62  23.33  640   0.01
  59227 107.15  23.08  438    0.9
  59229 107.70  23.18  101   0.01
  59230 108.17  23.72  173    0.5
  59235 108.62  23.43  116    0.2
  59237 108.28  23.17  115   0.01
  59238 108.80  23.22  123    0.8
  59241 109.68  23.97   91   0.01
  59246 109.67  23.60   70   0.01
  59249 109.62  23.12   56    0.3
  59255 110.38  23.55   37    0.4
  59264 111.50  23.40   79   0.01
  59266 111.23  23.42   46   0.01
  59270 112.18  23.92   78   0.01
  59285 113.60  23.57   39   0.01
  59290 114.23  23.73   71   0.01
  59419 106.75  22.10  243    0.2
  59421 107.20  22.83  257    0.2
  59432 108.40  22.80  203    0.1
  59435 108.48  22.77   75    0.7
  59448 109.55  22.27   70    0.3
  59469 111.78  22.17   33   0.01
  59635 108.35  21.62   26    1.1
  59640 109.18  21.67    6    1.8
  59650 110.25  21.38   25   0.01
  59848 109.43  19.23  219    6.1
  59941 109.52  18.77  328   0.01
  59945 109.70  18.65   65    2.2
