diamond  3 2014年05月28日08点24小时降雨量                    
  14  05  28  08    -2 3 10 25 50 1 0
 39 122.7  37.3 122.5  36.7 120.8  36.2 119.3  35.0 120.4  34.3
 121.1  32.7 122.3  30.9 122.5  30.1 121.5  28.0 119.8  25.0
 116.1  22.6 111.0  21.0 111.0  18.6 109.6  18.1 108.3  18.5
 108.9  19.9 109.3  21.0 106.4  21.6 104.1  22.2 101.6  20.8
  98.7  22.0  97.1  24.1  97.7  27.0  91.7  26.6  85.7  27.7
  78.9  30.6  73.3  37.1  74.1  40.7  87.6  49.8  98.5  43.9
 110.4  44.3 122.0  54.7 135.7  48.3 131.5  42.2 125.2  39.4
 121.3  38.5 121.2  40.3 118.5  38.6 120.8  38.1
1                    343
  50431 121.52  50.78  718    4.4
  50445 123.73  50.58  424    4.1
  50524 119.43  49.32  578    0.4
  50525 119.75  49.15  621    0.5
  50526 120.70  49.28  670    0.9
  50566 128.47  49.55  117    2.1
  50645 124.48  48.48  196    5.0
  50646 124.85  48.48  204    5.2
  50647 123.48  48.13  237    2.7
  50655 126.18  48.50  267   10.6
  50659 126.25  48.03  293   11.8
  50673 130.40  48.88   92    4.6
  50674 129.43  48.57  404    2.3
  50741 123.50  47.93  186    4.9
  50749 124.83  47.18  159    4.5
  50750 125.30  47.90  228    9.0
  50755 126.10  47.60  232    7.4
  50767 127.10  47.23  204    6.5
  50772 129.23  48.10  299    7.1
  50775 130.27  47.33  229   12.1
  50776 130.83  47.57   84    7.5
  50778 132.53  47.67   59    0.2
  50779 134.28  48.37   41    3.8
  50787 131.85  47.28   63    5.7
  50832 122.08  46.72  334    1.7
  50833 122.90  46.72  189    5.0
  50842 124.42  46.83  145    3.9
  50850 125.13  46.57  148    6.5
  50851 126.08  46.68  209    5.4
  50852 126.45  46.83  170    4.7
  50858 125.93  46.07  136    0.2
  50859 126.27  46.25  160    4.6
  50861 127.48  46.88  186    2.7
  50867 127.35  46.08  134    2.8
  50871 129.88  46.73   96    6.3
  50878 130.72  47.00   80    1.4
  50879 130.55  46.22  187    0.5
  50880 131.12  46.73  104   0.01
  50884 131.15  46.63  176    0.2
  50913 118.83  45.72  866   0.01
  50924 119.67  45.53  824    1.2
  50928 120.33  45.07  629    5.0
  50954 125.08  45.50  129    0.1
  50956 126.57  45.93  117    0.6
  50958 126.95  45.52  175    0.1
  50960 127.45  45.78  192    0.1
  50962 128.03  45.95  113   10.8
  50964 128.80  45.83  123   10.5
  50965 128.30  45.45  157    1.2
  50971 131.02  45.77  226    1.6
  50979 130.23  45.27  279    2.7
  50985 131.87  45.55  155   11.9
  50987 131.13  45.25  181    0.3
  51430  81.15  43.83  605   0.01
  51434  81.53  43.97  771   0.01
  51436  83.25  43.45  929   0.01
  51438  81.77  43.18 1210    0.4
  52842  99.08  36.78 3088   0.01
  52957 100.60  35.25 3149    0.8
  52968 101.47  35.03 3663   0.01
  54024 119.30  44.45  710    1.5
  54065 125.65  44.53  173    0.5
  54072 126.52  44.85  203    0.8
  54076 126.93  44.42  254    0.6
  54080 127.15  44.90  196    1.0
  54092 129.40  44.60  294    0.4
  54093 130.55  44.93  266    1.8
  54098 129.47  44.33  272    0.5
  54099 131.13  44.08  151    7.5
  54122 120.05  43.88  375    1.6
  54192 130.27  43.70  386    0.6
  54205 116.00  42.23 1316    0.3
  54225 119.92  42.28  589    0.6
  54301 115.67  41.67 1414    0.3
  54313 118.70  41.93  734    0.3
  54316 118.75  41.52  680    2.9
  54319 118.67  41.00  509    0.3
  54321 119.63  41.87  661    0.8
  54327 119.35  41.23  421    0.2
  54328 119.72  41.08  300   0.01
  54398 116.62  40.13   29   0.01
  54404 115.83  40.88  868    0.8
  54410 116.13  40.60 1216   0.01
  54412 116.63  40.73  334    0.3
  54419 116.63  40.37   75    0.6
  54420 117.33  40.93  530    2.7
  54424 117.12  40.17   33   0.01
  54430 118.15  40.77  268   0.01
  54431 116.63  39.92   40   0.01
  54434 118.30  40.17  103    0.1
  54499 116.22  40.22   75   0.01
  54510 116.98  39.90   18   0.01
  54520 117.08  39.97   19   0.01
  54541 119.23  39.90   23    0.7
  54759 120.83  37.30  172   0.01
  54765 121.43  37.48   57   0.01
  54777 122.07  37.20  112    0.1
  56016  95.62  33.85 4181    1.1
  56045  99.90  33.97 4051    5.4
  56071 102.50  34.58 3107    0.1
  56158 100.67  31.40 3250    2.8
  56164 100.98  32.27 3286   17.4
  56168 102.07  31.48 2170    9.6
  56171 101.70  32.90 3276   12.5
  56180 103.85  31.68 1591    1.1
  56183 103.58  31.47 1326    1.8
  56184 103.17  31.43 1884    5.4
  56185 102.98  32.08 2400   21.9
  56186 104.20  31.33  589    0.2
  56190 104.55  31.55  518    0.7
  56193 104.52  32.42  894    0.1
  56194 104.45  31.82  679    0.3
  56195 104.73  31.78  531    1.2
  56198 104.50  31.32  523    0.3
  56641  98.87  26.90 1191   0.01
  56688 103.17  26.10 1253    0.4
  56697 104.08  26.22 1987   0.01
  56756 100.58  25.48 1993   0.01
  56766 101.52  25.33 1769    2.1
  56767 101.28  25.18 1858    0.4
  56772 102.50  25.23 1694   19.3
  56774 102.42  25.53 1712   10.8
  56775 102.45  25.55 1752    3.1
  56777 102.07  25.15 1566    8.4
  56781 103.27  25.55 1874   22.1
  56782 103.55  25.42 2064    8.1
  56783 103.80  25.50 1906    3.9
  56785 103.03  25.33 1925    0.8
  56788 103.67  25.03 1842    8.4
  56790 104.25  25.68 1920    0.1
  56835  97.82  24.07  958   10.6
  56836  97.95  24.70  828    5.4
  56839  98.82  23.77  994   0.01
  56844  98.58  24.43  915   0.01
  56849  99.23  24.03 1607   0.01
  56863 102.48  24.93 1850   27.7
  56867 101.12  23.98 1107   0.01
  56870 102.17  24.67 1576   0.01
  56871 102.60  24.65 1894    9.8
  56872 102.62  24.95 2360    8.5
  56873 102.90  24.67 1752    0.8
  56876 102.77  24.28 1732    1.6
  56878 102.75  24.13 1802   21.4
  56879 102.92  24.20 1610   0.01
  56880 103.17  24.92 1532   15.7
  56881 103.27  24.75 1694    8.7
  56882 102.80  24.88 1909   10.2
  56883 103.98  24.83 1846   0.01
  56885 103.45  24.40 1416    3.4
  56889 104.17  24.05 1518   0.01
  56891 104.32  24.98 1482    1.1
  56952 100.70  23.50  914    3.8
  56961 101.05  23.03 1321    0.7
  56962 101.67  23.42 1315   17.6
  56970 102.48  23.70 1419   11.2
  56973 102.83  23.62 1310   12.9
  56978 102.42  23.00 1640    1.0
  56982 103.25  23.70 1055    1.5
  56987 103.23  22.78 1261    3.1
  56989 103.95  22.50  138   0.01
  56992 104.70  23.45 1508    8.3
  56994 104.25  23.38 1277   28.8
  56995 104.42  23.03 1335    9.9
  56996 104.70  23.13 1094    9.7
  57204 105.23  32.58  801   0.01
  57208 105.47  32.02  538    0.7
  57217 106.28  32.23  493   0.01
  57303 105.92  31.73  460    1.6
  57304 105.17  31.67  517    0.7
  57307 105.08  31.10  408   0.01
  57314 106.07  31.35  385    1.0
  57315 106.40  31.53  658    1.2
  57320 107.22  31.93  483   0.01
  57324 107.08  31.58  363    1.6
  57326 107.72  31.37  390    0.7
  57505 105.58  29.42  324   0.01
  57509 106.93  28.95  325    0.1
  57519 107.08  29.15  559    0.1
  57525 107.75  29.32  273   0.01
  57537 108.17  29.30  321   0.01
  57603 105.83  28.82  283    0.2
  57623 107.60  28.88  684   0.01
  57634 107.88  28.52  658    0.1
  57713 106.88  27.70  844    0.3
  57717 106.83  27.53  974   0.01
  57720 107.17  27.88  888    1.3
  57723 107.72  27.98  710    0.2
  57728 107.47  27.07 1095   0.01
  57732 108.40  28.02  458    0.5
  57734 108.23  27.57  468    0.5
  57736 108.85  27.70  376   0.01
  57737 108.12  27.03  546   0.01
  57738 108.42  27.05  517   0.01
  57740 109.60  27.95  349    0.1
  57743 109.80  27.88  176   0.01
  57744 109.17  27.37  356    0.2
  57768 111.45  27.32  242   0.01
  57800 105.37  26.77 1458   0.01
  57807 105.47  26.20 1359   0.01
  57821 107.50  26.70  924   0.01
  57828 107.58  26.50  983   0.01
  57834 108.30  26.68  642   0.01
  57835 108.43  26.72  521   0.01
  57844 109.18  26.68  344   0.01
  57882 113.55  26.78  135    0.1
  57883 114.28  26.75  257   0.01
  57908 105.48  25.12 1393    0.3
  57909 105.82  24.98  584    0.1
  57927 107.18  24.97  283    0.1
  57936 108.92  25.75  255    0.1
  57948 109.25  25.08  123    0.8
  57949 110.00  24.98  157   14.8
  57954 110.18  25.23  158   0.01
  57958 110.32  25.08  152    4.2
  57962 111.65  25.97  166    0.1
  57976 112.95  25.42  226    1.4
  57978 112.55  25.28  291    3.9
  57992 114.75  25.67  129   0.01
  57995 114.93  25.40  166   0.01
  58612 116.68  28.70   22   0.01
  58618 116.60  28.23   51    0.1
  58619 116.37  28.00   47   0.01
  58627 117.03  28.25   64   0.01
  58706 115.83  27.43  180    0.4
  58712 116.78  27.92  123   0.01
  58713 117.07  27.72  220   0.01
  58724 117.30  27.52  264    0.2
  58735 118.80  27.52  201    0.4
  58736 118.82  27.37  220   0.01
  58745 119.07  27.62  368   0.01
  58750 120.08  27.78  106   0.01
  58814 116.35  26.35  237   0.01
  58824 117.15  26.40  355    0.4
  58826 117.80  26.40  120    0.1
  58828 117.62  26.27  206    0.2
  58845 119.53  26.50   57    1.4
  58903 116.03  25.90  208    0.5
  58907 115.40  25.15  300    7.4
  58917 116.10  25.08  307    1.4
  58928 117.53  25.02  160    0.6
  58929 118.15  25.07   66   36.0
  58932 118.93  25.87   85    6.2
  58934 118.27  25.33  170    0.2
  58938 118.98  25.23   22    0.3
  58942 119.38  25.72   39   11.3
  58946 119.00  25.45   84    9.4
  59004 105.10  24.50  729   0.01
  59012 106.55  24.78  973   0.01
  59015 106.57  24.35  442    0.2
  59017 106.27  24.27  279   0.01
  59027 107.25  24.13  244   27.7
  59033 108.90  24.78  330    3.4
  59034 108.67  24.48  149   32.9
  59038 108.65  24.07  142   25.2
  59041 109.25  24.65  109   39.9
  59044 109.38  24.47   99   14.3
  59045 109.75  24.48   95    9.3
  59047 109.33  24.25  101   35.6
  59051 110.50  24.77  133    0.5
  59052 110.82  24.83  167    0.4
  59055 110.40  24.50  166    0.4
  59057 110.18  24.13  827   0.01
  59059 110.80  24.18  107    0.8
  59061 111.27  24.82  198   0.01
  59064 111.32  24.55  141   0.01
  59071 112.28  24.73  175    0.6
  59074 112.15  24.57  300    0.1
  59075 112.63  24.48   70    8.2
  59081 113.27  24.78   98    0.1
  59090 114.07  24.95  103    1.3
  59091 114.53  24.75  257    0.8
  59093 115.03  24.78  254    0.8
  59094 114.12  24.37  135    1.5
  59099 114.93  24.45  175    0.9
  59106 115.90  24.58  152    2.2
  59109 115.73  24.15  126    4.0
  59114 116.17  24.65  131    8.9
  59122 117.75  24.62   42    4.9
  59125 117.30  24.38  105   0.01
  59131 118.37  24.97   44    9.0
  59137 118.57  24.82   55    3.9
  59205 105.63  23.65  688    3.8
  59213 106.92  23.73  113   10.6
  59215 106.62  23.33  640   17.7
  59224 107.12  23.60  116   10.0
  59227 107.15  23.08  438   39.7
  59229 107.70  23.18  101   19.4
  59230 108.17  23.72  173    8.6
  59235 108.62  23.43  116    4.5
  59237 108.28  23.17  115   28.3
  59238 108.80  23.22  123   0.01
  59241 109.68  23.97   91    0.5
  59255 110.38  23.55   37    0.1
  59256 110.92  23.37   56    9.2
  59264 111.50  23.40   79   0.01
  59266 111.23  23.42   46    0.5
  59276 112.65  23.35   40    0.3
  59279 112.87  23.18   18   18.5
  59285 113.60  23.57   39    0.3
  59288 113.13  23.05    3    0.2
  59297 114.28  23.18   16   25.6
  59310 116.18  23.77   39   0.01
  59312 116.63  23.67   11    0.1
  59313 116.98  23.68   42    7.5
  59314 116.13  23.30   27    1.3
  59315 116.38  23.58   25    1.4
  59318 116.58  23.27   10   0.01
  59320 117.13  23.77   27    0.8
  59322 117.37  23.98   20    4.4
  59419 106.75  22.10  243   23.2
  59421 107.20  22.83  257   20.3
  59425 107.35  22.40  107    1.5
  59426 107.90  22.63   92   32.8
  59427 107.07  22.12  162    7.4
  59429 107.97  22.15  183    2.0
  59432 108.40  22.80  203   47.5
  59435 108.48  22.77   75    9.9
  59441 109.25  22.70   78   22.5
  59448 109.55  22.27   70    4.2
  59449 109.98  22.30   80    0.6
  59454 111.00  22.92  104    7.6
  59457 110.27  22.32  120    1.7
  59469 111.78  22.17   33    2.4
  59470 112.22  22.72   33   0.01
  59473 112.97  22.77   20    0.6
  59477 112.30  22.18   25   28.7
  59480 113.25  22.85   21   0.01
  59481 113.32  22.93   16   0.01
  59487 113.30  22.23   12   12.5
  59492 114.70  22.92   43    0.4
  59500 115.32  22.97   10   29.1
  59502 115.65  22.95   11   0.01
  59635 108.35  21.62   26   16.1
  59640 109.18  21.67    6    7.1
  59650 110.25  21.38   25   11.1
  59654 110.30  21.63   28    7.1
  59655 110.62  21.65   35   25.3
  59659 110.92  21.75   32    7.4
  59750 110.10  20.92   25   0.01
  59847 109.05  19.27  101    9.9
  59848 109.43  19.23  219   0.01
  59851 110.33  19.70   25    0.3
  59854 110.10  19.37  119    6.1
