diamond  3 2014年05月31日08点24小时降雨量                    
  14  05  31  08    -1 3 10 25 50 1 0
 39 122.7  37.3 122.5  36.7 120.8  36.2 119.3  35.0 120.4  34.3
 121.1  32.7 122.3  30.9 122.5  30.1 121.5  28.0 119.8  25.0
 116.1  22.6 111.0  21.0 111.0  18.6 109.6  18.1 108.3  18.5
 108.9  19.9 109.3  21.0 106.4  21.6 104.1  22.2 101.6  20.8
  98.7  22.0  97.1  24.1  97.7  27.0  91.7  26.6  85.7  27.7
  78.9  30.6  73.3  37.1  74.1  40.7  87.6  49.8  98.5  43.9
 110.4  44.3 122.0  54.7 135.7  48.3 131.5  42.2 125.2  39.4
 121.3  38.5 121.2  40.3 118.5  38.6 120.8  38.1
 1     536
 50445 123.73  50.58   423    0.4
 50566 128.47  49.55   116    1.2
 50673 130.40  48.88    90    0.5
 50779 134.28  48.37    40   0.01
 50787 131.84  47.31    62    0.3
 50859 126.28  46.29   169    3.0
 51058  87.97  47.10   563    4.0
 51137  82.93  46.20   715   23.1
 51145  83.65  46.55   521   24.2
 51328  80.42  44.20   770   11.6
 51329  80.85  44.05   640   12.5
 51352  85.25  44.85   337   14.6
 51353  86.10  45.02   346   11.5
 51356  86.05  44.32   442   12.0
 51357  85.62  44.33   522    6.5
 51359  86.20  44.32   471    8.7
 51368  87.32  44.12   515   0.01
 51369  87.65  43.97   600    0.1
 51430  81.15  43.83   602    7.5
 51434  81.53  43.97   770   10.1
 51435  82.23  43.47   774    1.6
 51436  83.30  43.45   928   21.9
 51438  81.77  43.18  1210   15.4
 51465  87.10  43.48  1871    0.7
 51814  77.40  37.92  1360   0.01
 52957 100.60  35.25  3148    1.2
 52968 101.47  35.03  3662   0.01
 53466 111.70  40.75  1045   0.01
 53579 112.90  39.02   859   0.01
 53580 113.10  39.82  1044   0.01
 53972 112.90  35.05   117   0.01
 53976 112.87  35.50   752    0.1
 53978 112.63  35.08   140   0.01
 54113 118.65  43.53   621    1.5
 54205 116.00  42.23  1315   0.01
 56016  95.62  33.85  4179    0.2
 56034  97.13  33.80  4415    2.4
 56045  99.90  33.97  4050    4.9
 56071 102.50  34.58  3105    0.2
 56082 103.50  34.58  2540   0.01
 56084 103.23  34.07  2374    0.6
 56094 104.37  33.78  1400    0.8
 56097 104.25  33.27  1440    0.1
 56109  93.78  31.48  3940    2.7
 56128  96.60  31.22  3810    1.1
 56158 100.67  31.40  3250   0.01
 56164 100.98  32.27  3284    4.6
 56168 102.07  31.48  2168    3.9
 56171 101.70  32.90  3275    3.3
 56180 103.85  31.68  1590    1.0
 56183 103.62  31.50  1370    0.1
 56184 103.17  31.43  1896    1.5
 56185 102.98  32.08  2400   28.6
 56192 104.67  32.95  1014    7.8
 56193 104.52  32.42   893    0.6
 56276 103.82  30.45   467    0.8
 56279 102.93  30.15   682   0.01
 56288 103.92  30.58   494    1.7
 56317  94.22  29.22  2950    0.5
 56378 102.35  29.23   890   0.01
 56641  98.87  26.90  1189    2.7
 56697 104.08  26.22  1984   0.01
 56781 103.27  25.55  1873   0.01
 56785 103.08  25.36  1915    0.1
 56788 103.62  24.98  1857    6.0
 56839  98.82  23.77   995   0.01
 56873 102.92  24.68  1796    1.4
 56878 102.75  24.13  1801    0.1
 56879 102.91  24.19  1702   0.01
 56880 103.17  24.92  1532   10.0
 56881 103.27  24.75  1695    0.1
 56883 103.98  24.82  1900    1.0
 56885 103.45  24.40  1415    0.3
 56889 104.17  24.05  1518    3.5
 56891 104.32  24.98  1482   0.01
 56949  99.60  22.32   945   0.01
 56952 100.70  23.50   913   0.01
 56958 100.42  21.92  1176    1.0
 56976 102.83  23.23   232    0.4
 56978 102.42  23.00  1642    7.2
 56984 103.15  23.38  1720   0.01
 56987 103.23  22.78  1260    0.3
 56989 103.95  22.50   137    2.3
 56992 104.70  23.45  1507    1.2
 56995 104.42  23.03  1332   0.01
 57007 105.18  34.18  1404   0.01
 57008 105.30  34.03  1579    0.1
 57024 107.65  34.45   669   0.01
 57026 107.88  34.37   585   0.01
 57032 108.20  34.13   436   0.01
 57035 108.23  34.55   636   0.01
 57057 110.15  34.10   963    0.4
 57061 111.20  34.83   410   0.01
 57065 112.13  34.55   317    0.8
 57066 111.67  34.40   408    0.1
 57072 112.75  34.92   127   0.01
 57074 112.40  34.42   252   0.01
 57076 112.78  34.73   189    0.2
 57079 113.03  34.95   106   0.01
 57082 113.02  34.47   427   0.01
 57087 113.73  34.27   104   0.01
 57095 114.15  34.12    61   0.01
 57102 105.72  33.75   970    0.1
 57105 105.60  33.33  1221    1.4
 57110 106.08  33.78   930    0.2
 57111 106.30  33.92   961    0.2
 57113 106.53  33.90   985    0.4
 57119 106.70  33.17   548    1.7
 57129 107.72  32.98   446   0.01
 57132 108.58  34.13   411   0.01
 57153 110.33  33.68   581   0.01
 57155 109.87  33.55   660   0.01
 57169 111.87  33.05   159    3.2
 57173 112.88  33.75   145    0.1
 57175 112.23  33.05   191   0.01
 57176 112.42  33.48   231    1.1
 57179 113.00  33.28   160    6.2
 57180 113.20  33.98   117    0.1
 57184 113.30  33.63    97    0.1
 57185 113.58  33.45    91   0.01
 57186 114.05  33.60    58   0.01
 57187 112.93  33.07   118    3.7
 57192 114.85  33.73    45   0.01
 57195 114.62  33.62    46   0.01
 57198 114.57  33.50    44   0.01
 57204 105.22  32.57   782    1.1
 57208 105.52  32.28   544    0.4
 57216 106.83  32.35   579    0.2
 57217 106.28  32.23   485    0.1
 57231 108.53  32.53   503    1.1
 57233 108.50  32.90   413   0.01
 57242 109.37  32.85   285   0.01
 57247 108.90  32.32   438    2.0
 57248 109.33  32.40   431    3.2
 57249 109.68  32.32   448    5.1
 57253 110.82  32.85   201   0.01
 57260 111.52  32.57   133    0.1
 57261 111.52  33.12   233    0.4
 57268 111.62  32.27   120    0.1
 57271 112.38  32.52    87    3.7
 57273 112.85  32.68   109    4.6
 57274 112.12  32.70   107    7.3
 57281 113.30  32.70   142    1.3
 57292 114.63  32.97    44   0.01
 57294 114.02  32.83    83    0.9
 57295 114.35  32.62    78    2.5
 57296 114.73  32.35    48    1.3
 57298 114.55  32.22    55    6.8
 57299 114.90  32.02    49    6.2
 57303 105.92  31.73   459    0.5
 57304 105.17  31.67   516   0.01
 57320 107.22  31.93   482   0.01
 57324 107.08  31.58   364    0.3
 57326 107.72  31.37   389    5.5
 57329 107.85  31.10   467    0.2
 57333 108.67  31.95   798    7.1
 57338 108.42  31.18   216    0.2
 57339 108.68  30.95   297    0.3
 57345 109.62  31.40   337    4.9
 57349 109.87  31.07   275   28.1
 57361 111.27  31.88   327    3.0
 57362 110.67  31.75   935    0.9
 57363 111.83  31.80   151    1.5
 57368 111.63  31.05   141    1.1
 57370 112.22  31.73    67    1.5
 57377 112.22  31.00   191    0.2
 57385 113.82  31.62    93   10.8
 57386 114.00  31.25    51    9.0
 57387 113.13  31.00    84    1.2
 57388 113.71  31.27    53    4.6
 57389 113.75  31.03    32    8.8
 57390 114.07  31.80   733    8.8
 57396 114.85  31.63   128   15.4
 57398 114.62  31.28    74   18.5
 57409 105.80  30.18   297    0.1
 57413 106.97  30.85   295    0.5
 57415 106.63  30.53   394    0.6
 57416 106.93  30.33   391    4.5
 57417 106.28  30.35   315    0.1
 57420 107.18  30.75   418    1.1
 57425 107.33  30.33   433    2.7
 57431 108.35  30.83   257    3.2
 57437 108.03  30.30   325    4.4
 57438 108.12  29.98   632    8.3
 57453 111.32  30.77   115    2.9
 57460 111.78  30.82    91    1.0
 57462 111.08  30.87   139    2.5
 57464 111.18  30.47   142    3.5
 57465 111.45  30.38    74    0.3
 57466 111.75  30.43    50    1.2
 57481 113.57  30.95    30    5.1
 57486 113.85  30.65    25    0.8
 57489 114.00  30.58    38    1.2
 57491 114.40  30.87    31    6.0
 57492 114.84  30.84    40    7.1
 57495 114.88  30.67    28    3.8
 57496 114.87  30.37    31    1.3
 57498 114.90  30.43    21    3.4
 57499 114.88  30.07    40   0.01
 57505 105.58  29.42   338   0.01
 57509 106.93  28.95   325    4.2
 57511 106.45  29.85   240    0.2
 57513 106.62  29.73   464    0.2
 57514 106.22  29.58   331   0.01
 57518 106.50  29.33   506    0.1
 57519 107.11  29.16   698    7.0
 57522 107.27  29.74   372   26.5
 57525 107.75  29.32   277    5.1
 57537 108.17  29.30   322    5.3
 57540 109.15  29.68   776    6.2
 57541 109.48  30.00   532    5.9
 57543 110.03  29.90   539    4.5
 57544 109.45  29.47   488    6.9
 57565 111.73  29.67    38   0.01
 57571 112.40  29.70    35   0.01
 57577 112.17  29.40    36   0.01
 57586 114.03  29.53    78    0.2
 57589 113.87  29.27   146   0.01
 57596 114.20  29.63   751    0.4
 57603 105.83  28.82   283    0.1
 57605 105.82  28.03   537    2.0
 57623 107.60  28.88   685    1.3
 57634 107.88  28.52   660    1.4
 57636 108.50  28.57   334    0.1
 57637 108.10  28.25   629    0.2
 57640 109.45  28.58   341    2.9
 57643 109.83  29.00   268    1.6
 57657 110.20  28.22   186    0.8
 57658 110.20  28.02   152    0.5
 57661 111.48  28.92    48    0.3
 57663 111.95  28.92    31   0.01
 57674 112.38  28.57    46   0.01
 57678 112.55  28.25    74    3.7
 57680 113.07  28.80    46    3.9
 57688 113.63  28.16   101    0.1
 57694 114.38  28.53   259    2.2
 57698 114.45  28.12    98    6.1
 57699 114.92  28.23    66    0.8
 57713 106.88  27.70   843    2.5
 57714 106.23  27.47   942    4.6
 57717 106.83  27.53   974    0.5
 57719 106.97  27.07  1275    0.1
 57720 107.17  27.88   889    2.1
 57723 107.72  27.98   710    0.3
 57728 107.47  27.07  1096   0.01
 57732 108.40  28.02   456   0.01
 57735 108.82  27.18   404    1.7
 57739 108.92  27.23   394    1.0
 57740 109.60  27.95   349   0.01
 57743 109.80  27.88   176    0.3
 57754 110.15  27.35   170   27.1
 57760 111.43  27.70   249    7.2
 57762 111.70  27.69   165   13.0
 57763 112.00  27.68   205    5.2
 57767 111.01  27.13   308   19.8
 57768 111.45  27.32   242   28.2
 57769 111.73  27.23   252    1.3
 57771 112.53  27.93    88    2.3
 57772 112.50  27.75    86    1.0
 57773 112.83  27.88    63    1.7
 57777 112.87  27.23    63    2.8
 57778 112.95  27.09    70    6.2
 57781 113.50  27.65    74   15.0
 57783 113.82  27.88   118   14.9
 57786 113.85  27.63   117    8.4
 57792 114.68  27.82    93    1.1
 57794 114.02  27.63   177   18.2
 57796 114.88  27.83   189    2.1
 57798 114.60  27.40    85    0.6
 57800 105.37  26.77  1457    0.1
 57808 105.75  26.32  1274    0.1
 57809 105.75  26.07  1251    3.0
 57811 106.60  26.83  1296    1.0
 57813 106.47  26.57  1261    2.1
 57814 106.27  26.42  1298    1.3
 57821 107.50  26.70   925   0.01
 57822 107.90  26.90   835   0.01
 57824 107.23  26.58  1001   0.01
 57828 107.58  26.50   983   0.01
 57829 107.80  26.20   963    0.7
 57834 108.30  26.68   641   0.01
 57837 108.07  26.40   839   0.01
 57842 109.72  26.88   281    5.2
 57844 109.18  26.68   343    0.6
 57846 110.15  26.58   310   17.7
 57851 110.83  26.46   346   16.0
 57859 110.63  26.03   408   62.4
 57860 111.28  27.00   283    2.0
 57865 111.58  26.47   166    4.5
 57867 111.28  26.40   169   13.2
 57868 111.86  26.59   113    1.0
 57870 112.10  26.80   151   0.01
 57871 112.37  26.98    90    0.9
 57875 112.68  26.75   137   29.6
 57881 113.25  26.72   101   0.01
 57882 113.55  26.79   136    4.4
 57883 114.28  26.75   253   28.6
 57886 113.80  26.48   268    0.9
 57887 113.12  26.12   167   0.01
 57895 114.78  26.47   101   13.8
 57899 114.92  26.80    71   0.01
 57900 105.22  25.83  1552   0.01
 57903 105.60  25.94  1142    0.4
 57905 105.63  25.40  1063    0.1
 57908 105.48  25.12  1394    0.1
 57911 106.65  26.67  1323   0.01
 57913 106.98  26.45  1093    0.9
 57914 106.67  26.42  1149   0.01
 57921 107.32  25.83   708   0.01
 57923 107.87  25.98   419    7.4
 57936 108.91  25.76   258    5.0
 57941 109.60  25.78   197   25.1
 57942 110.00  25.80   268    2.2
 57948 109.25  25.08   122    2.9
 57949 110.00  24.98   156   15.6
 57954 110.18  25.23   157   14.8
 57955 110.67  25.62   224   15.0
 57956 110.32  25.42   167   29.1
 57958 110.32  25.08   151    8.1
 57960 111.07  25.93   195   17.2
 57962 111.65  25.97   167    0.9
 57964 111.15  25.50   263   29.1
 57969 111.34  25.27   227    3.0
 57975 112.20  25.38   277    1.6
 57976 112.94  25.41   222    0.1
 57978 112.55  25.27   292    0.3
 57985 113.68  25.57   609   0.01
 57988 113.35  25.15   102    4.3
 57989 113.77  25.07   112    4.1
 57994 114.35  25.40   215   0.01
 58112 116.45  30.73   968    4.0
 58207 115.05  32.17    42    2.0
 58301 115.38  31.82    92    0.9
 58306 115.88  31.68    95    3.2
 58316 116.92  31.47    23    0.6
 58317 116.37  30.87   434    5.2
 58327 117.28  31.27    45    1.1
 58401 115.40  30.75   123    8.1
 58404 115.22  30.47    61    3.7
 58408 115.45  30.25    35    0.7
 58409 115.93  30.10    32   0.01
 58415 116.55  30.67    64    2.5
 58416 116.82  30.75    35    2.8
 58417 116.13  30.17    54    0.4
 58418 116.67  30.13    60    2.8
 58420 117.23  30.72    58    6.1
 58421 117.87  30.63    31   0.01
 58423 117.78  30.48   647    0.2
 58427 117.50  30.65    15    0.6
 58428 117.50  30.22   118   0.01
 58432 118.40  30.68    57   0.01
 58501 115.63  29.92    23   0.01
 58502 116.00  29.73    36    1.5
 58503 115.67  29.70    41    0.7
 58505 115.90  29.62    63    2.6
 58507 115.12  29.25   116    1.1
 58508 115.77  29.33    41    8.0
 58509 115.82  29.05    36    8.2
 58510 116.23  29.73    40    2.9
 58512 116.55  29.90    71   0.01
 58514 116.05  29.45    37    5.2
 58517 116.20  29.27    35    9.7
 58524 117.22  29.37    87    5.8
 58529 117.85  29.27    80    9.2
 58530 118.43  29.87   168   0.01
 58537 118.40  29.13   153   11.6
 58542 119.68  29.82    46    1.4
 58544 119.27  29.48    88    1.9
 58546 119.88  29.47   115    0.9
 58547 119.18  29.03    66   19.5
 58548 119.47  29.22    50   14.2
 58550 120.25  29.70    39   0.01
 58555 120.88  29.52   113    0.7
 58558 120.22  29.27    89    2.3
 58559 120.98  29.17    58    1.8
 58560 120.43  29.05   304    5.5
 58565 121.39  29.69    41   0.01
 58567 121.43  29.32    39    4.1
 58568 121.38  29.12    34    8.4
 58601 115.38  28.70    53   0.01
 58602 115.55  28.85    40    0.9
 58605 115.38  28.42    46    0.1
 58607 115.95  28.55    31    0.1
 58609 115.82  28.22    27   0.01
 58612 116.68  28.70    21    9.3
 58614 116.27  28.38    34    0.9
 58615 117.08  28.68    56   13.8
 58616 116.82  28.20    40    2.1
 58618 116.60  28.27    82    1.4
 58620 117.10  29.02    51   11.7
 58623 117.92  28.47    90   32.5
 58624 117.43  28.40    70   27.4
 58625 117.60  28.42    79   28.2
 58627 117.03  28.25    55    3.6
 58629 117.71  28.29   100   22.7
 58631 118.50  28.90   137   10.1
 58632 118.60  28.72   126   18.0
 58635 118.20  28.43    95   26.2
 58642 119.80  28.88   105   14.5
 58643 120.03  28.90   102   14.0
 58644 119.28  28.60   237   17.6
 58647 119.13  28.08   222    9.7
 58654 120.08  28.67   184   19.7
 58656 120.97  28.07    60   16.8
 58657 120.28  28.15    57   16.4
 58658 120.68  28.15    34   13.0
 58659 120.65  28.03    28   29.1
 58660 121.20  28.87     6    4.5
 58664 121.37  28.37    35   55.1
 58693 115.83  28.70    40    0.2
 58707 115.13  27.22    66    2.1
 58712 116.78  27.92   130    2.2
 58713 117.07  27.72   225    0.6
 58714 116.23  27.55   120    0.1
 58719 116.93  27.30   131   0.01
 58724 117.32  27.53   268   0.01
 58735 118.75  27.52   260    0.6
 58736 118.82  27.38   262   0.01
 58745 119.08  27.62   400   16.5
 58746 119.70  27.55   538   44.2
 58747 119.35  27.15   899   21.3
 58748 119.65  27.10    50   20.3
 58749 119.88  27.23   684   14.1
 58750 120.08  27.78   105   19.0
 58751 120.57  27.67   254   21.6
 58804 115.35  26.35   151    7.8
 58814 116.35  26.35   247    1.2
 58819 116.82  26.18   336   30.3
 58821 117.47  26.73   173    4.2
 58822 116.85  26.83   342    2.4
 58824 117.15  26.40   357   20.0
 58826 117.80  26.40   120    0.9
 58828 117.62  26.27   208    9.0
 58839 118.85  26.23    40    5.7
 58844 119.15  26.15    57    4.5
 58845 119.53  26.50    60    0.4
 58848 119.55  26.20    13    3.1
 58850 120.23  26.92    92    5.1
 58903 116.03  25.90   210    0.9
 58912 116.73  25.72   404    8.9
 58917 116.10  25.08   307   27.4
 58923 117.83  25.70   400   24.8
 58928 117.53  25.02   166   31.0
 58929 118.15  25.07    68   33.7
 58932 118.93  25.87    85    5.8
 58934 118.27  25.33   170    8.0
 58935 118.23  25.48   521    7.5
 58938 118.98  25.23    23    1.1
 58940 119.33  26.08    25    7.0
 58941 119.50  25.97    25    1.6
 58942 119.38  25.72    39    3.9
 58946 119.00  25.45    81    2.9
 59001 105.33  24.78   672    0.1
 59004 105.10  24.50   725    7.6
 59017 106.27  24.27   278   0.01
 59025 107.38  24.53   248    2.6
 59027 107.25  24.13   254    0.4
 59031 108.26  24.81   342    0.5
 59033 108.90  24.78   328    8.5
 59034 108.67  24.48   150    6.9
 59038 108.65  24.07   138    0.6
 59044 109.38  24.47    97    1.9
 59045 109.75  24.48    94    0.2
 59047 109.33  24.25   100    3.0
 59051 110.50  24.77   136   15.8
 59052 110.82  24.83   169   17.0
 59053 110.67  24.62   105   17.1
 59055 110.40  24.50   165    8.6
 59057 110.18  24.13   830    5.7
 59061 111.27  24.82   193    0.4
 59064 111.32  24.55   136    1.1
 59071 112.28  24.73   174   0.01
 59074 112.15  24.57   300    0.3
 59075 112.63  24.48    70    2.4
 59081 113.29  24.78   131    4.9
 59090 114.07  24.95   103   0.01
 59091 114.52  24.75   277    1.2
 59093 115.03  24.78   253   35.7
 59094 114.12  24.35   184    1.9
 59099 114.93  24.45   173    2.4
 59109 115.73  24.15   123    2.7
 59114 116.17  24.65   135    1.4
 59122 117.75  24.62    43   11.0
 59124 117.38  24.52    53   10.9
 59125 117.30  24.38   108   10.4
 59127 117.83  24.43    32   10.0
 59129 117.60  24.13    53   31.6
 59130 118.15  24.73    30   54.7
 59131 118.37  24.97    45   24.2
 59137 118.57  24.82    56    7.4
 59215 106.63  23.33   680    1.3
 59227 107.14  23.11   454   0.01
 59229 107.70  23.17   125   11.2
 59230 108.17  23.72   168    5.1
 59235 108.62  23.43   115    0.1
 59237 108.28  23.17   111    3.2
 59238 108.80  23.22   122    0.3
 59241 109.68  23.97    90    3.3
 59246 109.67  23.60    70    0.2
 59249 109.62  23.12    51   11.1
 59256 110.92  23.37    54    7.0
 59264 111.50  23.40    83    2.6
 59266 111.23  23.42    42    0.9
 59268 111.53  23.25    29   17.5
 59269 111.78  23.17    47   19.5
 59270 112.18  23.92    84    7.7
 59279 112.87  23.18    24    1.4
 59284 113.23  23.42    38   37.7
 59285 113.60  23.57    38    0.6
 59288 113.02  23.15    29   23.8
 59290 114.25  23.78    85   15.0
 59297 114.28  23.17    17   22.7
 59310 116.18  23.77    45   25.6
 59312 116.70  23.67    60    2.0
 59313 116.98  23.68    44   0.01
 59314 116.13  23.30    29   0.01
 59315 116.40  23.58    43    0.1
 59318 116.58  23.27     5    0.6
 59319 116.83  23.43     4    1.1
 59320 117.13  23.75    37   18.4
 59322 117.37  23.98    22   73.1
 59419 106.75  22.10   242    1.0
 59421 107.20  22.83   255    0.1
 59425 107.35  22.40   107    3.2
 59426 107.92  22.61   146   0.01
 59448 109.55  22.27    69    0.1
 59451 110.35  22.70    98    1.3
 59457 110.27  22.32   121   0.01
 59469 111.78  22.17    37    0.6
 59470 112.20  22.70    57    0.2
 59471 112.05  22.93   101   0.01
 59492 114.73  22.97    47    0.9
 59502 115.65  22.95     5    4.5
 59635 108.35  21.62    31   0.01
 59650 110.25  21.40    29   11.9
 59654 110.30  21.63    29    8.3
