diamond  3 2014年05月07日08点24小时降雨量                    
  14  05  07  08    -2 3 10 25 50 1 0
 39 122.7  37.3 122.5  36.7 120.8  36.2 119.3  35.0 120.4  34.3
 121.1  32.7 122.3  30.9 122.5  30.1 121.5  28.0 119.8  25.0
 116.1  22.6 111.0  21.0 111.0  18.6 109.6  18.1 108.3  18.5
 108.9  19.9 109.3  21.0 106.4  21.6 104.1  22.2 101.6  20.8
  98.7  22.0  97.1  24.1  97.7  27.0  91.7  26.6  85.7  27.7
  78.9  30.6  73.3  37.1  74.1  40.7  87.6  49.8  98.5  43.9
 110.4  44.3 122.0  54.7 135.7  48.3 131.5  42.2 125.2  39.4
 121.3  38.5 121.2  40.3 118.5  38.6 120.8  38.1
1                    398
  45045 114.30  22.18   55    0.5
  50137 122.37  53.47  297    0.1
  50524 119.43  49.32  578   0.01
  50566 128.47  49.55  117    1.7
  50645 124.48  48.48  196    0.4
  50647 123.48  48.13  237    1.2
  50659 126.25  48.03  293   0.01
  50673 130.40  48.88   92   11.8
  50674 129.43  48.57  404    9.4
  50741 123.50  47.93  186    0.4
  50749 124.83  47.18  159    0.1
  50755 126.10  47.60  232    1.0
  50767 127.10  47.23  204    2.2
  50772 129.23  48.10  299    7.9
  50775 130.27  47.33  229   16.3
  50776 130.83  47.57   84    8.0
  50778 132.53  47.67   59   10.3
  50779 134.28  48.37   41    3.2
  50787 131.85  47.28   63   10.5
  50851 126.08  46.68  209    0.5
  50852 126.45  46.83  170    2.0
  50858 125.93  46.07  136    0.2
  50861 127.48  46.88  186    6.5
  50867 127.35  46.08  134    1.1
  50871 129.88  46.73   96   10.3
  50878 130.72  47.00   80    5.0
  50879 130.55  46.22  187   10.7
  50880 131.12  46.73  104    7.6
  50884 131.15  46.63  176    5.5
  50892 134.00  46.80   57    0.8
  50958 126.95  45.52  175    0.1
  50960 127.45  45.78  192    2.0
  50962 128.03  45.95  113    3.7
  50964 128.80  45.83  123    6.1
  50965 128.30  45.45  157    1.3
  50971 131.02  45.77  226    7.3
  50979 130.23  45.27  279    2.5
  50985 131.87  45.55  155    5.9
  50987 131.13  45.25  181    7.4
  53927 106.62  35.20 1478   0.01
  53928 107.02  35.30 1150   0.01
  53937 107.92  35.52  980   0.01
  54024 119.30  44.45  710   12.5
  54092 129.40  44.60  294   12.3
  54093 130.55  44.93  266    2.3
  54098 129.47  44.33  272   0.01
  54099 131.13  44.08  151    1.2
  54113 118.65  43.53  623    0.6
  54117 117.53  43.25 1004    1.7
  54164 125.28  43.35  249    0.1
  54214 118.42  42.58  961    0.9
  54225 119.92  42.28  589    0.2
  54320 119.30  41.60  546    0.1
  54321 119.63  41.87  661   0.01
  54336 122.42  41.42   13   0.01
  54345 123.07  41.20   29    4.4
  54347 123.17  41.23   25    3.9
  54348 123.32  41.42   43   0.01
  54362 125.73  41.67  388    1.9
  54398 116.62  40.13   29   0.01
  54399 116.28  39.98   46    0.4
  54424 117.12  40.17   33   0.01
  54425 117.48  40.42  584   0.01
  54428 117.40  40.03   19    3.3
  54431 116.63  39.92   40    3.0
  54433 116.50  39.95   36    0.4
  54434 118.30  40.17  103    6.1
  54437 118.65  39.50   19    3.8
  54438 118.88  39.88   61    5.3
  54439 118.72  40.02   51    5.3
  54453 120.88  40.78   43    1.3
  54474 122.35  40.42   27   16.2
  54475 122.48  40.62   15   13.7
  54483 123.90  40.88  239   21.7
  54494 124.07  40.47   74   18.5
  54499 116.22  40.22   75   0.01
  54502 116.03  39.48   30   0.01
  54505 116.12  39.92   94   0.01
  54510 116.98  39.90   18    1.0
  54512 116.28  39.42   22   0.01
  54513 116.20  39.95   67    0.1
  54514 116.25  39.87   56    0.2
  54515 116.70  39.50   14    0.9
  54519 116.48  39.30   13   0.01
  54520 117.08  39.97   19    2.7
  54521 116.98  39.77   14    0.8
  54522 117.73  39.88   19    6.9
  54526 117.33  39.08   10    0.1
  54529 117.82  39.35   12    1.9
  54530 117.77  39.23    6    1.7
  54531 118.72  39.73   43   26.3
  54532 118.10  39.80   35   10.3
  54533 118.10  39.58    9    3.2
  54535 118.47  39.28    3    0.5
  54540 119.17  39.72   14   23.4
  54541 119.23  39.90   23    9.6
  54568 121.70  39.08   40    6.9
  54569 121.97  39.40   35   15.0
  54575 122.37  39.42   44   11.5
  54590 124.17  39.88    5    3.3
  54594 116.35  39.72   38    0.5
  54596 116.13  39.68   40   0.01
  54603 115.77  38.72   10   0.01
  54605 115.93  38.93    7   0.01
  54612 116.45  38.87    7    0.1
  54619 116.92  38.92    8    0.1
  54622 117.37  38.98    3   0.01
  54636 116.10  39.02   12    0.6
  54645 117.47  38.85    3   0.01
  54714 116.33  37.45   24   0.01
  54729 117.87  37.17   11   0.01
  54731 118.22  37.48   16   0.01
  54736 118.67  37.43    9   0.01
  54752 120.77  37.80   64    1.1
  54832 118.73  36.88   29   0.01
  54837 118.83  36.68   76   0.01
  54841 119.40  36.87    8   0.01
  56094 104.37  33.78 1400    0.5
  56095 104.38  34.03 1754    1.1
  56158 100.67  31.40 3250    2.3
  56184 103.17  31.43 1884   0.01
  56192 104.67  32.95 1016   0.01
  56267 101.02  30.03 2598    1.3
  56280 103.12  30.08  692   0.01
  56371 102.23  29.92 1322    2.5
  56373 102.85  29.78  763    0.3
  56376 102.68  29.35 1098   0.01
  56378 102.35  29.23  891    2.6
  56387 103.27  29.23  639    0.2
  56441  99.28  28.72 2424    9.9
  56443  99.80  28.93 2842    7.4
  56473 102.77  28.95 1061    3.4
  56474 102.17  28.55 1775   21.8
  56478 102.43  28.30 1819   27.2
  56480 103.53  28.82  564    0.3
  56487 103.13  28.33 1945   11.9
  56489 103.63  28.23  876    1.6
  56497 104.23  28.10  433    0.1
  56569 102.18  27.42 1381    4.2
  56575 102.55  27.37 1429   11.8
  56578 102.75  27.07 1093    8.9
  56580 102.80  27.72 2461   20.2
  56582 103.90  27.75 1177   12.7
  56584 103.25  27.70 1093   11.1
  56585 103.53  27.18 1916    9.8
  56594 104.05  27.63  884   10.5
  56595 104.87  27.42 1644    0.9
  56596 105.05  27.85 1176    0.2
  56598 104.73  27.13 1538   10.4
  56641  98.87  26.90 1191   16.1
  56645  99.42  26.42 2345    0.3
  56652 100.75  26.68 2131    0.3
  56654 100.18  26.58 2196    0.1
  56665 101.85  26.68 1140    0.7
  56669 101.67  26.05 1531   0.01
  56670 102.12  26.90 1105   0.01
  56673 102.92  26.92  894    9.4
  56674 101.73  26.50 1107    0.7
  56675 102.58  26.65 1695   19.3
  56688 103.17  26.10 1253    6.3
  56697 104.08  26.22 1987   25.0
  56742  99.37  25.90 1663   0.01
  56746  99.52  25.47 1618    1.0
  56757 100.28  25.27 1744    1.0
  56781 103.27  25.55 1874    1.7
  56782 103.55  25.42 2064    0.6
  56783 103.80  25.50 1906   0.01
  56785 103.03  25.33 1925   0.01
  56790 104.25  25.68 1920    4.4
  56835  97.82  24.07  958    9.7
  56836  97.95  24.70  828   16.7
  56839  98.82  23.77  994    0.3
  56840  98.30  24.82 1013    2.3
  56841  98.68  24.60 1527   20.9
  56842  99.18  24.73 1473   13.3
  56843  99.62  24.83 1650   19.0
  56844  98.58  24.43  915    6.8
  56846  99.93  24.58 1569    4.8
  56849  99.23  24.03 1607    7.8
  56851 100.52  25.03 1378    0.4
  56854 100.13  24.45 1108    7.4
  56862 101.60  24.68 1966   0.01
  56867 101.12  23.98 1107    3.9
  56869 101.97  24.07 1498    0.5
  56873 102.90  24.67 1752   0.01
  56889 104.17  24.05 1518   0.01
  56891 104.32  24.98 1482    0.5
  56944  99.27  23.15 1280   0.01
  56948  99.60  22.63 1156    3.2
  56949  99.60  22.32  946   0.01
  56952 100.70  23.50  914    0.2
  56958 100.42  21.92 1177    0.4
  56962 101.67  23.42 1315    0.7
  56970 102.48  23.70 1419    2.2
  56973 102.83  23.62 1310    0.1
  56975 102.43  23.37  975    0.1
  56978 102.42  23.00 1640    0.9
  56987 103.23  22.78 1261    0.3
  56989 103.95  22.50  138    0.3
  56992 104.70  23.45 1508    0.3
  56996 104.70  23.13 1094   0.01
  57007 105.18  34.18 1406   0.01
  57008 105.30  34.03 1578   0.01
  57022 107.78  34.68 1026    0.1
  57031 108.55  34.82 1013   0.01
  57033 108.82  34.55  429   0.01
  57095 114.15  34.12   61   0.01
  57102 105.72  33.75  971   0.01
  57186 114.05  33.60   59   0.01
  57216 106.83  32.35  577   0.01
  57640 109.45  28.58  344   0.01
  57708 105.60  27.15 1704    2.2
  57719 106.97  27.07 1280    0.2
  57728 107.47  27.07 1095   0.01
  57800 105.37  26.77 1458   18.9
  57807 105.47  26.20 1359   15.7
  57808 105.75  26.32 1272   15.6
  57809 105.75  26.07 1251   19.8
  57811 106.60  26.85 1242    9.6
  57813 106.47  26.57 1265   15.4
  57814 106.27  26.42 1285   13.2
  57818 106.45  26.03 1145   11.2
  57821 107.50  26.70  924    0.4
  57824 107.23  26.58 1005    6.9
  57828 107.58  26.50  983    5.4
  57829 107.80  26.20  964    6.5
  57859 110.63  26.03  409    1.4
  57900 105.22  25.83 1553    5.6
  57903 105.60  25.93 1138    9.6
  57905 105.63  25.40 1063    2.5
  57908 105.48  25.12 1393    0.5
  57909 105.82  24.98  584    0.6
  57911 106.65  26.67 1325   10.5
  57913 106.98  26.45 1095   11.1
  57914 106.67  26.42 1143   14.5
  57915 106.77  26.63 1102   12.6
  57921 107.32  25.83  710    8.6
  57923 107.87  25.98  418    6.0
  57927 107.18  24.97  283    0.2
  57936 108.92  25.75  255   11.7
  57941 109.60  25.78  198    8.0
  57942 110.00  25.80  267    4.1
  57948 109.25  25.08  123    0.3
  57949 110.00  24.98  157    0.1
  57954 110.18  25.23  158    0.1
  57955 110.67  25.62  224    0.3
  57956 110.32  25.42  169   0.01
  57958 110.32  25.08  152    0.1
  57960 111.07  25.93  192   0.01
  57962 111.65  25.97  166    0.1
  57964 111.15  25.50  258    0.2
  57966 111.95  25.60  205   0.01
  57971 112.20  25.92  225    0.2
  57978 112.55  25.28  291   0.01
  57981 113.22  25.98  141   0.01
  57985 113.68  25.57  608    0.2
  57988 113.35  25.15  103    1.6
  57989 113.73  25.10   96    7.8
  57990 114.30  25.70  252   0.01
  57991 114.55  25.80  148   0.01
  57992 114.75  25.67  129    0.7
  57994 114.35  25.40  208    2.9
  57995 114.93  25.40  166    4.1
  58903 116.03  25.90  208   0.01
  58906 115.80  25.60  167    0.4
  58907 115.40  25.15  300    4.5
  58917 116.10  25.08  307    3.5
  58923 117.83  25.70  397    0.3
  58928 117.53  25.02  160    1.4
  58929 118.15  25.07   66    0.5
  58934 118.27  25.33  170    0.3
  58935 118.23  25.48  516    0.9
  58942 119.38  25.72   39   0.01
  58946 119.00  25.45   84   0.01
  59001 105.33  24.78  674   0.01
  59004 105.10  24.50  729   0.01
  59012 106.55  24.78  973    0.4
  59017 106.27  24.27  279   0.01
  59022 107.55  24.98  695   0.01
  59025 107.38  24.53  249    0.4
  59027 107.25  24.13  244   0.01
  59031 108.25  24.83  205    0.3
  59033 108.90  24.78  330    0.3
  59034 108.67  24.48  149   0.01
  59041 109.25  24.65  109   0.01
  59044 109.38  24.47   99    0.1
  59045 109.75  24.48   95   0.01
  59047 109.33  24.25  101   0.01
  59051 110.50  24.77  133   0.01
  59052 110.82  24.83  167   0.01
  59053 110.67  24.62  108    0.3
  59055 110.40  24.50  166    0.2
  59057 110.18  24.13  827    1.1
  59059 110.80  24.18  107    2.4
  59061 111.27  24.82  198   0.01
  59064 111.32  24.55  141    1.5
  59071 112.28  24.73  175    4.0
  59074 112.15  24.57  300    4.5
  59075 112.63  24.48   70    9.5
  59081 113.27  24.78   98    9.5
  59090 114.07  24.95  103    7.2
  59091 114.53  24.75  257    7.2
  59093 115.03  24.78  254    3.2
  59094 114.12  24.37  135   18.6
  59099 114.93  24.45  175   17.1
  59106 115.90  24.58  152    9.3
  59109 115.73  24.15  126    9.9
  59114 116.17  24.65  131    6.9
  59122 117.75  24.62   42    3.7
  59124 117.37  24.52   31    8.1
  59125 117.30  24.38  105    1.8
  59127 117.83  24.43   14    0.4
  59129 117.60  24.13   53   0.01
  59130 118.15  24.73   28    1.1
  59131 118.37  24.97   44    0.7
  59137 118.57  24.82   55    0.1
  59213 106.92  23.73  113   0.01
  59215 106.62  23.33  640   0.01
  59227 107.15  23.08  438    0.2
  59229 107.70  23.18  101    0.1
  59235 108.62  23.43  116    0.3
  59237 108.28  23.17  115    0.1
  59238 108.80  23.22  123    1.0
  59241 109.68  23.97   91    0.2
  59246 109.67  23.60   70    1.9
  59249 109.62  23.12   56    3.2
  59255 110.38  23.55   37    4.3
  59256 110.92  23.37   56    7.0
  59264 111.50  23.40   79   21.6
  59266 111.23  23.42   46   13.4
  59268 111.53  23.25   31   23.4
  59269 111.77  23.15   27   17.7
  59270 112.18  23.92   78   16.9
  59276 112.65  23.35   40   29.8
  59279 112.87  23.18   18   37.9
  59284 113.22  23.38    6   37.0
  59285 113.60  23.57   39   23.5
  59288 113.13  23.05    3   40.8
  59290 114.23  23.73   71   17.1
  59297 114.28  23.18   16   43.7
  59310 116.18  23.77   39   10.7
  59312 116.63  23.67   11    0.8
  59313 116.98  23.68   42    2.8
  59314 116.13  23.30   27   19.5
  59315 116.38  23.58   25    2.8
  59318 116.58  23.27   10   21.6
  59319 116.77  23.47    9    7.0
  59320 117.13  23.77   27    1.0
  59322 117.37  23.98   20    0.2
  59419 106.75  22.10  243   0.01
  59421 107.20  22.83  257    0.1
  59425 107.35  22.40  107    0.1
  59426 107.90  22.63   92   0.01
  59427 107.07  22.12  162   0.01
  59429 107.97  22.15  183    0.6
  59432 108.40  22.80  203    0.2
  59435 108.48  22.77   75   0.01
  59441 109.25  22.70   78    1.7
  59448 109.55  22.27   70    1.8
  59449 109.98  22.30   80   11.0
  59451 110.35  22.70   99    6.0
  59452 110.53  22.85  100    6.2
  59454 111.00  22.92  104    7.8
  59457 110.27  22.32  120    5.0
  59469 111.78  22.17   33    3.0
  59470 112.22  22.72   33   12.3
  59471 112.05  22.93  102   19.6
  59473 112.97  22.77   20    6.3
  59475 112.65  22.40   24    2.8
  59476 113.03  22.53   35    3.8
  59477 112.30  22.18   25    3.4
  59480 113.25  22.85   21    9.5
  59481 113.32  22.93   16   25.6
  59487 113.30  22.23   12    3.9
  59492 114.70  22.92   43   23.3
  59500 115.32  22.97   10   20.0
  59502 115.65  22.95   11   25.9
  59635 108.35  21.62   26    1.2
  59640 109.18  21.67    6    3.8
  59650 110.25  21.38   25    0.4
  59653 110.85  21.93   35    7.7
  59654 110.30  21.63   28    4.1
  59655 110.62  21.65   35    2.7
  59656 110.77  21.43   29    0.6
  59659 110.92  21.75   32    2.0
  59750 110.10  20.92   25    3.8
  59757 110.37  20.00   10    1.1
  59842 109.68  19.90   31    2.4
  59843 110.00  19.73   36    2.2
  59847 109.05  19.27  101    0.1
  59848 109.43  19.23  219   57.6
  59851 110.33  19.70   25    1.9
  59854 110.10  19.37  119    4.5
  59856 110.75  19.62   26    2.7
  59940 109.17  18.75  156    0.6
  59941 109.52  18.77  328   32.7
  59945 109.70  18.65   65   26.3
  59951 110.33  18.80   38    5.9
