diamond  3 2014年05月04日08点24小时降雨量                    
  14  05  04  08    -2 3 10 25 50 1 0
 39 122.7  37.3 122.5  36.7 120.8  36.2 119.3  35.0 120.4  34.3
 121.1  32.7 122.3  30.9 122.5  30.1 121.5  28.0 119.8  25.0
 116.1  22.6 111.0  21.0 111.0  18.6 109.6  18.1 108.3  18.5
 108.9  19.9 109.3  21.0 106.4  21.6 104.1  22.2 101.6  20.8
  98.7  22.0  97.1  24.1  97.7  27.0  91.7  26.6  85.7  27.7
  78.9  30.6  73.3  37.1  74.1  40.7  87.6  49.8  98.5  43.9
 110.4  44.3 122.0  54.7 135.7  48.3 131.5  42.2 125.2  39.4
 121.3  38.5 121.2  40.3 118.5  38.6 120.8  38.1
1                    759
  45045 114.30  22.18   55    0.5
  50673 130.40  48.88   92    7.9
  50775 130.27  47.33  229    0.8
  50776 130.83  47.57   84    1.9
  50778 132.53  47.67   59    5.1
  50779 134.28  48.37   41   26.5
  50787 131.85  47.28   63    7.1
  50871 129.88  46.73   96   0.01
  50878 130.72  47.00   80    2.3
  50879 130.55  46.22  187    3.2
  50880 131.12  46.73  104    5.7
  50884 131.15  46.63  176    5.6
  50892 134.00  46.80   57    7.5
  50913 118.83  45.72  866    1.4
  50924 119.67  45.53  824    1.0
  50928 120.33  45.07  629    1.4
  50934 121.58  45.38  309   18.4
  50937 121.47  45.05  250   37.0
  50939 122.82  45.33  154   24.7
  50940 123.17  45.85  142    3.0
  50946 124.83  45.18  140    1.3
  50954 125.08  45.50  129    0.8
  50958 126.95  45.52  175    1.3
  50964 128.80  45.83  123    0.1
  50965 128.30  45.45  157   0.01
  50971 131.02  45.77  226    1.9
  50979 130.23  45.27  279    0.3
  50985 131.87  45.55  155    1.1
  50987 131.13  45.25  181    0.1
  51468  86.83  43.10 3543    4.0
  52968 101.47  35.03 3663   0.01
  53272 112.63  42.75 1106   0.01
  53289 113.83  42.23 1322   0.01
  53343 109.97  41.77 1612    1.2
  53367 111.23  41.32 1604    0.4
  53368 111.47  41.08 1640    0.6
  53378 112.62  41.28 1737    0.2
  53392 114.60  41.85 1424    1.1
  53467 111.18  40.27 1017    1.1
  53472 112.57  40.87 1453   0.01
  53553 111.22  39.87 1222    0.3
  53562 111.67  39.92 1192   0.01
  53565 111.50  39.43 1050   0.01
  53574 112.27  39.52 1408    0.1
  53575 112.20  39.10 1526    0.5
  53577 112.30  39.00 1441    1.5
  53579 112.90  39.02  861    0.4
  53662 111.58  38.72 1393   0.01
  54024 119.30  44.45  710   24.5
  54031 121.82  44.90  201   36.3
  54039 122.02  44.03  182   11.3
  54047 123.28  44.13  146    6.9
  54065 125.65  44.53  173    2.7
  54069 125.80  44.17  175    1.8
  54072 126.52  44.85  203    3.7
  54076 126.93  44.42  254    0.1
  54080 127.15  44.90  196    1.7
  54092 129.40  44.60  294    0.4
  54093 130.55  44.93  266    0.3
  54098 129.47  44.33  272   0.01
  54113 118.65  43.53  623    1.8
  54117 117.53  43.25 1004    0.6
  54122 120.05  43.88  375    7.3
  54132 121.07  42.40  400    1.3
  54154 124.30  43.35  163    1.7
  54155 124.23  43.67  145    0.1
  54156 124.80  43.52  200    0.2
  54164 125.28  43.35  249    0.8
  54169 126.02  43.30  270    1.4
  54172 126.60  43.78  199    0.1
  54187 128.92  43.12  369   0.01
  54204 115.00  42.30 1347    0.9
  54205 116.00  42.23 1316    0.1
  54214 118.42  42.58  961   0.01
  54223 120.65  42.85  364    5.9
  54225 119.92  42.28  589    3.0
  54231 122.35  42.97  249    3.0
  54234 121.75  42.73  300    1.9
  54244 123.33  42.75  120    2.4
  54245 123.40  42.50   99    5.3
  54248 123.53  42.03   67    4.9
  54249 123.87  42.30   79    5.1
  54252 124.75  42.73  198    2.1
  54261 125.52  42.68  343    2.5
  54267 125.73  42.25  363    9.8
  54274 126.07  42.68  300    2.1
  54279 126.58  42.05  545    3.5
  54301 115.67  41.67 1414    0.6
  54305 115.27  41.88 1468    0.5
  54313 118.70  41.93  734    0.8
  54316 118.75  41.52  680    1.3
  54318 117.73  41.32  562    1.2
  54319 118.67  41.00  509   0.01
  54320 119.30  41.60  546    2.1
  54321 119.63  41.87  661    2.8
  54325 120.35  41.18  183    0.2
  54327 119.35  41.23  421   0.01
  54328 119.72  41.08  300   0.01
  54330 121.37  41.17   61    2.4
  54331 121.77  41.58   83    1.9
  54332 122.72  41.52   13    6.6
  54336 122.42  41.42   13    7.6
  54338 121.95  41.28    4    6.6
  54340 123.32  41.67   47    7.8
  54345 123.07  41.20   29   11.3
  54347 123.17  41.23   25    9.0
  54348 123.32  41.42   43    9.9
  54362 125.73  41.67  388    3.8
  54371 126.43  41.93  521    2.0
  54398 116.62  40.13   29   0.01
  54399 116.28  39.98   46   0.01
  54404 115.83  40.88  868    0.2
  54410 116.13  40.60 1216   0.01
  54412 116.63  40.73  334    0.3
  54419 116.63  40.37   75    0.1
  54420 117.33  40.93  530    0.6
  54425 117.48  40.42  584   0.01
  54430 118.15  40.77  268   0.01
  54433 116.50  39.95   36   0.01
  54437 118.65  39.50   19    0.2
  54453 120.88  40.78   43    0.4
  54474 122.35  40.42   27    0.2
  54475 122.48  40.62   15    4.7
  54483 123.90  40.88  239    1.4
  54494 124.07  40.47   74    2.5
  54499 116.22  40.22   75   0.01
  54502 116.03  39.48   30   0.01
  54506 115.88  39.32   29   0.01
  54512 116.28  39.42   22   0.01
  54513 116.20  39.95   67   0.01
  54514 116.25  39.87   56   0.01
  54515 116.70  39.50   14   0.01
  54526 117.33  39.08   10    0.1
  54529 117.82  39.35   12   0.01
  54530 117.77  39.23    6    0.5
  54531 118.72  39.73   43   0.01
  54535 118.47  39.28    3    0.9
  54540 119.17  39.72   14   0.01
  54541 119.23  39.90   23   0.01
  54569 121.97  39.40   35    0.7
  54594 116.35  39.72   38   0.01
  54596 116.13  39.68   40   0.01
  54613 116.62  38.70    8    0.2
  54615 116.83  38.58    8    1.3
  54616 116.85  38.35    9   0.01
  54619 116.92  38.92    8   0.01
  54645 117.47  38.85    3    0.4
  54729 117.87  37.17   11   0.01
  54752 120.77  37.80   64    0.1
  54832 118.73  36.88   29    0.1
  56097 104.23  33.27 1407   0.01
  56147  98.83  31.22 3261   12.2
  56158 100.67  31.40 3250   19.9
  56164 100.98  32.27 3286    5.3
  56168 102.07  31.48 2170   17.9
  56180 103.85  31.68 1591   0.01
  56181 103.70  30.68  543    0.6
  56183 103.58  31.47 1326    3.0
  56184 103.17  31.43 1884   10.5
  56185 102.98  32.08 2400   12.6
  56189 103.93  30.98  584    0.2
  56192 104.67  32.95 1016   0.01
  56193 104.52  32.42  894   0.01
  56198 104.50  31.32  523   0.01
  56199 104.68  31.03  424    0.1
  56263 101.88  30.88 1948   14.8
  56267 101.02  30.03 2598    5.7
  56272 103.88  30.82  560    0.7
  56273 102.82  30.38 1011    2.3
  56276 103.82  30.45  468    0.7
  56278 102.77  30.07  756    3.0
  56279 102.93  30.15  683    1.6
  56280 103.12  30.08  692    0.2
  56284 103.48  30.42  502    0.5
  56285 103.52  30.60  525    0.2
  56286 104.25  30.55  514    0.1
  56288 103.92  30.58  495    0.9
  56289 103.87  30.20  439    0.7
  56290 104.18  30.78  515    0.1
  56295 104.55  30.38  443    0.5
  56296 104.43  30.85  449    0.3
  56297 104.15  30.02  431    2.8
  56298 104.60  30.13  415    5.2
  56371 102.23  29.92 1322    1.3
  56373 102.85  29.78  763    2.0
  56376 102.68  29.35 1098    1.0
  56378 102.35  29.23  891    2.3
  56380 103.37  29.92  466    0.1
  56381 103.52  30.02  497   0.01
  56382 103.60  29.73  408   0.01
  56383 103.87  29.83  454    0.6
  56384 103.48  29.60  446    0.9
  56387 103.27  29.23  639    3.4
  56389 103.95  29.20  386    5.7
  56390 104.07  29.67  403    1.7
  56391 103.82  30.08  416    0.3
  56393 104.85  29.77  370   19.6
  56394 104.43  29.45  382   10.2
  56395 104.67  29.52  349   16.7
  56396 104.77  29.35  352   19.7
  56399 104.98  29.18  307   26.6
  56441  99.28  28.72 2424   0.01
  56473 102.77  28.95 1061    7.3
  56474 102.17  28.55 1775    9.7
  56478 102.43  28.30 1819    1.8
  56480 103.53  28.82  564   20.0
  56483 103.95  28.60  412   20.4
  56487 103.13  28.33 1945   16.0
  56489 103.63  28.23  876   12.2
  56490 103.90  28.95  396   18.6
  56491 104.57  28.70  288   20.3
  56493 104.97  28.85  297   19.1
  56494 104.15  28.65  460   20.7
  56496 105.23  28.32  330   23.5
  56497 104.23  28.10  433   11.8
  56498 104.50  28.17  442   16.9
  56499 104.78  28.38  368   18.1
  56569 102.18  27.42 1381    1.3
  56575 102.55  27.37 1429    9.4
  56578 102.75  27.07 1093    0.3
  56580 102.80  27.72 2461    9.3
  56582 103.90  27.75 1177    6.8
  56584 103.25  27.70 1093    4.1
  56585 103.53  27.18 1916    8.3
  56592 104.52  28.43  360    3.2
  56593 104.92  28.58  281   18.7
  56594 104.05  27.63  884    6.9
  56595 104.87  27.42 1644    4.8
  56596 105.05  27.85 1176   21.5
  56598 104.73  27.13 1538    6.2
  56641  98.87  26.90 1191    9.2
  56654 100.18  26.58 2196   0.01
  56670 102.12  26.90 1105   0.01
  56673 102.92  26.92  894    5.6
  56697 104.08  26.22 1987   0.01
  56742  99.37  25.90 1663   0.01
  56756 100.58  25.48 1993   0.01
  56764 101.23  25.53 1875   0.01
  56767 101.28  25.18 1858    0.7
  56772 102.50  25.23 1694    0.4
  56774 102.42  25.53 1712   0.01
  56775 102.45  25.55 1752    0.3
  56777 102.07  25.15 1566    3.3
  56781 103.27  25.55 1874    0.4
  56782 103.55  25.42 2064   0.01
  56785 103.03  25.33 1925    1.0
  56790 104.25  25.68 1920    0.1
  56835  97.82  24.07  958    1.6
  56836  97.95  24.70  828    0.6
  56839  98.82  23.77  994    3.4
  56840  98.30  24.82 1013    0.1
  56841  98.68  24.60 1527   16.1
  56842  99.18  24.73 1473    3.4
  56843  99.62  24.83 1650    0.5
  56844  98.58  24.43  915   0.01
  56846  99.93  24.58 1569    6.3
  56849  99.23  24.03 1607   10.0
  56851 100.52  25.03 1378    4.0
  56854 100.13  24.45 1108    3.0
  56862 101.60  24.68 1966    8.5
  56867 101.12  23.98 1107    1.9
  56869 101.97  24.07 1498    4.0
  56872 102.62  24.95 2360   0.01
  56878 102.75  24.13 1802    2.3
  56879 102.92  24.20 1610    5.5
  56880 103.17  24.92 1532    0.8
  56882 102.80  24.88 1909   0.01
  56883 103.98  24.83 1846   0.01
  56891 104.32  24.98 1482   0.01
  56898 102.40  24.18 1542    0.9
  56944  99.27  23.15 1280    3.3
  56948  99.60  22.63 1156    1.5
  56949  99.60  22.32  946   19.2
  56950  99.80  23.47 1044    6.8
  56952 100.70  23.50  914   0.01
  56958 100.42  21.92 1177    9.0
  56962 101.67  23.42 1315    1.0
  56970 102.48  23.70 1419    8.7
  56973 102.83  23.62 1310    1.0
  56975 102.43  23.37  975   0.01
  56976 102.83  23.23  229   0.01
  56978 102.42  23.00 1640    0.2
  56987 103.23  22.78 1261   0.01
  56989 103.95  22.50  138    0.9
  56992 104.70  23.45 1508    0.1
  56995 104.42  23.03 1335   10.0
  56996 104.70  23.13 1094   0.01
  57012 106.20  34.98 1665    4.9
  57016 107.13  34.35  613    3.7
  57020 107.40  34.37  563    7.4
  57021 107.13  34.65  751   0.01
  57024 107.65  34.45  671   0.01
  57119 106.70  33.17  551    1.8
  57126 107.55  33.22  470   11.7
  57128 107.33  33.17  487    6.9
  57129 107.72  32.98  447   10.6
  57137 108.32  33.32  801   18.1
  57140 109.12  33.67  818    1.8
  57155 109.87  33.55  661   0.01
  57175 112.23  33.05  192   0.01
  57186 114.05  33.60   59   0.01
  57213 106.93  33.00  537    4.5
  57216 106.83  32.35  577    4.2
  57217 106.28  32.23  493    1.1
  57231 108.53  32.53  504   11.8
  57233 108.50  32.90  413   17.5
  57242 109.37  32.85  285   17.0
  57247 108.90  32.32  442   11.2
  57248 109.33  32.40  429   16.0
  57249 109.68  32.32  453   16.7
  57253 110.82  32.85  204    2.1
  57254 110.12  32.82  324    9.6
  57257 110.23  32.23  309   20.4
  57260 111.52  32.55  143    1.8
  57268 111.63  32.27   87    3.6
  57271 112.38  32.55   89    1.5
  57273 112.85  32.68  110    0.5
  57274 112.12  32.70  108   0.01
  57281 113.30  32.70  142    0.7
  57292 114.63  32.97   44   0.01
  57295 114.35  32.62   83    3.1
  57296 114.73  32.35   50    3.1
  57298 114.55  32.22   56    2.2
  57299 114.90  32.02   50    1.4
  57303 105.92  31.73  460    1.9
  57304 105.17  31.67  517   0.01
  57307 105.08  31.10  408   0.01
  57308 105.38  31.22  421   0.01
  57309 105.88  30.98  375    1.3
  57314 106.07  31.35  385    3.9
  57315 106.40  31.53  658    3.0
  57317 106.42  31.03  323    2.9
  57318 106.55  31.07  339    3.8
  57320 107.22  31.93  483    8.2
  57324 107.08  31.58  363    5.0
  57326 107.72  31.37  390    2.4
  57329 107.85  31.10  462    0.6
  57333 108.67  31.95  800    5.7
  57338 108.42  31.18  213    8.2
  57339 108.68  30.95  296    6.4
  57345 109.62  31.40  339    5.2
  57349 109.87  31.07  270    2.3
  57361 111.27  31.88  331    9.3
  57362 110.67  31.75  939    6.1
  57363 111.83  31.80  146   10.4
  57368 111.63  31.05  138    1.7
  57370 112.22  31.73   68    8.7
  57377 112.22  31.00  184    2.6
  57385 113.82  31.63   94    0.6
  57386 114.00  31.25   37    0.1
  57387 113.13  31.00   80    2.2
  57388 113.70  31.27   55    0.1
  57389 113.75  31.03   33    2.4
  57390 114.07  31.80  731    3.4
  57396 114.85  31.63  130    2.2
  57398 114.62  31.28   76    2.4
  57401 105.37  30.87  380    0.6
  57402 105.70  30.77  395    1.0
  57407 105.03  30.28  464    8.4
  57408 105.35  30.12  333   19.5
  57409 105.80  30.18  295   21.0
  57413 106.97  30.85  295    4.5
  57414 106.45  30.55  396   10.0
  57415 106.63  30.47  336   15.6
  57416 106.93  30.33 3915   39.4
  57417 106.28  30.35  315   17.7
  57420 107.20  30.75  397   16.4
  57425 107.33  30.33  430   45.2
  57431 108.35  30.83  256    7.7
  57437 108.03  30.30  326   39.6
  57438 108.12  29.98  630   61.1
  57453 111.32  30.77  116    2.4
  57460 111.78  30.82   91    3.0
  57462 111.08  30.87  104    2.9
  57464 111.18  30.47  144   13.3
  57465 111.45  30.38   76   12.6
  57466 111.77  30.43   50   11.5
  57469 111.77  30.18   68   12.4
  57475 112.90  30.40   33    8.2
  57477 112.22  30.07   39   11.2
  57481 113.58  30.95   31    2.9
  57485 113.45  30.37   33    7.3
  57486 113.85  30.65   25    3.9
  57489 114.00  30.58   39    4.8
  57491 114.40  30.87   31    5.0
  57492 114.80  30.83   33    4.9
  57495 114.88  30.67   19    4.4
  57496 114.87  30.37   30    7.8
  57498 114.90  30.43   22    7.8
  57499 114.97  30.10   40    8.2
  57505 105.58  29.42  324   29.0
  57506 105.90  29.37  376   29.2
  57507 105.30  29.33  374   24.1
  57508 105.37  29.15  302   28.8
  57509 106.93  28.95  325   34.7
  57510 106.05  29.85  275   36.9
  57511 106.45  29.85  242   29.8
  57513 106.62  29.73  457   34.5
  57514 106.22  29.58  325   34.3
  57518 106.53  29.38  243   33.5
  57519 107.08  29.15  559   25.3
  57522 107.42  29.75  273   28.9
  57525 107.75  29.32  273   24.4
  57537 108.17  29.30  321   35.9
  57540 109.15  29.68  776   47.4
  57541 109.48  30.00  533   37.4
  57543 110.03  29.88  540   36.7
  57544 109.45  29.47  486   49.6
  57558 110.47  29.13  184   61.3
  57564 111.13  29.43  103   33.0
  57565 111.75  29.65   39   34.5
  57566 111.65  29.45   50   36.4
  57571 112.40  29.70   37   37.5
  57575 112.57  29.52   32   30.5
  57577 112.17  29.40   37   32.7
  57582 113.88  29.73   51   24.1
  57585 113.45  29.48   60   28.1
  57586 114.03  29.53   79   26.0
  57589 113.80  29.25  103   26.5
  57590 114.37  29.85   64   15.3
  57596 114.20  29.63    0   28.9
  57600 105.07  28.72  256   25.2
  57603 105.83  28.82  283   40.9
  57605 105.82  28.03  539   10.1
  57609 105.70  28.58  316   25.6
  57623 107.60  28.88  684   31.8
  57634 107.88  28.52  658   23.2
  57635 108.98  28.45  363   31.6
  57636 108.50  28.57  335   24.6
  57637 108.12  28.25  524   20.3
  57640 109.45  28.58  344   33.2
  57643 109.83  29.00  268   55.2
  57646 109.95  28.62  301   37.0
  57657 110.20  28.22  182   16.8
  57658 110.20  28.02  144   23.2
  57661 111.48  28.92   51    2.8
  57663 111.95  28.92   31   46.2
  57666 112.13  28.52   49   36.8
  57674 112.47  28.57   44   28.1
  57678 112.55  28.25   71    9.9
  57680 113.07  28.80   47   25.1
  57688 113.63  28.15  100   16.1
  57694 114.38  28.53  256    8.3
  57698 114.45  28.12   99   12.1
  57699 114.92  28.23   68   11.8
  57708 105.60  27.15 1704    6.4
  57713 106.88  27.70  844    7.6
  57714 106.23  27.47  942    1.4
  57717 106.83  27.53  974    4.5
  57719 106.97  27.07 1280   28.0
  57720 107.17  27.88  888   16.4
  57723 107.72  27.98  710   16.4
  57728 107.47  27.07 1095   25.2
  57732 108.40  28.02  458   13.0
  57734 108.23  27.57  468   25.3
  57735 108.82  27.18  396   25.3
  57736 108.85  27.70  376   23.1
  57737 108.12  27.03  546   17.7
  57738 108.42  27.05  517   25.2
  57739 108.88  27.23  375   22.2
  57740 109.60  27.95  349   14.4
  57742 109.20  27.52  883   25.1
  57743 109.80  27.88  176   22.3
  57744 109.17  27.37  356   11.2
  57754 110.15  27.35  170   11.8
  57760 111.43  27.70  247   15.5
  57762 111.70  27.68  163   10.1
  57763 112.00  27.73  151   14.6
  57767 111.03  27.12  266   15.9
  57768 111.45  27.32  242   20.0
  57769 111.73  27.23  257   23.4
  57771 112.52  27.93   89    9.8
  57772 112.50  27.75   84   11.7
  57773 112.82  27.87   63   14.8
  57777 112.87  27.23   65   18.5
  57778 112.95  27.10   68    6.7
  57781 113.50  27.65   71   40.8
  57786 113.85  27.65  110   36.8
  57792 114.68  27.82   93   21.6
  57796 114.93  27.80   79   19.0
  57798 114.60  27.40   89   12.6
  57800 105.37  26.77 1458   20.9
  57807 105.47  26.20 1359   10.7
  57808 105.75  26.32 1272   17.2
  57809 105.75  26.07 1251    5.1
  57811 106.60  26.85 1242   25.7
  57813 106.47  26.57 1265   26.3
  57814 106.27  26.42 1285   13.1
  57818 106.45  26.03 1145   15.0
  57821 107.50  26.70  924   37.2
  57822 107.90  26.90  833   24.8
  57824 107.23  26.58 1005   24.7
  57828 107.58  26.50  983   32.4
  57829 107.80  26.20  964   17.6
  57834 108.30  26.68  642   33.7
  57835 108.43  26.72  521   31.2
  57837 108.07  26.40  838   27.3
  57842 109.72  26.88  281   18.2
  57844 109.18  26.68  344   24.7
  57846 110.15  26.58  307   10.7
  57851 110.85  26.45  307    4.5
  57859 110.63  26.03  409   22.6
  57860 111.28  27.00  282   20.8
  57865 111.58  26.47  166    7.7
  57867 111.28  26.40  169    9.9
  57868 111.87  26.60  113    4.6
  57870 112.10  26.80  151    1.4
  57871 112.37  26.98   91   13.5
  57875 112.50  26.88   71    1.0
  57876 112.83  26.43  118    1.0
  57881 113.25  26.72  105    2.2
  57882 113.55  26.78  135    2.2
  57883 114.28  26.75  257    0.6
  57886 113.78  26.50  226    0.8
  57887 113.12  26.13  124    1.4
  57891 114.25  26.93  144    1.6
  57899 114.92  26.80   66    0.6
  57900 105.22  25.83 1553    1.3
  57903 105.60  25.93 1138    3.4
  57905 105.63  25.40 1063    2.2
  57908 105.48  25.12 1393    0.2
  57909 105.82  24.98  584    0.1
  57911 106.65  26.67 1325   35.5
  57913 106.98  26.45 1095   16.2
  57914 106.67  26.42 1143   13.9
  57915 106.77  26.63 1102   31.5
  57921 107.32  25.83  710   11.4
  57923 107.87  25.98  418    9.1
  57927 107.18  24.97  283    3.4
  57936 108.92  25.75  255    5.0
  57941 109.60  25.78  198    1.9
  57942 110.00  25.80  267    4.9
  57948 109.25  25.08  123    1.9
  57949 110.00  24.98  157   17.8
  57954 110.18  25.23  158   15.5
  57955 110.67  25.62  224    5.5
  57956 110.32  25.42  169    8.0
  57958 110.32  25.08  152   20.0
  57960 111.07  25.93  192   14.7
  57962 111.65  25.97  166    3.9
  57964 111.15  25.50  258    5.4
  57966 111.95  25.60  205    2.4
  57969 111.33  25.27  230   17.3
  57971 112.20  25.92  225    1.3
  57973 112.72  25.75  328    2.2
  57975 112.20  25.38  278    3.3
  57976 112.95  25.42  226    0.5
  57978 112.55  25.28  291    3.4
  57981 113.22  25.98  141    0.2
  57985 113.68  25.57  608   0.01
  57990 114.30  25.70  252   0.01
  57992 114.75  25.67  129   0.01
  58112 116.45  30.73  933    7.3
  58205 115.43  32.47   36   0.01
  58207 115.05  32.17   42    1.7
  58214 116.28  32.33   37    1.1
  58223 117.98  32.78   38   0.01
  58230 118.27  32.08   34    0.6
  58234 118.42  32.47   43   0.01
  58235 118.85  32.37   16    0.3
  58237 118.62  32.05   22    0.5
  58242 119.18  32.28   14    0.8
  58244 119.58  32.45   10    0.4
  58245 119.42  32.42   14    0.3
  58249 120.00  32.17    8    1.3
  58250 120.15  32.52   10    0.1
  58254 120.45  32.52    5   0.01
  58257 120.25  31.98   12    1.8
  58264 121.18  32.33   11    0.1
  58268 121.08  32.10    8    0.3
  58269 121.65  31.78   12   0.01
  58301 115.38  31.82   90    1.6
  58306 115.88  31.68   94    3.2
  58316 116.95  31.47   26    2.8
  58317 116.37  30.87  434    5.7
  58320 117.13  31.73   26    0.6
  58323 117.47  31.88   29    0.7
  58327 117.28  31.25   24    1.6
  58329 117.87  31.33   24    2.2
  58330 118.08  31.75   20    0.3
  58331 118.37  31.73   26    0.6
  58334 118.37  31.38   23    2.2
  58335 118.52  31.57   16    2.9
  58337 118.18  31.08   30    0.9
  58339 118.90  31.33   24    2.0
  58340 119.03  31.65   23    1.2
  58341 119.58  31.98   10    1.2
  58342 119.55  31.72    7    0.8
  58344 119.20  31.97   35    1.6
  58346 119.82  31.33   15    0.5
  58349 120.63  31.27    9   0.01
  58351 120.30  31.90   12    1.1
  58352 120.77  31.65    8   0.01
  58353 120.57  31.87    6    0.8
  58359 120.62  31.13    9   0.01
  58366 121.40  31.63    9   0.01
  58370 121.55  31.22   11   0.01
  58377 121.10  31.47    6   0.01
  58401 115.40  30.78  106    9.2
  58404 115.22  30.47   57    8.2
  58408 115.43  30.23   35    5.2
  58409 115.93  30.07   20    5.6
  58415 116.58  30.63   38    5.3
  58416 116.82  30.75   38    4.2
  58417 116.13  30.17   50    4.6
  58418 116.70  30.13   26    3.9
  58420 117.22  30.72   38    3.3
  58421 117.87  30.63   32    1.6
  58423 117.78  30.48  643    4.1
  58426 118.13  30.30  192    1.6
  58427 117.48  30.67   36    2.8
  58428 117.48  30.22  115    2.6
  58431 118.32  30.92   17    0.6
  58432 118.40  30.68   39    1.7
  58433 118.75  30.93   30    1.3
  58435 118.53  30.30  221    1.7
  58438 118.58  30.08  197    0.3
  58442 119.18  31.13   16    3.0
  58443 119.90  31.02   19   0.01
  58446 119.68  30.63   25    1.7
  58449 119.95  30.05   47   0.01
  58452 120.77  30.73    4   0.01
  58453 120.50  30.07   10   0.01
  58454 119.97  30.53    5   0.01
  58456 120.52  30.63    6   0.01
  58459 120.28  30.18   42   0.01
  58461 121.12  31.13    8   0.01
  58501 115.63  29.93   25    6.7
  58502 116.00  29.73   37   16.0
  58503 115.68  29.70   41   22.3
  58508 115.77  29.33   42   13.4
  58509 115.82  29.05   38    6.4
  58510 116.23  29.73   40   14.2
  58512 116.55  29.90   66    3.2
  58514 116.05  29.45   35    9.1
  58517 116.20  29.27   43    6.7
  58523 117.93  29.93  231    1.5
  58529 117.85  29.27   82    0.5
  58530 118.43  29.87  170    2.0
  58534 118.18  29.78  173    1.7
  58537 118.40  29.13  153   0.01
  58542 119.68  29.82   45    0.1
  58544 119.27  29.48   87   0.01
  58601 115.38  28.70   54    2.1
  58602 115.55  28.85   46    3.9
  58605 115.38  28.42   49    3.5
  58607 115.95  28.55   35    4.3
  58609 115.82  28.22   30    6.7
  58612 116.68  28.70   22    2.1
  58614 116.27  28.38   40    5.2
  58615 117.08  28.68   56    2.0
  58616 116.82  28.20   44    1.3
  58618 116.60  28.23   51    4.5
  58619 116.37  28.00   47    5.5
  58620 117.13  28.97   37    1.5
  58624 117.43  28.40   64    0.2
  58627 117.03  28.25   64    0.8
  58693 115.83  28.70   37    1.7
  58701 115.40  27.77   47   24.8
  58704 115.35  27.62   61   21.1
  58706 115.83  27.43  180    7.1
  58707 115.13  27.22   66    5.9
  58710 116.05  27.77   76    9.6
  58712 116.78  27.92  123    1.6
  58713 117.07  27.72  220   0.01
  58714 116.23  27.55  115    5.2
  58719 116.93  27.30  123   0.01
  58724 117.30  27.52  264   0.01
  58819 116.80  26.17  329    0.5
  58822 116.85  26.83  341   0.01
  58903 116.03  25.90  208    6.1
  58906 115.80  25.60  167    7.0
  58912 116.75  25.72  379    2.9
  59001 105.33  24.78  674   0.01
  59012 106.55  24.78  973   0.01
  59022 107.55  24.98  695    9.3
  59025 107.38  24.53  249    2.9
  59027 107.25  24.13  244    0.2
  59031 108.25  24.83  205    6.8
  59033 108.90  24.78  330    3.9
  59034 108.67  24.48  149    6.7
  59038 108.65  24.07  142    7.6
  59041 109.25  24.65  109    0.4
  59044 109.38  24.47   99    0.1
  59045 109.75  24.48   95   19.5
  59047 109.33  24.25  101    0.5
  59051 110.50  24.77  133    6.9
  59052 110.82  24.83  167   25.7
  59053 110.67  24.62  108   19.9
  59055 110.40  24.50  166    7.2
  59057 110.18  24.13  827    4.6
  59059 110.80  24.18  107   15.5
  59061 111.27  24.82  198   21.1
  59063 111.45  25.18  262   11.3
  59064 111.32  24.55  141    6.8
  59071 112.28  24.73  175   0.01
  59074 112.15  24.57  300    2.0
  59075 112.63  24.48   70   0.01
  59081 113.27  24.78   98   0.01
  59091 114.53  24.75  257    1.0
  59094 114.12  24.37  135    2.8
  59127 117.83  24.43   14    0.2
  59213 106.92  23.73  113    6.8
  59215 106.62  23.33  640    0.1
  59224 107.12  23.60  116   0.01
  59227 107.15  23.08  438    0.6
  59229 107.70  23.18  101    1.4
  59230 108.17  23.72  173    2.1
  59235 108.62  23.43  116    7.8
  59237 108.28  23.17  115    8.7
  59238 108.80  23.22  123    1.8
  59241 109.68  23.97   91   15.2
  59246 109.67  23.60   70    2.7
  59249 109.62  23.12   56    0.9
  59255 110.38  23.55   37    8.7
  59256 110.92  23.37   56   22.1
  59264 111.50  23.40   79   0.01
  59266 111.23  23.42   46    0.2
  59276 112.65  23.35   40    0.6
  59279 112.87  23.18   18    0.4
  59285 113.60  23.57   39    0.2
  59288 113.13  23.05    3    0.4
  59290 114.23  23.73   71   0.01
  59310 116.18  23.77   39    0.2
  59312 116.63  23.67   11    0.5
  59314 116.13  23.30   27    0.1
  59315 116.38  23.58   25   0.01
  59318 116.58  23.27   10    0.3
  59419 106.75  22.10  243   0.01
  59421 107.20  22.83  257    0.1
  59432 108.40  22.80  203    0.1
  59441 109.25  22.70   78   13.3
  59448 109.55  22.27   70   0.01
  59451 110.35  22.70   99    1.5
  59452 110.53  22.85  100   16.4
  59454 111.00  22.92  104    0.8
  59469 111.78  22.17   33    2.2
  59470 112.22  22.72   33    1.6
  59471 112.05  22.93  102    0.7
  59473 112.97  22.77   20    0.1
  59475 112.65  22.40   24    0.5
  59476 113.03  22.53   35    0.8
  59477 112.30  22.18   25    5.8
  59480 113.25  22.85   21    0.2
  59481 113.32  22.93   16    0.3
  59487 113.30  22.23   12    1.2
  59640 109.18  21.67    6    0.1
  59650 110.25  21.38   25   0.01
  59653 110.85  21.93   35   0.01
  59757 110.37  20.00   10   17.2
  59842 109.68  19.90   31   0.01
  59847 109.05  19.27  101    5.7
  59848 109.43  19.23  219   33.5
  59851 110.33  19.70   25   56.1
  59854 110.10  19.37  119    9.4
  59856 110.75  19.62   26   10.8
  59940 109.17  18.75  156   0.01
  59941 109.52  18.77  328   23.0
  59945 109.70  18.65   65   84.7
