diamond  3 2014年06月22日08点24小时降雨量                    
  14  06  22  08    -1 3 10 25 50 1 0
 39 122.7  37.3 122.5  36.7 120.8  36.2 119.3  35.0 120.4  34.3
 121.1  32.7 122.3  30.9 122.5  30.1 121.5  28.0 119.8  25.0
 116.1  22.6 111.0  21.0 111.0  18.6 109.6  18.1 108.3  18.5
 108.9  19.9 109.3  21.0 106.4  21.6 104.1  22.2 101.6  20.8
  98.7  22.0  97.1  24.1  97.7  27.0  91.7  26.6  85.7  27.7
  78.9  30.6  73.3  37.1  74.1  40.7  87.6  49.8  98.5  43.9
 110.4  44.3 122.0  54.7 135.7  48.3 131.5  42.2 125.2  39.4
 121.3  38.5 121.2  40.3 118.5  38.6 120.8  38.1
 1     899
 50749 124.83  47.18   154    3.8
 50859 126.28  46.29   169    1.0
 50913 118.83  45.72   865    1.5
 50924 119.67  45.53   823    6.5
 50928 120.33  45.07   628    1.3
 50937 121.48  45.06   282   10.0
 50939 122.82  45.33   150   0.01
 50956 126.77  46.08   134   0.01
 50971 131.02  45.77   223    1.0
 51468  86.83  43.10  3539    0.8
 51482  90.28  43.83  1271    7.9
 51559  86.40  42.32  1100    0.2
 51568  86.80  42.25  1085   0.01
 51571  88.63  42.80     1   0.01
 51627  79.23  41.22  1395    2.5
 51629  80.23  41.27  1132   0.01
 51636  82.65  41.55  1009   0.01
 51707  76.73  39.50  1208    2.2
 51708  75.95  39.15  1325    0.5
 51722  80.40  40.65  1044    1.4
 51747  83.67  39.00  1099   0.01
 51802  76.17  38.93  1297    1.1
 51814  77.40  37.92  1360    9.5
 51815  77.27  38.20  1274    2.9
 51826  80.80  37.02  1336   0.01
 51827  79.63  37.17  1348   0.01
 51829  80.17  37.08  1347   0.01
 51839  82.72  37.07  1409   0.01
 53378 112.62  41.28  1737    0.1
 53384 113.18  41.45  1423    1.1
 53385 113.54  41.60  1420    0.1
 53392 114.60  41.85  1422    2.5
 53397 113.98  41.10  1376    5.4
 53469 111.82  40.40  1166    0.3
 53472 112.57  40.87  1451   0.01
 53481 113.22  40.80  1316    1.0
 53483 113.83  40.87  1268    1.5
 53484 113.15  40.45  1191    2.4
 53486 113.77  40.37  1050    0.7
 53488 113.58  40.03  1034    4.0
 53491 114.38  40.67   837   10.9
 53492 114.15  40.10   937    3.1
 53498 115.03  40.57   629    6.6
 53499 114.73  40.77   755    5.6
 53573 112.70  40.00  1336    2.3
 53576 112.82  39.50  1045   0.01
 53577 112.30  39.00  1437   0.01
 53579 112.90  39.02   859    3.2
 53580 113.10  39.82  1044    0.7
 53582 113.67  39.72  1079    3.5
 53584 113.17  39.57  1000   0.01
 53585 113.27  39.17   933    3.9
 53590 114.27  39.75   977    6.9
 53596 115.13  38.85    52    1.4
 53599 114.68  39.37   884    9.2
 53660 111.08  39.02   894    0.6
 53674 112.70  38.40   869    4.6
 53677 112.48  37.93   806    0.3
 53678 112.65  38.07   897    6.0
 53680 114.38  38.30   108    0.5
 53681 113.37  38.83  1096    6.9
 53685 113.42  38.07   953    5.9
 53688 114.55  38.42   100    0.3
 53690 114.18  38.85   281    2.1
 53692 114.98  38.73    66   13.3
 53693 114.13  38.03   255    1.4
 53694 114.22  38.27   131    0.8
 53695 114.68  38.35    70   0.01
 53763 112.17  37.92  1006    2.1
 53769 111.78  37.25   747   0.01
 53776 112.77  37.68   831   0.01
 53777 112.15  37.53   759    2.1
 53780 113.15  37.91  1066    0.6
 53782 113.62  37.93   767    1.4
 53783 113.70  37.60   876    6.6
 53786 113.33  37.09  1152    4.1
 53788 113.57  37.33  1265    7.1
 53790 114.61  37.63    44    0.1
 53791 114.52  37.77    66    1.1
 53792 114.48  37.45   113    0.1
 53795 114.37  37.65   137   0.01
 53861 111.38  35.88   463    0.2
 53865 111.55  36.65  1011   13.1
 53866 111.67  36.23   462   29.3
 53869 111.70  36.58   550    1.6
 53871 112.85  36.83   964    0.7
 53872 112.68  36.77   960    0.6
 53873 112.87  36.10   951    6.9
 53874 111.90  36.25   648    0.2
 53875 112.35  36.52  1000    6.5
 53878 113.38  36.52   767    1.0
 53879 112.88  36.32   952    0.5
 53880 113.23  36.33   947   0.01
 53885 113.20  36.12  1122    1.2
 53886 113.67  36.57   470    7.5
 53888 113.43  36.20  1089    0.1
 53889 113.82  36.07   306    6.8
 53890 114.10  36.67   280    1.4
 53892 114.47  36.62    66    0.1
 53894 114.20  36.40   149    1.0
 53914 106.12  35.62  2078    0.1
 53947 109.07  35.08   978    0.1
 53958 110.78  35.17   435   0.01
 53961 111.48  35.65   472    5.6
 53962 111.70  35.73   584    0.2
 53965 111.57  35.52   761    1.0
 53966 111.83  35.98   817    0.8
 53970 112.20  35.70   887    4.2
 53972 112.90  35.05   117   0.01
 53973 112.95  35.77   837    1.1
 53974 114.23  35.61    70   0.01
 53976 112.87  35.50   752   23.6
 53978 112.63  35.08   140    0.1
 53979 113.08  35.15   120    0.2
 53981 113.27  35.78  1311    6.8
 53982 113.27  35.23   112    0.3
 53984 113.47  35.23    82   0.01
 53985 113.82  35.50   140    0.5
 53987 113.36  35.11    94   0.01
 53994 114.07  35.38    70   0.01
 53997 114.18  35.15    71   0.01
 54024 119.30  44.45   710    0.7
 54031 121.82  44.90   198    0.2
 54039 122.02  44.03   181   39.2
 54069 125.80  44.17   174    0.2
 54093 130.55  44.93   266    0.2
 54098 129.47  44.33   267   17.3
 54113 118.65  43.53   621    7.3
 54117 117.53  43.25  1003   20.9
 54122 120.05  43.88   374    0.2
 54132 121.07  42.40   400   11.9
 54192 130.27  43.70   384    9.8
 54204 115.00  42.30  1346    1.6
 54205 116.00  42.23  1315   10.4
 54214 118.42  42.58   960    4.8
 54231 122.35  42.97   248   0.01
 54234 121.75  42.73   297   0.01
 54248 123.53  42.03    61    0.4
 54249 123.87  42.30    85    0.1
 54279 126.58  42.05   544    3.9
 54301 115.67  41.67  1412    8.4
 54304 115.27  40.95  1239   13.0
 54305 115.27  41.88  1468    0.2
 54318 117.73  41.32   561    1.6
 54319 118.67  41.00   502   0.01
 54332 122.72  41.52    12   16.8
 54336 122.42  41.42     8   14.1
 54338 121.95  41.28     3    2.7
 54340 123.32  41.67    35    6.6
 54345 123.07  41.20    30   10.5
 54347 123.17  41.23    24    4.0
 54348 123.33  41.42    36   10.4
 54362 125.73  41.67   380   29.2
 54371 126.43  41.93   520    0.2
 54398 116.62  40.13    28    3.1
 54399 116.28  39.98    45   15.0
 54404 115.83  40.88   867    7.5
 54408 115.22  40.38   529    8.4
 54410 116.13  40.60  1224    7.1
 54412 116.63  40.73   331    2.8
 54419 116.63  40.37    75    0.4
 54421 117.12  40.65   293    0.3
 54425 117.47  40.40   633   24.8
 54430 118.15  40.77   269    2.3
 54431 116.63  39.92    43    5.9
 54432 118.48  40.60   304   0.01
 54433 116.50  39.95    35    3.7
 54434 118.33  40.17   131    6.2
 54437 118.62  39.51    18    1.1
 54438 118.88  39.88    65   0.01
 54439 118.72  40.02    50    0.6
 54474 122.35  40.42    24   0.01
 54475 122.48  40.62    11    9.2
 54499 116.22  40.22    76    2.0
 54501 115.68  39.97   440    7.9
 54502 116.03  39.48    29    5.7
 54505 116.10  39.94    98   13.7
 54507 115.52  39.33    49    0.1
 54510 116.95  39.91    18    0.3
 54513 116.20  39.95    65   13.7
 54514 116.25  39.87    55   16.2
 54515 116.70  39.50    13    0.1
 54519 116.48  39.30    12    5.7
 54521 116.98  39.77    13    4.0
 54523 117.02  39.38     4    2.4
 54529 117.82  39.35     3   0.01
 54530 117.77  39.23     1    0.6
 54532 118.08  39.81    31    9.8
 54533 118.10  39.58     8   15.6
 54535 118.47  39.28     3   0.01
 54569 121.95  39.42    11    1.2
 54594 116.35  39.72    37    2.5
 54596 116.19  39.77    48    5.1
 54597 115.73  39.73   407    2.3
 54601 115.65  38.98    13   0.01
 54604 115.33  38.42    29    0.2
 54605 115.93  38.93     4   0.01
 54607 115.12  38.72    45   12.2
 54611 115.32  38.93    44    0.3
 54620 115.57  38.48    18    0.2
 54622 117.37  38.98     3    0.1
 54626 115.82  38.42    13   0.01
 54714 116.33  37.45    23   0.01
 54724 117.13  37.32    14    0.1
 54726 117.18  37.70    11   0.01
 54729 117.87  37.17    11    0.6
 54731 118.22  37.48    11    0.2
 54732 118.52  37.87     5    3.7
 54734 118.00  37.36    12    0.1
 54736 118.67  37.43     6    0.6
 54737 118.15  37.15     9    2.0
 54749 119.95  37.18    48   0.01
 54755 120.39  37.33   117    3.4
 54759 120.85  37.32   205    6.0
 54765 121.43  37.48    82    0.5
 54766 121.59  37.43    39    4.7
 54777 122.07  37.20   118   57.3
 54778 122.48  37.17    61    0.8
 54811 116.62  36.93    20   0.01
 54821 117.20  37.00    20    0.1
 54822 117.73  36.87    47    0.1
 54824 117.95  36.63    95    0.4
 54828 117.68  36.23   229    4.5
 54829 117.87  36.77    85   0.01
 54831 118.50  36.65   102    0.6
 54832 118.73  36.88    25    5.9
 54833 118.08  36.97    15    0.1
 54837 118.83  36.68    78   0.01
 54841 119.42  36.86    23    2.7
 54844 119.18  36.42    62   0.01
 54846 119.74  36.39    51    0.4
 54848 119.42  35.98    82    0.9
 54849 120.03  36.22    84    0.1
 54851 120.56  36.90    76   10.9
 54852 120.73  36.97    54   0.01
 54855 120.47  36.38    26    0.2
 54861 121.53  36.93    45    6.7
 54922 117.78  35.88   224   0.01
 54932 118.65  35.77   186   0.01
 54938 118.40  35.05    65    0.2
 54939 118.82  35.17   113   0.01
 54943 120.00  35.88    10    1.6
 56016  95.62  33.85  4179    9.9
 56034  97.13  33.80  4415    3.6
 56045  99.90  33.97  4050    2.1
 56071 102.50  34.58  3105   0.01
 56097 104.25  33.27  1440   0.01
 56109  93.78  31.48  3940   10.7
 56128  96.60  31.22  3810    4.1
 56147  98.83  31.22  3260    6.2
 56158 100.67  31.40  3250   14.6
 56164 100.98  32.27  3284    5.2
 56168 102.07  31.48  2168    7.4
 56171 101.70  32.90  3275    0.9
 56181 103.70  30.68   541    0.9
 56183 103.62  31.50  1370    0.8
 56184 103.17  31.43  1896    3.2
 56185 102.98  32.08  2400    0.1
 56189 103.93  30.98   581    0.8
 56199 104.68  31.03   423    0.3
 56263 101.88  30.88  1949   19.1
 56267 101.02  30.03  2600   32.1
 56272 103.88  30.82   558    0.7
 56273 102.82  30.39  1022   10.2
 56276 103.82  30.45   467    0.2
 56278 102.77  30.07   755    5.8
 56279 102.93  30.15   682    5.4
 56280 103.12  30.08   691    1.4
 56281 103.50  30.18   510    0.5
 56284 103.43  30.45   518    0.9
 56285 103.52  30.60   523    0.7
 56286 104.25  30.55   515    0.6
 56288 103.92  30.58   494    0.9
 56289 103.87  30.20   437   0.01
 56290 104.18  30.78   514    0.2
 56291 104.28  30.93   469    0.4
 56295 104.55  30.38   448    0.2
 56296 104.43  30.85   448   0.01
 56298 104.60  30.13   417   0.01
 56317  94.22  29.22  2950    0.8
 56371 102.23  29.92  1321   13.0
 56373 102.85  29.78   763    3.3
 56378 102.35  29.23   890    1.0
 56380 103.35  29.88   571    0.1
 56381 103.50  30.07   630    0.2
 56391 103.82  30.08   415   0.01
 56399 104.98  29.18   306   0.01
 56441  99.28  28.72  2422    0.3
 56443  99.80  28.93  2842    1.8
 56473 102.77  28.95  1060   0.01
 56474 102.17  28.55  1774    1.5
 56478 102.43  28.30  1818    0.7
 56487 103.13  28.33  1943   0.01
 56489 103.63  28.23   877    0.1
 56493 104.97  28.85   292   0.01
 56496 105.23  28.32   358    0.3
 56567 100.85  27.30  2240    3.1
 56569 102.18  27.42  1380    5.3
 56575 102.55  27.37  1428    9.6
 56578 102.75  27.07   993    2.0
 56580 102.80  27.72  2460    3.3
 56582 103.90  27.75  1176    0.2
 56584 103.25  27.70  1093    0.6
 56592 104.52  28.43   359   0.01
 56595 104.87  27.42  1645    0.4
 56596 105.05  27.85  1177    0.6
 56598 104.73  27.13  1535    0.1
 56641  98.87  26.90  1189    5.0
 56652 100.75  26.68  2130   0.01
 56654 100.18  26.58  2195   0.01
 56669 101.67  26.05  1531    0.1
 56670 102.12  26.92  1136    3.5
 56673 102.92  26.92   893    0.8
 56674 101.73  26.50  1108    0.3
 56675 102.58  26.65  1694    1.7
 56688 103.17  26.10  1254    2.6
 56742  99.37  25.90  1658    2.1
 56745  99.95  25.68  1626    4.4
 56746  99.52  25.47  1616    1.7
 56757 100.28  25.27  1742    0.6
 56761 101.32  25.72  1878    0.2
 56766 101.52  25.31  1822    0.1
 56767 101.28  25.18  1857    0.4
 56772 102.50  25.23  1692   11.3
 56774 102.42  25.53  1710    9.0
 56775 102.45  25.55  1750   20.8
 56781 103.27  25.55  1873    1.6
 56782 103.55  25.42  2067    0.3
 56783 103.80  25.50  1906   0.01
 56785 103.08  25.36  1915    3.6
 56788 103.62  24.98  1857    0.1
 56790 104.25  25.68  1925   0.01
 56835  97.82  24.07   959    1.0
 56836  97.95  24.70   826    8.6
 56839  98.82  23.77   995    3.8
 56840  98.30  24.82  1012   18.3
 56841  98.68  24.60  1528   11.5
 56842  99.18  24.73  1471    6.8
 56843  99.62  24.83  1650   10.3
 56844  98.58  24.43   913    2.3
 56846  99.93  24.58  1569    3.2
 56849  99.23  24.03  1606    2.8
 56851 100.53  25.04  1377    0.1
 56854 100.13  24.45  1108    0.7
 56862 101.60  24.68  1968    1.6
 56863 102.48  24.93  1848    1.7
 56871 102.60  24.65  1893    4.8
 56872 102.62  24.95  2358    0.6
 56873 102.92  24.68  1796   21.2
 56876 102.77  24.28  1731    5.6
 56878 102.75  24.13  1801    3.4
 56879 102.91  24.19  1702   13.9
 56880 103.17  24.92  1532    0.6
 56881 103.27  24.75  1695    0.4
 56882 102.83  24.91  1976    0.2
 56883 103.98  24.82  1900    1.1
 56885 103.45  24.40  1415    2.2
 56889 104.17  24.05  1518    4.1
 56891 104.32  24.98  1482    4.7
 56898 102.41  24.18  1600   0.01
 56944  99.27  23.15  1278    1.5
 56948  99.60  22.63  1155    0.3
 56949  99.60  22.32   945   0.01
 56950  99.80  23.47  1044    2.0
 56952 100.70  23.50   913   0.01
 56958 100.42  21.92  1176    0.1
 56961 101.05  23.03  1336    0.3
 56973 102.83  23.62  1309    0.1
 56978 102.42  23.00  1642    0.2
 56982 103.29  23.70  1117    2.2
 56987 103.23  22.78  1260    0.2
 56992 104.70  23.45  1507    0.1
 56994 104.28  23.33  1293   11.1
 56995 104.42  23.03  1332   16.8
 56996 104.70  23.13  1093   11.2
 57176 112.42  33.48   231    0.1
 57194 114.27  33.28    59   0.01
 57197 114.35  32.97    50    0.1
 57247 108.90  32.32   438    0.1
 57248 109.33  32.40   431   0.01
 57249 109.68  32.32   448    0.1
 57257 110.23  32.23   307   0.01
 57268 111.62  32.27   120   0.01
 57292 114.63  32.97    44    0.2
 57293 114.98  32.73    38    0.4
 57294 114.02  32.83    83    0.1
 57295 114.35  32.62    78    0.3
 57296 114.73  32.35    48    0.1
 57299 114.90  32.02    49   0.01
 57307 105.08  31.10   404   0.01
 57314 106.07  31.35   405    0.1
 57317 106.42  31.03   324   0.01
 57318 106.55  31.07   338   0.01
 57326 107.72  31.37   389   0.01
 57329 107.85  31.10   467    1.2
 57333 108.67  31.95   798    0.4
 57338 108.42  31.18   216    1.1
 57339 108.68  30.95   297    1.3
 57345 109.62  31.40   337    0.1
 57349 109.87  31.07   275   0.01
 57362 110.67  31.75   935    0.4
 57363 111.83  31.80   151    0.1
 57368 111.63  31.05   141    0.1
 57377 112.22  31.00   191   0.01
 57385 113.82  31.62    93   0.01
 57388 113.71  31.27    53   0.01
 57389 113.75  31.03    32   0.01
 57401 105.37  30.87   383    0.4
 57402 105.70  30.77   394    1.2
 57407 105.03  30.28   462   0.01
 57409 105.80  30.18   297   0.01
 57413 106.97  30.85   295    0.2
 57414 106.45  30.52   403    0.7
 57415 106.63  30.53   394    1.7
 57416 106.93  30.33   391    9.6
 57417 106.28  30.35   315    0.5
 57420 107.18  30.75   418    1.8
 57425 107.33  30.33   433    5.5
 57431 108.35  30.83   257    1.1
 57437 108.03  30.30   325    3.3
 57438 108.12  29.98   632    4.3
 57453 111.32  30.77   115    0.4
 57460 111.78  30.82    91   0.01
 57462 111.08  30.87   139    0.4
 57464 111.18  30.47   142    1.2
 57465 111.45  30.38    74    0.3
 57466 111.75  30.43    50    0.2
 57469 111.77  30.18    69    0.2
 57475 112.90  30.40    31   0.01
 57477 112.22  30.07    38    0.1
 57481 113.57  30.95    30   0.01
 57491 114.40  30.87    31   0.01
 57496 114.87  30.37    31    0.1
 57499 114.88  30.07    40    0.9
 57505 105.58  29.42   338   0.01
 57506 105.90  29.37   353    2.6
 57508 105.37  29.15   301   0.01
 57509 106.93  28.95   325   11.0
 57510 106.07  29.85   326    0.4
 57511 106.45  29.85   240    0.7
 57513 106.62  29.73   464    2.0
 57514 106.22  29.58   331    0.2
 57518 106.50  29.33   506    2.7
 57519 107.11  29.16   698    6.3
 57522 107.27  29.74   372    5.1
 57525 107.75  29.32   277   11.2
 57537 108.17  29.30   322   13.4
 57540 109.15  29.68   776    4.8
 57541 109.48  30.00   532    3.6
 57543 110.03  29.90   539    5.1
 57544 109.45  29.47   488   13.3
 57558 110.47  29.13   183    5.4
 57564 111.13  29.43   103    0.4
 57565 111.73  29.67    38    1.0
 57566 111.65  29.45    51    0.6
 57571 112.40  29.70    35   0.01
 57575 112.55  29.52    31   0.01
 57577 112.17  29.40    36    0.4
 57582 113.88  29.72    46    0.8
 57585 113.45  29.48    60    0.2
 57586 114.03  29.53    78    0.1
 57589 113.87  29.27   146    0.3
 57590 114.37  29.85    98    0.9
 57596 114.20  29.63   751    0.8
 57600 105.06  28.71   420    0.1
 57603 105.83  28.82   283    0.7
 57605 105.82  28.03   537    2.2
 57609 105.70  28.58   317    1.7
 57623 107.60  28.88   685    9.9
 57634 107.88  28.52   660   20.4
 57635 108.98  28.45   363   17.3
 57636 108.50  28.57   334    5.5
 57637 108.10  28.25   629   18.7
 57640 109.45  28.58   341   11.5
 57643 109.83  29.00   268   16.6
 57646 109.95  28.62   302    9.9
 57657 110.20  28.22   186    0.8
 57658 110.20  28.02   152    2.5
 57661 111.48  28.92    48    0.8
 57663 111.95  28.92    31    1.0
 57666 112.13  28.52    52    7.9
 57674 112.38  28.57    46    6.3
 57678 112.55  28.25    74    2.8
 57680 113.07  28.80    46    0.4
 57688 113.63  28.16   101   0.01
 57694 114.38  28.53   259   14.0
 57698 114.45  28.12    98   29.1
 57699 114.92  28.23    66   12.9
 57708 105.60  27.15  1700    0.2
 57713 106.88  27.70   843    2.5
 57714 106.23  27.47   942    2.1
 57717 106.83  27.53   974    4.4
 57719 106.97  27.07  1275    0.2
 57720 107.17  27.88   889    2.4
 57723 107.72  27.98   710    9.3
 57728 107.47  27.07  1096    1.1
 57732 108.40  28.02   456    6.1
 57734 108.23  27.57   467    2.9
 57735 108.82  27.18   404    5.6
 57736 108.85  27.70   369    4.5
 57737 108.12  27.03   547    4.8
 57738 108.42  27.05   516    1.5
 57739 108.92  27.23   394    2.8
 57740 109.60  27.95   349    9.5
 57742 109.20  27.52   884   13.1
 57743 109.80  27.88   176    4.9
 57744 109.17  27.37   355    4.4
 57754 110.15  27.35   170    2.4
 57760 111.43  27.70   249    1.9
 57762 111.70  27.69   165    0.5
 57763 112.00  27.68   205    2.2
 57768 111.45  27.32   242    0.1
 57769 111.73  27.23   252   0.01
 57771 112.53  27.93    88    6.0
 57772 112.50  27.75    86    5.1
 57773 112.83  27.88    63    1.2
 57777 112.87  27.23    63   13.5
 57778 112.95  27.09    70   34.4
 57781 113.50  27.65    74   44.1
 57783 113.82  27.88   118   27.0
 57786 113.85  27.63   117   45.7
 57792 114.68  27.82    93   45.4
 57794 114.02  27.63   177   44.2
 57796 114.88  27.83   189   54.2
 57798 114.60  27.40    85   25.3
 57800 105.37  26.77  1457    0.1
 57813 106.47  26.57  1261    0.2
 57822 107.90  26.90   835    2.5
 57824 107.23  26.58  1001   0.01
 57828 107.58  26.50   983    0.4
 57829 107.80  26.20   963   0.01
 57834 108.30  26.68   641    2.6
 57835 108.43  26.72   527    1.5
 57837 108.07  26.40   839    0.1
 57842 109.72  26.88   281    4.6
 57844 109.18  26.68   343    0.4
 57846 110.15  26.58   310    6.1
 57851 110.83  26.46   346    7.1
 57859 110.63  26.03   408   0.01
 57860 111.28  27.00   283    2.7
 57865 111.58  26.47   166    1.9
 57867 111.28  26.40   169    0.2
 57868 111.86  26.59   113    9.5
 57870 112.10  26.80   151   13.8
 57871 112.37  26.98    90    8.4
 57875 112.68  26.75   137   26.4
 57876 112.83  26.43   135   31.7
 57881 113.25  26.72   101   66.1
 57882 113.55  26.79   136   12.8
 57883 114.28  26.75   253   51.9
 57886 113.80  26.48   268   20.4
 57887 113.12  26.12   167   17.2
 57891 114.25  26.93   153   39.1
 57895 114.78  26.47   101   66.3
 57899 114.92  26.80    71   62.5
 57903 105.60  25.94  1142   0.01
 57908 105.48  25.12  1394    0.3
 57909 105.82  24.98   584    0.1
 57913 106.98  26.45  1093    0.2
 57914 106.67  26.42  1149    0.1
 57915 106.77  26.63  1104   0.01
 57942 110.00  25.80   268    5.3
 57948 109.25  25.08   122   24.0
 57949 110.00  24.98   156   29.4
 57954 110.18  25.23   157   29.7
 57955 110.67  25.62   224    0.9
 57956 110.32  25.42   167    6.4
 57958 110.32  25.08   151   14.1
 57960 111.07  25.93   195    5.3
 57962 111.65  25.97   167   26.5
 57964 111.15  25.50   263   13.8
 57966 111.96  25.59   244   10.9
 57969 111.34  25.27   227   23.1
 57971 112.20  25.92   224   21.4
 57973 112.72  25.75   329    5.9
 57975 112.20  25.38   277   16.0
 57976 112.94  25.41   222   29.9
 57978 112.55  25.27   292    8.3
 57981 113.22  25.97   139   35.0
 57985 113.68  25.57   609    9.6
 57988 113.35  25.15   102    6.5
 57989 113.77  25.07   112   18.6
 57990 114.30  25.70   246   15.5
 57991 114.55  25.80   140   17.5
 57992 114.75  25.67   127   24.1
 57994 114.35  25.40   215    5.3
 57995 114.93  25.40   164    2.4
 58016 116.97  34.18    34   0.01
 58022 117.57  34.75    48   0.01
 58025 117.73  34.57    27    0.7
 58030 118.02  34.88    44    1.5
 58032 118.65  34.93    70    0.1
 58035 118.35  34.33    29    0.3
 58036 118.71  34.54    32    0.4
 58041 119.43  34.78    26    0.9
 58044 119.23  34.55     4    1.8
 58045 119.60  34.20     4    3.4
 58048 119.35  34.12     4    6.4
 58049 119.80  34.02     4    3.1
 58101 115.48  33.87    41   0.01
 58108 115.33  33.23    34   0.01
 58109 115.62  33.18    33   0.01
 58112 116.45  30.73   968    0.4
 58113 116.75  33.93    31    0.2
 58114 116.18  33.48    31   0.01
 58116 116.83  33.98    31   0.01
 58117 116.20  33.13    27    0.1
 58125 117.52  33.58    22   39.3
 58128 117.35  33.33    21    0.1
 58129 117.83  33.15    14    4.0
 58131 118.22  33.97    25    0.8
 58132 118.68  33.72    14    1.5
 58139 118.91  33.31    10    1.9
 58140 119.30  33.77     9    6.3
 58145 119.15  33.50     7    1.2
 58146 119.77  33.47     3    2.0
 58147 118.97  32.98    24    0.3
 58148 119.31  33.25     4    0.6
 58154 120.20  33.43     2    3.2
 58202 115.57  32.67    31   0.01
 58214 116.28  32.33    32   0.01
 58222 117.55  32.85    24    2.3
 58223 117.98  32.80    31    0.2
 58224 117.02  32.65    32    0.7
 58230 118.28  32.12    26    0.2
 58234 118.42  32.47    40    0.3
 58235 118.85  32.37    10    0.2
 58237 118.59  32.06    46    0.1
 58240 119.02  32.68    21    0.1
 58242 119.16  32.30    22    0.1
 58243 119.82  32.95     3    0.2
 58244 119.59  32.45     5    0.4
 58245 119.42  32.41     9    0.4
 58246 119.99  32.56     2    0.7
 58247 119.80  32.27     3    0.5
 58249 120.05  32.16     6    0.7
 58250 120.16  32.51     6    0.5
 58254 120.45  32.52     5    1.3
 58257 120.26  31.99     4    0.8
 58264 121.18  32.33     3    1.6
 58268 121.08  32.10     4    3.4
 58269 121.65  31.78     3    3.8
 58301 115.38  31.82    92   0.01
 58306 115.88  31.68    95   0.01
 58316 116.92  31.47    23    0.1
 58317 116.37  30.87   434    1.0
 58320 117.13  31.73    21   0.01
 58323 117.47  31.88    25    0.2
 58329 117.87  31.33     9    0.2
 58331 118.37  31.73    22    0.2
 58334 118.37  31.38     9    0.4
 58335 118.52  31.57    23    0.7
 58337 118.18  31.08    26    5.1
 58339 118.90  31.33    15    0.9
 58340 119.03  31.66    25    0.3
 58341 119.59  31.98     6    0.2
 58342 119.55  31.72     6    0.6
 58344 119.20  31.96    36    0.1
 58346 119.81  31.34    16    6.3
 58349 120.56  31.41     8   12.4
 58351 120.30  31.90     4    0.5
 58352 120.77  31.65     4    6.8
 58353 120.57  31.87     8    0.6
 58359 120.62  31.13     4   22.4
 58360 121.20  31.92     3    2.3
 58361 121.37  31.10     5   40.9
 58365 121.25  31.37     4   20.1
 58366 121.49  31.67     4    7.2
 58367 121.43  31.20     4   40.7
 58369 121.78  31.05     5   38.5
 58370 121.53  31.23     4   44.8
 58377 121.11  31.51     5   13.4
 58404 115.22  30.47    61    0.1
 58408 115.43  30.23    35    0.9
 58409 115.93  30.10    32    0.1
 58415 116.55  30.67    64    0.1
 58416 116.82  30.75    35    0.2
 58417 116.13  30.17    54    0.1
 58418 116.67  30.13    60    0.6
 58420 117.23  30.72    58    0.3
 58421 117.87  30.63    31   19.2
 58423 117.78  30.48   647   18.5
 58426 118.13  30.30   193   23.2
 58427 117.50  30.65    15    5.4
 58428 117.50  30.22   118   10.4
 58431 118.32  30.90    39    8.7
 58432 118.40  30.68    57    5.9
 58433 118.75  30.93    31    7.7
 58435 118.53  30.30   220   11.5
 58438 118.58  30.08   191   33.5
 58441 119.42  30.87    43   15.6
 58442 119.18  31.17    16    5.9
 58443 119.89  31.02    25   10.6
 58446 119.70  30.63    72    8.7
 58449 119.95  30.05    46   59.3
 58451 120.93  30.83     2   36.7
 58452 120.77  30.73     4   35.2
 58453 120.50  30.07     7   54.9
 58454 119.98  30.53   102   33.8
 58455 120.65  30.52     8   23.1
 58456 120.52  30.63     6   30.2
 58458 120.90  30.54     4   19.3
 58459 120.29  30.19    44   40.4
 58460 121.35  30.73     5   24.1
 58461 121.12  31.13     4   28.0
 58462 121.23  31.03     4   41.5
 58463 121.50  30.88     4   29.9
 58468 121.17  30.05     5   54.0
 58484 122.20  30.25    37   48.1
 58501 115.63  29.92    23    1.1
 58502 116.00  29.73    36    0.2
 58503 115.67  29.70    41    0.9
 58505 115.90  29.62    63    0.3
 58507 115.12  29.25   116   10.2
 58508 115.77  29.33    41    3.2
 58509 115.82  29.05    36   13.2
 58510 116.23  29.73    40    0.6
 58512 116.55  29.90    71    0.4
 58514 116.05  29.45    37    1.3
 58517 116.20  29.27    35    4.4
 58523 117.93  29.93   227   28.8
 58524 117.22  29.37    87   24.6
 58529 117.85  29.27    80   71.3
 58530 118.43  29.87   168   44.3
 58534 118.18  29.78   170   40.5
 58537 118.40  29.13   153  115.5
 58542 119.68  29.82    46   90.0
 58544 119.27  29.48    88   97.9
 58546 119.88  29.47   115   67.0
 58547 119.18  29.03    66  104.0
 58548 119.47  29.22    50   84.8
 58550 120.25  29.70    39   74.1
 58555 120.88  29.52   113   51.1
 58558 120.22  29.27    89   60.6
 58559 120.98  29.17    58   39.0
 58560 120.43  29.05   304   76.1
 58561 121.60  29.98     4   69.5
 58563 121.83  29.88     5   36.1
 58565 121.39  29.69    41   41.6
 58566 121.88  29.47     6   50.7
 58567 121.43  29.32    39   54.8
 58568 121.38  29.12    34   99.4
 58570 122.30  29.95    85   36.7
 58601 115.38  28.70    53   14.3
 58602 115.55  28.85    40   20.0
 58605 115.38  28.42    46   12.5
 58607 115.95  28.55    31   21.3
 58609 115.82  28.22    27   26.5
 58612 116.68  28.70    21   61.8
 58614 116.27  28.38    34   47.9
 58615 117.08  28.68    56   72.4
 58616 116.82  28.20    40   70.0
 58618 116.60  28.27    82   70.1
 58619 116.37  28.00    49   78.3
 58620 117.10  29.02    51   15.9
 58623 117.92  28.47    90   79.8
 58624 117.43  28.40    70  105.4
 58625 117.60  28.42    79  121.4
 58627 117.03  28.25    55   84.8
 58629 117.71  28.29   100   82.3
 58631 118.50  28.90   137  153.8
 58632 118.60  28.72   126   71.4
 58635 118.20  28.43    95   51.1
 58642 119.80  28.88   105   69.7
 58643 120.03  28.90   102   62.3
 58644 119.28  28.60   237   45.4
 58647 119.13  28.08   222    9.8
 58654 120.08  28.67   184   29.0
 58656 120.97  28.07    60    0.2
 58657 120.28  28.15    57    1.6
 58658 120.68  28.15    34    0.7
 58659 120.65  28.03    28    0.1
 58660 121.20  28.87     6   88.9
 58664 121.37  28.37    35    2.6
 58693 115.83  28.70    40   23.9
 58701 115.40  27.77    46   27.1
 58704 115.35  27.62    52   44.1
 58706 115.83  27.43   181  102.7
 58707 115.13  27.22    66   51.7
 58710 116.05  27.77    78   76.4
 58712 116.78  27.92   130   64.8
 58713 117.07  27.72   225   31.7
 58714 116.23  27.55   120   52.4
 58719 116.93  27.30   131   25.6
 58724 117.32  27.53   268   35.7
 58735 118.75  27.52   260    4.7
 58736 118.82  27.38   262    0.4
 58745 119.08  27.62   400    2.0
 58804 115.35  26.35   151    5.7
 58814 116.35  26.35   247    2.3
 58819 116.82  26.18   336    3.1
 58821 117.47  26.73   173    0.4
 58822 116.85  26.83   342   11.3
 58823 117.80  26.80   175    0.7
 58824 117.15  26.40   357    8.9
 58826 117.80  26.40   120    2.8
 58828 117.62  26.27   208   10.8
 58836 118.73  26.58   361    1.1
 58903 116.03  25.90   210    2.5
 58905 115.42  25.97   133    2.4
 58906 115.80  25.60   167    6.1
 58907 115.40  25.15   305   10.4
 58912 116.73  25.72   404    4.6
 58917 116.10  25.08   307    0.1
 58928 117.53  25.02   166    0.8
 58929 118.15  25.07    68   11.1
 58932 118.93  25.87    85   0.01
 58934 118.27  25.33   170   0.01
 58938 118.98  25.23    23    0.3
 58946 119.00  25.45    81   0.01
 59001 105.33  24.78   672    0.6
 59004 105.10  24.50   725    3.6
 59033 108.90  24.78   328   32.3
 59034 108.67  24.48   150    1.1
 59038 108.65  24.07   138    7.5
 59041 109.25  24.65   108    5.4
 59044 109.38  24.47    97    0.3
 59045 109.75  24.48    94   29.8
 59047 109.33  24.25   100    8.1
 59051 110.50  24.77   136   31.0
 59052 110.82  24.83   169   21.0
 59053 110.67  24.62   105   36.0
 59055 110.40  24.50   165   22.4
 59057 110.18  24.13   830   17.9
 59059 110.80  24.18   105   30.7
 59061 111.27  24.82   193   13.1
 59063 111.45  25.18   265   20.0
 59064 111.32  24.55   136    5.9
 59071 112.28  24.73   174   66.1
 59074 112.15  24.57   300   74.8
 59075 112.63  24.48    70    7.8
 59081 113.29  24.78   131   15.3
 59090 114.07  24.95   103   12.2
 59091 114.52  24.75   277   11.1
 59093 115.03  24.78   253   18.0
 59094 114.12  24.35   184   16.1
 59099 114.93  24.45   173   12.9
 59106 115.90  24.58   152    4.9
 59109 115.73  24.15   123    0.5
 59114 116.17  24.65   135   11.5
 59122 117.75  24.62    43   22.7
 59124 117.38  24.52    53   16.7
 59125 117.30  24.38   108   22.4
 59129 117.60  24.13    53    3.2
 59130 118.15  24.73    30    4.5
 59131 118.37  24.97    45    0.3
 59224 107.12  23.60   111   0.01
 59227 107.14  23.11   454    1.8
 59229 107.70  23.17   125    0.3
 59230 108.17  23.72   168    0.1
 59235 108.62  23.43   115   24.4
 59237 108.28  23.17   111    1.8
 59238 108.80  23.22   122   18.1
 59241 109.68  23.97    90   45.9
 59246 109.67  23.60    70   13.0
 59249 109.62  23.12    51   29.3
 59255 110.38  23.55    32   25.0
 59256 110.92  23.37    54   43.9
 59264 111.50  23.40    83    8.8
 59266 111.23  23.42    42   33.6
 59268 111.53  23.25    29    1.7
 59269 111.78  23.17    47    5.0
 59270 112.18  23.92    84   18.6
 59276 112.65  23.35    40    2.2
 59279 112.87  23.18    24   11.9
 59284 113.23  23.42    38   11.2
 59285 113.60  23.57    38    2.0
 59288 113.02  23.15    29    4.3
 59297 114.28  23.17    17   15.3
 59310 116.18  23.77    45   24.9
 59312 116.70  23.67    60   23.5
 59313 116.98  23.68    44    0.2
 59314 116.13  23.30    29   38.7
 59315 116.40  23.58    43   33.2
 59318 116.58  23.27     5    2.1
 59319 116.83  23.43     4    0.2
 59322 117.37  23.98    22   12.0
 59419 106.75  22.10   242   11.8
 59421 107.20  22.83   255    0.1
 59425 107.35  22.40   107   0.01
 59426 107.92  22.61   146    1.2
 59427 107.07  22.12   163   44.9
 59429 108.01  22.18   216   23.8
 59432 108.40  22.80   194   10.3
 59435 108.48  22.77    74   13.3
 59441 109.25  22.70    78    1.4
 59448 109.55  22.27    69  104.8
 59449 109.98  22.30    85   17.6
 59451 110.35  22.70    98   45.1
 59452 110.53  22.83   131   69.8
 59454 110.99  22.95   202   37.8
 59457 110.27  22.32   121   41.6
 59469 111.78  22.17    37    5.8
 59470 112.20  22.70    57    3.6
 59471 112.05  22.93   101   25.1
 59473 112.97  22.77    19    6.7
 59475 112.65  22.40    27    6.0
 59476 113.03  22.53    36   21.2
 59477 112.23  22.27    68   34.9
