diamond  3 2014年06月07日08点24小时降雨量                    
  14  06  07  08    -1 3 10 25 50 1 0
 39 122.7  37.3 122.5  36.7 120.8  36.2 119.3  35.0 120.4  34.3
 121.1  32.7 122.3  30.9 122.5  30.1 121.5  28.0 119.8  25.0
 116.1  22.6 111.0  21.0 111.0  18.6 109.6  18.1 108.3  18.5
 108.9  19.9 109.3  21.0 106.4  21.6 104.1  22.2 101.6  20.8
  98.7  22.0  97.1  24.1  97.7  27.0  91.7  26.6  85.7  27.7
  78.9  30.6  73.3  37.1  74.1  40.7  87.6  49.8  98.5  43.9
 110.4  44.3 122.0  54.7 135.7  48.3 131.5  42.2 125.2  39.4
 121.3  38.5 121.2  40.3 118.5  38.6 120.8  38.1
 1     986
 50775 130.20  47.34   182    5.7
 50776 130.83  47.57    83   12.7
 50778 132.53  47.67    57    5.9
 50779 134.28  48.37    40   0.01
 50787 131.84  47.31    62    1.2
 50871 129.88  46.73    95   14.7
 50878 130.72  47.00    78   24.8
 50879 130.55  46.22   187   12.7
 50880 131.12  46.73   102    6.3
 50884 131.15  46.63   175   11.2
 50928 120.33  45.07   628    0.4
 50934 121.58  45.38   311   0.01
 50937 121.48  45.06   282    0.9
 50939 122.82  45.33   150    1.4
 50946 124.83  45.18   139    2.3
 50954 125.08  45.50   127   0.01
 50964 128.80  45.83   119    1.2
 50965 128.27  45.43   167    9.3
 50971 131.02  45.77   223    0.5
 50979 130.23  45.27   274    2.0
 50987 131.09  45.26   219    1.5
 51627  79.23  41.22  1395    0.3
 51629  80.23  41.27  1132   0.01
 52863 101.95  36.82  2480   0.01
 52881 103.18  36.98  2484    1.4
 52957 100.60  35.25  3148    0.4
 52968 101.47  35.03  3662    1.0
 52978 102.52  35.20  2929    1.2
 53289 113.83  42.23  1322    1.3
 53343 109.97  41.77  1612    0.5
 53357 110.05  41.03  1360    3.0
 53367 111.23  41.32  1602    5.8
 53368 111.47  41.08  1637    4.4
 53378 112.62  41.28  1737    6.4
 53384 113.18  41.45  1423    3.7
 53385 113.54  41.60  1420    3.8
 53392 114.60  41.85  1422    5.5
 53397 113.98  41.10  1376    5.7
 53455 110.53  40.55   998    1.7
 53457 110.03  40.40  1011    0.4
 53464 111.17  40.72  1042    3.3
 53466 111.70  40.75  1045   12.8
 53467 111.18  40.27  1016    1.5
 53469 111.82  40.40  1166    9.6
 53472 112.57  40.87  1451    5.9
 53475 112.47  40.52  1268   15.5
 53481 113.22  40.80  1316    6.5
 53483 113.83  40.87  1268    7.2
 53484 113.15  40.45  1191    6.2
 53486 113.77  40.37  1050    4.4
 53488 113.58  40.03  1034    2.3
 53491 114.38  40.67   837    7.5
 53492 114.15  40.10   937    7.3
 53498 115.03  40.57   629   15.0
 53499 114.73  40.77   755    7.0
 53522 107.83  40.05  1180    0.1
 53553 111.22  39.87  1221   12.3
 53562 111.67  39.92  1187    8.4
 53565 111.50  39.43  1051    6.6
 53567 111.00  39.02  1024    4.2
 53573 112.70  40.00  1336    9.2
 53574 112.27  39.52  1409    4.0
 53575 112.20  39.10  1525    9.7
 53576 112.82  39.50  1045    2.9
 53577 112.30  39.00  1437    8.6
 53579 112.90  39.02   859    0.1
 53580 113.10  39.82  1044   17.7
 53582 113.67  39.72  1079    2.4
 53584 113.17  39.57  1000    3.7
 53585 113.27  39.17   933    0.9
 53590 114.27  39.75   977   12.5
 53596 115.13  38.85    52    4.3
 53599 114.68  39.37   884   17.9
 53658 110.48  38.03   894   0.01
 53659 111.00  37.97  1163    1.9
 53660 111.08  39.02   894    2.7
 53662 111.58  38.72  1396    2.6
 53665 111.65  38.28  1185    1.5
 53666 111.93  38.35  1212    0.9
 53669 111.80  38.08  1150    0.5
 53674 112.70  38.40   869    1.0
 53676 112.98  38.50   759    2.4
 53677 112.48  37.93   806   0.01
 53678 112.65  38.07   897    3.9
 53679 112.54  37.75   776    1.3
 53680 114.38  38.30   108    2.3
 53681 113.37  38.83  1096    6.2
 53682 114.68  38.63   104    2.0
 53685 113.42  38.07   953   0.01
 53688 114.55  38.42   100    1.9
 53689 115.07  38.02    42    4.1
 53690 114.18  38.85   281    7.5
 53691 114.57  38.15    71   14.0
 53692 114.98  38.73    66    3.6
 53693 114.13  38.03   255    3.2
 53694 114.22  38.27   131    4.7
 53695 114.68  38.35    70    1.5
 53696 115.02  38.55    41    2.1
 53697 114.83  38.03    53    2.7
 53699 114.95  38.18    45    9.9
 53727 107.12  37.17  1712   0.01
 53732 108.72  37.85  1209    0.2
 53748 109.70  37.18  1063    0.1
 53751 110.05  37.60   894    0.1
 53753 110.88  37.43   860    0.3
 53756 110.72  37.52   744    0.1
 53757 110.12  37.12   938    0.4
 53760 111.23  37.88  1212    0.1
 53763 112.17  37.92  1006    1.5
 53767 111.17  37.33  1213    2.9
 53768 111.75  37.15   773    0.9
 53769 111.78  37.25   747    1.8
 53770 112.35  37.35   768    3.8
 53771 112.05  37.42   750    1.2
 53773 114.62  36.33    64    1.2
 53774 112.37  37.58   759   0.01
 53776 112.77  37.68   831    1.8
 53777 112.15  37.53   759    0.6
 53778 112.22  37.17   780    3.7
 53780 113.15  37.91  1066    0.1
 53781 114.47  36.87    67    5.9
 53782 113.62  37.93   767    1.1
 53784 114.78  37.75    38    4.5
 53785 114.67  37.52    35    1.5
 53788 113.57  37.33  1265   0.01
 53789 114.63  37.88    52    7.0
 53790 114.61  37.63    44    9.2
 53791 114.52  37.77    66    8.4
 53792 114.48  37.45   113    7.3
 53794 114.75  37.35    33    0.4
 53795 114.37  37.65   137    8.6
 53796 114.89  37.62    30    5.0
 53797 114.52  37.28    73    5.8
 53799 115.00  37.24    25   17.1
 53850 110.18  36.88   804   0.01
 53852 110.63  36.77   916    0.1
 53857 110.18  36.07   840    2.0
 53860 111.17  36.98  1406    0.1
 53864 111.10  36.40  1030    0.1
 53871 112.85  36.83   964    9.8
 53872 112.68  36.77   960   11.7
 53878 113.38  36.52   767    2.3
 53880 113.23  36.33   947   0.01
 53881 106.48  37.28  1382    0.1
 53883 114.70  37.13    36   15.7
 53885 113.20  36.12  1122    1.0
 53886 113.67  36.57   470   0.01
 53888 113.43  36.20  1089    7.6
 53889 113.82  36.07   306    3.0
 53890 114.10  36.67   280    0.1
 53891 114.68  37.02    43   11.8
 53892 114.47  36.62    66    6.6
 53893 114.95  36.77    39    6.6
 53895 114.50  36.78    60    7.7
 53896 114.95  36.35    50    0.8
 53899 114.97  36.48    48    1.9
 53914 106.12  35.62  2078    0.1
 53916 106.32  35.50  1948    0.1
 53945 109.07  35.43  1395    0.5
 53953 110.85  35.97   965    0.2
 53956 110.83  35.40   588   0.01
 53958 110.78  35.17   435   0.01
 53962 111.70  35.73   584    0.9
 53967 111.20  35.33   468   0.01
 53970 112.20  35.70   887    0.2
 53980 114.80  36.55    50    2.1
 53982 113.27  35.23   112   0.01
 53983 114.42  35.03    69   0.01
 53985 113.82  35.50   140   0.01
 53988 113.67  35.27    77   0.01
 53990 114.32  35.72    79    0.1
 53991 114.33  35.92    93    0.1
 53992 114.52  35.65    58    0.3
 53993 114.92  35.93    51    4.0
 53994 114.07  35.38    70   15.1
 53996 114.65  36.45    57    0.2
 53997 114.18  35.15    71   0.01
 53998 114.65  35.20    61    1.8
 54024 119.30  44.45   710    4.5
 54031 121.82  44.90   198    4.1
 54039 122.02  44.03   181   13.5
 54047 123.28  44.13   145   26.0
 54065 125.65  44.53   169    5.8
 54069 125.80  44.17   174   11.5
 54072 126.52  44.85   196   0.01
 54076 126.93  44.38   268    0.1
 54092 129.40  44.60   292    1.5
 54099 131.13  44.08   148    5.0
 54113 118.65  43.53   621   25.4
 54117 117.53  43.25  1003   15.8
 54122 120.05  43.88   374    7.4
 54132 121.07  42.40   400   30.3
 54154 124.30  43.35   160   17.1
 54155 124.23  43.67   144   22.4
 54156 124.80  43.52   200   22.9
 54164 125.28  43.35   248    1.3
 54169 126.02  43.30   271    4.3
 54172 126.53  43.87   290    0.7
 54187 128.92  43.12   366    1.6
 54192 130.27  43.70   384   0.01
 54204 115.00  42.30  1346    2.6
 54205 116.00  42.23  1315   12.0
 54214 118.42  42.58   960   24.5
 54223 120.65  42.85   362   17.3
 54225 119.94  42.29   579   22.4
 54231 122.35  42.97   248   20.8
 54234 121.75  42.73   297   19.1
 54244 123.33  42.75   118   40.0
 54245 123.40  42.50    97   49.1
 54248 123.53  42.03    61    1.0
 54249 123.87  42.30    85    1.2
 54252 124.75  42.73   196    0.1
 54274 125.99  42.69   306    2.0
 54291 130.28  42.90    36   0.01
 54301 115.67  41.67  1412   16.4
 54304 115.27  40.95  1239   21.5
 54305 115.27  41.88  1468   10.0
 54313 118.70  41.93   733   40.6
 54316 118.75  41.52   679   32.9
 54318 117.73  41.32   561   30.3
 54319 118.67  41.00   502   44.5
 54320 119.30  41.60   544   33.2
 54321 119.63  41.87   661   32.1
 54323 120.78  41.82   253   11.3
 54325 120.35  41.18   183   42.0
 54327 119.35  41.23   417   28.8
 54328 119.72  41.08   296   34.5
 54330 121.33  41.13    45   20.4
 54331 121.75  41.60   113   25.5
 54332 122.72  41.52    12    1.1
 54336 122.42  41.42     8    5.7
 54338 121.95  41.28     3   16.7
 54398 116.62  40.13    28   20.5
 54399 116.28  39.98    45   25.2
 54404 115.83  40.88   867   22.1
 54408 115.22  40.38   529   37.8
 54410 116.13  40.60  1224   25.0
 54412 116.63  40.73   331   18.8
 54419 116.63  40.37    75   15.2
 54420 117.33  40.93   529   22.4
 54421 117.12  40.65   293   15.7
 54424 117.12  40.17    32   39.2
 54425 117.47  40.40   633   28.0
 54428 117.40  40.03    15   65.6
 54430 118.15  40.77   269   43.4
 54431 116.63  39.92    43   12.4
 54432 118.48  40.60   304   57.8
 54433 116.50  39.95    35   16.4
 54434 118.33  40.17   131   45.5
 54437 118.62  39.51    18   23.1
 54438 118.88  39.88    65   21.4
 54439 118.72  40.02    50   38.2
 54453 120.88  40.78    38   19.4
 54499 116.22  40.22    76   27.8
 54501 115.68  39.97   440   25.4
 54502 116.03  39.48    29   19.3
 54503 115.82  39.07    12    3.6
 54505 116.10  39.94    98   27.1
 54506 115.95  39.32    24   19.9
 54507 115.52  39.33    49   10.4
 54510 116.95  39.91    18   14.2
 54512 116.28  39.42    21   12.1
 54513 116.20  39.95    65   21.5
 54514 116.25  39.87    55   20.5
 54515 116.70  39.50    13   28.9
 54517 117.20  39.07     2   24.5
 54519 116.48  39.30    12   13.1
 54520 117.08  39.97    18   21.6
 54521 116.98  39.77    13   10.8
 54522 117.73  39.88    14   40.0
 54523 117.02  39.38     4   11.0
 54526 117.33  39.08     1   24.3
 54528 117.13  39.23     3   32.6
 54529 117.82  39.35     3   48.0
 54530 117.77  39.23     1   21.6
 54531 118.72  39.73    43   19.4
 54532 118.08  39.81    31   43.2
 54533 118.10  39.58     8   57.0
 54535 118.47  39.28     3   23.6
 54540 119.20  39.73    17   27.9
 54541 119.23  39.90    24   28.0
 54568 121.75  39.05    90    4.0
 54569 121.95  39.42    11    0.6
 54575 122.37  39.42    43    0.9
 54594 116.35  39.72    37    5.7
 54596 116.19  39.77    48    9.5
 54597 115.73  39.73   407   14.8
 54601 115.65  38.98    13    1.7
 54603 115.77  38.72    10    3.9
 54604 115.33  38.42    29   15.1
 54605 115.93  38.93     4    1.1
 54607 115.12  38.72    45    5.7
 54608 115.55  38.00    26    2.3
 54609 115.59  38.23    22    8.8
 54610 116.10  38.73     8    4.9
 54611 115.32  38.93    44    0.3
 54612 116.46  38.85     4    5.0
 54613 116.62  38.70     6    2.9
 54614 116.06  38.42    10    4.6
 54615 116.85  38.58     8    9.0
 54616 116.85  38.35     8   19.4
 54617 116.12  38.18    13    1.8
 54619 116.92  38.92     5   14.5
 54620 115.57  38.48    18   12.5
 54621 115.18  38.18    38    7.7
 54622 117.37  38.98     3   30.2
 54626 115.82  38.42    13    5.7
 54627 117.23  38.03     8    4.8
 54628 117.48  38.15     6    6.1
 54631 115.15  37.07    32    9.2
 54632 115.03  37.07    34   16.9
 54633 115.23  37.52    26   17.1
 54636 116.10  39.02    11    2.3
 54640 114.87  36.92    36    5.9
 54644 117.12  38.05    10   10.9
 54645 117.47  38.85     2   23.1
 54700 115.93  38.03    16    5.4
 54701 115.20  37.93    35    5.1
 54702 115.70  37.73    20    7.8
 54703 115.88  37.80    21    6.7
 54704 115.57  37.52    24    6.5
 54706 115.67  37.08    31    8.3
 54707 115.98  37.35    27    5.3
 54708 115.73  37.50    23    9.3
 54709 116.07  37.22    25    3.6
 54710 116.17  37.87    18   10.3
 54711 116.28  37.70    18    8.6
 54712 116.82  37.20    18   11.2
 54713 116.53  37.88    14   15.0
 54714 116.33  37.45    23    8.2
 54716 116.80  37.67    16   12.0
 54717 116.40  37.63    17   13.3
 54718 116.47  37.15    22    7.2
 54719 116.68  38.03    11   12.5
 54722 117.63  37.75     6    7.1
 54723 117.57  37.65    10    6.3
 54724 117.13  37.32    14    7.6
 54726 117.18  37.70    11    7.0
 54728 117.38  37.77     8    4.7
 54729 117.87  37.17    11    5.5
 54730 118.14  37.69     6    5.5
 54731 118.22  37.48    11    0.7
 54732 118.52  37.87     5    6.1
 54734 118.00  37.36    12    1.6
 54736 118.67  37.43     6    0.9
 54737 118.15  37.15     9    6.4
 54738 118.40  37.05    15    3.2
 54749 119.95  37.18    48    1.7
 54752 120.77  37.80    60    0.3
 54755 120.39  37.33   117    1.8
 54759 120.85  37.32   205    3.4
 54765 121.43  37.48    82   17.7
 54766 121.59  37.43    39    3.7
 54800 115.25  37.00    33    9.7
 54801 115.48  36.85    35    7.3
 54802 115.73  36.82    34    7.8
 54803 116.02  36.98    27   17.6
 54804 115.13  36.30    44    4.0
 54805 115.47  36.45    39    0.6
 54806 115.97  36.42    33    3.0
 54807 115.77  36.15    41    2.8
 54809 115.28  36.55    41    2.6
 54810 116.27  36.87    27   11.1
 54811 116.62  36.93    20   13.5
 54812 116.75  36.78    22   10.0
 54814 116.25  36.53    29    1.0
 54815 116.27  36.38    31    2.4
 54816 116.80  36.52    98    1.6
 54817 115.87  35.98    42    4.7
 54818 116.42  36.25    79    6.4
 54819 116.80  36.18   113   18.6
 54820 115.17  36.82    36    5.8
 54821 117.20  37.00    20    7.8
 54822 117.73  36.87    47   16.2
 54824 117.95  36.63    95    2.5
 54825 117.85  36.52   189    5.6
 54827 117.15  36.17   128    6.2
 54828 117.68  36.23   229    4.6
 54829 117.87  36.77    85   16.4
 54830 117.93  36.82    34   11.3
 54831 118.50  36.65   102    2.5
 54832 118.73  36.88    25    5.1
 54833 118.08  36.97    15    3.8
 54834 118.28  36.87    46    7.8
 54835 118.55  36.50   106    1.3
 54837 118.83  36.68    78    4.4
 54841 119.42  36.86    23    0.8
 54844 119.18  36.42    62    6.4
 54846 119.74  36.39    51    1.4
 54848 119.42  35.98    82    1.9
 54849 120.03  36.22    84    0.5
 54851 120.56  36.90    76    1.5
 54852 120.73  36.97    54    5.4
 54853 120.42  36.17    42    1.1
 54855 120.47  36.38    26    0.7
 54861 121.53  36.93    45   0.01
 54900 115.02  35.70    53    8.5
 54901 115.17  36.08    47    9.1
 54902 115.12  35.90    49    3.1
 54903 115.48  35.85    45    7.8
 54904 115.52  35.58    50    4.5
 54905 115.93  35.58    46    3.7
 54906 115.42  35.25    49    3.8
 54907 116.65  34.98    34   25.8
 54908 115.10  35.27    57    0.3
 54910 116.05  35.82    40    7.5
 54911 116.40  35.93    44    3.9
 54912 116.50  35.77    41    8.2
 54913 116.82  35.75    62    9.5
 54914 116.08  35.42    40    3.8
 54915 116.60  35.43    33   19.4
 54917 116.32  35.10    36   15.7
 54918 116.97  35.60    62   17.6
 54919 116.98  35.38    88   48.0
 54920 117.28  35.65   110    9.4
 54921 116.33  35.42    38   20.8
 54922 117.78  35.88   224    6.7
 54923 117.93  35.72   202   16.1
 54925 117.63  35.52   167   28.0
 54927 117.20  35.10    74   44.9
 54932 118.65  35.77   186    1.5
 54935 118.43  35.53   119    4.5
 54938 118.40  35.05    65    8.1
 54939 118.82  35.17   113    5.8
 54940 119.20  35.75   148    0.3
 54943 120.00  35.88    10    0.3
 56045  99.90  33.97  4050    0.2
 56147  98.83  31.22  3260    0.4
 56158 100.67  31.40  3250    2.4
 56164 100.98  32.27  3284    2.6
 56168 102.07  31.48  2168   0.01
 56180 103.85  31.68  1590    0.3
 56181 103.70  30.68   541    1.3
 56183 103.62  31.50  1370    0.1
 56184 103.17  31.43  1896    0.3
 56185 102.98  32.08  2400   0.01
 56186 104.20  31.33   589    0.7
 56189 103.93  30.98   581    0.8
 56190 104.55  31.55   519    0.8
 56193 104.52  32.42   893   0.01
 56194 104.45  31.63   597    1.4
 56195 104.73  31.80   543    0.5
 56197 104.17  31.15   535    0.4
 56199 104.68  31.03   423    0.3
 56272 103.88  30.82   558    1.1
 56273 102.82  30.39  1022    0.5
 56276 103.82  30.45   467    1.3
 56278 102.77  30.07   755    0.3
 56279 102.93  30.15   682    1.2
 56280 103.12  30.08   691    0.9
 56281 103.50  30.18   510    2.4
 56284 103.43  30.45   518    0.7
 56285 103.52  30.60   523    1.4
 56286 104.25  30.55   515    0.5
 56288 103.92  30.58   494    1.2
 56289 103.87  30.20   437    1.6
 56290 104.18  30.78   514    1.2
 56291 104.28  30.93   469    0.9
 56295 104.55  30.38   448    0.7
 56296 104.43  30.85   448    1.4
 56297 104.15  30.02   436   0.01
 56298 104.60  30.13   417    0.2
 56317  94.22  29.22  2950    0.3
 56342  98.60  29.68  3870    3.0
 56371 102.23  29.92  1321    0.4
 56373 102.85  29.78   763    0.7
 56376 102.63  29.33  1098    0.7
 56378 102.35  29.23   890    0.1
 56380 103.35  29.88   571    2.2
 56381 103.50  30.07   630    1.7
 56382 103.60  29.73   407    0.6
 56383 103.87  29.83   455    0.2
 56384 103.48  29.60   446    1.5
 56387 103.27  29.23   642    2.1
 56389 103.95  29.20   387    2.3
 56390 104.07  29.67   404    0.8
 56391 103.82  30.08   415    1.6
 56393 104.85  29.77   369   0.01
 56394 104.43  29.45   384   0.01
 56396 104.77  29.35   352   0.01
 56399 104.98  29.18   306    0.1
 56441  99.28  28.72  2422   0.01
 56443  99.80  28.93  2842    0.2
 56473 102.77  28.95  1060    2.1
 56474 102.17  28.55  1774   0.01
 56478 102.43  28.30  1818    0.3
 56480 103.53  28.82   564   0.01
 56487 103.13  28.33  1943   0.01
 56489 103.63  28.23   877    0.1
 56490 103.90  28.95   424   0.01
 56491 104.57  28.70   287    0.3
 56494 104.15  28.65   462    0.3
 56496 105.23  28.32   358    0.7
 56497 104.23  28.10   448    0.1
 56498 104.50  28.15   549    1.2
 56499 104.78  28.38   368    1.2
 56567 100.85  27.30  2240   32.8
 56569 102.18  27.42  1380   10.4
 56575 102.55  27.37  1428    0.3
 56578 102.75  27.07   993    1.1
 56580 102.80  27.72  2460    3.2
 56582 103.90  27.75  1176    2.0
 56584 103.25  27.70  1093   0.01
 56585 103.53  27.18  1916    0.6
 56592 104.52  28.43   359    1.5
 56593 104.92  28.58   279    0.6
 56594 104.05  27.63   880    5.6
 56595 104.87  27.42  1645    3.7
 56596 105.05  27.85  1177   18.5
 56598 104.73  27.13  1535    1.5
 56641  98.87  26.90  1189   0.01
 56646  99.92  26.53  2191   0.01
 56649  99.96  26.11  2059    6.5
 56652 100.75  26.68  2130   29.5
 56654 100.18  26.58  2195   24.9
 56665 101.85  26.68  1140   36.7
 56669 101.67  26.05  1531   52.1
 56670 102.12  26.92  1136   13.0
 56673 102.92  26.92   893   0.01
 56674 101.73  26.50  1108   42.2
 56675 102.58  26.65  1694    9.2
 56688 103.17  26.10  1254    8.2
 56697 104.08  26.22  1984   16.2
 56752 100.57  25.83  1438   19.1
 56755 100.48  25.35  1668   42.7
 56756 100.58  25.48  1992   38.9
 56757 100.28  25.27  1742    0.8
 56761 101.32  25.72  1878   45.8
 56764 101.23  25.53  1873   20.7
 56766 101.52  25.31  1822    4.4
 56767 101.28  25.18  1857   12.9
 56772 102.50  25.23  1692   18.1
 56774 102.42  25.53  1710   16.4
 56775 102.45  25.55  1750    9.1
 56777 102.07  25.15  1566  122.8
 56781 103.27  25.55  1873   12.5
 56782 103.55  25.42  2067    4.2
 56783 103.80  25.50  1906   17.1
 56785 103.08  25.36  1915    4.0
 56788 103.62  24.98  1857    0.8
 56790 104.25  25.68  1925    7.4
 56835  97.82  24.07   959   0.01
 56840  98.30  24.82  1012   0.01
 56841  98.68  24.60  1528    4.8
 56844  98.58  24.43   913   0.01
 56849  99.23  24.03  1606   0.01
 56851 100.53  25.04  1377    8.4
 56862 101.60  24.68  1968   54.0
 56863 102.48  24.93  1848   17.7
 56867 101.12  23.98  1105   15.3
 56869 101.97  24.07  1497   30.6
 56870 102.18  24.66  1600  134.3
 56871 102.60  24.65  1893   71.9
 56872 102.62  24.95  2358   26.0
 56873 102.92  24.68  1796    3.2
 56876 102.77  24.28  1731   58.0
 56878 102.75  24.13  1801   22.3
 56879 102.91  24.19  1702   55.8
 56880 103.17  24.92  1532   16.4
 56881 103.27  24.75  1695   36.4
 56882 102.83  24.91  1976    8.2
 56883 103.98  24.82  1900    0.5
 56885 103.45  24.40  1415   0.01
 56889 104.17  24.05  1518   22.5
 56891 104.32  24.98  1482    5.1
 56898 102.41  24.18  1600   10.3
 56958 100.42  21.92  1176    4.6
 56961 101.05  23.03  1336    1.6
 56962 101.67  23.42  1314   61.2
 56970 102.48  23.70  1419   21.7
 56973 102.83  23.62  1309   52.7
 56975 102.43  23.37   974   22.1
 56976 102.83  23.23   232   38.5
 56978 102.42  23.00  1642    0.6
 56982 103.29  23.70  1117   57.7
 56984 103.15  23.38  1720   25.2
 56987 103.23  22.78  1260    0.1
 56989 103.95  22.50   137   75.2
 56992 104.70  23.45  1507   28.4
 56994 104.28  23.33  1293   40.4
 56995 104.42  23.03  1332   21.6
 56996 104.70  23.13  1093   55.9
 57039 108.88  34.08   445    2.0
 57041 108.92  34.63   424    0.2
 57043 109.97  34.80   351   0.01
 57044 109.23  34.40   424   0.01
 57045 109.48  34.52   349    2.1
 57047 109.32  34.17   540    2.6
 57053 110.72  34.70   505   0.01
 57054 110.23  34.55   556   0.01
 57055 110.08  34.55   351    3.3
 57056 110.86  34.54   484    0.2
 57080 112.97  34.73   165   0.01
 57082 113.02  34.47   427   10.0
 57084 113.05  34.49  1178    3.4
 57085 113.33  34.53   259   0.01
 57086 113.72  34.38   116   0.01
 57087 113.73  34.27   104   0.01
 57088 113.50  34.15   116    0.2
 57093 114.82  34.85    73    2.0
 57094 114.22  34.40    67    0.8
 57096 114.78  34.53    59   0.01
 57129 107.72  32.98   446   0.01
 57132 108.58  34.13   411    0.3
 57137 108.32  33.32   802    0.1
 57140 109.12  33.67   818   0.01
 57155 109.87  33.55   660    1.1
 57180 113.20  33.98   117   0.01
 57182 113.52  33.85    80   0.01
 57188 114.03  33.37    55    0.3
 57191 114.48  34.48    63    6.8
 57208 105.52  32.28   544   0.01
 57231 108.53  32.53   503    1.7
 57233 108.50  32.90   413    0.6
 57242 109.37  32.85   285   0.01
 57247 108.90  32.32   438    3.7
 57248 109.33  32.40   431    3.2
 57249 109.68  32.32   448    2.0
 57253 110.82  32.85   201    0.2
 57254 110.12  32.82   322   0.01
 57257 110.23  32.23   307    0.1
 57268 111.62  32.27   120   0.01
 57271 112.38  32.52    87   0.01
 57274 112.12  32.70   107   0.01
 57303 105.92  31.73   459   0.01
 57308 105.38  31.22   421   0.01
 57309 105.88  30.98   378    0.7
 57317 106.42  31.03   324   0.01
 57320 107.22  31.93   482   0.01
 57324 107.08  31.58   364    0.1
 57326 107.72  31.37   389    1.5
 57329 107.85  31.10   467    2.0
 57333 108.67  31.95   798    1.1
 57338 108.42  31.18   216    0.1
 57339 108.68  30.95   297    0.1
 57349 109.87  31.07   275   0.01
 57361 111.27  31.88   327   0.01
 57362 110.67  31.75   935    0.3
 57385 113.82  31.62    93   0.01
 57401 105.37  30.87   383    0.8
 57402 105.70  30.77   394    0.9
 57407 105.03  30.28   462    0.4
 57408 105.35  30.12   338    1.7
 57409 105.80  30.18   297    0.8
 57413 106.97  30.85   295    1.2
 57414 106.45  30.52   403    0.8
 57415 106.63  30.53   394    0.7
 57416 106.93  30.33   391    0.1
 57417 106.28  30.35   315    0.5
 57420 107.18  30.75   418    2.3
 57425 107.33  30.33   433    4.3
 57437 108.03  30.30   325    4.5
 57438 108.12  29.98   632    9.4
 57460 111.78  30.82    91   0.01
 57466 111.75  30.43    50    0.3
 57469 111.77  30.18    69    0.7
 57481 113.57  30.95    30   0.01
 57485 113.47  30.28    23    0.2
 57486 113.85  30.65    25   0.01
 57489 114.00  30.58    38   0.01
 57491 114.40  30.87    31   0.01
 57505 105.58  29.42   338    0.3
 57506 105.90  29.37   353    0.4
 57508 105.37  29.15   301    0.1
 57509 106.93  28.95   325    3.2
 57511 106.45  29.85   240    0.1
 57513 106.62  29.73   464   0.01
 57514 106.22  29.58   331    1.0
 57518 106.50  29.33   506    1.1
 57519 107.11  29.16   698    5.9
 57522 107.27  29.74   372    2.6
 57525 107.75  29.32   277   0.01
 57537 108.17  29.30   322    0.2
 57540 109.15  29.68   776   0.01
 57544 109.45  29.47   488   0.01
 57558 110.47  29.13   183    1.5
 57564 111.13  29.43   103    0.9
 57565 111.73  29.67    38    4.0
 57566 111.65  29.45    51    2.0
 57582 113.88  29.72    46    0.2
 57600 105.06  28.71   420    0.2
 57603 105.83  28.82   283    1.2
 57605 105.82  28.03   537    1.5
 57609 105.70  28.58   317    0.1
 57634 107.88  28.52   660    0.3
 57643 109.83  29.00   268    0.2
 57646 109.95  28.62   302    1.9
 57657 110.20  28.22   186    0.2
 57658 110.20  28.02   152    0.1
 57661 111.48  28.92    48    1.2
 57663 111.95  28.92    31    0.5
 57666 112.13  28.52    52   0.01
 57678 112.55  28.25    74    0.2
 57708 105.60  27.15  1700    3.7
 57713 106.88  27.70   843    3.2
 57714 106.23  27.47   942    1.2
 57717 106.83  27.53   974    1.0
 57719 106.97  27.07  1275    1.7
 57720 107.17  27.88   889    1.1
 57723 107.72  27.98   710   0.01
 57728 107.47  27.07  1096    0.4
 57735 108.82  27.18   404    0.2
 57737 108.12  27.03   547    1.2
 57738 108.42  27.05   516    0.4
 57740 109.60  27.95   349    0.1
 57742 109.20  27.52   884    0.1
 57743 109.80  27.88   176   0.01
 57760 111.43  27.70   249    0.1
 57767 111.01  27.13   308    1.6
 57768 111.45  27.32   242    0.3
 57769 111.73  27.23   252    1.8
 57777 112.87  27.23    63    4.0
 57778 112.95  27.09    70    2.4
 57781 113.50  27.65    74   0.01
 57800 105.37  26.77  1457    0.6
 57807 105.47  26.21  1361    0.8
 57808 105.75  26.32  1274   0.01
 57809 105.75  26.07  1251    1.8
 57811 106.60  26.83  1296    2.0
 57814 106.27  26.42  1298    3.1
 57821 107.50  26.70   925    0.3
 57822 107.90  26.90   835    1.4
 57824 107.23  26.58  1001   0.01
 57828 107.58  26.50   983    2.3
 57829 107.80  26.20   963    0.1
 57837 108.07  26.40   839    0.6
 57844 109.18  26.68   343    0.1
 57846 110.15  26.58   310    0.1
 57851 110.83  26.46   346    2.6
 57860 111.28  27.00   283    1.1
 57865 111.58  26.47   166   0.01
 57867 111.28  26.40   169    2.1
 57868 111.86  26.59   113    0.8
 57870 112.10  26.80   151    0.6
 57871 112.37  26.98    90    3.7
 57875 112.68  26.75   137    0.9
 57881 113.25  26.72   101    0.3
 57882 113.55  26.79   136    1.0
 57883 114.28  26.75   253    1.2
 57886 113.80  26.48   268    2.1
 57887 113.12  26.12   167    1.0
 57891 114.25  26.93   153   28.4
 57895 114.78  26.47   101    0.1
 57899 114.92  26.80    71    3.6
 57900 105.22  25.83  1552    5.2
 57903 105.60  25.94  1142    3.6
 57905 105.63  25.40  1063   16.7
 57908 105.48  25.12  1394   12.2
 57909 105.82  24.98   584    4.0
 57911 106.65  26.67  1323    0.4
 57913 106.98  26.45  1093    0.1
 57914 106.67  26.42  1149    0.2
 57927 107.18  24.97   287    0.1
 57936 108.91  25.76   258    0.1
 57956 110.32  25.42   167    0.2
 57958 110.32  25.08   151    0.4
 57960 111.07  25.93   195    0.2
 57962 111.65  25.97   167    0.3
 57964 111.15  25.50   263    0.1
 57971 112.20  25.92   224   23.2
 57973 112.72  25.75   329   17.6
 57975 112.20  25.38   277    6.9
 57976 112.94  25.41   222    0.3
 57978 112.55  25.27   292    2.6
 57981 113.22  25.97   139    5.0
 57985 113.68  25.57   609    8.4
 57988 113.35  25.15   102    1.7
 57989 113.77  25.07   112    4.2
 57990 114.30  25.70   246    0.2
 57991 114.55  25.80   140    5.9
 57992 114.75  25.67   127    1.2
 57994 114.35  25.40   215   16.3
 57995 114.93  25.40   164   44.0
 58001 115.10  34.43    56    0.4
 58002 115.58  34.85    49    2.6
 58003 115.88  34.95    45    3.2
 58004 115.15  34.65    60   0.01
 58006 115.88  34.38    46    2.3
 58008 115.33  34.47    54    0.3
 58011 116.07  34.80    46    0.3
 58013 116.91  34.75    36    1.8
 58016 116.97  34.18    34    0.2
 58020 117.13  34.80    35    7.5
 58021 117.28  34.78    80    4.7
 58022 117.57  34.75    48    8.1
 58024 117.58  34.87    77   41.4
 58025 117.73  34.57    27    0.8
 58030 118.02  34.88    44   66.8
 58032 118.65  34.93    70    9.4
 58035 118.35  34.33    29   10.9
 58036 118.71  34.54    32   14.3
 58041 119.43  34.78    26    1.7
 58044 119.23  34.55     4    2.0
 58045 119.60  34.20     4    1.4
 58048 119.35  34.12     4    9.0
 58049 119.80  34.02     4   0.01
 58113 116.75  33.93    31   0.01
 58116 116.83  33.98    31   0.01
 58125 117.52  33.58    22    0.2
 58131 118.22  33.97    25    4.1
 58132 118.68  33.72    14    4.4
 58139 118.91  33.31    10   0.01
 58140 119.30  33.77     9    4.1
 58145 119.15  33.50     7    1.3
 58408 115.45  30.25    35   0.01
 58502 116.00  29.73    36   0.01
 58508 115.77  29.33    41   0.01
 58514 116.05  29.45    37   0.01
 58560 120.43  29.05   304    0.3
 58618 116.60  28.27    82    0.2
 58623 117.92  28.47    90    0.3
 58625 117.60  28.42    79    0.1
 58632 118.60  28.72   126   0.01
 58635 118.20  28.43    95   0.01
 58644 119.28  28.60   237    0.2
 58647 119.13  28.08   222    0.5
 58654 120.08  28.67   184   0.01
 58656 120.97  28.07    60    0.4
 58657 120.28  28.15    57    0.1
 58659 120.65  28.03    28   0.01
 58704 115.35  27.62    52    0.6
 58706 115.83  27.43   181   42.6
 58707 115.13  27.22    66   18.5
 58710 116.05  27.77    78    0.7
 58712 116.78  27.92   130    1.0
 58713 117.07  27.72   225    7.1
 58714 116.23  27.55   120   26.7
 58719 116.93  27.30   131   31.7
 58724 117.32  27.53   268   14.9
 58735 118.75  27.52   260   18.2
 58736 118.82  27.38   262   20.1
 58745 119.08  27.62   400   18.2
 58746 119.70  27.55   538   13.3
 58747 119.35  27.15   899   17.7
 58748 119.65  27.10    50   29.8
 58749 119.88  27.23   684   17.6
 58750 120.08  27.78   105    1.1
 58804 115.35  26.35   151   42.7
 58814 116.35  26.35   247    4.2
 58819 116.82  26.18   336   28.6
 58821 117.47  26.73   173    8.0
 58822 116.85  26.83   342   14.1
 58823 117.80  26.80   175   11.1
 58824 117.15  26.40   357   15.6
 58826 117.80  26.40   120    9.8
 58828 117.62  26.27   208   19.7
 58836 118.73  26.58   361   18.4
 58839 118.85  26.23    40   10.9
 58844 119.15  26.15    57    7.2
 58845 119.53  26.50    60    2.4
 58848 119.55  26.20    13    2.6
 58850 120.23  26.92    92   10.7
 58903 116.03  25.90   210  100.8
 58905 115.42  25.97   133   19.2
 58906 115.80  25.60   167   29.5
 58907 115.40  25.15   305   17.6
 58912 116.73  25.72   404   22.4
 58917 116.10  25.08   307    3.4
 58923 117.83  25.70   400   16.1
 58928 117.53  25.02   166   20.3
 58929 118.15  25.07    68   24.0
 58932 118.93  25.87    85   16.3
 58934 118.27  25.33   170   31.4
 58935 118.23  25.48   521   29.7
 58938 118.98  25.23    23   26.1
 58940 119.33  26.08    25    5.7
 58941 119.50  25.97    25    3.1
 58942 119.38  25.72    39   15.2
 58946 119.00  25.45    81   17.8
 59001 105.33  24.78   672    3.1
 59004 105.10  24.50   725    4.5
 59012 106.55  24.78   972    0.8
 59017 106.27  24.27   278    0.5
 59022 107.55  24.98   697    0.3
 59025 107.38  24.53   248   0.01
 59033 108.90  24.78   328   0.01
 59034 108.67  24.48   150   0.01
 59038 108.65  24.07   138    7.9
 59044 109.38  24.47    97    1.1
 59047 109.33  24.25   100    3.4
 59051 110.50  24.77   136    4.3
 59055 110.40  24.50   165    5.6
 59057 110.18  24.13   830    2.3
 59059 110.80  24.18   105    1.6
 59061 111.27  24.82   193    0.5
 59063 111.45  25.18   265    2.8
 59064 111.32  24.55   136    0.8
 59071 112.28  24.73   174   21.2
 59074 112.15  24.57   300   0.01
 59075 112.63  24.48    70    0.3
 59081 113.29  24.78   131    6.0
 59090 114.07  24.95   103   36.3
 59091 114.52  24.75   277   21.2
 59093 115.03  24.78   253   12.5
 59094 114.12  24.35   184   31.3
 59099 114.93  24.45   173    5.6
 59106 115.90  24.58   152    6.9
 59109 115.73  24.15   123   23.9
 59114 116.17  24.65   135   11.5
 59122 117.75  24.62    43   40.5
 59124 117.38  24.52    53   36.5
 59125 117.30  24.38   108   35.7
 59127 117.83  24.43    32   16.3
 59129 117.60  24.13    53   14.5
 59130 118.15  24.73    30   20.9
 59131 118.37  24.97    45   41.8
 59137 118.57  24.82    56   30.9
 59205 105.63  23.65   685    4.4
 59213 106.92  23.73   110    0.1
 59215 106.63  23.33   680    1.8
 59224 107.12  23.60   111    0.4
 59227 107.14  23.11   454   23.4
 59229 107.70  23.17   125    0.4
 59230 108.17  23.72   168    1.3
 59235 108.62  23.43   115    0.3
 59237 108.28  23.17   111    4.9
 59238 108.80  23.22   122    9.0
 59241 109.68  23.97    90    0.9
 59246 109.67  23.60    70    3.8
 59249 109.62  23.12    51   20.2
 59255 110.38  23.55    32    7.4
 59256 110.92  23.37    54    2.5
 59264 111.50  23.40    83    0.7
 59266 111.23  23.42    42    1.1
 59268 111.53  23.25    29    4.8
 59269 111.78  23.17    47    4.7
 59270 112.18  23.92    84   17.7
 59276 112.65  23.35    40   22.5
 59279 112.87  23.18    24   24.4
 59284 113.23  23.42    38   23.7
 59285 113.60  23.57    38    8.2
 59288 113.02  23.15    29   14.0
 59290 114.25  23.78    85   16.9
 59297 114.28  23.17    17   14.5
 59310 116.18  23.77    45   16.8
 59312 116.70  23.67    60   21.4
 59313 116.98  23.68    44    7.7
 59314 116.13  23.30    29    8.8
 59315 116.40  23.58    43   27.4
 59318 116.58  23.27     5   38.3
 59319 116.83  23.43     4   13.4
 59320 117.13  23.75    37    8.9
 59322 117.37  23.98    22   21.4
 59419 106.75  22.10   242   18.0
 59421 107.20  22.83   255  137.8
 59425 107.35  22.40   107   48.7
 59426 107.92  22.61   146   42.8
 59427 107.07  22.12   163   26.1
 59429 108.01  22.18   216   32.4
 59432 108.40  22.80   194   27.3
 59435 108.48  22.77    74   32.2
 59441 109.25  22.70    78   18.7
 59448 109.55  22.27    69    2.5
 59449 109.98  22.30    85    4.1
 59451 110.35  22.70    98   13.4
 59452 110.53  22.83   131    8.8
 59454 110.99  22.95   202   12.6
 59457 110.27  22.32   121   10.8
 59469 111.78  22.17    37   41.1
 59470 112.20  22.70    57   25.2
 59471 112.05  22.93   101   27.6
 59473 112.97  22.77    19   13.4
 59475 112.65  22.40    27    8.1
 59476 113.03  22.53    36   11.2
 59477 112.23  22.27    68   13.0
 59480 113.25  22.85    21   25.3
 59481 113.32  22.93    12   26.7
 59487 113.30  22.23    23   11.3
 59492 114.73  22.97    47    7.2
 59500 115.32  22.97     6    8.3
 59502 115.65  22.95     5   15.7
 59635 108.35  21.62    31   31.9
 59640 109.18  21.67     5   93.7
 59650 110.25  21.40    29   33.0
 59653 110.85  21.93    31   96.4
 59654 110.30  21.63    29   66.7
 59655 110.62  21.65    32   55.3
 59656 110.82  21.40    27   49.7
 59659 110.92  21.75    33   71.3
 59750 110.07  20.97    33   16.2
 59757 110.37  20.00     9    3.6
 59842 109.68  19.90    31   16.0
 59843 110.00  19.73    31    9.3
 59848 109.43  19.23   215    0.3
 59851 110.34  19.67    53   63.8
 59854 110.10  19.37   118   10.3
