diamond  3 2014年07月23日08点24小时降雨量                    
  14  07  23  08    -1 3 10 25 50 1 0
 39 122.7  37.3 122.5  36.7 120.8  36.2 119.3  35.0 120.4  34.3
 121.1  32.7 122.3  30.9 122.5  30.1 121.5  28.0 119.8  25.0
 116.1  22.6 111.0  21.0 111.0  18.6 109.6  18.1 108.3  18.5
 108.9  19.9 109.3  21.0 106.4  21.6 104.1  22.2 101.6  20.8
  98.7  22.0  97.1  24.1  97.7  27.0  91.7  26.6  85.7  27.7
  78.9  30.6  73.3  37.1  74.1  40.7  87.6  49.8  98.5  43.9
 110.4  44.3 122.0  54.7 135.7  48.3 131.5  42.2 125.2  39.4
 121.3  38.5 121.2  40.3 118.5  38.6 120.8  38.1
 1     683
 50524 119.43  49.32   576    1.2
 50525 119.75  49.15   620    0.1
 50526 120.70  49.28   668    3.1
 50647 123.48  48.13   236    3.2
 50659 126.25  48.03   291    0.1
 50673 130.40  48.88    90    2.3
 50741 123.50  47.93   185    7.2
 50749 124.83  47.18   154    5.8
 50750 125.30  47.90   226    4.3
 50755 126.07  47.62   249    4.7
 50779 134.28  48.37    40    3.8
 50832 122.08  46.72   332    0.8
 50833 122.90  46.72   187   18.5
 50842 124.42  46.83   145   19.5
 50850 125.13  46.57   147    1.1
 50851 126.08  46.68   207    3.3
 50852 126.45  46.82   169    0.4
 50892 134.00  46.80    54    0.5
 50913 118.83  45.72   865    1.6
 50924 119.67  45.53   823    3.4
 50928 120.33  45.07   628    3.5
 50934 121.58  45.38   311   0.01
 50937 121.48  45.06   282    0.3
 50939 122.82  45.33   150   0.01
 50940 123.17  45.85   141    0.3
 50960 127.38  45.73   184    0.8
 50965 128.27  45.43   167   0.01
 51145  83.65  46.55   521   0.01
 51369  87.65  43.97   600   0.01
 51377  87.92  44.17   547   0.01
 52557 100.17  39.15  1453    1.9
 52575 102.78  39.42  1239    0.8
 52607 106.65  39.43  1252    5.0
 52643  99.62  38.83  2311    1.3
 52656 100.82  38.43  2281    8.8
 52745  99.02  37.30  3417    5.0
 52784 102.90  37.47  2072   12.0
 52842  99.08  36.78  3087    3.7
 52853 100.98  36.90  3010   14.0
 52855 101.25  36.68  2675   17.1
 52862 101.68  36.95  2450   19.8
 52863 101.95  36.82  2480   18.8
 52869 101.58  36.50  2667   16.2
 52874 102.40  36.48  1980    9.7
 52875 102.10  36.50  2125   12.2
 52877 102.25  36.10  2834   16.4
 52881 103.18  36.98  2484    5.9
 52885 103.25  36.75  2118   10.4
 52896 104.15  36.55  1738    7.4
 52957 100.60  35.25  3148   22.0
 52963 102.02  35.93  2085   11.4
 52968 101.47  35.03  3662   12.5
 52972 102.45  35.85  1921   11.4
 52978 102.52  35.20  2929   11.7
 52980 103.30  35.97  1648   12.3
 52981 103.38  35.68  2421    6.9
 52982 103.55  35.48  1953    6.3
 52985 103.33  35.42  2162   11.4
 52988 103.72  35.37  2015   17.8
 52993 105.07  35.68  1739    0.2
 52996 105.02  35.38  2450    1.6
 52998 104.20  35.13  2111    1.1
 53357 110.05  41.03  1360    0.1
 53368 111.47  41.08  1637   0.01
 53419 107.00  40.33  1055    0.3
 53433 108.65  40.73  1020    0.9
 53455 110.53  40.55   998    2.9
 53457 110.03  40.40  1011    1.3
 53464 111.17  40.72  1042    1.5
 53466 111.70  40.75  1045    1.7
 53467 111.18  40.27  1016    4.8
 53469 111.82  40.40  1166    5.7
 53472 112.57  40.87  1451    1.0
 53475 112.47  40.52  1268    4.0
 53481 113.22  40.80  1316    6.2
 53483 113.83  40.87  1268    3.8
 53484 113.15  40.45  1191    4.2
 53486 113.77  40.37  1050    1.7
 53488 113.58  40.03  1034    0.7
 53491 114.38  40.67   837    1.5
 53492 114.15  40.10   937    0.1
 53498 115.03  40.57   629    0.9
 53499 114.73  40.77   755    1.2
 53505 105.40  37.88  1380    6.0
 53512 106.80  39.80  1105    2.3
 53517 106.33  39.27  1464    7.5
 53518 106.35  39.03  1117    7.9
 53522 107.83  40.05  1180    1.7
 53533 108.71  39.81  1414    5.0
 53545 109.71  39.56  1367    5.8
 53547 109.03  39.10  1312    4.2
 53553 111.22  39.87  1221    7.8
 53562 111.67  39.92  1187    8.7
 53565 111.50  39.43  1051    1.9
 53567 111.00  39.02  1024    4.1
 53573 112.70  40.00  1336    4.1
 53574 112.27  39.52  1409    8.0
 53575 112.20  39.10  1525   16.9
 53576 112.82  39.50  1045    5.4
 53577 112.30  39.00  1437   34.0
 53579 112.90  39.02   859   11.5
 53580 113.10  39.82  1044    1.9
 53582 113.67  39.72  1079    2.3
 53584 113.17  39.57  1000    5.1
 53585 113.27  39.17   933    8.2
 53590 114.27  39.75   977    1.4
 53596 115.13  38.85    52    2.2
 53599 114.68  39.37   884    4.0
 53602 105.67  38.83  1561   12.4
 53603 106.37  38.83  1095    3.2
 53610 106.35  38.57  1106    4.1
 53611 106.55  38.88  1098    3.3
 53617 106.08  38.03  1118    7.7
 53618 106.25  38.28  1113    6.4
 53619 106.30  38.12  1115    6.7
 53644 108.83  38.60  1307    5.2
 53658 110.48  38.03   894    4.7
 53659 111.00  37.97  1163    6.5
 53660 111.08  39.02   894    2.1
 53662 111.58  38.72  1396   27.7
 53665 111.65  38.28  1185   26.6
 53666 111.93  38.35  1212   15.3
 53669 111.80  38.08  1150    3.5
 53674 112.70  38.40   869   10.0
 53676 112.98  38.50   759   14.5
 53677 112.48  37.93   806    0.8
 53678 112.65  38.07   897    4.8
 53679 112.54  37.75   776   0.01
 53680 114.38  38.30   108    2.3
 53681 113.37  38.83  1096   15.9
 53682 114.68  38.63   104    0.5
 53685 113.42  38.07   953   19.6
 53688 114.55  38.42   100    1.5
 53689 115.07  38.02    42    2.9
 53690 114.18  38.85   281    4.3
 53691 114.57  38.15    71    0.1
 53692 114.98  38.73    66    2.2
 53693 114.13  38.03   255    1.6
 53694 114.22  38.27   131    1.6
 53695 114.68  38.35    70    3.4
 53696 115.02  38.55    41    1.0
 53697 114.83  38.03    53    4.2
 53699 114.95  38.18    45    0.1
 53707 105.25  36.93  1697    4.5
 53727 107.12  37.17  1712    3.4
 53730 107.48  38.18  1333    6.8
 53732 108.72  37.85  1209    5.6
 53750 110.18  37.77   931    0.5
 53751 110.05  37.60   894    0.8
 53753 110.88  37.43   860    0.4
 53756 110.72  37.52   744    0.2
 53757 110.12  37.12   938    0.2
 53759 110.83  36.98  1109    4.1
 53760 111.23  37.88  1212    1.8
 53767 111.17  37.33  1213    1.6
 53768 111.75  37.15   773    8.4
 53769 111.78  37.25   747    4.4
 53770 112.35  37.35   768    9.1
 53771 112.05  37.42   750    0.7
 53774 112.37  37.58   759    0.2
 53776 112.77  37.68   831    0.6
 53778 112.22  37.17   780    3.1
 53780 113.15  37.91  1066    9.0
 53781 114.47  36.87    67    2.9
 53782 113.62  37.93   767    6.4
 53783 113.70  37.60   876    5.6
 53784 114.78  37.75    38    0.9
 53785 114.67  37.52    35    0.3
 53786 113.33  37.09  1152   20.3
 53788 113.57  37.33  1265    8.4
 53789 114.63  37.88    52    1.5
 53790 114.61  37.63    44    2.2
 53791 114.52  37.77    66    3.5
 53792 114.48  37.45   113    0.2
 53794 114.75  37.35    33    0.2
 53795 114.37  37.65   137    0.7
 53796 114.89  37.62    30   0.01
 53797 114.52  37.28    73    0.1
 53799 115.00  37.24    25    5.0
 53832 108.77  36.77  1218   0.01
 53848 109.35  36.27  1005   0.01
 53850 110.18  36.88   804    0.1
 53852 110.63  36.77   916    4.3
 53856 110.75  36.47   765    0.7
 53857 110.18  36.07   840    1.7
 53860 111.17  36.98  1406    3.3
 53861 111.38  35.88   463    4.8
 53862 111.80  36.85   811    4.4
 53864 111.10  36.40  1030    1.8
 53865 111.55  36.65  1011    2.7
 53866 111.67  36.23   462    2.8
 53869 111.70  36.58   550    2.2
 53871 112.85  36.83   964    8.5
 53872 112.68  36.77   960   13.9
 53873 112.87  36.10   951   24.0
 53874 111.90  36.25   648    0.9
 53875 112.35  36.52  1000   59.1
 53878 113.38  36.52   767   12.6
 53879 112.88  36.32   952   23.5
 53880 113.23  36.33   947   12.0
 53881 106.48  37.28  1382    7.4
 53883 114.70  37.13    36    4.6
 53885 113.20  36.12  1122    2.9
 53886 113.67  36.57   470   16.3
 53888 113.43  36.20  1089    6.3
 53889 113.82  36.07   306    0.9
 53890 114.10  36.67   280    1.6
 53891 114.68  37.02    43    7.5
 53893 114.95  36.77    39    3.3
 53894 114.20  36.40   149   0.01
 53895 114.50  36.78    60    0.7
 53906 105.72  35.52  1656    7.2
 53908 105.23  35.22  1768    2.1
 53914 106.12  35.62  2078    7.8
 53916 106.32  35.50  1948    1.4
 53917 106.07  35.22  1631    2.9
 53926 107.35  35.35  1028   0.01
 53927 106.62  35.20  1477   0.01
 53930 107.98  36.45  1271   0.01
 53935 108.40  35.48  1481    3.5
 53938 108.30  35.17  1277   0.01
 53941 109.58  35.18   804    8.3
 53944 109.25  35.57   863    4.4
 53945 109.07  35.43  1395   47.0
 53947 109.07  35.08   978   36.7
 53949 109.92  35.18   679    5.2
 53950 110.15  35.23   708    2.0
 53953 110.85  35.97   965    2.8
 53954 110.97  35.62   433    0.4
 53956 110.83  35.40   588    2.4
 53957 110.72  35.62   459    0.2
 53958 110.78  35.17   435   20.5
 53961 111.48  35.65   472   10.7
 53962 111.70  35.73   584    3.1
 53964 111.22  35.62   430    5.6
 53965 111.57  35.52   761   34.1
 53966 111.83  35.98   817    2.3
 53967 111.20  35.33   468   21.0
 53970 112.20  35.70   887   18.5
 53972 112.90  35.05   117   13.0
 53973 112.95  35.77   837   15.2
 53976 112.87  35.50   752   10.0
 53978 112.63  35.08   140   30.7
 53979 113.08  35.15   120    6.4
 53981 113.27  35.78  1311   24.7
 53982 113.27  35.23   112    5.2
 53984 113.47  35.23    82   15.4
 53985 113.82  35.50   140   0.01
 53987 113.36  35.11    94   0.01
 53988 113.67  35.27    77    1.0
 53993 114.92  35.93    51    0.1
 53994 114.07  35.38    70    0.1
 54024 119.30  44.45   710    0.1
 54031 121.82  44.90   198    8.1
 54039 122.02  44.03   181    0.1
 54072 126.52  44.85   196    1.7
 54080 127.15  44.90   194    0.1
 54122 120.05  43.88   374    0.2
 54304 115.27  40.95  1239    3.8
 54318 117.73  41.32   561   0.01
 54319 118.67  41.00   502   0.01
 54328 119.72  41.08   296   0.01
 54398 116.62  40.13    28   0.01
 54404 115.83  40.88   867    1.6
 54408 115.22  40.38   529    0.2
 54410 116.13  40.60  1224    0.4
 54412 116.63  40.73   331   0.01
 54419 116.63  40.37    75    0.2
 54420 117.33  40.93   529    0.7
 54421 117.12  40.65   293   0.01
 54424 117.12  40.17    32   0.01
 54425 117.47  40.40   633    0.1
 54430 118.15  40.77   269   0.01
 54431 116.63  39.92    43   0.01
 54433 116.50  39.95    35   0.01
 54434 118.33  40.17   131   0.01
 54437 118.62  39.51    18   0.01
 54494 124.07  40.47    72   0.01
 54499 116.22  40.22    76   0.01
 54501 115.68  39.97   440   0.01
 54502 116.03  39.48    29    0.3
 54503 115.82  39.07    12    0.2
 54505 116.10  39.94    98   0.01
 54506 115.95  39.32    24   0.01
 54507 115.52  39.33    49   0.01
 54512 116.28  39.42    21   0.01
 54514 116.25  39.87    55   0.01
 54515 116.70  39.50    13   0.01
 54519 116.48  39.30    12   0.01
 54520 117.08  39.97    18   0.01
 54523 117.02  39.38     4   0.01
 54526 117.33  39.08     1   0.01
 54528 117.13  39.23     3   0.01
 54529 117.82  39.35     3   0.01
 54530 117.77  39.23     1   0.01
 54535 118.47  39.28     3   0.01
 54569 121.95  39.42    11   0.01
 54590 124.17  39.88     4   0.01
 54594 116.35  39.72    37   0.01
 54596 116.19  39.77    48   0.01
 54597 115.73  39.73   407    0.2
 54601 115.65  38.98    13    1.0
 54603 115.77  38.72    10    1.5
 54604 115.33  38.42    29    0.7
 54605 115.93  38.93     4    1.2
 54607 115.12  38.72    45    1.0
 54609 115.59  38.23    22    2.9
 54610 116.10  38.73     8    1.0
 54611 115.32  38.93    44    1.5
 54615 116.85  38.58     8    0.2
 54616 116.85  38.35     8    0.1
 54617 116.12  38.18    13    2.0
 54619 116.92  38.92     5    0.6
 54620 115.57  38.48    18    0.2
 54621 115.18  38.18    38    1.5
 54622 117.37  38.98     3   0.01
 54626 115.82  38.42    13   0.01
 54627 117.23  38.03     8    1.5
 54628 117.48  38.15     6    1.3
 54631 115.15  37.07    32   16.5
 54632 115.03  37.07    34   12.9
 54633 115.23  37.52    26    0.3
 54636 116.10  39.02    11    0.3
 54640 114.87  36.92    36    1.2
 54644 117.12  38.05    10    1.7
 54645 117.47  38.85     2    0.2
 54700 115.93  38.03    16    1.0
 54701 115.20  37.93    35    2.4
 54702 115.70  37.73    20    0.9
 54703 115.88  37.80    21    0.7
 54706 115.67  37.08    31    4.8
 54707 115.98  37.35    27    0.2
 54709 116.07  37.22    25    1.2
 54710 116.17  37.87    18    0.2
 54712 116.82  37.20    18    2.5
 54714 116.33  37.45    23    2.2
 54716 116.80  37.67    16    0.3
 54718 116.47  37.15    22    6.6
 54719 116.68  38.03    11    0.6
 54722 117.63  37.75     6    0.9
 54723 117.57  37.65    10    1.2
 54724 117.13  37.32    14    3.4
 54726 117.18  37.70    11    0.3
 54728 117.38  37.77     8    0.2
 54729 117.87  37.17    11    0.5
 54730 118.14  37.69     6    1.4
 54731 118.22  37.48    11    0.4
 54732 118.52  37.87     5    0.6
 54734 118.00  37.36    12   0.01
 54736 118.67  37.43     6   0.01
 54738 118.40  37.05    15    6.5
 54749 119.95  37.18    48    3.2
 54752 120.77  37.80    60   0.01
 54759 120.85  37.32   205    0.1
 54765 121.43  37.48    82    0.7
 54766 121.59  37.43    39   0.01
 54778 122.48  37.17    61    4.5
 54800 115.25  37.00    33    8.5
 54801 115.48  36.85    35    0.8
 54802 115.73  36.82    34    1.2
 54803 116.02  36.98    27   23.6
 54806 115.97  36.42    33    7.7
 54810 116.27  36.87    27   11.6
 54811 116.62  36.93    20   13.8
 54812 116.75  36.78    22    0.4
 54815 116.27  36.38    31    5.5
 54816 116.80  36.52    98    0.3
 54817 115.87  35.98    42    0.6
 54818 116.42  36.25    79    3.1
 54819 116.80  36.18   113   24.8
 54820 115.17  36.82    36    1.2
 54821 117.20  37.00    20    3.0
 54822 117.73  36.87    47    7.6
 54824 117.95  36.63    95    4.2
 54825 117.85  36.52   189   18.4
 54827 117.15  36.17   128   48.6
 54828 117.68  36.23   229    7.2
 54829 117.87  36.77    85   10.7
 54830 117.93  36.82    34   11.2
 54831 118.50  36.65   102    4.9
 54832 118.73  36.88    25    0.8
 54833 118.08  36.97    15    9.6
 54834 118.28  36.87    46    5.1
 54835 118.55  36.50   106    5.4
 54837 118.83  36.68    78    1.0
 54841 119.42  36.86    23   39.6
 54844 119.18  36.42    62    1.3
 54846 119.74  36.39    51    0.1
 54848 119.42  35.98    82    2.1
 54849 120.03  36.22    84    3.4
 54851 120.56  36.90    76    0.9
 54852 120.73  36.97    54    0.3
 54853 120.42  36.17    42   28.9
 54855 120.47  36.38    26   19.5
 54861 121.53  36.93    45    3.9
 54871 122.48  36.93     9    1.3
 54903 115.48  35.85    45    0.1
 54911 116.40  35.93    44    8.0
 54912 116.50  35.77    41    0.4
 54913 116.82  35.75    62    0.6
 54918 116.97  35.60    62    2.0
 54922 117.78  35.88   224    0.1
 54923 117.93  35.72   202   0.01
 54925 117.63  35.52   167    4.0
 54932 118.65  35.77   186    8.0
 54935 118.43  35.53   119   0.01
 54940 119.20  35.75   148    6.8
 54943 120.00  35.88    10   36.2
 56016  95.62  33.85  4179    2.3
 56034  97.13  33.80  4415    4.1
 56045  99.90  33.97  4050    7.6
 56071 102.50  34.58  3105   21.7
 56081 103.35  34.70  2810    2.0
 56082 103.50  34.58  2540    1.9
 56091 104.47  34.85  1883    1.1
 56095 104.38  34.03  1753    6.6
 56097 104.25  33.27  1440   0.01
 56109  93.78  31.48  3940    7.2
 56128  96.60  31.22  3810    1.2
 56147  98.83  31.22  3260    1.0
 56181 103.70  30.68   541    2.3
 56189 103.93  30.98   581   0.01
 56228  96.92  30.05  3260    0.4
 56272 103.88  30.82   558    4.1
 56278 102.77  30.07   755    1.8
 56279 102.93  30.15   682    0.3
 56280 103.12  30.08   691   0.01
 56281 103.50  30.18   510    9.9
 56284 103.43  30.45   518    0.4
 56285 103.52  30.60   523    0.9
 56288 103.92  30.58   494    0.4
 56317  94.22  29.22  2950    7.2
 56371 102.23  29.92  1321    0.4
 56373 102.85  29.78   763    5.9
 56376 102.63  29.33  1098   26.5
 56378 102.35  29.23   890    3.1
 56381 103.50  30.07   630    5.5
 56383 103.87  29.83   455    5.1
 56387 103.27  29.23   642    0.1
 56441  99.28  28.72  2422    0.3
 56443  99.80  28.93  2842   0.01
 56473 102.77  28.95  1060    1.0
 56474 102.17  28.55  1774    2.0
 56478 102.43  28.30  1818    4.0
 56480 103.53  28.82   564    6.2
 56483 103.95  28.58   496   0.01
 56487 103.13  28.33  1943    8.2
 56490 103.90  28.95   424   0.01
 56567 100.85  27.30  2240    3.0
 56569 102.18  27.42  1380    3.0
 56575 102.55  27.37  1428    0.1
 56578 102.75  27.07   993    1.6
 56580 102.80  27.72  2460    0.7
 56584 103.25  27.70  1093   0.01
 56585 103.53  27.18  1916    2.7
 56596 105.05  27.85  1177   0.01
 56598 104.73  27.13  1535   25.7
 56641  98.87  26.90  1189    0.9
 56645  99.42  26.42  2344    3.1
 56646  99.92  26.53  2191    3.7
 56649  99.96  26.11  2059   11.5
 56652 100.75  26.68  2130    5.4
 56654 100.18  26.58  2195   11.7
 56665 101.85  26.68  1140    2.0
 56670 102.12  26.92  1136    5.8
 56673 102.92  26.92   893    1.5
 56674 101.73  26.50  1108    3.2
 56675 102.58  26.65  1694    0.4
 56688 103.17  26.10  1254    0.1
 56697 104.08  26.22  1984    4.8
 56742  99.37  25.90  1658   23.6
 56745  99.95  25.68  1626    4.5
 56746  99.52  25.47  1616    6.8
 56752 100.57  25.83  1438    3.7
 56755 100.48  25.35  1668   19.9
 56756 100.58  25.48  1992    8.7
 56757 100.28  25.27  1742   18.1
 56761 101.32  25.72  1878    6.6
 56764 101.23  25.53  1873   10.5
 56766 101.52  25.31  1822    9.9
 56767 101.28  25.18  1857   18.4
 56772 102.50  25.23  1692    9.5
 56774 102.42  25.53  1710    8.5
 56775 102.45  25.55  1750   10.3
 56777 102.07  25.15  1566    3.1
 56781 103.27  25.55  1873   11.1
 56782 103.55  25.42  2067    7.6
 56783 103.80  25.50  1906   36.3
 56785 103.08  25.36  1915    3.3
 56788 103.62  24.98  1857    0.1
 56790 104.25  25.68  1925   0.01
 56835  97.82  24.07   959   33.4
 56836  97.95  24.70   826   37.9
 56839  98.82  23.77   995   95.7
 56840  98.30  24.82  1012   15.1
 56841  98.68  24.60  1528   14.8
 56842  99.18  24.73  1471    3.2
 56843  99.62  24.83  1650   22.9
 56844  98.58  24.43   913   37.2
 56846  99.93  24.58  1569    7.6
 56849  99.23  24.03  1606   16.9
 56851 100.53  25.04  1377   21.3
 56854 100.13  24.45  1108    5.2
 56862 101.60  24.68  1968    6.5
 56863 102.48  24.93  1848   14.5
 56867 101.12  23.98  1105    2.5
 56869 101.97  24.07  1497   26.8
 56870 102.18  24.66  1600    4.0
 56871 102.60  24.65  1893   19.0
 56872 102.62  24.95  2358    8.6
 56873 102.92  24.68  1796   16.2
 56876 102.77  24.28  1731    2.9
 56878 102.75  24.13  1801    7.8
 56879 102.91  24.19  1702   16.3
 56880 103.17  24.92  1532   13.5
 56881 103.27  24.75  1695   35.5
 56882 102.83  24.91  1976    4.3
 56883 103.98  24.82  1900    7.1
 56885 103.45  24.40  1415    3.8
 56889 104.17  24.05  1518   16.5
 56891 104.32  24.98  1482    2.4
 56898 102.41  24.18  1600   15.8
 56944  99.27  23.15  1278   36.1
 56949  99.60  22.32   945   37.6
 56950  99.80  23.47  1044   19.8
 56952 100.70  23.50   913    6.6
 56958 100.42  21.92  1176    5.0
 56961 101.05  23.03  1336    8.3
 56962 101.67  23.42  1314    5.3
 56970 102.48  23.70  1419   10.1
 56973 102.83  23.62  1309   22.8
 56975 102.43  23.37   974   18.5
 56976 102.83  23.23   232    6.1
 56978 102.42  23.00  1642   17.2
 56982 103.29  23.70  1117   18.4
 56984 103.15  23.38  1720   16.8
 56987 103.23  22.78  1260   19.8
 56989 103.95  22.50   137    0.1
 56992 104.70  23.45  1507    1.0
 56994 104.28  23.33  1293    4.8
 56995 104.42  23.03  1332   10.6
 56996 104.70  23.13  1093   0.01
 57001 105.33  34.75  1271    0.1
 57002 105.65  34.85  1216    1.1
 57003 106.83  34.90   924   0.01
 57004 104.88  34.73  1495    0.2
 57006 105.75  34.58  1141   0.01
 57007 105.18  34.18  1404   0.01
 57008 105.30  34.03  1579    0.8
 57011 106.15  34.75  1378    0.7
 57012 106.20  34.98  1664    1.3
 57016 107.13  34.35   612    2.1
 57020 107.40  34.37   563    0.4
 57021 107.13  34.65   751    0.7
 57029 108.48  34.50   543   53.3
 57031 108.55  34.82  1012   24.5
 57033 108.82  34.55   428   39.3
 57035 108.23  34.55   636    2.5
 57038 108.45  34.28   410    4.9
 57039 108.88  34.08   445    1.3
 57040 109.08  34.52   377   28.4
 57041 108.92  34.63   424   36.8
 57043 109.97  34.80   351    0.3
 57044 109.23  34.40   424    2.1
 57045 109.48  34.52   349   12.2
 57047 109.32  34.17   540   11.3
 57053 110.72  34.70   505   20.7
 57054 110.23  34.55   556   36.0
 57055 110.08  34.55   351    0.2
 57057 110.15  34.10   963    0.9
 57060 111.23  35.17   402   74.2
 57061 111.20  34.83   410   14.1
 57063 111.77  34.77   523   22.5
 57065 112.13  34.55   317    5.5
 57066 111.67  34.40   408   0.01
 57070 112.12  34.73   364    7.5
 57072 112.75  34.92   127    4.8
 57074 112.40  34.42   252    3.0
 57075 112.87  34.17   203   36.3
 57078 112.47  34.15   336   26.1
 57079 113.03  34.95   106    1.4
 57080 112.97  34.73   165    1.3
 57082 113.02  34.47   427   0.01
 57085 113.33  34.53   259   16.0
 57086 113.72  34.38   116    1.1
 57087 113.73  34.27   104   0.01
 57088 113.50  34.15   116    2.4
 57090 113.97  34.72    78   0.01
 57095 114.15  34.12    61   0.01
 57102 105.72  33.75   970    0.1
 57105 105.60  33.33  1221   0.01
 57110 106.08  33.78   930    3.6
 57111 106.30  33.92   961    2.5
 57119 106.70  33.17   548   15.3
 57132 108.58  34.13   411   0.01
 57162 112.07  34.13   440    0.6
 57173 112.88  33.75   145    3.2
 57177 113.53  33.33    89    1.0
 57179 113.00  33.28   160   27.3
 57180 113.20  33.98   117    0.6
 57182 113.52  33.85    80   11.7
 57184 113.30  33.63    97    2.2
 57185 113.58  33.45    91   0.01
 57247 108.90  32.32   438   12.7
 57362 110.67  31.75   935   0.01
 57694 114.38  28.53   259   0.01
 57732 108.40  28.02   456   0.01
 57734 108.23  27.57   467    0.4
 57781 113.50  27.65    74    0.2
 57798 114.60  27.40    85   0.01
 57800 105.37  26.77  1457    0.1
 57821 107.50  26.70   925   0.01
 57834 108.30  26.68   641    5.5
 57837 108.07  26.40   839    4.7
 57942 110.00  25.80   268   0.01
 57966 111.96  25.59   244    4.7
 58030 118.02  34.88    44   0.01
 58032 118.65  34.93    70   0.01
 58349 120.56  31.41     8    6.1
 58559 120.98  29.17    58    0.2
 58565 121.39  29.69    41    1.6
 58567 121.43  29.32    39    1.2
 58568 121.38  29.12    34    0.9
 58656 120.97  28.07    60    3.8
 58657 120.28  28.15    57    0.2
 58658 120.68  28.15    34    0.7
 58659 120.65  28.03    28    0.3
 58660 121.20  28.87     6    0.2
 58664 121.37  28.37    35    1.0
 58701 115.40  27.77    46    2.3
 58704 115.35  27.62    52    7.4
 58719 116.93  27.30   131   0.01
 58736 118.82  27.38   262   0.01
 58746 119.70  27.55   538    8.1
 58747 119.35  27.15   899   22.0
 58748 119.65  27.10    50   27.1
 58749 119.88  27.23   684   18.0
 58750 120.08  27.78   105    8.2
 58751 120.57  27.67   254   15.7
 58823 117.80  26.80   175   0.01
 58826 117.80  26.40   120    0.5
 58836 118.73  26.58   361    6.8
 58839 118.85  26.23    40   11.7
 58844 119.15  26.15    57   10.9
 58845 119.53  26.50    60   17.5
 58848 119.55  26.20    13   16.2
 58850 120.23  26.92    92   14.3
 58923 117.83  25.70   400    6.0
 58928 117.53  25.02   166    3.5
 58929 118.15  25.07    68    9.7
 58932 118.93  25.87    85   17.8
 58934 118.27  25.33   170    2.4
 58935 118.23  25.48   521   14.2
 58938 118.98  25.23    23    0.8
 58940 119.33  26.08    25   14.2
 58941 119.50  25.97    25    9.3
 58942 119.38  25.72    39   25.2
 58946 119.00  25.45    81    2.9
 59022 107.55  24.98   697    2.9
 59025 107.38  24.53   248   0.01
 59047 109.33  24.25   100    9.4
 59057 110.18  24.13   830   13.3
 59075 112.63  24.48    70   0.01
 59122 117.75  24.62    43    0.9
 59124 117.38  24.52    53    1.1
 59125 117.30  24.38   108    0.2
 59127 117.83  24.43    32    1.1
 59129 117.60  24.13    53   0.01
 59130 118.15  24.73    30    1.4
 59131 118.37  24.97    45    3.4
 59137 118.57  24.82    56    0.6
 59230 108.17  23.72   168   0.01
 59241 109.68  23.97    90   25.2
 59246 109.67  23.60    70   0.01
 59249 109.62  23.12    51   0.01
 59269 111.78  23.17    47    1.1
 59285 113.60  23.57    38   0.01
 59322 117.37  23.98    22   0.01
 59421 107.20  22.83   255   0.01
 59429 108.01  22.18   216   12.7
 59448 109.55  22.27    69   26.1
 59449 109.98  22.30    85   0.01
 59469 111.78  22.17    37    5.8
