diamond  3 2014年07月14日08点24小时降雨量                    
  14  07  14  08    -1 3 10 25 50 1 0
 39 122.7  37.3 122.5  36.7 120.8  36.2 119.3  35.0 120.4  34.3
 121.1  32.7 122.3  30.9 122.5  30.1 121.5  28.0 119.8  25.0
 116.1  22.6 111.0  21.0 111.0  18.6 109.6  18.1 108.3  18.5
 108.9  19.9 109.3  21.0 106.4  21.6 104.1  22.2 101.6  20.8
  98.7  22.0  97.1  24.1  97.7  27.0  91.7  26.6  85.7  27.7
  78.9  30.6  73.3  37.1  74.1  40.7  87.6  49.8  98.5  43.9
 110.4  44.3 122.0  54.7 135.7  48.3 131.5  42.2 125.2  39.4
 121.3  38.5 121.2  40.3 118.5  38.6 120.8  38.1
 1     852
 50137 122.37  53.47   296    0.1
 50431 121.52  50.78   717    5.3
 50526 120.70  49.28   668    0.2
 50566 128.47  49.55   116    9.3
 50646 124.85  48.48   202    0.2
 50647 123.48  48.13   236   0.01
 50655 126.18  48.50   266    0.6
 50659 126.25  48.03   291    2.8
 50673 130.40  48.88    90    1.4
 50674 129.43  48.57   404   11.0
 50741 123.50  47.93   185    0.6
 50749 124.83  47.18   154    2.5
 50750 125.30  47.90   226    1.1
 50755 126.07  47.62   249   15.0
 50772 129.23  48.10   288    5.9
 50775 130.20  47.34   182    0.9
 50778 132.53  47.67    57    1.1
 50779 134.28  48.37    40   0.01
 50787 131.84  47.31    62    4.5
 50832 122.08  46.72   332    0.4
 50833 122.90  46.72   187    0.5
 50842 124.42  46.83   145    1.7
 50850 125.13  46.57   147   0.01
 50851 126.08  46.68   207    0.9
 50852 126.45  46.82   169    1.1
 50858 125.93  46.07   135    0.1
 50859 126.28  46.29   169    4.5
 50861 127.48  46.88   184    1.1
 50867 127.35  46.08   134   13.7
 50871 129.88  46.73    95    0.1
 50879 130.55  46.22   187    1.3
 50880 131.12  46.73   102    8.3
 50884 131.15  46.63   175    4.4
 50892 134.00  46.80    54   21.1
 50913 118.83  45.72   865    0.1
 50928 120.33  45.07   628    0.7
 50934 121.58  45.38   311    0.3
 50937 121.48  45.06   282    0.8
 50940 123.17  45.85   141    8.9
 50946 124.83  45.18   139    5.0
 50954 125.08  45.50   127    4.5
 50956 126.77  46.08   134    4.8
 50958 126.93  45.53   168    2.7
 50960 127.38  45.73   184   13.5
 50962 128.03  45.95   112   22.3
 50964 128.80  45.83   119    5.3
 50965 128.27  45.43   167    0.5
 50971 131.02  45.77   223   29.2
 50979 130.23  45.27   274   17.9
 50985 131.87  45.55   151   17.6
 50987 131.09  45.26   219   53.6
 51137  82.93  46.20   715   0.01
 51436  83.30  43.45   928   0.01
 51438  81.77  43.18  1210    0.2
 51465  87.10  43.48  1871    0.1
 51468  86.83  43.10  3539    9.0
 51707  76.73  39.50  1208   0.01
 51802  76.17  38.93  1297   0.01
 51814  77.40  37.92  1360   0.01
 52607 106.65  39.43  1252    6.5
 52853 100.98  36.90  3010    1.0
 52855 101.25  36.68  2675   0.01
 52863 101.95  36.82  2480    0.6
 52869 101.58  36.50  2667   0.01
 52877 102.25  36.10  2834    2.8
 52881 103.18  36.98  2484    0.2
 52885 103.25  36.75  2118    0.1
 52896 104.15  36.55  1738    1.8
 52972 102.45  35.85  1921    0.8
 52978 102.52  35.20  2929    0.1
 52980 103.30  35.97  1648   0.01
 52982 103.55  35.48  1953    0.1
 52985 103.33  35.42  2162    0.1
 52988 103.72  35.37  2015    2.1
 52998 104.20  35.13  2111    0.7
 53367 111.23  41.32  1602    2.4
 53368 111.47  41.08  1637    0.4
 53378 112.62  41.28  1737    0.2
 53455 110.53  40.55   998    1.3
 53464 111.17  40.72  1042   0.01
 53466 111.70  40.75  1045    0.1
 53484 113.15  40.45  1191    2.8
 53486 113.77  40.37  1050   0.01
 53491 114.38  40.67   837    0.9
 53517 106.33  39.27  1464    0.1
 53518 106.35  39.03  1117    9.3
 53522 107.83  40.05  1180    0.2
 53533 108.71  39.81  1414   0.01
 53574 112.27  39.52  1409    0.3
 53575 112.20  39.10  1525    0.1
 53577 112.30  39.00  1437   0.01
 53580 113.10  39.82  1044    0.2
 53602 105.67  38.83  1561   0.01
 53603 106.37  38.83  1095    1.4
 53610 106.35  38.57  1106    1.9
 53611 106.55  38.88  1098    0.7
 53617 106.08  38.03  1118    2.3
 53619 106.30  38.12  1115   0.01
 53644 108.83  38.60  1307    0.1
 53658 110.48  38.03   894    0.1
 53665 111.65  38.28  1185    1.3
 53677 112.48  37.93   806   0.01
 53679 112.54  37.75   776    7.0
 53690 114.18  38.85   281    0.3
 53707 105.25  36.93  1697    0.1
 53727 107.12  37.17  1712    0.2
 53730 107.48  38.18  1333    0.8
 53732 108.72  37.85  1209    0.9
 53750 110.18  37.77   931   0.01
 53763 112.17  37.92  1006    0.4
 53771 112.05  37.42   750   0.01
 53774 112.37  37.58   759    0.7
 53776 112.77  37.68   831   0.01
 53797 114.52  37.28    73   0.01
 53829 107.90  35.98  1093    3.2
 53841 109.32  36.88  1068    2.4
 53848 109.35  36.27  1005    0.2
 53865 111.55  36.65  1011   0.01
 53866 111.67  36.23   462    3.1
 53871 112.85  36.83   964   0.01
 53873 112.87  36.10   951    0.4
 53874 111.90  36.25   648   0.01
 53875 112.35  36.52  1000   0.01
 53895 114.50  36.78    60    0.4
 53908 105.23  35.22  1768    0.3
 53917 106.07  35.22  1631   0.01
 53930 107.98  36.45  1271    3.4
 53931 109.37  36.00   984    8.4
 53934 107.98  35.78  1274    1.6
 53935 108.40  35.48  1481    9.5
 53937 107.92  35.52   979   0.01
 53941 109.58  35.18   804    2.1
 53944 109.25  35.57   863    3.6
 53945 109.07  35.43  1395    4.8
 53946 109.82  35.60  1091    1.0
 53947 109.07  35.08   978    8.0
 53949 109.92  35.18   679    0.6
 53950 110.15  35.23   708   12.2
 53953 110.85  35.97   965    0.4
 53964 111.22  35.62   430    4.7
 53966 111.83  35.98   817    0.4
 53972 112.90  35.05   117   0.01
 53973 112.95  35.77   837    2.1
 53974 114.23  35.61    70    0.1
 53976 112.87  35.50   752    0.1
 53978 112.63  35.08   140    2.5
 53982 113.27  35.23   112    6.2
 53987 113.36  35.11    94    0.5
 53988 113.67  35.27    77    0.1
 53992 114.52  35.65    58    0.1
 54024 119.30  44.45   710    0.3
 54047 123.28  44.13   145    2.5
 54065 125.65  44.53   169    8.7
 54069 125.80  44.17   174    2.0
 54072 126.52  44.85   196    2.4
 54076 126.93  44.38   268    4.1
 54080 127.15  44.90   194    1.7
 54092 129.40  44.60   292   23.7
 54093 130.55  44.93   266   20.4
 54098 129.47  44.33   267   11.7
 54099 131.13  44.08   148    4.0
 54113 118.65  43.53   621    0.8
 54117 117.53  43.25  1003    2.8
 54122 120.05  43.88   374    3.2
 54154 124.30  43.35   160   11.2
 54155 124.23  43.67   144   18.8
 54156 124.80  43.52   200    0.2
 54164 125.28  43.35   248    1.8
 54169 126.02  43.30   271    0.1
 54172 126.53  43.87   290    7.0
 54187 128.92  43.12   366    4.9
 54192 130.27  43.70   384    3.2
 54244 123.33  42.75   118    2.4
 54245 123.40  42.50    97   30.1
 54248 123.53  42.03    61    0.6
 54249 123.87  42.30    85    0.6
 54261 125.47  42.67   345    1.5
 54267 125.73  42.25   362   28.8
 54274 125.99  42.69   306    3.0
 54279 126.58  42.05   544    1.3
 54290 129.40  42.77   241   15.2
 54291 130.28  42.90    36   16.0
 54293 129.83  42.95   142   23.3
 54304 115.27  40.95  1239    0.1
 54318 117.73  41.32   561   0.01
 54319 118.67  41.00   502    0.1
 54323 120.78  41.82   253    1.0
 54330 121.33  41.13    45    0.1
 54336 122.42  41.42     8    2.4
 54362 125.73  41.67   380    2.0
 54371 126.43  41.93   520    0.5
 54398 116.62  40.13    28   0.01
 54399 116.28  39.98    45    2.3
 54404 115.83  40.88   867   0.01
 54410 116.13  40.60  1224    0.5
 54412 116.63  40.73   331   0.01
 54419 116.63  40.37    75   0.01
 54430 118.15  40.77   269    0.7
 54432 118.48  40.60   304    0.2
 54433 116.50  39.95    35   0.01
 54434 118.33  40.17   131   12.9
 54438 118.88  39.88    65    0.3
 54439 118.72  40.02    50    0.4
 54494 124.07  40.47    72    1.0
 54499 116.22  40.22    76    0.3
 54501 115.68  39.97   440   0.01
 54505 116.10  39.94    98   0.01
 54507 115.52  39.33    49    0.1
 54513 116.20  39.95    65    3.2
 54514 116.25  39.87    55    1.6
 54515 116.70  39.50    13   0.01
 54522 117.73  39.88    14    1.0
 54540 119.20  39.73    17    2.1
 54575 122.37  39.42    43    0.5
 54590 124.17  39.88     4    1.3
 54594 116.35  39.72    37   0.01
 54597 115.73  39.73   407    0.4
 54723 117.57  37.65    10    0.1
 54728 117.38  37.77     8   0.01
 54730 118.14  37.69     6   11.5
 54731 118.22  37.48    11    0.1
 54734 118.00  37.36    12    4.7
 54736 118.67  37.43     6   0.01
 54737 118.15  37.15     9   14.5
 54777 122.07  37.20   118    4.3
 54778 122.48  37.17    61    0.4
 54825 117.85  36.52   189    2.0
 54828 117.68  36.23   229   0.01
 54833 118.08  36.97    15    0.4
 54834 118.28  36.87    46    1.7
 54835 118.55  36.50   106   0.01
 54841 119.42  36.86    23    0.3
 54848 119.42  35.98    82   0.01
 54852 120.73  36.97    54    8.3
 54861 121.53  36.93    45   0.01
 54932 118.65  35.77   186    0.5
 54935 118.43  35.53   119    1.4
 54938 118.40  35.05    65   0.01
 54939 118.82  35.17   113   10.9
 54940 119.20  35.75   148    9.5
 56016  95.62  33.85  4179    0.3
 56034  97.13  33.80  4415    0.1
 56081 103.35  34.70  2810    0.2
 56082 103.50  34.58  2540   0.01
 56084 103.23  34.07  2374    2.0
 56091 104.47  34.85  1883    3.6
 56092 104.65  35.00  1728    0.5
 56094 104.37  33.78  1400    0.5
 56097 104.25  33.27  1440   0.01
 56109  93.78  31.48  3940    5.4
 56128  96.60  31.22  3810    8.2
 56147  98.83  31.22  3260    1.4
 56158 100.67  31.40  3250   0.01
 56168 102.07  31.48  2168    0.3
 56171 101.70  32.90  3275    3.1
 56180 103.85  31.68  1590    6.1
 56183 103.62  31.50  1370    1.4
 56184 103.17  31.43  1896    6.8
 56185 102.98  32.08  2400    7.0
 56186 104.20  31.33   589    0.1
 56190 104.55  31.55   519    1.2
 56193 104.52  32.42   893   0.01
 56194 104.45  31.63   597    1.2
 56195 104.73  31.80   543    0.3
 56197 104.17  31.15   535    2.0
 56198 104.50  31.32   525   0.01
 56228  96.92  30.05  3260    7.8
 56263 101.88  30.88  1949    3.3
 56267 101.02  30.03  2600   22.2
 56272 103.88  30.82   558   0.01
 56273 102.82  30.39  1022   13.0
 56278 102.77  30.07   755   12.1
 56279 102.93  30.15   682    8.7
 56280 103.12  30.08   691    6.4
 56281 103.50  30.18   510    0.5
 56297 104.15  30.02   436    1.0
 56298 104.60  30.13   417    0.2
 56317  94.22  29.22  2950    8.5
 56342  98.60  29.68  3870   12.5
 56371 102.23  29.92  1321   14.3
 56373 102.85  29.78   763   10.9
 56376 102.63  29.33  1098   14.9
 56378 102.35  29.23   890   13.3
 56380 103.35  29.88   571    3.4
 56381 103.50  30.07   630    3.0
 56382 103.60  29.73   407    5.1
 56383 103.87  29.83   455    2.6
 56384 103.48  29.60   446    2.3
 56387 103.27  29.23   642    6.7
 56389 103.95  29.20   387    1.9
 56390 104.07  29.67   404    4.1
 56391 103.82  30.08   415    1.4
 56393 104.85  29.77   369    2.2
 56394 104.43  29.45   384    3.4
 56395 104.67  29.52   351    2.8
 56396 104.77  29.35   352    4.6
 56399 104.98  29.18   306    4.9
 56441  99.28  28.72  2422    7.6
 56443  99.80  28.93  2842    5.0
 56473 102.77  28.95  1060    9.1
 56474 102.17  28.55  1774    5.0
 56478 102.43  28.30  1818    4.8
 56480 103.53  28.82   564    2.5
 56483 103.95  28.58   496    0.2
 56487 103.13  28.33  1943    2.1
 56490 103.90  28.95   424    0.9
 56491 104.57  28.70   287    0.1
 56493 104.97  28.85   292    0.5
 56494 104.15  28.65   462    0.1
 56496 105.23  28.32   358    0.1
 56498 104.50  28.15   549   0.01
 56499 104.78  28.38   368    0.2
 56567 100.85  27.30  2240    1.5
 56569 102.18  27.42  1380    0.4
 56575 102.55  27.37  1428    0.1
 56578 102.75  27.07   993    0.4
 56580 102.80  27.72  2460    0.1
 56585 103.53  27.18  1916    2.4
 56592 104.52  28.43   359   0.01
 56593 104.92  28.58   279   0.01
 56594 104.05  27.63   880    1.4
 56595 104.87  27.42  1645   10.0
 56598 104.73  27.13  1535    0.1
 56641  98.87  26.90  1189    4.0
 56645  99.42  26.42  2344   13.9
 56646  99.92  26.53  2191    0.3
 56649  99.96  26.11  2059    6.8
 56652 100.75  26.68  2130    0.3
 56654 100.18  26.58  2195    5.0
 56665 101.85  26.68  1140    0.7
 56669 101.67  26.05  1531    0.1
 56670 102.12  26.92  1136    2.0
 56673 102.92  26.92   893    0.1
 56674 101.73  26.50  1108    1.8
 56675 102.58  26.65  1694    0.2
 56688 103.17  26.10  1254    3.8
 56697 104.08  26.22  1984   0.01
 56742  99.37  25.90  1658   19.7
 56745  99.95  25.68  1626    0.8
 56746  99.52  25.47  1616    4.3
 56752 100.57  25.83  1438    0.2
 56755 100.48  25.35  1668    0.1
 56756 100.58  25.48  1992    0.4
 56757 100.28  25.27  1742    1.2
 56761 101.32  25.72  1878    0.3
 56766 101.52  25.31  1822   16.9
 56767 101.28  25.18  1857    2.5
 56772 102.50  25.23  1692    0.1
 56774 102.42  25.53  1710    1.3
 56775 102.45  25.55  1750    0.5
 56777 102.07  25.15  1566    3.9
 56781 103.27  25.55  1873   15.6
 56782 103.55  25.42  2067    0.1
 56783 103.80  25.50  1906    4.4
 56785 103.08  25.36  1915    9.5
 56788 103.62  24.98  1857    1.3
 56790 104.25  25.68  1925    8.3
 56835  97.82  24.07   959    1.9
 56836  97.95  24.70   826    2.6
 56839  98.82  23.77   995    8.5
 56840  98.30  24.82  1012   12.2
 56841  98.68  24.60  1528    7.0
 56842  99.18  24.73  1471    9.9
 56843  99.62  24.83  1650    4.4
 56844  98.58  24.43   913    3.7
 56846  99.93  24.58  1569    8.0
 56849  99.23  24.03  1606   24.1
 56851 100.53  25.04  1377    0.2
 56854 100.13  24.45  1108   24.1
 56862 101.60  24.68  1968    5.7
 56863 102.48  24.93  1848    2.1
 56867 101.12  23.98  1105   28.4
 56869 101.97  24.07  1497   20.9
 56870 102.18  24.66  1600   12.1
 56871 102.60  24.65  1893    0.2
 56872 102.62  24.95  2358   11.6
 56873 102.92  24.68  1796    3.0
 56876 102.77  24.28  1731   12.2
 56878 102.75  24.13  1801    2.7
 56879 102.91  24.19  1702    4.3
 56880 103.17  24.92  1532   18.5
 56881 103.27  24.75  1695   18.3
 56882 102.83  24.91  1976    0.8
 56883 103.98  24.82  1900    5.3
 56885 103.45  24.40  1415   23.6
 56889 104.17  24.05  1518   25.6
 56891 104.32  24.98  1482    3.5
 56898 102.41  24.18  1600   25.4
 56944  99.27  23.15  1278   11.6
 56948  99.60  22.63  1155    9.4
 56949  99.60  22.32   945   19.8
 56950  99.80  23.47  1044   19.3
 56952 100.70  23.50   913    9.1
 56958 100.42  21.92  1176   12.1
 56961 101.05  23.03  1336   34.0
 56962 101.67  23.42  1314   38.9
 56970 102.48  23.70  1419    1.4
 56973 102.83  23.62  1309   33.3
 56975 102.43  23.37   974    5.5
 56976 102.83  23.23   232    2.9
 56978 102.42  23.00  1642   15.6
 56982 103.29  23.70  1117   10.8
 56984 103.15  23.38  1720    2.4
 56987 103.23  22.78  1260   52.4
 56989 103.95  22.50   137   63.9
 56992 104.70  23.45  1507    2.2
 56994 104.28  23.33  1293   13.3
 56995 104.42  23.03  1332   18.6
 56996 104.70  23.13  1093    9.6
 57001 105.33  34.75  1271   0.01
 57002 105.65  34.85  1216    1.5
 57007 105.18  34.18  1404    2.9
 57008 105.30  34.03  1579    3.3
 57041 108.92  34.63   424    0.5
 57043 109.97  34.80   351   0.01
 57057 110.15  34.10   963   0.01
 57102 105.72  33.75   970   0.01
 57105 105.60  33.33  1221   0.01
 57110 106.08  33.78   930    0.1
 57137 108.32  33.32   802    4.4
 57177 113.53  33.33    89   14.7
 57192 114.85  33.73    45   0.01
 57204 105.22  32.57   782   18.4
 57208 105.52  32.28   544   0.01
 57216 106.83  32.35   579   19.8
 57217 106.28  32.23   485    0.4
 57231 108.53  32.53   503   0.01
 57233 108.50  32.90   413    0.3
 57242 109.37  32.85   285    1.8
 57253 110.82  32.85   201    7.6
 57254 110.12  32.82   322   11.0
 57260 111.52  32.57   133   0.01
 57303 105.92  31.73   459   0.01
 57309 105.88  30.98   378   0.01
 57333 108.67  31.95   798    2.4
 57361 111.27  31.88   327   0.01
 57362 110.67  31.75   935   0.01
 57407 105.03  30.28   462   0.01
 57408 105.35  30.12   338    0.9
 57409 105.80  30.18   297    0.1
 57438 108.12  29.98   632   0.01
 57465 111.45  30.38    74   0.01
 57485 113.47  30.28    23    0.2
 57489 114.00  30.58    38   0.01
 57496 114.87  30.37    31    1.0
 57498 114.90  30.43    21    0.8
 57499 114.88  30.07    40    8.8
 57505 105.58  29.42   338    5.5
 57506 105.90  29.37   353    5.8
 57507 105.30  29.33   385    5.7
 57508 105.37  29.15   301    7.2
 57509 106.93  28.95   325    3.0
 57510 106.07  29.85   326    2.7
 57511 106.45  29.85   240    2.3
 57513 106.62  29.73   464    1.8
 57514 106.22  29.58   331    2.4
 57518 106.50  29.33   506    6.0
 57519 107.11  29.16   698    3.1
 57522 107.27  29.74   372    0.4
 57525 107.75  29.32   277    3.2
 57537 108.17  29.30   322    3.3
 57540 109.15  29.68   776    1.6
 57541 109.48  30.00   532    0.2
 57543 110.03  29.90   539   0.01
 57544 109.45  29.47   488    2.0
 57558 110.47  29.13   183   0.01
 57566 111.65  29.45    51   0.01
 57571 112.40  29.70    35    0.4
 57575 112.55  29.52    31    8.5
 57577 112.17  29.40    36    1.5
 57582 113.88  29.72    46    9.9
 57585 113.45  29.48    60   15.6
 57586 114.03  29.53    78   28.3
 57589 113.87  29.27   146   31.8
 57590 114.37  29.85    98   11.6
 57596 114.20  29.63   751   30.7
 57600 105.06  28.71   420    0.6
 57603 105.83  28.82   283    1.3
 57605 105.82  28.03   537    1.4
 57609 105.70  28.58   317    0.5
 57623 107.60  28.88   685    6.5
 57634 107.88  28.52   660   16.4
 57635 108.98  28.45   363   11.3
 57636 108.50  28.57   334    3.9
 57637 108.10  28.25   629   12.9
 57640 109.45  28.58   341    7.3
 57646 109.95  28.62   302    0.8
 57657 110.20  28.22   186    8.1
 57658 110.20  28.02   152   26.6
 57661 111.48  28.92    48    0.2
 57663 111.95  28.92    31    2.2
 57666 112.13  28.52    52   17.4
 57674 112.38  28.57    46   15.4
 57678 112.55  28.25    74   11.3
 57680 113.07  28.80    46   20.0
 57688 113.63  28.16   101    6.0
 57694 114.38  28.53   259   29.2
 57698 114.45  28.12    98    7.5
 57699 114.92  28.23    66   17.9
 57708 105.60  27.15  1700    0.4
 57713 106.88  27.70   843    7.5
 57714 106.23  27.47   942    0.1
 57717 106.83  27.53   974    3.1
 57719 106.97  27.07  1275    3.9
 57720 107.17  27.88   889    6.2
 57723 107.72  27.98   710   31.9
 57728 107.47  27.07  1096    0.1
 57732 108.40  28.02   456   32.4
 57734 108.23  27.57   467    3.4
 57735 108.82  27.18   404    1.8
 57736 108.85  27.70   369    5.5
 57737 108.12  27.03   547    1.6
 57738 108.42  27.05   516    6.2
 57739 108.92  27.23   394    3.8
 57740 109.60  27.95   349   19.7
 57742 109.20  27.52   884    4.7
 57743 109.80  27.88   176   24.3
 57744 109.17  27.37   355    5.4
 57754 110.15  27.35   170   19.6
 57760 111.43  27.70   249   22.0
 57762 111.70  27.69   165   28.2
 57763 112.00  27.68   205   21.1
 57767 111.01  27.13   308   14.8
 57768 111.45  27.32   242   29.4
 57769 111.73  27.23   252    7.7
 57771 112.53  27.93    88    9.4
 57772 112.50  27.75    86   12.5
 57773 112.83  27.88    63   12.3
 57777 112.87  27.23    63    1.2
 57778 112.95  27.09    70    2.0
 57781 113.50  27.65    74    1.8
 57783 113.82  27.88   118   12.2
 57786 113.85  27.63   117    0.7
 57792 114.68  27.82    93   18.8
 57794 114.02  27.63   177    1.5
 57796 114.88  27.83   189   12.0
 57798 114.60  27.40    85    5.6
 57800 105.37  26.77  1457    0.2
 57808 105.75  26.32  1274    1.8
 57809 105.75  26.07  1251    0.1
 57811 106.60  26.83  1296    0.3
 57814 106.27  26.42  1298    0.1
 57821 107.50  26.70   925    0.1
 57822 107.90  26.90   835    6.7
 57824 107.23  26.58  1001    0.7
 57828 107.58  26.50   983    0.1
 57829 107.80  26.20   963    6.5
 57834 108.30  26.68   641    0.1
 57835 108.43  26.72   527    0.2
 57837 108.07  26.40   839   0.01
 57842 109.72  26.88   281   26.4
 57844 109.18  26.68   343   10.4
 57846 110.15  26.58   310   26.7
 57851 110.83  26.46   346   20.2
 57859 110.63  26.03   408    7.9
 57860 111.28  27.00   283   17.1
 57865 111.58  26.47   166   19.9
 57867 111.28  26.40   169   21.5
 57868 111.86  26.59   113    0.4
 57870 112.10  26.80   151    4.6
 57871 112.37  26.98    90    2.4
 57875 112.68  26.75   137    8.1
 57876 112.83  26.43   135   37.9
 57881 113.25  26.72   101   89.7
 57882 113.55  26.79   136   19.3
 57883 114.28  26.75   253    7.4
 57886 113.80  26.48   268   18.5
 57887 113.12  26.12   167    2.7
 57891 114.25  26.93   153    4.1
 57895 114.78  26.47   101    1.0
 57899 114.92  26.80    71   49.3
 57900 105.22  25.83  1552    2.2
 57905 105.63  25.40  1063    0.1
 57908 105.48  25.12  1394   0.01
 57909 105.82  24.98   584    0.6
 57911 106.65  26.67  1323   0.01
 57913 106.98  26.45  1093    0.2
 57914 106.67  26.42  1149   0.01
 57921 107.32  25.83   708    9.8
 57923 107.87  25.98   419    1.6
 57927 107.18  24.97   287    3.3
 57936 108.91  25.76   258   38.9
 57941 109.60  25.78   197    3.6
 57942 110.00  25.80   268    1.9
 57948 109.25  25.08   122    2.4
 57949 110.00  24.98   156    1.2
 57955 110.67  25.62   224    4.7
 57956 110.32  25.42   167    0.3
 57958 110.32  25.08   151    8.6
 57960 111.07  25.93   195    4.5
 57962 111.65  25.97   167   29.8
 57964 111.15  25.50   263    2.4
 57966 111.96  25.59   244    7.3
 57969 111.34  25.27   227    0.4
 57971 112.20  25.92   224   53.0
 57973 112.72  25.75   329    8.0
 57975 112.20  25.38   277   12.9
 57978 112.55  25.27   292    1.0
 57985 113.68  25.57   609   0.01
 57989 113.77  25.07   112    0.2
 57990 114.30  25.70   246    2.3
 57991 114.55  25.80   140    3.3
 57995 114.93  25.40   164    1.7
 58030 118.02  34.88    44   0.01
 58032 118.65  34.93    70    2.6
 58044 119.23  34.55     4    0.9
 58048 119.35  34.12     4    0.1
 58101 115.48  33.87    41   0.01
 58112 116.45  30.73   968    2.3
 58230 118.28  32.12    26    0.1
 58240 119.02  32.68    21    0.1
 58243 119.82  32.95     3    0.1
 58257 120.26  31.99     4   0.01
 58269 121.65  31.78     3    0.2
 58317 116.37  30.87   434    0.5
 58329 117.87  31.33     9   0.01
 58331 118.37  31.73    22    0.1
 58337 118.18  31.08    26    0.2
 58339 118.90  31.33    15    0.1
 58346 119.81  31.34    16    0.2
 58349 120.56  31.41     8    0.1
 58351 120.30  31.90     4   0.01
 58352 120.77  31.65     4   0.01
 58353 120.57  31.87     8   0.01
 58359 120.62  31.13     4    0.6
 58361 121.37  31.10     5    1.6
 58365 121.25  31.37     4   0.01
 58366 121.49  31.67     4    0.5
 58367 121.43  31.20     4    2.7
 58369 121.78  31.05     5    1.4
 58370 121.53  31.23     4    2.3
 58377 121.11  31.51     5    0.2
 58404 115.22  30.47    61    0.9
 58408 115.43  30.23    35    8.4
 58409 115.93  30.10    32    7.0
 58415 116.55  30.67    64    1.9
 58416 116.82  30.75    35    1.9
 58417 116.13  30.17    54    7.1
 58420 117.23  30.72    58    1.0
 58421 117.87  30.63    31    0.4
 58423 117.78  30.48   647    6.1
 58426 118.13  30.30   193   13.8
 58427 117.50  30.65    15    1.0
 58428 117.50  30.22   118   10.0
 58431 118.32  30.90    39    0.4
 58432 118.40  30.68    57    1.2
 58433 118.75  30.93    31    0.2
 58435 118.53  30.30   220   14.7
 58438 118.58  30.08   191   35.9
 58441 119.42  30.87    43    0.4
 58442 119.18  31.17    16    0.2
 58443 119.89  31.02    25    0.1
 58446 119.70  30.63    72   11.2
 58449 119.95  30.05    46   52.0
 58451 120.93  30.83     2    5.8
 58452 120.77  30.73     4    7.4
 58453 120.50  30.07     7   52.9
 58454 119.98  30.53   102   13.0
 58455 120.65  30.52     8   16.2
 58456 120.52  30.63     6   10.5
 58458 120.90  30.54     4   16.3
 58459 120.29  30.19    44   27.3
 58460 121.35  30.73     5    5.5
 58461 121.12  31.13     4    2.4
 58462 121.23  31.03     4    2.8
 58463 121.50  30.88     4    3.3
 58468 121.17  30.05     5   43.0
 58484 122.20  30.25    37   21.2
 58501 115.63  29.92    23   13.4
 58502 116.00  29.73    36    6.8
 58503 115.67  29.70    41   17.5
 58505 115.90  29.62    63    6.3
 58507 115.12  29.25   116   21.1
 58508 115.77  29.33    41   29.0
 58509 115.82  29.05    36   78.1
 58510 116.23  29.73    40    8.4
 58512 116.55  29.90    71    6.5
 58514 116.05  29.45    37   33.3
 58517 116.20  29.27    35   53.6
 58523 117.93  29.93   227   35.5
 58524 117.22  29.37    87   70.1
 58529 117.85  29.27    80   49.7
 58530 118.43  29.87   168   33.0
 58534 118.18  29.78   170   40.3
 58537 118.40  29.13   153   26.6
 58542 119.68  29.82    46   67.5
 58544 119.27  29.48    88   59.4
 58546 119.88  29.47   115   45.4
 58547 119.18  29.03    66   52.4
 58548 119.47  29.22    50   35.4
 58550 120.25  29.70    39   54.7
 58555 120.88  29.52   113   48.8
 58558 120.22  29.27    89   54.3
 58559 120.98  29.17    58   42.0
 58560 120.43  29.05   304   51.4
 58561 121.60  29.98     4   42.0
 58563 121.83  29.88     5   25.1
 58565 121.39  29.69    41   44.0
 58566 121.88  29.47     6   49.0
 58567 121.43  29.32    39   57.9
 58568 121.38  29.12    34   61.9
 58570 122.30  29.95    85   21.9
 58601 115.38  28.70    53  128.1
 58602 115.55  28.85    40   97.7
 58605 115.38  28.42    46   30.0
 58607 115.95  28.55    31   28.2
 58609 115.82  28.22    27   69.9
 58612 116.68  28.70    21   37.6
 58614 116.27  28.38    34   59.2
 58615 117.08  28.68    56   61.0
 58616 116.82  28.20    40   19.6
 58618 116.60  28.27    83   49.4
 58619 116.37  28.00    49   14.9
 58620 117.10  29.02    51   40.6
 58623 117.92  28.47    90   33.4
 58624 117.43  28.40    70   35.9
 58625 117.60  28.42    79   22.9
 58627 117.03  28.25    55   24.4
 58629 117.71  28.29   100   27.5
 58631 118.50  28.90   137   60.6
 58632 118.60  28.72   126   35.6
 58635 118.20  28.43    95   48.3
 58642 119.80  28.88   105   34.4
 58643 120.03  28.90   102   77.2
 58644 119.28  28.60   237   25.3
 58647 119.13  28.08   222   24.0
 58654 120.08  28.67   184   26.5
 58656 120.97  28.07    60   42.7
 58657 120.28  28.15    57   10.7
 58658 120.68  28.15    34   56.6
 58659 120.65  28.03    28   41.9
 58660 121.20  28.87     6  100.4
 58664 121.37  28.37    35   41.5
 58693 115.83  28.70    40   60.9
 58701 115.40  27.77    46   10.3
 58704 115.35  27.62    52   12.4
 58706 115.83  27.43   181   15.1
 58707 115.13  27.22    66   50.3
 58710 116.05  27.77    78   19.7
 58712 116.78  27.92   130   19.7
 58713 117.07  27.72   225   28.4
 58714 116.23  27.55   120   36.5
 58719 116.93  27.30   131   26.5
 58724 117.32  27.53   268   22.5
 58735 118.75  27.52   260   26.5
 58736 118.82  27.38   262   15.4
 58745 119.08  27.62   400    8.2
 58746 119.70  27.55   538    0.6
 58747 119.35  27.15   899   11.0
 58748 119.65  27.10    50   14.2
 58749 119.88  27.23   684   33.5
 58750 120.08  27.78   105    3.0
 58751 120.57  27.67   254   24.9
 58804 115.35  26.35   151   0.01
 58814 116.35  26.35   247   34.7
 58819 116.82  26.18   336   10.7
 58821 117.47  26.73   173   84.6
 58822 116.85  26.83   342   81.7
 58823 117.80  26.80   175   74.0
 58824 117.15  26.40   357   21.4
 58826 117.80  26.40   120    4.3
 58828 117.62  26.27   208    2.4
 58836 118.73  26.58   361    5.5
 58850 120.23  26.92    92    5.5
 58903 116.03  25.90   210    1.0
 58907 115.40  25.15   305    0.3
 58912 116.73  25.72   404    0.4
 58917 116.10  25.08   307    0.4
 58923 117.83  25.70   400    0.8
 59001 105.33  24.78   672    0.1
 59004 105.10  24.50   725    0.3
 59012 106.55  24.78   972   11.7
 59015 106.57  24.35   437    8.2
 59017 106.27  24.27   278    9.7
 59022 107.55  24.98   697   38.3
 59025 107.38  24.53   248   31.6
 59027 107.25  24.13   254    9.7
 59031 108.26  24.81   342   12.7
 59033 108.90  24.78   328    0.7
 59034 108.67  24.48   150    1.7
 59038 108.65  24.07   138   0.01
 59041 109.25  24.65   108    4.2
 59044 109.38  24.47    97    2.1
 59045 109.75  24.48    94    2.3
 59047 109.33  24.25   100    8.5
 59051 110.50  24.77   136    9.0
 59052 110.82  24.83   169   0.01
 59053 110.67  24.62   105    0.1
 59055 110.40  24.50   165    1.3
 59057 110.18  24.13   830   34.2
 59061 111.27  24.82   193   0.01
 59063 111.45  25.18   265    2.4
 59071 112.28  24.73   174   0.01
 59074 112.15  24.57   300   10.8
 59090 114.07  24.95   103    0.7
 59091 114.52  24.75   277    0.8
 59093 115.03  24.78   253    2.0
 59094 114.12  24.35   184    1.0
 59099 114.93  24.45   173    0.3
 59106 115.90  24.58   152   0.01
 59109 115.73  24.15   123    1.1
 59114 116.17  24.65   135   0.01
 59125 117.30  24.38   108   0.01
 59205 105.63  23.65   685   12.8
 59213 106.92  23.73   110    1.7
 59215 106.63  23.33   680    1.0
 59224 107.12  23.60   111    0.8
 59227 107.14  23.11   454   0.01
 59230 108.17  23.72   168    0.1
 59235 108.62  23.43   115   17.3
 59237 108.28  23.17   111   0.01
 59238 108.80  23.22   122    3.5
 59241 109.68  23.97    90   0.01
 59246 109.67  23.60    70    1.6
 59249 109.62  23.12    51    4.8
 59255 110.38  23.55    32    2.8
 59256 110.92  23.37    54    1.9
 59264 111.50  23.40    83   0.01
 59266 111.23  23.42    42   0.01
 59268 111.53  23.25    29    0.1
 59269 111.78  23.17    47    0.2
 59270 112.18  23.92    84   0.01
 59279 112.87  23.18    24    3.8
 59284 113.23  23.42    38   0.01
 59285 113.60  23.57    38    4.0
 59288 113.02  23.15    29   0.01
 59290 114.25  23.78    85   10.1
 59297 114.28  23.17    17    9.8
 59310 116.18  23.77    45    0.7
 59313 116.98  23.68    44    0.5
 59318 116.58  23.27     5    0.1
 59419 106.75  22.10   242    0.2
 59421 107.20  22.83   255   0.01
 59425 107.35  22.40   107   44.8
 59426 107.92  22.61   146    0.8
 59427 107.07  22.12   163   17.4
 59429 108.01  22.18   216    1.4
 59432 108.40  22.80   194    3.5
 59435 108.48  22.77    74    4.0
 59441 109.25  22.70    78   25.1
 59448 109.55  22.27    69    0.5
 59449 109.98  22.30    85   20.2
 59451 110.35  22.70    98   18.6
 59452 110.53  22.83   131    6.9
 59457 110.27  22.32   121    1.4
 59469 111.78  22.17    37    3.4
 59470 112.20  22.70    57   15.7
 59471 112.05  22.93   101    2.3
 59473 112.97  22.77    19   0.01
 59475 112.65  22.40    27    1.4
 59476 113.03  22.53    36    6.8
 59477 112.23  22.27    68    1.0
