diamond  3 2014年07月30日08点24小时降雨量                    
  14  07  30  08    -1 3 10 25 50 1 0
 39 122.7  37.3 122.5  36.7 120.8  36.2 119.3  35.0 120.4  34.3
 121.1  32.7 122.3  30.9 122.5  30.1 121.5  28.0 119.8  25.0
 116.1  22.6 111.0  21.0 111.0  18.6 109.6  18.1 108.3  18.5
 108.9  19.9 109.3  21.0 106.4  21.6 104.1  22.2 101.6  20.8
  98.7  22.0  97.1  24.1  97.7  27.0  91.7  26.6  85.7  27.7
  78.9  30.6  73.3  37.1  74.1  40.7  87.6  49.8  98.5  43.9
 110.4  44.3 122.0  54.7 135.7  48.3 131.5  42.2 125.2  39.4
 121.3  38.5 121.2  40.3 118.5  38.6 120.8  38.1
 1     619
 50137 122.37  53.47   296    1.8
 50445 123.73  50.58   423    0.9
 50526 120.70  49.28   668    0.5
 50645 124.48  48.48   195    2.1
 50646 124.85  48.48   202   10.8
 50647 123.48  48.13   236    5.8
 50655 126.18  48.50   266   25.9
 50659 126.25  48.03   291   16.5
 50673 130.40  48.88    90    0.3
 50674 129.43  48.57   404    4.2
 50741 123.50  47.93   185    3.7
 50749 124.83  47.18   154   25.6
 50750 125.30  47.90   226   11.6
 50755 126.07  47.62   249   16.6
 50772 129.23  48.10   288    0.3
 50832 122.08  46.72   332   15.3
 50833 122.90  46.72   187   12.0
 50842 124.42  46.83   145    2.0
 50850 125.13  46.57   147    1.3
 50913 118.83  45.72   865    0.6
 50924 119.67  45.53   823    0.6
 50928 120.33  45.07   628   0.01
 50940 123.17  45.85   141    0.4
 51353  86.10  45.02   346    0.5
 51359  86.20  44.32   471    0.1
 51368  87.32  44.12   515    0.1
 51369  87.65  43.97   600    0.1
 51377  87.92  44.17   547    0.3
 51378  89.17  44.02   734    4.1
 51435  82.23  43.47   774    0.1
 51438  81.77  43.18  1210    0.6
 51465  87.10  43.48  1871    1.0
 51468  86.83  43.10  3539    0.6
 51482  90.28  43.83  1271    5.7
 51559  86.40  42.32  1100    0.1
 51568  86.80  42.25  1085    0.6
 51571  88.63  42.80     1   0.01
 51572  89.25  42.83   -48   0.01
 51629  80.23  41.27  1132    0.1
 51707  76.73  39.50  1208   0.01
 51708  75.95  39.15  1325    0.1
 51717  76.78  39.25  1206   0.01
 51802  76.17  38.93  1297    0.3
 52862 101.68  36.95  2450   0.01
 52869 101.58  36.50  2667    0.6
 52881 103.18  36.98  2484    0.4
 52885 103.25  36.75  2118    2.3
 52978 102.52  35.20  2929    0.1
 52982 103.55  35.48  1953    0.1
 52985 103.33  35.42  2162    1.2
 52988 103.72  35.37  2015    6.6
 52995 104.62  35.58  1897   0.01
 53272 112.63  42.75  1104    1.7
 53289 113.83  42.23  1322    0.9
 53343 109.97  41.77  1612   28.6
 53357 110.05  41.03  1360    2.5
 53367 111.23  41.32  1602   12.2
 53368 111.47  41.08  1637    1.9
 53378 112.62  41.28  1737    6.3
 53384 113.18  41.45  1423    1.0
 53385 113.54  41.60  1420    7.7
 53392 114.60  41.85  1422   10.5
 53397 113.98  41.10  1376   11.7
 53457 110.03  40.40  1011   0.01
 53464 111.17  40.72  1042   0.01
 53466 111.70  40.75  1045    1.2
 53467 111.18  40.27  1016    1.4
 53469 111.82  40.40  1166    0.6
 53472 112.57  40.87  1451    0.9
 53475 112.47  40.52  1268    2.1
 53481 113.22  40.80  1316   11.3
 53483 113.83  40.87  1268    2.9
 53486 113.77  40.37  1050    0.7
 53488 113.58  40.03  1034   22.0
 53491 114.38  40.67   837    9.0
 53492 114.15  40.10   937    2.4
 53498 115.03  40.57   629    1.2
 53499 114.73  40.77   755   18.0
 53553 111.22  39.87  1221    2.4
 53562 111.67  39.92  1187   28.2
 53565 111.50  39.43  1051    2.1
 53567 111.00  39.02  1024    1.1
 53573 112.70  40.00  1336    0.8
 53574 112.27  39.52  1409    7.0
 53575 112.20  39.10  1525   18.3
 53576 112.82  39.50  1045    0.8
 53577 112.30  39.00  1437   17.3
 53579 112.90  39.02   859    4.2
 53580 113.10  39.82  1044    6.0
 53582 113.67  39.72  1079    5.6
 53584 113.17  39.57  1000    8.7
 53585 113.27  39.17   933    8.8
 53590 114.27  39.75   977   12.8
 53596 115.13  38.85    52   14.8
 53599 114.68  39.37   884   11.4
 53644 108.83  38.60  1307   0.01
 53658 110.48  38.03   894   10.3
 53659 111.00  37.97  1163   35.9
 53660 111.08  39.02   894    7.7
 53662 111.58  38.72  1396   12.5
 53665 111.65  38.28  1185   10.5
 53666 111.93  38.35  1212    9.3
 53669 111.80  38.08  1150   10.6
 53674 112.70  38.40   869    5.0
 53676 112.98  38.50   759    3.0
 53677 112.48  37.93   806    9.7
 53678 112.65  38.07   897    2.9
 53679 112.54  37.75   776    3.6
 53680 114.38  38.30   108    1.7
 53681 113.37  38.83  1096    6.6
 53682 114.68  38.63   104    2.4
 53685 113.42  38.07   953    9.1
 53688 114.55  38.42   100    0.1
 53689 115.07  38.02    42    1.3
 53690 114.18  38.85   281   16.5
 53691 114.57  38.15    71    0.1
 53692 114.98  38.73    66    3.6
 53693 114.13  38.03   255    1.9
 53694 114.22  38.27   131    1.5
 53695 114.68  38.35    70   0.01
 53696 115.02  38.55    41   0.01
 53697 114.83  38.03    53    2.0
 53732 108.72  37.85  1209    9.2
 53748 109.70  37.18  1063    7.3
 53750 110.18  37.77   931    7.8
 53751 110.05  37.60   894   19.5
 53753 110.88  37.43   860   18.8
 53756 110.72  37.52   744   13.7
 53759 110.83  36.98  1109    3.0
 53760 111.23  37.88  1212   28.2
 53763 112.17  37.92  1006   16.1
 53767 111.17  37.33  1213   16.3
 53768 111.75  37.15   773   13.3
 53769 111.78  37.25   747   22.0
 53770 112.35  37.35   768   17.9
 53771 112.05  37.42   750   20.1
 53773 114.62  36.33    64   15.7
 53774 112.37  37.58   759    6.0
 53776 112.77  37.68   831   32.2
 53777 112.15  37.53   759   12.0
 53778 112.22  37.17   780   10.1
 53780 113.15  37.91  1066   17.1
 53781 114.47  36.87    67    4.0
 53782 113.62  37.93   767    6.4
 53783 113.70  37.60   876   24.2
 53784 114.78  37.75    38   20.5
 53785 114.67  37.52    35   11.6
 53786 113.33  37.09  1152   22.6
 53788 113.57  37.33  1265    7.5
 53789 114.63  37.88    52    3.5
 53790 114.61  37.63    44   14.9
 53791 114.52  37.77    66   13.5
 53792 114.48  37.45   113    6.4
 53794 114.75  37.35    33   17.8
 53795 114.37  37.65   137   10.6
 53796 114.89  37.62    30   20.1
 53797 114.52  37.28    73    6.8
 53799 115.00  37.24    25    1.9
 53832 108.77  36.77  1218    0.1
 53841 109.32  36.88  1068    0.1
 53850 110.18  36.88   804    6.3
 53852 110.63  36.77   916    4.5
 53856 110.75  36.47   765    0.7
 53860 111.17  36.98  1406   15.7
 53862 111.80  36.85   811   20.0
 53864 111.10  36.40  1030   14.1
 53865 111.55  36.65  1011   22.5
 53866 111.67  36.23   462    0.2
 53869 111.70  36.58   550   24.6
 53871 112.85  36.83   964   23.3
 53872 112.68  36.77   960   26.2
 53873 112.87  36.10   951   24.3
 53874 111.90  36.25   648    5.8
 53875 112.35  36.52  1000   21.8
 53878 113.38  36.52   767   17.7
 53879 112.88  36.32   952   22.2
 53880 113.23  36.33   947   63.5
 53883 114.70  37.13    36    1.8
 53885 113.20  36.12  1122   10.3
 53886 113.67  36.57   470   15.5
 53888 113.43  36.20  1089   27.9
 53889 113.82  36.07   306   24.9
 53890 114.10  36.67   280   11.1
 53891 114.68  37.02    43    3.9
 53892 114.47  36.62    66   66.6
 53893 114.95  36.77    39   23.8
 53894 114.20  36.40   149   19.9
 53895 114.50  36.78    60    5.1
 53896 114.95  36.35    50   14.3
 53897 114.38  36.38    69   19.8
 53899 114.97  36.48    48   18.7
 53916 106.32  35.50  1948    0.8
 53927 106.62  35.20  1477    1.1
 53970 112.20  35.70   887   10.7
 53972 112.90  35.05   117   22.4
 53973 112.95  35.77   837   10.0
 53974 114.23  35.61    70   20.8
 53976 112.87  35.50   752   0.01
 53978 112.63  35.08   140    0.1
 53979 113.08  35.15   120   24.9
 53981 113.27  35.78  1311   13.0
 53982 113.27  35.23   112   15.2
 53983 114.42  35.03    69   55.7
 53984 113.47  35.23    82   59.6
 53985 113.82  35.50   140   18.2
 53987 113.36  35.11    94    1.5
 53988 113.67  35.27    77   83.9
 53989 113.98  35.08    75   45.9
 53991 114.33  35.92    93   29.7
 53992 114.52  35.65    58    5.4
 53993 114.92  35.93    51   33.7
 53994 114.07  35.38    70   37.0
 53995 114.50  35.55    62   49.6
 53996 114.65  36.45    57   24.5
 53997 114.18  35.15    71   24.2
 53998 114.65  35.20    61  116.1
 54024 119.30  44.45   710    4.6
 54031 121.82  44.90   198    0.1
 54039 122.02  44.03   181    2.3
 54113 118.65  43.53   621    2.8
 54117 117.53  43.25  1003   14.2
 54204 115.00  42.30  1346    8.7
 54205 116.00  42.23  1315   25.1
 54214 118.42  42.58   960    0.4
 54301 115.67  41.67  1412   28.7
 54304 115.27  40.95  1239    9.2
 54305 115.27  41.88  1468   12.7
 54313 118.70  41.93   733    1.6
 54316 118.75  41.52   679    1.5
 54318 117.73  41.32   561   28.3
 54320 119.30  41.60   544   0.01
 54398 116.62  40.13    28   27.7
 54399 116.28  39.98    45   14.7
 54404 115.83  40.88   867   11.2
 54408 115.22  40.38   529   18.5
 54410 116.13  40.60  1224   12.2
 54412 116.63  40.73   331   15.2
 54419 116.63  40.37    75   28.6
 54420 117.33  40.93   529   22.1
 54421 117.12  40.65   293   21.6
 54424 117.12  40.17    32   18.7
 54425 117.47  40.40   633    9.3
 54428 117.40  40.03    15   14.1
 54430 118.15  40.77   269    0.3
 54431 116.63  39.92    43   35.2
 54433 116.50  39.95    35   28.9
 54434 118.33  40.17   131    0.6
 54499 116.22  40.22    76   22.5
 54501 115.68  39.97   440    8.1
 54502 116.03  39.48    29   24.0
 54503 115.82  39.07    12   33.2
 54505 116.10  39.94    98   28.6
 54506 115.95  39.32    24   52.5
 54507 115.52  39.33    49   66.9
 54510 116.95  39.91    18    4.7
 54512 116.28  39.42    21   32.8
 54513 116.20  39.95    65   12.2
 54514 116.25  39.87    55   13.8
 54515 116.70  39.50    13    3.9
 54517 117.20  39.07     2    1.2
 54519 116.48  39.30    12    4.8
 54520 117.08  39.97    18    4.2
 54521 116.98  39.77    13    2.3
 54528 117.13  39.23     3   0.01
 54535 118.47  39.28     3   0.01
 54594 116.35  39.72    37   35.3
 54596 116.19  39.77    48   20.2
 54597 115.73  39.73   407   26.7
 54601 115.65  38.98    13   28.7
 54603 115.77  38.72    10    3.0
 54605 115.93  38.93     4    4.2
 54607 115.12  38.72    45    0.6
 54608 115.55  38.00    26   0.01
 54610 116.10  38.73     8   46.1
 54611 115.32  38.93    44   10.7
 54612 116.46  38.85     4    6.1
 54613 116.62  38.70     6    2.2
 54614 116.06  38.42    10   14.9
 54617 116.12  38.18    13    4.2
 54619 116.92  38.92     5    0.8
 54620 115.57  38.48    18   0.01
 54626 115.82  38.42    13   0.01
 54627 117.23  38.03     8   0.01
 54628 117.48  38.15     6    2.7
 54631 115.15  37.07    32    4.0
 54632 115.03  37.07    34    4.1
 54633 115.23  37.52    26    1.8
 54636 116.10  39.02    11    1.4
 54640 114.87  36.92    36    3.6
 54644 117.12  38.05    10    0.2
 54701 115.20  37.93    35    3.2
 54702 115.70  37.73    20   0.01
 54704 115.57  37.52    24    0.2
 54706 115.67  37.08    31    4.9
 54707 115.98  37.35    27    3.3
 54708 115.73  37.50    23    1.3
 54709 116.07  37.22    25    3.4
 54710 116.17  37.87    18   0.01
 54711 116.28  37.70    18    0.6
 54713 116.53  37.88    14   0.01
 54714 116.33  37.45    23    1.7
 54716 116.80  37.67    16    0.5
 54717 116.40  37.63    17    2.6
 54718 116.47  37.15    22    0.8
 54719 116.68  38.03    11    0.1
 54722 117.63  37.75     6    9.4
 54723 117.57  37.65    10   25.6
 54724 117.13  37.32    14    1.4
 54726 117.18  37.70    11    2.5
 54728 117.38  37.77     8   18.3
 54729 117.87  37.17    11   10.4
 54730 118.14  37.69     6   13.1
 54731 118.22  37.48    11    8.1
 54734 118.00  37.36    12    7.2
 54736 118.67  37.43     6    0.5
 54737 118.15  37.15     9    3.4
 54738 118.40  37.05    15    1.4
 54800 115.25  37.00    33    4.0
 54801 115.48  36.85    35    6.6
 54802 115.73  36.82    34    3.9
 54803 116.02  36.98    27    4.2
 54804 115.13  36.30    44   25.3
 54805 115.47  36.45    39   49.5
 54806 115.97  36.42    33   44.5
 54807 115.77  36.15    41   48.9
 54809 115.28  36.55    41   19.7
 54810 116.27  36.87    27    2.3
 54811 116.62  36.93    20    1.5
 54812 116.75  36.78    22    0.9
 54814 116.25  36.53    29    7.3
 54815 116.27  36.38    31    6.2
 54816 116.80  36.52    98    0.7
 54817 115.87  35.98    42   29.6
 54818 116.42  36.25    79   11.0
 54819 116.80  36.18   113   14.0
 54820 115.17  36.82    36   13.0
 54821 117.20  37.00    20   0.01
 54822 117.73  36.87    47    1.1
 54824 117.95  36.63    95    1.2
 54825 117.85  36.52   189    2.1
 54827 117.15  36.17   128    2.1
 54828 117.68  36.23   229    4.2
 54829 117.87  36.77    85    4.7
 54830 117.93  36.82    34    7.0
 54831 118.50  36.65   102    1.2
 54832 118.73  36.88    25    1.0
 54833 118.08  36.97    15    3.7
 54834 118.28  36.87    46    6.3
 54835 118.55  36.50   106    3.5
 54837 118.83  36.68    78    0.7
 54841 119.42  36.86    23    0.9
 54844 119.18  36.42    62   16.4
 54846 119.74  36.39    51    8.5
 54848 119.42  35.98    82    2.2
 54849 120.03  36.22    84    0.3
 54853 120.42  36.17    42    1.1
 54855 120.47  36.38    26    0.6
 54900 115.02  35.70    53   45.2
 54901 115.17  36.08    47   49.0
 54902 115.12  35.90    49   35.5
 54903 115.48  35.85    45   74.5
 54904 115.52  35.58    50   33.2
 54905 115.93  35.58    46   21.3
 54906 115.42  35.25    49   62.5
 54907 116.65  34.98    34   34.1
 54908 115.10  35.27    57   98.4
 54910 116.05  35.82    40   21.6
 54911 116.40  35.93    44   14.6
 54912 116.50  35.77    41   16.0
 54913 116.82  35.75    62    9.1
 54914 116.08  35.42    40   32.3
 54915 116.60  35.43    33   26.7
 54917 116.32  35.10    36   34.1
 54918 116.97  35.60    62   18.8
 54919 116.98  35.38    88   54.0
 54920 117.28  35.65   110   13.8
 54921 116.33  35.42    38   30.4
 54922 117.78  35.88   224    9.7
 54923 117.93  35.72   202   19.3
 54925 117.63  35.52   167   22.4
 54927 117.20  35.10    74   59.1
 54932 118.65  35.77   186    8.9
 54935 118.43  35.53   119    7.2
 54938 118.40  35.05    65   28.3
 54939 118.82  35.17   113   19.8
 54940 119.20  35.75   148    6.9
 54943 120.00  35.88    10    5.6
 56016  95.62  33.85  4179    7.1
 56034  97.13  33.80  4415   16.4
 56045  99.90  33.97  4050    1.8
 56071 102.50  34.58  3105   0.01
 56097 104.25  33.27  1440   0.01
 56109  93.78  31.48  3940    3.5
 56128  96.60  31.22  3810    3.1
 56147  98.83  31.22  3260   0.01
 56164 100.98  32.27  3284    1.5
 56168 102.07  31.48  2168    3.8
 56171 101.70  32.90  3275    0.7
 56186 104.20  31.33   589    0.4
 56198 104.50  31.32   525   0.01
 56276 103.82  30.45   467   0.01
 56278 102.77  30.07   755   0.01
 56279 102.93  30.15   682    1.8
 56280 103.12  30.08   691   33.9
 56281 103.50  30.18   510    0.1
 56285 103.52  30.60   523    0.2
 56288 103.92  30.58   494    0.5
 56317  94.22  29.22  2950    0.4
 56373 102.85  29.78   763   0.01
 56376 102.63  29.33  1098   0.01
 56378 102.35  29.23   890   0.01
 56381 103.50  30.07   630   11.4
 56441  99.28  28.72  2422   0.01
 56443  99.80  28.93  2842    3.1
 56473 102.77  28.95  1060    9.7
 56474 102.17  28.55  1774    5.3
 56478 102.43  28.30  1818   0.01
 56483 103.95  28.58   496   0.01
 56487 103.13  28.33  1943   0.01
 56496 105.23  28.32   358    9.4
 56497 104.23  28.10   448    0.1
 56499 104.78  28.38   368   10.5
 56567 100.85  27.30  2240    1.0
 56569 102.18  27.42  1380    1.1
 56580 102.80  27.72  2460    0.1
 56582 103.90  27.75  1176    3.4
 56584 103.25  27.70  1093   0.01
 56585 103.53  27.18  1916    3.8
 56593 104.92  28.58   279    8.8
 56594 104.05  27.63   880    3.0
 56596 105.05  27.85  1177    0.1
 56641  98.87  26.90  1189    0.1
 56645  99.42  26.42  2344    9.3
 56646  99.92  26.53  2191    1.7
 56649  99.96  26.11  2059    1.0
 56652 100.75  26.68  2130    0.2
 56654 100.18  26.58  2195    4.6
 56665 101.85  26.68  1140   0.01
 56669 101.67  26.05  1531    5.1
 56670 102.12  26.92  1136    2.4
 56674 101.73  26.50  1108    1.2
 56675 102.58  26.65  1694    5.0
 56697 104.08  26.22  1984   0.01
 56742  99.37  25.90  1658   12.3
 56745  99.95  25.68  1626    5.8
 56746  99.52  25.47  1616    3.6
 56755 100.48  25.35  1668   0.01
 56756 100.58  25.48  1992   14.0
 56757 100.28  25.27  1742    9.6
 56761 101.32  25.72  1878    0.7
 56764 101.23  25.53  1873    2.2
 56766 101.52  25.31  1822    9.2
 56767 101.28  25.18  1857    8.7
 56772 102.50  25.23  1692    9.6
 56774 102.42  25.53  1710    0.1
 56775 102.45  25.55  1750    0.6
 56781 103.27  25.55  1873    0.2
 56782 103.55  25.42  2067    1.1
 56785 103.08  25.36  1915   10.2
 56788 103.62  24.98  1857   0.01
 56835  97.82  24.07   959    1.2
 56836  97.95  24.70   826    0.6
 56839  98.82  23.77   995    9.0
 56841  98.68  24.60  1528   0.01
 56842  99.18  24.73  1471    1.5
 56843  99.62  24.83  1650   27.9
 56844  98.58  24.43   913   0.01
 56849  99.23  24.03  1606   0.01
 56851 100.53  25.04  1377    1.8
 56854 100.13  24.45  1108    2.7
 56862 101.60  24.68  1968    0.1
 56863 102.48  24.93  1848    0.4
 56867 101.12  23.98  1105    1.4
 56869 101.97  24.07  1497   0.01
 56871 102.60  24.65  1893    1.3
 56872 102.62  24.95  2358    0.5
 56873 102.92  24.68  1796   0.01
 56876 102.77  24.28  1731    1.7
 56878 102.75  24.13  1801    2.3
 56879 102.91  24.19  1702   0.01
 56880 103.17  24.92  1532   0.01
 56882 102.83  24.91  1976    0.3
 56883 103.98  24.82  1900    0.1
 56885 103.45  24.40  1415   0.01
 56889 104.17  24.05  1518    2.3
 56891 104.32  24.98  1482    1.4
 56898 102.41  24.18  1600    1.5
 56944  99.27  23.15  1278    0.4
 56949  99.60  22.32   945    0.3
 56950  99.80  23.47  1044    0.9
 56952 100.70  23.50   913    3.4
 56958 100.42  21.92  1176    6.6
 56962 101.67  23.42  1314    5.1
 56970 102.48  23.70  1419   37.2
 56975 102.43  23.37   974   37.5
 56976 102.83  23.23   232    2.0
 56978 102.42  23.00  1642    3.0
 56982 103.29  23.70  1117    2.3
 56984 103.15  23.38  1720   0.01
 56987 103.23  22.78  1260   11.6
 56989 103.95  22.50   137    4.3
 56992 104.70  23.45  1507    3.3
 56994 104.28  23.33  1293    0.7
 56995 104.42  23.03  1332    4.5
 56996 104.70  23.13  1093    3.6
 57065 112.13  34.55   317   0.01
 57070 112.12  34.73   364   0.01
 57072 112.75  34.92   127   26.2
 57074 112.40  34.42   252   14.2
 57076 112.78  34.73   189    3.3
 57078 112.47  34.15   336    3.1
 57079 113.03  34.95   106    4.8
 57080 112.97  34.73   165    3.2
 57081 113.43  34.80   140   18.8
 57084 113.05  34.49  1178    0.3
 57085 113.33  34.53   259    0.7
 57086 113.72  34.38   116    9.0
 57087 113.73  34.27   104   0.01
 57088 113.50  34.15   116    3.1
 57090 113.97  34.72    78    7.8
 57093 114.82  34.85    73   68.8
 57094 114.22  34.40    67   18.3
 57095 114.15  34.12    61    5.2
 57096 114.78  34.53    59   20.8
 57099 114.85  34.07    52   0.01
 57177 113.53  33.33    89   15.1
 57180 113.20  33.98   117   11.1
 57183 113.92  33.80    60    8.7
 57185 113.58  33.45    91   90.1
 57186 114.05  33.60    58   0.01
 57188 114.03  33.37    55    4.4
 57191 114.48  34.48    63   15.3
 57194 114.27  33.28    59    0.7
 57198 114.57  33.50    44    0.1
 57303 105.92  31.73   459   0.01
 57308 105.38  31.22   421    3.7
 57361 111.27  31.88   327    9.2
 57362 110.67  31.75   935   0.01
 57407 105.03  30.28   462    2.6
 57462 111.08  30.87   139    1.5
 57600 105.06  28.71   420   0.01
 57635 108.98  28.45   363    1.1
 57666 112.13  28.52    52    0.3
 57786 113.85  27.63   117    0.1
 57798 114.60  27.40    85   0.01
 57807 105.47  26.21  1361    0.4
 57813 106.47  26.57  1261    0.5
 57814 106.27  26.42  1298    0.4
 57835 108.43  26.72   527    0.3
 57881 113.25  26.72   101   0.01
 57882 113.55  26.79   136    0.5
 57883 114.28  26.75   253    2.0
 57886 113.80  26.48   268   14.2
 57891 114.25  26.93   153   0.01
 57895 114.78  26.47   101   0.01
 57900 105.22  25.83  1552   0.01
 57981 113.22  25.97   139   0.01
 57990 114.30  25.70   246   0.01
 57991 114.55  25.80   140    2.3
 57992 114.75  25.67   127    0.6
 57994 114.35  25.40   215    8.2
 57995 114.93  25.40   164   20.9
 58001 115.10  34.43    56   39.2
 58002 115.58  34.85    49   51.5
 58003 115.88  34.95    45   32.6
 58004 115.15  34.65    60   34.0
 58006 115.88  34.38    46   45.4
 58007 115.30  34.07    47    1.4
 58008 115.33  34.47    54   30.0
 58011 116.07  34.80    46   36.5
 58012 116.58  34.68    40   46.8
 58013 116.91  34.75    36   30.3
 58016 116.97  34.18    34   39.3
 58017 116.13  34.25    41   89.9
 58020 117.13  34.80    35   40.0
 58021 117.28  34.78    80   52.9
 58022 117.57  34.75    48   64.2
 58024 117.58  34.87    77   34.3
 58025 117.73  34.57    27   78.2
 58030 118.02  34.88    44   39.4
 58032 118.65  34.93    70   29.9
 58035 118.35  34.33    29   31.4
 58036 118.71  34.54    32   77.3
 58041 119.43  34.78    26   31.1
 58044 119.23  34.55     4   32.4
 58101 115.48  33.87    41    2.8
 58113 116.75  33.93    31    5.5
 58114 116.18  33.48    31   0.01
 58116 116.83  33.98    31    8.3
 58131 118.22  33.97    25    0.1
 58306 115.88  31.68    95   0.01
 58560 120.43  29.05   304    7.1
 58656 120.97  28.07    60   0.01
 58704 115.35  27.62    52    0.3
 58706 115.83  27.43   181   22.0
 58713 117.07  27.72   225    7.4
 58735 118.75  27.52   260    0.2
 58745 119.08  27.62   400   0.01
 58751 120.57  27.67   254    0.4
 58804 115.35  26.35   151    1.6
 58906 115.80  25.60   167   0.01
 58907 115.40  25.15   305    0.4
 58912 116.73  25.72   404    0.1
 59001 105.33  24.78   672    6.3
 59025 107.38  24.53   248    1.0
 59027 107.25  24.13   254    0.8
 59091 114.52  24.75   277    1.2
 59093 115.03  24.78   253    0.1
 59205 105.63  23.65   685    1.9
 59215 106.63  23.33   680    0.3
 59264 111.50  23.40    83   0.01
 59419 106.75  22.10   242    1.3
 59421 107.20  22.83   255    4.0
 59425 107.35  22.40   107   0.01
 59426 107.92  22.61   146    8.8
 59427 107.07  22.12   163   0.01
 59449 109.98  22.30    85    0.5
 59457 110.27  22.32   121    3.3
 59469 111.78  22.17    37   0.01
