diamond  3 2014年07月29日08点24小时降雨量                    
  14  07  29  08    -1 3 10 25 50 1 0
 39 122.7  37.3 122.5  36.7 120.8  36.2 119.3  35.0 120.4  34.3
 121.1  32.7 122.3  30.9 122.5  30.1 121.5  28.0 119.8  25.0
 116.1  22.6 111.0  21.0 111.0  18.6 109.6  18.1 108.3  18.5
 108.9  19.9 109.3  21.0 106.4  21.6 104.1  22.2 101.6  20.8
  98.7  22.0  97.1  24.1  97.7  27.0  91.7  26.6  85.7  27.7
  78.9  30.6  73.3  37.1  74.1  40.7  87.6  49.8  98.5  43.9
 110.4  44.3 122.0  54.7 135.7  48.3 131.5  42.2 125.2  39.4
 121.3  38.5 121.2  40.3 118.5  38.6 120.8  38.1
 1     400
 50137 122.37  53.47   296   10.9
 50445 123.73  50.58   423    0.3
 50566 128.47  49.55   116    1.2
 50645 124.48  48.48   195   55.5
 50646 124.85  48.48   202   15.7
 50647 123.48  48.13   236   17.8
 50655 126.18  48.50   266    6.8
 50659 126.25  48.03   291   12.8
 50673 130.40  48.88    90    1.7
 50674 129.43  48.57   404    2.6
 50741 123.50  47.93   185   26.4
 50750 125.30  47.90   226   25.1
 50755 126.07  47.62   249    8.0
 50767 127.10  47.23   202    0.8
 50772 129.23  48.10   288   17.7
 50832 122.08  46.72   332   0.01
 50851 126.08  46.68   207    0.3
 50861 127.48  46.88   184    0.1
 50913 118.83  45.72   865    0.4
 50924 119.67  45.53   823    0.3
 50928 120.33  45.07   628    3.1
 50934 121.58  45.38   311    5.0
 50937 121.48  45.07   282    9.8
 50939 122.82  45.33   150   14.4
 50940 123.17  45.85   141    5.5
 51058  87.97  47.10   563    0.8
 51137  82.93  46.20   715    0.4
 51145  83.65  46.55   521    0.8
 51328  80.42  44.20   770    7.8
 51329  80.85  44.05   640    4.9
 51352  85.25  44.85   337    2.5
 51353  86.10  45.02   346    3.9
 51356  86.05  44.32   442    3.0
 51357  85.62  44.33   522    0.9
 51359  86.20  44.32   471    2.8
 51368  87.32  44.12   515    3.9
 51369  87.65  43.97   600    2.9
 51377  87.92  44.17   547    5.2
 51378  89.17  44.02   734    1.5
 51430  81.15  43.83   602    3.2
 51434  81.53  43.97   770    5.6
 51435  82.23  43.47   774    2.8
 51436  83.30  43.45   928   12.8
 51438  81.77  43.18  1210   11.3
 51465  87.10  43.48  1871   12.7
 51468  86.83  43.10  3539    1.6
 51559  86.40  42.32  1100   0.01
 51568  86.80  42.25  1085   0.01
 51629  80.23  41.27  1132    0.7
 51636  82.65  41.55  1009   0.01
 51717  76.78  39.25  1206    0.1
 51802  76.17  38.93  1297   0.01
 52575 102.78  39.42  1239   0.01
 52745  99.02  37.30  3417    1.3
 52842  99.08  36.78  3087    0.1
 52853 100.98  36.90  3010    0.9
 52855 101.25  36.68  2675    3.6
 52862 101.68  36.95  2450    0.2
 52863 101.95  36.82  2480    0.1
 52869 101.58  36.50  2667    3.0
 52877 102.25  36.10  2834    0.2
 52881 103.18  36.98  2484    0.4
 52885 103.25  36.75  2118    0.6
 52963 102.02  35.93  2085   0.01
 52968 101.47  35.03  3662    5.6
 52972 102.45  35.85  1921    4.2
 52978 102.52  35.20  2929    3.2
 52988 103.72  35.37  2015   0.01
 53272 112.63  42.75  1104    0.6
 53289 113.83  42.23  1322    3.9
 53337 108.27  41.10  1023    0.4
 53343 109.97  41.77  1612    1.1
 53348 109.13  41.02  1078    0.7
 53357 110.05  41.03  1360   21.1
 53367 111.23  41.32  1602    8.5
 53368 111.47  41.08  1637    4.6
 53384 113.18  41.45  1423   0.01
 53385 113.54  41.60  1420    0.8
 53392 114.60  41.85  1422   34.3
 53397 113.98  41.10  1376    3.4
 53433 108.65  40.73  1020    6.0
 53455 110.53  40.55   998   20.8
 53457 110.03  40.40  1011   28.6
 53464 111.17  40.72  1042    4.8
 53466 111.70  40.75  1045    2.5
 53467 111.18  40.27  1016    7.3
 53469 111.82  40.40  1166    2.2
 53505 105.40  37.88  1380    2.1
 53517 106.33  39.27  1464   0.01
 53518 106.35  39.03  1117   0.01
 53522 107.83  40.05  1180    1.1
 53533 108.71  39.81  1414   28.8
 53545 109.71  39.56  1367   21.5
 53547 109.03  39.10  1312   16.1
 53553 111.22  39.87  1221    9.9
 53562 111.67  39.92  1187    5.8
 53565 111.50  39.43  1051    6.3
 53567 111.00  39.02  1024   16.7
 53602 105.67  38.83  1561    2.1
 53611 106.55  38.88  1098    0.2
 53617 106.08  38.03  1118    2.4
 53618 106.25  38.28  1113    0.1
 53619 106.30  38.12  1115    2.2
 53644 108.83  38.60  1307    1.1
 53658 110.48  38.03   894   15.7
 53659 111.00  37.97  1163    1.8
 53660 111.08  39.02   894    9.5
 53662 111.58  38.72  1396   0.01
 53707 105.25  36.93  1697    1.8
 53730 107.48  38.18  1333    0.9
 53732 108.72  37.85  1209   0.01
 53750 110.18  37.77   931    0.1
 53857 110.18  36.07   840   0.01
 54024 119.30  44.45   710    0.5
 54031 121.82  44.90   198    9.4
 54039 122.02  44.03   181    5.2
 54117 117.53  43.25  1003    4.1
 54204 115.00  42.30  1346   16.0
 54205 116.00  42.23  1315   34.0
 54305 115.27  41.88  1468    2.5
 54938 118.40  35.05    65   0.01
 56016  95.62  33.85  4179    3.5
 56034  97.13  33.80  4415    0.7
 56045  99.90  33.97  4050    0.3
 56071 102.50  34.58  3105    0.1
 56081 103.35  34.70  2810    2.4
 56082 103.50  34.58  2540   13.0
 56084 103.23  34.07  2374   13.2
 56097 104.25  33.27  1440    1.5
 56109  93.78  31.48  3940   17.2
 56164 100.98  32.27  3284    0.1
 56168 102.07  31.48  2168   0.01
 56181 103.70  30.68   541   57.3
 56185 102.98  32.08  2400   0.01
 56186 104.20  31.33   589   0.01
 56190 104.55  31.55   519    2.8
 56192 104.67  32.95  1014    0.2
 56194 104.45  31.63   597   0.01
 56195 104.73  31.80   543   11.8
 56197 104.17  31.15   535    2.0
 56198 104.50  31.32   525   15.1
 56272 103.88  30.82   558   48.8
 56276 103.82  30.45   467   23.2
 56279 102.93  30.15   682    5.6
 56281 103.50  30.18   510    2.4
 56284 103.43  30.45   518   18.6
 56288 103.92  30.58   494    1.0
 56290 104.18  30.78   514    2.2
 56291 104.28  30.93   469   12.6
 56371 102.23  29.92  1321    0.6
 56378 102.35  29.23   890   0.01
 56384 103.48  29.60   446    1.9
 56395 104.67  29.52   351   0.01
 56441  99.28  28.72  2422    3.9
 56473 102.77  28.95  1060   0.01
 56474 102.17  28.55  1774   0.01
 56478 102.43  28.30  1818    4.6
 56480 103.53  28.82   564    7.9
 56483 103.95  28.58   496    5.6
 56487 103.13  28.33  1943    0.2
 56490 103.90  28.95   424    0.5
 56494 104.15  28.65   462    0.1
 56496 105.23  28.32   358   0.01
 56498 104.50  28.15   549   29.5
 56499 104.78  28.38   368    3.7
 56567 100.85  27.30  2240    6.1
 56569 102.18  27.42  1380    0.2
 56575 102.55  27.37  1428    1.7
 56580 102.80  27.72  2460   0.01
 56584 103.25  27.70  1093    0.4
 56585 103.53  27.18  1916   0.01
 56592 104.52  28.43   359   0.01
 56596 105.05  27.85  1177   0.01
 56641  98.87  26.90  1189    0.1
 56645  99.42  26.42  2344   50.7
 56646  99.92  26.53  2191    3.0
 56649  99.96  26.11  2059    0.6
 56652 100.75  26.68  2130    6.8
 56654 100.18  26.58  2195   11.7
 56669 101.67  26.05  1531    0.1
 56670 102.12  26.92  1136    2.0
 56675 102.58  26.65  1694    1.5
 56742  99.37  25.90  1658    2.6
 56745  99.95  25.68  1626    0.5
 56746  99.52  25.47  1616   10.4
 56752 100.57  25.83  1438   0.01
 56755 100.48  25.35  1668    6.2
 56756 100.58  25.48  1992    0.2
 56764 101.23  25.53  1873    0.3
 56766 101.52  25.31  1822    0.1
 56772 102.50  25.23  1692    2.9
 56774 102.42  25.53  1710    0.5
 56777 102.07  25.15  1566   30.5
 56781 103.27  25.55  1873    9.0
 56782 103.55  25.42  2067   0.01
 56785 103.08  25.36  1915   19.8
 56835  97.82  24.07   959    1.4
 56836  97.95  24.70   826    0.3
 56839  98.82  23.77   995    6.6
 56840  98.30  24.82  1012   0.01
 56841  98.68  24.60  1528    1.0
 56842  99.18  24.73  1471   0.01
 56843  99.62  24.83  1650    0.6
 56844  98.58  24.43   913    0.2
 56849  99.23  24.03  1606   0.01
 56851 100.53  25.04  1377   12.0
 56862 101.60  24.68  1968    0.1
 56867 101.12  23.98  1105    1.6
 56869 101.97  24.07  1497    0.2
 56870 102.18  24.66  1600   17.0
 56872 102.62  24.95  2358    8.4
 56876 102.77  24.28  1731    0.2
 56889 104.17  24.05  1518    1.1
 56891 104.32  24.98  1482    0.5
 56898 102.41  24.18  1600   0.01
 56944  99.27  23.15  1278   11.6
 56948  99.60  22.63  1155    6.6
 56949  99.60  22.32   945   23.6
 56958 100.42  21.92  1176    5.2
 56962 101.67  23.42  1314    0.5
 56970 102.48  23.70  1419    2.2
 56976 102.83  23.23   232    0.3
 56978 102.42  23.00  1642   10.8
 56982 103.29  23.70  1117    0.2
 56984 103.15  23.38  1720   0.01
 56987 103.23  22.78  1260   23.3
 56989 103.95  22.50   137    5.7
 56992 104.70  23.45  1507    0.7
 56994 104.28  23.33  1293    0.7
 56995 104.42  23.03  1332    3.1
 56996 104.70  23.13  1093   0.01
 57057 110.15  34.10   963   42.1
 57126 107.55  33.22   468    1.0
 57129 107.72  32.98   446    4.3
 57208 105.52  32.28   544    2.0
 57247 108.90  32.32   438    2.4
 57248 109.33  32.40   431   0.01
 57304 105.17  31.67   516   10.0
 57361 111.27  31.88   327   25.0
 57363 111.83  31.80   151    0.4
 57368 111.63  31.05   141   18.4
 57453 111.32  30.77   115   0.01
 57460 111.78  30.82    91    0.1
 57462 111.08  30.87   139    7.0
 57540 109.15  29.68   776    0.3
 57558 110.47  29.13   183    0.9
 57582 113.88  29.72    46   33.6
 57586 114.03  29.53    78   0.01
 57589 113.87  29.27   146    2.6
 57596 114.20  29.63   751    0.2
 57637 108.10  28.25   629    0.5
 57658 110.20  28.02   152    1.1
 57694 114.38  28.53   259    0.5
 57698 114.45  28.12    98   17.1
 57699 114.92  28.23    66   18.0
 57735 108.82  27.18   404    1.1
 57738 108.42  27.05   516    2.5
 57739 108.92  27.23   394   13.3
 57744 109.17  27.37   355   10.2
 57768 111.45  27.32   242    2.5
 57792 114.68  27.82    93    0.1
 57794 114.02  27.63   177   27.1
 57796 114.88  27.83   189   0.01
 57798 114.60  27.40    85    7.8
 57800 105.37  26.77  1457    0.1
 57809 105.75  26.07  1251   0.01
 57814 106.27  26.42  1298   0.01
 57818 106.45  26.03  1140    3.0
 57829 107.80  26.20   963    0.3
 57834 108.30  26.68   641   12.6
 57837 108.07  26.40   839    1.3
 57846 110.15  26.58   310    0.1
 57883 114.28  26.75   253   12.5
 57886 113.80  26.48   268   0.01
 57891 114.25  26.93   153    9.9
 57895 114.78  26.47   101   17.0
 57900 105.22  25.83  1552    0.1
 57908 105.48  25.12  1394    2.6
 57913 106.98  26.45  1093    1.4
 57921 107.32  25.83   708    1.2
 57923 107.87  25.98   419   0.01
 57927 107.18  24.97   287    0.7
 57936 108.91  25.76   258   0.01
 57941 109.60  25.78   197   0.01
 57948 109.25  25.08   122    0.1
 57973 112.72  25.75   329   26.5
 57981 113.22  25.97   139   15.6
 58131 118.22  33.97    25   0.01
 58254 120.45  32.52     5   0.01
 58352 120.77  31.65     4    0.1
 58365 121.25  31.37     4    5.3
 58449 119.95  30.05    46   0.01
 58453 120.50  30.07     7   0.01
 58459 120.29  30.19    44   0.01
 58509 115.82  29.05    36    5.5
 58529 117.85  29.27    80   13.7
 58537 118.40  29.13   153   53.7
 58546 119.88  29.47   115    0.4
 58547 119.18  29.03    66    3.2
 58548 119.47  29.22    50    0.3
 58555 120.88  29.52   113    1.8
 58558 120.22  29.27    89    0.2
 58559 120.98  29.17    58    7.7
 58560 120.43  29.05   304    0.1
 58561 121.60  29.98     4   0.01
 58563 121.83  29.88     5   34.6
 58565 121.39  29.69    41    4.3
 58566 121.88  29.47     6    7.1
 58567 121.43  29.32    39    3.0
 58568 121.38  29.12    34   33.3
 58570 122.30  29.95    85    0.5
 58601 115.38  28.70    53   19.4
 58605 115.38  28.42    46    0.7
 58609 115.82  28.22    27    8.5
 58612 116.68  28.70    21   0.01
 58614 116.27  28.38    34   0.01
 58615 117.08  28.68    56    2.5
 58616 116.82  28.20    40   10.0
 58618 116.60  28.27    83    1.4
 58619 116.37  28.00    49   0.01
 58623 117.92  28.47    90    1.1
 58624 117.43  28.40    70    2.1
 58625 117.60  28.42    79    2.4
 58627 117.03  28.25    55    3.1
 58629 117.71  28.29   100    0.3
 58631 118.50  28.90   137   51.3
 58632 118.60  28.72   126   36.2
 58635 118.20  28.43    95   15.4
 58642 119.80  28.88   105    1.7
 58643 120.03  28.90   102    1.2
 58644 119.28  28.60   237   14.0
 58647 119.13  28.08   222    3.4
 58654 120.08  28.67   184    6.3
 58657 120.28  28.15    57    3.2
 58660 121.20  28.87     6   0.01
 58693 115.83  28.70    40    0.9
 58701 115.40  27.77    46    4.0
 58706 115.83  27.43   181    3.7
 58710 116.05  27.77    78    9.4
 58712 116.78  27.92   130   12.4
 58713 117.07  27.72   225   14.9
 58714 116.23  27.55   120    1.0
 58719 116.93  27.30   131   18.1
 58724 117.32  27.53   268    1.9
 58735 118.75  27.52   260   0.01
 58736 118.82  27.38   262   24.0
 58745 119.08  27.62   400    1.5
 58746 119.70  27.55   538   23.9
 58747 119.35  27.15   899   0.01
 58750 120.08  27.78   105    0.4
 58814 116.35  26.35   247   16.9
 58819 116.82  26.18   336   14.3
 58821 117.47  26.73   173    2.4
 58822 116.85  26.83   342   0.01
 58823 117.80  26.80   175    0.2
 58826 117.80  26.40   120   32.6
 58828 117.62  26.27   208    0.6
 58836 118.73  26.58   361   40.1
 58903 116.03  25.90   210   33.2
 58912 116.73  25.72   404    1.1
 58928 117.53  25.02   166   28.7
 58935 118.23  25.48   521   13.9
 59004 105.10  24.50   725    0.2
 59012 106.55  24.78   972    2.9
 59015 106.57  24.35   437   13.5
 59017 106.27  24.27   278   0.01
 59022 107.55  24.98   697    0.4
 59025 107.38  24.53   248    5.0
 59027 107.25  24.13   254    8.8
 59031 108.26  24.81   342    6.7
 59033 108.90  24.78   328   11.9
 59034 108.67  24.48   150   14.6
 59038 108.65  24.07   138   22.0
 59057 110.18  24.13   830    0.2
 59106 115.90  24.58   152    2.5
 59227 107.14  23.11   454    4.0
 59229 107.70  23.17   125    0.6
 59230 108.17  23.72   168   10.2
 59235 108.62  23.43   115    0.7
 59237 108.28  23.17   111    1.0
 59238 108.80  23.22   122    3.7
 59241 109.68  23.97    90   0.01
 59249 109.62  23.12    51    1.2
 59315 116.40  23.58    43    0.7
 59320 117.13  23.75    37    0.2
 59419 106.75  22.10   242    1.2
 59421 107.20  22.83   255    4.4
 59425 107.35  22.40   107    2.2
 59426 107.92  22.61   146   12.7
 59427 107.07  22.12   163    1.5
 59429 108.01  22.18   216    1.7
 59432 108.40  22.80   194    0.5
 59435 108.48  22.77    74    0.1
 59441 109.25  22.70    78    7.6
 59448 109.55  22.27    69    7.8
 59449 109.98  22.30    85   14.3
 59451 110.35  22.70    98    8.8
 59457 110.27  22.32   121    1.1
 59469 111.78  22.17    37   19.2
 59470 112.20  22.70    57    0.1
