diamond  3 2014年08月05日08点24小时降雨量                    
  14  08  05  08    -1 3 10 25 50 1 0
 39 122.7  37.3 122.5  36.7 120.8  36.2 119.3  35.0 120.4  34.3
 121.1  32.7 122.3  30.9 122.5  30.1 121.5  28.0 119.8  25.0
 116.1  22.6 111.0  21.0 111.0  18.6 109.6  18.1 108.3  18.5
 108.9  19.9 109.3  21.0 106.4  21.6 104.1  22.2 101.6  20.8
  98.7  22.0  97.1  24.1  97.7  27.0  91.7  26.6  85.7  27.7
  78.9  30.6  73.3  37.1  74.1  40.7  87.6  49.8  98.5  43.9
 110.4  44.3 122.0  54.7 135.7  48.3 131.5  42.2 125.2  39.4
 121.3  38.5 121.2  40.3 118.5  38.6 120.8  38.1
 1     741
 50431 121.52  50.78   717    1.6
 50524 119.43  49.32   576   0.01
 50525 119.75  49.15   620   0.01
 50526 120.70  49.28   668    0.9
 50647 123.48  48.13   236    9.0
 50673 130.40  48.88    90    1.5
 50741 123.50  47.93   185   14.4
 50884 131.15  46.63   175   0.01
 50913 118.83  45.72   865   0.01
 51438  81.77  43.18  1210    1.2
 51468  86.83  43.10  3539    1.4
 51627  79.23  41.22  1395    1.9
 51629  80.23  41.27  1132    2.2
 51636  82.65  41.55  1009    0.2
 51707  76.73  39.50  1208    3.9
 51708  75.95  39.15  1325    0.1
 51717  76.78  39.25  1206    0.9
 51722  80.40  40.65  1044    0.9
 51802  76.17  38.93  1297    1.3
 51814  77.40  37.92  1360    0.5
 51815  77.27  38.20  1274    0.1
 52557 100.17  39.15  1453   0.01
 52643  99.62  38.83  2311    0.6
 52656 100.82  38.43  2281    6.0
 52745  99.02  37.30  3417    2.4
 52784 102.90  37.47  2072    0.7
 52842  99.08  36.78  3087    2.0
 52855 101.25  36.68  2675    0.7
 52862 101.68  36.95  2450    0.2
 52863 101.95  36.82  2480    0.6
 52869 101.58  36.50  2667    1.3
 52874 102.40  36.48  1980    1.7
 52875 102.10  36.50  2125    0.7
 52877 102.25  36.10  2834    1.5
 52881 103.18  36.98  2484    3.1
 52885 103.25  36.75  2118    4.9
 52896 104.15  36.55  1738   14.7
 52957 100.60  35.25  3148    7.5
 52963 102.02  35.93  2085    1.0
 52968 101.47  35.03  3662    1.2
 52972 102.45  35.85  1921    0.2
 52978 102.52  35.20  2929    2.5
 52980 103.30  35.97  1648    1.9
 52981 103.38  35.68  2421    5.5
 52982 103.55  35.48  1953    1.3
 52985 103.33  35.42  2162    1.8
 52988 103.72  35.37  2015    1.5
 52993 105.07  35.68  1739   0.01
 52995 104.62  35.58  1897    0.1
 53378 112.62  41.28  1737    0.1
 53392 114.60  41.85  1422   0.01
 53397 113.98  41.10  1376    2.9
 53472 112.57  40.87  1451    0.1
 53475 112.47  40.52  1268    1.5
 53481 113.22  40.80  1316    1.9
 53483 113.83  40.87  1268    2.6
 53484 113.15  40.45  1191    2.2
 53486 113.77  40.37  1050    2.5
 53488 113.58  40.03  1034    0.5
 53491 114.38  40.67   837    2.4
 53492 114.15  40.10   937    6.6
 53498 115.03  40.57   629    5.4
 53499 114.73  40.77   755    4.7
 53505 105.40  37.88  1380    8.3
 53518 106.35  39.03  1117   0.01
 53547 109.03  39.10  1312    0.1
 53553 111.22  39.87  1221   0.01
 53562 111.67  39.92  1187    1.3
 53565 111.50  39.43  1051    2.1
 53567 111.00  39.02  1024   0.01
 53573 112.70  40.00  1336    2.8
 53574 112.27  39.52  1409    5.1
 53575 112.20  39.10  1525    1.1
 53576 112.82  39.50  1045    6.7
 53577 112.30  39.00  1437    5.5
 53579 112.90  39.02   859    3.4
 53580 113.10  39.82  1044    1.9
 53582 113.67  39.72  1079    3.4
 53584 113.17  39.57  1000    9.2
 53585 113.27  39.17   933    9.6
 53590 114.27  39.75   977    9.3
 53596 115.13  38.85    52   45.8
 53599 114.68  39.37   884    3.9
 53602 105.67  38.83  1561    1.3
 53610 106.35  38.57  1106    1.6
 53611 106.55  38.88  1098   0.01
 53617 106.08  38.03  1118    2.8
 53618 106.25  38.28  1113    3.3
 53619 106.30  38.12  1115    3.0
 53644 108.83  38.60  1307    0.1
 53658 110.48  38.03   894    3.4
 53659 111.00  37.97  1163    1.0
 53660 111.08  39.02   894    0.1
 53662 111.58  38.72  1396    5.7
 53665 111.65  38.28  1185    1.3
 53666 111.93  38.35  1212    1.4
 53669 111.80  38.08  1150    1.6
 53674 112.70  38.40   869    1.9
 53676 112.98  38.50   759    1.6
 53677 112.48  37.93   806    0.4
 53678 112.65  38.07   897    0.6
 53679 112.54  37.75   776    3.5
 53680 114.38  38.30   108    9.2
 53681 113.37  38.83  1096    4.4
 53682 114.68  38.63   104   38.6
 53685 113.42  38.07   953    2.1
 53688 114.55  38.42   100   18.2
 53689 115.07  38.02    42   26.9
 53690 114.18  38.85   281    7.0
 53691 114.57  38.15    71   28.3
 53692 114.98  38.73    66   29.6
 53693 114.13  38.03   255    5.6
 53694 114.22  38.27   131    4.0
 53695 114.68  38.35    70    9.7
 53696 115.02  38.55    41   24.1
 53697 114.83  38.03    53   79.8
 53699 114.95  38.18    45   17.9
 53707 105.25  36.93  1697    4.2
 53727 107.12  37.17  1712    0.2
 53730 107.48  38.18  1333    1.4
 53732 108.72  37.85  1209    0.8
 53750 110.18  37.77   931    1.1
 53751 110.05  37.60   894    1.4
 53760 111.23  37.88  1212    1.0
 53763 112.17  37.92  1006    0.5
 53770 112.35  37.35   768    8.1
 53773 114.62  36.33    64    6.0
 53774 112.37  37.58   759    0.3
 53776 112.77  37.68   831    2.8
 53778 112.22  37.17   780   0.01
 53780 113.15  37.91  1066    0.3
 53781 114.47  36.87    67   16.1
 53782 113.62  37.93   767   21.6
 53783 113.70  37.60   876   44.1
 53784 114.78  37.75    38   32.5
 53785 114.67  37.52    35    2.5
 53786 113.33  37.09  1152    3.1
 53788 113.57  37.33  1265   30.5
 53789 114.63  37.88    52   79.7
 53790 114.61  37.63    44    8.4
 53791 114.52  37.77    66   87.6
 53792 114.48  37.45   113   14.6
 53794 114.75  37.35    33    2.0
 53795 114.37  37.65   137   21.9
 53796 114.89  37.62    30    3.6
 53797 114.52  37.28    73    3.6
 53799 115.00  37.24    25    4.6
 53829 107.90  35.98  1093    6.4
 53857 110.18  36.07   840    1.1
 53861 111.38  35.88   463    1.1
 53871 112.85  36.83   964    0.8
 53872 112.68  36.77   960    4.1
 53873 112.87  36.10   951   0.01
 53878 113.38  36.52   767    0.9
 53879 112.88  36.32   952    6.7
 53880 113.23  36.33   947    0.2
 53881 106.48  37.28  1382    3.1
 53883 114.70  37.13    36    4.1
 53885 113.20  36.12  1122    9.0
 53886 113.67  36.57   470    3.0
 53888 113.43  36.20  1089    0.1
 53889 113.82  36.07   306    4.8
 53890 114.10  36.67   280    7.3
 53891 114.68  37.02    43    1.4
 53892 114.47  36.62    66    2.2
 53893 114.95  36.77    39   67.0
 53894 114.20  36.40   149    5.7
 53895 114.50  36.78    60   12.8
 53896 114.95  36.35    50    0.2
 53897 114.38  36.38    69   46.8
 53899 114.97  36.48    48    2.5
 53916 106.32  35.50  1948    0.4
 53917 106.07  35.22  1631    0.1
 53926 107.35  35.35  1028    0.3
 53927 106.62  35.20  1477    1.0
 53928 107.02  35.30  1149    4.2
 53930 107.98  36.45  1271    5.8
 53931 109.37  36.00   984    0.6
 53935 108.40  35.48  1481    0.1
 53937 107.92  35.52   979    0.5
 53941 109.58  35.18   804    5.9
 53944 109.25  35.57   863    9.4
 53945 109.07  35.43  1395   20.9
 53946 109.82  35.60  1091   17.6
 53947 109.07  35.08   978    2.2
 53949 109.92  35.18   679    7.1
 53950 110.15  35.23   708    1.2
 53953 110.85  35.97   965    0.2
 53956 110.83  35.40   588    0.7
 53957 110.72  35.62   459   0.01
 53958 110.78  35.17   435    0.1
 53962 111.70  35.73   584   0.01
 53972 112.90  35.05   117   77.4
 53973 112.95  35.77   837   71.6
 53974 114.23  35.61    70   13.0
 53976 112.87  35.50   752    4.5
 53978 112.63  35.08   140    4.2
 53979 113.08  35.15   120    8.8
 53980 114.80  36.55    50    2.6
 53981 113.27  35.78  1311   11.5
 53982 113.27  35.23   112    1.3
 53983 114.42  35.03    69   0.01
 53984 113.47  35.23    82   29.4
 53985 113.82  35.50   140   20.5
 53987 113.36  35.11    94   10.3
 53988 113.67  35.27    77    0.1
 53991 114.33  35.92    93    7.8
 53992 114.52  35.65    58   10.4
 53993 114.92  35.93    51    3.6
 53994 114.07  35.38    70   53.8
 53995 114.50  35.55    62   39.9
 53996 114.65  36.45    57    2.8
 53997 114.18  35.15    71   0.01
 53998 114.65  35.20    61   0.01
 54039 122.02  44.03   181    0.1
 54076 126.93  44.38   268   0.01
 54122 120.05  43.88   374    0.3
 54132 121.07  42.40   400   0.01
 54187 128.92  43.12   366    0.1
 54192 130.27  43.70   384   18.0
 54205 116.00  42.23  1315    0.3
 54214 118.42  42.58   960    0.1
 54223 120.65  42.85   362    0.1
 54225 119.94  42.29   579    1.0
 54290 129.40  42.77   241    3.3
 54291 130.28  42.90    36   10.6
 54301 115.67  41.67  1412    5.8
 54304 115.27  40.95  1239    6.8
 54305 115.27  41.88  1468    0.2
 54313 118.70  41.93   733    6.6
 54316 118.75  41.52   679    3.5
 54318 117.73  41.32   561    8.7
 54319 118.67  41.00   502    0.5
 54320 119.30  41.60   544    2.2
 54321 119.63  41.87   661    1.1
 54327 119.35  41.23   417    0.5
 54328 119.72  41.08   296   0.01
 54340 123.32  41.67    35   0.01
 54398 116.62  40.13    28    6.2
 54399 116.28  39.98    45   11.8
 54404 115.83  40.88   867    9.0
 54408 115.22  40.38   529    8.9
 54410 116.13  40.60  1224    2.8
 54412 116.63  40.73   331    5.8
 54419 116.63  40.37    75    1.1
 54420 117.33  40.93   529    5.7
 54421 117.12  40.65   293    1.1
 54424 117.12  40.17    32    4.0
 54425 117.47  40.40   633    5.1
 54428 117.40  40.03    15   14.4
 54430 118.15  40.77   269    2.1
 54431 116.63  39.92    43   17.8
 54432 118.48  40.60   304    1.6
 54433 116.50  39.95    35    9.9
 54434 118.33  40.17   131   22.5
 54437 118.62  39.51    18   21.5
 54438 118.88  39.88    65   23.9
 54439 118.72  40.02    50   26.4
 54499 116.22  40.22    76    1.5
 54501 115.68  39.97   440    1.4
 54502 116.03  39.48    29   11.3
 54503 115.82  39.07    12   17.7
 54505 116.10  39.94    98    7.0
 54506 115.95  39.32    24    2.5
 54507 115.52  39.33    49   14.5
 54510 116.95  39.91    18   16.8
 54512 116.28  39.42    21    7.1
 54513 116.20  39.95    65   12.5
 54514 116.25  39.87    55   18.5
 54515 116.70  39.50    13    4.0
 54517 117.20  39.07     2    7.9
 54519 116.48  39.30    12    4.2
 54520 117.08  39.97    18    0.8
 54521 116.98  39.77    13    6.4
 54522 117.73  39.88    14   29.4
 54523 117.02  39.38     4    8.9
 54526 117.33  39.08     1   17.9
 54528 117.13  39.23     3   19.9
 54529 117.82  39.35     3   21.7
 54530 117.77  39.23     1   21.7
 54531 118.72  39.73    43   28.4
 54532 118.08  39.81    31   53.2
 54533 118.10  39.58     8   66.2
 54535 118.47  39.28     3   19.8
 54540 119.20  39.73    17    1.8
 54541 119.23  39.90    24    4.1
 54568 121.75  39.05    90    0.7
 54569 121.95  39.42    11    0.2
 54594 116.35  39.72    37   16.6
 54596 116.19  39.77    48   19.5
 54597 115.73  39.73   407   16.7
 54601 115.65  38.98    13   14.9
 54603 115.77  38.72    10   26.7
 54604 115.33  38.42    29   22.6
 54605 115.93  38.93     4   28.4
 54607 115.12  38.72    45   23.4
 54608 115.55  38.00    26   35.0
 54609 115.59  38.23    22   22.0
 54610 116.10  38.73     8   22.3
 54611 115.32  38.93    44   34.0
 54613 116.62  38.70     6   17.6
 54614 116.06  38.42    10   43.9
 54615 116.85  38.58     8   29.0
 54616 116.85  38.35     8   32.6
 54617 116.12  38.18    13   25.9
 54619 116.92  38.92     5    8.4
 54620 115.57  38.48    18   53.6
 54621 115.18  38.18    38   17.5
 54622 117.37  38.98     3   10.9
 54626 115.82  38.42    13   55.7
 54627 117.23  38.03     8   18.8
 54628 117.48  38.15     6   25.6
 54631 115.15  37.07    32   26.9
 54632 115.03  37.07    34   26.3
 54633 115.23  37.52    26   61.4
 54636 116.10  39.02    11   16.6
 54640 114.87  36.92    36   14.0
 54644 117.12  38.05    10   14.1
 54645 117.47  38.85     2   37.8
 54700 115.93  38.03    16   15.7
 54701 115.20  37.93    35   47.9
 54702 115.70  37.73    20   10.3
 54703 115.88  37.80    21   10.7
 54704 115.57  37.52    24   10.3
 54706 115.67  37.08    31   29.0
 54707 115.98  37.35    27   0.01
 54708 115.73  37.50    23    1.1
 54709 116.07  37.22    25    0.1
 54710 116.17  37.87    18   17.0
 54711 116.28  37.70    18   20.1
 54712 116.82  37.20    18    9.8
 54713 116.53  37.88    14   34.3
 54714 116.33  37.45    23    7.3
 54716 116.80  37.67    16   13.6
 54717 116.40  37.63    17    5.2
 54718 116.47  37.15    22   20.2
 54719 116.68  38.03    11   23.7
 54722 117.63  37.75     6    5.8
 54723 117.57  37.65    10   11.1
 54724 117.13  37.32    14    1.9
 54726 117.18  37.70    11    3.0
 54728 117.38  37.77     8    3.2
 54729 117.87  37.17    11    2.0
 54730 118.14  37.69     6   12.2
 54731 118.22  37.48    11    9.5
 54732 118.52  37.87     5   20.7
 54734 118.00  37.36    12    7.6
 54736 118.67  37.43     6    0.4
 54737 118.15  37.15     9    4.9
 54738 118.40  37.05    15    4.8
 54752 120.77  37.80    60    0.7
 54755 120.39  37.33   117    0.2
 54800 115.25  37.00    33   21.4
 54801 115.48  36.85    35    2.2
 54802 115.73  36.82    34    5.3
 54803 116.02  36.98    27   13.0
 54804 115.13  36.30    44    5.5
 54805 115.47  36.45    39    9.5
 54806 115.97  36.42    33   23.6
 54807 115.77  36.15    41    4.2
 54809 115.28  36.55    41   45.4
 54810 116.27  36.87    27    0.8
 54811 116.62  36.93    20    0.5
 54812 116.75  36.78    22    4.9
 54814 116.25  36.53    29    1.8
 54815 116.27  36.38    31    0.3
 54818 116.42  36.25    79    0.9
 54820 115.17  36.82    36   27.7
 54821 117.20  37.00    20    3.9
 54822 117.73  36.87    47    5.0
 54825 117.85  36.52   189    1.4
 54827 117.15  36.17   128   0.01
 54828 117.68  36.23   229   0.01
 54829 117.87  36.77    85    2.3
 54830 117.93  36.82    34   11.3
 54831 118.50  36.65   102    3.9
 54833 118.08  36.97    15    4.5
 54900 115.02  35.70    53    1.4
 54901 115.17  36.08    47    0.2
 54902 115.12  35.90    49    0.6
 54920 117.28  35.65   110   0.01
 56016  95.62  33.85  4179    2.3
 56034  97.13  33.80  4415    3.4
 56045  99.90  33.97  4050    7.5
 56071 102.50  34.58  3105    3.8
 56091 104.47  34.85  1883    1.5
 56092 104.65  35.00  1728    2.8
 56095 104.38  34.03  1753    0.3
 56109  93.78  31.48  3940    3.0
 56128  96.60  31.22  3810    0.2
 56147  98.83  31.22  3260    1.5
 56164 100.98  32.27  3284    1.6
 56171 101.70  32.90  3275    4.6
 56180 103.85  31.68  1590    1.5
 56183 103.62  31.50  1370    6.3
 56186 104.20  31.33   589    0.7
 56189 103.93  30.98   581    0.1
 56192 104.67  32.95  1014    1.1
 56193 104.52  32.42   893   0.01
 56198 104.50  31.32   525    1.7
 56273 102.82  30.39  1022   40.9
 56278 102.77  30.07   755   19.4
 56279 102.93  30.15   682   41.3
 56280 103.12  30.08   691   52.9
 56281 103.50  30.18   510    0.1
 56284 103.43  30.45   518    1.1
 56285 103.52  30.60   523   0.01
 56289 103.87  30.20   437   0.01
 56290 104.18  30.78   514   0.01
 56291 104.28  30.93   469   0.01
 56295 104.55  30.38   448   17.6
 56297 104.15  30.02   436    1.3
 56298 104.60  30.13   417   0.01
 56342  98.60  29.68  3870   0.01
 56371 102.23  29.92  1321   24.0
 56373 102.85  29.78   763   27.1
 56376 102.63  29.33  1098   35.3
 56378 102.35  29.23   890   10.9
 56380 103.35  29.88   571   22.7
 56381 103.50  30.07   630   0.01
 56382 103.60  29.73   407   0.01
 56384 103.48  29.60   446   26.3
 56387 103.27  29.23   642    0.4
 56389 103.95  29.20   387    5.7
 56391 103.82  30.08   415   0.01
 56393 104.85  29.77   369    2.6
 56394 104.43  29.45   384    4.4
 56395 104.67  29.52   351   10.8
 56396 104.77  29.35   352   10.4
 56441  99.28  28.72  2422   0.01
 56443  99.80  28.93  2842    0.6
 56473 102.77  28.95  1060   12.7
 56474 102.17  28.55  1774   17.9
 56478 102.43  28.30  1818   11.8
 56480 103.53  28.82   564    0.4
 56483 103.95  28.58   496   11.9
 56487 103.13  28.33  1943   34.0
 56489 103.63  28.23   877    1.0
 56490 103.90  28.95   424   0.01
 56491 104.57  28.70   287    1.7
 56493 104.97  28.85   292   12.9
 56494 104.15  28.65   462    0.3
 56497 104.23  28.10   448    4.0
 56498 104.50  28.15   549    9.2
 56499 104.78  28.38   368    4.8
 56567 100.85  27.30  2240   20.2
 56569 102.18  27.42  1380   25.1
 56575 102.55  27.37  1428   24.3
 56578 102.75  27.07   993   27.5
 56580 102.80  27.72  2460    7.6
 56584 103.25  27.70  1093    2.5
 56585 103.53  27.18  1916    0.4
 56592 104.52  28.43   359   17.8
 56593 104.92  28.58   279   0.01
 56594 104.05  27.63   880   19.9
 56596 105.05  27.85  1177    0.8
 56598 104.73  27.13  1535    8.9
 56641  98.87  26.90  1189   10.3
 56645  99.42  26.42  2344   20.1
 56646  99.92  26.53  2191   20.6
 56649  99.96  26.11  2059   17.1
 56652 100.75  26.68  2130   10.6
 56654 100.18  26.58  2195   10.4
 56665 101.85  26.68  1140   40.5
 56669 101.67  26.05  1531   53.9
 56670 102.12  26.92  1136   10.2
 56673 102.92  26.92   893    1.1
 56674 101.73  26.50  1108   58.8
 56675 102.58  26.65  1694   11.9
 56697 104.08  26.22  1984    6.1
 56742  99.37  25.90  1658    8.3
 56745  99.95  25.68  1626   28.7
 56752 100.57  25.83  1438   10.2
 56755 100.48  25.35  1668    1.2
 56756 100.58  25.48  1992   0.01
 56757 100.28  25.27  1742   10.5
 56761 101.32  25.72  1878   23.5
 56764 101.23  25.53  1873    0.7
 56766 101.52  25.31  1822    7.3
 56767 101.28  25.18  1857   10.1
 56772 102.50  25.23  1692    2.4
 56774 102.42  25.53  1710   13.7
 56775 102.45  25.55  1750   11.3
 56777 102.07  25.15  1566   0.01
 56781 103.27  25.55  1873   12.4
 56782 103.55  25.42  2067    8.1
 56783 103.80  25.50  1906    1.3
 56785 103.08  25.36  1915   43.4
 56788 103.62  24.98  1857    3.0
 56790 104.25  25.68  1925   36.3
 56835  97.82  24.07   959    1.2
 56836  97.95  24.70   826    5.9
 56839  98.82  23.77   995    7.5
 56840  98.30  24.82  1012    1.6
 56841  98.68  24.60  1528    5.5
 56842  99.18  24.73  1471    0.3
 56843  99.62  24.83  1650    0.7
 56844  98.58  24.43   913    3.1
 56846  99.93  24.58  1569    2.0
 56849  99.23  24.03  1606   10.3
 56851 100.53  25.04  1377   0.01
 56854 100.13  24.45  1108    0.3
 56862 101.60  24.68  1968    5.4
 56863 102.48  24.93  1848   28.7
 56867 101.12  23.98  1105    0.1
 56869 101.97  24.07  1497   16.0
 56870 102.18  24.66  1600    4.2
 56871 102.60  24.65  1893   20.5
 56872 102.62  24.95  2358   20.8
 56873 102.92  24.68  1796   10.8
 56876 102.77  24.28  1731    0.4
 56878 102.75  24.13  1801    3.0
 56879 102.91  24.19  1702    0.1
 56880 103.17  24.92  1532    1.4
 56881 103.27  24.75  1695    3.7
 56882 102.83  24.91  1976    8.6
 56883 103.98  24.82  1900   10.8
 56885 103.45  24.40  1415    9.3
 56889 104.17  24.05  1518   14.0
 56891 104.32  24.98  1482    4.2
 56898 102.41  24.18  1600   32.2
 56944  99.27  23.15  1278   22.4
 56948  99.60  22.63  1155    0.1
 56949  99.60  22.32   945   0.01
 56950  99.80  23.47  1044    1.0
 56952 100.70  23.50   913    2.2
 56958 100.42  21.92  1176    1.9
 56961 101.05  23.03  1336    5.4
 56962 101.67  23.42  1314   10.5
 56970 102.48  23.70  1419   15.5
 56973 102.83  23.62  1309    2.1
 56975 102.43  23.37   974    0.3
 56978 102.42  23.00  1642    5.0
 56982 103.29  23.70  1117    4.8
 56984 103.15  23.38  1720   24.7
 56987 103.23  22.78  1260    3.6
 56992 104.70  23.45  1507   0.01
 56995 104.42  23.03  1332   17.8
 56996 104.70  23.13  1093    2.3
 57001 105.33  34.75  1271   0.01
 57011 106.15  34.75  1378    4.9
 57012 106.20  34.98  1664    0.9
 57016 107.13  34.35   612    0.1
 57024 107.65  34.45   669   0.01
 57026 107.88  34.37   585    0.1
 57027 107.73  34.27   517    0.4
 57032 108.20  34.13   436    0.5
 57033 108.82  34.55   428    0.2
 57038 108.45  34.28   410    2.2
 57039 108.88  34.08   445    4.9
 57040 109.08  34.52   377    0.2
 57041 108.92  34.63   424   11.4
 57042 109.18  34.78   470    4.1
 57044 109.23  34.40   424    1.2
 57057 110.15  34.10   963    0.1
 57072 112.75  34.92   127    0.2
 57079 113.03  34.95   106    9.6
 57081 113.43  34.80   140    0.5
 57085 113.33  34.53   259   49.9
 57102 105.72  33.75   970    3.8
 57110 106.08  33.78   930    5.8
 57111 106.30  33.92   961    0.1
 57123 108.07  34.28   506    1.3
 57132 108.58  34.13   411    0.6
 57137 108.32  33.32   802    0.5
 57140 109.12  33.67   818    1.7
 57208 105.52  32.28   544    2.0
 57247 108.90  32.32   438   10.7
 57248 109.33  32.40   431    1.9
 57303 105.92  31.73   459    0.5
 57308 105.38  31.22   421   0.01
 57326 107.72  31.37   389    0.3
 57329 107.85  31.10   467   0.01
 57333 108.67  31.95   798    1.9
 57338 108.42  31.18   216    7.3
 57339 108.68  30.95   297   11.0
 57361 111.27  31.88   327   0.01
 57362 110.67  31.75   935    2.0
 57407 105.03  30.28   462   0.01
 57408 105.35  30.12   338   0.01
 57431 108.35  30.83   257    1.4
 57505 105.58  29.42   338   15.7
 57507 105.30  29.33   385   24.1
 57509 106.93  28.95   325   0.01
 57510 106.07  29.85   326   10.9
 57511 106.45  29.85   240    9.9
 57513 106.62  29.73   464    6.0
 57518 106.50  29.33   506   33.2
 57540 109.15  29.68   776    4.9
 57543 110.03  29.90   539    0.7
 57544 109.45  29.47   488    0.2
 57558 110.47  29.13   183   0.01
 57565 111.73  29.67    38    0.2
 57585 113.45  29.48    60    4.9
 57600 105.06  28.71   420   37.0
 57605 105.82  28.03   537    0.6
 57609 105.70  28.58   317    6.8
 57646 109.95  28.62   302    2.7
 57666 112.13  28.52    52   21.3
 57680 113.07  28.80    46    0.3
 57694 114.38  28.53   259   0.01
 57708 105.60  27.15  1700    1.6
 57714 106.23  27.47   942    6.2
 57728 107.47  27.07  1096    0.2
 57732 108.40  28.02   456   0.01
 57734 108.23  27.57   467   15.5
 57737 108.12  27.03   547   0.01
 57742 109.20  27.52   884   22.7
 57760 111.43  27.70   249    1.7
 57767 111.01  27.13   308    1.3
 57768 111.45  27.32   242    0.7
 57772 112.50  27.75    86    8.1
 57783 113.82  27.88   118   0.01
 57796 114.88  27.83   189    0.4
 57798 114.60  27.40    85    0.3
 57800 105.37  26.77  1457   0.01
 57807 105.47  26.21  1361   21.7
 57808 105.75  26.32  1274    3.1
 57809 105.75  26.07  1251    5.1
 57813 106.47  26.57  1261    6.2
 57829 107.80  26.20   963    2.1
 57834 108.30  26.68   641    0.2
 57842 109.72  26.88   281   0.01
 57844 109.18  26.68   343   0.01
 57860 111.28  27.00   283    1.0
 57868 111.86  26.59   113    5.1
 57876 112.83  26.43   135    1.6
 57883 114.28  26.75   253    0.7
 57903 105.60  25.94  1142    4.1
 57905 105.63  25.40  1063    6.9
 57908 105.48  25.12  1394    8.8
 57909 105.82  24.98   584    3.5
 57913 106.98  26.45  1093    0.2
 57921 107.32  25.83   708    0.2
 57923 107.87  25.98   419   27.0
 57936 108.91  25.76   258   0.01
 57942 110.00  25.80   268   0.01
 57948 109.25  25.08   122    3.6
 57954 110.18  25.23   157    1.5
 57955 110.67  25.62   224   0.01
 57956 110.32  25.42   167    0.5
 57958 110.32  25.08   151    0.2
 57964 111.15  25.50   263    0.4
 57966 111.96  25.59   244   0.01
 57976 112.94  25.41   222   0.01
 57985 113.68  25.57   609    0.8
 57988 113.35  25.15   102    1.1
 57995 114.93  25.40   164    1.4
 58112 116.45  30.73   968    8.2
 58317 116.37  30.87   434    3.8
 58408 115.43  30.23    35   11.4
 58415 116.55  30.67    64    2.6
 58418 116.67  30.13    60   0.01
 58423 117.78  30.48   647    0.5
 58428 117.50  30.22   118   0.01
 58435 118.53  30.30   220    3.5
 58438 118.58  30.08   191    0.2
 58501 115.63  29.92    23    1.9
 58502 116.00  29.73    36    7.9
 58503 115.67  29.70    41   0.01
 58505 115.90  29.62    63   0.01
 58509 115.82  29.05    36   0.01
 58510 116.23  29.73    40    0.1
 58512 116.55  29.90    71   20.4
 58514 116.05  29.45    37   0.01
 58523 117.93  29.93   227    3.3
 58524 117.22  29.37    87   22.6
 58529 117.85  29.27    80    4.7
 58537 118.40  29.13   153    0.7
 58544 119.27  29.48    88    0.1
 58546 119.88  29.47   115   0.01
 58548 119.47  29.22    50    3.6
 58555 120.88  29.52   113   21.5
 58560 120.43  29.05   304    7.0
 58601 115.38  28.70    53   0.01
 58602 115.55  28.85    40   0.01
 58609 115.82  28.22    27   62.7
 58612 116.68  28.70    21   26.7
 58614 116.27  28.38    34   0.01
 58615 117.08  28.68    56   56.3
 58616 116.82  28.20    40    0.8
 58618 116.60  28.27    82    2.9
 58620 117.10  29.02    51    0.8
 58627 117.03  28.25    55   23.0
 58631 118.50  28.90   137    5.9
 58642 119.80  28.88   105   17.4
 58647 119.13  28.08   222   0.01
 58654 120.08  28.67   184    4.6
 58659 120.65  28.03    28   0.01
 58693 115.83  28.70    40    4.5
 58706 115.83  27.43   181    0.6
 58712 116.78  27.92   130    5.3
 58713 117.07  27.72   225    0.9
 58714 116.23  27.55   120   23.8
 58724 117.32  27.53   268   0.01
 58745 119.08  27.62   400   15.9
 58746 119.70  27.55   538    3.5
 58747 119.35  27.15   899   21.1
 58814 116.35  26.35   247   0.01
 58819 116.82  26.18   336    1.3
 58828 117.62  26.27   208    0.1
 59015 106.57  24.35   437   0.01
 59025 107.38  24.53   248    0.5
 59051 110.50  24.77   136   0.01
 59052 110.82  24.83   169    5.5
 59053 110.67  24.62   105    1.3
 59057 110.18  24.13   830    9.3
 59059 110.80  24.18   105    0.9
 59063 111.45  25.18   265   12.6
 59064 111.32  24.55   136   0.01
 59075 112.63  24.48    70   0.01
 59094 114.12  24.35   184    5.9
 59109 115.73  24.15   123    1.0
 59131 118.37  24.97    45    1.4
 59137 118.57  24.82    56   0.01
 59227 107.14  23.11   454   0.01
 59241 109.68  23.97    90   0.01
 59285 113.60  23.57    38    6.3
 59297 114.28  23.17    17   13.8
 59310 116.18  23.77    45    2.6
 59314 116.13  23.30    29   26.7
 59318 116.58  23.27     5    0.2
 59319 116.83  23.43     4    0.1
 59322 117.37  23.98    22   0.01
 59419 106.75  22.10   242    1.6
 59421 107.20  22.83   255    0.7
 59425 107.35  22.40   107    5.6
 59426 107.92  22.61   146   15.2
 59429 108.01  22.18   216    1.4
 59432 108.40  22.80   194    0.3
 59435 108.48  22.77    74   0.01
 59441 109.25  22.70    78    1.4
 59448 109.55  22.27    69    0.5
 59449 109.98  22.30    85    0.7
 59452 110.53  22.83   131    6.1
 59457 110.27  22.32   121    0.4
 59469 111.78  22.17    37    5.0
 59473 112.97  22.77    19   0.01
 59475 112.65  22.40    27   29.9
 59477 112.23  22.27    68   0.01
 59487 113.30  22.23    23    2.9
