diamond  3 2014年08月20日08点24小时降雨量                    
  14  08  20  08    -1 3 10 25 50 1 0
 39 122.7  37.3 122.5  36.7 120.8  36.2 119.3  35.0 120.4  34.3
 121.1  32.7 122.3  30.9 122.5  30.1 121.5  28.0 119.8  25.0
 116.1  22.6 111.0  21.0 111.0  18.6 109.6  18.1 108.3  18.5
 108.9  19.9 109.3  21.0 106.4  21.6 104.1  22.2 101.6  20.8
  98.7  22.0  97.1  24.1  97.7  27.0  91.7  26.6  85.7  27.7
  78.9  30.6  73.3  37.1  74.1  40.7  87.6  49.8  98.5  43.9
 110.4  44.3 122.0  54.7 135.7  48.3 131.5  42.2 125.2  39.4
 121.3  38.5 121.2  40.3 118.5  38.6 120.8  38.1
 1     539
 50431 121.52  50.78   717    3.4
 50445 123.73  50.58   423    3.5
 50524 119.43  49.32   576    0.1
 50525 119.75  49.15   620   0.01
 50566 128.47  49.55   116    7.3
 50646 124.85  48.48   202    0.3
 50655 126.18  48.50   266    0.7
 50674 129.43  48.57   404    1.4
 50741 123.50  47.93   185   0.01
 50755 126.07  47.62   249    0.5
 50775 130.20  47.34   182    0.1
 50778 132.53  47.67    57    0.1
 50779 134.28  48.37    40    1.1
 50851 126.08  46.68   207   0.01
 50852 126.45  46.82   169    3.6
 50858 125.93  46.07   135    0.1
 50859 126.28  46.29   169    0.9
 50861 127.48  46.89   182   0.01
 50884 131.15  46.63   175    0.1
 50924 119.67  45.53   823    4.3
 50928 120.33  45.07   628   0.01
 50956 126.77  46.08   134    1.2
 50987 131.09  45.26   219    0.8
 51058  87.97  47.10   563    0.5
 51328  80.42  44.20   770    3.0
 51329  80.85  44.05   640    0.3
 51352  85.25  44.85   337    0.4
 51353  86.10  45.02   346   0.01
 51356  86.05  44.32   442    2.0
 51357  85.62  44.33   522    2.3
 51359  86.20  44.32   471    1.9
 51368  87.32  44.12   515    0.4
 51369  87.65  43.97   600    2.0
 51377  87.92  44.17   547    0.3
 51378  89.17  44.02   734   0.01
 51430  81.15  43.83   602    1.9
 51434  81.53  43.97   770    2.6
 51435  82.23  43.47   774    0.2
 51436  83.30  43.45   928    0.2
 51438  81.77  43.18  1210    1.2
 51465  87.10  43.48  1871   26.4
 51482  90.28  43.83  1271    3.2
 51559  86.40  42.32  1100    0.1
 51571  88.63  42.80     1    0.3
 52515  94.87  39.52  2137    0.2
 52557 100.17  39.15  1453   0.01
 52643  99.62  38.83  2311    7.8
 52656 100.82  38.43  2281    6.0
 52745  99.02  37.30  3417   12.3
 52842  99.08  36.78  3087    4.6
 52853 100.98  36.90  3010    0.6
 52855 101.25  36.68  2675    0.5
 52862 101.68  36.95  2450    0.3
 52863 101.95  36.82  2480    1.8
 52869 101.58  36.50  2667    0.1
 52874 102.40  36.48  1980    0.1
 52875 102.10  36.50  2125    1.0
 52877 102.25  36.10  2834    0.1
 52881 103.18  36.98  2484   0.01
 52957 100.60  35.25  3148    0.1
 52968 101.47  35.03  3662    0.7
 53348 109.13  41.02  1078    0.1
 53385 113.54  41.60  1420    0.1
 53666 111.93  38.35  1212    0.1
 53681 113.37  38.83  1096   0.01
 53970 112.20  35.70   887    0.7
 54092 129.40  44.60   292    1.1
 54098 129.47  44.33   267   0.01
 54305 115.27  41.88  1468    0.1
 54331 121.75  41.60   113    5.7
 54362 125.73  41.67   380    0.9
 54404 115.83  40.88   867    0.1
 54575 122.37  39.42    43   0.01
 54590 124.17  39.88     4   0.01
 54710 116.17  37.87    18    1.2
 54819 116.80  36.18   113    0.7
 54827 117.15  36.17   128    0.2
 54828 117.68  36.23   229   18.6
 54829 117.87  36.77    85   0.01
 54849 120.03  36.22    84    2.2
 54853 120.42  36.17    42    1.9
 54855 120.47  36.38    26    5.1
 54913 116.82  35.75    62    1.2
 54920 117.28  35.65   110    0.2
 54922 117.78  35.88   224   32.3
 54923 117.93  35.72   202   22.5
 54925 117.63  35.52   167    0.5
 54927 117.20  35.10    74   0.01
 54935 118.43  35.53   119   34.5
 54939 118.82  35.17   113    2.6
 54943 120.00  35.88    10    0.1
 56016  95.62  33.85  4179    9.9
 56034  97.13  33.80  4415   18.5
 56045  99.90  33.97  4050    0.1
 56109  93.78  31.48  3940    1.8
 56147  98.83  31.22  3260   0.01
 56180 103.85  31.68  1590   0.01
 56181 103.70  30.68   541   11.0
 56186 104.20  31.33   589    1.8
 56189 103.93  30.98   581   11.5
 56190 104.55  31.55   519    7.3
 56192 104.67  32.95  1014    0.1
 56194 104.45  31.63   597   0.01
 56195 104.73  31.80   543    4.4
 56197 104.17  31.15   535    0.1
 56198 104.50  31.32   525   18.6
 56272 103.88  30.82   558    9.1
 56280 103.12  30.08   691    0.3
 56281 103.50  30.18   510    3.3
 56284 103.43  30.45   518   0.01
 56285 103.52  30.60   523   18.0
 56288 103.92  30.58   494   0.01
 56296 104.43  30.85   448   0.01
 56298 104.60  30.13   417   0.01
 56317  94.22  29.22  2950    4.3
 56380 103.35  29.88   571    1.1
 56594 104.05  27.63   880    0.4
 56641  98.87  26.90  1189    7.7
 56649  99.96  26.11  2059    0.2
 56755 100.48  25.35  1668    1.0
 56757 100.28  25.27  1742    0.1
 56766 101.52  25.31  1822    4.9
 56767 101.28  25.18  1857    2.5
 56772 102.50  25.23  1692    0.1
 56782 103.55  25.42  2067    0.3
 56783 103.80  25.50  1906    0.6
 56788 103.62  24.98  1857    0.5
 56790 104.25  25.68  1925    0.3
 56835  97.82  24.07   959    1.6
 56839  98.82  23.77   995    6.5
 56840  98.30  24.82  1012   0.01
 56841  98.68  24.60  1528    0.6
 56842  99.18  24.73  1471    1.1
 56844  98.58  24.43   913   29.2
 56846  99.93  24.58  1569    0.4
 56849  99.23  24.03  1606    2.9
 56851 100.53  25.04  1377    0.1
 56863 102.48  24.93  1848    0.1
 56869 101.97  24.07  1497    0.2
 56870 102.18  24.66  1600   0.01
 56871 102.60  24.65  1893    0.8
 56872 102.62  24.95  2358    0.1
 56873 102.92  24.68  1796   0.01
 56876 102.77  24.28  1731    3.2
 56878 102.75  24.13  1801    5.5
 56879 102.91  24.19  1702    5.3
 56880 103.17  24.92  1532    1.4
 56881 103.27  24.75  1695    1.0
 56882 102.83  24.91  1976    0.1
 56885 103.45  24.40  1415    0.8
 56889 104.17  24.05  1518    3.4
 56891 104.32  24.98  1482   0.01
 56898 102.41  24.18  1600    0.5
 56944  99.27  23.15  1278   14.3
 56948  99.60  22.63  1155   19.3
 56949  99.60  22.32   945   29.2
 56950  99.80  23.47  1044    8.3
 56952 100.70  23.50   913   10.8
 56958 100.42  21.92  1176   71.5
 56961 101.05  23.03  1336   38.2
 56962 101.67  23.42  1314    7.9
 56970 102.48  23.70  1419    9.1
 56973 102.83  23.62  1309    3.0
 56975 102.43  23.37   974   19.8
 56976 102.83  23.23   232    2.7
 56978 102.42  23.00  1642    6.3
 56982 103.29  23.70  1117    5.0
 56984 103.15  23.38  1720   16.2
 56987 103.23  22.78  1260   34.4
 56989 103.95  22.50   137    8.5
 56992 104.70  23.45  1507    0.7
 56994 104.28  23.33  1293    1.6
 56995 104.42  23.03  1332    3.1
 57111 106.30  33.92   961   0.01
 57216 106.83  32.35   579    9.8
 57303 105.92  31.73   459   28.5
 57304 105.17  31.67   516   0.01
 57307 105.08  31.10   404    7.5
 57308 105.38  31.22   421   0.01
 57407 105.03  30.28   462   0.01
 57409 105.80  30.18   297    5.0
 57425 107.33  30.33   433   0.01
 57438 108.12  29.98   632   0.01
 57453 111.32  30.77   115    4.1
 57462 111.08  30.87   139    1.1
 57464 111.18  30.47   142   0.01
 57465 111.45  30.38    74    0.1
 57505 105.58  29.42   338    8.8
 57507 105.30  29.33   385    1.5
 57510 106.07  29.85   326    0.2
 57514 106.22  29.58   331   0.01
 57544 109.45  29.47   488    1.1
 57623 107.60  28.88   685    1.1
 57694 114.38  28.53   259    2.8
 57698 114.45  28.12    98    4.2
 57699 114.92  28.23    66    6.9
 57714 106.23  27.47   942    0.1
 57769 111.73  27.23   252    0.1
 57772 112.50  27.75    86    0.1
 57773 112.83  27.88    63    0.8
 57777 112.87  27.23    63    9.1
 57778 112.95  27.09    70   13.7
 57781 113.50  27.65    74   47.2
 57783 113.82  27.88   118   15.0
 57786 113.85  27.63   117   50.3
 57792 114.68  27.82    93    7.0
 57794 114.02  27.63   177   22.1
 57796 114.88  27.83   189    8.3
 57798 114.60  27.40    85   40.7
 57822 107.90  26.90   835   0.01
 57828 107.58  26.50   983    0.2
 57834 108.30  26.68   641    0.3
 57835 108.43  26.72   527   0.01
 57837 108.07  26.40   839    0.1
 57844 109.18  26.68   343   0.01
 57846 110.15  26.58   310   0.01
 57851 110.83  26.46   346    4.7
 57859 110.63  26.03   408   21.9
 57860 111.28  27.00   283   0.01
 57865 111.58  26.47   166   25.8
 57867 111.28  26.40   169   23.6
 57868 111.86  26.59   113   15.4
 57870 112.10  26.80   151   23.8
 57871 112.37  26.98    90   13.9
 57875 112.68  26.75   137   42.0
 57876 112.83  26.43   135   24.2
 57881 113.25  26.72   101   44.3
 57882 113.55  26.79   136   63.1
 57883 114.28  26.75   253   21.3
 57886 113.80  26.48   268   29.8
 57887 113.12  26.12   167    5.4
 57891 114.25  26.93   153   32.9
 57895 114.78  26.47   101   46.4
 57899 114.92  26.80    71   95.7
 57908 105.48  25.12  1394   0.01
 57909 105.82  24.98   584   0.01
 57941 109.60  25.78   197   0.01
 57942 110.00  25.80   268   0.01
 57948 109.25  25.08   122   10.8
 57954 110.18  25.23   157   47.6
 57955 110.67  25.62   224   42.2
 57956 110.32  25.42   167   42.9
 57958 110.32  25.08   151   48.7
 57960 111.07  25.93   195   20.8
 57962 111.65  25.97   167   60.2
 57964 111.15  25.50   263   39.9
 57966 111.96  25.59   244   42.5
 57969 111.33  25.27   227   62.9
 57971 112.20  25.92   224   29.2
 57973 112.72  25.75   329   17.6
 57975 112.20  25.38   277   20.1
 57976 112.94  25.41   222    4.6
 57978 112.55  25.27   292   26.6
 57981 113.22  25.97   139    5.7
 57985 113.68  25.57   609   17.5
 57988 113.35  25.15   102    3.0
 57989 113.77  25.07   112   12.2
 57990 114.30  25.70   246   21.2
 57991 114.55  25.80   140   15.9
 57992 114.75  25.67   127   40.2
 57994 114.35  25.40   215   16.8
 57995 114.93  25.40   164    2.4
 58013 116.91  34.75    36    2.3
 58016 116.97  34.18    34    0.1
 58022 117.57  34.75    48    4.2
 58030 118.02  34.88    44   0.01
 58032 118.65  34.93    70    7.4
 58044 119.23  34.55     4    4.5
 58048 119.35  34.12     4   20.4
 58113 116.75  33.93    31   23.3
 58116 116.83  33.98    31    0.1
 58125 117.52  33.58    22    3.4
 58128 117.35  33.33    21   0.01
 58131 118.22  33.97    25    0.7
 58140 119.30  33.77     9   22.8
 58145 119.15  33.50     7    0.8
 58205 115.43  32.47    34    5.5
 58210 116.23  32.65    25    3.7
 58212 116.77  32.72    23   0.01
 58214 116.28  32.33    32    0.9
 58224 117.02  32.65    32    0.2
 58264 121.18  32.33     3    0.2
 58268 121.08  32.10     4    1.3
 58269 121.65  31.78     3   11.5
 58320 117.13  31.73    21   16.3
 58330 118.08  31.75    26    0.1
 58339 118.90  31.33    15    2.1
 58342 119.55  31.72     6    0.2
 58346 119.81  31.34    16    1.6
 58349 120.56  31.41     8    6.7
 58351 120.30  31.90     4   0.01
 58352 120.77  31.65     4    6.5
 58353 120.57  31.87     8    1.5
 58359 120.62  31.13     4   15.2
 58360 121.20  31.92     3    4.8
 58361 121.37  31.10     5   22.3
 58365 121.25  31.37     4   12.4
 58366 121.49  31.67     4    8.5
 58367 121.43  31.20     4   13.8
 58369 121.78  31.05     5   20.9
 58370 121.53  31.23     4   14.7
 58377 121.11  31.51     5   10.0
 58401 115.40  30.75   123    0.1
 58404 115.22  30.47    61   10.4
 58421 117.87  30.63    31   0.01
 58423 117.78  30.48   647    0.1
 58426 118.13  30.30   193    0.2
 58431 118.32  30.90    39   0.01
 58432 118.40  30.68    57    0.2
 58433 118.75  30.93    31    4.2
 58435 118.53  30.30   220    2.8
 58438 118.58  30.08   191   10.8
 58441 119.42  30.87    43    5.6
 58442 119.18  31.17    16    0.2
 58443 119.89  31.02    25    9.2
 58446 119.70  30.63    72   25.5
 58449 119.95  30.05    46   33.6
 58451 120.93  30.83     2   25.6
 58452 120.77  30.73     4   33.4
 58453 120.50  30.07     7   54.1
 58454 119.98  30.53   102   32.1
 58455 120.65  30.52     8   48.1
 58456 120.52  30.63     6   26.7
 58458 120.90  30.54     4   61.1
 58459 120.29  30.19    44   37.2
 58460 121.35  30.73     5   44.4
 58461 121.12  31.13     4   13.2
 58462 121.23  31.03     4   23.4
 58463 121.50  30.88     4   38.5
 58468 121.17  30.05     5   56.5
 58484 122.20  30.25    37   30.8
 58509 115.82  29.05    36   0.01
 58517 116.20  29.27    35   0.01
 58523 117.93  29.93   227    1.9
 58524 117.22  29.37    87    3.5
 58529 117.85  29.27    80    9.7
 58530 118.43  29.87   168   15.2
 58534 118.18  29.78   170   12.8
 58537 118.40  29.13   153    9.3
 58542 119.68  29.82    46   32.3
 58544 119.27  29.48    88   21.0
 58546 119.88  29.47   115   44.4
 58547 119.18  29.03    66   37.7
 58548 119.47  29.22    50   41.3
 58550 120.25  29.70    39   63.8
 58555 120.88  29.52   113   76.6
 58558 120.22  29.27    89   95.0
 58559 120.98  29.17    58   94.2
 58560 120.43  29.05   304  103.9
 58561 121.60  29.98     4   34.6
 58563 121.83  29.88     5   31.3
 58565 121.39  29.69    41   41.0
 58566 121.88  29.47     6   69.2
 58567 121.43  29.32    39   85.5
 58568 121.38  29.12    34   85.1
 58570 122.30  29.95    85   23.9
 58601 115.38  28.70    53    0.6
 58602 115.55  28.85    40    0.4
 58605 115.38  28.42    46    6.4
 58607 115.95  28.55    31    5.0
 58609 115.82  28.22    27    3.2
 58612 116.68  28.70    21    7.6
 58614 116.27  28.38    34    6.6
 58615 117.08  28.68    56    1.7
 58616 116.82  28.20    40    7.0
 58618 116.60  28.27    82    4.8
 58619 116.37  28.00    49   12.1
 58620 117.10  29.02    51    5.6
 58623 117.92  28.47    90   23.2
 58624 117.43  28.40    70   15.4
 58625 117.60  28.42    79   17.4
 58627 117.03  28.25    55   11.7
 58629 117.70  28.32    55   26.6
 58631 118.50  28.90   137   14.3
 58632 118.60  28.72   126   20.6
 58635 118.20  28.43    95   28.8
 58642 119.80  28.88   105  124.6
 58643 120.03  28.90   102  109.7
 58644 119.28  28.60   237   77.2
 58647 119.13  28.08   222   92.6
 58654 120.08  28.67   184  132.9
 58656 120.97  28.07    60  103.5
 58657 120.28  28.15    57   77.7
 58658 120.68  28.15    34  116.2
 58659 120.65  28.03    28  113.9
 58660 121.20  28.87     6   95.7
 58664 121.37  28.37    35  105.7
 58693 115.83  28.70    40    7.9
 58701 115.40  27.77    46   16.6
 58704 115.35  27.62    52   20.0
 58706 115.83  27.43   181   27.6
 58707 115.13  27.22    66   32.4
 58710 116.05  27.77    78    9.9
 58712 116.78  27.92   130   21.7
 58713 117.07  27.72   225   28.3
 58714 116.23  27.55   120   19.3
 58719 116.93  27.30   131    6.9
 58724 117.32  27.53   268   45.4
 58735 118.75  27.52   260   85.9
 58736 118.82  27.38   262   95.1
 58745 119.08  27.62   400   91.1
 58746 119.70  27.55   538   24.9
 58747 119.35  27.15   899   34.4
 58748 119.65  27.10    50   12.5
 58749 119.88  27.23   684   18.2
 58750 120.08  27.78   105   64.9
 58751 120.57  27.67   254  134.6
 58804 115.35  26.35   151    9.0
 58814 116.35  26.35   247   22.5
 58819 116.82  26.18   336   49.3
 58821 117.47  26.73   173   39.5
 58822 116.85  26.83   342   34.0
 58823 117.80  26.80   175  129.4
 58824 117.15  26.40   357   17.4
 58826 117.80  26.40   120  127.6
 58828 117.62  26.27   208  119.9
 58836 118.73  26.58   361   19.9
 58839 118.85  26.23    40    7.4
 58844 119.15  26.15    57   13.2
 58845 119.53  26.50    60   35.4
 58848 119.55  26.20    13   23.6
 58903 116.03  25.90   210   28.2
 58905 115.42  25.97   133   15.2
 58906 115.80  25.60   167    9.7
 58907 115.40  25.15   305   42.4
 58912 116.73  25.72   404   55.4
 58917 116.10  25.08   307   58.5
 58923 117.83  25.70   400   42.3
 58928 117.53  25.02   166   43.5
 58929 118.15  25.07    68   22.4
 58932 118.93  25.87    85   21.6
 58934 118.27  25.33   170   24.9
 58935 118.23  25.48   521   25.4
 58938 118.98  25.23    23    1.5
 58940 119.33  26.08    25   15.7
 58941 119.50  25.97    25   11.1
 58942 119.38  25.72    39   14.7
 58946 119.00  25.45    81    9.9
 59012 106.55  24.78   972   0.01
 59017 106.27  24.27   278    2.3
 59025 107.38  24.53   248   12.9
 59027 107.25  24.13   254    0.7
 59031 108.26  24.81   342   13.0
 59033 108.90  24.78   328   12.1
 59034 108.67  24.48   150   13.7
 59038 108.65  24.07   138   14.7
 59041 109.25  24.65   108   46.8
 59044 109.38  24.47    97   55.6
 59045 109.75  24.48    94   82.6
 59047 109.33  24.25   100   41.2
 59051 110.50  24.77   136   17.2
 59052 110.82  24.83   169   45.0
 59053 110.67  24.62   105   24.6
 59055 110.40  24.50   165   20.0
 59057 110.18  24.13   830   25.7
 59059 110.80  24.18   105   37.4
 59061 111.27  24.82   193   43.3
 59063 111.45  25.18   265   35.7
 59064 111.32  24.55   136   52.4
 59071 112.28  24.73   174   21.0
 59074 112.15  24.57   300   36.2
 59075 112.63  24.48    70   23.2
 59081 113.29  24.78   131   26.1
 59090 114.07  24.95   103   12.1
 59091 114.52  24.75   277   78.9
 59093 115.03  24.78   253   84.2
 59094 114.12  24.35   184   46.2
 59099 114.93  24.45   173   28.3
 59106 115.90  24.58   152   35.2
 59109 115.73  24.15   123   29.8
 59114 116.17  24.65   135   34.2
 59122 117.75  24.62    43   59.4
 59124 117.38  24.52    53   37.3
 59125 117.30  24.38   108   45.8
 59127 117.83  24.43    32   42.0
 59129 117.60  24.13    53   19.6
 59130 118.15  24.73    30   16.0
 59131 118.37  24.97    45   16.8
 59137 118.57  24.82    56    2.9
 59205 105.63  23.65   685    0.2
 59213 106.92  23.73   110    2.8
 59215 106.63  23.33   680    3.9
 59224 107.12  23.60   111   15.9
 59227 107.14  23.11   454   17.6
 59229 107.70  23.17   125    8.4
 59230 108.17  23.72   168   15.8
 59235 108.62  23.43   115   41.4
 59237 108.28  23.17   111   17.5
 59238 108.80  23.22   122   32.8
 59241 109.68  23.97    90   30.7
 59246 109.67  23.60    70   54.3
 59249 109.62  23.12    51   72.3
 59255 110.38  23.55    32   24.2
 59256 110.92  23.37    54   10.1
 59264 111.50  23.40    83   11.1
 59266 111.23  23.42    42    3.6
 59268 111.53  23.25    29    4.9
 59269 111.78  23.17    47   22.3
 59270 112.18  23.92    84   12.7
 59276 112.65  23.35    40   63.0
 59279 112.87  23.18    24   16.2
 59284 113.23  23.42    38   27.7
 59285 113.60  23.57    38   58.8
 59288 113.02  23.15    29   41.6
 59290 114.25  23.78    85   29.4
 59297 114.28  23.17    17  108.3
 59310 116.18  23.77    45   38.4
 59312 116.70  23.67    60   75.9
 59313 116.98  23.68    44   80.5
 59314 116.13  23.30    29   31.1
 59315 116.40  23.58    43   29.1
 59318 116.58  23.27     5   19.6
 59319 116.83  23.43     4   10.4
 59320 117.13  23.75    37   29.0
 59322 117.37  23.98    22   20.6
 59419 106.75  22.10   242   53.6
 59421 107.20  22.83   255    9.7
 59425 107.35  22.40   107   31.1
 59426 107.92  22.61   146   35.5
 59427 107.07  22.12   163   27.6
 59429 108.01  22.18   216   12.2
 59432 108.40  22.80   194   21.1
 59435 108.48  22.77    74   19.0
 59441 109.25  22.70    78   15.2
 59448 109.55  22.27    69   24.1
 59449 109.98  22.30    85   24.1
 59451 110.35  22.70    98   21.1
 59452 110.53  22.83   131   11.7
 59454 110.99  22.95   202    1.6
 59457 110.27  22.32   121   20.2
 59469 111.78  22.17    37   57.1
 59470 112.20  22.70    57   16.7
 59471 112.05  22.93   101   19.1
 59473 112.97  22.77    19   64.1
 59475 112.65  22.40    27   30.2
 59476 113.03  22.53    36   28.3
 59477 112.23  22.27    68   52.4
 59480 113.25  22.85    21   54.3
 59481 113.32  22.93    12   40.6
