diamond  3 2014年09月04日08点24小时降雨量                    
  14  09  04  08    -1 3 10 25 50 1 0
 39 122.7  37.3 122.5  36.7 120.8  36.2 119.3  35.0 120.4  34.3
 121.1  32.7 122.3  30.9 122.5  30.1 121.5  28.0 119.8  25.0
 116.1  22.6 111.0  21.0 111.0  18.6 109.6  18.1 108.3  18.5
 108.9  19.9 109.3  21.0 106.4  21.6 104.1  22.2 101.6  20.8
  98.7  22.0  97.1  24.1  97.7  27.0  91.7  26.6  85.7  27.7
  78.9  30.6  73.3  37.1  74.1  40.7  87.6  49.8  98.5  43.9
 110.4  44.3 122.0  54.7 135.7  48.3 131.5  42.2 125.2  39.4
 121.3  38.5 121.2  40.3 118.5  38.6 120.8  38.1
 1     628
 50431 121.52  50.78   717    0.4
 50524 119.43  49.32   576    2.3
 50525 119.75  49.15   620    2.5
 50526 120.70  49.28   668    4.6
 50566 128.47  49.55   116    6.4
 50645 124.48  48.48   195    0.3
 50646 124.85  48.48   202    0.1
 50647 123.48  48.13   236    0.5
 50655 126.18  48.50   266    3.7
 50659 126.25  48.03   291    0.9
 50673 130.40  48.88    90    7.3
 50674 129.43  48.57   404   15.3
 50741 123.50  47.93   185    1.3
 50750 125.30  47.90   226    0.2
 50755 126.07  47.62   249    1.8
 50767 127.10  47.23   202    1.0
 50772 129.23  48.10   288   19.0
 50775 130.20  47.34   182   13.9
 50776 130.83  47.57    83   22.6
 50778 132.53  47.67    57   22.8
 50779 134.28  48.37    40    5.8
 50787 131.84  47.31    62   31.9
 50832 122.08  46.72   332    1.0
 50833 122.90  46.72   187   12.7
 50842 124.42  46.83   145    2.8
 50850 125.13  46.57   147    0.4
 50851 126.08  46.68   207    0.1
 50861 127.48  46.89   182    7.7
 50867 127.35  46.08   134    8.6
 50871 129.88  46.73    95   11.0
 50878 130.72  47.00    78   34.5
 50879 130.55  46.22   187   18.8
 50880 131.12  46.73   102   37.5
 50884 131.15  46.63   175   34.3
 50892 134.00  46.80    54   11.7
 50934 121.58  45.38   311   0.01
 50940 123.17  45.85   141    4.5
 50946 124.83  45.18   139   0.01
 50956 126.77  46.08   134    0.1
 50958 126.93  45.53   168    1.7
 50960 127.38  45.73   184   10.7
 50962 128.03  45.95   112   27.6
 50964 128.80  45.83   119    9.0
 50965 128.27  45.43   167   12.1
 50971 131.02  45.77   223   22.7
 50979 130.23  45.27   274   23.9
 50985 131.87  45.55   151   41.4
 50987 131.09  45.26   219   31.9
 51058  87.97  47.10   563   0.01
 51137  82.93  46.20   715   0.01
 51145  83.65  46.55   521    0.2
 51357  85.62  44.33   522   0.01
 51369  87.65  43.97   600   0.01
 51377  87.92  44.17   547    0.1
 51378  89.17  44.02   734    0.1
 51438  81.77  43.18  1210    0.2
 51465  87.10  43.48  1871    5.9
 51468  86.83  43.10  3539    6.1
 51482  90.28  43.83  1271   0.01
 51707  76.73  39.50  1208    0.2
 51717  76.78  39.25  1206    0.9
 51802  76.17  38.93  1297   0.01
 51815  77.27  38.20  1274   0.01
 51826  80.80  37.02  1336   0.01
 51827  79.63  37.17  1348    0.2
 51829  80.17  37.08  1347    0.1
 51839  82.72  37.07  1409   0.01
 52745  99.02  37.30  3417    3.1
 52855 101.25  36.68  2675    0.3
 52862 101.68  36.95  2450   0.01
 52957 100.60  35.25  3148   0.01
 54072 126.52  44.85   196    1.7
 54076 126.93  44.38   268   11.2
 54080 127.15  44.90   194    7.6
 54092 129.40  44.60   292    2.8
 54093 130.55  44.93   266   27.0
 54098 129.47  44.33   267    5.3
 54099 131.13  44.08   148   36.1
 54169 126.02  43.30   271    1.5
 54172 126.53  43.87   290    3.6
 54187 128.92  43.12   366    0.9
 54192 130.27  43.70   384   19.3
 54252 124.75  42.73   196    0.2
 54261 125.47  42.67   345    0.5
 54267 125.73  42.25   362    1.4
 54274 125.99  42.69   306    1.4
 54279 126.58  42.05   544    1.1
 54290 129.40  42.77   241    1.7
 54291 130.28  42.90    36   27.6
 54293 129.83  42.95   142   14.1
 54321 119.63  41.87   661    0.1
 54362 125.73  41.67   380    0.1
 54371 126.43  41.93   520   0.01
 54474 122.35  40.42    24   0.01
 54483 123.90  40.88   233   0.01
 54494 124.07  40.47    72    0.2
 54569 121.95  39.42    11    0.1
 54590 124.17  39.88     4    0.9
 54628 117.48  38.15     6    0.3
 54722 117.63  37.75     6    0.1
 54723 117.57  37.65    10    0.1
 54724 117.13  37.32    14    0.1
 54729 117.87  37.17    11    1.5
 54730 118.14  37.69     6    2.1
 54731 118.22  37.48    11    2.1
 54732 118.52  37.87     5    0.3
 54734 118.00  37.36    12    3.4
 54736 118.67  37.43     6    2.1
 54737 118.15  37.15     9    1.3
 54738 118.40  37.05    15    0.2
 54749 119.95  37.18    48   16.1
 54752 120.77  37.80    60   0.01
 54755 120.39  37.33   117    9.1
 54759 120.85  37.32   205   20.3
 54765 121.43  37.48    82    2.4
 54766 121.59  37.43    39    2.7
 54777 122.07  37.20   118   22.9
 54778 122.48  37.17    61    6.2
 54811 116.62  36.93    20   0.01
 54812 116.75  36.78    22    0.1
 54816 116.80  36.52    98    0.2
 54821 117.20  37.00    20    0.2
 54822 117.73  36.87    47    9.5
 54824 117.95  36.63    95    6.2
 54825 117.85  36.52   189    2.4
 54827 117.15  36.17   128   0.01
 54828 117.68  36.23   229    0.1
 54829 117.87  36.77    85    1.1
 54830 117.93  36.82    34    3.6
 54831 118.50  36.65   102    1.8
 54832 118.73  36.88    25    1.8
 54833 118.08  36.97    15    3.4
 54835 118.55  36.50   106    2.2
 54837 118.83  36.68    78    6.1
 54841 119.42  36.86    23   22.8
 54844 119.18  36.42    62   24.5
 54846 119.74  36.39    51    5.3
 54848 119.42  35.98    82    1.9
 54849 120.03  36.22    84    2.3
 54851 120.56  36.90    76   46.6
 54852 120.73  36.97    54    2.2
 54853 120.42  36.17    42    0.1
 54855 120.47  36.38    26    2.3
 54861 121.53  36.93    45    2.8
 54871 122.48  36.93     9    6.2
 54922 117.78  35.88   224    0.2
 54932 118.65  35.77   186    0.2
 54935 118.43  35.53   119    8.4
 54938 118.40  35.05    65    1.8
 54939 118.82  35.17   113    0.1
 54943 120.00  35.88    10   0.01
 56016  95.62  33.85  4179   0.01
 56034  97.13  33.80  4415    0.6
 56045  99.90  33.97  4050    0.3
 56097 104.25  33.27  1440   0.01
 56109  93.78  31.48  3940    1.4
 56128  96.60  31.22  3810    1.8
 56147  98.83  31.22  3260    1.5
 56158 100.67  31.40  3250    4.5
 56168 102.07  31.48  2168   0.01
 56171 101.70  32.90  3275    3.0
 56181 103.70  30.68   541    1.1
 56184 103.17  31.43  1896   0.01
 56185 102.98  32.08  2400   0.01
 56186 104.20  31.33   589   0.01
 56190 104.55  31.55   519   0.01
 56198 104.50  31.32   525   0.01
 56199 104.68  31.03   423    0.2
 56263 101.88  30.88  1949    4.4
 56267 101.02  30.03  2600    8.3
 56272 103.88  30.82   558    0.1
 56273 102.82  30.39  1022    1.6
 56276 103.82  30.45   467    1.7
 56278 102.77  30.07   755    0.1
 56279 102.93  30.15   682    0.2
 56280 103.12  30.08   691    0.1
 56281 103.50  30.18   510    0.6
 56284 103.43  30.45   518    0.7
 56285 103.52  30.60   523    1.7
 56286 104.25  30.55   515    1.9
 56288 103.92  30.58   494    2.2
 56289 103.87  30.20   437    0.4
 56290 104.18  30.78   514   0.01
 56295 104.55  30.38   448    2.2
 56297 104.15  30.02   436    1.1
 56298 104.60  30.13   417   0.01
 56342  98.60  29.68  3870    4.9
 56371 102.23  29.92  1321    5.9
 56373 102.85  29.78   763    3.2
 56376 102.63  29.33  1098    0.8
 56378 102.35  29.23   890    1.8
 56381 103.50  30.07   630    0.3
 56382 103.60  29.73   407   0.01
 56383 103.87  29.83   455   0.01
 56384 103.48  29.60   446    0.4
 56387 103.27  29.23   642    0.4
 56389 103.95  29.20   387   0.01
 56390 104.07  29.67   404    0.4
 56391 103.82  30.08   415    1.3
 56393 104.85  29.77   369    0.5
 56394 104.43  29.45   384   0.01
 56395 104.67  29.52   351   0.01
 56396 104.77  29.35   352   0.01
 56399 104.98  29.18   306    0.3
 56443  99.80  28.93  2842    8.2
 56473 102.77  28.95  1060    2.0
 56474 102.17  28.55  1774    3.9
 56478 102.43  28.30  1818    1.9
 56480 103.53  28.82   564    0.1
 56483 103.95  28.58   496    1.0
 56487 103.13  28.33  1943    0.1
 56489 103.63  28.23   877    0.1
 56490 103.90  28.95   424    2.4
 56491 104.57  28.70   287    3.4
 56493 104.97  28.85   292    1.1
 56494 104.15  28.65   462    0.8
 56496 105.23  28.32   358    0.4
 56497 104.23  28.10   448    0.8
 56498 104.50  28.15   549    0.7
 56499 104.78  28.38   368    2.9
 56567 100.85  27.30  2240    0.7
 56569 102.18  27.42  1380    9.5
 56575 102.55  27.37  1428    4.3
 56578 102.75  27.07   993    1.2
 56580 102.80  27.72  2460    0.1
 56582 103.90  27.75  1176    0.1
 56584 103.25  27.70  1093    0.7
 56592 104.52  28.43   359    6.8
 56593 104.92  28.58   279    2.2
 56595 104.87  27.42  1645    0.6
 56596 105.05  27.85  1177    0.4
 56598 104.73  27.13  1535    1.3
 56641  98.87  26.90  1189    1.5
 56645  99.42  26.42  2344    1.0
 56646  99.92  26.53  2191    2.4
 56649  99.96  26.11  2059    1.6
 56652 100.75  26.68  2130   0.01
 56654 100.18  26.58  2195    7.2
 56665 101.85  26.68  1140    0.1
 56669 101.67  26.05  1531    2.6
 56670 102.12  26.92  1136   27.6
 56673 102.92  26.92   893    0.1
 56675 102.58  26.65  1694    1.7
 56688 103.17  26.10  1254    0.4
 56697 104.08  26.22  1984   0.01
 56742  99.37  25.90  1658   26.5
 56745  99.95  25.68  1626    0.1
 56746  99.52  25.47  1616   15.5
 56752 100.57  25.83  1438   0.01
 56757 100.28  25.27  1742    0.1
 56761 101.32  25.72  1878    1.8
 56767 101.28  25.18  1857   12.8
 56772 102.50  25.23  1692    5.7
 56774 102.42  25.53  1710    1.8
 56775 102.45  25.55  1750    1.5
 56777 102.07  25.15  1566    4.3
 56781 103.27  25.55  1873    1.7
 56782 103.55  25.42  2067   10.9
 56783 103.80  25.50  1906    7.8
 56788 103.62  24.98  1857    0.9
 56790 104.25  25.68  1925    2.1
 56835  97.82  24.07   959   12.0
 56836  97.95  24.70   826    4.5
 56839  98.82  23.77   995   0.01
 56840  98.30  24.82  1012    7.2
 56841  98.68  24.60  1528   45.2
 56843  99.62  24.83  1650    2.6
 56844  98.58  24.43   913   35.2
 56846  99.93  24.58  1569   12.4
 56849  99.23  24.03  1606   0.01
 56851 100.53  25.04  1377   23.9
 56854 100.13  24.45  1108    0.1
 56862 101.60  24.68  1968    0.1
 56863 102.48  24.93  1848    0.1
 56867 101.12  23.98  1105    5.0
 56869 101.97  24.07  1497    1.3
 56870 102.18  24.66  1600    5.6
 56871 102.60  24.65  1893    2.5
 56879 102.91  24.19  1702    0.3
 56881 103.27  24.75  1695   12.9
 56883 103.98  24.82  1900    3.5
 56885 103.45  24.40  1415    1.5
 56889 104.17  24.05  1518   0.01
 56891 104.32  24.98  1482    3.4
 56898 102.41  24.18  1600    0.3
 56944  99.27  23.15  1278   14.3
 56949  99.60  22.32   945    3.6
 56950  99.80  23.47  1044    3.5
 56952 100.70  23.50   913    0.7
 56958 100.42  21.92  1176    1.0
 56961 101.05  23.03  1336   21.2
 56962 101.67  23.42  1314    4.1
 56973 102.83  23.62  1309   0.01
 56976 102.83  23.23   232    0.1
 56978 102.42  23.00  1642   10.4
 56984 103.15  23.38  1720   0.01
 56987 103.23  22.78  1260   56.1
 56989 103.95  22.50   137   30.9
 56994 104.28  23.33  1293    0.2
 56995 104.42  23.03  1332    0.3
 57307 105.08  31.10   404   0.01
 57308 105.38  31.22   421   0.01
 57309 105.88  30.98   378    0.2
 57339 108.68  30.95   297   0.01
 57396 114.85  31.63   128    0.1
 57401 105.37  30.87   383    0.8
 57402 105.70  30.77   394    0.5
 57407 105.03  30.28   462    2.2
 57408 105.35  30.12   338    0.8
 57409 105.80  30.18   297    4.9
 57413 106.97  30.85   295   0.01
 57414 106.45  30.52   403    0.8
 57415 106.63  30.53   394    0.5
 57416 106.93  30.33   391    6.2
 57417 106.28  30.35   315    2.5
 57425 107.33  30.33   433    1.1
 57431 108.35  30.83   257    4.6
 57437 108.03  30.30   325    1.8
 57438 108.12  29.98   632    5.4
 57505 105.58  29.42   338    0.6
 57506 105.90  29.37   353    1.5
 57507 105.30  29.33   385    0.5
 57508 105.37  29.15   301    3.7
 57509 106.93  28.95   325    3.3
 57510 106.07  29.85   326    1.6
 57511 106.45  29.85   240    2.3
 57513 106.62  29.73   464    1.6
 57514 106.22  29.58   331    2.3
 57518 106.50  29.33   506    2.2
 57519 107.11  29.16   698    4.8
 57522 107.27  29.74   372    3.8
 57525 107.75  29.32   277    8.2
 57537 108.17  29.30   322   12.8
 57540 109.15  29.68   776    2.3
 57541 109.48  30.00   532    3.2
 57543 110.03  29.90   539    1.9
 57544 109.45  29.47   488    7.3
 57558 110.47  29.13   183    0.1
 57564 111.13  29.43   103   0.01
 57596 114.20  29.63   751    0.1
 57600 105.06  28.71   420    1.5
 57603 105.83  28.82   283    1.2
 57605 105.82  28.03   537    0.5
 57609 105.70  28.58   317    7.0
 57623 107.60  28.88   685    3.4
 57634 107.88  28.52   660    0.1
 57635 108.98  28.45   363    0.3
 57636 108.50  28.57   334   0.01
 57640 109.45  28.58   341   0.01
 57643 109.83  29.00   268    1.0
 57646 109.95  28.62   302    0.1
 57666 112.13  28.52    52   0.01
 57674 112.38  28.57    46   0.01
 57694 114.38  28.53   259   0.01
 57698 114.45  28.12    98    0.1
 57713 106.88  27.70   843    0.7
 57714 106.23  27.47   942   0.01
 57717 106.83  27.53   974   0.01
 57720 107.17  27.88   889    0.3
 57728 107.47  27.07  1096    1.6
 57737 108.12  27.03   547   0.01
 57738 108.42  27.05   516   0.01
 57763 112.00  27.68   205   0.01
 57768 111.45  27.32   242   0.01
 57769 111.73  27.23   252    0.1
 57777 112.87  27.23    63    0.5
 57778 112.95  27.09    70    2.2
 57781 113.50  27.65    74   0.01
 57786 113.85  27.63   117    0.1
 57792 114.68  27.82    93    2.1
 57794 114.02  27.63   177    0.2
 57796 114.88  27.83   189    4.5
 57798 114.60  27.40    85    4.9
 57807 105.47  26.21  1361    0.4
 57808 105.75  26.32  1274    0.6
 57809 105.75  26.07  1251    6.2
 57811 106.60  26.83  1296   0.01
 57813 106.47  26.57  1261   0.01
 57814 106.27  26.42  1298   0.01
 57818 106.45  26.03  1140    0.3
 57821 107.50  26.70   925   0.01
 57822 107.90  26.90   835    0.2
 57824 107.23  26.58  1001   0.01
 57828 107.58  26.50   983   0.01
 57829 107.80  26.20   963   0.01
 57837 108.07  26.40   839   0.01
 57851 110.83  26.46   346    5.9
 57859 110.63  26.03   408    2.2
 57865 111.58  26.47   166    7.8
 57867 111.28  26.40   169    4.9
 57868 111.86  26.59   113    5.1
 57870 112.10  26.80   151    0.7
 57871 112.37  26.98    90    3.7
 57875 112.68  26.75   137    3.8
 57876 112.83  26.43   135    2.7
 57881 113.25  26.72   101    4.8
 57882 113.55  26.79   136    0.5
 57883 114.28  26.75   253   0.01
 57891 114.25  26.93   153    1.3
 57895 114.78  26.47   101   28.0
 57899 114.92  26.80    71    0.8
 57900 105.22  25.83  1552    2.3
 57905 105.63  25.40  1063   0.01
 57908 105.48  25.12  1394   0.01
 57909 105.82  24.98   584    0.2
 57913 106.98  26.45  1093    0.1
 57914 106.67  26.42  1149   0.01
 57921 107.32  25.83   708    0.2
 57927 107.18  24.97   287    0.5
 57936 108.91  25.76   258    1.3
 57941 109.60  25.78   197    0.1
 57948 109.25  25.08   122    3.4
 57949 110.00  24.98   156    1.1
 57954 110.18  25.23   157    1.9
 57955 110.67  25.62   224    7.1
 57956 110.32  25.42   167   33.9
 57958 110.32  25.08   151    1.9
 57960 111.07  25.93   195    3.2
 57962 111.65  25.97   167    7.2
 57964 111.15  25.50   263   22.3
 57966 111.96  25.59   244    4.4
 57969 111.34  25.27   227   32.7
 57971 112.20  25.92   224    0.7
 57975 112.20  25.38   277   11.6
 57976 112.94  25.41   222   0.01
 57978 112.55  25.27   292    4.6
 57985 113.68  25.57   609    0.3
 57988 113.35  25.15   102    0.8
 57989 113.77  25.07   112   11.3
 57990 114.30  25.70   246    6.9
 57991 114.55  25.80   140    6.0
 57992 114.75  25.67   127    1.8
 57994 114.35  25.40   215    0.2
 57995 114.93  25.40   164    0.5
 58030 118.02  34.88    44    0.1
 58032 118.65  34.93    70    3.0
 58035 118.35  34.33    29    0.2
 58036 118.71  34.54    32    0.2
 58044 119.23  34.55     4    0.1
 58045 119.60  34.20     4    8.9
 58048 119.35  34.12     4    0.3
 58049 119.80  34.02     4    0.3
 58107 115.28  33.02    35    0.1
 58139 118.91  33.31    10   0.01
 58140 119.30  33.77     9    1.5
 58145 119.15  33.50     7    0.1
 58146 119.77  33.47     3   14.6
 58154 120.20  33.43     2    2.8
 58222 117.55  32.85    24   0.01
 58249 120.05  32.16     6   0.01
 58264 121.18  32.33     3   0.01
 58269 121.65  31.78     3    2.1
 58346 119.81  31.34    16    0.1
 58349 120.56  31.41     8    0.2
 58351 120.30  31.90     4    9.6
 58352 120.77  31.65     4   21.0
 58353 120.57  31.87     8    5.2
 58359 120.62  31.13     4    9.8
 58360 121.20  31.92     3    0.1
 58361 121.37  31.10     5   16.8
 58365 121.25  31.37     4    7.8
 58366 121.49  31.67     4    7.7
 58367 121.43  31.20     4   12.6
 58369 121.78  31.05     5   11.1
 58370 121.53  31.23     4   13.9
 58377 121.11  31.51     5    7.6
 58416 116.82  30.75    35   0.01
 58418 116.67  30.13    60   0.01
 58441 119.42  30.87    43   0.01
 58443 119.89  31.02    25    1.0
 58446 119.70  30.63    72    1.7
 58449 119.95  30.05    46   15.5
 58451 120.93  30.83     2   23.4
 58452 120.77  30.73     4   16.7
 58453 120.50  30.07     7   29.6
 58454 119.98  30.53   102   11.1
 58455 120.65  30.52     8    9.4
 58456 120.52  30.63     6   15.3
 58458 120.90  30.54     4    7.6
 58459 120.29  30.19    44   14.8
 58460 121.35  30.73     5   13.7
 58461 121.12  31.13     4    9.9
 58463 121.50  30.88     4   10.0
 58468 121.17  30.05     5    4.6
 58484 122.20  30.25    37    4.1
 58508 115.77  29.33    41    0.1
 58509 115.82  29.05    36   0.01
 58523 117.93  29.93   227    1.5
 58524 117.22  29.37    87    0.1
 58529 117.85  29.27    80    0.1
 58530 118.43  29.87   168    0.3
 58537 118.40  29.13   153    4.8
 58542 119.68  29.82    46   17.1
 58544 119.27  29.48    88   10.7
 58546 119.88  29.47   115    9.4
 58547 119.18  29.03    66    9.9
 58548 119.47  29.22    50   21.5
 58550 120.25  29.70    39   17.2
 58555 120.88  29.52   113    5.4
 58558 120.22  29.27    89    2.0
 58559 120.98  29.17    58    2.0
 58560 120.43  29.05   304    0.7
 58561 121.60  29.98     4    3.4
 58563 121.83  29.88     5    1.6
 58565 121.39  29.69    41    4.0
 58566 121.88  29.47     6    6.7
 58567 121.43  29.32    39   12.7
 58568 121.38  29.12    34    1.0
 58570 122.30  29.95    85    2.1
 58601 115.38  28.70    53   0.01
 58605 115.38  28.42    46   0.01
 58609 115.82  28.22    27   0.01
 58615 117.08  28.68    56    0.6
 58616 116.82  28.20    40    3.0
 58618 116.60  28.27    82    3.6
 58619 116.37  28.00    49    1.5
 58620 117.10  29.02    51   0.01
 58623 117.92  28.47    90   11.6
 58624 117.43  28.40    70   17.4
 58625 117.60  28.42    79   13.5
 58627 117.03  28.25    55    9.5
 58629 117.71  28.29   100   10.9
 58631 118.50  28.90   137    5.1
 58632 118.60  28.72   126    4.9
 58635 118.20  28.43    95    8.5
 58642 119.80  28.88   105    1.2
 58643 120.03  28.90   102    1.3
 58644 119.28  28.60   237    1.0
 58647 119.13  28.08   222    4.3
 58654 120.08  28.67   184    3.8
 58656 120.97  28.07    60    3.0
 58657 120.28  28.15    57    0.1
 58658 120.68  28.15    34    7.3
 58659 120.65  28.03    28   26.8
 58660 121.20  28.87     6    4.3
 58664 121.37  28.37    35    3.3
 58693 115.83  28.70    40   0.01
 58701 115.40  27.77    46    0.3
 58704 115.35  27.62    52    0.7
 58706 115.83  27.43   181   25.6
 58707 115.13  27.22    66    7.9
 58710 116.05  27.77    78   0.01
 58712 116.78  27.92   130    7.5
 58713 117.07  27.72   225    9.2
 58714 116.23  27.55   120    1.0
 58719 116.93  27.30   131   15.8
 58724 117.32  27.53   268    8.4
 58735 118.75  27.52   260    6.3
 58736 118.82  27.38   262    7.6
 58745 119.08  27.62   400   0.01
 58746 119.70  27.55   538    2.9
 58747 119.35  27.15   899    1.7
 58748 119.65  27.10    50    1.1
 58749 119.88  27.23   684    0.5
 58750 120.08  27.78   105    4.8
 58751 120.57  27.67   254   75.7
 58804 115.35  26.35   151    0.5
 58814 116.35  26.35   247    0.8
 58819 116.82  26.18   336   15.3
 58821 117.47  26.73   173    4.8
 58823 117.80  26.80   175   0.01
 58824 117.15  26.40   357   13.2
 58826 117.80  26.40   120   11.8
 58828 117.62  26.27   208   11.9
 58836 118.73  26.58   361    1.2
 58839 118.85  26.23    40    0.6
 58845 119.53  26.50    60   22.0
 58848 119.55  26.20    13    3.3
 58850 120.23  26.92    92   21.6
 58903 116.03  25.90   210   0.01
 58905 115.42  25.97   133    7.6
 58906 115.80  25.60   167   22.6
 58907 115.40  25.15   305    1.1
 58912 116.73  25.72   404    1.3
 58917 116.10  25.08   307    9.8
 58923 117.83  25.70   400    0.9
 58928 117.53  25.02   166   0.01
 58929 118.15  25.07    68    9.9
 58932 118.93  25.87    85   15.2
 58934 118.27  25.33   170   16.9
 58935 118.23  25.48   521    0.3
 58938 118.98  25.23    23   10.1
 58940 119.33  26.08    25    2.2
 58941 119.50  25.97    25    2.7
 58942 119.38  25.72    39   13.5
 58946 119.00  25.45    81    1.3
 59001 105.33  24.78   672    0.2
 59012 106.55  24.78   972    4.5
 59015 106.57  24.35   437    8.2
 59017 106.27  24.27   278    0.9
 59022 107.55  24.98   697   0.01
 59025 107.38  24.53   248   12.7
 59027 107.25  24.13   254    4.8
 59031 108.26  24.81   342   51.3
 59033 108.90  24.78   328    0.1
 59041 109.25  24.65   108    6.7
 59047 109.33  24.25   100    0.2
 59051 110.50  24.77   136   0.01
 59053 110.67  24.62   105   0.01
 59055 110.40  24.50   165    0.3
 59059 110.80  24.18   105   26.6
 59061 111.27  24.82   193    0.1
 59063 111.45  25.18   265    7.6
 59064 111.32  24.55   136   25.8
 59071 112.28  24.73   174   37.4
 59074 112.15  24.57   300    6.5
 59075 112.63  24.48    70   38.2
 59081 113.29  24.78   131   14.8
 59090 114.07  24.95   103    6.4
 59091 114.52  24.75   277   30.3
 59094 114.12  24.35   184   0.01
 59099 114.93  24.45   173    9.3
 59114 116.17  24.65   135   0.01
 59122 117.75  24.62    43   0.01
 59129 117.60  24.13    53    3.2
 59130 118.15  24.73    30    0.2
 59131 118.37  24.97    45    0.1
 59137 118.57  24.82    56    0.3
 59205 105.63  23.65   685   11.4
 59213 106.92  23.73   110    1.5
 59230 108.17  23.72   168   0.01
 59270 112.18  23.92    84    1.7
 59276 112.65  23.35    40   0.01
 59284 113.23  23.42    38   0.01
 59288 113.02  23.15    29    1.3
 59429 108.01  22.18   216    3.6
 59480 113.25  22.85    21   0.01
 59481 113.32  22.93    12   14.2
