diamond  3 2014年09月11日08点24小时降雨量                    
  14  09  11  08    -1 3 10 25 50 1 0
 39 122.7  37.3 122.5  36.7 120.8  36.2 119.3  35.0 120.4  34.3
 121.1  32.7 122.3  30.9 122.5  30.1 121.5  28.0 119.8  25.0
 116.1  22.6 111.0  21.0 111.0  18.6 109.6  18.1 108.3  18.5
 108.9  19.9 109.3  21.0 106.4  21.6 104.1  22.2 101.6  20.8
  98.7  22.0  97.1  24.1  97.7  27.0  91.7  26.6  85.7  27.7
  78.9  30.6  73.3  37.1  74.1  40.7  87.6  49.8  98.5  43.9
 110.4  44.3 122.0  54.7 135.7  48.3 131.5  42.2 125.2  39.4
 121.3  38.5 121.2  40.3 118.5  38.6 120.8  38.1
 1     828
 50566 128.47  49.55   116    0.5
 50673 130.40  48.88    90    3.2
 50674 129.43  48.57   404    7.0
 50767 127.10  47.23   202    0.1
 50772 129.23  48.10   288    7.1
 50775 130.20  47.34   182    3.4
 50776 130.83  47.57    83   23.5
 50778 132.53  47.67    57    4.8
 50779 134.28  48.37    40    5.4
 50787 131.84  47.31    62    3.0
 50861 127.48  46.89   182    0.3
 50867 127.35  46.08   134   0.01
 50871 129.88  46.73    95    1.7
 50878 130.72  47.00    78    7.3
 50879 130.55  46.22   187    0.1
 50880 131.12  46.73   102    5.8
 50884 131.15  46.63   175    8.8
 50892 134.00  46.80    54    8.1
 50960 127.38  45.73   184    1.1
 50964 128.80  45.83   119    4.5
 50965 128.27  45.43   167    3.3
 50971 131.02  45.77   223    3.4
 50979 130.23  45.27   274    2.0
 50985 131.87  45.55   151    0.3
 50987 131.09  45.26   219    1.9
 51058  87.97  47.10   563    1.3
 51436  83.30  43.45   928   0.01
 51636  82.65  41.55  1009   13.1
 52557 100.17  39.15  1453    4.0
 52575 102.78  39.42  1239    8.1
 52607 106.65  39.43  1252    1.2
 52643  99.62  38.83  2311    5.9
 52656 100.82  38.43  2281   14.5
 52745  99.02  37.30  3417    0.1
 52784 102.90  37.47  2072   12.4
 52853 100.98  36.90  3010    2.8
 52855 101.25  36.68  2675    0.6
 52862 101.68  36.95  2450    0.5
 52863 101.95  36.82  2480    3.6
 52869 101.58  36.50  2667    0.2
 52874 102.40  36.48  1980    1.9
 52875 102.10  36.50  2125    0.9
 52877 102.25  36.10  2834    1.2
 52881 103.18  36.98  2484    4.3
 52885 103.25  36.75  2118    4.7
 52896 104.15  36.55  1738    6.8
 52957 100.60  35.25  3148    4.0
 52963 102.02  35.93  2085    0.9
 52968 101.47  35.03  3662    9.6
 52972 102.45  35.85  1921    2.4
 52978 102.52  35.20  2929    5.9
 52980 103.30  35.97  1648    5.1
 52981 103.38  35.68  2421   14.7
 52982 103.55  35.48  1953    5.2
 52985 103.33  35.42  2162   11.6
 52988 103.72  35.37  2015   10.6
 52993 105.07  35.68  1739    6.9
 52995 104.62  35.58  1897    4.3
 52996 105.02  35.38  2450    4.6
 52998 104.20  35.13  2111    4.7
 53324 107.05  41.07  1035    4.3
 53337 108.27  41.10  1023    2.0
 53348 109.13  41.02  1078    1.0
 53357 110.05  41.03  1360    0.8
 53419 107.00  40.33  1055   21.7
 53420 107.12  40.85  1024    4.2
 53433 108.65  40.73  1020    6.3
 53455 110.53  40.55   998   39.5
 53457 110.03  40.40  1011    1.4
 53464 111.17  40.72  1042    1.2
 53466 111.70  40.75  1045    1.8
 53467 111.18  40.27  1016    5.3
 53469 111.82  40.40  1166   13.4
 53505 105.40  37.88  1380    5.1
 53512 106.80  39.80  1105   17.4
 53517 106.33  39.27  1464    0.7
 53518 106.35  39.03  1117    1.6
 53522 107.83  40.05  1180   14.1
 53533 108.71  39.81  1414    9.7
 53545 109.71  39.56  1367    0.2
 53547 109.03  39.10  1312    0.1
 53553 111.22  39.87  1221   0.01
 53562 111.67  39.92  1187    0.9
 53565 111.50  39.43  1051    1.6
 53574 112.27  39.52  1409    3.2
 53575 112.20  39.10  1525    1.5
 53577 112.30  39.00  1437    0.6
 53596 115.13  38.85    52    1.9
 53602 105.67  38.83  1561    2.4
 53603 106.37  38.83  1095    1.7
 53610 106.35  38.57  1106    1.0
 53611 106.55  38.88  1098    1.4
 53644 108.83  38.60  1307    4.5
 53658 110.48  38.03   894    2.4
 53659 111.00  37.97  1163    3.6
 53669 111.80  38.08  1150    0.5
 53679 112.54  37.75   776   0.01
 53681 113.37  38.83  1096    5.2
 53692 114.98  38.73    66    0.9
 53707 105.25  36.93  1697    4.1
 53727 107.12  37.17  1712    4.2
 53730 107.48  38.18  1333    1.2
 53732 108.72  37.85  1209    9.7
 53748 109.70  37.18  1063    9.6
 53750 110.18  37.77   931    9.1
 53751 110.05  37.60   894   13.6
 53753 110.88  37.43   860    2.8
 53756 110.72  37.52   744    3.9
 53757 110.12  37.12   938   10.7
 53759 110.83  36.98  1109    6.3
 53760 111.23  37.88  1212    3.4
 53763 112.17  37.92  1006    0.2
 53767 111.17  37.33  1213    2.2
 53768 111.75  37.15   773    1.4
 53769 111.78  37.25   747    1.7
 53770 112.35  37.35   768    1.6
 53771 112.05  37.42   750    0.8
 53773 114.62  36.33    64    0.2
 53774 112.37  37.58   759    1.1
 53776 112.77  37.68   831   0.01
 53777 112.15  37.53   759    1.7
 53778 112.22  37.17   780    1.5
 53781 114.47  36.87    67   0.01
 53785 114.67  37.52    35    0.1
 53786 113.33  37.09  1152    2.7
 53788 113.57  37.33  1265    0.1
 53792 114.48  37.45   113    0.3
 53794 114.75  37.35    33   0.01
 53797 114.52  37.28    73    4.3
 53829 107.90  35.98  1093   16.9
 53832 108.77  36.77  1218   12.1
 53841 109.32  36.88  1068   13.7
 53848 109.35  36.27  1005   22.3
 53850 110.18  36.88   804    9.9
 53852 110.63  36.77   916    5.3
 53856 110.75  36.47   765   11.6
 53857 110.18  36.07   840   26.3
 53860 111.17  36.98  1406   10.2
 53861 111.38  35.88   463   16.0
 53864 111.10  36.40  1030    8.9
 53865 111.55  36.65  1011    5.2
 53866 111.67  36.23   462    4.8
 53869 111.70  36.58   550    3.5
 53871 112.85  36.83   964    2.0
 53872 112.68  36.77   960    2.7
 53873 112.87  36.10   951    0.5
 53874 111.90  36.25   648    4.6
 53875 112.35  36.52  1000    2.6
 53878 113.38  36.52   767    0.6
 53879 112.88  36.32   952    0.8
 53880 113.23  36.33   947    0.8
 53881 106.48  37.28  1382    1.7
 53885 113.20  36.12  1122    0.4
 53886 113.67  36.57   470    1.8
 53888 113.43  36.20  1089    1.0
 53889 113.82  36.07   306    0.7
 53890 114.10  36.67   280    0.4
 53891 114.68  37.02    43    0.1
 53892 114.47  36.62    66    0.5
 53894 114.20  36.40   149    0.4
 53895 114.50  36.78    60    0.1
 53896 114.95  36.35    50   0.01
 53897 114.38  36.38    69    0.2
 53899 114.97  36.48    48    0.3
 53906 105.72  35.52  1656    9.7
 53908 105.23  35.22  1768    6.9
 53914 106.12  35.62  2078    7.4
 53916 106.32  35.50  1948   27.7
 53917 106.07  35.22  1631   10.3
 53924 107.62  35.07   966   42.0
 53925 107.18  35.68  1172   18.6
 53926 107.35  35.35  1028   19.6
 53927 106.62  35.20  1477   26.8
 53928 107.02  35.30  1149   20.6
 53930 107.98  36.45  1271   13.8
 53931 109.37  36.00   984   40.0
 53934 107.98  35.78  1274   24.3
 53935 108.40  35.48  1481   28.8
 53937 107.92  35.52   979   33.8
 53938 108.30  35.17  1277   15.6
 53941 109.58  35.18   804   18.6
 53944 109.25  35.57   863   25.8
 53945 109.07  35.43  1395   33.3
 53946 109.82  35.60  1091   26.0
 53947 109.07  35.08   978   34.5
 53949 109.92  35.18   679   21.0
 53950 110.15  35.23   708   29.4
 53953 110.85  35.97   965   13.4
 53954 110.97  35.62   433   19.7
 53956 110.83  35.40   588   26.6
 53957 110.72  35.62   459   24.8
 53958 110.78  35.17   435   31.6
 53961 111.48  35.65   472   14.0
 53962 111.70  35.73   584   10.9
 53964 111.22  35.62   430   17.7
 53965 111.57  35.52   761   12.3
 53966 111.83  35.98   817    8.6
 53967 111.20  35.33   468   17.5
 53970 112.20  35.70   887   10.9
 53972 112.90  35.05   117   10.5
 53973 112.95  35.77   837    2.4
 53974 114.23  35.61    70    1.4
 53976 112.87  35.50   752    6.0
 53978 112.63  35.08   140   13.4
 53979 113.08  35.15   120    3.7
 53980 114.80  36.55    50    0.6
 53981 113.27  35.78  1311    1.6
 53982 113.27  35.23   112    3.8
 53983 114.42  35.03    69    0.6
 53984 113.47  35.23    82    3.9
 53985 113.82  35.50   140    1.4
 53987 113.36  35.11    94    5.1
 53988 113.67  35.27    77    2.5
 53989 113.98  35.08    75    2.0
 53991 114.33  35.92    93    0.4
 53992 114.52  35.65    58    0.6
 53993 114.92  35.93    51   0.01
 53994 114.07  35.38    70    0.3
 53995 114.50  35.55    62    0.3
 53996 114.65  36.45    57    0.4
 53997 114.18  35.15    71    1.0
 53998 114.65  35.20    61   0.01
 54092 129.40  44.60   292    0.9
 54093 130.55  44.93   266    5.1
 54192 130.27  43.70   384    1.4
 54204 115.00  42.30  1346    5.0
 54205 116.00  42.23  1315   0.01
 54301 115.67  41.67  1412   0.01
 54313 118.70  41.93   733    0.3
 54404 115.83  40.88   867   0.01
 54640 114.87  36.92    36   0.01
 54804 115.13  36.30    44   0.01
 54816 116.80  36.52    98   12.9
 54900 115.02  35.70    53   0.01
 54901 115.17  36.08    47    0.1
 54908 115.10  35.27    57    0.1
 54932 118.65  35.77   186   0.01
 56016  95.62  33.85  4179   10.9
 56034  97.13  33.80  4415    8.7
 56045  99.90  33.97  4050    7.9
 56071 102.50  34.58  3105   10.9
 56081 103.35  34.70  2810    1.4
 56082 103.50  34.58  2540    2.7
 56084 103.23  34.07  2374   12.4
 56091 104.47  34.85  1883    2.3
 56092 104.65  35.00  1728    1.3
 56094 104.37  33.78  1400    0.7
 56095 104.38  34.03  1753    1.8
 56097 104.25  33.27  1440    0.8
 56109  93.78  31.48  3940   16.1
 56147  98.83  31.22  3260    0.1
 56158 100.67  31.40  3250    1.1
 56164 100.98  32.27  3284    1.2
 56168 102.07  31.48  2168   0.01
 56171 101.70  32.90  3275    8.3
 56180 103.85  31.68  1590    0.1
 56181 103.70  30.68   541    0.2
 56186 104.20  31.33   589   0.01
 56190 104.55  31.55   519   0.01
 56192 104.67  32.95  1014    0.2
 56193 104.52  32.42   893    2.0
 56195 104.73  31.80   543    0.2
 56197 104.17  31.15   535    0.2
 56198 104.50  31.32   525   0.01
 56199 104.68  31.03   423    0.3
 56273 102.82  30.39  1022    1.6
 56278 102.77  30.07   755    6.0
 56279 102.93  30.15   682   10.3
 56280 103.12  30.08   691    1.7
 56285 103.52  30.60   523    2.0
 56286 104.25  30.55   515    0.4
 56288 103.92  30.58   494    9.8
 56289 103.87  30.20   437    0.1
 56295 104.55  30.38   448    0.5
 56296 104.43  30.85   448   0.01
 56297 104.15  30.02   436    4.7
 56298 104.60  30.13   417   19.9
 56317  94.22  29.22  2950    0.1
 56342  98.60  29.68  3870    0.3
 56373 102.85  29.78   763    1.5
 56376 102.63  29.33  1098    1.3
 56378 102.35  29.23   890   0.01
 56380 103.35  29.88   571    0.3
 56383 103.87  29.83   455    0.1
 56389 103.95  29.20   387    8.6
 56390 104.07  29.67   404    9.5
 56391 103.82  30.08   415   0.01
 56393 104.85  29.77   369   37.0
 56394 104.43  29.45   384   25.5
 56395 104.67  29.52   351   35.4
 56396 104.77  29.35   352   46.1
 56399 104.98  29.18   306   11.1
 56443  99.80  28.93  2842    0.3
 56480 103.53  28.82   564    0.1
 56483 103.95  28.58   496   0.01
 56490 103.90  28.95   424    1.8
 56491 104.57  28.70   287    0.3
 56493 104.97  28.85   292   0.01
 56494 104.15  28.65   462    0.3
 56496 105.23  28.32   358    0.6
 56569 102.18  27.42  1380    2.6
 56575 102.55  27.37  1428    0.7
 56580 102.80  27.72  2460    0.1
 56584 103.25  27.70  1093    1.0
 56592 104.52  28.43   359    0.1
 56641  98.87  26.90  1189    1.0
 56646  99.92  26.53  2191    2.4
 56654 100.18  26.58  2195    0.2
 56697 104.08  26.22  1984    4.8
 56767 101.28  25.18  1857   0.01
 56772 102.50  25.23  1692    1.7
 56777 102.07  25.15  1566    0.4
 56781 103.27  25.55  1873    0.1
 56782 103.55  25.42  2067    0.9
 56783 103.80  25.50  1906    1.3
 56785 103.08  25.36  1915    0.2
 56788 103.62  24.98  1857    1.9
 56790 104.25  25.68  1925   11.3
 56835  97.82  24.07   959   0.01
 56836  97.95  24.70   826   0.01
 56839  98.82  23.77   995    0.6
 56846  99.93  24.58  1569   19.1
 56849  99.23  24.03  1606    1.8
 56862 101.60  24.68  1968   0.01
 56863 102.48  24.93  1848   15.2
 56867 101.12  23.98  1105    4.4
 56869 101.97  24.07  1497   0.01
 56870 102.18  24.66  1600    0.8
 56871 102.60  24.65  1893    0.8
 56872 102.62  24.95  2358    1.1
 56873 102.92  24.68  1796    1.3
 56876 102.77  24.28  1731   25.4
 56878 102.75  24.13  1801    3.9
 56879 102.91  24.19  1702    3.8
 56883 103.98  24.82  1900    2.4
 56891 104.32  24.98  1482   44.6
 56898 102.41  24.18  1600   0.01
 56944  99.27  23.15  1278    0.2
 56949  99.60  22.32   945   0.01
 56950  99.80  23.47  1044    0.5
 56952 100.70  23.50   913   17.3
 56973 102.83  23.62  1309    3.1
 56975 102.43  23.37   974   0.01
 56978 102.42  23.00  1642    0.4
 56982 103.29  23.70  1117    6.0
 56987 103.23  22.78  1260    2.5
 56989 103.95  22.50   137    0.7
 56992 104.70  23.45  1507    0.1
 56996 104.70  23.13  1093   0.01
 57001 105.33  34.75  1271    6.6
 57002 105.65  34.85  1216    7.8
 57003 106.83  34.90   924   34.8
 57004 104.88  34.73  1495    4.4
 57006 105.75  34.58  1141    5.6
 57007 105.18  34.18  1404   14.9
 57008 105.30  34.03  1579   10.3
 57011 106.15  34.75  1378    3.2
 57012 106.20  34.98  1664    1.9
 57016 107.13  34.35   612   34.9
 57020 107.40  34.37   563   34.0
 57021 107.13  34.65   751   48.9
 57022 107.78  34.68  1026   27.1
 57023 108.11  35.02   919   16.6
 57024 107.65  34.45   669   24.1
 57026 107.88  34.37   585   18.7
 57027 107.73  34.27   517   28.1
 57029 108.48  34.50   543   12.1
 57031 108.55  34.82  1012   22.2
 57032 108.20  34.13   436   14.7
 57033 108.82  34.55   428   17.0
 57035 108.23  34.55   636   18.3
 57038 108.45  34.28   410   13.4
 57039 108.88  34.08   445   18.8
 57040 109.08  34.52   377   18.0
 57041 108.92  34.63   424   18.0
 57042 109.18  34.78   470   24.2
 57043 109.97  34.80   351    9.0
 57044 109.23  34.40   424   26.3
 57045 109.48  34.52   349   17.9
 57047 109.32  34.17   540   21.9
 57053 110.72  34.70   505   14.3
 57054 110.23  34.55   556    9.4
 57055 110.08  34.55   351    4.6
 57056 110.86  34.54   484   12.2
 57057 110.15  34.10   963   45.9
 57060 111.23  35.17   402   20.0
 57061 111.20  34.83   410   35.5
 57063 111.77  34.77   523   43.4
 57065 112.13  34.55   317   39.1
 57066 111.67  34.40   408   17.1
 57070 112.12  34.73   364   29.8
 57072 112.75  34.92   127   10.0
 57074 112.40  34.42   252   23.2
 57075 112.87  34.17   203    1.6
 57076 112.78  34.73   189    7.0
 57078 112.47  34.15   336   13.0
 57079 113.03  34.95   106    4.0
 57080 112.97  34.73   165    5.8
 57081 113.43  34.80   140    5.5
 57082 113.02  34.47   427    9.7
 57084 113.05  34.49  1178   11.7
 57085 113.33  34.53   259    7.2
 57086 113.72  34.38   116    6.6
 57087 113.73  34.27   104    4.2
 57088 113.50  34.15   116    2.8
 57090 113.97  34.72    78    0.9
 57093 114.82  34.85    73    0.4
 57094 114.22  34.40    67    2.2
 57095 114.15  34.12    61    4.4
 57096 114.78  34.53    59    0.8
 57098 114.40  34.08    58    4.6
 57099 114.85  34.07    52    2.1
 57102 105.72  33.75   970    5.0
 57105 105.60  33.33  1221    8.2
 57110 106.08  33.78   930   23.6
 57111 106.30  33.92   961   13.3
 57113 106.53  33.90   985   16.7
 57119 106.70  33.17   548   54.0
 57123 108.07  34.28   506   19.0
 57126 107.55  33.22   468   25.5
 57128 107.33  33.17   486   33.7
 57129 107.72  32.98   446   65.5
 57132 108.58  34.13   411   10.9
 57137 108.32  33.32   802   23.9
 57140 109.12  33.67   818   26.0
 57153 110.33  33.68   581   49.2
 57155 109.87  33.55   660   35.5
 57162 112.07  34.13   440   12.1
 57169 111.87  33.05   159    0.2
 57173 112.88  33.75   145    1.8
 57175 112.23  33.05   191    1.4
 57176 112.42  33.48   231    6.1
 57177 113.53  33.33    89    3.4
 57179 113.00  33.28   160    6.0
 57180 113.20  33.98   117    1.4
 57182 113.52  33.85    80    0.8
 57183 113.92  33.80    60    1.1
 57184 113.30  33.63    97    1.6
 57185 113.58  33.45    91    1.2
 57186 114.05  33.60    58    0.5
 57187 112.93  33.07   118    2.7
 57188 114.03  33.37    55    0.7
 57189 113.95  33.13    64    2.3
 57190 114.40  33.75    50    0.8
 57191 114.48  34.48    63    2.3
 57192 114.85  33.73    45    1.0
 57194 114.27  33.28    59    0.3
 57195 114.62  33.62    46    0.6
 57196 114.87  33.47    42    0.4
 57197 114.35  32.97    50    5.1
 57198 114.57  33.50    44    1.2
 57204 105.22  32.57   782    9.0
 57208 105.52  32.28   544   32.7
 57213 106.93  33.00   536   44.7
 57216 106.83  32.35   579   23.8
 57217 106.28  32.23   485  110.9
 57231 108.53  32.53   503    0.3
 57233 108.50  32.90   413   18.4
 57248 109.33  32.40   431    0.1
 57249 109.68  32.32   448    0.2
 57253 110.82  32.85   201    7.0
 57254 110.12  32.82   322    2.9
 57257 110.23  32.23   307    1.6
 57260 111.52  32.57   133    0.8
 57261 111.52  33.12   233    0.2
 57268 111.62  32.27   120    5.9
 57271 112.38  32.52    87    3.2
 57273 112.85  32.68   109    0.6
 57274 112.12  32.70   107    1.6
 57281 113.30  32.70   142    2.6
 57292 114.63  32.97    44    1.2
 57293 114.98  32.73    38    2.1
 57294 114.02  32.83    83    7.8
 57295 114.35  32.62    78    7.8
 57296 114.73  32.35    48    2.1
 57298 114.55  32.22    55    3.0
 57299 114.90  32.02    49   0.01
 57303 105.92  31.73   459   21.4
 57304 105.17  31.67   516    6.3
 57307 105.08  31.10   404    7.7
 57308 105.38  31.22   421   56.3
 57309 105.88  30.98   378   10.3
 57314 106.07  31.35   405   15.1
 57315 106.40  31.53   655   14.2
 57317 106.42  31.03   324    1.5
 57318 106.55  31.07   338    1.1
 57320 107.22  31.93   482    2.2
 57345 109.62  31.40   337    0.1
 57349 109.87  31.07   275    7.9
 57361 111.27  31.88   327    3.3
 57362 110.67  31.75   935   12.6
 57363 111.83  31.80   151    9.9
 57368 111.63  31.05   141   25.8
 57370 112.22  31.73    67    3.2
 57377 112.22  31.00   191   26.3
 57385 113.82  31.62    93    0.6
 57386 114.00  31.25    51    0.4
 57387 113.13  31.00    84    0.1
 57388 113.71  31.27    53    0.4
 57389 113.75  31.03    32    2.7
 57390 114.07  31.80   733    2.5
 57396 114.85  31.63   128    0.1
 57401 105.37  30.87   383   49.4
 57402 105.70  30.77   394   39.6
 57407 105.03  30.28   462   48.5
 57408 105.35  30.12   338   59.9
 57409 105.80  30.18   297   10.3
 57417 106.28  30.35   315    0.1
 57438 108.12  29.98   632    0.3
 57453 111.32  30.77   115   46.1
 57460 111.78  30.82    91   31.7
 57462 111.08  30.87   139   12.6
 57464 111.18  30.47   142   22.8
 57465 111.45  30.38    74   15.4
 57466 111.75  30.43    50   16.8
 57469 111.77  30.18    69   11.0
 57475 112.90  30.40    31   13.3
 57477 112.22  30.07    38    9.9
 57481 113.57  30.95    30    1.0
 57485 113.47  30.28    23   30.3
 57486 113.85  30.65    25   10.8
 57489 114.00  30.58    38    2.2
 57491 114.40  30.87    31    0.9
 57498 114.90  30.43    21    0.1
 57499 114.88  30.07    40   15.2
 57505 105.58  29.42   338    4.0
 57506 105.90  29.37   353   0.01
 57507 105.30  29.33   385   11.2
 57508 105.37  29.15   301    0.8
 57540 109.15  29.68   776   63.4
 57541 109.48  30.00   532   29.7
 57543 110.03  29.90   539   15.1
 57544 109.45  29.47   488   13.5
 57558 110.47  29.13   183    9.3
 57564 111.13  29.43   103   14.5
 57565 111.73  29.67    38   24.7
 57566 111.65  29.45    51   21.2
 57571 112.40  29.70    35    9.2
 57575 112.55  29.52    31    6.9
 57577 112.17  29.40    36    2.1
 57582 113.88  29.72    46    1.8
 57585 113.45  29.48    60   32.0
 57586 114.03  29.53    78    3.6
 57589 113.87  29.27   146   14.1
 57596 114.20  29.63   751    5.0
 57635 108.98  28.45   363   56.2
 57640 109.45  28.58   341    8.7
 57646 109.95  28.62   302    1.5
 57661 111.48  28.92    48    3.9
 57663 111.95  28.92    31    1.6
 57666 112.13  28.52    52    0.5
 57674 112.38  28.57    46    0.3
 57678 112.55  28.25    74    0.4
 57680 113.07  28.80    46    3.0
 57694 114.38  28.53   259    2.3
 57698 114.45  28.12    98    4.9
 57699 114.92  28.23    66    0.2
 57708 105.60  27.15  1700   0.01
 57735 108.82  27.18   404   0.01
 57736 108.85  27.70   369    3.6
 57739 108.92  27.23   394   0.01
 57740 109.60  27.95   349    2.1
 57742 109.20  27.52   884   12.5
 57744 109.17  27.37   355    0.1
 57754 110.15  27.35   170    2.4
 57760 111.43  27.70   249    3.0
 57762 111.70  27.69   165    1.6
 57763 112.00  27.68   205   20.7
 57767 111.01  27.13   308   19.4
 57768 111.45  27.32   242    0.7
 57769 111.73  27.23   252    2.8
 57771 112.53  27.93    88    0.1
 57772 112.50  27.75    86    3.3
 57778 112.95  27.09    70    0.1
 57783 113.82  27.88   118    2.6
 57786 113.85  27.63   117   0.01
 57792 114.68  27.82    93   38.4
 57794 114.02  27.63   177   0.01
 57796 114.88  27.83   189    9.4
 57798 114.60  27.40    85   11.9
 57807 105.47  26.21  1361    5.5
 57808 105.75  26.32  1274   0.01
 57818 106.45  26.03  1140    0.6
 57828 107.58  26.50   983   0.01
 57829 107.80  26.20   963   0.01
 57834 108.30  26.68   641    2.0
 57859 110.63  26.03   408    0.3
 57865 111.58  26.47   166   19.9
 57868 111.86  26.59   113    0.3
 57870 112.10  26.80   151    2.8
 57871 112.37  26.98    90   14.5
 57876 112.83  26.43   135    3.3
 57881 113.25  26.72   101    0.1
 57883 114.28  26.75   253    4.0
 57900 105.22  25.83  1552    1.1
 57903 105.60  25.94  1142    1.7
 57905 105.63  25.40  1063    0.3
 57909 105.82  24.98   584    0.1
 57936 108.91  25.76   258   0.01
 57941 109.60  25.78   197    4.5
 57942 110.00  25.80   268    3.4
 57948 109.25  25.08   122    0.1
 57949 110.00  24.98   156    2.9
 57954 110.18  25.23   157   13.9
 57955 110.67  25.62   224   15.6
 57956 110.32  25.42   167    4.9
 57958 110.32  25.08   151   58.5
 57960 111.07  25.93   195    1.4
 57964 111.15  25.50   263    0.2
 57966 111.96  25.59   244    6.5
 57969 111.34  25.27   227    0.4
 57981 113.22  25.97   139    4.7
 57990 114.30  25.70   246    0.6
 57995 114.93  25.40   164    0.1
 58001 115.10  34.43    56    0.3
 58002 115.58  34.85    49   0.01
 58004 115.15  34.65    60    0.2
 58006 115.88  34.38    46   0.01
 58007 115.30  34.07    47    0.3
 58008 115.33  34.47    54    0.2
 58030 118.02  34.88    44   0.01
 58036 118.71  34.54    32    1.5
 58044 119.23  34.55     4    5.9
 58045 119.60  34.20     4    4.2
 58048 119.35  34.12     4    5.0
 58100 115.17  33.65    41    0.3
 58101 115.48  33.87    41    0.4
 58104 115.07  33.40    41    0.8
 58107 115.28  33.02    35    0.2
 58108 115.33  33.23    34    0.3
 58109 115.62  33.18    33    0.2
 58112 116.45  30.73   968    1.2
 58114 116.18  33.48    31    0.4
 58117 116.20  33.13    27    0.5
 58126 117.87  33.47    19   0.01
 58127 117.20  32.98    21    0.2
 58131 118.22  33.97    25    0.1
 58140 119.30  33.77     9    1.0
 58146 119.77  33.47     3    5.8
 58148 119.31  33.25     4   0.01
 58154 120.20  33.43     2    0.1
 58202 115.57  32.67    31    0.1
 58205 115.43  32.47    34   0.01
 58207 115.05  32.17    42    0.2
 58210 116.23  32.65    25    0.3
 58212 116.77  32.72    23    0.3
 58214 116.28  32.33    32   0.01
 58220 117.15  32.47    28    1.4
 58222 117.55  32.85    24    0.2
 58223 117.98  32.80    31    0.2
 58224 117.02  32.65    32    0.4
 58230 118.28  32.12    26   10.9
 58234 118.42  32.47    40    0.6
 58235 118.85  32.37    10    0.1
 58237 118.59  32.06    46    6.2
 58240 119.02  32.68    21    0.2
 58242 119.16  32.30    22    0.1
 58244 119.59  32.45     5    0.2
 58245 119.42  32.41     9    0.1
 58246 119.99  32.56     2   0.01
 58247 119.80  32.27     3   0.01
 58249 120.05  32.16     6   0.01
 58250 120.16  32.51     6   0.01
 58254 120.45  32.52     5   0.01
 58257 120.26  31.99     4    1.2
 58264 121.18  32.33     3   0.01
 58306 115.88  31.68    95    1.0
 58316 116.92  31.47    23   38.6
 58317 116.37  30.87   434    8.6
 58320 117.13  31.73    21    9.1
 58323 117.47  31.88    25    3.4
 58327 117.28  31.27    45   10.2
 58329 117.87  31.33     9    2.2
 58330 118.08  31.75    26    5.3
 58331 118.37  31.73    22   19.6
 58334 118.37  31.38     9    0.8
 58335 118.52  31.57    23    1.8
 58339 118.90  31.33    15    0.3
 58340 119.03  31.66    25    9.4
 58341 119.59  31.98     6    1.7
 58342 119.55  31.72     6    0.6
 58344 119.20  31.96    36    2.2
 58346 119.81  31.34    16   0.01
 58349 120.56  31.41     8   0.01
 58351 120.30  31.90     4    1.0
 58352 120.77  31.65     4   0.01
 58353 120.57  31.87     8    1.4
 58359 120.62  31.13     4   0.01
 58365 121.25  31.37     4   0.01
 58366 121.49  31.67     4   0.01
 58377 121.11  31.51     5   0.01
 58401 115.40  30.75   123   26.5
 58404 115.22  30.47    61   24.4
 58408 115.43  30.23    35   26.1
 58409 115.93  30.10    32    2.5
 58415 116.55  30.67    64    1.0
 58417 116.13  30.17    54    3.2
 58418 116.67  30.13    60    1.8
 58423 117.78  30.48   647   28.9
 58426 118.13  30.30   193    2.2
 58427 117.50  30.65    15   0.01
 58428 117.50  30.22   118   21.5
 58435 118.53  30.30   220   23.6
 58438 118.58  30.08   191    4.5
 58442 119.18  31.17    16    0.4
 58443 119.89  31.02    25    2.9
 58449 119.95  30.05    46    0.6
 58452 120.77  30.73     4   0.01
 58453 120.50  30.07     7   0.01
 58454 119.98  30.53   102    1.4
 58455 120.65  30.52     8   0.01
 58456 120.52  30.63     6   0.01
 58458 120.90  30.54     4   0.01
 58459 120.29  30.19    44    1.3
 58463 121.50  30.88     4   0.01
 58468 121.17  30.05     5    0.2
 58484 122.20  30.25    37    0.4
 58501 115.63  29.92    23    1.1
 58502 116.00  29.73    36    0.4
 58505 115.90  29.62    63   0.01
 58507 115.12  29.25   116    0.6
 58508 115.77  29.33    41   13.7
 58509 115.82  29.05    36   0.01
 58510 116.23  29.73    40    0.9
 58512 116.55  29.90    71    2.2
 58514 116.05  29.45    37   10.1
 58517 116.20  29.27    35    6.5
 58523 117.93  29.93   227    0.8
 58524 117.22  29.37    87    0.2
 58529 117.85  29.27    80   20.8
 58530 118.43  29.87   168    0.6
 58542 119.68  29.82    46    0.9
 58544 119.27  29.48    88    0.4
 58550 120.25  29.70    39   0.01
 58559 120.98  29.17    58    5.3
 58561 121.60  29.98     4    0.3
 58563 121.83  29.88     5    0.2
 58565 121.39  29.69    41    1.1
 58566 121.88  29.47     6   0.01
 58567 121.43  29.32    39    1.4
 58568 121.38  29.12    34    0.6
 58570 122.30  29.95    85    0.2
 58601 115.38  28.70    53    0.8
 58607 115.95  28.55    31    0.4
 58612 116.68  28.70    21    5.7
 58614 116.27  28.38    34    1.5
 58615 117.08  28.68    56    0.1
 58618 116.60  28.27    82    0.1
 58619 116.37  28.00    49    0.6
 58620 117.10  29.02    51    5.6
 58623 117.92  28.47    90    0.7
 58625 117.60  28.42    79   0.01
 58627 117.03  28.25    55   0.01
 58629 117.71  28.29   100   14.3
 58631 118.50  28.90   137    0.5
 58632 118.60  28.72   126    0.5
 58635 118.20  28.43    95    5.8
 58642 119.80  28.88   105    0.1
 58643 120.03  28.90   102    0.1
 58644 119.28  28.60   237    3.1
 58647 119.13  28.08   222    3.8
 58654 120.08  28.67   184    2.5
 58656 120.97  28.07    60    3.7
 58657 120.28  28.15    57   22.8
 58658 120.68  28.15    34   26.7
 58659 120.65  28.03    28   30.8
 58660 121.20  28.87     6    0.6
 58664 121.37  28.37    35    0.1
 58693 115.83  28.70    40    2.3
 58710 116.05  27.77    78   0.01
 58712 116.78  27.92   130   0.01
 58713 117.07  27.72   225    0.7
 58724 117.32  27.53   268    0.1
 58735 118.75  27.52   260   0.01
 58736 118.82  27.38   262   27.5
 58745 119.08  27.62   400    3.9
 58746 119.70  27.55   538    3.5
 58747 119.35  27.15   899   28.9
 58748 119.65  27.10    50   40.9
 58749 119.88  27.23   684   45.3
 58750 120.08  27.78   105   62.9
 58751 120.57  27.67   254  114.3
 58814 116.35  26.35   247   13.0
 58819 116.82  26.18   336   0.01
 58821 117.47  26.73   173    4.2
 58824 117.15  26.40   357   39.9
 58826 117.80  26.40   120   25.6
 58828 117.62  26.27   208    3.5
 58844 119.15  26.15    57    1.5
 58845 119.53  26.50    60    3.1
 58848 119.55  26.20    13    1.5
 58850 120.23  26.92    92    8.1
 58903 116.03  25.90   210   32.9
 58906 115.80  25.60   167   0.01
 58912 116.73  25.72   404   32.3
 58934 118.27  25.33   170   0.01
 58941 119.50  25.97    25    0.1
 59001 105.33  24.78   672    0.6
 59004 105.10  24.50   725    2.0
 59012 106.55  24.78   972   15.5
 59025 107.38  24.53   248   0.01
 59027 107.25  24.13   254    0.1
 59031 108.26  24.81   342    0.1
 59034 108.67  24.48   150    0.1
 59038 108.65  24.07   138    0.2
 59052 110.82  24.83   169    3.5
 59053 110.67  24.62   105    1.6
 59055 110.40  24.50   165    3.5
 59057 110.18  24.13   830    6.2
 59064 111.32  24.55   136   0.01
 59075 112.63  24.48    70   0.01
 59099 114.93  24.45   173    0.5
 59109 115.73  24.15   123    1.1
 59127 117.83  24.43    32    0.9
 59213 106.92  23.73   110   0.01
 59229 107.70  23.17   125   0.01
 59238 108.80  23.22   122   0.01
 59241 109.68  23.97    90   0.01
 59246 109.67  23.60    70    0.2
 59255 110.38  23.55    32    1.0
 59256 110.92  23.37    54    1.5
 59419 106.75  22.10   242   33.2
 59427 107.07  22.12   163    0.2
 59429 108.01  22.18   216   18.5
 59432 108.40  22.80   194   0.01
 59449 109.98  22.30    85   0.01
 59451 110.35  22.70    98   0.01
 59454 110.99  22.95   202    0.1
