diamond  3 2014年09月03日08点24小时降雨量                    
  14  09  03  08    -1 3 10 25 50 1 0
 39 122.7  37.3 122.5  36.7 120.8  36.2 119.3  35.0 120.4  34.3
 121.1  32.7 122.3  30.9 122.5  30.1 121.5  28.0 119.8  25.0
 116.1  22.6 111.0  21.0 111.0  18.6 109.6  18.1 108.3  18.5
 108.9  19.9 109.3  21.0 106.4  21.6 104.1  22.2 101.6  20.8
  98.7  22.0  97.1  24.1  97.7  27.0  91.7  26.6  85.7  27.7
  78.9  30.6  73.3  37.1  74.1  40.7  87.6  49.8  98.5  43.9
 110.4  44.3 122.0  54.7 135.7  48.3 131.5  42.2 125.2  39.4
 121.3  38.5 121.2  40.3 118.5  38.6 120.8  38.1
 1    1032
 50431 121.52  50.78   717    4.1
 50445 123.73  50.58   423   37.1
 50526 120.70  49.28   668   15.1
 50645 124.48  48.48   195   22.1
 50646 124.85  48.48   202   25.4
 50647 123.48  48.13   236   12.0
 50655 126.18  48.50   266   16.9
 50659 126.25  48.03   291   20.7
 50741 123.50  47.93   185   10.9
 50749 124.83  47.18   154   33.4
 50750 125.30  47.90   226   27.6
 50755 126.07  47.62   249   12.2
 50767 127.10  47.23   202    3.9
 50772 129.23  48.10   288    0.5
 50832 122.08  46.72   332    1.9
 50833 122.90  46.72   187    9.1
 50842 124.42  46.83   145   32.8
 50850 125.13  46.57   147    8.6
 50851 126.08  46.68   207    8.0
 50852 126.45  46.82   169   11.8
 50858 125.93  46.07   135   11.4
 50859 126.28  46.29   169   11.2
 50861 127.48  46.89   182    6.8
 50867 127.35  46.08   134   15.0
 50913 118.83  45.72   865   0.01
 50934 121.58  45.38   311    2.3
 50937 121.48  45.06   282    2.5
 50939 122.82  45.33   150   15.5
 50940 123.17  45.85   141   19.0
 50946 124.83  45.18   139    0.4
 50954 125.08  45.50   127    4.3
 50956 126.77  46.08   134    9.7
 50958 126.93  45.53   168   19.3
 50960 127.38  45.73   184   14.9
 50962 128.03  45.95   112    3.4
 50965 128.27  45.43   167    3.1
 51468  86.83  43.10  3539    3.0
 51707  76.73  39.50  1208    0.6
 51708  75.95  39.15  1325    3.1
 51717  76.78  39.25  1206    0.1
 51802  76.17  38.93  1297    1.5
 51815  77.27  38.20  1274    0.1
 53491 114.38  40.67   837   0.01
 53492 114.15  40.10   937   0.01
 53498 115.03  40.57   629    0.1
 53512 106.80  39.80  1105    0.1
 53577 112.30  39.00  1437    0.2
 53579 112.90  39.02   859   0.01
 53582 113.67  39.72  1079   0.01
 53585 113.27  39.17   933    0.1
 53590 114.27  39.75   977    5.4
 53596 115.13  38.85    52   11.0
 53599 114.68  39.37   884    2.3
 53662 111.58  38.72  1396    0.5
 53665 111.65  38.28  1185    2.2
 53669 111.80  38.08  1150    0.7
 53674 112.70  38.40   869    1.7
 53677 112.48  37.93   806    2.7
 53679 112.54  37.75   776    1.0
 53680 114.38  38.30   108    5.2
 53681 113.37  38.83  1096    0.1
 53682 114.68  38.63   104    7.0
 53685 113.42  38.07   953    0.3
 53688 114.55  38.42   100    2.2
 53689 115.07  38.02    42   11.6
 53690 114.18  38.85   281    4.0
 53691 114.57  38.15    71    0.2
 53692 114.98  38.73    66    1.8
 53693 114.13  38.03   255    2.6
 53694 114.22  38.27   131    1.3
 53695 114.68  38.35    70    8.6
 53696 115.02  38.55    41    1.2
 53697 114.83  38.03    53   31.3
 53699 114.95  38.18    45    2.7
 53750 110.18  37.77   931    0.2
 53756 110.72  37.52   744    0.3
 53757 110.12  37.12   938   0.01
 53759 110.83  36.98  1109    0.1
 53767 111.17  37.33  1213    0.9
 53768 111.75  37.15   773    9.1
 53769 111.78  37.25   747    3.6
 53770 112.35  37.35   768    8.3
 53771 112.05  37.42   750    0.7
 53773 114.62  36.33    64    6.6
 53774 112.37  37.58   759    2.1
 53777 112.15  37.53   759   0.01
 53778 112.22  37.17   780    2.7
 53780 113.15  37.91  1066    0.1
 53781 114.47  36.87    67    2.6
 53782 113.62  37.93   767   10.4
 53783 113.70  37.60   876   11.0
 53784 114.78  37.75    38    4.2
 53785 114.67  37.52    35   31.5
 53786 113.33  37.09  1152   0.01
 53788 113.57  37.33  1265    4.3
 53789 114.63  37.88    52   20.0
 53790 114.61  37.63    44    6.2
 53791 114.52  37.77    66   14.5
 53792 114.48  37.45   113   10.3
 53794 114.75  37.35    33   11.0
 53795 114.37  37.65   137   17.2
 53796 114.89  37.62    30    4.9
 53797 114.52  37.28    73    4.4
 53860 111.17  36.98  1406    0.1
 53862 111.80  36.85   811    7.9
 53866 111.67  36.23   462    5.1
 53869 111.70  36.58   550    2.8
 53871 112.85  36.83   964    0.8
 53872 112.68  36.77   960    0.8
 53873 112.87  36.10   951    1.0
 53874 111.90  36.25   648    1.3
 53875 112.35  36.52  1000   0.01
 53878 113.38  36.52   767   0.01
 53879 112.88  36.32   952   14.4
 53880 113.23  36.33   947    0.1
 53883 114.70  37.13    36   13.9
 53885 113.20  36.12  1122    4.8
 53886 113.67  36.57   470    1.9
 53888 113.43  36.20  1089    1.9
 53889 113.82  36.07   306    8.2
 53890 114.10  36.67   280   17.6
 53891 114.68  37.02    43    5.0
 53892 114.47  36.62    66    7.0
 53893 114.95  36.77    39    4.5
 53894 114.20  36.40   149   17.0
 53895 114.50  36.78    60    6.3
 53896 114.95  36.35    50    8.8
 53897 114.38  36.38    69   20.5
 53899 114.97  36.48    48    3.2
 53962 111.70  35.73   584    0.3
 53966 111.83  35.98   817    0.5
 53970 112.20  35.70   887    5.8
 53974 114.23  35.61    70    5.0
 53976 112.87  35.50   752   0.01
 53980 114.80  36.55    50    5.8
 53981 113.27  35.78  1311    0.7
 53982 113.27  35.23   112   0.01
 53983 114.42  35.03    69    0.1
 53984 113.47  35.23    82    8.2
 53985 113.82  35.50   140    9.0
 53988 113.67  35.27    77   17.1
 53989 113.98  35.08    75   10.5
 53992 114.52  35.65    58    0.8
 53993 114.92  35.93    51   17.7
 53994 114.07  35.38    70    0.7
 53995 114.50  35.55    62    0.9
 53996 114.65  36.45    57    4.7
 53997 114.18  35.15    71    0.8
 53998 114.65  35.20    61    1.2
 54031 121.82  44.90   198    3.4
 54039 122.02  44.03   181   11.4
 54047 123.28  44.13   145    1.9
 54065 125.65  44.53   169    0.7
 54069 125.80  44.17   174    2.7
 54072 126.52  44.85   196   10.5
 54076 126.93  44.38   268   28.0
 54080 127.15  44.90   194   29.9
 54122 120.05  43.88   374    0.1
 54132 121.07  42.40   400    5.7
 54155 124.23  43.67   144    5.4
 54156 124.80  43.52   200    0.7
 54164 125.28  43.35   248    0.7
 54169 126.02  43.30   271    3.1
 54172 126.53  43.87   290   15.7
 54187 128.92  43.12   366    0.3
 54214 118.42  42.58   960    1.0
 54223 120.65  42.85   362    1.5
 54225 119.94  42.29   579    5.0
 54231 122.35  42.97   248    6.9
 54234 121.75  42.73   297    5.7
 54245 123.40  42.50    97    4.1
 54248 123.53  42.03    61    2.8
 54249 123.87  42.30    85    3.3
 54252 124.75  42.73   196    1.4
 54261 125.47  42.67   345    6.9
 54267 125.73  42.25   362   10.6
 54274 125.99  42.69   306    5.2
 54279 126.58  42.05   544   18.9
 54291 130.28  42.90    36    3.6
 54293 129.83  42.95   142    0.8
 54313 118.70  41.93   733    1.4
 54316 118.75  41.52   679    3.9
 54318 117.73  41.32   561    3.0
 54319 118.67  41.00   502    6.1
 54320 119.30  41.60   544    6.7
 54321 119.63  41.87   661    7.2
 54323 120.78  41.82   253    3.1
 54325 120.35  41.18   183   16.2
 54327 119.35  41.23   417   15.6
 54328 119.72  41.08   296   11.1
 54330 121.33  41.13    45   35.9
 54331 121.75  41.60   113   15.9
 54332 122.72  41.52    12    1.8
 54336 122.42  41.42     8    5.5
 54338 121.95  41.28     3   21.8
 54340 123.32  41.67    35   16.3
 54345 123.07  41.20    30   17.2
 54347 123.17  41.23    24   21.3
 54348 123.33  41.42    36   20.4
 54362 125.73  41.67   380    7.6
 54371 126.43  41.93   520   22.7
 54398 116.62  40.13    28    0.9
 54399 116.28  39.98    45    7.7
 54404 115.83  40.88   867    0.3
 54408 115.22  40.38   529   0.01
 54410 116.13  40.60  1224    3.9
 54412 116.63  40.73   331    9.9
 54419 116.63  40.37    75    0.7
 54420 117.33  40.93   529   10.8
 54421 117.12  40.65   293    5.9
 54424 117.12  40.17    32   24.3
 54425 117.47  40.40   633    9.1
 54428 117.40  40.03    15    6.2
 54430 118.15  40.77   269   10.3
 54431 116.63  39.92    43   29.3
 54432 118.48  40.60   304   14.3
 54433 116.50  39.95    35    8.5
 54434 118.33  40.17   131   11.3
 54437 118.62  39.51    18   12.5
 54438 118.88  39.88    65    3.0
 54439 118.72  40.02    50    8.2
 54453 120.88  40.78    38   19.4
 54474 122.35  40.42    24    0.8
 54475 122.48  40.62    11   66.8
 54483 123.90  40.88   233    2.8
 54494 124.07  40.47    72    2.5
 54499 116.22  40.22    76    0.5
 54501 115.68  39.97   440    3.6
 54502 116.03  39.48    29   37.5
 54503 115.82  39.07    12   30.6
 54505 116.10  39.94    98    1.1
 54506 115.95  39.32    24   21.7
 54507 115.52  39.33    49   14.4
 54510 116.95  39.91    18    6.9
 54512 116.28  39.42    21    9.4
 54513 116.20  39.95    65    4.3
 54514 116.25  39.87    55    5.3
 54515 116.70  39.50    13    3.9
 54517 117.20  39.07     2    5.4
 54519 116.48  39.30    12    6.3
 54520 117.08  39.97    18    0.4
 54521 116.98  39.77    13    4.0
 54522 117.73  39.88    14   15.0
 54523 117.02  39.38     4    6.2
 54526 117.33  39.08     1    4.4
 54528 117.13  39.23     3    7.8
 54529 117.82  39.35     3   24.0
 54530 117.77  39.23     1   21.9
 54531 118.72  39.73    43    9.8
 54532 118.08  39.81    31   16.7
 54533 118.10  39.58     8   27.7
 54535 118.47  39.28     3   12.8
 54540 119.20  39.73    17    4.6
 54541 119.23  39.90    24   16.8
 54568 121.75  39.05    90   11.7
 54569 121.95  39.42    11    3.7
 54575 122.37  39.42    43   10.0
 54590 124.17  39.88     4   20.3
 54594 116.35  39.72    37   18.1
 54596 116.19  39.77    48    6.6
 54597 115.73  39.73   407    9.1
 54601 115.65  38.98    13   42.6
 54603 115.77  38.72    10   14.1
 54604 115.33  38.42    29    2.6
 54605 115.93  38.93     4   11.8
 54607 115.12  38.72    45    8.0
 54608 115.55  38.00    26   10.3
 54609 115.59  38.23    22   13.6
 54610 116.10  38.73     8   11.4
 54611 115.32  38.93    44   10.0
 54612 116.46  38.85     4    8.4
 54613 116.62  38.70     6    6.1
 54614 116.06  38.42    10    8.7
 54615 116.85  38.58     8    6.7
 54616 116.85  38.35     8    4.3
 54617 116.12  38.18    13    3.8
 54619 116.92  38.92     5    4.6
 54620 115.57  38.48    18   27.7
 54621 115.18  38.18    38    4.2
 54622 117.37  38.98     3    3.6
 54626 115.82  38.42    13   18.3
 54627 117.23  38.03     8   23.7
 54628 117.48  38.15     6   35.0
 54631 115.15  37.07    32    5.0
 54632 115.03  37.07    34    7.6
 54633 115.23  37.52    26    7.6
 54636 116.10  39.02    11    5.7
 54640 114.87  36.92    36   11.3
 54644 117.12  38.05    10   26.8
 54645 117.47  38.85     2    0.7
 54700 115.93  38.03    16    6.2
 54701 115.20  37.93    35   22.5
 54702 115.70  37.73    20   23.2
 54703 115.88  37.80    21    9.5
 54704 115.57  37.52    24    9.2
 54706 115.67  37.08    31    1.4
 54707 115.98  37.35    27    1.5
 54708 115.73  37.50    23    8.4
 54709 116.07  37.22    25    1.5
 54710 116.17  37.87    18    3.1
 54711 116.28  37.70    18    0.2
 54712 116.82  37.20    18   15.2
 54713 116.53  37.88    14    1.0
 54714 116.33  37.45    23   0.01
 54716 116.80  37.67    16   14.9
 54718 116.47  37.15    22    1.6
 54719 116.68  38.03    11    1.3
 54722 117.63  37.75     6   69.6
 54723 117.57  37.65    10   54.1
 54724 117.13  37.32    14   70.0
 54726 117.18  37.70    11   38.8
 54728 117.38  37.77     8   62.7
 54729 117.87  37.17    11    6.2
 54730 118.14  37.69     6   32.4
 54731 118.22  37.48    11   14.7
 54732 118.52  37.87     5   23.1
 54734 118.00  37.36    12   22.5
 54736 118.67  37.43     6    0.1
 54737 118.15  37.15     9    5.8
 54738 118.40  37.05    15    2.8
 54749 119.95  37.18    48   11.2
 54752 120.77  37.80    60    9.1
 54755 120.39  37.33   117    6.6
 54759 120.85  37.32   205   15.1
 54765 121.43  37.48    82   23.8
 54766 121.59  37.43    39   17.0
 54777 122.07  37.20   118   14.7
 54778 122.48  37.17    61   10.1
 54800 115.25  37.00    33    9.3
 54801 115.48  36.85    35   29.0
 54802 115.73  36.82    34   31.7
 54803 116.02  36.98    27    2.9
 54804 115.13  36.30    44    4.4
 54805 115.47  36.45    39   11.8
 54806 115.97  36.42    33   27.8
 54807 115.77  36.15    41   13.1
 54809 115.28  36.55    41    3.6
 54810 116.27  36.87    27   44.7
 54811 116.62  36.93    20    6.2
 54812 116.75  36.78    22    3.6
 54814 116.25  36.53    29    4.0
 54815 116.27  36.38    31   19.1
 54816 116.80  36.52    98    5.0
 54817 115.87  35.98    42    9.4
 54818 116.42  36.25    79    1.7
 54819 116.80  36.18   113   35.7
 54820 115.17  36.82    36    3.5
 54821 117.20  37.00    20    6.3
 54822 117.73  36.87    47    9.1
 54824 117.95  36.63    95    0.4
 54825 117.85  36.52   189    1.4
 54827 117.15  36.17   128   36.3
 54828 117.68  36.23   229    0.7
 54829 117.87  36.77    85    2.0
 54830 117.93  36.82    34    1.1
 54831 118.50  36.65   102   16.7
 54832 118.73  36.88    25    0.9
 54833 118.08  36.97    15    2.2
 54834 118.28  36.87    46    0.2
 54835 118.55  36.50   106    5.0
 54837 118.83  36.68    78   10.0
 54841 119.42  36.86    23   17.3
 54844 119.18  36.42    62   21.1
 54846 119.74  36.39    51   17.4
 54848 119.42  35.98    82   24.3
 54849 120.03  36.22    84   18.2
 54851 120.56  36.90    76   13.8
 54852 120.73  36.97    54   15.1
 54853 120.42  36.17    42   18.4
 54855 120.47  36.38    26   18.3
 54861 121.53  36.93    45   13.9
 54871 122.48  36.93     9   12.1
 54900 115.02  35.70    53   10.3
 54901 115.17  36.08    47    1.0
 54902 115.12  35.90    49   10.4
 54903 115.48  35.85    45    6.3
 54904 115.52  35.58    50   15.7
 54905 115.93  35.58    46   11.9
 54906 115.42  35.25    49   25.8
 54907 116.65  34.98    34    2.6
 54908 115.10  35.27    57   10.6
 54910 116.05  35.82    40    2.9
 54911 116.40  35.93    44    1.1
 54912 116.50  35.77    41    1.5
 54913 116.82  35.75    62    0.6
 54914 116.08  35.42    40    6.2
 54915 116.60  35.43    33    1.7
 54917 116.32  35.10    36    4.0
 54918 116.97  35.60    62    0.9
 54919 116.98  35.38    88    1.6
 54920 117.28  35.65   110    1.4
 54921 116.33  35.42    38    5.5
 54922 117.78  35.88   224    2.0
 54923 117.93  35.72   202    2.7
 54925 117.63  35.52   167    3.3
 54927 117.20  35.10    74    2.8
 54932 118.65  35.77   186    8.1
 54935 118.43  35.53   119    6.6
 54938 118.40  35.05    65    9.9
 54939 118.82  35.17   113   16.2
 54940 119.20  35.75   148   27.7
 54943 120.00  35.88    10   40.6
 56016  95.62  33.85  4179    2.9
 56034  97.13  33.80  4415    0.3
 56097 104.25  33.27  1440   0.01
 56109  93.78  31.48  3940    5.6
 56128  96.60  31.22  3810   23.9
 56147  98.83  31.22  3260   16.0
 56158 100.67  31.40  3250    7.9
 56168 102.07  31.48  2168    0.6
 56180 103.85  31.68  1590    0.5
 56181 103.70  30.68   541   0.01
 56183 103.62  31.50  1370   0.01
 56184 103.17  31.43  1896    1.4
 56186 104.20  31.33   589    0.1
 56189 103.93  30.98   581    0.1
 56197 104.17  31.15   535   0.01
 56263 101.88  30.88  1949    8.4
 56267 101.02  30.03  2600   14.9
 56272 103.88  30.82   558   0.01
 56273 102.82  30.39  1022    1.0
 56276 103.82  30.45   467   0.01
 56278 102.77  30.07   755    0.1
 56279 102.93  30.15   682    0.1
 56280 103.12  30.08   691   0.01
 56284 103.43  30.45   518    0.1
 56285 103.52  30.60   523   0.01
 56289 103.87  30.20   437   0.01
 56291 104.28  30.93   469   0.01
 56298 104.60  30.13   417   0.01
 56317  94.22  29.22  2950    0.1
 56342  98.60  29.68  3870    1.2
 56371 102.23  29.92  1321    1.8
 56373 102.85  29.78   763    0.1
 56378 102.35  29.23   890   0.01
 56381 103.50  30.07   630   0.01
 56382 103.60  29.73   407   0.01
 56387 103.27  29.23   642    0.1
 56389 103.95  29.20   387    0.2
 56391 103.82  30.08   415   0.01
 56393 104.85  29.77   369   0.01
 56394 104.43  29.45   384    0.1
 56395 104.67  29.52   351   0.01
 56396 104.77  29.35   352    0.2
 56399 104.98  29.18   306    0.1
 56443  99.80  28.93  2842   0.01
 56473 102.77  28.95  1060    0.3
 56474 102.17  28.55  1774    2.5
 56478 102.43  28.30  1818    0.4
 56480 103.53  28.82   564    0.3
 56487 103.13  28.33  1943    0.7
 56490 103.90  28.95   424    0.1
 56496 105.23  28.32   358    0.2
 56497 104.23  28.10   448    0.7
 56498 104.50  28.15   549    0.9
 56567 100.85  27.30  2240    4.9
 56569 102.18  27.42  1380   14.9
 56575 102.55  27.37  1428    5.0
 56578 102.75  27.07   993    3.2
 56580 102.80  27.72  2460   10.5
 56582 103.90  27.75  1176    1.8
 56584 103.25  27.70  1093   0.01
 56585 103.53  27.18  1916   0.01
 56592 104.52  28.43   359   0.01
 56594 104.05  27.63   880    1.5
 56595 104.87  27.42  1645    0.1
 56596 105.05  27.85  1177    0.2
 56645  99.42  26.42  2344    7.8
 56646  99.92  26.53  2191    0.6
 56649  99.96  26.11  2059   0.01
 56652 100.75  26.68  2130    6.9
 56654 100.18  26.58  2195    1.5
 56665 101.85  26.68  1140    0.2
 56669 101.67  26.05  1531    6.0
 56673 102.92  26.92   893   0.01
 56674 101.73  26.50  1108   0.01
 56675 102.58  26.65  1694    0.4
 56697 104.08  26.22  1984   20.2
 56745  99.95  25.68  1626   0.01
 56746  99.52  25.47  1616   29.8
 56752 100.57  25.83  1438    4.0
 56755 100.48  25.35  1668    1.7
 56756 100.58  25.48  1992    0.1
 56757 100.28  25.27  1742    0.8
 56761 101.32  25.72  1878   10.4
 56764 101.23  25.53  1873    0.5
 56766 101.52  25.31  1822    0.1
 56767 101.28  25.18  1857    5.0
 56772 102.50  25.23  1692    3.8
 56777 102.07  25.15  1566    1.6
 56781 103.27  25.55  1873    0.7
 56782 103.55  25.42  2067   13.3
 56783 103.80  25.50  1906    0.4
 56785 103.08  25.36  1915   12.1
 56788 103.62  24.98  1857    9.5
 56790 104.25  25.68  1925   39.7
 56835  97.82  24.07   959   10.9
 56836  97.95  24.70   826    8.1
 56839  98.82  23.77   995   12.8
 56840  98.30  24.82  1012    6.3
 56841  98.68  24.60  1528    3.3
 56842  99.18  24.73  1471    0.8
 56843  99.62  24.83  1650    2.3
 56844  98.58  24.43   913    2.8
 56851 100.53  25.04  1377    4.5
 56854 100.13  24.45  1108    4.7
 56862 101.60  24.68  1968    9.3
 56863 102.48  24.93  1848   21.8
 56867 101.12  23.98  1105    7.8
 56869 101.97  24.07  1497    1.3
 56870 102.18  24.66  1600    4.4
 56871 102.60  24.65  1893    4.1
 56872 102.62  24.95  2358   34.5
 56873 102.92  24.68  1796    4.1
 56878 102.75  24.13  1801    0.9
 56879 102.91  24.19  1702   0.01
 56880 103.17  24.92  1532    1.0
 56881 103.27  24.75  1695   24.2
 56882 102.83  24.91  1976   12.0
 56883 103.98  24.82  1900   22.7
 56885 103.45  24.40  1415   10.6
 56891 104.32  24.98  1482   46.6
 56898 102.41  24.18  1600    1.9
 56944  99.27  23.15  1278    3.6
 56949  99.60  22.32   945   15.5
 56950  99.80  23.47  1044    0.8
 56952 100.70  23.50   913    0.2
 56958 100.42  21.92  1176    5.8
 56961 101.05  23.03  1336   13.3
 56962 101.67  23.42  1314    2.6
 56970 102.48  23.70  1419   0.01
 56976 102.83  23.23   232   0.01
 56978 102.42  23.00  1642   12.0
 56982 103.29  23.70  1117    0.2
 56987 103.23  22.78  1260    5.9
 56989 103.95  22.50   137   24.8
 56992 104.70  23.45  1507    0.6
 56994 104.28  23.33  1293    0.2
 56995 104.42  23.03  1332   14.1
 56996 104.70  23.13  1093   15.2
 57040 109.08  34.52   377   0.01
 57042 109.18  34.78   470    0.5
 57047 109.32  34.17   540   0.01
 57053 110.72  34.70   505    3.0
 57056 110.86  34.54   484    3.1
 57057 110.15  34.10   963    0.1
 57061 111.20  34.83   410    4.7
 57066 111.67  34.40   408    2.3
 57082 113.02  34.47   427   0.01
 57086 113.72  34.38   116   0.01
 57090 113.97  34.72    78   11.4
 57093 114.82  34.85    73    4.9
 57094 114.22  34.40    67   35.7
 57095 114.15  34.12    61   11.8
 57096 114.78  34.53    59   11.4
 57098 114.40  34.08    58   20.9
 57099 114.85  34.07    52   15.8
 57175 112.23  33.05   191    0.1
 57177 113.53  33.33    89    0.2
 57179 113.00  33.28   160   0.01
 57185 113.58  33.45    91   0.01
 57186 114.05  33.60    58   0.01
 57187 112.93  33.07   118   0.01
 57188 114.03  33.37    55    0.4
 57189 113.95  33.13    64    0.8
 57190 114.40  33.75    50    9.2
 57191 114.48  34.48    63   10.2
 57192 114.85  33.73    45   14.1
 57194 114.27  33.28    59    0.8
 57195 114.62  33.62    46    9.9
 57196 114.87  33.47    42    2.5
 57197 114.35  32.97    50    5.7
 57198 114.57  33.50    44    2.0
 57254 110.12  32.82   322   0.01
 57260 111.52  32.57   133   0.01
 57261 111.52  33.12   233    0.3
 57271 112.38  32.52    87    0.2
 57273 112.85  32.68   109    0.4
 57274 112.12  32.70   107    0.1
 57281 113.30  32.70   142    1.1
 57292 114.63  32.97    44    6.7
 57293 114.98  32.73    38    5.8
 57294 114.02  32.83    83    6.3
 57295 114.35  32.62    78    6.8
 57296 114.73  32.35    48    3.7
 57298 114.55  32.22    55    0.3
 57299 114.90  32.02    49    8.2
 57307 105.08  31.10   404    0.1
 57317 106.42  31.03   324   0.01
 57326 107.72  31.37   389    0.1
 57329 107.85  31.10   467    0.2
 57333 108.67  31.95   798   0.01
 57338 108.42  31.18   216    0.4
 57339 108.68  30.95   297    0.1
 57345 109.62  31.40   337    0.2
 57349 109.87  31.07   275    2.7
 57361 111.27  31.88   327    0.3
 57362 110.67  31.75   935    0.2
 57363 111.83  31.80   151    1.7
 57368 111.63  31.05   141    3.0
 57370 112.22  31.73    67    3.0
 57377 112.22  31.00   191    1.3
 57385 113.82  31.62    93    3.8
 57386 114.00  31.25    51    8.0
 57387 113.13  31.00    84    7.7
 57388 113.71  31.27    53    7.5
 57389 113.75  31.03    32    4.7
 57390 114.07  31.80   733    3.9
 57396 114.85  31.63   128    7.6
 57398 114.62  31.28    74    5.2
 57401 105.37  30.87   383   0.01
 57409 105.80  30.18   297    0.1
 57413 106.97  30.85   295    0.1
 57415 106.63  30.53   394   0.01
 57416 106.93  30.33   391    0.2
 57420 107.18  30.75   418    0.2
 57425 107.33  30.33   433    0.8
 57431 108.35  30.83   257    0.3
 57437 108.03  30.30   325    9.8
 57438 108.12  29.98   632    8.1
 57453 111.32  30.77   115    2.5
 57460 111.78  30.82    91    0.9
 57462 111.08  30.87   139    4.2
 57464 111.18  30.47   142    7.2
 57465 111.45  30.38    74    4.1
 57466 111.75  30.43    50    3.9
 57469 111.77  30.18    69   10.7
 57475 112.90  30.40    31    2.8
 57477 112.22  30.07    38    4.0
 57481 113.57  30.95    30    3.8
 57485 113.47  30.28    23   15.6
 57486 113.85  30.65    25   13.6
 57489 114.00  30.58    38    8.4
 57492 114.84  30.84    40   26.8
 57495 114.88  30.67    28   18.2
 57496 114.87  30.37    31   19.8
 57498 114.90  30.43    21    9.5
 57499 114.88  30.07    40    9.4
 57505 105.58  29.42   338   0.01
 57506 105.90  29.37   353   0.01
 57507 105.30  29.33   385   0.01
 57509 106.93  28.95   325    0.1
 57511 106.45  29.85   240    0.1
 57513 106.62  29.73   464   0.01
 57514 106.22  29.58   331    0.1
 57518 106.50  29.33   506    0.2
 57519 107.11  29.16   698    3.3
 57522 107.27  29.74   372    2.3
 57525 107.75  29.32   277    1.8
 57537 108.17  29.30   322   0.01
 57540 109.15  29.68   776   18.1
 57541 109.48  30.00   532   29.8
 57543 110.03  29.90   539   19.7
 57544 109.45  29.47   488   28.3
 57558 110.47  29.13   183   21.4
 57564 111.13  29.43   103   23.0
 57565 111.73  29.67    38   10.1
 57566 111.65  29.45    51    8.1
 57571 112.40  29.70    35    4.5
 57575 112.55  29.52    31   10.3
 57577 112.17  29.40    36    5.6
 57582 113.88  29.72    46    3.5
 57585 113.45  29.48    60    8.9
 57586 114.03  29.53    78    6.9
 57589 113.87  29.27   146    0.9
 57590 114.37  29.85    98    4.8
 57596 114.20  29.63   751   14.5
 57603 105.83  28.82   283    0.2
 57605 105.82  28.03   537   0.01
 57609 105.70  28.58   317    0.1
 57636 108.50  28.57   334   0.01
 57637 108.10  28.25   629   0.01
 57643 109.83  29.00   268    7.7
 57646 109.95  28.62   302    4.4
 57657 110.20  28.22   186    6.5
 57658 110.20  28.02   152    1.3
 57661 111.48  28.92    48   15.9
 57663 111.95  28.92    31    9.8
 57666 112.13  28.52    52    1.8
 57674 112.38  28.57    46    0.9
 57678 112.55  28.25    74    0.7
 57688 113.63  28.16   101    0.7
 57694 114.38  28.53   259    4.3
 57698 114.45  28.12    98    1.6
 57699 114.92  28.23    66    1.1
 57708 105.60  27.15  1700    0.1
 57720 107.17  27.88   889    0.2
 57740 109.60  27.95   349    8.5
 57742 109.20  27.52   884    0.1
 57743 109.80  27.88   176    9.0
 57754 110.15  27.35   170    2.2
 57760 111.43  27.70   249    0.8
 57762 111.70  27.69   165    0.3
 57763 112.00  27.68   205    3.1
 57767 111.01  27.13   308    0.7
 57768 111.45  27.32   242   17.4
 57769 111.73  27.23   252    0.8
 57771 112.53  27.93    88    5.6
 57772 112.50  27.75    86    8.7
 57773 112.83  27.88    63    8.9
 57777 112.87  27.23    63    6.1
 57778 112.95  27.09    70    2.4
 57781 113.50  27.65    74    4.5
 57783 113.82  27.88   118    8.6
 57786 113.85  27.63   117    7.3
 57792 114.68  27.82    93    0.1
 57794 114.02  27.63   177    7.4
 57796 114.88  27.83   189   0.01
 57800 105.37  26.77  1457    0.1
 57809 105.75  26.07  1251   11.5
 57814 106.27  26.42  1298    0.4
 57818 106.45  26.03  1140   19.9
 57821 107.50  26.70   925    6.2
 57822 107.90  26.90   835   0.01
 57824 107.23  26.58  1001   0.01
 57828 107.58  26.50   983   0.01
 57829 107.80  26.20   963    1.9
 57837 108.07  26.40   839    2.2
 57842 109.72  26.88   281   12.9
 57844 109.18  26.68   343    0.1
 57846 110.15  26.58   310    1.6
 57859 110.63  26.03   408    0.9
 57860 111.28  27.00   283   27.2
 57870 112.10  26.80   151    1.1
 57871 112.37  26.98    90    1.1
 57875 112.68  26.75   137   0.01
 57891 114.25  26.93   153    2.0
 57895 114.78  26.47   101   17.7
 57900 105.22  25.83  1552    1.0
 57903 105.60  25.94  1142    3.6
 57905 105.63  25.40  1063   63.6
 57908 105.48  25.12  1394    8.2
 57909 105.82  24.98   584   52.2
 57914 106.67  26.42  1149    1.4
 57915 106.77  26.63  1104    0.1
 57921 107.32  25.83   708    1.1
 57923 107.87  25.98   419    9.2
 57927 107.18  24.97   287    0.6
 57936 108.91  25.76   258    7.8
 57941 109.60  25.78   197   28.6
 57942 110.00  25.80   268    2.8
 57948 109.25  25.08   122   0.01
 57949 110.00  24.98   156    3.4
 57958 110.32  25.08   151    7.8
 57973 112.72  25.75   329    0.3
 57975 112.20  25.38   277    0.2
 57985 113.68  25.57   609   18.5
 57988 113.35  25.15   102   11.0
 58001 115.10  34.43    56    2.1
 58002 115.58  34.85    49    8.2
 58003 115.88  34.95    45    9.9
 58004 115.15  34.65    60    0.8
 58006 115.88  34.38    46    8.2
 58007 115.30  34.07    47    1.6
 58008 115.33  34.47    54   11.2
 58011 116.07  34.80    46   13.3
 58012 116.58  34.68    40    2.4
 58013 116.91  34.75    36    2.7
 58016 116.97  34.18    34    7.2
 58017 116.13  34.25    41    7.9
 58020 117.13  34.80    35    3.6
 58021 117.28  34.78    80    4.2
 58022 117.57  34.75    48    5.7
 58024 117.58  34.87    77    5.6
 58025 117.73  34.57    27    6.1
 58030 118.02  34.88    44    8.5
 58032 118.65  34.93    70    7.6
 58035 118.35  34.33    29    7.6
 58036 118.71  34.54    32    5.8
 58041 119.43  34.78    26   12.4
 58044 119.23  34.55     4    3.9
 58045 119.60  34.20     4    2.5
 58048 119.35  34.12     4    3.0
 58049 119.80  34.02     4    2.8
 58100 115.17  33.65    41   19.3
 58101 115.48  33.87    41    5.0
 58104 115.07  33.40    41    3.6
 58107 115.28  33.02    35    4.8
 58108 115.33  33.23    34    4.5
 58109 115.62  33.18    33    3.7
 58112 116.45  30.73   968   13.4
 58113 116.75  33.93    31    6.4
 58114 116.18  33.48    31    3.9
 58116 116.83  33.98    31    7.3
 58117 116.20  33.13    27    4.6
 58125 117.52  33.58    22    4.9
 58126 117.87  33.47    19    6.3
 58127 117.20  32.98    21    7.8
 58128 117.35  33.33    21    7.2
 58129 117.83  33.15    14   12.2
 58131 118.22  33.97    25    7.8
 58132 118.68  33.72    14    6.2
 58139 118.91  33.31    10   12.4
 58140 119.30  33.77     9    4.1
 58145 119.15  33.50     7    7.8
 58146 119.77  33.47     3    8.2
 58147 118.97  32.98    24   14.8
 58148 119.31  33.25     4   17.8
 58154 120.20  33.43     2    3.4
 58202 115.57  32.67    31    2.4
 58205 115.43  32.47    34    3.2
 58207 115.05  32.17    42    8.2
 58210 116.23  32.65    25    7.9
 58212 116.77  32.72    23   10.2
 58214 116.28  32.33    32   10.2
 58220 117.15  32.47    28   21.5
 58222 117.55  32.85    24   15.6
 58223 117.98  32.80    31   20.2
 58224 117.02  32.65    32   19.4
 58230 118.28  32.12    26   11.3
 58234 118.42  32.47    40   10.6
 58235 118.85  32.37    10    7.2
 58237 118.59  32.06    46    5.7
 58240 119.02  32.68    21   12.4
 58242 119.16  32.30    22   10.7
 58243 119.82  32.95     3    8.5
 58244 119.59  32.45     5    2.1
 58245 119.42  32.41     9    4.3
 58246 119.99  32.56     2    0.5
 58247 119.80  32.27     3    0.5
 58249 120.05  32.16     6    0.9
 58250 120.16  32.51     6    0.2
 58254 120.45  32.52     5    1.6
 58257 120.26  31.99     4    0.6
 58264 121.18  32.33     3    0.5
 58268 121.08  32.10     4    2.6
 58269 121.65  31.78     3   17.2
 58301 115.38  31.82    92    9.9
 58306 115.88  31.68    95   11.6
 58316 116.92  31.47    23   17.7
 58317 116.37  30.87   434   13.7
 58320 117.13  31.73    21   13.8
 58323 117.47  31.88    25   26.0
 58327 117.28  31.27    45   13.0
 58329 117.87  31.33     9    2.0
 58330 118.08  31.75    26    6.8
 58331 118.37  31.73    22    4.1
 58334 118.37  31.38     9    2.0
 58335 118.52  31.57    23    0.8
 58337 118.18  31.08    26    3.5
 58339 118.90  31.33    15   23.1
 58340 119.03  31.66    25    1.9
 58341 119.59  31.98     6    1.1
 58342 119.55  31.72     6    0.7
 58344 119.20  31.96    36    2.9
 58346 119.81  31.34    16   20.8
 58349 120.56  31.41     8   52.3
 58351 120.30  31.90     4    1.5
 58352 120.77  31.65     4   12.0
 58353 120.57  31.87     8    1.9
 58359 120.62  31.13     4   11.1
 58360 121.20  31.92     3   10.2
 58361 121.37  31.10     5   22.4
 58365 121.25  31.37     4   63.2
 58366 121.49  31.67     4   22.9
 58367 121.43  31.20     4   28.8
 58369 121.78  31.05     5    2.6
 58370 121.53  31.23     4   48.2
 58377 121.11  31.51     5   57.9
 58401 115.40  30.75   123   13.3
 58404 115.22  30.47    61   13.6
 58408 115.43  30.23    35   25.0
 58409 115.93  30.10    32    6.9
 58415 116.55  30.67    64   13.0
 58416 116.82  30.75    35    3.7
 58417 116.13  30.17    54   16.0
 58418 116.67  30.13    60   20.3
 58420 117.23  30.72    58    3.7
 58421 117.87  30.63    31   38.3
 58423 117.78  30.48   647   38.7
 58426 118.13  30.30   193   22.8
 58427 117.50  30.65    15   13.8
 58428 117.50  30.22   118    9.7
 58431 118.32  30.90    39   12.7
 58432 118.40  30.68    57   29.4
 58433 118.75  30.93    31   48.3
 58435 118.53  30.30   220   40.1
 58438 118.58  30.08   191   30.1
 58441 119.42  30.87    43   14.8
 58442 119.18  31.17    16   19.6
 58443 119.89  31.02    25   11.1
 58446 119.70  30.63    72   14.2
 58449 119.95  30.05    46    9.6
 58451 120.93  30.83     2   43.7
 58452 120.77  30.73     4   16.7
 58453 120.50  30.07     7    1.0
 58454 119.98  30.53   102   30.6
 58455 120.65  30.52     8    3.1
 58456 120.52  30.63     6   11.7
 58458 120.90  30.54     4   18.6
 58459 120.29  30.19    44   11.0
 58460 121.35  30.73     5   16.8
 58461 121.12  31.13     4   21.9
 58462 121.23  31.03     4   12.3
 58463 121.50  30.88     4    6.8
 58468 121.17  30.05     5   30.3
 58484 122.20  30.25    37   22.6
 58501 115.63  29.92    23    4.3
 58502 116.00  29.73    36    6.1
 58503 115.67  29.70    41   13.2
 58505 115.90  29.62    63   27.1
 58507 115.12  29.25   116   23.9
 58508 115.77  29.33    41   20.4
 58509 115.82  29.05    36   14.4
 58510 116.23  29.73    40    5.6
 58512 116.55  29.90    71   15.0
 58514 116.05  29.45    37   19.2
 58517 116.20  29.27    35   23.6
 58523 117.93  29.93   227   55.3
 58524 117.22  29.37    87    7.8
 58529 117.85  29.27    80   49.2
 58530 118.43  29.87   168   50.8
 58534 118.18  29.78   170   56.1
 58537 118.40  29.13   153   21.3
 58542 119.68  29.82    46   22.0
 58544 119.27  29.48    88   21.0
 58546 119.88  29.47   115    0.1
 58547 119.18  29.03    66    8.1
 58548 119.47  29.22    50    0.5
 58550 120.25  29.70    39    2.9
 58555 120.88  29.52   113   12.6
 58558 120.22  29.27    89   12.2
 58559 120.98  29.17    58   36.6
 58560 120.43  29.05   304   38.9
 58561 121.60  29.98     4   10.2
 58563 121.83  29.88     5    6.9
 58565 121.39  29.69    41   13.1
 58566 121.88  29.47     6   17.9
 58567 121.43  29.32    39   18.0
 58568 121.38  29.12    34   13.2
 58570 122.30  29.95    85    6.4
 58601 115.38  28.70    53   13.0
 58602 115.55  28.85    40   29.3
 58605 115.38  28.42    46   34.2
 58607 115.95  28.55    31   41.2
 58609 115.82  28.22    27   58.4
 58612 116.68  28.70    21   23.8
 58614 116.27  28.38    34   21.0
 58615 117.08  28.68    56   26.8
 58616 116.82  28.20    40   23.5
 58618 116.60  28.27    82   22.6
 58619 116.37  28.00    49   17.7
 58620 117.10  29.02    51   23.0
 58623 117.92  28.47    90   19.5
 58624 117.43  28.40    70   15.1
 58625 117.60  28.42    79    2.8
 58627 117.03  28.25    55   34.6
 58629 117.71  28.29   100   25.8
 58631 118.50  28.90   137    6.9
 58632 118.60  28.72   126    8.4
 58635 118.20  28.43    95    6.7
 58642 119.80  28.88   105    7.6
 58643 120.03  28.90   102   12.1
 58644 119.28  28.60   237    1.1
 58647 119.13  28.08   222   18.2
 58654 120.08  28.67   184    2.8
 58656 120.97  28.07    60    0.5
 58657 120.28  28.15    57   48.9
 58658 120.68  28.15    34    1.5
 58659 120.65  28.03    28    1.2
 58660 121.20  28.87     6    7.7
 58664 121.37  28.37    35    0.9
 58693 115.83  28.70    40   33.0
 58704 115.35  27.62    52    0.5
 58706 115.83  27.43   181    3.0
 58707 115.13  27.22    66    0.3
 58710 116.05  27.77    78    3.9
 58712 116.78  27.92   130   10.6
 58713 117.07  27.72   225   13.7
 58714 116.23  27.55   120    1.0
 58719 116.93  27.30   131    0.6
 58735 118.75  27.52   260    4.1
 58736 118.82  27.38   262    0.3
 58745 119.08  27.62   400    3.1
 58746 119.70  27.55   538    5.7
 58749 119.88  27.23   684    1.5
 58750 120.08  27.78   105   14.3
 58751 120.57  27.67   254    0.7
 58819 116.82  26.18   336    0.4
 58821 117.47  26.73   173    3.3
 58823 117.80  26.80   175    0.5
 58839 118.85  26.23    40   0.01
 58844 119.15  26.15    57    0.8
 58845 119.53  26.50    60    2.9
 58848 119.55  26.20    13   11.2
 58850 120.23  26.92    92    7.9
 58923 117.83  25.70   400   0.01
 58928 117.53  25.02   166   19.7
 58929 118.15  25.07    68    3.4
 58932 118.93  25.87    85    1.1
 58934 118.27  25.33   170   14.1
 58935 118.23  25.48   521    3.2
 58946 119.00  25.45    81    1.1
 59001 105.33  24.78   672    7.2
 59004 105.10  24.50   725   0.01
 59012 106.55  24.78   972   10.4
 59015 106.57  24.35   437    3.0
 59017 106.27  24.27   278    2.1
 59022 107.55  24.98   697   42.5
 59025 107.38  24.53   248    7.3
 59027 107.25  24.13   254    6.8
 59045 109.75  24.48    94    0.1
 59055 110.40  24.50   165    5.4
 59057 110.18  24.13   830    4.8
 59074 112.15  24.57   300    0.3
 59122 117.75  24.62    43   33.6
 59124 117.38  24.52    53   0.01
 59130 118.15  24.73    30    8.2
 59205 105.63  23.65   685    2.7
 59213 106.92  23.73   110    2.6
 59215 106.63  23.33   680   14.2
 59224 107.12  23.60   111    0.8
 59227 107.14  23.11   454    0.1
 59230 108.17  23.72   168    1.0
 59235 108.62  23.43   115    0.7
 59238 108.80  23.22   122    3.9
 59249 109.62  23.12    51   0.01
 59256 110.92  23.37    54    0.1
 59276 112.65  23.35    40    0.1
 59419 106.75  22.10   242    1.1
 59421 107.20  22.83   255   0.01
 59425 107.35  22.40   107    1.0
 59426 107.92  22.61   146    1.4
 59427 107.07  22.12   163    0.2
 59429 108.01  22.18   216    0.6
 59432 108.40  22.80   194    2.9
 59435 108.48  22.77    74    5.8
 59441 109.25  22.70    78    7.8
 59448 109.55  22.27    69   18.1
 59449 109.98  22.30    85    0.9
 59452 110.53  22.83   131    0.9
 59454 110.99  22.95   202    0.2
