diamond  3 2014年09月17日08点24小时降雨量                    
  14  09  17  08    -1 3 10 25 50 1 0
 39 122.7  37.3 122.5  36.7 120.8  36.2 119.3  35.0 120.4  34.3
 121.1  32.7 122.3  30.9 122.5  30.1 121.5  28.0 119.8  25.0
 116.1  22.6 111.0  21.0 111.0  18.6 109.6  18.1 108.3  18.5
 108.9  19.9 109.3  21.0 106.4  21.6 104.1  22.2 101.6  20.8
  98.7  22.0  97.1  24.1  97.7  27.0  91.7  26.6  85.7  27.7
  78.9  30.6  73.3  37.1  74.1  40.7  87.6  49.8  98.5  43.9
 110.4  44.3 122.0  54.7 135.7  48.3 131.5  42.2 125.2  39.4
 121.3  38.5 121.2  40.3 118.5  38.6 120.8  38.1
 1    1065
 50673 130.40  48.88    90    0.5
 50674 129.43  48.57   404    0.4
 50772 129.23  48.10   288    0.2
 50778 132.53  47.67    57    0.8
 50787 131.84  47.31    62    0.1
 50861 127.48  46.89   182    0.1
 50892 134.00  46.80    54    0.2
 51328  80.42  44.20   770    0.2
 51329  80.85  44.05   640    0.2
 51430  81.15  43.83   602    0.1
 51434  81.53  43.97   770    0.2
 51435  82.23  43.47   774    0.1
 51436  83.30  43.45   928   0.01
 51438  81.77  43.18  1210    0.3
 51465  87.10  43.48  1871   0.01
 51468  86.83  43.10  3539    7.4
 51559  86.40  42.32  1100    0.3
 51568  86.80  42.25  1085   0.01
 51636  82.65  41.55  1009    2.9
 52607 106.65  39.43  1252   0.01
 52656 100.82  38.43  2281    0.3
 52745  99.02  37.30  3417    1.1
 52784 102.90  37.47  2072    0.8
 52842  99.08  36.78  3087    0.1
 52853 100.98  36.90  3010    2.1
 52855 101.25  36.68  2675    0.9
 52862 101.68  36.95  2450    1.8
 52863 101.95  36.82  2480    2.6
 52869 101.58  36.50  2667    2.5
 52874 102.40  36.48  1980    0.2
 52875 102.10  36.50  2125    0.3
 52877 102.25  36.10  2834    0.7
 52881 103.18  36.98  2484    0.4
 52885 103.25  36.75  2118    0.3
 52896 104.15  36.55  1738    0.8
 52957 100.60  35.25  3148    1.6
 52963 102.02  35.93  2085    0.2
 52968 101.47  35.03  3662    3.8
 52978 102.52  35.20  2929    1.6
 52980 103.30  35.97  1648    0.2
 52981 103.38  35.68  2421    3.5
 52982 103.55  35.48  1953    1.7
 52985 103.33  35.42  2162    5.3
 52988 103.72  35.37  2015    2.8
 52993 105.07  35.68  1739    7.1
 52995 104.62  35.58  1897    5.6
 52996 105.02  35.38  2450   15.0
 52998 104.20  35.13  2111   14.5
 53272 112.63  42.75  1104    0.8
 53343 109.97  41.77  1612    4.0
 53357 110.05  41.03  1360    2.7
 53367 111.23  41.32  1602    4.6
 53368 111.47  41.08  1637   0.01
 53392 114.60  41.85  1422   0.01
 53455 110.53  40.55   998    0.4
 53457 110.03  40.40  1011   0.01
 53464 111.17  40.72  1042    0.8
 53466 111.70  40.75  1045    2.0
 53467 111.18  40.27  1016    2.0
 53469 111.82  40.40  1166    1.4
 53472 112.57  40.87  1451    0.1
 53475 112.47  40.52  1268   0.01
 53505 105.40  37.88  1380    0.2
 53518 106.35  39.03  1117    0.1
 53545 109.71  39.56  1367    5.5
 53547 109.03  39.10  1312    5.5
 53553 111.22  39.87  1221    4.1
 53562 111.67  39.92  1187    3.6
 53565 111.50  39.43  1051    6.8
 53567 111.00  39.02  1024   10.2
 53573 112.70  40.00  1336    0.8
 53574 112.27  39.52  1409    3.4
 53575 112.20  39.10  1525    4.9
 53576 112.82  39.50  1045    0.4
 53577 112.30  39.00  1437    5.9
 53579 112.90  39.02   859    3.3
 53580 113.10  39.82  1044   0.01
 53582 113.67  39.72  1079   0.01
 53584 113.17  39.57  1000    0.2
 53585 113.27  39.17   933    2.1
 53596 115.13  38.85    52    0.4
 53602 105.67  38.83  1561    0.1
 53603 106.37  38.83  1095    0.1
 53610 106.35  38.57  1106    0.2
 53611 106.55  38.88  1098    0.2
 53617 106.08  38.03  1118    0.1
 53619 106.30  38.12  1115    0.8
 53644 108.83  38.60  1307    9.2
 53658 110.48  38.03   894   29.0
 53659 111.00  37.97  1163   28.6
 53660 111.08  39.02   894   11.2
 53662 111.58  38.72  1396   10.0
 53665 111.65  38.28  1185   19.3
 53666 111.93  38.35  1212   20.2
 53669 111.80  38.08  1150   21.8
 53674 112.70  38.40   869   17.8
 53676 112.98  38.50   759   13.8
 53677 112.48  37.93   806   21.2
 53678 112.65  38.07   897   18.4
 53679 112.54  37.75   776   24.6
 53680 114.38  38.30   108   10.3
 53681 113.37  38.83  1096    6.3
 53682 114.68  38.63   104    2.8
 53685 113.42  38.07   953   16.7
 53688 114.55  38.42   100    7.7
 53689 115.07  38.02    42   15.0
 53690 114.18  38.85   281    2.2
 53691 114.57  38.15    71   10.2
 53692 114.98  38.73    66    1.3
 53693 114.13  38.03   255   15.1
 53694 114.22  38.27   131   10.6
 53695 114.68  38.35    70    8.3
 53696 115.02  38.55    41    4.5
 53697 114.83  38.03    53   15.7
 53699 114.95  38.18    45   10.1
 53707 105.25  36.93  1697    7.3
 53727 107.12  37.17  1712    0.9
 53730 107.48  38.18  1333    5.3
 53732 108.72  37.85  1209   10.0
 53748 109.70  37.18  1063   28.2
 53750 110.18  37.77   931   28.9
 53751 110.05  37.60   894   29.4
 53753 110.88  37.43   860   32.1
 53756 110.72  37.52   744   29.0
 53757 110.12  37.12   938   35.2
 53759 110.83  36.98  1109   40.0
 53760 111.23  37.88  1212   24.4
 53763 112.17  37.92  1006   22.9
 53768 111.75  37.15   773   46.7
 53769 111.78  37.25   747   39.5
 53770 112.35  37.35   768   48.9
 53771 112.05  37.42   750   50.0
 53773 114.62  36.33    64   66.9
 53774 112.37  37.58   759   32.9
 53776 112.77  37.68   831   28.4
 53777 112.15  37.53   759   34.7
 53778 112.22  37.17   780   41.5
 53780 113.15  37.91  1066   21.8
 53781 114.47  36.87    67   36.2
 53782 113.62  37.93   767   20.7
 53783 113.70  37.60   876   34.8
 53784 114.78  37.75    38   22.9
 53785 114.67  37.52    35   26.0
 53786 113.33  37.09  1152   40.4
 53788 113.57  37.33  1265   43.5
 53789 114.63  37.88    52   20.1
 53790 114.61  37.63    44   25.3
 53791 114.52  37.77    66   22.7
 53792 114.48  37.45   113   30.6
 53794 114.75  37.35    33   28.8
 53795 114.37  37.65   137   24.1
 53796 114.89  37.62    30   29.4
 53797 114.52  37.28    73   30.6
 53799 115.00  37.24    25   23.7
 53829 107.90  35.98  1093   27.5
 53832 108.77  36.77  1218   20.4
 53841 109.32  36.88  1068   25.1
 53848 109.35  36.27  1005   34.9
 53850 110.18  36.88   804   38.5
 53852 110.63  36.77   916   43.7
 53856 110.75  36.47   765   35.2
 53857 110.18  36.07   840   21.0
 53860 111.17  36.98  1406   47.6
 53861 111.38  35.88   463   28.5
 53862 111.80  36.85   811   42.7
 53864 111.10  36.40  1030   32.1
 53865 111.55  36.65  1011   40.8
 53866 111.67  36.23   462   30.7
 53869 111.70  36.58   550   31.9
 53871 112.85  36.83   964   32.9
 53872 112.68  36.77   960   34.0
 53873 112.87  36.10   951   52.8
 53874 111.90  36.25   648   40.4
 53875 112.35  36.52  1000   40.2
 53879 112.88  36.32   952   39.0
 53880 113.23  36.33   947   35.6
 53881 106.48  37.28  1382    1.4
 53883 114.70  37.13    36   28.7
 53885 113.20  36.12  1122   52.2
 53886 113.67  36.57   470   40.1
 53888 113.43  36.20  1089   58.2
 53889 113.82  36.07   306   66.0
 53890 114.10  36.67   280   39.9
 53891 114.68  37.02    43   31.1
 53892 114.47  36.62    66   48.2
 53893 114.95  36.77    39   55.3
 53894 114.20  36.40   149   62.4
 53895 114.50  36.78    60   40.6
 53896 114.95  36.35    50   63.7
 53897 114.38  36.38    69   56.3
 53899 114.97  36.48    48   60.1
 53906 105.72  35.52  1656   16.9
 53908 105.23  35.22  1768   14.8
 53914 106.12  35.62  2078   22.6
 53916 106.32  35.50  1948   26.5
 53917 106.07  35.22  1631   27.7
 53924 107.62  35.07   966   30.6
 53925 107.18  35.68  1172   23.8
 53926 107.35  35.35  1028   24.5
 53927 106.62  35.20  1477   31.0
 53928 107.02  35.30  1149   26.4
 53930 107.98  36.45  1271   28.0
 53931 109.37  36.00   984   33.2
 53934 107.98  35.78  1274   32.8
 53935 108.40  35.48  1481   29.9
 53937 107.92  35.52   979   27.5
 53938 108.30  35.17  1277   24.6
 53944 109.25  35.57   863   21.1
 53945 109.07  35.43  1395   17.4
 53946 109.82  35.60  1091   18.1
 53947 109.07  35.08   978   11.8
 53949 109.92  35.18   679   17.7
 53950 110.15  35.23   708   23.3
 53953 110.85  35.97   965   23.3
 53954 110.97  35.62   433   32.7
 53956 110.83  35.40   588   30.3
 53957 110.72  35.62   459   25.6
 53958 110.78  35.17   435   19.3
 53961 111.48  35.65   472   41.6
 53962 111.70  35.73   584   39.9
 53964 111.22  35.62   430   38.1
 53965 111.57  35.52   761   51.2
 53966 111.83  35.98   817   29.9
 53967 111.20  35.33   468   25.8
 53970 112.20  35.70   887   56.9
 53972 112.90  35.05   117   23.7
 53973 112.95  35.77   837   66.7
 53974 114.23  35.61    70   39.1
 53976 112.87  35.50   752   48.9
 53978 112.63  35.08   140   29.7
 53979 113.08  35.15   120   33.2
 53980 114.80  36.55    50   58.0
 53981 113.27  35.78  1311   60.3
 53982 113.27  35.23   112   35.0
 53983 114.42  35.03    69   40.0
 53984 113.47  35.23    82   34.3
 53985 113.82  35.50   140   35.9
 53987 113.36  35.11    94   24.9
 53988 113.67  35.27    77   31.7
 53989 113.98  35.08    75   24.8
 53991 114.33  35.92    93   62.9
 53992 114.52  35.65    58   40.0
 53993 114.92  35.93    51   53.4
 53994 114.07  35.38    70   27.7
 53995 114.50  35.55    62   36.2
 53996 114.65  36.45    57   60.8
 53997 114.18  35.15    71   29.6
 53998 114.65  35.20    61   34.4
 54204 115.00  42.30  1346   0.01
 54503 115.82  39.07    12   0.01
 54506 115.95  39.32    24   0.01
 54512 116.28  39.42    21   0.01
 54526 117.33  39.08     1   0.01
 54601 115.65  38.98    13    0.2
 54603 115.77  38.72    10    2.5
 54604 115.33  38.42    29    6.0
 54605 115.93  38.93     4    0.3
 54607 115.12  38.72    45    1.3
 54608 115.55  38.00    26   17.4
 54609 115.59  38.23    22    9.8
 54610 116.10  38.73     8    2.3
 54611 115.32  38.93    44    0.3
 54612 116.46  38.85     4    0.4
 54613 116.62  38.70     6    2.4
 54614 116.06  38.42    10    6.4
 54615 116.85  38.58     8    3.8
 54616 116.85  38.35     8    8.4
 54617 116.12  38.18    13   10.6
 54619 116.92  38.92     5    0.3
 54620 115.57  38.48    18    4.8
 54621 115.18  38.18    38   10.2
 54622 117.37  38.98     3   0.01
 54626 115.82  38.42    13    6.1
 54627 117.23  38.03     8   10.3
 54628 117.48  38.15     6    8.6
 54631 115.15  37.07    32   31.3
 54632 115.03  37.07    34   30.1
 54633 115.23  37.52    26   23.1
 54636 116.10  39.02    11    0.1
 54640 114.87  36.92    36   38.8
 54644 117.12  38.05    10    9.7
 54645 117.47  38.85     2    0.1
 54700 115.93  38.03    16   16.5
 54701 115.20  37.93    35   18.1
 54702 115.70  37.73    20   18.6
 54703 115.88  37.80    21   20.9
 54704 115.57  37.52    24   20.8
 54706 115.67  37.08    31   26.6
 54707 115.98  37.35    27   14.3
 54708 115.73  37.50    23   20.9
 54709 116.07  37.22    25   16.7
 54710 116.17  37.87    18   18.9
 54711 116.28  37.70    18   18.3
 54712 116.82  37.20    18   12.7
 54713 116.53  37.88    14   16.5
 54714 116.33  37.45    23   13.8
 54716 116.80  37.67    16   20.3
 54717 116.40  37.63    17   21.5
 54718 116.47  37.15    22   14.7
 54719 116.68  38.03    11   12.0
 54722 117.63  37.75     6   13.6
 54723 117.57  37.65    10   17.0
 54724 117.13  37.32    14   12.2
 54726 117.18  37.70    11   17.3
 54728 117.38  37.77     8   13.9
 54729 117.87  37.17    11   13.2
 54730 118.14  37.69     6   13.0
 54731 118.22  37.48    11   11.8
 54732 118.52  37.87     5    6.8
 54734 118.00  37.36    12   13.4
 54736 118.67  37.43     6   11.6
 54737 118.15  37.15     9   13.3
 54738 118.40  37.05    15   14.1
 54749 119.95  37.18    48   10.6
 54752 120.77  37.80    60    5.5
 54755 120.39  37.33   117    9.1
 54759 120.85  37.32   205    4.9
 54765 121.43  37.48    82    1.2
 54766 121.59  37.43    39    1.8
 54777 122.07  37.20   118    1.3
 54778 122.48  37.17    61    0.3
 54800 115.25  37.00    33   32.4
 54801 115.48  36.85    35   37.7
 54802 115.73  36.82    34   42.2
 54803 116.02  36.98    27   26.7
 54804 115.13  36.30    44   57.0
 54805 115.47  36.45    39   59.2
 54806 115.97  36.42    33   50.5
 54807 115.77  36.15    41   45.9
 54809 115.28  36.55    41   58.5
 54810 116.27  36.87    27   37.2
 54811 116.62  36.93    20   23.3
 54812 116.75  36.78    22   30.7
 54814 116.25  36.53    29   45.7
 54815 116.27  36.38    31   51.2
 54816 116.80  36.52    98   44.2
 54817 115.87  35.98    42   39.3
 54818 116.42  36.25    79   43.9
 54819 116.80  36.18   113   33.5
 54820 115.17  36.82    36   44.7
 54821 117.20  37.00    20   14.3
 54822 117.73  36.87    47   14.5
 54824 117.95  36.63    95   17.5
 54825 117.85  36.52   189   20.6
 54827 117.15  36.17   128   26.7
 54828 117.68  36.23   229   27.1
 54829 117.87  36.77    85   16.7
 54830 117.93  36.82    34   14.1
 54831 118.50  36.65   102   17.9
 54832 118.73  36.88    25   16.7
 54833 118.08  36.97    15   11.2
 54834 118.28  36.87    46   14.3
 54835 118.55  36.50   106   13.2
 54837 118.83  36.68    78   14.6
 54841 119.42  36.86    23   13.9
 54844 119.18  36.42    62   12.2
 54846 119.74  36.39    51    9.8
 54848 119.42  35.98    82    7.1
 54849 120.03  36.22    84    7.7
 54851 120.56  36.90    76   10.4
 54852 120.73  36.97    54    8.7
 54853 120.42  36.17    42    4.4
 54855 120.47  36.38    26    5.5
 54861 121.53  36.93    45    3.4
 54871 122.48  36.93     9    0.1
 54900 115.02  35.70    53   40.4
 54901 115.17  36.08    47   58.6
 54902 115.12  35.90    49   56.0
 54903 115.48  35.85    45   40.7
 54904 115.52  35.58    50   26.3
 54905 115.93  35.58    46   23.2
 54906 115.42  35.25    49   32.0
 54907 116.65  34.98    34   17.1
 54908 115.10  35.27    57   29.7
 54910 116.05  35.82    40   30.5
 54911 116.40  35.93    44   27.9
 54912 116.50  35.77    41   21.6
 54913 116.82  35.75    62   16.3
 54914 116.08  35.42    40   22.7
 54915 116.60  35.43    33   19.4
 54917 116.32  35.10    36   20.3
 54918 116.97  35.60    62   15.5
 54919 116.98  35.38    88   22.6
 54920 117.28  35.65   110   15.5
 54921 116.33  35.42    38   22.3
 54922 117.78  35.88   224   14.5
 54923 117.93  35.72   202   15.3
 54925 117.63  35.52   167   16.1
 54927 117.20  35.10    74   13.5
 54932 118.65  35.77   186   11.4
 54935 118.43  35.53   119   12.8
 54938 118.40  35.05    65   15.1
 54939 118.82  35.17   113    5.2
 54940 119.20  35.75   148    7.8
 54943 120.00  35.88    10    2.7
 56016  95.62  33.85  4179    2.9
 56034  97.13  33.80  4415    2.9
 56045  99.90  33.97  4050   11.4
 56071 102.50  34.58  3105    9.0
 56081 103.35  34.70  2810   15.9
 56082 103.50  34.58  2540   13.1
 56084 103.23  34.07  2374   20.9
 56091 104.47  34.85  1883   14.6
 56092 104.65  35.00  1728   11.7
 56094 104.37  33.78  1400   37.7
 56095 104.38  34.03  1753   28.5
 56097 104.25  33.27  1440   13.0
 56109  93.78  31.48  3940    3.3
 56128  96.60  31.22  3810    0.8
 56147  98.83  31.22  3260    4.0
 56158 100.67  31.40  3250    0.3
 56164 100.98  32.27  3284   21.2
 56168 102.07  31.48  2168   0.01
 56171 101.70  32.90  3275   18.3
 56180 103.85  31.68  1590    0.7
 56181 103.70  30.68   541    0.4
 56184 103.17  31.43  1896   0.01
 56185 102.98  32.08  2400    0.6
 56186 104.20  31.33   589    0.1
 56189 103.93  30.98   581    0.2
 56190 104.55  31.55   519    0.3
 56192 104.67  32.95  1014    5.3
 56193 104.52  32.42   893    2.7
 56194 104.45  31.63   597    0.8
 56195 104.73  31.80   543    0.6
 56198 104.50  31.32   525    0.2
 56199 104.68  31.03   423    0.1
 56272 103.88  30.82   558    1.8
 56273 102.82  30.39  1022    2.9
 56276 103.82  30.45   467   0.01
 56278 102.77  30.07   755    4.2
 56279 102.93  30.15   682    0.8
 56280 103.12  30.08   691    2.3
 56281 103.50  30.18   510    8.3
 56284 103.43  30.45   518    3.4
 56285 103.52  30.60   523    0.5
 56286 104.25  30.55   515   0.01
 56288 103.92  30.58   494    1.4
 56289 103.87  30.20   437   0.01
 56291 104.28  30.93   469   0.01
 56295 104.55  30.38   448    0.1
 56296 104.43  30.85   448   0.01
 56297 104.15  30.02   436    0.1
 56298 104.60  30.13   417    0.3
 56342  98.60  29.68  3870   0.01
 56373 102.85  29.78   763    0.5
 56376 102.63  29.33  1098    0.6
 56378 102.35  29.23   890    1.1
 56380 103.35  29.88   571    4.2
 56381 103.50  30.07   630    2.8
 56382 103.60  29.73   407    0.9
 56383 103.87  29.83   455    1.0
 56384 103.48  29.60   446    7.2
 56387 103.27  29.23   642    0.7
 56389 103.95  29.20   387    2.7
 56390 104.07  29.67   404    0.4
 56391 103.82  30.08   415    0.6
 56393 104.85  29.77   369    3.4
 56394 104.43  29.45   384    1.6
 56395 104.67  29.52   351    2.3
 56396 104.77  29.35   352    1.6
 56399 104.98  29.18   306    4.4
 56474 102.17  28.55  1774    1.3
 56478 102.43  28.30  1818   0.01
 56480 103.53  28.82   564    0.9
 56483 103.95  28.58   496    1.7
 56490 103.90  28.95   424    6.7
 56491 104.57  28.70   287    6.7
 56493 104.97  28.85   292    4.6
 56494 104.15  28.65   462    1.3
 56496 105.23  28.32   358   13.2
 56497 104.23  28.10   448    3.9
 56498 104.50  28.15   549    6.5
 56499 104.78  28.38   368    7.5
 56567 100.85  27.30  2240    2.0
 56575 102.55  27.37  1428    0.5
 56578 102.75  27.07   993    0.2
 56580 102.80  27.72  2460    0.5
 56582 103.90  27.75  1176    3.7
 56585 103.53  27.18  1916    2.7
 56592 104.52  28.43   359    5.0
 56593 104.92  28.58   279    6.3
 56594 104.05  27.63   880    0.6
 56596 105.05  27.85  1177    9.4
 56598 104.73  27.13  1535   25.9
 56649  99.96  26.11  2059    6.6
 56652 100.75  26.68  2130   0.01
 56665 101.85  26.68  1140   0.01
 56669 101.67  26.05  1531    0.1
 56670 102.12  26.92  1136    0.6
 56674 101.73  26.50  1108    0.2
 56675 102.58  26.65  1694   0.01
 56688 103.17  26.10  1254    3.1
 56697 104.08  26.22  1984   26.9
 56742  99.37  25.90  1658   0.01
 56745  99.95  25.68  1626    2.5
 56755 100.48  25.35  1668    0.1
 56756 100.58  25.48  1992   0.01
 56761 101.32  25.72  1878    0.1
 56764 101.23  25.53  1873   0.01
 56766 101.52  25.31  1822    1.5
 56767 101.28  25.18  1857    0.2
 56772 102.50  25.23  1692    0.2
 56774 102.42  25.53  1710    1.1
 56775 102.45  25.55  1750    1.4
 56777 102.07  25.15  1566    3.1
 56781 103.27  25.55  1873    2.1
 56782 103.55  25.42  2067    8.9
 56783 103.80  25.50  1906    4.4
 56785 103.08  25.36  1915    1.9
 56788 103.62  24.98  1857    2.5
 56790 104.25  25.68  1925   13.3
 56839  98.82  23.77   995    0.9
 56840  98.30  24.82  1012   0.01
 56843  99.62  24.83  1650   0.01
 56846  99.93  24.58  1569    3.4
 56849  99.23  24.03  1606    6.7
 56862 101.60  24.68  1968    4.4
 56863 102.48  24.93  1848    2.1
 56867 101.12  23.98  1105    0.7
 56869 101.97  24.07  1497   0.01
 56870 102.18  24.66  1600   0.01
 56871 102.60  24.65  1893    3.9
 56872 102.62  24.95  2358    8.5
 56873 102.92  24.68  1796    3.8
 56876 102.77  24.28  1731    2.9
 56878 102.75  24.13  1801    3.5
 56879 102.91  24.19  1702    6.8
 56880 103.17  24.92  1532    3.3
 56881 103.27  24.75  1695    2.2
 56882 102.83  24.91  1976    1.3
 56883 103.98  24.82  1900   23.1
 56885 103.45  24.40  1415    2.3
 56889 104.17  24.05  1518   10.9
 56891 104.32  24.98  1482    9.1
 56898 102.41  24.18  1600    0.3
 56944  99.27  23.15  1278    0.4
 56948  99.60  22.63  1155   45.4
 56949  99.60  22.32   945    1.6
 56950  99.80  23.47  1044    8.6
 56952 100.70  23.50   913   0.01
 56958 100.42  21.92  1176    3.3
 56961 101.05  23.03  1336   0.01
 56970 102.48  23.70  1419    0.3
 56973 102.83  23.62  1309    0.7
 56975 102.43  23.37   974   0.01
 56976 102.83  23.23   232    2.4
 56978 102.42  23.00  1642    3.1
 56982 103.29  23.70  1117   12.3
 56984 103.15  23.38  1720   11.7
 56987 103.23  22.78  1260   18.3
 56989 103.95  22.50   137   10.4
 56992 104.70  23.45  1507   25.7
 56994 104.28  23.33  1293   14.8
 56995 104.42  23.03  1332   20.3
 56996 104.70  23.13  1093   65.1
 57001 105.33  34.75  1271   25.9
 57002 105.65  34.85  1216   24.8
 57003 106.83  34.90   924   23.9
 57004 104.88  34.73  1495   19.1
 57006 105.75  34.58  1141   29.6
 57007 105.18  34.18  1404   29.8
 57008 105.30  34.03  1579   14.7
 57011 106.15  34.75  1378   27.1
 57012 106.20  34.98  1664   27.8
 57016 107.13  34.35   612   17.0
 57020 107.40  34.37   563   26.8
 57021 107.13  34.65   751   23.7
 57022 107.78  34.68  1026   26.7
 57023 108.11  35.02   919   23.2
 57024 107.65  34.45   669   31.6
 57026 107.88  34.37   585   21.9
 57027 107.73  34.27   517   23.8
 57029 108.48  34.50   543   11.8
 57031 108.55  34.82  1012   14.0
 57032 108.20  34.13   436   14.4
 57033 108.82  34.55   428   11.2
 57035 108.23  34.55   636   20.0
 57038 108.45  34.28   410   16.8
 57039 108.88  34.08   445   14.7
 57040 109.08  34.52   377    7.4
 57041 108.92  34.63   424   13.9
 57042 109.18  34.78   470   14.3
 57043 109.97  34.80   351    8.5
 57044 109.23  34.40   424    7.8
 57045 109.48  34.52   349    9.3
 57047 109.32  34.17   540    8.4
 57053 110.72  34.70   505   11.2
 57054 110.23  34.55   556   12.3
 57055 110.08  34.55   351   10.6
 57056 110.86  34.54   484   12.3
 57057 110.15  34.10   963    6.6
 57060 111.23  35.17   402   24.3
 57061 111.20  34.83   410   14.0
 57063 111.77  34.77   523   16.6
 57065 112.13  34.55   317   11.2
 57066 111.67  34.40   408   11.7
 57070 112.12  34.73   364   15.5
 57072 112.75  34.92   127   15.1
 57074 112.40  34.42   252    4.0
 57075 112.87  34.17   203    3.7
 57076 112.78  34.73   189    6.8
 57078 112.47  34.15   336    3.5
 57079 113.03  34.95   106   20.4
 57080 112.97  34.73   165    8.1
 57081 113.43  34.80   140   21.1
 57082 113.02  34.47   427    4.7
 57084 113.05  34.49  1178   14.5
 57085 113.33  34.53   259    9.7
 57086 113.72  34.38   116   20.8
 57087 113.73  34.27   104   15.2
 57088 113.50  34.15   116    8.7
 57090 113.97  34.72    78   19.6
 57093 114.82  34.85    73   20.8
 57094 114.22  34.40    67   18.1
 57095 114.15  34.12    61   12.8
 57096 114.78  34.53    59   15.7
 57098 114.40  34.08    58   10.6
 57099 114.85  34.07    52    9.6
 57102 105.72  33.75   970   10.2
 57105 105.60  33.33  1221    7.8
 57110 106.08  33.78   930   10.7
 57111 106.30  33.92   961   10.2
 57113 106.53  33.90   985   11.1
 57119 106.70  33.17   548   17.6
 57123 108.07  34.28   506   12.0
 57126 107.55  33.22   468   17.6
 57128 107.33  33.17   486   19.6
 57129 107.72  32.98   446    6.4
 57132 108.58  34.13   411   13.0
 57137 108.32  33.32   802    8.1
 57140 109.12  33.67   818    9.7
 57153 110.33  33.68   581    2.1
 57155 109.87  33.55   660    2.7
 57162 112.07  34.13   440    3.4
 57169 111.87  33.05   159    4.0
 57173 112.88  33.75   145    7.8
 57175 112.23  33.05   191    5.2
 57176 112.42  33.48   231    1.8
 57177 113.53  33.33    89    6.0
 57179 113.00  33.28   160    1.1
 57180 113.20  33.98   117    6.9
 57183 113.92  33.80    60    9.1
 57184 113.30  33.63    97    6.3
 57185 113.58  33.45    91    5.7
 57186 114.05  33.60    58    6.2
 57187 112.93  33.07   118    0.4
 57188 114.03  33.37    55    5.9
 57189 113.95  33.13    64    5.5
 57190 114.40  33.75    50    6.7
 57191 114.48  34.48    63   20.3
 57192 114.85  33.73    45    3.7
 57194 114.27  33.28    59    6.3
 57195 114.62  33.62    46    4.3
 57196 114.87  33.47    42    1.3
 57197 114.35  32.97    50    2.1
 57198 114.57  33.50    44    3.8
 57204 105.22  32.57   782    2.3
 57208 105.52  32.28   544    5.7
 57213 106.93  33.00   536   22.2
 57216 106.83  32.35   579   13.9
 57217 106.28  32.23   485   10.0
 57231 108.53  32.53   503   10.4
 57233 108.50  32.90   413   13.9
 57242 109.37  32.85   285    1.2
 57247 108.90  32.32   438    0.6
 57248 109.33  32.40   431    1.1
 57249 109.68  32.32   448    0.3
 57253 110.82  32.85   201    0.9
 57254 110.12  32.82   322   0.01
 57257 110.23  32.23   307    0.2
 57260 111.52  32.57   133    9.8
 57261 111.52  33.12   233    3.0
 57268 111.62  32.27   120    2.1
 57271 112.38  32.52    87    0.5
 57273 112.85  32.68   109    1.0
 57274 112.12  32.70   107   0.01
 57281 113.30  32.70   142    0.5
 57292 114.63  32.97    44    0.8
 57293 114.98  32.73    38    0.1
 57294 114.02  32.83    83    3.4
 57295 114.35  32.62    78    0.7
 57298 114.55  32.22    55    0.4
 57299 114.90  32.02    49    0.5
 57303 105.92  31.73   459    3.5
 57304 105.17  31.67   516   0.01
 57307 105.08  31.10   404    1.0
 57308 105.38  31.22   421   0.01
 57309 105.88  30.98   378    2.2
 57314 106.07  31.35   405    2.5
 57315 106.40  31.53   655    4.0
 57317 106.42  31.03   324    3.1
 57318 106.55  31.07   338    1.5
 57320 107.22  31.93   482    1.9
 57324 107.08  31.58   364    3.6
 57326 107.72  31.37   389    3.2
 57329 107.85  31.10   467    0.5
 57333 108.67  31.95   798    2.8
 57338 108.42  31.18   216    1.8
 57339 108.68  30.95   297    5.7
 57345 109.62  31.40   337    6.2
 57349 109.87  31.07   275   10.9
 57361 111.27  31.88   327    0.7
 57362 110.67  31.75   935    0.4
 57363 111.83  31.80   151    1.2
 57368 111.63  31.05   141   19.9
 57370 112.22  31.73    67    3.2
 57377 112.22  31.00   191    1.0
 57386 114.00  31.25    51    8.9
 57387 113.13  31.00    84    0.5
 57388 113.71  31.27    53    0.9
 57389 113.75  31.03    32    3.2
 57390 114.07  31.80   733    0.2
 57396 114.85  31.63   128   0.01
 57398 114.62  31.28    74    0.2
 57401 105.37  30.87   383    2.2
 57402 105.70  30.77   394   0.01
 57407 105.03  30.28   462    0.1
 57408 105.35  30.12   338    9.2
 57409 105.80  30.18   297    5.5
 57413 106.97  30.85   295    8.1
 57414 106.45  30.52   403    2.4
 57415 106.63  30.53   394    3.5
 57416 106.93  30.33   391    3.5
 57417 106.28  30.35   315    3.1
 57420 107.18  30.75   418    0.6
 57431 108.35  30.83   257    3.4
 57437 108.03  30.30   325    0.3
 57438 108.12  29.98   632    1.8
 57453 111.32  30.77   115   14.1
 57460 111.78  30.82    91   35.2
 57462 111.08  30.87   139    2.5
 57464 111.18  30.47   142    5.0
 57465 111.45  30.38    74   31.7
 57466 111.75  30.43    50   16.0
 57469 111.77  30.18    69    5.2
 57475 112.90  30.40    31    0.5
 57477 112.22  30.07    38    0.7
 57481 113.57  30.95    30    1.3
 57485 113.47  30.28    23    3.7
 57486 113.85  30.65    25    0.2
 57489 114.00  30.58    38    0.1
 57491 114.40  30.87    31    1.6
 57495 114.88  30.67    28    0.2
 57505 105.58  29.42   338   11.1
 57506 105.90  29.37   353    7.3
 57507 105.30  29.33   385    7.2
 57508 105.37  29.15   301    8.6
 57509 106.93  28.95   325    1.1
 57510 106.07  29.85   326    4.9
 57511 106.45  29.85   240    0.7
 57513 106.62  29.73   464    1.2
 57514 106.22  29.58   331    3.6
 57518 106.50  29.33   506    1.4
 57519 107.11  29.16   698    3.1
 57522 107.27  29.74   372    0.1
 57525 107.75  29.32   277    6.2
 57537 108.17  29.30   322    1.0
 57540 109.15  29.68   776   0.01
 57541 109.48  30.00   532   20.0
 57543 110.03  29.90   539    0.2
 57544 109.45  29.47   488    1.3
 57558 110.47  29.13   183   0.01
 57564 111.13  29.43   103    1.8
 57565 111.72  29.67    38    8.0
 57566 111.65  29.45    51   14.4
 57571 112.40  29.70    35    0.4
 57577 112.17  29.40    36   0.01
 57582 113.88  29.72    46    0.1
 57585 113.45  29.48    60    0.4
 57600 105.06  28.71   420    8.1
 57603 105.83  28.82   283    0.4
 57605 105.82  28.03   537   16.6
 57609 105.70  28.58   317   19.2
 57623 107.60  28.88   685    0.4
 57635 108.98  28.45   363    0.6
 57636 108.50  28.57   334    0.8
 57640 109.45  28.58   341    0.1
 57646 109.95  28.62   302    0.3
 57657 110.20  28.22   186    1.5
 57658 110.20  28.02   152    3.4
 57661 111.48  28.92    48    3.8
 57663 111.95  28.92    31    1.1
 57666 112.13  28.52    52    2.2
 57674 112.38  28.57    46    0.2
 57678 112.55  28.25    74    0.1
 57698 114.45  28.12    98    0.2
 57699 114.92  28.23    66    1.6
 57708 105.60  27.15  1700   29.2
 57713 106.88  27.70   843    4.6
 57714 106.23  27.47   942   16.6
 57717 106.83  27.53   974    7.3
 57719 106.97  27.07  1275   19.6
 57720 107.17  27.88   889    2.1
 57728 107.47  27.07  1096   11.6
 57734 108.23  27.57   467    0.3
 57735 108.82  27.18   404    1.1
 57736 108.85  27.70   369    0.7
 57737 108.12  27.03   547    1.2
 57738 108.42  27.05   516    0.8
 57739 108.92  27.23   394    0.9
 57740 109.60  27.95   349    0.7
 57742 109.20  27.52   884    0.8
 57743 109.80  27.88   176    0.7
 57744 109.17  27.37   355    0.2
 57754 110.15  27.35   170    0.7
 57760 111.43  27.70   249    0.2
 57762 111.70  27.69   165    0.2
 57763 112.00  27.68   205   0.01
 57767 111.01  27.13   308    0.3
 57768 111.45  27.32   242   0.01
 57769 111.73  27.23   252    0.1
 57777 112.87  27.23    63   0.01
 57778 112.95  27.09    70   0.01
 57781 113.50  27.65    74    2.1
 57783 113.82  27.88   118   0.01
 57786 113.85  27.63   117    0.1
 57792 114.68  27.82    93   11.5
 57794 114.02  27.63   177   0.01
 57796 114.88  27.83   189   19.0
 57798 114.60  27.40    85   20.4
 57800 105.37  26.77  1457   36.8
 57807 105.47  26.21  1361   21.6
 57808 105.75  26.32  1274   11.3
 57809 105.75  26.07  1251    5.8
 57811 106.60  26.83  1296   12.6
 57813 106.47  26.57  1261   11.9
 57814 106.27  26.42  1298   15.4
 57818 106.45  26.03  1140   13.0
 57821 107.50  26.70   925   10.3
 57822 107.90  26.90   835    5.4
 57824 107.23  26.58  1001    8.4
 57828 107.58  26.50   983   11.2
 57829 107.80  26.20   963   10.5
 57834 108.30  26.68   641    5.7
 57835 108.43  26.72   527    2.9
 57837 108.07  26.40   839    8.3
 57842 109.72  26.88   281    2.6
 57844 109.18  26.68   343    1.3
 57846 110.15  26.58   310    1.1
 57851 110.83  26.46   346    7.2
 57859 110.63  26.03   408    5.3
 57860 111.28  27.00   283    1.0
 57865 111.58  26.47   166    1.1
 57867 111.28  26.40   169    2.1
 57868 111.86  26.59   113   0.01
 57870 112.10  26.80   151    0.4
 57871 112.37  26.98    90   0.01
 57876 112.83  26.43   135    0.3
 57881 113.25  26.72   101   0.01
 57883 114.28  26.75   253   15.9
 57887 113.12  26.12   167   0.01
 57891 114.25  26.93   153    7.0
 57895 114.78  26.47   101    0.6
 57900 105.22  25.83  1552   43.6
 57903 105.60  25.94  1142   24.6
 57905 105.63  25.40  1063   30.7
 57908 105.48  25.12  1394   37.9
 57909 105.82  24.98   584   28.1
 57911 106.65  26.67  1323    8.5
 57913 106.98  26.45  1093   20.5
 57914 106.67  26.42  1149    3.9
 57915 106.77  26.63  1104    8.2
 57921 107.32  25.83   708    2.7
 57923 107.87  25.98   419    7.5
 57927 107.18  24.97   287    5.6
 57936 108.91  25.76   258    6.7
 57941 109.60  25.78   197   0.01
 57942 110.00  25.80   268    2.7
 57948 109.25  25.08   122    0.5
 57949 110.00  24.98   156    2.1
 57954 110.18  25.23   157    0.8
 57955 110.67  25.62   224    0.4
 57956 110.32  25.42   167    0.5
 57958 110.32  25.08   151    0.1
 57960 111.07  25.93   195    1.4
 57962 111.65  25.97   167    0.6
 57964 111.15  25.50   263    2.5
 57966 111.96  25.59   244    2.5
 57969 111.34  25.27   227    2.3
 57971 112.20  25.92   224    0.9
 57973 112.72  25.75   329    9.6
 57975 112.20  25.38   277   20.3
 57976 112.94  25.41   222   18.7
 57978 112.55  25.27   292    2.0
 57981 113.22  25.97   139    0.4
 57985 113.68  25.57   609    8.7
 57988 113.35  25.15   102   24.8
 57989 113.77  25.07   112    2.9
 57990 114.30  25.70   246    1.7
 57991 114.55  25.80   140   0.01
 57992 114.75  25.67   127    0.1
 57994 114.35  25.40   215    2.1
 57995 114.93  25.40   164    0.3
 58001 115.10  34.43    56   12.6
 58002 115.58  34.85    49   20.7
 58003 115.88  34.95    45   20.1
 58004 115.15  34.65    60   15.2
 58006 115.88  34.38    46   11.1
 58007 115.30  34.07    47    4.5
 58008 115.33  34.47    54   13.1
 58011 116.07  34.80    46   17.5
 58012 116.58  34.68    40   15.4
 58013 116.91  34.75    36   12.5
 58016 116.97  34.18    34    0.4
 58017 116.13  34.25    41    2.6
 58020 117.13  34.80    35   12.0
 58021 117.28  34.78    80    5.6
 58022 117.57  34.75    48    3.6
 58024 117.58  34.87    77   11.9
 58025 117.73  34.57    27    1.9
 58030 118.02  34.88    44    9.0
 58032 118.65  34.93    70    4.9
 58036 118.71  34.54    32    0.4
 58041 119.43  34.78    26    2.4
 58044 119.23  34.55     4    0.8
 58100 115.17  33.65    41    1.4
 58101 115.48  33.87    41    1.4
 58104 115.07  33.40    41    1.5
 58108 115.33  33.23    34    0.3
 58113 116.75  33.93    31   0.01
 58114 116.18  33.48    31   0.01
 58116 116.83  33.98    31    0.1
 58127 117.20  32.98    21    0.1
 58154 120.20  33.43     2   0.01
 58207 115.05  32.17    42    0.1
 58301 115.38  31.82    92    0.3
 58360 121.20  31.92     3   0.01
 58441 119.42  30.87    43   0.01
 58446 119.70  30.63    72    0.1
 58449 119.95  30.05    46   0.01
 58451 120.93  30.83     2   0.01
 58459 120.29  30.19    44   0.01
 58514 116.05  29.45    37   0.01
 58517 116.20  29.27    35    0.1
 58567 121.43  29.32    39   0.01
 58642 119.80  28.88   105   0.01
 58657 120.28  28.15    57   0.01
 58658 120.68  28.15    34   0.01
 58659 120.65  28.03    28   0.01
 58664 121.37  28.37    35   0.01
 58701 115.40  27.77    46    1.0
 58704 115.35  27.62    52    0.2
 58707 115.13  27.22    66    1.6
 58746 119.70  27.55   538   0.01
 58747 119.35  27.15   899   0.01
 58749 119.88  27.23   684   0.01
 58750 120.08  27.78   105   0.01
 58751 120.57  27.67   254    0.3
 58804 115.35  26.35   151    1.2
 58821 117.47  26.73   173   0.01
 58822 116.85  26.83   342    0.3
 58824 117.15  26.40   357    0.7
 58826 117.80  26.40   120    0.7
 58828 117.62  26.27   208   10.1
 58907 115.40  25.15   305    0.4
 58912 116.73  25.72   404    0.1
 58917 116.10  25.08   307    3.9
 58923 117.83  25.70   400    1.1
 58928 117.53  25.02   166    3.8
 58929 118.15  25.07    68    3.1
 58934 118.27  25.33   170    5.5
 58935 118.23  25.48   521    0.1
 59001 105.33  24.78   672   37.8
 59004 105.10  24.50   725    7.6
 59012 106.55  24.78   972   37.0
 59015 106.57  24.35   437   31.9
 59017 106.27  24.27   278   15.2
 59022 107.55  24.98   697   14.6
 59025 107.38  24.53   248   13.2
 59027 107.25  24.13   254   19.3
 59031 108.26  24.81   342    1.7
 59033 108.90  24.78   328    7.1
 59034 108.67  24.48   150    6.7
 59038 108.65  24.07   138   17.9
 59041 109.25  24.65   108    2.1
 59044 109.38  24.47    97    2.6
 59045 109.75  24.48    94    2.0
 59047 109.33  24.25   100    5.1
 59051 110.50  24.77   136    2.3
 59052 110.82  24.83   169    4.7
 59053 110.67  24.62   105    2.6
 59055 110.40  24.50   165    2.9
 59057 110.18  24.13   830   50.5
 59059 110.80  24.18   105    8.8
 59061 111.27  24.82   193   12.4
 59063 111.45  25.18   265    4.7
 59064 111.32  24.55   136   25.1
 59071 112.28  24.73   174   18.8
 59074 112.15  24.57   300    6.1
 59075 112.63  24.48    70   14.6
 59081 113.29  24.78   131    8.8
 59090 114.07  24.95   103    9.6
 59091 114.52  24.75   277   18.5
 59093 115.03  24.78   253    1.9
 59094 114.12  24.35   184   10.6
 59099 114.93  24.45   173    5.7
 59106 115.90  24.58   152    5.4
 59109 115.73  24.15   123    8.6
 59114 116.17  24.65   135   21.8
 59122 117.75  24.62    43   27.7
 59124 117.38  24.52    53   17.7
 59125 117.30  24.38   108   23.3
 59127 117.83  24.43    32   24.5
 59129 117.60  24.13    53    2.3
 59131 118.37  24.97    45    2.9
 59137 118.57  24.82    56    1.0
 59205 105.63  23.65   685   41.1
 59213 106.92  23.73   110   45.9
 59215 106.63  23.33   680  107.4
 59224 107.12  23.60   111   57.2
 59227 107.14  23.11   454  139.7
 59229 107.70  23.17   125   31.3
 59230 108.17  23.72   168   15.5
 59235 108.62  23.43   115   28.5
 59237 108.28  23.17   111    4.9
 59238 108.80  23.22   122   18.7
 59241 109.68  23.97    90    2.5
 59246 109.67  23.60    70    2.9
 59249 109.62  23.12    51   16.1
 59255 110.38  23.55    32    7.9
 59256 110.92  23.37    54   19.3
 59264 111.50  23.40    83   19.9
 59266 111.23  23.42    42   11.2
 59268 111.53  23.25    29   31.5
 59269 111.78  23.17    47   34.0
 59270 112.18  23.92    84   27.5
 59276 112.65  23.35    40   42.2
 59279 112.87  23.18    24   40.1
 59284 113.23  23.42    38    9.4
 59285 113.60  23.57    38   32.5
 59288 113.02  23.15    29   45.8
 59290 114.25  23.78    85   28.7
 59297 114.28  23.17    17   34.1
 59310 116.18  23.77    45   17.7
 59312 116.70  23.67    60   20.1
 59313 116.98  23.68    44   10.5
 59314 116.13  23.30    29    9.5
 59315 116.40  23.58    43    0.9
 59318 116.58  23.27     5   17.1
 59319 116.83  23.43     4   0.01
 59320 117.13  23.75    37   12.3
 59322 117.37  23.98    22   50.8
 59419 106.75  22.10   242  116.6
 59421 107.20  22.83   255  103.6
 59425 107.35  22.40   107   46.6
 59426 107.92  22.61   146  180.6
 59427 107.07  22.12   163   71.3
 59429 108.01  22.18   216  180.2
 59432 108.40  22.80   194   13.0
 59435 108.48  22.77    74   15.6
 59441 109.25  22.70    78   81.9
 59448 109.55  22.27    69   61.1
 59449 109.98  22.30    85   67.0
 59451 110.35  22.70    98   30.1
 59452 110.53  22.83   131   19.6
 59454 110.99  22.95   202   48.2
 59457 110.27  22.32   121   52.5
 59469 111.78  22.17    37  136.4
 59470 112.20  22.70    57   78.5
 59471 112.05  22.93   101   73.5
 59473 112.97  22.77    19   76.2
 59475 112.65  22.40    27   27.4
 59476 113.03  22.53    36   60.0
 59477 112.23  22.27    68   57.3
