diamond  3 2014年10月30日08点24小时降雨量                    
  14  10  30  08    -1 3 10 25 50 1 0
 39 122.7  37.3 122.5  36.7 120.8  36.2 119.3  35.0 120.4  34.3
 121.1  32.7 122.3  30.9 122.5  30.1 121.5  28.0 119.8  25.0
 116.1  22.6 111.0  21.0 111.0  18.6 109.6  18.1 108.3  18.5
 108.9  19.9 109.3  21.0 106.4  21.6 104.1  22.2 101.6  20.8
  98.7  22.0  97.1  24.1  97.7  27.0  91.7  26.6  85.7  27.7
  78.9  30.6  73.3  37.1  74.1  40.7  87.6  49.8  98.5  43.9
 110.4  44.3 122.0  54.7 135.7  48.3 131.5  42.2 125.2  39.4
 121.3  38.5 121.2  40.3 118.5  38.6 120.8  38.1
 1     886
 50645 124.48  48.48   195    0.5
 50647 123.48  48.13   236    1.8
 50655 126.18  48.50   266    1.0
 50659 126.25  48.03   291    4.8
 50673 130.40  48.88    90    0.5
 50674 129.43  48.57   404    0.8
 50741 123.50  47.93   185    0.7
 50749 124.83  47.18   154    1.5
 50750 125.30  47.90   226    2.6
 50755 126.07  47.62   249    1.5
 50772 129.23  48.10   288   0.01
 50776 130.83  47.57    83    0.4
 50832 122.08  46.72   332    0.6
 50842 124.42  46.83   145    3.2
 50913 118.83  45.72   865   0.01
 50924 119.67  45.53   823    1.1
 50928 120.33  45.07   628    1.9
 50934 121.58  45.38   311    0.2
 50937 121.48  45.06   282   0.01
 50939 122.82  45.33   150   0.01
 50940 123.17  45.85   141   0.01
 51629  80.23  41.27  1132    0.1
 51707  76.73  39.50  1208    1.5
 51708  75.95  39.15  1325    9.2
 51717  76.78  39.25  1206    2.2
 51802  76.17  38.93  1297    1.8
 51814  77.40  37.92  1360    7.1
 51815  77.27  38.20  1274    5.1
 51826  80.80  37.02  1336   0.01
 51827  79.63  37.17  1348   0.01
 51829  80.17  37.08  1347   0.01
 52607 106.65  39.43  1252    0.2
 52784 102.90  37.47  2072    1.2
 52842  99.08  36.78  3087   0.01
 52996 105.02  35.38  2450    0.4
 53272 112.63  42.75  1104    7.9
 53324 107.05  41.07  1035    3.0
 53337 108.27  41.10  1023    5.5
 53343 109.97  41.77  1612    3.2
 53348 109.13  41.02  1078    1.7
 53357 110.05  41.03  1360    3.3
 53368 111.47  41.08  1637    2.4
 53378 112.62  41.28  1737    4.1
 53384 113.18  41.45  1423    1.3
 53385 113.54  41.60  1420    0.3
 53392 114.60  41.85  1422    0.6
 53397 113.98  41.10  1376    0.5
 53419 107.00  40.33  1055    4.7
 53420 107.12  40.85  1024    3.3
 53433 108.65  40.73  1020    4.0
 53455 110.53  40.55   998    7.9
 53457 110.03  40.40  1011    6.1
 53464 111.17  40.72  1042    6.0
 53466 111.70  40.75  1045    6.8
 53467 111.18  40.27  1016    6.3
 53469 111.82  40.40  1166    5.7
 53472 112.57  40.87  1451    3.3
 53475 112.47  40.52  1268    3.0
 53481 113.22  40.80  1316    1.6
 53483 113.83  40.87  1268    0.9
 53484 113.15  40.45  1191    2.6
 53486 113.77  40.37  1050    1.2
 53488 113.58  40.03  1034    1.4
 53491 114.38  40.67   837    0.9
 53492 114.15  40.10   937    0.9
 53498 115.03  40.57   629    0.7
 53499 114.73  40.77   755    0.4
 53512 106.80  39.80  1105    2.3
 53517 106.33  39.27  1464    0.2
 53518 106.35  39.03  1117   0.01
 53522 107.83  40.05  1180    1.1
 53533 108.71  39.81  1414    7.4
 53545 109.71  39.56  1367    5.4
 53547 109.03  39.10  1312    2.3
 53553 111.22  39.87  1221    3.9
 53562 111.67  39.92  1187    3.0
 53565 111.50  39.43  1051    2.4
 53567 111.00  39.02  1024    0.9
 53574 112.27  39.52  1409    2.4
 53575 112.20  39.10  1525   0.01
 53576 112.82  39.50  1045    0.8
 53577 112.30  39.00  1437   0.01
 53579 112.90  39.02   859    1.1
 53580 113.10  39.82  1044    1.3
 53582 113.67  39.72  1079    0.5
 53585 113.27  39.17   933    1.1
 53590 114.27  39.75   977    0.9
 53599 114.68  39.37   884    8.4
 53602 105.67  38.83  1561    0.3
 53611 106.55  38.88  1098   0.01
 53644 108.83  38.60  1307    0.4
 53658 110.48  38.03   894    0.6
 53659 111.00  37.97  1163    0.2
 53660 111.08  39.02   894    1.9
 53662 111.58  38.72  1396   0.01
 53674 112.70  38.40   869    0.4
 53676 112.98  38.50   759    0.4
 53677 112.48  37.93   806    2.0
 53678 112.65  38.07   897    3.0
 53679 112.54  37.75   776    0.9
 53680 114.38  38.30   108    0.2
 53682 114.68  38.63   104    0.2
 53685 113.42  38.07   953    0.6
 53688 114.55  38.42   100    0.2
 53690 114.18  38.85   281    1.3
 53691 114.57  38.15    71    0.3
 53693 114.13  38.03   255    1.0
 53694 114.22  38.27   131    0.2
 53695 114.68  38.35    70    0.1
 53696 115.02  38.55    41   0.01
 53748 109.70  37.18  1063   0.01
 53750 110.18  37.77   931    0.5
 53751 110.05  37.60   894    0.6
 53756 110.72  37.52   744    0.5
 53757 110.12  37.12   938    0.7
 53759 110.83  36.98  1109   0.01
 53760 111.23  37.88  1212    0.2
 53763 112.17  37.92  1006    0.6
 53767 111.17  37.33  1213    0.1
 53769 111.78  37.25   747   0.01
 53770 112.35  37.35   768    0.8
 53771 112.05  37.42   750    0.1
 53774 112.37  37.58   759    0.7
 53776 112.77  37.68   831    1.9
 53777 112.15  37.53   759    0.5
 53778 112.22  37.17   780   0.01
 53780 113.15  37.91  1066    2.0
 53782 113.62  37.93   767    0.2
 53783 113.70  37.60   876    0.7
 53785 114.67  37.52    35    0.1
 53786 113.33  37.09  1152   0.01
 53790 114.61  37.63    44    0.2
 53791 114.52  37.77    66   0.01
 53794 114.75  37.35    33   0.01
 53796 114.89  37.62    30   0.01
 53797 114.52  37.28    73   0.01
 53829 107.90  35.98  1093    0.2
 53848 109.35  36.27  1005    0.1
 53850 110.18  36.88   804    0.5
 53856 110.75  36.47   765    0.5
 53857 110.18  36.07   840   0.01
 53860 111.17  36.98  1406    0.1
 53871 112.85  36.83   964    0.1
 53875 112.35  36.52  1000    0.1
 53878 113.38  36.52   767   0.01
 53880 113.23  36.33   947   0.01
 53888 113.43  36.20  1089   0.01
 53889 113.82  36.07   306   0.01
 53890 114.10  36.67   280    0.1
 53895 114.50  36.78    60   0.01
 53916 106.32  35.50  1948   0.01
 53924 107.62  35.07   966    0.2
 53925 107.18  35.68  1172    0.5
 53926 107.35  35.35  1028    1.4
 53927 106.62  35.20  1477    0.6
 53930 107.98  36.45  1271   0.01
 53931 109.37  36.00   984    0.1
 53934 107.98  35.78  1274    0.2
 53935 108.40  35.48  1481    0.3
 53944 109.25  35.57   863    0.1
 53946 109.82  35.60  1091   0.01
 53953 110.85  35.97   965   0.01
 53962 111.70  35.73   584   0.01
 53974 114.23  35.61    70   0.01
 53978 112.63  35.08   140   0.01
 53981 113.27  35.78  1311   0.01
 53982 113.27  35.23   112   0.01
 53983 114.42  35.03    69   0.01
 53984 113.47  35.23    82   0.01
 53985 113.82  35.50   140    0.1
 53987 113.36  35.11    94   0.01
 53988 113.67  35.27    77   0.01
 53992 114.52  35.65    58   0.01
 53994 114.07  35.38    70   0.01
 53997 114.18  35.15    71    0.1
 54024 119.30  44.45   710    2.0
 54113 118.65  43.53   621    0.1
 54117 117.53  43.25  1003    1.4
 54122 120.05  43.88   374    1.0
 54204 115.00  42.30  1346    0.7
 54205 116.00  42.23  1315    0.3
 54214 118.42  42.58   960    1.2
 54301 115.67  41.67  1412    2.5
 54304 115.27  40.95  1239    1.5
 54305 115.27  41.88  1468    1.9
 54313 118.70  41.93   733   0.01
 54399 116.28  39.98    45    0.1
 54404 115.83  40.88   867    0.1
 54408 115.22  40.38   529    0.5
 54410 116.13  40.60  1224    0.1
 54419 116.63  40.37    75    0.1
 54421 117.12  40.65   293   0.01
 54499 116.22  40.22    76    2.1
 54501 115.68  39.97   440    0.4
 54503 115.82  39.07    12    0.2
 54507 115.52  39.33    49   0.01
 54510 116.95  39.91    18   0.01
 54512 116.28  39.42    21    0.2
 54514 116.25  39.87    55   0.01
 54521 116.98  39.77    13   0.01
 54597 115.73  39.73   407    0.6
 54612 116.46  38.85     4   0.01
 54724 117.13  37.32    14    0.4
 54728 117.38  37.77     8   0.01
 54729 117.87  37.17    11   0.01
 54736 118.67  37.43     6   0.01
 54749 119.95  37.18    48    0.1
 54752 120.77  37.80    60   0.01
 54755 120.39  37.33   117    0.4
 54759 120.85  37.32   205   0.01
 54765 121.43  37.48    82   0.01
 54800 115.25  37.00    33   0.01
 54801 115.48  36.85    35    0.9
 54816 116.80  36.52    98    1.2
 54819 116.80  36.18   113    0.9
 54821 117.20  37.00    20    1.2
 54822 117.73  36.87    47    0.6
 54824 117.95  36.63    95    0.3
 54825 117.85  36.52   189    0.2
 54827 117.15  36.17   128    0.1
 54828 117.68  36.23   229    0.3
 54829 117.87  36.77    85    0.9
 54830 117.93  36.82    34    0.6
 54831 118.50  36.65   102    0.5
 54832 118.73  36.88    25   0.01
 54833 118.08  36.97    15    0.2
 54834 118.28  36.87    46    0.1
 54835 118.55  36.50   106    0.1
 54837 118.83  36.68    78    1.4
 54841 119.42  36.86    23    2.0
 54844 119.18  36.42    62    0.3
 54846 119.74  36.39    51    4.4
 54848 119.42  35.98    82    2.8
 54849 120.03  36.22    84   17.9
 54851 120.56  36.90    76   0.01
 54852 120.73  36.97    54   0.01
 54853 120.42  36.17    42    6.8
 54855 120.47  36.38    26   0.01
 54861 121.53  36.93    45   0.01
 54871 122.48  36.93     9   0.01
 54901 115.17  36.08    47    0.1
 54906 115.42  35.25    49   0.01
 54907 116.65  34.98    34   0.01
 54913 116.82  35.75    62    0.8
 54915 116.60  35.43    33    0.6
 54917 116.32  35.10    36    0.3
 54918 116.97  35.60    62    0.2
 54919 116.98  35.38    88    0.3
 54920 117.28  35.65   110    1.1
 54921 116.33  35.42    38    0.5
 54922 117.78  35.88   224    0.9
 54923 117.93  35.72   202    0.7
 54925 117.63  35.52   167    0.4
 54927 117.20  35.10    74    0.1
 54932 118.65  35.77   186    3.3
 54935 118.43  35.53   119    2.4
 54938 118.40  35.05    65    2.7
 54939 118.82  35.17   113    2.9
 54940 119.20  35.75   148    1.2
 54943 120.00  35.88    10   17.7
 56034  97.13  33.80  4415   0.01
 56084 103.23  34.07  2374    0.1
 56091 104.47  34.85  1883   0.01
 56092 104.65  35.00  1728    0.1
 56097 104.25  33.27  1440    0.1
 56109  93.78  31.48  3940   0.01
 56147  98.83  31.22  3260    2.5
 56158 100.67  31.40  3250    1.1
 56180 103.85  31.68  1590   0.01
 56181 103.70  30.68   541    0.3
 56183 103.62  31.50  1370    1.0
 56184 103.17  31.43  1896    4.5
 56185 102.98  32.08  2400    2.8
 56186 104.20  31.33   589    0.3
 56190 104.55  31.55   519    0.1
 56192 104.67  32.95  1014    1.5
 56197 104.17  31.15   535    0.3
 56198 104.50  31.32   525    0.2
 56199 104.68  31.03   423    1.5
 56272 103.88  30.82   558    0.1
 56273 102.82  30.39  1022    0.4
 56276 103.82  30.45   467    3.5
 56278 102.77  30.07   755    3.2
 56279 102.93  30.15   682    1.2
 56280 103.12  30.08   691    5.4
 56281 103.50  30.18   510    7.7
 56284 103.43  30.45   518    1.1
 56285 103.52  30.60   523    0.4
 56286 104.25  30.55   515    1.9
 56288 103.92  30.58   494    3.9
 56289 103.87  30.20   437   10.0
 56290 104.18  30.78   514    4.0
 56291 104.28  30.93   469    0.5
 56295 104.55  30.38   448   10.9
 56296 104.43  30.85   448    3.2
 56297 104.15  30.02   436   12.5
 56298 104.60  30.13   417    8.3
 56317  94.22  29.22  2950    0.8
 56371 102.23  29.92  1321    0.6
 56373 102.85  29.78   763   12.6
 56376 102.63  29.33  1098    2.7
 56380 103.35  29.88   571   23.8
 56381 103.50  30.07   630   12.9
 56382 103.60  29.73   407    2.5
 56383 103.87  29.83   455    5.5
 56384 103.48  29.60   446    3.8
 56389 103.95  29.20   387    4.3
 56390 104.07  29.67   404    6.7
 56391 103.82  30.08   415   16.5
 56393 104.85  29.77   369   14.5
 56394 104.43  29.45   384   12.4
 56395 104.67  29.52   351   17.4
 56396 104.77  29.35   352    5.7
 56399 104.98  29.18   306    3.2
 56480 103.53  28.82   564    1.6
 56483 103.95  28.58   496    1.3
 56489 103.63  28.23   877   0.01
 56490 103.90  28.95   424    5.1
 56491 104.57  28.70   287    9.4
 56493 104.97  28.85   292    1.4
 56494 104.15  28.65   462    0.9
 56496 105.23  28.32   358    0.1
 56498 104.50  28.15   549    1.1
 56499 104.78  28.38   368    0.1
 56575 102.55  27.37  1428    0.1
 56592 104.52  28.43   359    1.5
 56593 104.92  28.58   279    1.0
 56595 104.87  27.42  1645    2.9
 56598 104.73  27.13  1535    1.5
 56641  98.87  26.90  1189    0.1
 56649  99.96  26.11  2059   0.01
 56665 101.85  26.68  1140   0.01
 56669 101.67  26.05  1531    1.0
 56670 102.12  26.92  1136    0.1
 56675 102.58  26.65  1694    1.2
 56688 103.17  26.10  1254    1.5
 56742  99.37  25.90  1658    0.1
 56745  99.95  25.68  1626    0.2
 56746  99.52  25.47  1616    0.3
 56752 100.57  25.83  1438    0.5
 56755 100.48  25.35  1668    2.4
 56756 100.58  25.48  1992    2.0
 56757 100.28  25.27  1742    4.0
 56761 101.32  25.72  1878    4.6
 56764 101.23  25.53  1873    7.5
 56766 101.52  25.31  1822    4.2
 56767 101.28  25.18  1857    7.1
 56772 102.50  25.23  1692    1.0
 56774 102.42  25.53  1710    4.9
 56775 102.45  25.55  1750    4.7
 56777 102.07  25.15  1566    3.8
 56781 103.27  25.55  1873   0.01
 56782 103.55  25.42  2067    0.3
 56783 103.80  25.50  1906    0.6
 56790 104.25  25.68  1925    1.3
 56835  97.82  24.07   959    0.1
 56836  97.95  24.70   826    0.8
 56839  98.82  23.77   995    6.0
 56840  98.30  24.82  1012    1.2
 56841  98.68  24.60  1528    0.4
 56842  99.18  24.73  1471    1.7
 56843  99.62  24.83  1650    7.8
 56844  98.58  24.43   913    0.8
 56846  99.93  24.58  1569    9.0
 56849  99.23  24.03  1606    6.6
 56851 100.53  25.04  1377   10.1
 56854 100.13  24.45  1108    5.4
 56862 101.60  24.68  1968    1.5
 56863 102.48  24.93  1848    4.0
 56867 101.12  23.98  1105    2.0
 56869 101.97  24.07  1497   0.01
 56870 102.18  24.66  1600    7.1
 56871 102.60  24.65  1893    0.1
 56872 102.62  24.95  2358    3.3
 56873 102.92  24.68  1796    8.7
 56876 102.77  24.28  1731   12.8
 56878 102.75  24.13  1801    9.5
 56879 102.91  24.19  1702    9.0
 56880 103.17  24.92  1532    3.4
 56881 103.27  24.75  1695    7.9
 56882 102.83  24.91  1976    3.3
 56883 103.98  24.82  1900    5.8
 56885 103.45  24.40  1415   21.6
 56889 104.17  24.05  1518    6.4
 56891 104.32  24.98  1482    0.7
 56898 102.41  24.18  1600   11.8
 56944  99.27  23.15  1278    2.6
 56950  99.80  23.47  1044    0.8
 56952 100.70  23.50   913    0.2
 56958 100.42  21.92  1176    2.5
 56961 101.05  23.03  1336    0.8
 56962 101.67  23.42  1314   13.7
 56970 102.48  23.70  1419   18.3
 56973 102.83  23.62  1309    8.0
 56975 102.43  23.37   974    9.7
 56976 102.83  23.23   232    9.9
 56978 102.42  23.00  1642    2.9
 56982 103.29  23.70  1117    0.1
 56984 103.15  23.38  1720   22.1
 56987 103.23  22.78  1260   27.3
 56989 103.95  22.50   137    0.1
 56992 104.70  23.45  1507    0.4
 56995 104.42  23.03  1332    0.5
 57003 106.83  34.90   924    0.2
 57004 104.88  34.73  1495   0.01
 57006 105.75  34.58  1141    0.1
 57007 105.18  34.18  1404    2.0
 57008 105.30  34.03  1579    1.1
 57011 106.15  34.75  1378    0.1
 57012 106.20  34.98  1664   0.01
 57016 107.13  34.35   612    0.4
 57020 107.40  34.37   563   0.01
 57021 107.13  34.65   751    0.4
 57022 107.78  34.68  1026    0.4
 57023 108.11  35.02   919   0.01
 57024 107.65  34.45   669   0.01
 57031 108.55  34.82  1012   0.01
 57032 108.20  34.13   436    0.1
 57065 112.13  34.55   317   0.01
 57075 112.87  34.17   203    0.1
 57078 112.47  34.15   336    0.5
 57082 113.02  34.47   427    0.1
 57084 113.05  34.49  1178    1.4
 57086 113.72  34.38   116   0.01
 57087 113.73  34.27   104    0.2
 57090 113.97  34.72    78    0.2
 57094 114.22  34.40    67    0.7
 57095 114.15  34.12    61    1.9
 57096 114.78  34.53    59    0.1
 57099 114.85  34.07    52    0.3
 57102 105.72  33.75   970    0.2
 57105 105.60  33.33  1221    0.1
 57110 106.08  33.78   930    2.3
 57111 106.30  33.92   961    0.4
 57140 109.12  33.67   818   0.01
 57162 112.07  34.13   440   0.01
 57173 112.88  33.75   145    0.1
 57175 112.23  33.05   191   0.01
 57177 113.53  33.33    89    2.2
 57180 113.20  33.98   117    0.1
 57182 113.52  33.85    80    0.1
 57183 113.92  33.80    60    0.3
 57184 113.30  33.63    97    1.0
 57185 113.58  33.45    91    0.5
 57186 114.05  33.60    58    0.6
 57188 114.03  33.37    55    0.4
 57189 113.95  33.13    64    1.2
 57190 114.40  33.75    50    0.8
 57191 114.48  34.48    63   0.01
 57192 114.85  33.73    45    1.0
 57194 114.27  33.28    59    1.0
 57195 114.62  33.62    46    0.8
 57196 114.87  33.47    42    0.8
 57197 114.35  32.97    50    0.3
 57198 114.57  33.50    44    0.8
 57208 105.52  32.28   544    1.5
 57217 106.28  32.23   485    0.5
 57249 109.68  32.32   448    1.6
 57253 110.82  32.85   201    0.2
 57257 110.23  32.23   307    0.1
 57260 111.52  32.57   133    1.0
 57268 111.62  32.27   120    2.8
 57271 112.38  32.52    87    0.9
 57273 112.85  32.68   109   0.01
 57274 112.12  32.70   107    0.2
 57281 113.30  32.70   142    0.2
 57292 114.63  32.97    44    1.3
 57293 114.98  32.73    38    1.0
 57294 114.02  32.83    83    4.1
 57295 114.35  32.62    78    1.3
 57296 114.73  32.35    48    6.5
 57298 114.55  32.22    55    8.0
 57299 114.90  32.02    49   13.8
 57303 105.92  31.73   459    0.1
 57304 105.17  31.67   516   0.01
 57307 105.08  31.10   404    0.4
 57308 105.38  31.22   421   0.01
 57309 105.88  30.98   378    0.5
 57314 106.07  31.35   405   0.01
 57320 107.22  31.93   482   0.01
 57326 107.72  31.37   389   0.01
 57329 107.85  31.10   467   0.01
 57333 108.67  31.95   798   0.01
 57339 108.68  30.95   297    0.7
 57345 109.62  31.40   337    0.8
 57349 109.87  31.07   275    0.9
 57361 111.27  31.88   327    4.1
 57362 110.67  31.75   935    1.3
 57363 111.83  31.80   151    5.3
 57368 111.63  31.05   141   11.3
 57370 112.22  31.73    67    3.7
 57377 112.22  31.00   191   22.1
 57385 113.82  31.62    93   10.8
 57386 114.00  31.25    51   22.6
 57387 113.13  31.00    84   17.0
 57388 113.71  31.27    53   15.9
 57389 113.75  31.03    32   16.7
 57390 114.07  31.80   733   11.2
 57396 114.85  31.63   128   12.1
 57398 114.62  31.28    74   12.4
 57401 105.37  30.87   383    1.7
 57402 105.70  30.77   394    0.9
 57407 105.03  30.28   462    1.3
 57408 105.35  30.12   338    0.2
 57409 105.80  30.18   297    0.5
 57416 106.93  30.33   391    0.1
 57425 107.33  30.33   433   0.01
 57431 108.35  30.83   257    1.3
 57437 108.03  30.30   325    4.3
 57438 108.12  29.98   632    3.2
 57453 111.32  30.77   115   22.2
 57460 111.78  30.82    91   22.4
 57462 111.08  30.87   139    9.5
 57464 111.18  30.47   142   23.0
 57465 111.45  30.38    74   26.4
 57466 111.75  30.43    50   28.2
 57469 111.77  30.18    69   21.2
 57475 112.90  30.40    31   21.5
 57477 112.22  30.07    38   23.4
 57481 113.57  30.95    30   22.7
 57485 113.47  30.28    23   25.4
 57486 113.85  30.65    25   22.7
 57489 114.00  30.58    38   26.1
 57491 114.40  30.87    31   23.3
 57492 114.84  30.84    40   20.1
 57495 114.88  30.67    28   21.1
 57496 114.87  30.37    31   28.7
 57498 114.90  30.43    21   26.6
 57499 114.88  30.07    40   25.4
 57505 105.58  29.42   338   0.01
 57507 105.30  29.33   385    0.8
 57509 106.93  28.95   325    2.1
 57511 106.45  29.85   240    0.2
 57514 106.22  29.58   331   0.01
 57518 106.50  29.33   506    0.1
 57519 107.11  29.16   698    1.4
 57522 107.27  29.74   372    2.9
 57525 107.75  29.32   277    8.8
 57537 108.17  29.30   322   23.0
 57540 109.15  29.68   776   26.4
 57541 109.48  30.00   532   18.1
 57543 110.03  29.90   539   47.4
 57544 109.45  29.47   488   14.5
 57558 110.47  29.13   183   27.3
 57564 111.13  29.43   103   26.6
 57565 111.73  29.67    38   24.8
 57566 111.65  29.45    51   34.8
 57571 112.40  29.70    35   46.3
 57575 112.55  29.52    31   44.5
 57577 112.17  29.40    36   58.8
 57582 113.88  29.72    46   30.1
 57585 113.45  29.48    60   61.4
 57586 114.03  29.53    78   68.8
 57589 113.87  29.27   146   93.0
 57590 114.37  29.85    98   27.9
 57596 114.20  29.63   751   59.3
 57603 105.83  28.82   283   0.01
 57605 105.82  28.03   537    1.5
 57609 105.70  28.58   317    0.3
 57623 107.60  28.88   685   44.4
 57634 107.88  28.52   660   16.3
 57635 108.98  28.45   363   24.5
 57636 108.50  28.57   334    3.0
 57637 108.10  28.25   629    2.7
 57640 109.45  28.58   341   12.7
 57643 109.83  29.00   268   17.4
 57646 109.95  28.62   302   27.0
 57657 110.20  28.22   186   73.1
 57658 110.20  28.02   152   49.0
 57661 111.48  28.92    48   73.2
 57663 111.95  28.92    31   69.5
 57666 112.13  28.52    52   38.1
 57674 112.38  28.57    46   49.6
 57678 112.55  28.25    74   28.4
 57680 113.07  28.80    46   60.6
 57688 113.63  28.16   101   12.5
 57694 114.38  28.53   259   29.4
 57698 114.45  28.12    98   20.2
 57699 114.92  28.23    66   12.3
 57708 105.60  27.15  1700   0.01
 57713 106.88  27.70   843    0.5
 57714 106.23  27.47   942    0.2
 57717 106.83  27.53   974    0.3
 57719 106.97  27.07  1275    2.8
 57720 107.17  27.88   889    1.2
 57723 107.72  27.98   710    3.4
 57728 107.47  27.07  1096   22.8
 57732 108.40  28.02   456    5.9
 57734 108.23  27.57   467   16.0
 57735 108.82  27.18   404   14.8
 57736 108.85  27.70   369   43.9
 57737 108.12  27.03   547   19.3
 57738 108.42  27.05   516   17.5
 57739 108.92  27.23   394   14.3
 57740 109.60  27.95   349   54.1
 57742 109.20  27.52   884   18.5
 57743 109.80  27.88   176   52.6
 57744 109.17  27.37   355   15.6
 57754 110.15  27.35   170   32.6
 57760 111.43  27.70   249   55.8
 57762 111.70  27.69   165   18.0
 57763 112.00  27.68   205   21.8
 57767 111.01  27.13   308   24.7
 57768 111.45  27.32   242   18.1
 57769 111.73  27.23   252   19.4
 57771 112.53  27.93    88   19.1
 57772 112.50  27.75    86   26.1
 57773 112.83  27.88    63   42.4
 57777 112.87  27.23    63    1.5
 57778 112.95  27.09    70    0.2
 57781 113.50  27.65    74    7.6
 57783 113.82  27.88   118   19.4
 57786 113.85  27.63   117    0.5
 57794 114.02  27.63   177   0.01
 57796 114.88  27.83   189   0.01
 57800 105.37  26.77  1457    0.1
 57807 105.47  26.21  1361    0.1
 57808 105.75  26.32  1274    0.4
 57809 105.75  26.07  1251   13.7
 57811 106.60  26.83  1296    1.4
 57813 106.47  26.57  1261    4.9
 57814 106.27  26.42  1298    4.3
 57818 106.45  26.03  1140   18.0
 57821 107.50  26.70   925   16.2
 57822 107.90  26.90   835   19.5
 57824 107.23  26.58  1001   15.8
 57828 107.58  26.50   983   25.0
 57829 107.80  26.20   963   25.1
 57834 108.30  26.68   641   19.4
 57835 108.43  26.72   527   21.3
 57837 108.07  26.40   839   37.5
 57842 109.72  26.88   281   77.7
 57844 109.18  26.68   343   71.2
 57846 110.15  26.58   310   26.3
 57851 110.83  26.46   346   13.2
 57859 110.63  26.03   408   15.2
 57860 111.28  27.00   283   18.5
 57865 111.58  26.47   166    3.8
 57867 111.28  26.40   169    5.7
 57868 111.86  26.59   113    1.6
 57870 112.10  26.80   151    1.7
 57871 112.37  26.98    90    1.0
 57883 114.28  26.75   253   0.01
 57900 105.22  25.83  1552    4.9
 57903 105.60  25.94  1142    4.5
 57905 105.63  25.40  1063    0.6
 57908 105.48  25.12  1394   10.9
 57909 105.82  24.98   584   11.0
 57911 106.65  26.67  1323    2.1
 57913 106.98  26.45  1093   10.8
 57914 106.67  26.42  1149   12.8
 57915 106.77  26.63  1104   11.1
 57921 107.32  25.83   708   17.6
 57923 107.87  25.98   419   17.9
 57927 107.18  24.97   287   11.8
 57936 108.91  25.76   258   22.3
 57941 109.60  25.78   197   21.1
 57942 110.00  25.80   268   19.4
 57948 109.25  25.08   122   11.8
 57949 110.00  24.98   156    4.9
 57954 110.18  25.23   157    4.2
 57955 110.67  25.62   224    1.1
 57956 110.32  25.42   167    8.2
 57958 110.32  25.08   151    1.1
 57960 111.07  25.93   195    2.7
 57964 111.15  25.50   263   0.01
 58001 115.10  34.43    56   0.01
 58002 115.58  34.85    49   0.01
 58003 115.88  34.95    45    0.2
 58006 115.88  34.38    46    0.2
 58008 115.33  34.47    54   0.01
 58011 116.07  34.80    46    0.3
 58013 116.91  34.75    36    0.3
 58016 116.97  34.18    34    0.9
 58017 116.13  34.25    41    0.2
 58020 117.13  34.80    35    0.1
 58021 117.28  34.78    80    0.2
 58022 117.57  34.75    48    0.8
 58024 117.58  34.87    77    0.4
 58025 117.73  34.57    27    1.6
 58030 118.02  34.88    44    1.7
 58032 118.65  34.93    70    0.9
 58035 118.35  34.33    29    6.5
 58036 118.71  34.54    32    9.0
 58041 119.43  34.78    26   11.4
 58044 119.23  34.55     4   10.0
 58045 119.60  34.20     4    5.9
 58048 119.35  34.12     4    9.3
 58049 119.80  34.02     4    7.6
 58100 115.17  33.65    41    0.8
 58101 115.48  33.87    41    0.1
 58104 115.07  33.40    41    0.8
 58107 115.28  33.02    35    0.6
 58108 115.33  33.23    34    0.6
 58109 115.62  33.18    33    0.7
 58112 116.45  30.73   968   18.5
 58113 116.75  33.93    31    0.7
 58114 116.18  33.48    31    0.3
 58117 116.20  33.13    27    0.4
 58125 117.52  33.58    22    1.8
 58126 117.87  33.47    19    4.6
 58127 117.20  32.98    21    0.4
 58128 117.35  33.33    21    3.4
 58129 117.83  33.15    14    1.9
 58131 118.22  33.97    25    1.7
 58132 118.68  33.72    14    6.1
 58139 118.91  33.31    10    2.0
 58140 119.30  33.77     9    5.8
 58145 119.15  33.50     7    7.1
 58146 119.77  33.47     3    4.4
 58147 118.97  32.98    24    3.0
 58148 119.31  33.25     4    2.4
 58154 120.20  33.43     2    7.0
 58202 115.57  32.67    31    2.7
 58205 115.43  32.47    34    3.3
 58207 115.05  32.17    42    8.8
 58210 116.23  32.65    25    1.7
 58212 116.77  32.72    23    3.6
 58214 116.28  32.33    32    4.9
 58220 117.15  32.47    28    1.1
 58222 117.55  32.85    24    1.8
 58223 117.98  32.80    31    1.6
 58224 117.02  32.65    32    0.9
 58230 118.28  32.12    26    4.1
 58234 118.42  32.47    40    4.8
 58235 118.85  32.37    10    5.1
 58237 118.59  32.06    46    5.9
 58240 119.02  32.68    21    5.7
 58242 119.16  32.30    22    3.9
 58243 119.82  32.95     3    2.9
 58244 119.59  32.45     5    4.8
 58245 119.42  32.41     9    5.1
 58246 119.99  32.56     2    3.8
 58247 119.80  32.27     3    5.7
 58249 120.05  32.16     6    5.9
 58250 120.16  32.51     6    2.9
 58254 120.45  32.52     5    2.4
 58257 120.26  31.99     4    6.3
 58264 121.18  32.33     3    4.0
 58268 121.08  32.10     4    8.6
 58269 121.65  31.78     3    3.1
 58301 115.38  31.82    92   10.0
 58306 115.88  31.68    95    7.6
 58316 116.92  31.47    23    7.5
 58317 116.37  30.87   434   18.1
 58320 117.13  31.73    21    6.0
 58323 117.47  31.88    25    3.7
 58327 117.28  31.27    45   11.7
 58329 117.87  31.33     9    9.3
 58330 118.08  31.75    26    8.3
 58331 118.37  31.73    22   12.6
 58334 118.37  31.38     9   10.7
 58335 118.52  31.57    23   12.0
 58337 118.18  31.08    26   13.8
 58339 118.90  31.33    15   10.4
 58340 119.03  31.66    25   10.6
 58341 119.59  31.98     6   10.1
 58342 119.55  31.72     6   10.9
 58344 119.20  31.96    36   13.7
 58346 119.81  31.34    16    9.4
 58349 120.56  31.41     8    5.5
 58351 120.30  31.90     4    7.9
 58352 120.77  31.65     4    3.8
 58353 120.57  31.87     8    6.9
 58359 120.62  31.13     4    6.9
 58360 121.20  31.92     3    3.1
 58361 121.37  31.10     5    3.4
 58365 121.25  31.37     4    3.7
 58366 121.49  31.67     4    2.9
 58367 121.43  31.20     4    2.9
 58369 121.78  31.05     5    2.9
 58370 121.53  31.23     4    2.4
 58377 121.11  31.51     5    3.2
 58401 115.40  30.75   123   19.2
 58404 115.22  30.47    61   24.1
 58408 115.43  30.23    35   25.5
 58409 115.93  30.10    32   32.4
 58415 116.55  30.67    64   18.6
 58416 116.82  30.75    35   17.3
 58417 116.13  30.17    54   27.0
 58418 116.67  30.13    60   30.9
 58420 117.23  30.72    58   16.2
 58421 117.87  30.63    31   15.8
 58423 117.78  30.48   647   25.6
 58426 118.13  30.30   193   39.2
 58427 117.50  30.65    15   15.5
 58428 117.50  30.22   118   36.9
 58431 118.32  30.90    39   18.9
 58432 118.40  30.68    57   19.6
 58433 118.75  30.93    31   18.6
 58435 118.53  30.30   220   25.7
 58438 118.58  30.08   191   22.4
 58441 119.42  30.87    43   19.2
 58442 119.18  31.17    16   13.0
 58443 119.89  31.02    25   16.0
 58446 119.70  30.63    72   22.3
 58449 119.95  30.05    46    5.2
 58451 120.93  30.83     2    7.7
 58452 120.77  30.73     4   10.6
 58453 120.50  30.07     7    1.5
 58454 119.98  30.53   102   17.1
 58455 120.65  30.52     8    6.7
 58456 120.52  30.63     6    8.8
 58458 120.90  30.54     4    5.5
 58459 120.29  30.19    44    2.9
 58460 121.35  30.73     5    3.1
 58461 121.12  31.13     4    4.8
 58462 121.23  31.03     4    5.3
 58463 121.50  30.88     4    2.9
 58468 121.17  30.05     5    0.1
 58484 122.20  30.25    37   0.01
 58501 115.63  29.92    23   46.5
 58502 116.00  29.73    36   55.5
 58503 115.67  29.70    41   63.9
 58505 115.90  29.62    63   49.3
 58507 115.12  29.25   116   41.3
 58508 115.77  29.33    41   21.3
 58509 115.82  29.05    36   12.8
 58510 116.23  29.73    40   48.8
 58512 116.55  29.90    71   50.2
 58514 116.05  29.45    37   24.0
 58517 116.20  29.27    35   16.1
 58523 117.93  29.93   227   27.9
 58524 117.22  29.37    87    6.0
 58529 117.85  29.27    80    2.2
 58530 118.43  29.87   168   11.0
 58534 118.18  29.78   170   13.6
 58542 119.68  29.82    46    1.5
 58544 119.27  29.48    88    0.6
 58546 119.88  29.47   115   0.01
 58548 119.47  29.22    50   0.01
 58550 120.25  29.70    39    0.1
 58558 120.22  29.27    89   0.01
 58559 120.98  29.17    58   0.01
 58561 121.60  29.98     4   0.01
 58601 115.38  28.70    53   10.5
 58602 115.55  28.85    40   10.9
 58605 115.38  28.42    46    5.4
 58607 115.95  28.55    31    0.7
 58609 115.82  28.22    27    0.6
 58612 116.68  28.70    21    0.1
 58614 116.27  28.38    34    0.2
 58620 117.10  29.02    51    0.8
 58693 115.83  28.70    40    5.0
 59001 105.33  24.78   672   25.9
 59004 105.10  24.50   725   22.8
 59012 106.55  24.78   972    0.2
 59015 106.57  24.35   437   11.1
 59017 106.27  24.27   278    1.5
 59022 107.55  24.98   697   38.9
 59025 107.38  24.53   248   48.7
 59027 107.25  24.13   254   11.9
 59031 108.26  24.81   342   16.4
 59033 108.90  24.78   328   10.0
 59034 108.67  24.48   150   18.7
 59038 108.65  24.07   138   15.5
 59041 109.25  24.65   108    3.9
 59044 109.38  24.47    97    0.6
 59045 109.75  24.48    94    1.2
 59047 109.33  24.25   100    0.8
 59051 110.50  24.77   136    0.1
 59057 110.18  24.13   830    0.7
 59071 112.28  24.73   174   0.01
 59205 105.63  23.65   685    1.3
 59213 106.92  23.73   110   24.7
 59215 106.63  23.33   680   71.9
 59224 107.12  23.60   111   35.3
 59227 107.14  23.11   454   73.0
 59229 107.70  23.17   125   82.7
 59230 108.17  23.72   168   33.1
 59235 108.62  23.43   115    4.1
 59237 108.28  23.17   111    5.2
 59238 108.80  23.22   122    2.6
 59241 109.68  23.97    90    0.2
 59419 106.75  22.10   242   0.01
 59421 107.20  22.83   255   15.4
 59425 107.35  22.40   107    6.3
 59426 107.92  22.61   146    8.4
 59427 107.07  22.12   163    2.8
 59429 108.01  22.18   216    6.6
 59432 108.40  22.80   194    9.1
 59435 108.48  22.77    74    3.0
 59441 109.25  22.70    78   0.01
 59448 109.55  22.27    69    1.0
 59449 109.98  22.30    85    0.9
 59473 112.97  22.77    19   0.01
