diamond  3 2014年10月10日08点24小时降雨量                    
  14  10  10  08    -1 3 10 25 50 1 0
 39 122.7  37.3 122.5  36.7 120.8  36.2 119.3  35.0 120.4  34.3
 121.1  32.7 122.3  30.9 122.5  30.1 121.5  28.0 119.8  25.0
 116.1  22.6 111.0  21.0 111.0  18.6 109.6  18.1 108.3  18.5
 108.9  19.9 109.3  21.0 106.4  21.6 104.1  22.2 101.6  20.8
  98.7  22.0  97.1  24.1  97.7  27.0  91.7  26.6  85.7  27.7
  78.9  30.6  73.3  37.1  74.1  40.7  87.6  49.8  98.5  43.9
 110.4  44.3 122.0  54.7 135.7  48.3 131.5  42.2 125.2  39.4
 121.3  38.5 121.2  40.3 118.5  38.6 120.8  38.1
 1     122
 50655 126.18  48.50   266    0.2
 50659 126.25  48.03   291   0.01
 50767 127.10  47.23   202    1.0
 50775 130.20  47.34   182    4.7
 50776 130.83  47.57    83   0.01
 50787 131.84  47.31    62    5.1
 50850 125.13  46.57   147   0.01
 50851 126.08  46.68   207    0.3
 50852 126.45  46.82   169    2.1
 50858 125.93  46.07   135   0.01
 50859 126.28  46.29   169    1.3
 50861 127.48  46.89   182    5.3
 50867 127.35  46.08   134    1.8
 50871 129.88  46.73    95   16.3
 50878 130.72  47.00    78   25.9
 50879 130.55  46.22   187   25.4
 50880 131.12  46.73   102   18.2
 50884 131.15  46.63   175   21.1
 50892 134.00  46.80    54   20.7
 50913 118.83  45.72   865    0.1
 50956 126.77  46.08   134    1.1
 50958 126.93  45.53   168    0.7
 50960 127.38  45.73   184    0.8
 50962 128.03  45.95   112    4.3
 50964 128.80  45.83   119   11.8
 50965 128.27  45.43   167    4.7
 50971 131.02  45.77   223   18.1
 50979 130.23  45.27   274    8.1
 50985 131.87  45.55   151    9.9
 50987 131.09  45.26   219    4.3
 51058  87.97  47.10   563    2.2
 51137  82.93  46.20   715    3.3
 51145  83.65  46.55   521    4.1
 51328  80.42  44.20   770    2.4
 51329  80.85  44.05   640    0.3
 51352  85.25  44.85   337    2.6
 51353  86.10  45.02   346   0.01
 51356  86.05  44.32   442    4.2
 51357  85.62  44.33   522    7.9
 51359  86.20  44.32   471    2.0
 51368  87.32  44.12   515    1.3
 51369  87.65  43.97   600    1.5
 51377  87.92  44.17   547    0.8
 51378  89.17  44.02   734   0.01
 51430  81.15  43.83   602    0.1
 51435  82.23  43.47   774    0.1
 51436  83.30  43.45   928    2.2
 51438  81.77  43.18  1210    4.4
 51465  87.10  43.48  1871   11.8
 51468  86.83  43.10  3539    7.2
 51482  90.28  43.83  1271    9.4
 51559  86.40  42.32  1100    0.1
 51568  86.80  42.25  1085    7.1
 51572  89.25  42.83   -48   0.01
 51629  80.23  41.27  1132   0.01
 51826  80.80  37.02  1336    0.3
 51829  80.17  37.08  1347    0.1
 52557 100.17  39.15  1453    0.2
 52607 106.65  39.43  1252   0.01
 52643  99.62  38.83  2311    1.8
 52656 100.82  38.43  2281    0.3
 52855 101.25  36.68  2675    0.1
 52963 102.02  35.93  2085    0.1
 52996 105.02  35.38  2450    0.1
 52998 104.20  35.13  2111   0.01
 53906 105.72  35.52  1656    0.1
 53908 105.23  35.22  1768    0.2
 53914 106.12  35.62  2078   0.01
 53974 114.23  35.61    70   0.01
 54065 125.65  44.53   169   0.01
 54072 126.52  44.85   196   0.01
 54076 126.93  44.38   268   0.01
 54080 127.15  44.90   194    0.2
 54093 130.55  44.93   266    3.1
 54172 126.53  43.87   290   0.01
 54192 130.27  43.70   384    0.5
 54848 119.42  35.98    82    0.1
 56147  98.83  31.22  3260   0.01
 56158 100.67  31.40  3250    1.1
 56186 104.20  31.33   589   0.01
 56189 103.93  30.98   581   0.01
 56192 104.67  32.95  1014    0.1
 56193 104.52  32.42   893    0.6
 56195 104.73  31.80   543   0.01
 56197 104.17  31.15   535   0.01
 56198 104.50  31.32   525   0.01
 56273 102.82  30.39  1022   0.01
 56278 102.77  30.07   755   0.01
 56279 102.93  30.15   682   0.01
 56280 103.12  30.08   691   0.01
 56291 104.28  30.93   469    0.1
 56373 102.85  29.78   763   0.01
 56378 102.35  29.23   890   0.01
 56387 103.27  29.23   642    0.1
 56389 103.95  29.20   387   0.01
 56390 104.07  29.67   404   0.01
 56474 102.17  28.55  1774    1.2
 56483 103.95  28.58   496    0.2
 56490 103.90  28.95   424   0.01
 56497 104.23  28.10   448    1.4
 56498 104.50  28.15   549    2.2
 56569 102.18  27.42  1380   12.7
 56578 102.75  27.07   993    0.1
 56592 104.52  28.43   359    0.1
 56594 104.05  27.63   880    0.3
 56641  98.87  26.90  1189   0.01
 56654 100.18  26.58  2195    1.2
 57001 105.33  34.75  1271   0.01
 57008 105.30  34.03  1579   0.01
 57105 105.60  33.33  1221    0.1
 57110 106.08  33.78   930   0.01
 57180 113.20  33.98   117    0.1
 57204 105.22  32.57   782    0.1
 57208 105.52  32.28   544   0.01
 58484 122.20  30.25    37   0.01
 58563 121.83  29.88     5   0.01
 58565 121.39  29.69    41   0.01
 58566 121.88  29.47     6    0.1
 58568 121.38  29.12    34    0.2
 58570 122.30  29.95    85    0.2
 58664 121.37  28.37    35    0.2
 59131 118.37  24.97    45   0.01
