diamond  3 2014年10月18日08点24小时降雨量                    
  14  10  18  08    -1 3 10 25 50 1 0
 39 122.7  37.3 122.5  36.7 120.8  36.2 119.3  35.0 120.4  34.3
 121.1  32.7 122.3  30.9 122.5  30.1 121.5  28.0 119.8  25.0
 116.1  22.6 111.0  21.0 111.0  18.6 109.6  18.1 108.3  18.5
 108.9  19.9 109.3  21.0 106.4  21.6 104.1  22.2 101.6  20.8
  98.7  22.0  97.1  24.1  97.7  27.0  91.7  26.6  85.7  27.7
  78.9  30.6  73.3  37.1  74.1  40.7  87.6  49.8  98.5  43.9
 110.4  44.3 122.0  54.7 135.7  48.3 131.5  42.2 125.2  39.4
 121.3  38.5 121.2  40.3 118.5  38.6 120.8  38.1
 1     258
 50137 122.37  53.47   296   0.01
 52643  99.62  38.83  2311    7.1
 52745  99.02  37.30  3417    4.5
 52842  99.08  36.78  3087    0.1
 52853 100.98  36.90  3010    1.2
 52855 101.25  36.68  2675   0.01
 52869 101.58  36.50  2667   0.01
 52874 102.40  36.48  1980    0.6
 52875 102.10  36.50  2125    0.2
 52877 102.25  36.10  2834    1.2
 52957 100.60  35.25  3148    1.5
 52963 102.02  35.93  2085    0.8
 52968 101.47  35.03  3662    2.7
 52978 102.52  35.20  2929    4.5
 52981 103.38  35.68  2421    0.3
 52982 103.55  35.48  1953    0.2
 52985 103.33  35.42  2162    1.1
 52988 103.72  35.37  2015    1.7
 52995 104.62  35.58  1897    0.5
 52996 105.02  35.38  2450    0.4
 52998 104.20  35.13  2111    2.0
 53908 105.23  35.22  1768    0.5
 53917 106.07  35.22  1631   0.01
 54187 128.92  43.12   366    0.3
 54290 129.40  42.77   241    0.1
 56016  95.62  33.85  4179    1.0
 56045  99.90  33.97  4050    4.8
 56071 102.50  34.58  3105    3.2
 56081 103.35  34.70  2810    5.8
 56082 103.50  34.58  2540    3.6
 56084 103.23  34.07  2374    4.8
 56091 104.47  34.85  1883    3.5
 56092 104.65  35.00  1728    2.0
 56094 104.37  33.78  1400    0.7
 56095 104.38  34.03  1753    0.4
 56097 104.25  33.27  1440    0.5
 56168 102.07  31.48  2168   0.01
 56171 101.70  32.90  3275    1.6
 56181 103.70  30.68   541    0.1
 56183 103.62  31.50  1370    0.1
 56184 103.17  31.43  1896    0.1
 56186 104.20  31.33   589   0.01
 56190 104.55  31.55   519   0.01
 56192 104.67  32.95  1014    0.2
 56193 104.52  32.42   893    0.5
 56194 104.45  31.63   597   0.01
 56195 104.73  31.80   543    1.0
 56197 104.17  31.15   535    1.0
 56198 104.50  31.32   525   0.01
 56199 104.68  31.03   423   0.01
 56273 102.82  30.39  1022   0.01
 56278 102.77  30.07   755    1.2
 56279 102.93  30.15   682   0.01
 56280 103.12  30.08   691   0.01
 56291 104.28  30.93   469    5.3
 56295 104.55  30.38   448   0.01
 56298 104.60  30.13   417    0.1
 56373 102.85  29.78   763   0.01
 56382 103.60  29.73   407   0.01
 56387 103.27  29.23   642    0.1
 56393 104.85  29.77   369    0.1
 56394 104.43  29.45   384   0.01
 56395 104.67  29.52   351    0.2
 56396 104.77  29.35   352    0.3
 56399 104.98  29.18   306    1.0
 56483 103.95  28.58   496    0.1
 56487 103.13  28.33  1943    0.2
 56489 103.63  28.23   877   0.01
 56490 103.90  28.95   424   0.01
 56491 104.57  28.70   287    0.1
 56493 104.97  28.85   292    0.1
 56496 105.23  28.32   358   0.01
 56498 104.50  28.15   549    0.2
 56499 104.78  28.38   368    0.1
 56575 102.55  27.37  1428   0.01
 56580 102.80  27.72  2460    0.3
 56584 103.25  27.70  1093   0.01
 56585 103.53  27.18  1916    0.7
 56592 104.52  28.43   359    0.1
 56593 104.92  28.58   279   0.01
 56594 104.05  27.63   880   0.01
 56595 104.87  27.42  1645    0.5
 56598 104.73  27.13  1535    0.2
 56697 104.08  26.22  1984   0.01
 56781 103.27  25.55  1873    0.1
 56785 103.08  25.36  1915   0.01
 56835  97.82  24.07   959    3.5
 56836  97.95  24.70   826    0.2
 56839  98.82  23.77   995    5.1
 56840  98.30  24.82  1012   0.01
 56841  98.68  24.60  1528   0.01
 56842  99.18  24.73  1471   0.01
 56844  98.58  24.43   913   0.01
 56849  99.23  24.03  1606    7.2
 56867 101.12  23.98  1105    3.6
 56876 102.77  24.28  1731   0.01
 56879 102.91  24.19  1702    0.1
 56891 104.32  24.98  1482    0.3
 56944  99.27  23.15  1278    6.3
 56948  99.60  22.63  1155    1.6
 56950  99.80  23.47  1044    1.6
 56952 100.70  23.50   913    0.9
 56958 100.42  21.92  1176   0.01
 56961 101.05  23.03  1336    0.6
 56962 101.67  23.42  1314    1.3
 56970 102.48  23.70  1419   0.01
 56973 102.83  23.62  1309   0.01
 56984 103.15  23.38  1720   0.01
 56987 103.23  22.78  1260   0.01
 56992 104.70  23.45  1507    1.2
 56994 104.28  23.33  1293   0.01
 56995 104.42  23.03  1332    0.2
 56996 104.70  23.13  1093   0.01
 57001 105.33  34.75  1271    0.1
 57002 105.65  34.85  1216    0.5
 57004 104.88  34.73  1495    0.3
 57007 105.18  34.18  1404    0.2
 57102 105.72  33.75   970    0.4
 57105 105.60  33.33  1221    0.7
 57111 106.30  33.92   961   0.01
 57175 112.23  33.05   191   0.01
 57204 105.22  32.57   782    0.1
 57208 105.52  32.28   544    0.2
 57216 106.83  32.35   579   0.01
 57217 106.28  32.23   485    0.4
 57253 110.82  32.85   201   0.01
 57254 110.12  32.82   322    0.1
 57257 110.23  32.23   307    0.1
 57295 114.35  32.62    78   0.01
 57299 114.90  32.02    49   0.01
 57303 105.92  31.73   459    0.5
 57304 105.17  31.67   516   0.01
 57307 105.08  31.10   404    0.1
 57308 105.38  31.22   421    0.1
 57309 105.88  30.98   378    1.3
 57314 106.07  31.35   405    0.3
 57315 106.40  31.53   655    0.5
 57317 106.42  31.03   324    1.8
 57318 106.55  31.07   338    2.1
 57320 107.22  31.93   482    0.1
 57324 107.08  31.58   364    1.2
 57326 107.72  31.37   389    1.1
 57329 107.85  31.10   467    0.4
 57333 108.67  31.95   798    0.2
 57338 108.42  31.18   216    1.0
 57339 108.68  30.95   297    3.4
 57345 109.62  31.40   337    0.5
 57349 109.87  31.07   275    1.6
 57361 111.27  31.88   327    0.2
 57362 110.67  31.75   935    1.8
 57363 111.83  31.80   151   0.01
 57370 112.22  31.73    67   0.01
 57388 113.71  31.27    53   0.01
 57389 113.75  31.03    32   0.01
 57401 105.37  30.87   383    0.4
 57402 105.70  30.77   394    0.9
 57407 105.03  30.28   462    0.2
 57408 105.35  30.12   338    0.3
 57409 105.80  30.18   297    7.6
 57413 106.97  30.85   295    3.8
 57414 106.45  30.52   403    3.6
 57415 106.63  30.53   394    2.5
 57416 106.93  30.33   391    3.9
 57417 106.28  30.35   315    2.7
 57420 107.18  30.75   418    3.5
 57425 107.33  30.33   433    5.4
 57431 108.35  30.83   257    3.2
 57437 108.03  30.30   325    4.0
 57438 108.12  29.98   632    1.3
 57453 111.32  30.77   115    1.0
 57460 111.78  30.82    91    0.2
 57462 111.08  30.87   139    1.4
 57464 111.18  30.47   142    0.9
 57465 111.45  30.38    74    0.2
 57466 111.75  30.43    50    0.1
 57469 111.77  30.18    69    0.2
 57477 112.22  30.07    38    0.1
 57481 113.57  30.95    30   0.01
 57486 113.85  30.65    25   0.01
 57489 114.00  30.58    38   0.01
 57491 114.40  30.87    31   0.01
 57492 114.84  30.84    40   0.01
 57505 105.58  29.42   338    0.5
 57506 105.90  29.37   353    2.5
 57507 105.30  29.33   385    0.4
 57508 105.37  29.15   301    1.2
 57509 106.93  28.95   325    1.7
 57510 106.07  29.85   326    1.6
 57511 106.45  29.85   240    3.6
 57513 106.62  29.73   464    5.9
 57514 106.22  29.58   331    1.4
 57518 106.50  29.33   506    2.7
 57519 107.11  29.16   698    4.2
 57522 107.27  29.74   372    0.4
 57525 107.75  29.32   277    1.6
 57537 108.17  29.30   322    4.5
 57540 109.15  29.68   776    9.4
 57541 109.48  30.00   532    5.1
 57543 110.03  29.90   539    2.6
 57544 109.45  29.47   488    8.0
 57558 110.47  29.13   183    1.6
 57564 111.13  29.43   103    1.5
 57565 111.73  29.67    38    1.6
 57566 111.65  29.45    51    0.6
 57571 112.40  29.70    35    0.3
 57596 114.20  29.63   751   0.01
 57600 105.06  28.71   420    0.1
 57603 105.83  28.82   283    0.5
 57605 105.82  28.03   537    0.2
 57609 105.70  28.58   317    0.1
 57623 107.60  28.88   685    1.1
 57634 107.88  28.52   660    1.0
 57635 108.98  28.45   363    0.9
 57636 108.50  28.57   334   0.01
 57637 108.10  28.25   629    0.8
 57640 109.45  28.58   341    0.7
 57643 109.83  29.00   268    3.7
 57678 112.55  28.25    74   0.01
 57708 105.60  27.15  1700    0.9
 57713 106.88  27.70   843    2.2
 57714 106.23  27.47   942   0.01
 57717 106.83  27.53   974    1.5
 57719 106.97  27.07  1275    2.2
 57720 107.17  27.88   889    3.0
 57728 107.47  27.07  1096    3.9
 57732 108.40  28.02   456    0.6
 57737 108.12  27.03   547    0.5
 57800 105.37  26.77  1457    2.0
 57807 105.47  26.21  1361    4.5
 57808 105.75  26.32  1274    3.7
 57809 105.75  26.07  1251    9.1
 57811 106.60  26.83  1296    2.4
 57813 106.47  26.57  1261    3.9
 57814 106.27  26.42  1298    4.3
 57818 106.45  26.03  1140    5.3
 57821 107.50  26.70   925    1.5
 57822 107.90  26.90   835    1.7
 57824 107.23  26.58  1001    1.5
 57828 107.58  26.50   983    4.0
 57829 107.80  26.20   963    0.1
 57900 105.22  25.83  1552    7.1
 57903 105.60  25.94  1142    5.7
 57905 105.63  25.40  1063    1.9
 57908 105.48  25.12  1394   0.01
 57911 106.65  26.67  1323    3.8
 57913 106.98  26.45  1093    3.1
 57914 106.67  26.42  1149    4.7
 57915 106.77  26.63  1104    3.9
 57921 107.32  25.83   708    0.4
 57927 107.18  24.97   287    0.2
 58443 119.89  31.02    25   0.01
 58459 120.29  30.19    44   0.01
 58512 116.55  29.90    71   0.01
 58546 119.88  29.47   115   0.01
 58620 117.10  29.02    51   0.01
 59012 106.55  24.78   972    0.5
 59015 106.57  24.35   437    1.2
 59213 106.92  23.73   110    0.1
