diamond  3 2014年10月24日08点24小时降雨量                    
  14  10  24  08    -1 3 10 25 50 1 0
 39 122.7  37.3 122.5  36.7 120.8  36.2 119.3  35.0 120.4  34.3
 121.1  32.7 122.3  30.9 122.5  30.1 121.5  28.0 119.8  25.0
 116.1  22.6 111.0  21.0 111.0  18.6 109.6  18.1 108.3  18.5
 108.9  19.9 109.3  21.0 106.4  21.6 104.1  22.2 101.6  20.8
  98.7  22.0  97.1  24.1  97.7  27.0  91.7  26.6  85.7  27.7
  78.9  30.6  73.3  37.1  74.1  40.7  87.6  49.8  98.5  43.9
 110.4  44.3 122.0  54.7 135.7  48.3 131.5  42.2 125.2  39.4
 121.3  38.5 121.2  40.3 118.5  38.6 120.8  38.1
 1     147
 50524 119.43  49.32   576    0.6
 50526 120.70  49.28   668    0.1
 50892 134.00  46.80    54    0.2
 51058  87.97  47.10   563    3.0
 51137  82.93  46.20   715    3.3
 51145  83.65  46.55   521    5.0
 51328  80.42  44.20   770    0.9
 51329  80.85  44.05   640    0.8
 51430  81.15  43.83   602    0.5
 51434  81.53  43.97   770    0.7
 54080 127.15  44.90   194   0.01
 56016  95.62  33.85  4179   0.01
 56034  97.13  33.80  4415    1.6
 56128  96.60  31.22  3810    2.2
 56185 102.98  32.08  2400    0.1
 56267 101.02  30.03  2600    0.5
 56278 102.77  30.07   755    0.5
 56342  98.60  29.68  3870    1.3
 56373 102.85  29.78   763   12.0
 56378 102.35  29.23   890    4.9
 56387 103.27  29.23   642    4.6
 56396 104.77  29.35   352   0.01
 56399 104.98  29.18   306    0.1
 56441  99.28  28.72  2422    0.2
 56443  99.80  28.93  2842    2.7
 56473 102.77  28.95  1060    1.0
 56474 102.17  28.55  1774    2.4
 56478 102.43  28.30  1818    5.7
 56483 103.95  28.58   496    0.2
 56487 103.13  28.33  1943    2.8
 56489 103.63  28.23   877    0.3
 56490 103.90  28.95   424   0.01
 56491 104.57  28.70   287    0.1
 56493 104.97  28.85   292    0.3
 56494 104.15  28.65   462    0.2
 56496 105.23  28.32   358    0.7
 56497 104.23  28.10   448    0.8
 56498 104.50  28.15   549    0.5
 56499 104.78  28.38   368    0.9
 56569 102.18  27.42  1380    2.0
 56575 102.55  27.37  1428    0.1
 56580 102.80  27.72  2460    3.9
 56582 103.90  27.75  1176    5.3
 56584 103.25  27.70  1093    3.6
 56592 104.52  28.43   359    0.4
 56593 104.92  28.58   279    1.7
 56595 104.87  27.42  1645    0.1
 56688 103.17  26.10  1254    3.4
 56697 104.08  26.22  1984    3.6
 56774 102.42  25.53  1710    8.8
 56775 102.45  25.55  1750    7.2
 56781 103.27  25.55  1873   14.9
 56782 103.55  25.42  2067   11.2
 56783 103.80  25.50  1906   15.0
 56785 103.08  25.36  1915    4.2
 56790 104.25  25.68  1925   14.3
 56862 101.60  24.68  1968   0.01
 56863 102.48  24.93  1848    1.1
 56872 102.62  24.95  2358    1.4
 56879 102.91  24.19  1702   0.01
 56882 102.83  24.91  1976    0.1
 56883 103.98  24.82  1900    2.8
 56885 103.45  24.40  1415    0.7
 56889 104.17  24.05  1518    0.8
 56891 104.32  24.98  1482    4.9
 56948  99.60  22.63  1155    0.1
 56958 100.42  21.92  1176    0.8
 56973 102.83  23.62  1309   0.01
 56975 102.43  23.37   974    2.4
 56976 102.83  23.23   232    0.2
 56978 102.42  23.00  1642   15.7
 56987 103.23  22.78  1260   20.2
 56989 103.95  22.50   137    1.5
 56992 104.70  23.45  1507    0.5
 56995 104.42  23.03  1332    8.0
 56996 104.70  23.13  1093    0.1
 57006 105.75  34.58  1141   0.01
 57033 108.82  34.55   428    0.1
 57102 105.72  33.75   970   0.01
 57105 105.60  33.33  1221    0.1
 57176 112.42  33.48   231    0.1
 57320 107.22  31.93   482    0.1
 57431 108.35  30.83   257   0.01
 57505 105.58  29.42   338   0.01
 57506 105.90  29.37   353   0.01
 57507 105.30  29.33   385    0.5
 57508 105.37  29.15   301    0.2
 57510 106.07  29.85   326    0.2
 57518 106.50  29.33   506    0.1
 57600 105.06  28.71   420    1.0
 57603 105.83  28.82   283    0.1
 57609 105.70  28.58   317    1.9
 57623 107.60  28.88   685    0.2
 57634 107.88  28.52   660   0.01
 57636 108.50  28.57   334   0.01
 57713 106.88  27.70   843    0.1
 57714 106.23  27.47   942   0.01
 57717 106.83  27.53   974    0.1
 57719 106.97  27.07  1275    0.5
 57720 107.17  27.88   889    0.4
 57732 108.40  28.02   456   0.01
 57800 105.37  26.77  1457    0.6
 57807 105.47  26.21  1361    2.0
 57808 105.75  26.32  1274    3.2
 57809 105.75  26.07  1251   0.01
 57811 106.60  26.83  1296    0.6
 57813 106.47  26.57  1261    0.2
 57814 106.27  26.42  1298    2.0
 57824 107.23  26.58  1001    0.3
 57903 105.60  25.94  1142   0.01
 57911 106.65  26.67  1323    1.8
 57914 106.67  26.42  1149    0.1
 57915 106.77  26.63  1104    1.2
 58045 119.60  34.20     4    0.1
 58145 119.15  33.50     7    0.1
 59001 105.33  24.78   672    6.2
 59004 105.10  24.50   725    0.2
 59017 106.27  24.27   278   0.01
 59106 115.90  24.58   152   0.01
 59215 106.63  23.33   680   0.01
 59224 107.12  23.60   111    0.1
 59227 107.14  23.11   454   0.01
 59229 107.70  23.17   125   0.01
 59237 108.28  23.17   111   0.01
 59238 108.80  23.22   122   0.01
 59246 109.67  23.60    70   0.01
 59256 110.92  23.37    54    0.6
 59264 111.50  23.40    83    0.4
 59266 111.23  23.42    42    0.3
 59268 111.53  23.25    29    0.4
 59269 111.78  23.17    47   0.01
 59279 112.87  23.18    24   0.01
 59285 113.60  23.57    38   0.01
 59288 113.02  23.15    29   0.01
 59290 114.25  23.78    85   0.01
 59419 106.75  22.10   242    0.8
 59421 107.20  22.83   255    0.2
 59425 107.35  22.40   107   0.01
 59426 107.92  22.61   146    0.1
 59427 107.07  22.12   163   0.01
 59432 108.40  22.80   194    0.1
 59435 108.48  22.77    74    0.1
 59449 109.98  22.30    85   0.01
 59452 110.53  22.83   131    0.4
 59454 110.99  22.95   202    0.3
 59457 110.27  22.32   121   0.01
 59473 112.97  22.77    19   0.01
