diamond  3 2014年12月19日08点24小时降雨量                    
  14  12  19  08    -1 3 10 25 50 1 0
 39 122.7  37.3 122.5  36.7 120.8  36.2 119.3  35.0 120.4  34.3
 121.1  32.7 122.3  30.9 122.5  30.1 121.5  28.0 119.8  25.0
 116.1  22.6 111.0  21.0 111.0  18.6 109.6  18.1 108.3  18.5
 108.9  19.9 109.3  21.0 106.4  21.6 104.1  22.2 101.6  20.8
  98.7  22.0  97.1  24.1  97.7  27.0  91.7  26.6  85.7  27.7
  78.9  30.6  73.3  37.1  74.1  40.7  87.6  49.8  98.5  43.9
 110.4  44.3 122.0  54.7 135.7  48.3 131.5  42.2 125.2  39.4
 121.3  38.5 121.2  40.3 118.5  38.6 120.8  38.1
 1     366
 50137 122.37  53.47   296    0.6
 50431 121.52  50.78   717    0.9
 50445 123.73  50.58   423    0.5
 50524 119.43  49.32   576    0.5
 50525 119.75  49.15   620    1.0
 50526 120.70  49.28   668    1.3
 50566 128.47  49.55   116    3.2
 50645 124.48  48.48   195   0.01
 50646 124.85  48.48   202    0.3
 50647 123.48  48.13   236    0.6
 50655 126.18  48.50   266    1.6
 50659 126.25  48.03   291    0.6
 50673 130.40  48.88    90    0.1
 50674 129.43  48.57   404    0.9
 50741 123.50  47.93   185    0.1
 50750 125.30  47.90   226    0.3
 50755 126.07  47.62   249   0.01
 50767 127.10  47.23   202    0.1
 50772 129.23  48.10   288    0.7
 50775 130.20  47.34   182   0.01
 50832 122.08  46.72   332   0.01
 50851 126.08  46.68   207   0.01
 50852 126.45  46.82   169    0.1
 50858 125.93  46.07   135    0.1
 50859 126.28  46.29   169   0.01
 50861 127.48  46.89   182   0.01
 50871 129.88  46.73    95   0.01
 50913 118.83  45.72   865    0.1
 50954 125.08  45.50   127   0.01
 50956 126.77  46.08   134   0.01
 50958 126.93  45.53   168    0.2
 50960 127.38  45.73   184   0.01
 50962 128.03  45.95   112   0.01
 50964 128.80  45.83   119    0.1
 50965 128.27  45.43   167    0.2
 51356  86.05  44.32   442   0.01
 51359  86.20  44.32   471   0.01
 53272 112.63  42.75  1104    0.2
 53289 113.83  42.23  1322    0.2
 53343 109.97  41.77  1612   0.01
 53367 111.23  41.32  1602    0.1
 53368 111.47  41.08  1637   0.01
 53378 112.62  41.28  1737   0.01
 53384 113.18  41.45  1423   0.01
 54076 126.93  44.38   268   0.01
 54164 125.28  43.35   248   0.01
 54169 126.02  43.30   271   0.01
 54204 115.00  42.30  1346    0.2
 54205 116.00  42.23  1315   0.01
 54305 115.27  41.88  1468    0.1
 54494 124.07  40.47    72    0.1
 54575 122.37  39.42    43    0.2
 56168 102.07  31.48  2168    0.1
 56441  99.28  28.72  2422    1.4
 56443  99.80  28.93  2842   0.01
 56474 102.17  28.55  1774    0.1
 56478 102.43  28.30  1818   0.01
 56487 103.13  28.33  1943    0.4
 56489 103.63  28.23   877   0.01
 56497 104.23  28.10   448   0.01
 56499 104.78  28.38   368    0.1
 56567 100.85  27.30  2240    0.1
 56569 102.18  27.42  1380    0.5
 56575 102.55  27.37  1428    1.7
 56580 102.80  27.72  2460    3.6
 56582 103.90  27.75  1176    0.4
 56584 103.25  27.70  1093    0.7
 56585 103.53  27.18  1916    0.8
 56594 104.05  27.63   880    0.3
 56596 105.05  27.85  1177    0.3
 56598 104.73  27.13  1535    0.9
 56641  98.87  26.90  1189    0.6
 56645  99.42  26.42  2344    0.1
 56646  99.92  26.53  2191    0.8
 56649  99.96  26.11  2059    2.2
 56652 100.75  26.68  2130    0.4
 56665 101.85  26.68  1140    0.6
 56669 101.67  26.05  1531    0.8
 56670 102.12  26.92  1136    0.1
 56673 102.92  26.92   893    0.5
 56674 101.73  26.50  1108    0.5
 56675 102.58  26.65  1694    3.3
 56688 103.17  26.10  1254    1.7
 56697 104.08  26.22  1984    2.6
 56742  99.37  25.90  1658    0.1
 56745  99.95  25.68  1626    4.2
 56746  99.52  25.47  1616    0.8
 56752 100.57  25.83  1438    1.3
 56755 100.48  25.35  1668    5.4
 56756 100.58  25.48  1992    4.8
 56757 100.28  25.27  1742    7.0
 56761 101.32  25.72  1878    2.6
 56764 101.23  25.53  1873    3.6
 56766 101.52  25.31  1822    4.9
 56767 101.28  25.18  1857    5.2
 56774 102.42  25.53  1710    4.2
 56775 102.45  25.55  1750    4.8
 56777 102.07  25.15  1566    5.4
 56781 103.27  25.55  1873    3.6
 56782 103.55  25.42  2067    6.0
 56783 103.80  25.50  1906    6.5
 56785 103.08  25.36  1915    6.5
 56788 103.62  24.98  1857    1.7
 56790 104.25  25.68  1925    4.4
 56835  97.82  24.07   959    2.7
 56836  97.95  24.70   826    0.5
 56839  98.82  23.77   995    4.9
 56840  98.30  24.82  1012    1.1
 56841  98.68  24.60  1528    4.5
 56842  99.18  24.73  1471    5.0
 56843  99.62  24.83  1650    8.9
 56844  98.58  24.43   913    6.7
 56849  99.23  24.03  1606   15.6
 56851 100.53  25.04  1377    8.3
 56854 100.13  24.45  1108    8.3
 56862 101.60  24.68  1968    3.1
 56863 102.48  24.93  1848    6.0
 56867 101.12  23.98  1105    4.0
 56869 101.97  24.07  1497   0.01
 56870 102.18  24.66  1600    2.1
 56871 102.60  24.65  1893    1.0
 56872 102.62  24.95  2358    4.6
 56873 102.92  24.68  1796    1.0
 56876 102.77  24.28  1731    0.7
 56878 102.75  24.13  1801    0.3
 56879 102.91  24.19  1702    0.4
 56880 103.17  24.92  1532    2.0
 56881 103.27  24.75  1695    1.2
 56882 102.83  24.91  1976    4.9
 56883 103.98  24.82  1900    0.9
 56885 103.45  24.40  1415    1.0
 56889 104.17  24.05  1518    0.5
 56891 104.32  24.98  1482    0.8
 56898 102.41  24.18  1600    0.3
 56944  99.27  23.15  1278    6.0
 56949  99.60  22.32   945    1.8
 56950  99.80  23.47  1044    5.2
 56952 100.70  23.50   913    1.3
 56958 100.42  21.92  1176   0.01
 56961 101.05  23.03  1336    2.5
 56962 101.67  23.42  1314    0.9
 56970 102.48  23.70  1419    0.2
 56973 102.83  23.62  1309   0.01
 56975 102.43  23.37   974   0.01
 56976 102.83  23.23   232    0.1
 56978 102.42  23.00  1642   0.01
 56982 103.29  23.70  1117    0.2
 56984 103.15  23.38  1720   0.01
 56987 103.23  22.78  1260    0.3
 56992 104.70  23.45  1507    0.5
 56994 104.28  23.33  1293    0.7
 56995 104.42  23.03  1332    0.5
 56996 104.70  23.13  1093   0.01
 57338 108.42  31.18   216   0.01
 57349 109.87  31.07   275   0.01
 57431 108.35  30.83   257   0.01
 57464 111.18  30.47   142   0.01
 57499 114.88  30.07    40    0.7
 57513 106.62  29.73   464   0.01
 57518 106.50  29.33   506   0.01
 57540 109.15  29.68   776   0.01
 57541 109.48  30.00   532   0.01
 57543 110.03  29.90   539   0.01
 57544 109.45  29.47   488   0.01
 57558 110.47  29.13   183   0.01
 57566 111.65  29.45    51   0.01
 57585 113.45  29.48    60   0.01
 57586 114.03  29.53    78    0.2
 57589 113.87  29.27   146    1.5
 57603 105.83  28.82   283    0.1
 57605 105.82  28.03   537    1.1
 57634 107.88  28.52   660    0.1
 57635 108.98  28.45   363    0.4
 57636 108.50  28.57   334   0.01
 57637 108.10  28.25   629    1.3
 57640 109.45  28.58   341   0.01
 57643 109.83  29.00   268   0.01
 57657 110.20  28.22   186    0.4
 57658 110.20  28.02   152    0.8
 57666 112.13  28.52    52    1.9
 57674 112.38  28.57    46    2.1
 57678 112.55  28.25    74    3.1
 57680 113.07  28.80    46    1.1
 57688 113.63  28.16   101    0.2
 57694 114.38  28.53   259    0.5
 57708 105.60  27.15  1700    4.9
 57713 106.88  27.70   843    6.1
 57714 106.23  27.47   942    5.3
 57717 106.83  27.53   974    4.4
 57719 106.97  27.07  1275    3.3
 57720 107.17  27.88   889    3.3
 57723 107.72  27.98   710    1.2
 57728 107.47  27.07  1096    1.1
 57732 108.40  28.02   456    1.1
 57734 108.23  27.57   467    1.8
 57735 108.82  27.18   404    2.3
 57736 108.85  27.70   369    0.8
 57737 108.12  27.03   547    2.0
 57738 108.42  27.05   516    2.8
 57739 108.92  27.23   394    1.7
 57740 109.60  27.95   349    0.1
 57742 109.20  27.52   884    3.4
 57743 109.80  27.88   176    1.4
 57744 109.17  27.37   355    2.7
 57754 110.15  27.35   170    1.2
 57760 111.43  27.70   249    3.8
 57762 111.70  27.69   165    2.9
 57763 112.00  27.68   205    3.1
 57767 111.01  27.13   308    3.7
 57768 111.45  27.32   242    3.6
 57769 111.73  27.23   252    2.0
 57771 112.53  27.93    88    0.7
 57772 112.50  27.75    86    1.9
 57773 112.83  27.88    63    1.8
 57783 113.82  27.88   118   0.01
 57786 113.85  27.63   117   0.01
 57794 114.02  27.63   177   0.01
 57800 105.37  26.77  1457    0.5
 57807 105.47  26.21  1361    3.5
 57808 105.75  26.32  1274    3.9
 57809 105.75  26.07  1251    2.7
 57811 106.60  26.83  1296    2.8
 57813 106.47  26.57  1261    2.5
 57814 106.27  26.42  1298    3.3
 57818 106.45  26.03  1140    2.0
 57821 107.50  26.70   925    2.7
 57822 107.90  26.90   835    3.3
 57824 107.23  26.58  1001    1.9
 57828 107.58  26.50   983    2.2
 57829 107.80  26.20   963    1.3
 57834 108.30  26.68   641    1.6
 57835 108.43  26.72   527    1.3
 57837 108.07  26.40   839    2.4
 57842 109.72  26.88   281    1.4
 57844 109.18  26.68   343    2.6
 57846 110.15  26.58   310    1.9
 57851 110.83  26.46   346    0.1
 57860 111.28  27.00   283    0.3
 57870 112.10  26.80   151    0.1
 57876 112.83  26.43   135    0.1
 57882 113.55  26.79   136   0.01
 57887 113.12  26.12   167   0.01
 57900 105.22  25.83  1552    2.1
 57903 105.60  25.94  1142    1.6
 57905 105.63  25.40  1063    1.0
 57908 105.48  25.12  1394    0.4
 57909 105.82  24.98   584   0.01
 57913 106.98  26.45  1093    1.4
 57914 106.67  26.42  1149    2.5
 57915 106.77  26.63  1104    1.8
 57921 107.32  25.83   708    0.7
 57923 107.87  25.98   419    0.1
 57936 108.91  25.76   258    0.9
 57948 109.25  25.08   122    0.4
 57949 110.00  24.98   156    0.1
 57954 110.18  25.23   157    0.4
 57956 110.32  25.42   167    0.2
 57958 110.32  25.08   151    0.3
 57962 111.65  25.97   167    0.4
 57966 111.96  25.59   244   0.01
 57973 112.72  25.75   329   0.01
 57975 112.20  25.38   277   0.01
 58235 118.85  32.37    10   0.01
 58237 118.59  32.06    46   0.01
 58244 119.59  32.45     5   0.01
 58246 119.99  32.56     2   0.01
 58247 119.80  32.27     3   0.01
 58249 120.05  32.16     6   0.01
 58250 120.16  32.51     6   0.01
 58254 120.45  32.52     5   0.01
 58257 120.26  31.99     4    0.1
 58268 121.08  32.10     4   0.01
 58316 116.92  31.47    23   0.01
 58340 119.03  31.66    25    0.1
 58341 119.59  31.98     6   0.01
 58342 119.55  31.72     6    0.2
 58344 119.20  31.96    36   0.01
 58351 120.30  31.90     4   0.01
 58408 115.43  30.23    35    0.1
 58409 115.93  30.10    32   0.01
 58415 116.55  30.67    64   0.01
 58503 115.67  29.70    41   0.01
 58508 115.77  29.33    41   0.01
 58509 115.82  29.05    36   0.01
 58517 116.20  29.27    35   0.01
 58601 115.38  28.70    53   0.01
 58602 115.55  28.85    40   0.01
 58619 116.37  28.00    49   0.01
 58749 119.88  27.23   684   0.01
 58839 118.85  26.23    40   0.01
 58907 115.40  25.15   305    0.1
 58912 116.73  25.72   404    0.1
 58917 116.10  25.08   307    1.0
 58923 117.83  25.70   400   0.01
 58928 117.53  25.02   166    0.2
 58929 118.15  25.07    68   0.01
 58938 118.98  25.23    23   0.01
 59001 105.33  24.78   672   0.01
 59004 105.10  24.50   725   0.01
 59012 106.55  24.78   972   0.01
 59015 106.57  24.35   437    0.3
 59017 106.27  24.27   278    0.1
 59025 107.38  24.53   248    1.8
 59027 107.25  24.13   254    0.4
 59031 108.26  24.81   342    0.8
 59033 108.90  24.78   328    0.5
 59034 108.67  24.48   150   0.01
 59038 108.65  24.07   138    0.3
 59041 109.25  24.65   108    0.1
 59045 109.75  24.48    94    0.6
 59047 109.33  24.25   100    0.6
 59051 110.50  24.77   136    1.7
 59052 110.82  24.83   169    0.6
 59053 110.67  24.62   105    0.2
 59055 110.40  24.50   165   0.01
 59057 110.18  24.13   830    0.1
 59059 110.80  24.18   105   0.01
 59061 111.27  24.82   193   0.01
 59063 111.45  25.18   265    0.2
 59064 111.32  24.55   136   0.01
 59093 115.03  24.78   253    0.2
 59099 114.93  24.45   173    1.1
 59106 115.90  24.58   152    0.4
 59109 115.73  24.15   123    0.4
 59114 116.17  24.65   135    0.2
 59122 117.75  24.62    43   0.01
 59124 117.38  24.52    53    0.7
 59125 117.30  24.38   108    0.2
 59127 117.83  24.43    32    0.6
 59129 117.60  24.13    53    1.7
 59130 118.15  24.73    30   0.01
 59131 118.37  24.97    45   0.01
 59137 118.57  24.82    56   0.01
 59215 106.63  23.33   680    0.1
 59227 107.14  23.11   454    0.1
 59229 107.70  23.17   125   0.01
 59230 108.17  23.72   168   0.01
 59241 109.68  23.97    90   0.01
 59249 109.62  23.12    51   0.01
 59255 110.38  23.55    32   0.01
 59279 112.87  23.18    24    0.6
 59284 113.23  23.42    38    0.8
 59285 113.60  23.57    38    1.0
 59288 113.02  23.15    29    0.5
 59290 114.25  23.78    85    0.5
 59297 114.28  23.17    17    2.1
 59310 116.18  23.77    45    2.2
 59312 116.70  23.67    60    1.5
 59313 116.98  23.68    44    3.0
 59314 116.13  23.30    29    1.9
 59315 116.40  23.58    43    1.1
 59318 116.58  23.27     5   0.01
 59319 116.83  23.43     4   0.01
 59320 117.13  23.75    37    2.1
 59322 117.37  23.98    22    2.3
 59419 106.75  22.10   242   0.01
 59421 107.20  22.83   255    0.2
 59432 108.40  22.80   194    0.1
 59469 111.78  22.17    37    2.7
 59470 112.20  22.70    57    0.9
 59473 112.97  22.77    19    0.7
 59475 112.65  22.40    27    1.1
 59476 113.03  22.53    36    2.1
 59477 112.23  22.27    68    3.0
 59480 113.25  22.85    21    1.2
 59481 113.32  22.93    12    1.2
