diamond  3 2014年12月02日08点24小时降雨量                    
  14  12  02  08    -1 3 10 25 50 1 0
 39 122.7  37.3 122.5  36.7 120.8  36.2 119.3  35.0 120.4  34.3
 121.1  32.7 122.3  30.9 122.5  30.1 121.5  28.0 119.8  25.0
 116.1  22.6 111.0  21.0 111.0  18.6 109.6  18.1 108.3  18.5
 108.9  19.9 109.3  21.0 106.4  21.6 104.1  22.2 101.6  20.8
  98.7  22.0  97.1  24.1  97.7  27.0  91.7  26.6  85.7  27.7
  78.9  30.6  73.3  37.1  74.1  40.7  87.6  49.8  98.5  43.9
 110.4  44.3 122.0  54.7 135.7  48.3 131.5  42.2 125.2  39.4
 121.3  38.5 121.2  40.3 118.5  38.6 120.8  38.1
 1     300
 50566 128.47  49.55   116    3.7
 50655 126.18  48.50   266    0.2
 50659 126.25  48.03   291    0.2
 50673 130.40  48.88    90   11.7
 50674 129.43  48.57   404   13.6
 50749 124.83  47.18   154   0.01
 50767 127.10  47.23   202    1.0
 50772 129.23  48.10   288    5.8
 50775 130.20  47.34   182    6.5
 50776 130.83  47.57    83    8.0
 50778 132.53  47.67    57   16.8
 50779 134.28  48.37    40   22.8
 50787 131.84  47.31    62    6.9
 50850 125.13  46.57   147    0.2
 50851 126.08  46.68   207    0.2
 50852 126.45  46.82   169    0.5
 50858 125.93  46.07   135    0.1
 50859 126.28  46.29   169   0.01
 50861 127.48  46.89   182    0.8
 50867 127.35  46.08   134    0.3
 50871 129.88  46.73    95    3.2
 50878 130.72  47.00    78   12.6
 50879 130.55  46.22   187    4.9
 50880 131.12  46.73   102   10.6
 50884 131.15  46.63   175   10.9
 50892 134.00  46.80    54   18.9
 50946 124.83  45.18   139    0.3
 50954 125.08  45.50   127   0.01
 50958 126.93  45.53   168    0.4
 50960 127.38  45.73   184    1.2
 50962 128.03  45.95   112    0.9
 50964 128.80  45.83   119    2.1
 50965 128.27  45.43   167    0.9
 50971 131.02  45.77   223    5.4
 50979 130.23  45.27   274    2.4
 50985 131.87  45.55   151    6.4
 50987 131.09  45.26   219    3.1
 51058  87.97  47.10   563    0.9
 51137  82.93  46.20   715    2.3
 51145  83.65  46.55   521    3.2
 51328  80.42  44.20   770    1.3
 51329  80.85  44.05   640    0.8
 51482  90.28  43.83  1271   0.01
 51627  79.23  41.22  1395   0.01
 51829  80.17  37.08  1347   0.01
 54065 125.65  44.53   169    0.4
 54069 125.80  44.17   174   0.01
 54072 126.52  44.85   196    1.0
 54076 126.93  44.38   268    1.5
 54080 127.15  44.90   194    1.0
 54092 129.40  44.60   292    1.9
 54093 130.55  44.93   266    1.5
 54099 131.13  44.08   148    0.8
 54155 124.23  43.67   144   0.01
 54156 124.80  43.52   200    0.5
 54164 125.28  43.35   248    0.2
 54169 126.02  43.30   271    0.1
 54172 126.53  43.87   290    1.1
 54192 130.27  43.70   384    1.0
 54249 123.87  42.30    85    0.2
 54252 124.75  42.73   196    0.8
 54267 125.73  42.25   362    0.2
 54274 125.99  42.69   306    0.6
 54279 126.58  42.05   544    1.3
 54291 130.28  42.90    36   0.01
 54293 129.83  42.95   142   0.01
 54362 125.73  41.67   380    0.4
 54371 126.43  41.93   520    1.5
 54568 121.75  39.05    90   0.01
 54569 121.95  39.42    11   0.01
 54749 119.95  37.18    48   0.01
 54752 120.77  37.80    60   0.01
 54755 120.39  37.33   117   0.01
 54759 120.85  37.32   205   0.01
 54765 121.43  37.48    82    0.3
 54766 121.59  37.43    39    0.3
 54777 122.07  37.20   118    0.3
 54778 122.48  37.17    61    0.9
 54851 120.56  36.90    76   0.01
 54852 120.73  36.97    54   0.01
 54861 121.53  36.93    45   0.01
 54871 122.48  36.93     9   0.01
 56186 104.20  31.33   589   0.01
 56190 104.55  31.55   519   0.01
 56198 104.50  31.32   525   0.01
 56273 102.82  30.39  1022   0.01
 56276 103.82  30.45   467   0.01
 56278 102.77  30.07   755    0.1
 56279 102.93  30.15   682   0.01
 56280 103.12  30.08   691    0.3
 56288 103.92  30.58   494   0.01
 56289 103.87  30.20   437   0.01
 56297 104.15  30.02   436    0.1
 56298 104.60  30.13   417    0.2
 56373 102.85  29.78   763    0.1
 56376 102.63  29.33  1098   0.01
 56380 103.35  29.88   571    0.2
 56381 103.50  30.07   630   0.01
 56382 103.60  29.73   407    0.4
 56383 103.87  29.83   455    0.4
 56384 103.48  29.60   446    0.1
 56387 103.27  29.23   642    0.5
 56389 103.95  29.20   387    1.8
 56390 104.07  29.67   404    0.2
 56391 103.82  30.08   415   0.01
 56393 104.85  29.77   369    0.5
 56394 104.43  29.45   384    1.6
 56395 104.67  29.52   351    0.8
 56396 104.77  29.35   352    0.7
 56399 104.98  29.18   306    0.5
 56480 103.53  28.82   564    0.6
 56483 103.95  28.58   496    3.1
 56489 103.63  28.23   877    0.5
 56490 103.90  28.95   424    2.8
 56491 104.57  28.70   287    1.9
 56493 104.97  28.85   292    1.0
 56494 104.15  28.65   462    0.7
 56496 105.23  28.32   358    0.5
 56497 104.23  28.10   448    3.1
 56498 104.50  28.15   549    5.1
 56499 104.78  28.38   368    2.4
 56580 102.80  27.72  2460   0.01
 56582 103.90  27.75  1176    0.5
 56584 103.25  27.70  1093   0.01
 56585 103.53  27.18  1916   0.01
 56592 104.52  28.43   359    2.4
 56593 104.92  28.58   279    1.0
 56595 104.87  27.42  1645    0.2
 56992 104.70  23.45  1507   0.01
 56995 104.42  23.03  1332    0.2
 56996 104.70  23.13  1093   0.01
 57129 107.72  32.98   446   0.01
 57216 106.83  32.35   579    0.9
 57217 106.28  32.23   485    0.4
 57303 105.92  31.73   459    0.4
 57307 105.08  31.10   404    0.1
 57308 105.38  31.22   421   0.01
 57309 105.88  30.98   378    0.2
 57314 106.07  31.35   405    0.1
 57315 106.40  31.53   655    0.5
 57317 106.42  31.03   324    2.0
 57318 106.55  31.07   338    2.1
 57320 107.22  31.93   482    0.5
 57324 107.08  31.58   364    1.2
 57326 107.72  31.37   389    0.2
 57329 107.85  31.10   467   0.01
 57333 108.67  31.95   798   0.01
 57338 108.42  31.18   216   0.01
 57402 105.70  30.77   394    0.1
 57407 105.03  30.28   462    0.2
 57408 105.35  30.12   338    1.6
 57409 105.80  30.18   297    1.2
 57413 106.97  30.85   295    0.7
 57414 106.45  30.52   403    2.0
 57415 106.63  30.53   394    1.2
 57416 106.93  30.33   391    1.0
 57417 106.28  30.35   315    3.8
 57420 107.18  30.75   418    1.4
 57425 107.33  30.33   433    0.4
 57431 108.35  30.83   257    0.1
 57438 108.12  29.98   632   0.01
 57464 111.18  30.47   142    0.1
 57505 105.58  29.42   338    4.2
 57506 105.90  29.37   353    3.0
 57507 105.30  29.33   385    2.8
 57508 105.37  29.15   301    2.8
 57510 106.07  29.85   326    5.5
 57511 106.45  29.85   240    2.3
 57513 106.62  29.73   464    0.1
 57514 106.22  29.58   331    2.7
 57518 106.50  29.33   506   0.01
 57540 109.15  29.68   776   0.01
 57600 105.06  28.71   420    2.5
 57603 105.83  28.82   283    0.1
 57609 105.70  28.58   317   0.01
 57623 107.60  28.88   685   0.01
 57636 108.50  28.57   334   0.01
 57643 109.83  29.00   268   0.01
 57658 110.20  28.02   152    0.1
 57661 111.48  28.92    48   0.01
 57708 105.60  27.15  1700   0.01
 57717 106.83  27.53   974   0.01
 57800 105.37  26.77  1457    0.1
 57881 113.25  26.72   101   0.01
 57882 113.55  26.79   136    0.3
 57887 113.12  26.12   167    0.1
 57895 114.78  26.47   101   0.01
 57899 114.92  26.80    71    0.6
 57908 105.48  25.12  1394   0.01
 57973 112.72  25.75   329    0.3
 57975 112.20  25.38   277    1.2
 57981 113.22  25.97   139    2.4
 57989 113.77  25.07   112   0.01
 57990 114.30  25.70   246   0.01
 58349 120.56  31.41     8   0.01
 58616 116.82  28.20    40    0.1
 58629 117.71  28.29   100   0.01
 58821 117.47  26.73   173   0.01
 58822 116.85  26.83   342   0.01
 58839 118.85  26.23    40   0.01
 58844 119.15  26.15    57    4.1
 58848 119.55  26.20    13    0.4
 58923 117.83  25.70   400   0.01
 58928 117.53  25.02   166    0.2
 58929 118.15  25.07    68    0.4
 58932 118.93  25.87    85    4.0
 58934 118.27  25.33   170    0.4
 58935 118.23  25.48   521    0.2
 58938 118.98  25.23    23    0.3
 58940 119.33  26.08    25    0.1
 58941 119.50  25.97    25    0.1
 58942 119.38  25.72    39   0.01
 58946 119.00  25.45    81    0.2
 59031 108.26  24.81   342   0.01
 59038 108.65  24.07   138    1.0
 59041 109.25  24.65   108   0.01
 59044 109.38  24.47    97    0.2
 59045 109.75  24.48    94    0.3
 59047 109.33  24.25   100    1.8
 59051 110.50  24.77   136    0.2
 59052 110.82  24.83   169    0.1
 59053 110.67  24.62   105    0.2
 59055 110.40  24.50   165    1.4
 59057 110.18  24.13   830    0.8
 59059 110.80  24.18   105    0.8
 59061 111.27  24.82   193   0.01
 59063 111.45  25.18   265   0.01
 59064 111.32  24.55   136    0.2
 59071 112.28  24.73   174   0.01
 59074 112.15  24.57   300    0.3
 59075 112.63  24.48    70    0.6
 59081 113.29  24.78   131   0.01
 59090 114.07  24.95   103   0.01
 59091 114.52  24.75   277   0.01
 59094 114.12  24.35   184    0.2
 59099 114.93  24.45   173   0.01
 59106 115.90  24.58   152    0.5
 59109 115.73  24.15   123    0.7
 59114 116.17  24.65   135    0.4
 59122 117.75  24.62    43    1.5
 59124 117.38  24.52    53    1.7
 59125 117.30  24.38   108    0.9
 59127 117.83  24.43    32    1.0
 59129 117.60  24.13    53    1.4
 59130 118.15  24.73    30    0.9
 59131 118.37  24.97    45    0.4
 59137 118.57  24.82    56    0.4
 59213 106.92  23.73   110    0.1
 59215 106.63  23.33   680    1.6
 59224 107.12  23.60   111    0.2
 59227 107.14  23.11   454    0.8
 59229 107.70  23.17   125    0.1
 59230 108.17  23.72   168    0.3
 59235 108.62  23.43   115   0.01
 59237 108.28  23.17   111   0.01
 59238 108.80  23.22   122    0.4
 59241 109.68  23.97    90    0.1
 59246 109.67  23.60    70   0.01
 59249 109.62  23.12    51    0.1
 59255 110.38  23.55    32   0.01
 59264 111.50  23.40    83    1.9
 59266 111.23  23.42    42    0.7
 59268 111.53  23.25    29    1.1
 59269 111.78  23.17    47    7.6
 59270 112.18  23.92    84    0.7
 59276 112.65  23.35    40    2.9
 59279 112.87  23.18    24    0.9
 59284 113.23  23.42    38    0.9
 59285 113.60  23.57    38    0.7
 59288 113.02  23.15    29    0.5
 59290 114.25  23.78    85    0.4
 59297 114.28  23.17    17   10.9
 59310 116.18  23.77    45    1.8
 59312 116.70  23.67    60    2.5
 59313 116.98  23.68    44    5.5
 59314 116.13  23.30    29    5.0
 59315 116.40  23.58    43    2.2
 59318 116.58  23.27     5    4.3
 59319 116.83  23.43     4    4.8
 59320 117.13  23.75    37    3.4
 59322 117.37  23.98    22    1.5
 59419 106.75  22.10   242    1.8
 59421 107.20  22.83   255    0.5
 59425 107.35  22.40   107   0.01
 59426 107.92  22.61   146    0.4
 59427 107.07  22.12   163    0.1
 59429 108.01  22.18   216    2.6
 59432 108.40  22.80   194    0.2
 59435 108.48  22.77    74    0.2
 59441 109.25  22.70    78    1.7
 59448 109.55  22.27    69    5.3
 59449 109.98  22.30    85    8.2
 59451 110.35  22.70    98    1.0
 59452 110.53  22.83   131    1.0
 59454 110.99  22.95   202    2.3
 59457 110.27  22.32   121    7.1
 59469 111.78  22.17    37    0.2
 59470 112.20  22.70    57    0.4
 59471 112.05  22.93   101    2.8
 59473 112.97  22.77    19    0.5
