diamond  3 2015年01月21日02点6小时降雨量                     
  15  01  21  02    -1 3 10 25 50 1 0
 39 122.7  37.3 122.5  36.7 120.8  36.2 119.3  35.0 120.4  34.3
 121.1  32.7 122.3  30.9 122.5  30.1 121.5  28.0 119.8  25.0
 116.1  22.6 111.0  21.0 111.0  18.6 109.6  18.1 108.3  18.5
 108.9  19.9 109.3  21.0 106.4  21.6 104.1  22.2 101.6  20.8
  98.7  22.0  97.1  24.1  97.7  27.0  91.7  26.6  85.7  27.7
  78.9  30.6  73.3  37.1  74.1  40.7  87.6  49.8  98.5  43.9
 110.4  44.3 122.0  54.7 135.7  48.3 131.5  42.2 125.2  39.4
 121.3  38.5 121.2  40.3 118.5  38.6 120.8  38.1
 1      73
 51357  85.62  44.33   522    0.3
 52853 100.98  36.90  3010    0.1
 53392 114.60  41.85  1422    0.4
 54080 127.15  44.90   194    0.3
 54332 122.72  41.52    12    1.1
 54340 123.32  41.67    35    0.5
 54729 117.87  37.17    11    0.1
 54737 118.15  37.15     9    0.6
 54738 118.40  37.05    15    0.1
 54822 117.73  36.87    47    0.1
 54834 118.28  36.87    46    0.2
 56480 103.53  28.82   564    0.3
 56490 103.90  28.95   424    1.1
 56582 103.90  27.75  1176    0.3
 57792 114.68  27.82    93    0.1
 57796 114.88  27.83   189    0.2
 57870 112.10  26.80   151    0.1
 57881 113.25  26.72   101    0.4
 57899 114.92  26.80    71    0.1
 57905 105.61  25.40  1184    2.4
 57971 112.20  25.92   224    0.1
 58361 121.37  31.10     5    0.1
 58369 121.78  31.05     5    4.7
 58449 119.95  30.05    46    2.9
 58451 120.93  30.83     2    0.3
 58452 120.77  30.73     4    0.5
 58453 120.50  30.07     7    3.8
 58455 120.65  30.52     8    3.1
 58456 120.52  30.63     6    0.2
 58458 120.90  30.54     4    3.3
 58459 120.29  30.19    44    2.9
 58460 121.35  30.73     5    4.5
 58462 121.23  31.03     4    0.1
 58463 121.50  30.88     4    3.9
 58468 121.17  30.05     5    2.2
 58529 117.85  29.27   171    0.4
 58537 118.40  29.13   153    4.7
 58542 119.68  29.82    46    2.1
 58544 119.27  29.48    88    4.9
 58546 119.88  29.47   115    3.9
 58547 119.18  29.03    66    1.5
 58548 119.47  29.22    50    3.1
 58550 120.25  29.70    39    4.4
 58555 120.88  29.52   113    1.1
 58558 120.22  29.27    89    0.4
 58561 121.60  29.98     4    0.6
 58565 121.39  29.69    41    0.2
 58609 115.82  28.22    27    0.1
 58614 116.27  28.38    34    0.1
 58615 117.08  28.68    56    0.8
 58616 116.82  28.20    40    1.2
 58618 116.60  28.27    82    0.7
 58619 116.37  28.00    49    0.7
 58623 117.92  28.47    90    0.9
 58624 117.43  28.40    70    1.7
 58625 117.60  28.42    79    1.5
 58627 117.06  28.31    56    1.9
 58629 117.71  28.29   100    2.1
 58631 118.50  28.90   137    3.7
 58632 118.60  28.72   126    1.3
 58635 118.20  28.43    95    0.3
 58658 120.68  28.15    34    0.6
 58701 115.40  27.77    46    0.2
 58704 115.35  27.58   104    0.2
 58706 115.83  27.43   181    0.8
 58707 115.13  27.22    66    0.2
 58710 116.05  27.77    78    0.4
 58712 116.78  27.92   130    1.5
 58713 117.07  27.72   225    1.4
 58714 116.23  27.55   120    1.0
 58724 117.32  27.53   268    1.1
 58750 120.08  27.78   105    0.1
 59457 110.27  22.32   121    0.3
