diamond  3 2015年01月29日08点6小时降雨量                     
  15  01  29  08    -1 3 10 25 50 1 0
 39 122.7  37.3 122.5  36.7 120.8  36.2 119.3  35.0 120.4  34.3
 121.1  32.7 122.3  30.9 122.5  30.1 121.5  28.0 119.8  25.0
 116.1  22.6 111.0  21.0 111.0  18.6 109.6  18.1 108.3  18.5
 108.9  19.9 109.3  21.0 106.4  21.6 104.1  22.2 101.6  20.8
  98.7  22.0  97.1  24.1  97.7  27.0  91.7  26.6  85.7  27.7
  78.9  30.6  73.3  37.1  74.1  40.7  87.6  49.8  98.5  43.9
 110.4  44.3 122.0  54.7 135.7  48.3 131.5  42.2 125.2  39.4
 121.3  38.5 121.2  40.3 118.5  38.6 120.8  38.1
 1     321
 50525 119.75  49.15   620    0.1
 51629  80.23  41.27  1132    0.3
 51707  76.73  39.50  1208    0.6
 51708  75.95  39.15  1325    0.2
 51717  76.78  39.25  1206    0.2
 51839  82.72  37.07  1409   0.01
 53367 111.23  41.32  1602    0.1
 53392 114.60  41.85  1422    0.3
 53486 113.77  40.37  1050    0.2
 53577 112.30  39.00  1437    0.1
 53603 106.37  38.83  1095    0.4
 53676 112.98  38.50   759    0.2
 53694 114.22  38.27   131    0.1
 53780 113.15  37.91  1066    0.1
 53860 111.17  36.98  1406    0.1
 54117 117.53  43.25  1003    0.2
 54304 115.27  40.95  1239    0.1
 54506 115.95  39.32    24    0.2
 54514 116.25  39.87    55    0.1
 54603 115.77  38.72    10    0.1
 54915 116.60  35.43    33    0.2
 54917 116.33  35.13    35    0.1
 54918 116.97  35.60    62    0.2
 54921 116.33  35.42    38    0.1
 54932 118.65  35.77   186    0.1
 56181 103.70  30.68   541    0.1
 56186 104.20  31.33   589    0.6
 56193 104.52  32.42   893    0.1
 56194 104.45  31.63   597    0.2
 56278 102.77  30.07   755    2.8
 56279 102.93  30.15   682    1.1
 56280 103.12  30.08   691    0.8
 56281 103.50  30.18   510    0.1
 56288 103.92  30.58   494    0.1
 56289 103.87  30.20   437    0.1
 56295 104.55  30.38   448    0.1
 56297 104.15  30.02   436    1.0
 56298 104.60  30.13   417    0.1
 56380 103.35  29.88   571    1.4
 56381 103.50  30.07   630    0.1
 56382 103.55  29.75   475    0.6
 56383 103.87  29.83   455    2.1
 56389 103.95  29.20   387    1.0
 56390 104.07  29.67   404    1.0
 56391 103.82  30.08   415    0.2
 56393 104.85  29.77   369    1.0
 56394 104.43  29.45   384    1.2
 56395 104.67  29.52   351    0.9
 56396 104.77  29.35   352    2.3
 56399 104.98  29.18   306    2.2
 56489 103.63  28.23   877    0.1
 56490 103.90  28.95   424    0.5
 56491 104.57  28.70   287    0.6
 56493 104.97  28.85   292    1.7
 56494 104.33  28.84   386    0.3
 56496 105.23  28.32   358    2.7
 56497 104.23  28.10   448    0.6
 56498 104.50  28.15   549    0.2
 56499 104.78  28.38   368    1.8
 56582 103.90  27.75  1176    1.3
 56593 104.92  28.58   279    2.6
 56595 104.87  27.42  1645    0.1
 56596 105.05  27.85  1177    3.0
 57294 114.02  32.83    83    0.5
 57408 105.35  30.12   338    0.1
 57409 105.80  30.18   297    0.3
 57416 106.93  30.33   391    0.5
 57417 106.28  30.35   315    0.8
 57425 107.33  30.33   433    0.6
 57437 108.03  30.30   325    0.5
 57438 108.12  29.98   632    0.3
 57462 111.08  30.87   139    0.1
 57489 114.01  30.52    23    2.2
 57495 114.88  30.67    28    1.1
 57496 114.87  30.37    31    2.8
 57498 114.94  30.52    26    2.5
 57499 114.88  30.07    40    2.5
 57505 105.58  29.42   338    0.7
 57506 105.90  29.37   353    0.3
 57507 105.30  29.33   385    0.7
 57508 105.37  29.15   301    1.1
 57510 106.07  29.85   326    1.6
 57511 106.45  29.85   240    2.1
 57513 106.62  29.73   464    1.0
 57514 106.22  29.58   331    0.6
 57518 106.50  29.33   506    1.1
 57519 107.11  29.16   698    0.1
 57522 107.27  29.74   372    0.9
 57537 108.17  29.30   322    0.1
 57541 109.48  30.00   532    1.6
 57544 109.45  29.47   488    0.2
 57564 111.13  29.43   103    2.1
 57565 111.73  29.67    38    0.6
 57575 112.55  29.52    31    3.3
 57577 112.17  29.40    36    0.1
 57582 113.88  29.72    46    1.8
 57586 114.03  29.53    78    0.7
 57589 113.87  29.27   146    0.9
 57590 114.37  29.85    98    1.7
 57600 105.06  28.71   420    2.9
 57603 105.83  28.82   283    3.1
 57605 105.82  28.03   537    0.6
 57609 105.70  28.58   317    3.3
 57634 107.88  28.52   660    0.1
 57635 108.98  28.45   363    1.1
 57636 108.50  28.57   334    0.1
 57637 108.10  28.25   629    0.2
 57640 109.45  28.58   341    0.8
 57646 109.95  28.62   302    0.5
 57680 113.11  28.86    82    1.6
 57688 113.63  28.16   101    0.6
 57694 114.38  28.53   259    0.3
 57698 114.45  28.12    98    0.5
 57699 114.92  28.23    66    0.3
 57717 106.83  27.53   974    0.1
 57719 106.97  27.07  1275    0.8
 57720 107.17  27.88   889    0.1
 57723 107.72  27.98   710    0.1
 57734 108.23  27.57   467    0.4
 57736 108.85  27.70   369    0.9
 57737 108.12  27.03   547    0.1
 57740 109.60  27.95   349    2.0
 57742 109.20  27.52   884    1.5
 57743 109.80  27.88   176    1.0
 57744 109.17  27.37   355    0.1
 57754 109.84  27.21   252    1.5
 57762 111.70  27.69   165    1.3
 57767 111.01  27.13   308    1.7
 57768 111.45  27.32   242    1.2
 57769 111.73  27.23   252    0.3
 57771 112.53  27.93    88    0.7
 57772 112.50  27.75    86    1.2
 57773 112.83  27.88    63    1.3
 57777 112.87  27.23    63    0.3
 57778 112.95  27.09    70    0.5
 57781 113.50  27.65    74    0.7
 57783 113.82  27.88   118    1.1
 57786 113.85  27.63   117    0.3
 57792 114.68  27.82    93    0.4
 57794 114.02  27.63   177    0.3
 57796 114.88  27.83   189    0.6
 57798 114.60  27.40    85    0.5
 57835 108.43  26.72   527    0.1
 57842 109.72  26.88   281    0.5
 57844 109.18  26.68   343    0.8
 57846 110.15  26.58   310    0.5
 57851 110.83  26.46   346    1.3
 57859 110.63  26.03   408    0.9
 57860 111.28  27.00   283    1.4
 57865 111.62  26.50   192    2.2
 57867 111.28  26.40   169    1.8
 57868 111.86  26.59   113    2.1
 57870 112.10  26.80   151    0.9
 57871 112.37  26.98    90    0.6
 57875 112.68  26.75   137    0.4
 57876 112.83  26.43   135    1.1
 57881 113.25  26.72   101    0.2
 57883 114.28  26.75   253    0.3
 57886 113.80  26.48   268    0.1
 57887 113.12  26.12   167    1.1
 57891 114.25  26.93   153    0.1
 57895 114.78  26.47   101    0.6
 57899 114.92  26.80    71    0.2
 57923 107.87  25.98   419    0.1
 57936 108.91  25.76   258    0.2
 57941 109.60  25.78   197    2.1
 57942 110.00  25.80   268    0.9
 57948 109.25  25.08   122    1.3
 57949 110.00  24.98   156    2.1
 57954 110.18  25.23   157    1.6
 57955 110.67  25.62   224    1.1
 57956 110.32  25.42   167    1.1
 57958 110.32  25.08   151    1.6
 57960 111.07  25.93   195    1.6
 57962 111.65  25.97   167    1.0
 57964 111.15  25.50   263    1.7
 57966 111.96  25.59   244    1.2
 57969 111.31  25.28   269    0.7
 57971 112.20  25.92   224    2.2
 57973 112.72  25.75   329    0.8
 57975 112.20  25.38   277    1.0
 57976 112.94  25.41   222    0.8
 57978 112.55  25.27   292    1.9
 57981 113.22  25.97   139    0.5
 57985 113.68  25.57   609    0.1
 57990 114.30  25.70   246    0.2
 57991 114.55  25.80   140    0.1
 57992 114.75  25.67   127    0.5
 57994 114.35  25.40   215    0.1
 58032 118.65  34.95    90    0.1
 58036 118.71  34.54    32    0.4
 58049 119.80  34.02     4    4.1
 58112 116.45  30.73   968    1.2
 58146 119.77  33.47     3    6.9
 58148 119.34  33.27     3   10.1
 58235 118.85  32.37    10    0.3
 58237 118.59  32.07    46    0.4
 58254 120.45  32.52     5    1.3
 58264 121.18  32.33     3    1.6
 58320 117.13  31.73    21    0.4
 58340 119.03  31.66    25    2.3
 58349 120.56  31.41     8    4.8
 58351 120.30  31.90     4    3.3
 58352 120.77  31.65     4    3.8
 58353 120.57  31.86    11    2.5
 58359 120.62  31.13     4    2.8
 58360 121.20  31.92     3    1.8
 58361 121.37  31.10     5    1.7
 58365 121.25  31.37     4    3.8
 58366 121.49  31.67     4    2.3
 58367 121.43  31.20     4    1.9
 58369 121.78  31.05     5    2.5
 58370 121.53  31.23     4    3.2
 58377 121.11  31.51     5    4.2
 58401 115.40  30.75   123    0.2
 58404 115.22  30.47    61    2.4
 58408 115.43  30.23    35    2.0
 58409 115.93  30.10    32    1.1
 58415 116.55  30.67    64    1.2
 58417 116.13  30.17    54    0.6
 58418 116.67  30.13    60    1.8
 58421 117.87  30.63    31    2.2
 58423 117.78  30.48   647    2.9
 58426 118.13  30.30   193    5.1
 58427 117.50  30.65    15    3.1
 58428 117.50  30.22   118    3.7
 58431 118.32  30.90    39    4.1
 58432 118.40  30.68    57    2.9
 58435 118.53  30.30   220    4.0
 58438 118.58  30.08   191    5.8
 58443 119.89  31.02    25    4.5
 58446 119.70  30.63    72    2.8
 58449 119.95  30.05    46    6.7
 58451 120.93  30.83     2    2.1
 58452 120.77  30.73     4    2.4
 58453 120.50  30.07     7    7.6
 58454 119.98  30.53   102    4.1
 58455 120.65  30.52     8    3.8
 58456 120.52  30.63     6    3.0
 58458 120.90  30.54     4    3.0
 58459 120.29  30.19    44    6.9
 58460 121.35  30.73     5    3.0
 58461 121.12  31.13     4    2.5
 58462 121.23  31.03     4    2.1
 58463 121.50  30.88     4    2.3
 58468 121.17  30.05     5    4.7
 58484 122.20  30.25    37    3.2
 58501 115.63  29.92    23    1.3
 58502 116.02  29.67    74    2.6
 58503 115.67  29.70    41    1.5
 58505 115.90  29.62    63    2.2
 58507 115.12  29.25   116    1.2
 58508 115.77  29.33    41    0.2
 58509 115.82  29.05    36    0.6
 58510 116.23  29.73    40    2.9
 58512 116.55  29.90    71    5.5
 58514 116.05  29.45    37    0.6
 58517 116.20  29.27    35    0.2
 58523 117.93  29.93   227    5.1
 58524 117.22  29.37    87    2.4
 58529 117.85  29.27   171    2.1
 58530 118.43  29.87   168    5.0
 58534 118.18  29.78   170    3.5
 58537 118.40  29.13   153    1.3
 58542 119.68  29.82    46    4.5
 58544 119.27  29.48    88    2.8
 58547 119.18  29.03    66    0.6
 58548 119.47  29.22    50    0.3
 58550 120.25  29.70    39    4.6
 58555 120.88  29.52   113    3.8
 58558 120.22  29.27    89    2.5
 58559 120.97  29.15   107    1.0
 58561 121.60  29.98     4    2.4
 58565 121.39  29.69    41    2.2
 58566 121.88  29.47     6    1.0
 58567 121.43  29.32    39    1.1
 58568 121.38  29.12    34    0.8
 58570 122.30  29.95    85    1.9
 58601 115.38  28.70    53    0.4
 58602 115.55  28.85    40    0.1
 58607 115.95  28.55    31    0.7
 58609 115.82  28.22    27    0.9
 58614 116.27  28.38    34    1.9
 58615 117.08  28.68    56    2.3
 58616 116.82  28.20    40    1.0
 58618 116.60  28.27    82    1.6
 58619 116.37  28.00    49    2.4
 58620 117.10  29.02    51    3.2
 58623 117.92  28.47    90    0.1
 58624 117.43  28.40    70    0.5
 58625 117.60  28.42    79    0.5
 58627 117.06  28.31    56    1.0
 58629 117.71  28.29   100    0.1
 58631 118.50  28.90   137    0.9
 58632 118.60  28.72   126    0.5
 58693 115.83  28.70    40    0.9
 58701 115.40  27.77    46    0.1
 58704 115.35  27.58   104    0.5
 58706 115.83  27.43   181    0.7
 58707 115.13  27.22    66    0.5
 58710 116.05  27.77    78    0.7
 58712 116.78  27.92   130    1.7
 58713 117.07  27.72   225    0.1
 58714 116.23  27.55   120    0.7
 58747 119.35  27.15   899    0.1
 59031 108.26  24.81   342    0.5
 59033 108.90  24.78   328    0.3
 59041 109.25  24.65   108    0.3
 59044 109.38  24.46    97    0.7
 59045 109.75  24.48    94    0.5
 59047 109.33  24.25   100    0.6
 59051 110.50  24.77   136    0.8
 59052 110.82  24.83   169    0.3
 59059 110.80  24.18   105    2.7
 59061 111.27  24.82   193    1.7
 59063 111.45  25.18   265    1.9
 59064 111.32  24.55   136    1.9
 59071 112.28  24.73   174    1.0
 59074 112.15  24.57   300    0.7
 59075 112.63  24.48    70    1.1
 59081 113.29  24.78   131    0.5
