diamond  3 2015年01月13日02点6小时降雨量                     
  15  01  13  02    -1 3 10 25 50 1 0
 39 122.7  37.3 122.5  36.7 120.8  36.2 119.3  35.0 120.4  34.3
 121.1  32.7 122.3  30.9 122.5  30.1 121.5  28.0 119.8  25.0
 116.1  22.6 111.0  21.0 111.0  18.6 109.6  18.1 108.3  18.5
 108.9  19.9 109.3  21.0 106.4  21.6 104.1  22.2 101.6  20.8
  98.7  22.0  97.1  24.1  97.7  27.0  91.7  26.6  85.7  27.7
  78.9  30.6  73.3  37.1  74.1  40.7  87.6  49.8  98.5  43.9
 110.4  44.3 122.0  54.7 135.7  48.3 131.5  42.2 125.2  39.4
 121.3  38.5 121.2  40.3 118.5  38.6 120.8  38.1
 1     212
 51568  86.80  42.25  1085    0.4
 57491 114.40  30.87    31    0.2
 57492 114.84  30.84    40    0.3
 57495 114.88  30.67    28    0.1
 57496 114.87  30.37    31    0.3
 57498 114.94  30.52    26    0.8
 57499 114.88  30.07    40    0.1
 57582 113.88  29.72    46    0.4
 57586 114.03  29.53    78    0.1
 57589 113.87  29.27   146    0.8
 57596 114.20  29.63   751    0.4
 57694 114.38  28.53   259    0.6
 57698 114.45  28.12    98    0.8
 57699 114.92  28.23    66    1.0
 57760 111.43  27.70   249    0.1
 57762 111.70  27.69   165    0.1
 57763 112.00  27.68   205    0.3
 57767 111.01  27.13   308    0.1
 57771 112.53  27.93    88    0.4
 57772 112.50  27.75    86    0.1
 57777 112.87  27.23    63    0.2
 57778 112.95  27.09    70    0.2
 57781 113.50  27.65    74    0.7
 57783 113.82  27.88   118    0.6
 57786 113.85  27.63   117    0.7
 57792 114.68  27.82    93    1.5
 57794 114.02  27.63   177    0.7
 57796 114.88  27.83   189    2.3
 57798 114.60  27.40    85    4.8
 57821 107.50  26.70   925    0.1
 57851 110.83  26.46   346    0.1
 57860 111.28  27.00   283    0.2
 57865 111.62  26.50   192    0.3
 57867 111.28  26.40   169    0.1
 57868 111.86  26.59   113    0.3
 57870 112.10  26.80   151    0.4
 57871 112.37  26.98    90    0.1
 57875 112.68  26.75   137    0.4
 57876 112.83  26.43   135    1.0
 57881 113.25  26.72   101    0.5
 57882 113.55  26.79   136    1.9
 57883 114.28  26.75   253    7.9
 57886 113.80  26.48   268    5.8
 57887 113.12  26.12   167    2.6
 57891 114.25  26.93   153    6.2
 57895 114.78  26.47   101    9.1
 57899 114.92  26.80    71    7.0
 57971 112.20  25.92   224    0.1
 57973 112.72  25.75   329    1.1
 57975 112.20  25.38   277    0.1
 57976 112.94  25.41   222    4.1
 57978 112.55  25.27   292    2.1
 57981 113.22  25.97   139    4.7
 57985 113.68  25.57   609    7.7
 57988 113.35  25.11   143    5.8
 57989 113.77  25.07   112    8.9
 57990 114.30  25.70   246   14.3
 57991 114.55  25.80   140   12.7
 57992 114.75  25.67   127   15.3
 57994 114.35  25.40   215   17.4
 57995 114.93  25.40   164   18.1
 58316 116.92  31.47    23    0.1
 58401 115.40  30.75   123    0.1
 58404 115.22  30.47    61    0.1
 58417 116.13  30.17    54    0.1
 58418 116.67  30.13    60    0.2
 58420 117.23  30.72    58    0.2
 58428 117.50  30.22   118    0.1
 58503 115.67  29.70    41    0.8
 58505 115.90  29.62    63    0.1
 58507 115.12  29.25   116    0.9
 58508 115.77  29.33    41    0.1
 58509 115.82  29.05    36    0.2
 58514 116.05  29.45    37    0.3
 58517 116.20  29.27    35    0.3
 58523 117.93  29.93   227    0.2
 58524 117.22  29.37    87    1.4
 58529 117.85  29.27   171    0.6
 58530 118.43  29.87   168    0.2
 58537 118.40  29.13   153    1.3
 58544 119.27  29.48    88    0.9
 58546 119.88  29.47   115    0.6
 58547 119.18  29.03    66    2.5
 58548 119.47  29.22    50    0.4
 58601 115.38  28.70    53    0.5
 58602 115.55  28.85    40    0.5
 58605 115.38  28.42    46    0.5
 58607 115.95  28.55    31    0.8
 58609 115.82  28.22    27    1.6
 58612 116.68  28.70    21    1.6
 58614 116.27  28.38    34    2.0
 58615 117.08  28.68    56    1.1
 58616 116.82  28.20    40    1.5
 58618 116.60  28.27    82    1.7
 58619 116.37  28.00    49    1.9
 58620 117.10  29.02    51    1.8
 58623 117.92  28.47    90    2.0
 58624 117.43  28.40    70    2.5
 58625 117.60  28.42    79    1.5
 58627 117.06  28.31    56    1.7
 58629 117.71  28.29   100    3.9
 58631 118.50  28.90   137    2.1
 58632 118.60  28.72   126    1.7
 58635 118.20  28.43    95    1.8
 58644 119.28  28.60   237    1.2
 58647 119.13  28.08   222    0.8
 58693 115.83  28.70    40    0.8
 58701 115.40  27.77    46    2.1
 58704 115.35  27.58   104    2.5
 58706 115.83  27.43   181    3.8
 58707 115.13  27.22    66    4.4
 58710 116.05  27.77    78    1.8
 58712 116.78  27.92   130    3.0
 58713 117.07  27.72   225    2.7
 58714 116.23  27.55   120    3.6
 58719 116.93  27.30   131    2.9
 58724 117.32  27.53   268    3.0
 58735 118.75  27.52   260    2.6
 58736 118.82  27.38   262    2.9
 58745 119.08  27.62   400    3.8
 58746 119.70  27.55   538    4.7
 58747 119.35  27.15   899    1.7
 58748 119.65  27.10    50    2.7
 58749 119.88  27.23   684    5.7
 58750 120.08  27.78   105    0.8
 58804 115.35  26.35   151   11.6
 58814 116.35  26.35   247    9.0
 58819 116.82  26.18   336    8.8
 58821 117.47  26.73   173    5.7
 58822 116.85  26.83   342    6.2
 58823 117.80  26.80   175    5.0
 58824 117.15  26.40   357    7.3
 58826 117.80  26.40   120    5.7
 58828 117.62  26.27   208    6.1
 58836 118.73  26.58   361    6.7
 58839 118.85  26.23    40    2.9
 58844 119.15  26.15    57    2.6
 58845 119.53  26.50    60    1.2
 58848 119.55  26.20    13    4.2
 58903 116.03  25.90   210   12.5
 58905 115.42  25.97   133   15.0
 58906 115.80  25.60   167   13.6
 58907 115.40  25.15   305   17.7
 58912 116.73  25.72   404   10.4
 58917 116.10  25.08   307   11.8
 58923 117.83  25.70   400    8.4
 58928 117.53  25.02   166    6.9
 58929 118.15  25.07    68    1.8
 58932 118.93  25.87    85    3.8
 58934 118.27  25.33   183    2.2
 58935 118.23  25.48   521    3.9
 58938 118.98  25.23    23    0.3
 58940 119.33  26.08    25    2.3
 58941 119.50  25.97    25    3.9
 58942 119.38  25.72    39    1.8
 58946 119.00  25.45    81    0.7
 59051 110.50  24.77   136    0.7
 59053 110.64  24.65   157    0.1
 59055 110.40  24.50   165    0.5
 59057 110.18  24.13   830    0.2
 59061 111.27  24.82   193    0.1
 59071 112.28  24.73   174    1.3
 59074 112.15  24.57   300    0.7
 59075 112.63  24.48    70    3.3
 59081 113.29  24.78   131    8.2
 59090 114.07  24.95   103   15.6
 59091 114.52  24.75   277   20.3
 59093 115.03  24.78   253   20.3
 59094 114.12  24.35   184   18.1
 59099 114.93  24.45   173   15.1
 59106 115.90  24.58   152    9.5
 59109 115.73  24.15   123   10.2
 59114 116.17  24.65   135    9.8
 59122 117.75  24.62    43    0.2
 59124 117.38  24.52    53    1.9
 59125 117.30  24.38   108    1.5
 59129 117.60  24.13    53    0.2
 59131 118.37  24.97    45    0.6
 59256 110.90  23.37   105    0.1
 59264 111.50  23.40    83    0.4
 59266 111.23  23.42    42    0.2
 59268 111.54  23.26    70    0.5
 59269 111.78  23.17    47    1.2
 59270 112.18  23.92    84    2.1
 59276 112.65  23.35    40    6.1
 59279 112.87  23.18    24   13.7
 59284 113.24  23.42    38   14.3
 59285 113.62  23.57    38   18.2
 59288 113.02  23.15    29   13.3
 59290 114.25  23.78    85   16.2
 59297 114.28  23.17    17   12.4
 59310 116.18  23.77    45   14.2
 59312 116.70  23.67    60    0.2
 59314 116.13  23.30    29    6.8
 59315 116.40  23.59    43    3.0
 59318 116.58  23.27     5    0.5
 59319 116.83  23.43     4    1.0
 59452 110.53  22.83   131    0.1
 59454 110.99  22.95   202    0.2
 59469 111.78  22.17    37    6.1
 59470 112.20  22.70    57    7.5
 59471 112.05  22.93   101    7.4
 59473 112.98  22.74    47   20.1
 59475 112.65  22.40    27   17.1
 59476 113.03  22.53    36   14.6
 59477 112.23  22.27    68   17.8
 59480 113.25  22.85    21   16.7
 59481 113.32  22.94    12   17.4
 59487 113.30  22.23    23   13.8
 59492 114.73  22.97    47   23.9
 59500 115.32  22.97     6   15.7
 59502 115.65  22.95     5    7.4
