diamond  3 2015年01月08日02点6小时降雨量                     
  15  01  08  02    -1 3 10 25 50 1 0
 39 122.7  37.3 122.5  36.7 120.8  36.2 119.3  35.0 120.4  34.3
 121.1  32.7 122.3  30.9 122.5  30.1 121.5  28.0 119.8  25.0
 116.1  22.6 111.0  21.0 111.0  18.6 109.6  18.1 108.3  18.5
 108.9  19.9 109.3  21.0 106.4  21.6 104.1  22.2 101.6  20.8
  98.7  22.0  97.1  24.1  97.7  27.0  91.7  26.6  85.7  27.7
  78.9  30.6  73.3  37.1  74.1  40.7  87.6  49.8  98.5  43.9
 110.4  44.3 122.0  54.7 135.7  48.3 131.5  42.2 125.2  39.4
 121.3  38.5 121.2  40.3 118.5  38.6 120.8  38.1
 1      52
 53367 111.23  41.32  1602    0.1
 54122 120.03  43.86   428    0.2
 56181 103.70  30.68   541    1.0
 56186 104.20  31.33   589    2.5
 56189 103.93  30.98   581    1.5
 56190 104.55  31.55   519    3.1
 56194 104.45  31.63   597    3.2
 56195 104.73  31.80   543    2.9
 56197 104.17  31.15   535    2.6
 56198 104.50  31.32   525    3.0
 56199 104.68  31.03   423    1.0
 56272 103.88  30.82   558    1.2
 56276 103.82  30.45   467    0.9
 56279 102.93  30.15   682    0.1
 56280 103.12  30.08   691    0.3
 56281 103.50  30.18   510    0.2
 56284 103.43  30.45   518    0.3
 56285 103.52  30.60   523    0.3
 56286 104.26  30.61   505    1.4
 56288 103.92  30.58   494    1.1
 56289 103.87  30.20   437    0.4
 56290 104.18  30.78   514    0.7
 56291 104.28  30.93   469    0.6
 56295 104.55  30.38   448    0.3
 56296 104.43  30.85   448    0.7
 56298 104.60  30.13   417    0.9
 56317  94.22  29.22  2950    0.3
 56380 103.35  29.88   571    0.2
 56381 103.50  30.07   630    0.3
 56391 103.82  30.08   415    0.2
 56480 103.53  28.82   564    0.5
 56498 104.50  28.15   549    0.3
 56582 103.90  27.75  1176    0.2
 56889 104.17  24.05  1518    0.1
 56891 104.32  24.98  1482    0.3
 56976 102.85  23.22   312    0.4
 56994 104.28  23.33  1293    0.2
 56995 104.42  23.03  1332    0.8
 57307 105.08  31.10   404    0.8
 57308 105.38  31.22   421    0.4
 57401 105.37  30.87   383    0.4
 57407 105.03  30.28   462    0.6
 57408 105.35  30.12   338    0.6
 57514 106.22  29.58   331    0.2
 57719 106.97  27.07  1275    0.4
 57728 107.47  27.07  1096    0.2
 57792 114.68  27.82    93    0.2
 57811 106.60  26.83  1296    0.3
 57985 113.68  25.57   609    0.1
 58435 118.53  30.30   220    0.1
 58844 119.15  26.15    57    0.2
 59213 106.92  23.73   110    0.2
