diamond  3 2015年01月19日20点6小时降雨量                     
  15  01  19  20    -1 3 10 25 50 1 0
 39 122.7  37.3 122.5  36.7 120.8  36.2 119.3  35.0 120.4  34.3
 121.1  32.7 122.3  30.9 122.5  30.1 121.5  28.0 119.8  25.0
 116.1  22.6 111.0  21.0 111.0  18.6 109.6  18.1 108.3  18.5
 108.9  19.9 109.3  21.0 106.4  21.6 104.1  22.2 101.6  20.8
  98.7  22.0  97.1  24.1  97.7  27.0  91.7  26.6  85.7  27.7
  78.9  30.6  73.3  37.1  74.1  40.7  87.6  49.8  98.5  43.9
 110.4  44.3 122.0  54.7 135.7  48.3 131.5  42.2 125.2  39.4
 121.3  38.5 121.2  40.3 118.5  38.6 120.8  38.1
 1      62
 50524 119.43  49.32   576   0.01
 50779 134.28  48.37    40    0.2
 51353  86.10  45.02   346   0.01
 51357  85.62  44.33   522   0.01
 54818 116.42  36.25    79    0.2
 56474 102.17  28.55  1774    0.9
 56478 102.43  28.30  1818    0.4
 56641  98.87  26.90  1189    1.3
 56646  99.92  26.53  2191   0.01
 56654 100.18  26.58  2195    1.8
 56688 103.17  26.10  1254    0.1
 56752 100.57  25.83  1438   0.01
 56755 100.40  25.39  1711    0.6
 56756 100.58  25.48  1992    1.1
 56757 100.28  25.27  1742    0.1
 56764 101.23  25.53  1873    0.2
 56839  98.82  23.77   995    1.6
 56841  98.68  24.60  1528   0.01
 56843  99.62  24.83  1650   0.01
 56846  99.93  24.58  1569    0.2
 56849  99.23  24.03  1606    0.1
 56854 100.13  24.45  1108    0.3
 56862 101.60  24.68  1968    0.3
 56867 101.12  23.98  1105    3.4
 56869 101.97  24.07  1497   0.01
 56873 102.92  24.68  1796   0.01
 56876 102.77  24.28  1731   0.01
 56878 102.75  24.13  1801    0.2
 56879 102.91  24.19  1702    0.3
 56885 103.45  24.40  1415   0.01
 56889 104.17  24.05  1518   0.01
 56898 102.41  24.18  1600    0.1
 56944  99.27  23.15  1278    0.7
 56948  99.60  22.63  1155    1.6
 56950  99.80  23.47  1044    1.5
 56952 100.70  23.50   913    4.1
 56958 100.47  21.96  1222    0.1
 56961 101.05  23.03  1336    2.2
 56962 101.67  23.42  1314    3.5
 56970 102.48  23.70  1419    0.8
 56973 102.83  23.62  1309    0.6
 56975 102.43  23.37   974    0.3
 56976 102.85  23.22   312    0.1
 56978 102.42  23.00  1642    1.7
 56982 103.29  23.70  1117    0.2
 56984 103.15  23.38  1720    0.3
 56987 103.23  22.78  1260    0.7
 56995 104.42  23.03  1332    0.2
 57216 106.83  32.35   579   0.01
 57623 107.60  28.88   685   0.01
 57720 107.17  27.88   889   0.01
 57824 107.23  26.58  1001   0.01
 57828 107.58  26.50   983   0.01
 57834 108.30  26.68   641   0.01
 57837 108.07  26.40   839   0.01
 57909 105.82  24.98   584    0.3
 57927 107.18  24.97   287    0.1
 59001 105.33  24.78   672    0.1
 59012 106.55  24.78   972    0.4
 59017 106.27  24.27   278   0.01
 59022 107.55  24.98   749   0.01
 59205 105.63  23.65   685    0.1
