diamond  3 2015年01月24日14点6小时降雨量                     
  15  01  24  14    -1 3 10 25 50 1 0
 39 122.7  37.3 122.5  36.7 120.8  36.2 119.3  35.0 120.4  34.3
 121.1  32.7 122.3  30.9 122.5  30.1 121.5  28.0 119.8  25.0
 116.1  22.6 111.0  21.0 111.0  18.6 109.6  18.1 108.3  18.5
 108.9  19.9 109.3  21.0 106.4  21.6 104.1  22.2 101.6  20.8
  98.7  22.0  97.1  24.1  97.7  27.0  91.7  26.6  85.7  27.7
  78.9  30.6  73.3  37.1  74.1  40.7  87.6  49.8  98.5  43.9
 110.4  44.3 122.0  54.7 135.7  48.3 131.5  42.2 125.2  39.4
 121.3  38.5 121.2  40.3 118.5  38.6 120.8  38.1
 1     272
 50958 126.93  45.53   168   0.01
 50962 128.03  45.95   112   0.01
 50964 128.80  45.83   119    0.2
 50965 128.27  45.43   167   0.01
 51058  87.97  47.10   563    0.3
 51137  82.93  46.20   715    0.3
 51145  83.65  46.55   521    0.2
 51328  80.42  44.20   770    3.1
 51329  80.85  44.05   640    1.2
 51353  86.10  45.02   346   0.01
 51430  81.15  43.83   602    0.3
 51434  81.53  43.97   770    0.5
 51436  83.30  43.45   928   0.01
 51438  81.77  43.18  1210   0.01
 53469 111.82  40.40  1166    1.0
 53488 113.58  40.03  1034    0.1
 53492 114.15  40.10   937   0.01
 53533 108.71  39.81  1414   0.01
 53562 111.67  39.92  1208   0.01
 53565 111.50  39.43  1051    0.6
 53567 111.00  39.02  1024   0.01
 53574 112.27  39.52  1409   0.01
 53575 112.20  39.10  1525   0.01
 53577 112.30  39.00  1437   0.01
 53579 112.90  39.02   859   0.01
 53580 113.10  39.82  1044   0.01
 53582 113.67  39.72  1079   0.01
 53644 108.83  38.60  1307   0.01
 53659 111.00  37.97  1163    1.3
 53662 111.58  38.72  1396   0.01
 53665 111.65  38.28  1185    0.3
 53666 111.93  38.35  1212    0.1
 53669 111.80  38.08  1150    0.1
 53674 112.70  38.40   869    0.1
 53677 112.48  37.93   806    0.7
 53678 112.65  38.07   897    0.6
 53679 112.54  37.75   776   0.01
 53681 113.37  38.83  1096   0.01
 53685 113.42  38.07   953   0.01
 53759 110.83  36.98  1109    0.5
 53760 111.23  37.88  1212    1.2
 53763 112.17  37.92  1006    0.3
 53767 111.17  37.33  1213    1.3
 53769 111.78  37.25   747    0.2
 53770 112.35  37.35   768    0.9
 53771 112.05  37.42   750    0.4
 53773 114.62  36.33    64   0.01
 53774 112.37  37.58   759   0.01
 53776 112.77  37.68   831   0.01
 53777 112.14  37.51   753   0.01
 53780 113.15  37.91  1066    0.3
 53781 114.47  36.87    67   0.01
 53782 113.62  37.93   767   0.01
 53783 113.72  37.60   940   0.01
 53786 113.33  37.09  1152    0.7
 53788 113.57  37.33  1265    0.5
 53794 114.75  37.35    33   0.01
 53797 114.52  37.28    73   0.01
 53850 110.18  36.88   804    0.1
 53856 110.75  36.47   765    0.2
 53857 110.18  36.07   840   0.01
 53860 111.17  36.98  1406    3.5
 53861 111.38  35.88   463   0.01
 53862 111.80  36.85   811    0.6
 53864 111.10  36.40  1030    0.1
 53865 111.55  36.65  1011    0.3
 53866 111.67  36.23   462   0.01
 53869 111.70  36.58   550   0.01
 53871 112.85  36.83   964    1.1
 53872 112.68  36.77   960    0.4
 53873 112.87  36.10   951    1.0
 53874 111.90  36.25   648   0.01
 53875 112.35  36.52  1000    0.5
 53878 113.38  36.52   767    0.1
 53879 112.88  36.32   952    1.6
 53880 113.23  36.33   947    0.8
 53883 114.70  37.13    36   0.01
 53885 113.20  36.12  1122    0.8
 53886 113.67  36.57   470    0.3
 53888 113.43  36.20  1089    1.1
 53892 114.47  36.62    66   0.01
 53893 114.95  36.77    39   0.01
 53894 114.20  36.40   149   0.01
 53895 114.50  36.78    60   0.01
 53896 114.95  36.35    50    0.1
 53897 114.38  36.38    69   0.01
 53899 114.97  36.48    48   0.01
 53946 109.82  35.60  1091   0.01
 53950 110.15  35.23   708   0.01
 53953 110.85  35.97   965    0.2
 53954 110.97  35.62   433   0.01
 53956 110.83  35.40   588   0.01
 53958 110.78  35.17   435   0.01
 53962 111.70  35.73   584    0.1
 53965 111.57  35.52   761    0.4
 53966 111.83  35.98   817    0.3
 53967 111.20  35.33   468   0.01
 53972 112.90  35.05   117   0.01
 53973 112.95  35.77   837    1.9
 53974 114.23  35.61    70   0.01
 53976 112.87  35.50   752    0.9
 53978 112.63  35.08   140   0.01
 53981 113.27  35.78  1311    1.5
 53982 113.27  35.23   112    0.2
 53983 114.42  35.03    69   0.01
 53984 113.47  35.23    82    0.5
 53985 113.82  35.50   140    0.2
 53987 113.36  35.11    94    0.5
 53988 113.67  35.27    77    0.4
 53991 114.33  35.92    93   0.01
 53992 114.52  35.65    58   0.01
 53993 114.92  35.93    51   0.01
 53994 114.07  35.38    70   0.01
 53995 114.50  35.55    62    0.1
 53996 114.65  36.45    57   0.01
 53997 114.18  35.15    71   0.01
 53998 114.65  35.20    61   0.01
 54069 125.80  44.12   173   0.01
 54076 126.93  44.38   268    0.2
 54098 129.47  44.33   267   0.01
 54169 126.02  43.30   271    0.1
 54172 126.53  43.87   290    0.2
 54252 124.75  42.73   196   0.01
 54274 125.99  42.69   306    0.1
 54631 115.15  37.07    32   0.01
 54640 114.87  36.92    36   0.01
 54804 115.18  36.30    45   0.01
 54807 115.77  36.15    41   0.01
 54809 115.28  36.55    41   0.01
 54820 115.17  36.82    36   0.01
 54904 115.52  35.58    50   0.01
 54905 115.93  35.58    46   0.01
 54906 115.42  35.25    49   0.01
 54908 115.10  35.27    57    0.1
 54910 116.05  35.82    40   0.01
 54912 116.50  35.77    41   0.01
 54914 116.08  35.42    40   0.01
 54915 116.60  35.43    33    0.1
 54917 116.33  35.13    35   0.01
 54918 116.97  35.60    62   0.01
 54921 116.33  35.42    38   0.01
 54927 117.20  35.10    74   0.01
 56034  97.13  33.80  4415   0.01
 56582 103.90  27.75  1176    0.1
 57011 106.15  34.75  1378   0.01
 57012 106.20  34.98  1664   0.01
 57024 107.65  34.45   669   0.01
 57047 109.32  34.17   540    0.1
 57053 110.72  34.70   505   0.01
 57054 110.23  34.55   556    0.4
 57055 110.13  34.59   342    0.5
 57057 110.15  34.10   963   0.01
 57060 111.23  35.17   402   0.01
 57061 111.20  34.83   410   0.01
 57063 111.77  34.77   523   0.01
 57066 111.67  34.40   408   0.01
 57070 112.12  34.73   364   0.01
 57072 112.75  34.92   127   0.01
 57074 112.40  34.42   252    0.9
 57075 112.87  34.17   203    0.4
 57076 112.78  34.73   189    0.2
 57078 112.47  34.15   336    0.4
 57079 113.03  34.95   106   0.01
 57080 112.97  34.73   165    1.0
 57082 113.02  34.47   427    0.1
 57084 113.05  34.49  1178    2.0
 57085 113.33  34.53   259    0.3
 57086 113.72  34.38   116   0.01
 57087 113.73  34.27   104   0.01
 57088 113.50  34.19   146   0.01
 57090 113.97  34.72    78   0.01
 57094 114.22  34.40    67   0.01
 57095 114.15  34.12    61   0.01
 57096 114.78  34.53    59   0.01
 57099 114.85  34.07    52   0.01
 57111 106.30  33.92   961    0.1
 57119 106.70  33.17   548   0.01
 57126 107.55  33.22   468   0.01
 57132 108.58  34.13   411   0.01
 57137 108.32  33.32   802    0.2
 57169 111.87  33.05   159    0.4
 57173 112.88  33.75   145    0.6
 57175 112.23  33.05   191    0.3
 57176 112.42  33.48   231    1.7
 57177 113.53  33.33    89   0.01
 57179 113.00  33.28   160   0.01
 57180 113.20  33.98   117   0.01
 57182 113.52  33.85    80   0.01
 57184 113.30  33.63    97   0.01
 57185 113.58  33.45    91   0.01
 57186 114.05  33.60    58   0.01
 57187 112.93  33.07   118   0.01
 57189 113.95  33.13    64   0.01
 57191 114.47  34.51    64   0.01
 57192 114.85  33.73    45   0.01
 57195 114.62  33.62    46   0.01
 57196 114.87  33.47    42   0.01
 57198 114.57  33.50    44   0.01
 57208 105.52  32.28   544   0.01
 57213 106.93  33.00   536   0.01
 57233 108.50  32.90   413   0.01
 57260 111.52  32.57   133    0.2
 57261 111.52  33.12   233   0.01
 57268 111.62  32.27   120    0.6
 57271 112.38  32.52    87   0.01
 57273 112.85  32.68   109   0.01
 57274 112.12  32.70   107    0.5
 57292 114.63  32.97    44   0.01
 57304 105.17  31.67   516   0.01
 57307 105.08  31.10   404   0.01
 57308 105.38  31.22   421   0.01
 57309 105.88  30.98   378    0.3
 57317 106.42  31.03   324    0.2
 57318 106.55  31.07   338   0.01
 57329 107.85  31.10   467    0.3
 57339 108.68  30.95   297    0.1
 57345 109.62  31.40   337    1.0
 57349 109.86  31.08   606   0.01
 57361 111.27  31.88   327   0.01
 57362 110.67  31.75   935    0.2
 57363 111.83  31.80   151    1.5
 57368 111.63  31.05   141    0.2
 57370 112.22  31.73    67   0.01
 57389 113.75  31.03    32   0.01
 57413 106.97  30.85   295    1.2
 57414 106.45  30.52   403   0.01
 57415 106.63  30.53   394   0.01
 57420 107.19  30.75   418    1.0
 57431 108.35  30.83   257    0.1
 57438 108.12  29.98   632   0.01
 57453 111.32  30.77   115   0.01
 57460 111.78  30.82    91   0.01
 57464 111.18  30.47   142   0.01
 57465 111.45  30.38    74    0.6
 57466 111.75  30.43    50   0.01
 57469 111.77  30.18    69    0.9
 57475 112.90  30.40    31   0.01
 57477 112.22  30.07    38    1.0
 57509 106.92  28.99   599   0.01
 57518 106.50  29.33   506   0.01
 57540 109.15  29.68   776    0.8
 57558 110.47  29.13   183   0.01
 57564 111.13  29.43   103   0.01
 57565 111.73  29.67    38    0.3
 57566 111.65  29.45    51    0.1
 57571 112.40  29.70    35   0.01
 57575 112.55  29.52    31    0.8
 57577 112.17  29.40    36    0.2
 57582 113.88  29.72    46    0.1
 57585 113.45  29.48    60   0.01
 57589 113.87  29.27   146   0.01
 57596 114.20  29.63   751   0.01
 57663 111.95  28.92    31   0.01
 57674 112.38  28.57    46   0.01
 57680 113.11  28.86    82   0.01
 57688 113.63  28.16   101   0.01
 57698 114.45  28.12    98   0.01
 57781 113.50  27.65    74   0.01
 57948 109.25  25.08   122    0.4
 57989 113.77  25.07   112   0.01
 57992 114.75  25.67   127   0.01
 57994 114.35  25.40   215   0.01
 58001 115.10  34.43    56   0.01
 58002 115.58  34.85    49   0.01
 58004 115.15  34.65    60   0.01
 58006 115.88  34.38    46   0.01
 58008 115.33  34.47    54   0.01
 58011 116.07  34.80    46   0.01
 58013 116.91  34.75    36   0.01
 58101 115.48  33.87    41   0.01
 59033 108.90  24.78   328   0.01
 59081 113.29  24.78   131    1.3
