diamond  3 2015年02月10日08点6小时降雨量                     
  15  02  10  08    -1 3 10 25 50 1 0
 39 122.7  37.3 122.5  36.7 120.8  36.2 119.3  35.0 120.4  34.3
 121.1  32.7 122.3  30.9 122.5  30.1 121.5  28.0 119.8  25.0
 116.1  22.6 111.0  21.0 111.0  18.6 109.6  18.1 108.3  18.5
 108.9  19.9 109.3  21.0 106.4  21.6 104.1  22.2 101.6  20.8
  98.7  22.0  97.1  24.1  97.7  27.0  91.7  26.6  85.7  27.7
  78.9  30.6  73.3  37.1  74.1  40.7  87.6  49.8  98.5  43.9
 110.4  44.3 122.0  54.7 135.7  48.3 131.5  42.2 125.2  39.4
 121.3  38.5 121.2  40.3 118.5  38.6 120.8  38.1
 1      29
 56194 104.45  31.63   597    0.1
 56497 104.23  28.10   448    0.2
 56595 104.87  27.42  1645    0.1
 56641  98.87  26.90  1189    0.4
 56891 104.32  24.98  1482    0.1
 56992 104.70  23.45  1507    0.1
 57708 105.60  27.15  1700    1.0
 57800 105.37  26.77  1457    1.1
 57807 105.47  26.21  1361    1.6
 57808 105.75  26.32  1274    0.7
 57809 105.75  26.07  1251    1.0
 57813 106.47  26.57  1261    0.7
 57814 106.27  26.42  1298    0.5
 57818 106.45  26.03  1140    1.0
 57900 105.22  25.83  1552    1.6
 57903 105.60  25.94  1142    1.5
 57905 105.61  25.40  1184    2.6
 57908 105.48  25.12  1394    1.3
 57909 105.82  24.98   584    2.6
 57911 106.65  26.67  1323    0.1
 57913 106.98  26.45  1093    0.3
 57914 106.67  26.42  1149    0.4
 57915 106.77  26.63  1104    0.2
 57921 107.34  25.85   821    0.3
 59001 105.33  24.78   672    0.2
 59004 105.10  24.50   725    1.0
 59012 106.55  24.78   972    1.5
 59015 106.57  24.35   437    0.8
 59027 107.25  24.13   254    0.2
