diamond  3 2015年02月24日02点6小时降雨量                     
  15  02  24  02    -1 3 10 25 50 1 0
 39 122.7  37.3 122.5  36.7 120.8  36.2 119.3  35.0 120.4  34.3
 121.1  32.7 122.3  30.9 122.5  30.1 121.5  28.0 119.8  25.0
 116.1  22.6 111.0  21.0 111.0  18.6 109.6  18.1 108.3  18.5
 108.9  19.9 109.3  21.0 106.4  21.6 104.1  22.2 101.6  20.8
  98.7  22.0  97.1  24.1  97.7  27.0  91.7  26.6  85.7  27.7
  78.9  30.6  73.3  37.1  74.1  40.7  87.6  49.8  98.5  43.9
 110.4  44.3 122.0  54.7 135.7  48.3 131.5  42.2 125.2  39.4
 121.3  38.5 121.2  40.3 118.5  38.6 120.8  38.1
 1     264
 50673 130.40  48.88    90    0.1
 50772 129.23  48.10   288    0.2
 50878 130.72  47.00    78    0.2
 56496 105.23  28.32   358    0.2
 57299 114.90  32.02    49    0.1
 57486 113.85  30.65    25    0.1
 57489 114.01  30.52    23    0.3
 57492 114.84  30.84    40    0.2
 57495 114.88  30.67    28    0.5
 57496 114.87  30.37    31    0.4
 57498 114.94  30.52    26    0.5
 57499 114.88  30.07    40    0.4
 57509 106.92  28.99   599    0.2
 57519 107.11  29.16   698    0.1
 57585 113.45  29.48    60    0.5
 57586 114.03  29.53    78    1.2
 57596 114.20  29.63   751    0.7
 57603 105.83  28.82   283    0.1
 57663 111.95  28.92    31    0.1
 57674 112.38  28.57    46    0.3
 57678 112.55  28.25    74    0.2
 57680 113.11  28.86    82    0.4
 57698 114.45  28.12    98    3.3
 57699 114.92  28.23    66    2.3
 57708 105.60  27.15  1700    0.1
 57714 106.23  27.47   942    0.7
 57742 109.20  27.52   884    0.1
 57754 109.84  27.21   252    0.1
 57760 111.43  27.70   249    0.1
 57772 112.50  27.75    86    0.2
 57773 112.83  27.88    63    0.6
 57777 112.87  27.23    63    2.1
 57778 112.95  27.09    70    0.2
 57781 113.50  27.65    74    0.9
 57783 113.82  27.88   118    0.9
 57786 113.85  27.63   117    0.5
 57792 114.68  27.82    93    0.8
 57794 114.02  27.63   177    0.6
 57796 114.88  27.83   189    1.3
 57798 114.60  27.40    85    7.1
 57821 107.50  26.70   925    0.2
 57828 107.58  26.50   983    0.2
 57829 107.80  26.20   963    0.2
 57846 110.15  26.58   310    0.1
 57859 110.63  26.03   408    0.1
 57870 112.10  26.80   151    0.3
 57875 112.68  26.75   137    9.4
 57881 113.25  26.72   101    1.0
 57882 113.55  26.79   136    6.4
 57883 114.28  26.75   253    1.0
 57886 113.80  26.48   268    0.4
 57891 114.25  26.93   153   12.5
 57895 114.78  26.47   101    0.1
 57899 114.92  26.80    71    0.2
 57949 110.00  24.98   156    0.8
 57954 110.18  25.23   157    0.6
 57956 110.32  25.42   167    0.2
 57958 110.32  25.08   151    0.3
 58112 116.45  30.73   968    0.7
 58230 118.28  32.12    26    0.3
 58234 118.42  32.47    40    0.4
 58240 119.02  32.68    21    0.4
 58242 119.16  32.30    22    1.1
 58244 119.59  32.45     5    1.2
 58245 119.42  32.41     9    1.3
 58246 119.99  32.56     2    0.8
 58247 119.80  32.27     3    0.5
 58249 120.05  32.16     6    0.8
 58250 120.16  32.51     6    0.6
 58254 120.45  32.52     5    0.7
 58257 120.26  31.99     4    0.3
 58264 121.18  32.33     3    0.1
 58269 121.65  31.78     3    0.5
 58317 116.37  30.87   434    1.2
 58327 117.28  31.27    45    0.3
 58329 117.87  31.33     9    0.3
 58330 118.08  31.75    26    0.1
 58331 118.37  31.73    22    0.2
 58334 118.37  31.38     9    0.5
 58335 118.52  31.57    23    0.4
 58339 118.90  31.33    15    0.1
 58340 119.03  31.66    25    1.1
 58341 119.59  31.98     6    0.9
 58342 119.55  31.72     6    1.4
 58344 119.20  31.96    36    0.8
 58346 119.81  31.34    16    1.1
 58349 120.56  31.41     8    1.1
 58351 120.30  31.90     4    0.8
 58352 120.77  31.65     4    0.4
 58353 120.57  31.86    11    0.5
 58359 120.62  31.13     4    0.5
 58360 121.20  31.92     3    0.2
 58366 121.49  31.67     4    0.2
 58377 121.11  31.51     5    1.0
 58401 115.40  30.75   123    1.0
 58404 115.22  30.47    61    0.5
 58408 115.43  30.23    35    0.9
 58409 115.93  30.10    32    0.6
 58415 116.55  30.67    64    0.8
 58416 116.82  30.75    35    1.5
 58417 116.13  30.17    54    0.6
 58418 116.67  30.13    60    0.6
 58420 117.23  30.72    58    0.8
 58421 117.87  30.63    31    0.8
 58423 117.78  30.48   647    0.2
 58426 118.13  30.30   193    0.9
 58427 117.50  30.65    15    0.8
 58428 117.50  30.22   118    0.7
 58431 118.32  30.90    39    0.3
 58432 118.40  30.68    57    2.0
 58433 118.75  30.93    31    0.9
 58435 118.53  30.30   220    0.9
 58438 118.58  30.08   191    0.7
 58441 119.42  30.87    43    0.6
 58442 119.18  31.17    16    0.8
 58443 119.89  31.02    25    1.0
 58446 119.70  30.63    72    0.9
 58449 119.95  30.05    46    1.2
 58451 120.93  30.83     2    0.9
 58452 120.77  30.73     4    1.4
 58453 120.50  30.07     7    1.7
 58454 119.98  30.53   102    0.7
 58455 120.65  30.52     8    0.3
 58456 120.52  30.63     6    2.2
 58458 120.90  30.54     4    0.4
 58459 120.29  30.19    44    1.0
 58460 121.35  30.73     5    0.1
 58461 121.12  31.13     4    0.1
 58462 121.23  31.03     4    0.1
 58468 121.17  30.05     5    2.3
 58484 122.20  30.25    37    2.0
 58501 115.63  29.92    23    0.1
 58502 116.02  29.67    74    0.7
 58503 115.67  29.70    41    0.7
 58505 115.90  29.62    63    0.9
 58507 115.12  29.25   116    0.2
 58510 116.23  29.73    40    0.4
 58512 116.55  29.90    71    0.9
 58514 116.05  29.45    37    0.1
 58523 117.93  29.93   227    0.1
 58529 117.85  29.27   171    0.1
 58534 118.18  29.78   170    0.4
 58537 118.40  29.13   153    0.4
 58542 119.68  29.82    46    0.4
 58544 119.27  29.48    88    1.1
 58546 119.88  29.47   115    1.0
 58547 119.18  29.03    66    1.9
 58548 119.47  29.22    50    1.0
 58550 120.25  29.70    39    1.5
 58555 120.88  29.52   113    2.9
 58558 120.22  29.27    89    1.5
 58559 120.97  29.15   107    4.7
 58560 120.43  29.05   304    8.8
 58561 121.60  29.98     4    1.4
 58563 121.83  29.88     5    2.1
 58565 121.39  29.69    41    3.1
 58566 121.88  29.47     6   13.2
 58567 121.43  29.32    39   12.1
 58568 121.38  29.12    34    3.1
 58570 122.30  29.95    85    3.1
 58601 115.38  28.70    53    2.9
 58602 115.55  28.85    40    1.0
 58605 115.38  28.42    46    1.1
 58607 115.95  28.55    31    2.5
 58609 115.82  28.22    27    2.5
 58612 116.68  28.70    21    2.7
 58614 116.27  28.38    34    0.5
 58615 117.08  28.68    56    1.1
 58616 116.82  28.20    40    1.0
 58618 116.60  28.27    82    1.3
 58619 116.37  28.00    49    1.5
 58620 117.10  29.02    51    0.1
 58623 117.92  28.47    90    5.3
 58624 117.43  28.40    70    3.5
 58625 117.60  28.42    79    5.0
 58627 117.06  28.31    56    0.9
 58629 117.71  28.29   100   11.6
 58631 118.50  28.90   137    1.7
 58632 118.60  28.72   126    3.7
 58635 118.20  28.43    95    6.3
 58642 119.80  28.88   105    7.8
 58643 120.03  28.90   102    8.1
 58644 119.28  28.60   237    6.6
 58647 119.13  28.08   222   15.8
 58654 120.08  28.67   184    9.3
 58656 120.97  28.07    60    4.8
 58657 120.28  28.15    57    7.3
 58658 120.68  28.15    34   14.4
 58659 120.65  28.03    28    7.5
 58660 121.20  28.87     6    7.7
 58664 121.37  28.37    35    7.6
 58693 115.83  28.70    40    4.6
 58701 115.40  27.77    46    1.0
 58704 115.35  27.58   104    4.0
 58706 115.83  27.43   181   13.3
 58707 115.13  27.22    66    4.4
 58710 116.05  27.77    78    4.8
 58712 116.78  27.92   130    6.9
 58713 117.07  27.72   225    9.6
 58714 116.23  27.55   120   10.0
 58719 116.93  27.30   131   10.4
 58724 117.32  27.53   268   16.3
 58735 118.75  27.52   260   13.4
 58736 118.82  27.38   262   14.6
 58745 119.08  27.62   400   11.0
 58746 119.70  27.55   538    8.4
 58747 119.35  27.15   899   11.0
 58748 119.65  27.10    50   10.9
 58749 119.88  27.23   684    6.1
 58750 120.08  27.78   105    5.3
 58751 120.57  27.67   254    6.8
 58814 116.35  26.35   247    1.2
 58821 117.47  26.73   173    0.2
 58822 116.85  26.83   342    4.7
 58823 117.80  26.80   175    1.5
 58826 117.80  26.40   120    0.5
 58828 117.62  26.27   208    0.3
 58836 118.73  26.58   361    1.4
 58844 119.15  26.15    57    0.1
 58845 119.53  26.50    60    0.3
 58848 119.55  26.20    13    0.3
 58850 120.23  26.92    92    1.7
 58906 115.80  25.60   167    1.4
 58907 115.40  25.15   305   14.0
 58912 116.73  25.72   404    0.9
 58917 116.10  25.08   307    6.6
 58923 117.83  25.70   400    2.3
 58928 117.53  25.02   166    7.4
 58929 118.15  25.07    68    2.0
 58934 118.27  25.33   183    2.4
 58935 118.23  25.48   521    2.7
 58938 118.98  25.23    23    0.2
 58940 119.33  26.08    25    0.3
 58942 119.38  25.72    39    0.2
 59022 107.55  24.98   749    0.1
 59031 108.26  24.81   342    0.7
 59061 111.27  24.82   193    0.1
 59071 112.28  24.73   174    0.5
 59081 113.29  24.78   131    0.1
 59091 114.52  24.75   277    2.4
 59093 115.03  24.78   253    6.4
 59094 114.12  24.35   184    0.2
 59099 114.93  24.45   173    0.2
 59106 115.90  24.58   152    1.3
 59109 115.73  24.15   123    9.5
 59114 116.17  24.65   135    3.9
 59122 117.75  24.62    43    1.1
 59124 117.38  24.52    53    1.9
 59125 117.30  24.38   108    3.0
 59127 117.83  24.43    32    0.8
 59129 117.60  24.13    53    5.9
 59130 118.15  24.73    30    0.4
 59131 118.37  24.97    45    0.5
 59137 118.57  24.82    56    0.4
 59276 112.65  23.35    40    0.1
 59279 112.87  23.18    24    0.8
 59285 113.60  23.57    38    0.1
 59290 114.25  23.78    85    5.8
 59310 116.18  23.77    45   11.1
 59312 116.70  23.67    60    0.2
 59313 116.98  23.68    44    0.1
 59314 116.13  23.30    29    0.1
 59315 116.40  23.59    43    1.0
 59322 117.37  23.98    22    7.9
