diamond  3 2015年02月03日02点6小时降雨量                     
  15  02  03  02    -1 3 10 25 50 1 0
 39 122.7  37.3 122.5  36.7 120.8  36.2 119.3  35.0 120.4  34.3
 121.1  32.7 122.3  30.9 122.5  30.1 121.5  28.0 119.8  25.0
 116.1  22.6 111.0  21.0 111.0  18.6 109.6  18.1 108.3  18.5
 108.9  19.9 109.3  21.0 106.4  21.6 104.1  22.2 101.6  20.8
  98.7  22.0  97.1  24.1  97.7  27.0  91.7  26.6  85.7  27.7
  78.9  30.6  73.3  37.1  74.1  40.7  87.6  49.8  98.5  43.9
 110.4  44.3 122.0  54.7 135.7  48.3 131.5  42.2 125.2  39.4
 121.3  38.5 121.2  40.3 118.5  38.6 120.8  38.1
 1     234
 51568  86.80  42.25  1085    0.5
 51707  76.73  39.50  1208    0.3
 51708  75.95  39.15  1325    0.2
 51717  76.78  39.25  1206    0.2
 53367 111.23  41.32  1602    0.1
 53392 114.60  41.85  1422    0.2
 53486 113.77  40.37  1050    0.2
 54231 122.35  42.97   248    0.1
 54304 115.27  40.95  1239    0.1
 54433 116.50  39.95    35    0.1
 54505 116.10  39.94    98    0.1
 54514 116.25  39.87    55    0.5
 54596 116.19  39.77    48    0.2
 54597 115.74  39.73   407    0.4
 56181 103.70  30.68   541    0.3
 56186 104.20  31.33   589    0.8
 56195 104.73  31.80   543    0.1
 56197 104.17  31.15   535    0.3
 56280 103.12  30.08   691    0.2
 56281 103.50  30.18   510    1.1
 56284 103.43  30.45   518    0.3
 56285 103.52  30.60   523    0.5
 56289 103.87  30.20   437    0.1
 56297 104.15  30.02   436    0.1
 56380 103.35  29.88   571    0.8
 56381 103.50  30.07   630    1.7
 56382 103.55  29.75   475    0.2
 56383 103.87  29.83   455    0.5
 56384 103.48  29.60   446    1.6
 56389 103.95  29.20   387    0.3
 56490 103.90  28.95   424    0.4
 56491 104.57  28.70   287    0.1
 56494 104.33  28.84   386    0.5
 56498 104.50  28.15   549    0.6
 56499 104.78  28.38   368    0.4
 56582 103.90  27.75  1176    0.1
 56592 104.52  28.43   359    0.1
 56593 104.92  28.58   279    0.1
 56596 105.05  27.85  1177    0.1
 56992 104.70  23.45  1507    0.1
 56996 104.70  23.13  1093    0.1
 57571 112.40  29.70    35    0.1
 57575 112.55  29.52    31    0.1
 57582 113.88  29.72    46    0.1
 57585 113.45  29.48    60    0.1
 57589 113.87  29.27   146    0.1
 57663 111.95  28.92    31    0.2
 57680 113.11  28.86    82    0.1
 57688 113.63  28.16   101    0.3
 57694 114.38  28.53   259    0.1
 57698 114.45  28.12    98    0.2
 57699 114.92  28.23    66    0.3
 57708 105.60  27.15  1700    0.2
 57714 106.23  27.47   942    0.6
 57717 106.83  27.53   974    0.3
 57719 106.97  27.07  1275    0.7
 57728 107.47  27.07  1096    0.1
 57760 111.43  27.70   249    0.5
 57762 111.70  27.69   165    0.6
 57763 112.00  27.68   205    0.4
 57767 111.01  27.13   308    0.2
 57769 111.73  27.23   252    0.2
 57771 112.53  27.93    88    0.2
 57772 112.50  27.75    86    0.3
 57773 112.83  27.88    63    0.1
 57777 112.87  27.23    63    0.3
 57778 112.95  27.10    70    0.3
 57781 113.50  27.65    74    0.3
 57786 113.85  27.63   117    0.1
 57792 114.68  27.82    93    0.2
 57794 114.02  27.63   177    0.2
 57798 114.60  27.40    85    0.4
 57807 105.47  26.21  1361    0.3
 57808 105.75  26.32  1274    0.5
 57809 105.75  26.07  1251    0.3
 57811 106.60  26.83  1296    0.3
 57813 106.47  26.57  1261    0.7
 57814 106.27  26.42  1298    0.4
 57818 106.45  26.03  1140    0.8
 57821 107.50  26.70   925    0.2
 57822 107.90  26.90   835    0.3
 57828 107.58  26.50   983    0.4
 57829 107.80  26.20   963    0.2
 57837 108.07  26.40   839    0.1
 57842 109.72  26.88   281    0.2
 57844 109.18  26.68   343    0.7
 57846 110.15  26.58   310    0.9
 57859 110.63  26.03   408    0.2
 57865 111.62  26.50   192    0.2
 57870 112.10  26.80   151    0.2
 57876 112.83  26.43   135    1.1
 57881 113.25  26.72   101    0.2
 57882 113.55  26.79   136    0.2
 57883 114.28  26.75   253    0.9
 57886 113.80  26.48   268    0.2
 57887 113.12  26.12   167    0.8
 57891 114.25  26.93   153    1.2
 57899 114.92  26.80    71    0.5
 57900 105.22  25.83  1552    0.2
 57903 105.60  25.94  1142    0.6
 57905 105.61  25.40  1184    0.5
 57911 106.65  26.67  1323    0.5
 57913 106.98  26.45  1093    0.1
 57914 106.67  26.42  1149    0.5
 57915 106.77  26.63  1104    0.5
 57923 107.87  25.98   419    0.4
 57927 107.18  24.97   287    1.0
 57936 108.91  25.76   258    0.2
 57942 110.00  25.80   268    0.3
 57948 109.25  25.08   122    0.7
 57949 110.00  24.98   156    2.1
 57954 110.18  25.23   157    1.0
 57955 110.67  25.62   224    0.7
 57956 110.32  25.42   167    0.5
 57958 110.32  25.08   151    0.4
 57960 111.07  25.93   195    0.6
 57962 111.65  25.97   167    0.2
 57964 111.15  25.50   263    0.4
 57969 111.31  25.28   269    0.2
 57971 112.20  25.92   224    0.5
 57981 113.22  25.97   139    0.4
 58404 115.22  30.47    61    0.1
 58408 115.43  30.23    35    0.1
 58420 117.23  30.72    58    0.1
 58421 117.87  30.63    31    0.1
 58423 117.78  30.48   647    0.2
 58426 118.13  30.30   193    0.7
 58427 117.50  30.65    15    0.2
 58428 117.50  30.22   118    0.2
 58435 118.53  30.30   220    1.0
 58438 118.58  30.08   191    1.3
 58443 119.89  31.02    25    0.1
 58449 119.95  30.05    46    2.2
 58453 120.50  30.07     7    0.5
 58459 120.29  30.19    44    0.3
 58502 116.02  29.67    74    0.1
 58503 115.67  29.70    41    0.1
 58505 115.90  29.62    63    0.1
 58507 115.12  29.25   116    0.1
 58508 115.77  29.33    41    0.2
 58509 115.82  29.05    36    0.4
 58510 116.23  29.73    40    0.1
 58512 116.55  29.90    71    0.2
 58517 116.20  29.27    35    0.3
 58523 117.93  29.93   227    0.7
 58524 117.22  29.37    87    0.8
 58529 117.85  29.27   171    2.2
 58530 118.43  29.87   168    0.2
 58534 118.18  29.78   170    0.2
 58537 118.40  29.13   153    2.2
 58542 119.68  29.82    46    1.4
 58544 119.27  29.48    88    3.3
 58546 119.88  29.47   115    5.4
 58547 119.18  29.03    66    3.5
 58548 119.47  29.22    50    3.8
 58550 120.25  29.70    39    3.5
 58555 120.88  29.52   113    4.2
 58558 120.22  29.27    89    6.3
 58559 120.97  29.15   107    3.7
 58560 120.43  29.05   304    6.0
 58565 121.39  29.69    41    0.4
 58566 121.88  29.47     6    1.2
 58567 121.43  29.32    39    2.8
 58568 121.38  29.12    34    3.1
 58601 115.38  28.70    53    0.2
 58602 115.55  28.85    40    0.2
 58605 115.38  28.42    46    0.3
 58607 115.95  28.55    31    0.4
 58609 115.82  28.22    27    0.6
 58612 116.68  28.70    21    0.8
 58614 116.27  28.38    34    0.8
 58615 117.08  28.68    56    2.0
 58616 116.82  28.20    40    1.2
 58618 116.60  28.27    82    0.9
 58619 116.37  28.00    49    0.7
 58620 117.10  29.02    51    1.2
 58623 117.92  28.47    90    3.0
 58624 117.43  28.40    70    2.8
 58625 117.60  28.42    79    3.1
 58627 117.06  28.31    56    1.7
 58629 117.71  28.29   100    4.3
 58631 118.50  28.90   137    2.5
 58632 118.60  28.72   126    3.8
 58635 118.20  28.43    95    2.9
 58642 119.80  28.88   105    5.3
 58643 120.03  28.90   102    5.9
 58644 119.28  28.60   237    2.6
 58647 119.13  28.08   222    0.3
 58654 120.08  28.67   184    5.8
 58656 120.97  28.07    60    2.4
 58657 120.28  28.15    57    2.6
 58658 120.68  28.15    34    3.2
 58659 120.65  28.03    28    2.8
 58660 121.20  28.87     6    3.1
 58664 121.37  28.37    35    5.9
 58693 115.83  28.70    40    0.3
 58701 115.40  27.77    46    0.4
 58704 115.35  27.58   104    0.8
 58706 115.83  27.43   181    1.1
 58707 115.13  27.22    66    0.8
 58710 116.05  27.77    78    0.7
 58712 116.78  27.92   130    1.2
 58713 117.07  27.72   225    0.6
 58714 116.23  27.55   120    1.2
 58719 116.93  27.30   131    0.4
 58724 117.32  27.53   268    1.3
 58735 118.75  27.52   260    1.2
 58736 118.82  27.38   262    0.1
 58745 119.08  27.62   400    0.7
 58746 119.70  27.55   538    0.9
 58747 119.35  27.15   899    0.1
 58748 119.65  27.10    50    0.2
 58749 119.88  27.23   684    0.7
 58750 120.08  27.78   105    2.1
 58751 120.57  27.67   254    1.4
 58845 119.53  26.50    60    0.1
 58848 119.55  26.20    13    0.4
 58850 120.23  26.92    92    0.2
 58941 119.50  25.97    25    0.2
 59001 105.33  24.78   672    0.4
 59012 106.55  24.78   972    0.5
 59015 106.57  24.35   437    0.4
 59022 107.55  24.98   749    0.9
 59025 107.38  24.53   248    1.3
 59027 107.25  24.13   254    1.2
 59031 108.26  24.81   342    1.2
 59033 108.90  24.78   328    0.8
 59034 108.67  24.48   150    0.5
 59051 110.50  24.77   136    0.3
 59052 110.82  24.83   169    0.1
 59213 106.92  23.73   110    0.5
 59227 107.14  23.11   454    0.1
 59230 108.17  23.72   168    0.4
 59235 108.62  23.43   115    0.5
