diamond  3 2015年02月24日08点6小时降雨量                     
  15  02  24  08    -1 3 10 25 50 1 0
 39 122.7  37.3 122.5  36.7 120.8  36.2 119.3  35.0 120.4  34.3
 121.1  32.7 122.3  30.9 122.5  30.1 121.5  28.0 119.8  25.0
 116.1  22.6 111.0  21.0 111.0  18.6 109.6  18.1 108.3  18.5
 108.9  19.9 109.3  21.0 106.4  21.6 104.1  22.2 101.6  20.8
  98.7  22.0  97.1  24.1  97.7  27.0  91.7  26.6  85.7  27.7
  78.9  30.6  73.3  37.1  74.1  40.7  87.6  49.8  98.5  43.9
 110.4  44.3 122.0  54.7 135.7  48.3 131.5  42.2 125.2  39.4
 121.3  38.5 121.2  40.3 118.5  38.6 120.8  38.1
 1     167
 50673 130.40  48.88    90    0.3
 56595 104.87  27.42  1645    0.1
 57085 113.33  34.53   259    0.1
 57274 112.12  32.70   107    0.1
 57370 112.22  31.73    67    0.1
 57589 113.87  29.27   146    0.1
 57666 112.13  28.52    52    0.1
 57680 113.11  28.86    82    0.1
 57698 114.45  28.12    98    1.4
 57699 114.92  28.23    66    0.2
 57717 106.83  27.53   974    0.1
 57735 108.82  27.18   404    0.3
 57754 109.84  27.21   252    0.1
 57768 111.45  27.32   242    0.1
 57769 111.73  27.23   252    0.2
 57783 113.82  27.88   118    0.2
 57786 113.85  27.63   117    1.3
 57792 114.68  27.82    93    0.4
 57794 114.02  27.63   177    0.3
 57796 114.88  27.83   189    0.1
 57798 114.60  27.40    85    0.5
 57822 107.90  26.90   835    0.2
 57828 107.58  26.50   983    0.2
 57829 107.80  26.20   963    0.1
 57842 109.72  26.88   281    0.1
 57844 109.18  26.68   343    0.1
 57846 110.15  26.58   310    0.2
 57865 111.62  26.50   192    0.1
 57867 111.28  26.40   169    0.1
 57868 111.86  26.59   113    0.1
 57875 112.68  26.75   137    0.1
 57876 112.83  26.43   135    0.1
 57881 113.25  26.72   101    0.4
 57882 113.55  26.79   136    0.8
 57883 114.28  26.75   253    0.4
 57886 113.80  26.48   268    0.2
 57887 113.12  26.12   167    0.3
 57891 114.25  26.93   153    1.7
 57981 113.22  25.97   139    0.1
 57989 113.77  25.07   112    0.6
 57992 114.75  25.67   127    0.3
 58346 119.81  31.34    16    0.1
 58352 120.77  31.65     4    0.1
 58359 120.62  31.13     4    0.1
 58361 121.37  31.10     5    0.2
 58369 121.78  31.05     5    0.2
 58370 121.53  31.23     4    0.2
 58377 121.11  31.51     5    0.1
 58409 115.93  30.10    32    0.1
 58415 116.55  30.67    64    0.1
 58426 118.13  30.30   193    0.1
 58443 119.89  31.02    25    0.1
 58446 119.70  30.63    72    0.3
 58449 119.95  30.05    46    0.8
 58451 120.93  30.83     2    0.3
 58452 120.77  30.73     4    0.1
 58453 120.50  30.07     7    0.5
 58454 119.98  30.53   102    0.2
 58455 120.65  30.52     8    1.4
 58456 120.52  30.63     6    0.2
 58458 120.90  30.54     4    1.5
 58459 120.29  30.19    44    0.4
 58460 121.35  30.73     5    1.2
 58461 121.12  31.13     4    0.2
 58462 121.23  31.03     4    0.7
 58463 121.50  30.88     4    0.8
 58468 121.17  30.05     5    0.4
 58484 122.20  30.25    37    0.1
 58503 115.67  29.70    41    0.1
 58514 116.05  29.45    37    0.1
 58523 117.93  29.93   227    0.1
 58530 118.43  29.87   168    0.3
 58534 118.18  29.78   170    1.0
 58544 119.27  29.48    88    0.1
 58546 119.88  29.47   115    0.5
 58547 119.18  29.03    66    0.1
 58550 120.25  29.70    39    0.1
 58555 120.88  29.52   113    0.2
 58560 120.43  29.05   304    0.3
 58561 121.60  29.98     4    0.1
 58563 121.83  29.88     5    0.2
 58565 121.39  29.69    41    0.2
 58570 122.30  29.95    85    0.7
 58605 115.38  28.42    46    0.3
 58609 115.82  28.22    27    1.8
 58614 116.27  28.38    34    1.2
 58616 116.82  28.20    40    1.0
 58618 116.60  28.27    82    2.2
 58619 116.37  28.00    49    3.4
 58623 117.92  28.47    90    1.2
 58624 117.43  28.40    70    1.6
 58625 117.60  28.42    79    1.8
 58627 117.06  28.31    56    1.6
 58629 117.71  28.29   100    1.6
 58632 118.60  28.72   126    0.4
 58635 118.20  28.43    95    1.8
 58642 119.80  28.88   105    0.2
 58643 120.03  28.90   102    0.8
 58644 119.28  28.60   237    0.1
 58647 119.13  28.08   222    1.0
 58654 120.08  28.67   184    0.2
 58656 120.97  28.07    60    0.5
 58657 120.28  28.15    57    0.1
 58658 120.68  28.15    34    0.1
 58664 121.37  28.37    35    0.3
 58701 115.40  27.77    46    0.1
 58704 115.35  27.58   104    0.2
 58706 115.83  27.43   181    0.2
 58707 115.13  27.22    66    0.4
 58710 116.05  27.77    78    0.3
 58712 116.78  27.92   130    0.2
 58713 117.07  27.72   225    0.3
 58714 116.23  27.55   120    0.5
 58719 116.93  27.30   131    0.8
 58724 117.32  27.53   268    0.4
 58735 118.75  27.52   260    2.9
 58736 118.82  27.38   262    4.9
 58745 119.08  27.62   400    1.3
 58746 119.70  27.55   538    1.0
 58747 119.35  27.15   899    6.3
 58748 119.65  27.10    50    2.4
 58749 119.88  27.23   684    3.3
 58750 120.08  27.78   105    0.4
 58751 120.57  27.67   254    0.3
 58814 116.35  26.35   247    0.4
 58819 116.82  26.18   336    1.9
 58821 117.47  26.73   173    8.5
 58822 116.85  26.83   342    2.4
 58823 117.80  26.80   175    8.6
 58824 117.15  26.40   357    4.2
 58826 117.80  26.40   120    6.4
 58828 117.62  26.27   208   13.2
 58836 118.73  26.58   361    8.2
 58839 118.85  26.23    40    3.1
 58844 119.15  26.15    57    0.5
 58845 119.53  26.50    60    1.3
 58848 119.55  26.20    13    0.4
 58850 120.23  26.92    92    0.7
 58906 115.80  25.60   167    0.6
 58907 115.40  25.15   305    0.6
 58912 116.73  25.72   404    0.3
 58917 116.10  25.08   307    0.2
 58923 117.83  25.70   400    0.4
 58928 117.53  25.02   166    3.2
 58929 118.15  25.07    68    1.6
 58932 118.93  25.87    85    0.3
 58934 118.27  25.33   183    2.1
 58935 118.23  25.48   521    0.1
 58938 118.98  25.23    23    4.4
 58940 119.33  26.08    25    0.9
 58941 119.50  25.97    25    0.3
 58942 119.38  25.72    39    0.7
 58946 119.00  25.45    81    3.3
 59031 108.26  24.81   342    0.5
 59074 112.15  24.57   300    0.1
 59081 113.29  24.78   131    0.8
 59091 114.52  24.75   277    0.5
 59094 114.12  24.35   184    0.1
 59106 115.90  24.58   152    1.5
 59114 116.17  24.65   135    0.8
 59122 117.75  24.62    43    0.1
 59124 117.38  24.52    53    0.6
 59127 117.83  24.43    32    0.1
 59131 118.37  24.97    45   16.9
 59137 118.57  24.82    56    7.1
 59270 112.18  23.92    84    0.1
 59284 113.24  23.42    38    0.1
