diamond  3 2015年02月01日20点6小时降雨量                     
  15  02  01  20    -1 3 10 25 50 1 0
 39 122.7  37.3 122.5  36.7 120.8  36.2 119.3  35.0 120.4  34.3
 121.1  32.7 122.3  30.9 122.5  30.1 121.5  28.0 119.8  25.0
 116.1  22.6 111.0  21.0 111.0  18.6 109.6  18.1 108.3  18.5
 108.9  19.9 109.3  21.0 106.4  21.6 104.1  22.2 101.6  20.8
  98.7  22.0  97.1  24.1  97.7  27.0  91.7  26.6  85.7  27.7
  78.9  30.6  73.3  37.1  74.1  40.7  87.6  49.8  98.5  43.9
 110.4  44.3 122.0  54.7 135.7  48.3 131.5  42.2 125.2  39.4
 121.3  38.5 121.2  40.3 118.5  38.6 120.8  38.1
 1     221
 51627  79.23  41.22  1395   0.01
 51707  76.73  39.50  1208   0.01
 51717  76.78  39.25  1206   0.01
 51802  76.17  38.93  1297   0.01
 51814  77.40  37.92  1360   0.01
 53337 108.47  41.09  1023   0.01
 53343 109.97  41.77  1612   0.01
 53357 110.05  41.03  1360    0.1
 53455 110.53  40.55   998   0.01
 53457 110.03  40.40  1011   0.01
 53464 111.17  40.72  1042    0.1
 53545 109.71  39.56  1367   0.01
 53666 111.93  38.35  1212   0.01
 53727 107.12  37.17  1712    0.1
 53829 107.90  35.98  1093   0.01
 53841 109.32  36.88  1068   0.01
 53917 106.07  35.22  1631   0.01
 53925 107.18  35.68  1172   0.01
 53926 107.35  35.35  1028   0.01
 53930 107.98  36.45  1271   0.01
 53934 107.98  35.78  1274   0.01
 56186 104.20  31.33   589   0.01
 56190 104.55  31.55   519    0.8
 56194 104.45  31.63   597    1.2
 56195 104.73  31.80   543    1.1
 56197 104.17  31.15   535    0.7
 56198 104.50  31.32   525    0.3
 56272 103.88  30.82   558   0.01
 56280 103.12  30.08   691   0.01
 56290 104.18  30.78   514    0.2
 56291 104.28  30.93   469    0.5
 56295 104.55  30.38   448    0.2
 56297 104.15  30.02   436    0.1
 56298 104.60  30.13   417   0.01
 56389 103.95  29.20   387    0.6
 56390 104.07  29.67   404    0.1
 56391 103.82  30.08   415   0.01
 56393 104.85  29.77   369    0.1
 56395 104.67  29.52   351   0.01
 56483 103.95  28.58   496   0.01
 56490 103.90  28.95   424   0.01
 56499 104.78  28.38   368    0.4
 56592 104.52  28.43   359   0.01
 56593 104.92  28.58   279    0.1
 56641  98.87  26.90  1189   0.01
 56645  99.42  26.42  2344   0.01
 56649  99.96  26.11  2059   0.01
 56675 102.58  26.65  1694   0.01
 56697 104.08  26.22  1984   0.01
 56745  99.95  25.68  1626   0.01
 56746  99.52  25.47  1616    0.2
 56756 100.58  25.48  1992    0.1
 56757 100.28  25.27  1742    0.3
 56761 101.32  25.72  1878    0.1
 56764 101.23  25.53  1873   0.01
 56766 101.52  25.31  1822    1.2
 56767 101.28  25.18  1857    2.7
 56772 102.50  25.23  1692    0.4
 56774 102.42  25.53  1710    1.0
 56775 102.45  25.55  1750    0.7
 56781 103.27  25.55  1873    1.4
 56782 103.55  25.42  2067    0.9
 56783 103.80  25.50  1906    2.6
 56785 103.08  25.36  1915    0.7
 56788 103.62  24.98  1857    9.7
 56790 104.25  25.68  1925    5.3
 56844  98.58  24.43   913   0.01
 56846  99.93  24.58  1569    3.5
 56851 100.53  25.04  1377    0.7
 56869 101.97  24.07  1497   0.01
 56873 102.92  24.68  1796   0.01
 56876 102.77  24.28  1731   0.01
 56879 102.91  24.19  1702   0.01
 56880 103.17  24.92  1532   0.01
 56882 102.83  24.91  1976   0.01
 56885 103.45  24.40  1415    0.6
 56891 104.32  24.98  1482    0.1
 56898 102.41  24.18  1600    0.1
 56952 100.70  23.50   913   0.01
 56962 101.67  23.42  1314   0.01
 56975 102.43  23.37   974    0.3
 56976 102.85  23.22   312   0.01
 56978 102.42  23.00  1642    1.0
 56984 103.15  23.38  1720   0.01
 56987 103.23  22.78  1260    0.1
 56992 104.70  23.45  1507   0.01
 57102 105.72  33.75   970   0.01
 57204 105.22  32.57   782    0.7
 57208 105.52  32.28   544    0.5
 57303 105.92  31.73   459   0.01
 57304 105.17  31.67   516   0.01
 57308 105.38  31.22   421   0.01
 57401 105.37  30.87   383    0.1
 57407 105.03  30.28   462   0.01
 57499 114.88  30.07    40   0.01
 57582 113.88  29.72    46   0.01
 57589 113.87  29.27   146   0.01
 57590 114.37  29.85    98   0.01
 57678 112.55  28.25    74   0.01
 57688 113.63  28.16   101   0.01
 57694 114.38  28.53   259    0.3
 57699 114.92  28.23    66   0.01
 57728 107.47  27.07  1096    0.1
 57735 108.82  27.18   404   0.01
 57738 108.42  27.05   516   0.01
 57739 108.92  27.23   394   0.01
 57754 109.84  27.21   252   0.01
 57760 111.43  27.70   249   0.01
 57762 111.70  27.69   165    0.1
 57768 111.45  27.32   242    0.1
 57783 113.82  27.88   118   0.01
 57807 105.47  26.21  1361    0.4
 57808 105.75  26.32  1274    0.1
 57809 105.75  26.07  1251    0.4
 57811 106.60  26.83  1296   0.01
 57814 106.27  26.42  1298   0.01
 57818 106.45  26.03  1140   0.01
 57822 107.90  26.90   835   0.01
 57824 107.23  26.58  1001   0.01
 57834 108.30  26.68   641    0.1
 57835 108.43  26.72   527   0.01
 57837 108.07  26.40   839    0.1
 57844 109.18  26.68   343   0.01
 57846 110.15  26.58   310    0.1
 57883 114.28  26.75   253    0.1
 57900 105.22  25.83  1552    1.0
 57905 105.61  25.40  1184    0.4
 57908 105.48  25.12  1394    0.2
 57909 105.82  24.98   584   0.01
 57911 106.65  26.67  1323   0.01
 57914 106.67  26.42  1149   0.01
 57915 106.77  26.63  1104   0.01
 57923 107.87  25.98   419   0.01
 57927 107.18  24.97   287    0.1
 57936 108.91  25.76   258   0.01
 57941 109.60  25.78   197   0.01
 57948 109.25  25.08   122   0.01
 57981 113.22  25.97   139    0.1
 58361 121.37  31.10     5   0.01
 58365 121.25  31.37     4   0.01
 58366 121.49  31.67     4   0.01
 58367 121.43  31.20     4   0.01
 58369 121.78  31.05     5   0.01
 58370 121.53  31.23     4   0.01
 58408 115.43  30.23    35   0.01
 58417 116.13  30.17    54   0.01
 58421 117.87  30.63    31    0.3
 58423 117.78  30.48   647    0.3
 58432 118.40  30.68    57    0.1
 58438 118.58  30.08   191    0.4
 58443 119.89  31.02    25   0.01
 58446 119.70  30.63    72    0.4
 58449 119.95  30.05    46    0.7
 58451 120.93  30.83     2    0.1
 58452 120.77  30.73     4    0.3
 58453 120.50  30.07     7    0.2
 58454 119.98  30.53   102    0.3
 58455 120.65  30.52     8    0.6
 58456 120.52  30.63     6    0.4
 58458 120.90  30.54     4    0.4
 58459 120.29  30.19    44    0.1
 58460 121.35  30.73     5   0.01
 58461 121.12  31.13     4   0.01
 58462 121.23  31.03     4   0.01
 58463 121.50  30.88     4   0.01
 58468 121.17  30.05     5   0.01
 58501 115.63  29.92    23    0.8
 58502 116.02  29.67    74    0.3
 58503 115.67  29.70    41   0.01
 58505 115.90  29.62    63    0.6
 58507 115.12  29.25   116   0.01
 58508 115.77  29.33    41   0.01
 58509 115.82  29.05    36   0.01
 58512 116.55  29.90    71   0.01
 58514 116.05  29.45    37    0.1
 58517 116.20  29.27    35    0.2
 58523 117.93  29.93   227    0.5
 58524 117.22  29.37    87    0.4
 58529 117.85  29.27   171    0.5
 58530 118.43  29.87   168    0.7
 58534 118.18  29.78   170    1.1
 58537 118.40  29.13   153    0.5
 58542 119.68  29.82    46    0.3
 58544 119.27  29.48    88    0.2
 58546 119.88  29.47   115    0.4
 58547 119.18  29.03    66   0.01
 58548 119.47  29.22    50    0.5
 58550 120.25  29.70    39    0.4
 58555 120.88  29.52   113    0.2
 58558 120.22  29.27    89    0.3
 58559 120.97  29.15   107    0.3
 58561 121.60  29.98     4   0.01
 58563 121.83  29.88     5   0.01
 58565 121.39  29.69    41   0.01
 58566 121.88  29.47     6   0.01
 58567 121.43  29.32    39   0.01
 58568 121.38  29.12    34   0.01
 58570 122.30  29.95    85   0.01
 58601 115.38  28.70    53    0.3
 58602 115.55  28.85    40    0.1
 58605 115.38  28.42    46   0.01
 58607 115.95  28.55    31    0.1
 58612 116.68  28.70    21    0.5
 58614 116.27  28.38    34   0.01
 58615 117.08  28.68    56    0.6
 58620 117.10  29.02    51    0.8
 58631 118.50  28.90   137   0.01
 58693 115.83  28.70    40    0.2
 58719 116.93  27.30   131    0.1
 58814 116.35  26.35   247   0.01
 59001 105.33  24.78   672    0.1
 59012 106.55  24.78   972   0.01
 59015 106.57  24.35   437   0.01
 59017 106.27  24.27   278   0.01
 59022 107.55  24.98   749    0.2
 59025 107.38  24.53   248    0.3
 59027 107.25  24.13   254   0.01
 59031 108.26  24.81   342    0.8
 59033 108.90  24.78   328    0.2
 59034 108.67  24.48   150    0.4
 59041 109.25  24.65   108   0.01
