diamond  3 2015年02月20日14点6小时降雨量                     
  15  02  20  14    -1 3 10 25 50 1 0
 39 122.7  37.3 122.5  36.7 120.8  36.2 119.3  35.0 120.4  34.3
 121.1  32.7 122.3  30.9 122.5  30.1 121.5  28.0 119.8  25.0
 116.1  22.6 111.0  21.0 111.0  18.6 109.6  18.1 108.3  18.5
 108.9  19.9 109.3  21.0 106.4  21.6 104.1  22.2 101.6  20.8
  98.7  22.0  97.1  24.1  97.7  27.0  91.7  26.6  85.7  27.7
  78.9  30.6  73.3  37.1  74.1  40.7  87.6  49.8  98.5  43.9
 110.4  44.3 122.0  54.7 135.7  48.3 131.5  42.2 125.2  39.4
 121.3  38.5 121.2  40.3 118.5  38.6 120.8  38.1
 1     707
 51352  85.25  44.85   337   0.01
 51353  86.10  45.02   346   0.01
 51356  86.05  44.32   442   0.01
 51357  85.62  44.33   522    0.2
 51378  89.17  44.00   742    0.4
 51482  90.28  43.83  1271   0.01
 52515  94.87  39.52  2137   0.01
 52885 103.25  36.75  2118   0.01
 52998 104.20  35.13  2111   0.01
 53367 111.23  41.32  1602    0.1
 53368 111.47  41.08  1637    0.7
 53378 112.62  41.28  1737   0.01
 53384 113.18  41.45  1423    0.3
 53392 114.60  41.85  1422    0.2
 53397 113.98  41.10  1376    1.1
 53464 111.17  40.72  1042   0.01
 53466 111.70  40.75  1045    2.0
 53467 111.18  40.27  1016    0.3
 53469 111.82  40.40  1166    1.7
 53472 112.57  40.87  1451    0.4
 53475 112.47  40.52  1268    0.3
 53481 113.22  40.80  1316    0.4
 53483 113.83  40.87  1268    1.0
 53484 113.15  40.45  1191    0.2
 53486 113.77  40.37  1050    0.8
 53488 113.58  40.03  1034    0.3
 53491 114.38  40.67   837    1.3
 53492 114.15  40.10   937    0.4
 53498 115.03  40.57   629    0.5
 53499 114.73  40.77   755    0.6
 53553 111.22  39.87  1221    0.2
 53562 111.67  39.92  1208    0.3
 53565 111.50  39.43  1051    0.6
 53567 111.00  39.02  1024    0.7
 53574 112.27  39.52  1409    0.5
 53576 112.82  39.50  1045    0.1
 53579 112.90  39.02   859   0.01
 53580 113.10  39.82  1044    1.9
 53582 113.67  39.72  1079    0.1
 53584 113.17  39.57  1000   0.01
 53590 114.27  39.75   977   0.01
 53596 115.13  38.85    52    1.3
 53599 114.68  39.37   884    0.6
 53602 105.67  38.83  1561   0.01
 53611 106.55  38.88  1098   0.01
 53658 110.48  38.03   894    0.7
 53660 111.08  39.02   894    0.3
 53662 111.58  38.72  1396   0.01
 53665 111.65  38.28  1185    0.2
 53677 112.48  37.93   806   0.01
 53680 114.38  38.30   108    0.5
 53682 114.68  38.63   104    0.2
 53688 114.55  38.42   100    0.9
 53689 115.07  38.02    42    0.5
 53691 114.57  38.15    71    0.7
 53692 114.98  38.73    66    0.4
 53693 114.13  38.03   255    0.4
 53694 114.22  38.27   131    0.6
 53695 114.68  38.35    70    1.0
 53696 115.02  38.55    41    0.9
 53697 114.83  38.03    53    0.4
 53699 114.95  38.18    45    0.5
 53707 105.25  36.93  1697   0.01
 53732 108.72  37.85  1209   0.01
 53748 109.70  37.18  1063    0.2
 53750 110.18  37.77   931    0.3
 53751 110.05  37.60   894    0.2
 53760 111.23  37.88  1212    0.1
 53773 114.62  36.33    64    0.3
 53774 112.37  37.58   759    2.3
 53777 112.14  37.51   753   0.01
 53781 114.47  36.87    67    0.5
 53782 113.62  37.93   767   0.01
 53783 113.72  37.60   940    0.5
 53784 114.78  37.75    38    1.1
 53785 114.67  37.52    35    3.1
 53786 113.33  37.09  1152    1.4
 53788 113.57  37.33  1265    0.6
 53789 114.63  37.88    52    0.5
 53790 114.61  37.63    44    1.1
 53791 114.50  37.81    68    0.4
 53792 114.48  37.45   113    1.6
 53794 114.75  37.35    33    1.2
 53795 114.37  37.65   137    0.4
 53796 114.89  37.62    30    2.7
 53797 114.52  37.28    73    1.8
 53799 115.00  37.24    25    0.2
 53832 108.77  36.77  1218    0.4
 53841 109.32  36.88  1068    0.6
 53848 109.35  36.27  1005    0.6
 53852 110.63  36.77   916   0.01
 53856 110.75  36.47   765   0.01
 53857 110.18  36.07   840   0.01
 53861 111.38  35.88   463    1.5
 53862 111.80  36.85   811    0.1
 53864 111.10  36.40  1030    0.2
 53865 111.55  36.65  1011    0.3
 53866 111.67  36.23   462    2.4
 53869 111.70  36.58   550    1.6
 53871 112.85  36.83   964    3.1
 53873 112.87  36.10   951    1.9
 53874 111.90  36.25   648    3.1
 53875 112.35  36.52  1000    3.1
 53878 113.38  36.52   767    1.0
 53879 112.88  36.32   952    1.0
 53880 113.23  36.33   947    0.6
 53883 114.70  37.13    36    0.9
 53885 113.20  36.12  1122    0.5
 53886 113.67  36.57   470    0.2
 53888 113.43  36.20  1089   0.01
 53890 114.10  36.67   280    0.4
 53891 114.68  37.02    43    0.8
 53892 114.47  36.62    66    0.8
 53893 114.95  36.77    39    0.8
 53894 114.20  36.40   149   0.01
 53895 114.50  36.78    60    0.5
 53897 114.38  36.38    69   0.01
 53899 114.97  36.48    48    0.2
 53924 107.62  35.07   966   0.01
 53931 109.37  36.00   984    0.2
 53935 108.40  35.49  1481    0.1
 53941 109.58  35.18   804    1.2
 53944 109.25  35.57   863    0.5
 53945 109.07  35.43  1395    0.8
 53946 109.82  35.60  1091    1.1
 53949 109.92  35.18   679    0.8
 53953 110.85  35.97   965    3.1
 53954 110.97  35.62   433    1.8
 53956 110.83  35.40   588    2.1
 53957 110.72  35.62   459    4.4
 53958 110.78  35.17   435    1.1
 53961 111.48  35.65   472    1.9
 53964 111.22  35.62   430    1.2
 53965 111.57  35.52   761    3.7
 53966 111.83  35.98   817    1.0
 53967 111.20  35.33   468    2.0
 53972 112.90  35.05   117   0.01
 53973 112.95  35.77   837    0.2
 53976 112.87  35.50   752    0.1
 53978 112.63  35.08   140   0.01
 53979 113.08  35.15   120   0.01
 53981 113.27  35.78  1311    0.2
 53983 114.42  35.03    69    0.1
 53984 113.47  35.23    82   0.01
 53985 113.82  35.50   140   0.01
 53989 113.98  35.08    75   0.01
 53991 114.33  35.92    93    0.3
 53992 114.52  35.65    58    0.3
 53993 114.92  35.93    51    0.1
 53994 114.07  35.38    70   0.01
 53997 114.18  35.15    71   0.01
 54204 115.00  42.30  1346    0.1
 54205 116.00  42.23  1315   0.01
 54301 115.67  41.67  1412    0.3
 54304 115.27  40.95  1239    0.6
 54305 115.27  41.88  1468    0.6
 54318 117.73  41.32   561    0.2
 54319 118.67  41.00   502    1.3
 54320 119.30  41.60   544   0.01
 54323 120.78  41.82   253    0.3
 54328 119.72  41.08   296    3.2
 54362 125.73  41.67   380    0.1
 54398 116.62  40.13    28    1.9
 54399 116.28  39.98    45    1.7
 54404 115.83  40.88   867    0.3
 54408 115.22  40.38   529    0.3
 54410 116.13  40.60  1224    0.3
 54412 116.63  40.73   331   0.01
 54419 116.63  40.37    75    2.0
 54420 117.33  40.93   529    1.0
 54421 117.12  40.65   293   0.01
 54424 117.12  40.17    32    2.6
 54425 117.47  40.40   633    2.1
 54428 117.40  40.03    15    3.1
 54430 118.21  40.78   330    2.3
 54431 116.63  39.92    43    2.4
 54432 118.47  40.61   369    4.2
 54433 116.50  39.95    35    2.0
 54434 118.33  40.17   131    3.5
 54437 118.62  39.51    18    3.2
 54438 118.88  39.88    65    4.0
 54439 118.72  40.02    50    3.5
 54499 116.22  40.22    76    1.0
 54501 115.68  39.97   440    0.3
 54502 116.03  39.48    29    1.0
 54503 115.82  39.07    12    1.9
 54505 116.10  39.94    98    1.7
 54506 115.95  39.32    24    1.1
 54507 115.52  39.33    49    2.3
 54510 116.95  39.91    18    1.6
 54512 116.28  39.42    21    1.4
 54513 116.20  39.95    65    1.6
 54514 116.25  39.87    55    2.4
 54515 116.70  39.50    13    5.5
 54519 116.48  39.30    12    4.0
 54520 117.08  39.97    18    1.8
 54521 116.98  39.77    13    3.6
 54522 117.73  39.88    14    3.7
 54523 117.02  39.38     4    4.6
 54526 117.33  39.08     1    1.1
 54528 117.13  39.23     3    3.0
 54529 117.82  39.35     3    2.4
 54530 117.77  39.23     1    3.0
 54531 118.72  39.73    43    3.6
 54532 118.08  39.81    31    2.9
 54533 118.10  39.58     8    3.5
 54535 118.47  39.29     3    0.6
 54540 119.20  39.73    17    2.8
 54541 119.23  39.90    24    3.0
 54594 116.35  39.72    37    1.3
 54596 116.19  39.77    48    2.1
 54597 115.74  39.73   407    0.6
 54601 115.65  38.98    13    2.3
 54603 115.77  38.72    10    1.4
 54604 115.33  38.42    29    0.8
 54605 115.93  38.93     4    2.8
 54607 115.12  38.72    45    0.9
 54608 115.55  38.00    26    0.5
 54609 115.59  38.23    22    1.5
 54610 116.10  38.73     8    2.6
 54611 115.32  38.93    44    1.8
 54612 116.46  38.85     4    2.0
 54613 116.62  38.70     6    0.7
 54614 116.06  38.42    10    0.5
 54615 116.85  38.58     8    0.3
 54616 116.85  38.35     8    0.8
 54617 116.12  38.18    13    0.3
 54619 116.92  38.92     5    1.4
 54620 115.57  38.48    18    1.1
 54621 115.18  38.18    38    0.9
 54622 117.37  38.98     3    0.7
 54626 115.82  38.42    13    1.2
 54632 115.03  37.07    34    0.2
 54633 115.23  37.52    26    0.5
 54636 116.10  39.02    11    3.0
 54640 114.87  36.92    36    0.4
 54645 117.47  38.85     2    0.2
 54701 115.20  37.93    35    1.6
 54702 115.70  37.73    20    0.6
 54703 115.88  37.80    21    0.4
 54704 115.57  37.52    24    0.3
 54706 115.67  37.08    31   0.01
 54707 115.98  37.35    27   0.01
 54709 116.07  37.23    24   0.01
 54710 116.17  37.87    18    0.3
 54713 116.53  37.88    14   0.01
 54714 116.33  37.45    23   0.01
 54719 116.68  38.03    11    0.1
 54749 119.95  37.18    48   0.01
 54800 115.25  37.00    33    0.5
 54801 115.48  36.85    35    0.1
 54802 115.73  36.82    34    0.3
 54803 116.02  36.98    27    0.2
 54804 115.18  36.30    45   0.01
 54805 115.47  36.45    39    0.2
 54806 115.97  36.42    33   0.01
 54807 115.77  36.15    41   0.01
 54809 115.28  36.55    41    0.2
 54810 116.27  36.87    27   0.01
 54814 116.25  36.53    29   0.01
 54817 115.87  35.98    42   0.01
 54818 116.42  36.25    79   0.01
 54819 116.80  36.18   113   0.01
 54820 115.17  36.82    36    0.1
 54822 117.73  36.87    47   0.01
 54827 117.15  36.17   128   0.01
 54828 117.68  36.23   229   0.01
 54829 117.87  36.77    85   0.01
 54831 118.50  36.65   102    0.1
 54832 118.80  36.86    23   0.01
 54837 118.84  36.68    78    0.2
 54841 119.42  36.86    23   0.01
 54844 119.18  36.42    62   0.01
 54846 119.74  36.39    51   0.01
 54848 119.42  35.98    82   0.01
 54849 120.03  36.22    84    0.1
 54851 120.56  36.90    76   0.01
 54853 120.42  36.17    42   0.01
 54855 120.38  36.40    47   0.01
 54900 115.02  35.70    53    0.1
 54901 115.17  36.08    47    0.3
 54902 115.12  35.90    49   0.01
 54903 115.48  35.85    45    0.4
 54904 115.52  35.58    50    0.2
 54905 115.93  35.58    46    0.1
 54914 116.08  35.42    40   0.01
 54915 116.60  35.43    33    0.1
 54923 117.93  35.72   202   0.01
 54925 117.63  35.52   167    0.1
 54932 118.65  35.77   186    0.2
 54935 118.43  35.53   119    0.1
 54938 118.40  35.05    65    0.5
 54939 118.82  35.17   113    0.1
 54940 119.20  35.75   148    0.1
 54943 120.00  35.88    10    0.2
 56082 103.50  34.58  2540    0.1
 56095 104.38  34.03  1753   0.01
 56278 102.77  30.07   755   0.01
 56288 103.92  30.58   494   0.01
 56291 104.28  30.93   469   0.01
 56382 103.55  29.75   475   0.01
 56383 103.87  29.83   455    0.4
 56384 103.48  29.60   446   0.01
 56390 104.07  29.67   404   0.01
 56490 103.90  28.95   424    0.1
 56499 104.78  28.38   368    0.3
 56876 102.77  24.28  1731    0.1
 56885 103.45  24.40  1415   0.01
 57001 105.33  34.75  1271   0.01
 57004 104.88  34.73  1495    0.1
 57006 105.75  34.58  1141    0.1
 57007 105.18  34.18  1404   0.01
 57008 105.30  34.03  1579    0.2
 57011 106.15  34.75  1378    0.8
 57012 106.20  34.98  1664    0.1
 57016 107.13  34.35   612   0.01
 57020 107.40  34.37   563    0.2
 57021 107.13  34.65   751   0.01
 57022 107.78  34.68  1026    0.1
 57023 108.11  35.02   919    0.4
 57024 107.65  34.45   669    0.8
 57026 107.88  34.37   585    0.8
 57027 107.73  34.27   517    1.5
 57029 108.48  34.50   543    1.4
 57031 108.55  34.82  1012    1.2
 57032 108.20  34.13   436    1.5
 57033 108.82  34.55   428    0.2
 57035 108.23  34.55   636    0.9
 57038 108.45  34.28   410    1.5
 57039 108.88  34.08   445    1.1
 57040 109.08  34.52   377    1.1
 57041 108.92  34.63   424    1.5
 57042 109.18  34.78   470    1.4
 57043 109.97  34.80   351    1.4
 57044 109.23  34.40   424    1.3
 57045 109.48  34.52   349    1.6
 57047 109.32  34.17   540    1.5
 57053 110.72  34.70   505    1.8
 57055 110.13  34.59   342    0.9
 57057 110.15  34.10   963    2.3
 57060 111.23  35.17   402    2.0
 57061 111.20  34.83   410    1.0
 57063 111.77  34.77   523    0.2
 57065 112.13  34.55   317    0.2
 57066 111.67  34.40   408    0.2
 57070 112.12  34.73   364    0.3
 57072 112.75  34.92   127   0.01
 57074 112.40  34.42   252   0.01
 57079 113.03  34.95   106   0.01
 57086 113.72  34.38   116    0.2
 57090 113.97  34.72    78   0.01
 57093 114.82  34.85    73    0.2
 57094 114.22  34.40    67    0.3
 57095 114.15  34.12    61    0.2
 57096 114.78  34.53    59   0.01
 57098 114.40  34.08    58    0.8
 57099 114.85  34.07    52    0.2
 57102 105.72  33.75   970   0.01
 57105 105.60  33.33  1221   0.01
 57110 106.08  33.78   930   0.01
 57111 106.30  33.92   961   0.01
 57119 106.70  33.17   548    0.1
 57123 108.07  34.28   506    1.7
 57126 107.55  33.22   468    0.2
 57128 107.33  33.17   486    0.1
 57129 107.72  32.98   446    0.5
 57132 108.58  34.13   411    1.0
 57137 108.32  33.32   802    0.7
 57140 109.12  33.67   818    0.7
 57153 110.33  33.70   639    2.8
 57155 109.87  33.55   660    3.8
 57162 112.07  34.13   440   0.01
 57169 111.87  33.05   159    0.6
 57173 112.88  33.75   145   0.01
 57175 112.23  33.05   191   0.01
 57177 113.53  33.33    89    0.1
 57182 113.52  33.85    80   0.01
 57183 113.92  33.80    60    0.2
 57185 113.58  33.45    91    0.1
 57186 114.05  33.60    58    0.2
 57188 114.03  33.37    55    0.1
 57189 113.95  33.13    64    0.2
 57191 114.47  34.51    64    0.2
 57194 114.27  33.28    59    0.2
 57196 114.87  33.47    42    0.1
 57197 114.35  32.97    50   0.01
 57198 114.57  33.50    44    0.2
 57213 106.93  33.00   536    0.5
 57216 106.83  32.35   579    0.3
 57217 106.28  32.23   485    0.2
 57231 108.53  32.53   503    3.4
 57233 108.50  32.90   413    1.2
 57242 109.37  32.85   285    3.5
 57247 108.90  32.32   438    2.7
 57248 109.33  32.40   431    1.6
 57249 109.68  32.32   448    0.3
 57253 110.82  32.85   201    3.3
 57254 110.12  32.82   322    3.2
 57257 110.23  32.23   307    1.1
 57260 111.52  32.57   133    0.2
 57261 111.52  33.12   233    0.1
 57268 111.62  32.27   120   0.01
 57271 112.38  32.52    87    0.2
 57273 112.85  32.68   109    0.1
 57274 112.12  32.70   107   0.01
 57281 113.30  32.70   142    0.1
 57292 114.63  32.97    44    0.1
 57293 114.98  32.73    38    0.7
 57294 114.02  32.83    83    0.3
 57295 114.35  32.62    78    0.3
 57296 114.73  32.35    48    0.4
 57298 114.55  32.22    55    0.1
 57299 114.90  32.02    49    0.7
 57324 107.08  31.58   364   0.01
 57333 108.67  31.95   798    4.6
 57338 108.42  31.18   216    0.2
 57339 108.68  30.95   297    0.4
 57345 109.62  31.40   337    1.5
 57349 109.86  31.08   606   0.01
 57361 111.27  31.88   327   0.01
 57362 110.67  31.75   935   0.01
 57363 111.83  31.80   151   0.01
 57368 111.63  31.05   141    0.5
 57370 112.22  31.73    67    0.1
 57377 112.22  31.00   191    1.9
 57387 113.13  31.00    84    2.2
 57388 113.71  31.27    53    0.1
 57389 113.75  31.03    32    0.7
 57396 114.85  31.63   128    0.6
 57398 114.62  31.28    74    0.4
 57415 106.63  30.53   394   0.01
 57431 108.35  30.83   257    1.4
 57437 108.03  30.30   325   0.01
 57453 111.32  30.77   115    1.6
 57460 111.78  30.82    91    3.2
 57462 111.08  30.87   139    0.2
 57464 111.18  30.47   142    0.2
 57465 111.45  30.38    74    3.2
 57466 111.75  30.43    50    5.2
 57469 111.77  30.18    69    8.7
 57475 112.90  30.40    31    8.2
 57477 112.22  30.07    38   21.9
 57481 113.57  30.95    30    0.7
 57485 113.47  30.28    23    5.1
 57486 113.85  30.65    25    3.6
 57489 114.01  30.52    23    2.9
 57491 114.40  30.87    31    2.5
 57492 114.84  30.84    40    1.0
 57495 114.88  30.67    28    0.4
 57496 114.87  30.37    31    2.8
 57498 114.94  30.52    26    1.7
 57499 114.88  30.07    40    3.3
 57522 107.27  29.74   372   0.01
 57537 108.17  29.30   322    0.1
 57540 109.15  29.68   776   0.01
 57541 109.48  30.00   532    0.4
 57543 110.03  29.90   539    0.3
 57544 109.45  29.47   488    0.5
 57564 111.13  29.43   103    4.4
 57565 111.73  29.67    38    1.7
 57571 112.40  29.70    35   15.3
 57575 112.55  29.52    31    2.7
 57577 112.17  29.40    36    2.2
 57582 113.88  29.72    46    3.8
 57586 114.03  29.53    78    5.5
 57589 113.87  29.27   146    9.9
 57590 114.37  29.85    98    5.4
 57596 114.20  29.63   751    4.7
 57609 105.70  28.58   317   0.01
 57634 107.88  28.52   660    0.2
 57640 109.45  28.58   341    0.1
 57646 109.95  28.62   302    0.2
 57657 110.21  28.23   186   0.01
 57661 111.48  28.92    48    1.2
 57666 112.13  28.52    52    0.6
 57674 112.38  28.57    46    8.1
 57678 112.55  28.25    74    0.7
 57688 113.63  28.16   101    0.6
 57694 114.38  28.53   259   17.2
 57698 114.45  28.12    98    0.1
 57699 114.92  28.23    66    1.1
 57717 106.83  27.53   974   0.01
 57723 107.72  27.98   710    0.1
 57735 108.82  27.18   404   0.01
 57736 108.85  27.70   369    0.3
 57739 108.92  27.23   394   0.01
 57740 109.60  27.95   349   0.01
 57742 109.20  27.52   884    0.1
 57760 111.43  27.70   249    0.8
 57767 111.01  27.13   308    0.3
 57783 113.82  27.88   118    0.2
 57792 114.68  27.82    93   0.01
 57796 114.88  27.83   189   0.01
 57798 114.60  27.40    85   0.01
 57948 109.25  25.08   122    0.1
 57949 110.00  24.98   156    2.5
 57954 110.18  25.23   157    1.7
 57955 110.67  25.62   224    0.1
 57956 110.32  25.42   167    0.5
 57958 110.32  25.08   151    0.3
 57960 111.07  25.93   195    1.1
 57964 111.15  25.50   263    0.1
 57969 111.31  25.28   269    0.2
 57990 114.30  25.70   246   0.01
 57991 114.55  25.80   140   0.01
 57992 114.75  25.67   127   0.01
 58001 115.10  34.43    56   0.01
 58002 115.58  34.85    49   0.01
 58006 115.88  34.38    46    0.1
 58007 115.30  34.07    47    0.2
 58016 116.97  34.18    34    0.6
 58017 116.13  34.25    41    0.6
 58022 117.57  34.75    48   0.01
 58025 117.73  34.57    27   0.01
 58030 118.02  34.88    44   0.01
 58032 118.65  34.95    90    0.2
 58036 118.71  34.54    32    2.3
 58041 119.43  34.78    26    2.2
 58045 119.60  34.20     4    0.1
 58048 119.35  34.12     4    1.0
 58100 115.17  33.65    41    0.1
 58101 115.48  33.87    41    0.2
 58104 115.07  33.40    41    0.1
 58107 115.28  33.02    35    0.3
 58108 115.33  33.23    34    0.2
 58109 115.65  33.13    31    0.2
 58112 116.45  30.73   968    3.3
 58113 116.75  33.93    31    0.2
 58114 116.18  33.48    31    0.1
 58116 116.83  33.98    31    0.1
 58117 116.20  33.13    27    1.3
 58126 117.87  33.47    19    3.3
 58127 117.20  32.98    21    4.1
 58128 117.35  33.33    21    3.7
 58129 117.83  33.15    14    3.2
 58132 118.68  33.72    14    3.6
 58139 118.91  33.31    10    2.4
 58145 119.15  33.50     7    0.9
 58146 119.77  33.47     3    0.1
 58147 118.97  32.98    24    2.4
 58202 115.57  32.67    31    1.1
 58205 115.43  32.47    34    1.6
 58207 115.05  32.17    42    0.7
 58210 116.23  32.65    25    2.5
 58212 116.77  32.72    23    7.4
 58214 116.30  32.37    27    1.7
 58220 117.15  32.47    28    5.3
 58222 117.55  32.85    24    3.3
 58223 117.98  32.80    31    4.7
 58230 118.28  32.12    26    8.7
 58234 118.42  32.47    40    7.4
 58235 118.85  32.37    10   10.0
 58237 118.59  32.07    46    9.1
 58240 119.02  32.68    21    6.7
 58242 119.16  32.30    22    8.3
 58243 119.82  32.95     3    1.3
 58246 119.99  32.56     2    1.5
 58247 119.80  32.27     3    2.9
 58249 120.05  32.16     6    1.8
 58250 120.16  32.51     6    1.2
 58254 120.45  32.52     5    0.2
 58257 120.26  31.99     4    2.0
 58301 115.38  31.82    92    1.4
 58306 115.88  31.68    95    0.9
 58316 116.92  31.47    23    4.8
 58317 116.37  30.87   434    1.6
 58323 117.47  31.88    25    8.5
 58327 117.28  31.27    45    6.8
 58329 117.87  31.33     9    9.0
 58330 118.08  31.75    26   10.2
 58331 118.37  31.73    22    7.7
 58335 118.52  31.57    23   10.3
 58337 118.18  31.08    26   10.0
 58339 118.90  31.33    15    9.3
 58340 119.03  31.66    25    9.3
 58341 119.59  31.98     6    3.2
 58342 119.55  31.72     6    4.7
 58344 119.20  31.96    36   12.0
 58346 119.81  31.34    16    5.6
 58351 120.30  31.90     4    2.3
 58359 120.62  31.13     4    0.5
 58360 121.20  31.92     3   0.01
 58361 121.37  31.10     5   0.01
 58365 121.25  31.37     4   0.01
 58367 121.43  31.20     4   0.01
 58377 121.11  31.51     5   0.01
 58401 115.40  30.75   123    1.0
 58404 115.22  30.47    61    3.1
 58408 115.43  30.23    35    1.5
 58409 115.93  30.10    32    2.3
 58415 116.55  30.67    64    4.3
 58417 116.13  30.17    54    3.3
 58418 116.67  30.13    60    5.4
 58420 117.23  30.72    58    9.3
 58421 117.87  30.63    31    6.5
 58423 117.78  30.48   647    3.7
 58426 118.13  30.30   193    3.1
 58427 117.50  30.65    15    6.6
 58432 118.40  30.68    57    4.3
 58435 118.53  30.30   220    3.9
 58438 118.58  30.08   191    8.6
 58441 119.42  30.87    43   11.8
 58442 119.18  31.17    16    8.9
 58443 119.89  31.02    25    6.6
 58446 119.70  30.63    72    1.9
 58449 119.95  30.05    46    0.4
 58451 120.93  30.83     2    0.1
 58452 120.77  30.73     4    0.1
 58453 120.50  30.07     7    0.3
 58454 119.98  30.53   102    1.2
 58455 120.65  30.52     8   0.01
 58456 120.52  30.63     6    1.1
 58458 120.90  30.54     4    0.1
 58459 120.29  30.19    44    0.2
 58460 121.35  30.73     5    0.2
 58461 121.12  31.13     4    0.1
 58462 121.23  31.03     4   0.01
 58463 121.50  30.88     4   0.01
 58468 121.17  30.05     5    0.7
 58501 115.63  29.92    23    3.4
 58503 115.67  29.70    41    7.0
 58505 115.90  29.62    63    6.3
 58507 115.12  29.25   116   12.8
 58508 115.77  29.33    41    6.6
 58509 115.82  29.05    36   19.2
 58510 116.23  29.73    40    4.0
 58512 116.55  29.90    71    4.7
 58514 116.05  29.45    37    6.8
 58517 116.20  29.27    35   14.6
 58524 117.22  29.37    87   13.9
 58529 117.85  29.27   171    2.0
 58534 118.18  29.78   170   15.5
 58537 118.40  29.13   153    2.0
 58542 119.68  29.82    46    1.2
 58544 119.27  29.48    88    4.1
 58546 119.88  29.47   115    6.1
 58547 119.18  29.03    66    1.7
 58548 119.47  29.22    50    2.1
 58550 120.25  29.70    39    4.5
 58555 120.88  29.52   113    0.8
 58558 120.22  29.27    89    2.2
 58559 120.97  29.15   107    1.4
 58560 120.43  29.05   304    1.5
 58561 121.60  29.98     4    0.2
 58565 121.39  29.69    41   0.01
 58567 121.43  29.32    39   0.01
 58568 121.38  29.12    34    0.2
 58570 122.30  29.95    85    0.1
 58601 115.38  28.70    53   40.4
 58602 115.55  28.85    40   27.3
 58605 115.38  28.42    46    2.5
 58607 115.95  28.55    31    3.4
 58612 116.68  28.70    21    0.6
 58615 117.08  28.68    56   0.01
 58619 116.37  28.00    49    0.6
 58620 117.10  29.02    51    1.7
 58623 117.92  28.47    90    4.2
 58624 117.43  28.40    70    1.0
 58625 117.60  28.42    79    2.0
 58627 117.06  28.31    56    0.4
 58629 117.71  28.29   100    6.3
 58631 118.50  28.90   137    1.3
 58632 118.60  28.72   126    4.6
 58635 118.20  28.43    95    3.9
 58642 119.80  28.88   105    2.8
 58643 120.03  28.90   102    2.7
 58644 119.28  28.60   237    5.0
 58647 119.13  28.08   222   11.1
 58654 120.08  28.67   184    1.7
 58656 120.97  28.07    60    2.3
 58657 120.28  28.15    57    3.6
 58658 120.68  28.15    34    2.5
 58659 120.65  28.03    28    2.9
 58660 121.20  28.87     6    0.7
 58664 121.37  28.37    35    0.2
 58693 115.83  28.70    40   19.2
 58710 116.05  27.77    78    0.1
 58712 116.78  27.92   130    3.2
 58713 117.07  27.72   225    6.5
 58714 116.23  27.55   120    0.3
 58719 116.93  27.30   131    1.1
 58724 117.32  27.53   268    9.9
 58735 118.75  27.52   260    7.0
 58736 118.82  27.38   262    1.9
 58745 119.08  27.62   400    6.3
 58746 119.70  27.55   538    2.1
 58747 119.35  27.15   899    4.8
 58748 119.65  27.10    50    2.4
 58749 119.88  27.23   684    2.4
 58750 120.08  27.78   105    2.2
 58751 120.57  27.67   254    1.7
 58821 117.47  26.73   173    0.8
 58822 116.85  26.83   342   0.01
 58823 117.80  26.80   175    3.0
 58826 117.80  26.40   120    0.5
 58828 117.62  26.27   208    0.1
 58836 118.73  26.58   361    4.7
 58839 118.85  26.23    40    0.8
 58844 119.15  26.15    57    0.6
 58845 119.53  26.50    60    1.7
 58848 119.55  26.20    13    0.7
 58850 120.23  26.92    92    1.4
 58923 117.83  25.70   400   0.01
 58932 118.93  25.87    85    0.2
 58940 119.33  26.08    25    2.2
 58941 119.50  25.97    25    0.3
 58946 119.00  25.45    81    0.4
