diamond  3 2015年02月13日08点6小时降雨量                     
  15  02  13  08    -1 3 10 25 50 1 0
 39 122.7  37.3 122.5  36.7 120.8  36.2 119.3  35.0 120.4  34.3
 121.1  32.7 122.3  30.9 122.5  30.1 121.5  28.0 119.8  25.0
 116.1  22.6 111.0  21.0 111.0  18.6 109.6  18.1 108.3  18.5
 108.9  19.9 109.3  21.0 106.4  21.6 104.1  22.2 101.6  20.8
  98.7  22.0  97.1  24.1  97.7  27.0  91.7  26.6  85.7  27.7
  78.9  30.6  73.3  37.1  74.1  40.7  87.6  49.8  98.5  43.9
 110.4  44.3 122.0  54.7 135.7  48.3 131.5  42.2 125.2  39.4
 121.3  38.5 121.2  40.3 118.5  38.6 120.8  38.1
 1      25
 51137  82.93  46.20   715    6.5
 51145  83.65  46.55   521    5.2
 51328  80.42  44.20   770    5.9
 51329  80.85  44.05   640    5.0
 51352  85.25  44.85   337    0.7
 51353  86.10  45.02   346    0.8
 51430  81.15  43.83   602    7.2
 51434  81.53  43.97   770    7.6
 51435  82.23  43.47   774    5.4
 51436  83.30  43.45   928    7.4
 51438  81.77  43.18  1210    3.8
 54279 126.58  42.05   544    0.1
 56289 103.87  30.20   437    1.1
 56297 104.15  30.02   436    3.6
 56298 104.60  30.13   417    6.4
 56317  94.22  29.22  2950    1.0
 56382 103.55  29.75   475    0.5
 56383 103.87  29.83   455    4.2
 56384 103.48  29.60   446    1.3
 56390 104.07  29.67   404    1.1
 56393 104.85  29.77   369    1.9
 56582 103.90  27.75  1176    0.1
 56987 103.23  22.78  1260    0.2
 57402 105.70  30.77   394    0.1
 57408 105.35  30.12   338    1.2
