diamond  3 2015年02月02日02点6小时降雨量                     
  15  02  02  02    -1 3 10 25 50 1 0
 39 122.7  37.3 122.5  36.7 120.8  36.2 119.3  35.0 120.4  34.3
 121.1  32.7 122.3  30.9 122.5  30.1 121.5  28.0 119.8  25.0
 116.1  22.6 111.0  21.0 111.0  18.6 109.6  18.1 108.3  18.5
 108.9  19.9 109.3  21.0 106.4  21.6 104.1  22.2 101.6  20.8
  98.7  22.0  97.1  24.1  97.7  27.0  91.7  26.6  85.7  27.7
  78.9  30.6  73.3  37.1  74.1  40.7  87.6  49.8  98.5  43.9
 110.4  44.3 122.0  54.7 135.7  48.3 131.5  42.2 125.2  39.4
 121.3  38.5 121.2  40.3 118.5  38.6 120.8  38.1
 1     165
 51568  86.80  42.25  1085    0.5
 56190 104.55  31.55   519    0.5
 56280 103.12  30.08   691    0.1
 56281 103.50  30.18   510    0.2
 56297 104.15  30.02   436    0.1
 56389 103.95  29.20   387    1.0
 56393 104.85  29.77   369    0.1
 56490 103.90  28.95   424    1.2
 56491 104.57  28.70   287    1.4
 56494 104.33  28.84   386    0.5
 56496 105.23  28.32   358    0.2
 56497 104.23  28.10   448    0.2
 56499 104.78  28.38   368    0.9
 56593 104.92  28.58   279    0.3
 56596 105.05  27.85  1177    0.7
 56645  99.42  26.42  2344    0.1
 56767 101.28  25.18  1857    0.1
 56772 102.50  25.23  1692    3.3
 56774 102.42  25.53  1710    1.0
 56775 102.45  25.55  1750    0.7
 56777 102.10  25.11  1671    4.2
 56781 103.27  25.55  1873    0.6
 56782 103.55  25.42  2067    3.7
 56783 103.80  25.50  1906    7.1
 56785 103.08  25.36  1915    1.5
 56788 103.62  24.98  1857    0.2
 56790 104.25  25.68  1925    7.3
 56842  99.18  24.73  1471    1.5
 56843  99.62  24.83  1650    0.1
 56846  99.93  24.58  1569    0.4
 56851 100.53  25.04  1377    4.8
 56862 101.60  24.68  1968    0.5
 56863 102.48  24.93  1848    1.2
 56870 102.18  24.66  1600    0.1
 56872 102.62  24.95  2358    0.6
 56880 103.17  24.92  1532    0.7
 56882 102.83  24.91  1976    1.5
 56891 104.32  24.98  1482    0.2
 56975 102.43  23.37   974    0.2
 56976 102.85  23.22   312    0.3
 56978 102.42  23.00  1642    1.4
 56984 103.15  23.38  1720    0.2
 56987 103.23  22.78  1260    0.7
 56992 104.70  23.45  1507    0.4
 56995 104.42  23.03  1332    0.2
 57204 105.22  32.57   782    0.1
 57208 105.52  32.28   544    0.3
 57558 110.47  29.13   183    0.9
 57600 105.06  28.71   420    0.4
 57634 107.88  28.52   660    0.2
 57635 108.98  28.45   363    0.2
 57637 108.10  28.25   629    0.1
 57643 109.83  29.00   268    0.1
 57646 109.95  28.62   302    0.3
 57658 110.20  28.02   152    0.7
 57666 112.13  28.52    52    0.6
 57694 114.38  28.53   259    0.1
 57698 114.45  28.12    98    0.3
 57699 114.92  28.23    66    0.5
 57714 106.23  27.47   942    0.5
 57717 106.83  27.53   974    0.1
 57720 107.17  27.88   889    0.3
 57723 107.72  27.98   710    0.5
 57732 108.40  28.02   456    0.1
 57734 108.23  27.57   467    0.3
 57735 108.82  27.18   404    0.4
 57736 108.85  27.70   369    0.4
 57737 108.12  27.03   547    0.1
 57738 108.42  27.05   516    0.1
 57739 108.92  27.23   394    0.2
 57740 109.60  27.95   349    0.1
 57743 109.80  27.88   176    0.9
 57744 109.17  27.37   355    0.2
 57754 109.84  27.21   252    0.8
 57760 111.43  27.70   249    0.8
 57762 111.70  27.69   165    0.9
 57763 112.00  27.68   205    1.0
 57781 113.50  27.65    74    0.1
 57807 105.47  26.21  1361    0.2
 57808 105.75  26.32  1274    0.1
 57809 105.75  26.07  1251    0.1
 57811 106.60  26.83  1296    0.2
 57813 106.47  26.57  1261    0.1
 57818 106.45  26.03  1140    0.1
 57821 107.50  26.70   925    0.4
 57834 108.30  26.68   641    0.2
 57837 108.07  26.40   839    0.5
 57842 109.72  26.88   281    0.3
 57844 109.18  26.68   343    0.5
 57859 110.63  26.03   408    0.1
 57867 111.28  26.40   169    0.1
 57900 105.22  25.83  1552    1.2
 57903 105.60  25.94  1142    0.3
 57905 105.61  25.40  1184    0.5
 57908 105.48  25.12  1394    0.4
 57909 105.82  24.98   584    0.4
 57911 106.65  26.67  1323    0.1
 57913 106.98  26.45  1093    0.1
 57914 106.67  26.42  1149    0.1
 57915 106.77  26.63  1104    0.1
 57921 107.34  25.85   821    0.5
 57923 107.87  25.98   419    1.0
 57927 107.18  24.97   287    0.5
 57936 108.91  25.76   258    0.1
 57981 113.22  25.97   139    0.6
 58254 120.45  32.52     5    0.1
 58349 120.56  31.41     8    0.1
 58351 120.30  31.90     4    0.2
 58352 120.77  31.65     4    0.1
 58359 120.62  31.13     4    0.1
 58365 121.25  31.37     4    0.1
 58369 121.78  31.05     5    0.2
 58377 121.11  31.51     5    0.3
 58438 118.58  30.08   191    0.1
 58446 119.70  30.63    72    0.1
 58449 119.95  30.05    46    0.6
 58451 120.93  30.83     2    0.1
 58452 120.77  30.73     4    0.2
 58453 120.50  30.07     7    1.2
 58454 119.98  30.53   102    0.1
 58455 120.65  30.52     8    0.8
 58456 120.52  30.63     6    0.3
 58458 120.90  30.54     4    0.6
 58459 120.29  30.19    44    0.5
 58460 121.35  30.73     5    0.2
 58462 121.23  31.03     4    0.2
 58463 121.50  30.88     4    0.1
 58468 121.17  30.05     5    0.5
 58501 115.63  29.92    23    0.3
 58507 115.12  29.25   116    0.1
 58517 116.20  29.27    35    0.3
 58523 117.93  29.93   227    0.7
 58524 117.22  29.37    87    0.5
 58529 117.85  29.27   171    0.5
 58530 118.43  29.87   168    0.3
 58534 118.18  29.78   170    0.2
 58537 118.40  29.13   153    0.7
 58542 119.68  29.82    46    2.2
 58544 119.27  29.48    88    1.0
 58546 119.88  29.47   115    0.8
 58547 119.18  29.03    66    0.3
 58548 119.47  29.22    50    0.5
 58550 120.25  29.70    39    1.4
 58555 120.88  29.52   113    0.8
 58558 120.22  29.27    89    0.7
 58560 120.43  29.05   304    0.4
 58561 121.60  29.98     4    0.2
 58563 121.83  29.88     5    0.2
 58565 121.39  29.69    41    0.1
 58566 121.88  29.47     6    0.2
 58567 121.43  29.32    39    0.1
 58570 122.30  29.95    85    0.1
 58605 115.38  28.42    46    0.2
 58607 115.95  28.55    31    0.7
 58609 115.82  28.22    27    0.1
 58612 116.68  28.70    21    1.0
 58614 116.27  28.38    34    0.1
 58615 117.08  28.68    56    0.8
 58618 116.60  28.27    82    0.5
 58620 117.10  29.02    51    0.9
 58624 117.43  28.40    70    0.1
 58627 117.06  28.31    56    0.1
 58631 118.50  28.90   137    0.1
 58693 115.83  28.70    40    0.2
 59001 105.33  24.78   672    0.2
