diamond  3 2015年02月07日20点6小时降雨量                     
  15  02  07  20    -1 3 10 25 50 1 0
 39 122.7  37.3 122.5  36.7 120.8  36.2 119.3  35.0 120.4  34.3
 121.1  32.7 122.3  30.9 122.5  30.1 121.5  28.0 119.8  25.0
 116.1  22.6 111.0  21.0 111.0  18.6 109.6  18.1 108.3  18.5
 108.9  19.9 109.3  21.0 106.4  21.6 104.1  22.2 101.6  20.8
  98.7  22.0  97.1  24.1  97.7  27.0  91.7  26.6  85.7  27.7
  78.9  30.6  73.3  37.1  74.1  40.7  87.6  49.8  98.5  43.9
 110.4  44.3 122.0  54.7 135.7  48.3 131.5  42.2 125.2  39.4
 121.3  38.5 121.2  40.3 118.5  38.6 120.8  38.1
 1      41
 50673 130.40  48.88    90    0.2
 50674 129.43  48.57   404    0.2
 50776 130.83  47.57    83    0.3
 50787 131.84  47.31    62   0.01
 50878 130.72  47.00    78    0.3
 50884 131.15  46.63   175   0.01
 50965 128.27  45.43   167    0.4
 51707  76.73  39.50  1208   0.01
 51708  75.95  39.15  1325   0.01
 51717  76.78  39.25  1206    0.3
 51815  77.27  38.20  1274   0.01
 56278 102.77  30.07   755    5.6
 56279 102.93  30.15   682    0.2
 56280 103.12  30.08   691    0.1
 56373 102.85  29.78   763   0.01
 56382 103.55  29.75   475   0.01
 56384 103.48  29.60   446   0.01
 56480 103.53  28.82   564   0.01
 56483 103.95  28.58   496    0.1
 56489 103.63  28.23   877   0.01
 56496 105.23  28.32   358   0.01
 56582 103.90  27.75  1176   0.01
 56697 104.08  26.22  1984   0.01
 56889 104.17  24.05  1518   0.01
 56891 104.32  24.98  1482    1.3
 57453 111.32  30.77   115   0.01
 57519 107.11  29.16   698   0.01
 57540 109.15  29.68   776   0.01
 57609 105.70  28.58   317    0.1
 57714 106.23  27.47   942   0.01
 57811 106.60  26.83  1296   0.01
 57900 105.22  25.83  1552   0.01
 57908 105.48  25.12  1394   0.01
 57995 114.93  25.40   164   0.01
 58845 119.53  26.50    60   0.01
 58903 116.03  25.90   210   0.01
 58929 118.15  25.07    68   0.01
 58940 119.33  26.08    25   0.01
 58942 119.38  25.72    39   0.01
 59125 117.30  24.38   108   0.01
 59127 117.83  24.43    32   0.01
