diamond  3 2015年02月09日14点6小时降雨量                     
  15  02  09  14    -1 3 10 25 50 1 0
 39 122.7  37.3 122.5  36.7 120.8  36.2 119.3  35.0 120.4  34.3
 121.1  32.7 122.3  30.9 122.5  30.1 121.5  28.0 119.8  25.0
 116.1  22.6 111.0  21.0 111.0  18.6 109.6  18.1 108.3  18.5
 108.9  19.9 109.3  21.0 106.4  21.6 104.1  22.2 101.6  20.8
  98.7  22.0  97.1  24.1  97.7  27.0  91.7  26.6  85.7  27.7
  78.9  30.6  73.3  37.1  74.1  40.7  87.6  49.8  98.5  43.9
 110.4  44.3 122.0  54.7 135.7  48.3 131.5  42.2 125.2  39.4
 121.3  38.5 121.2  40.3 118.5  38.6 120.8  38.1
 1      29
 56298 104.60  30.13   417   0.01
 56373 102.85  29.78   763   0.01
 56393 104.85  29.77   369   0.01
 56496 105.23  28.32   358    0.1
 56595 104.87  27.42  1645    0.3
 56790 104.25  25.68  1925   0.01
 56891 104.32  24.98  1482    0.1
 56992 104.70  23.45  1507    0.2
 57128 107.33  33.17   486   0.01
 57208 105.52  32.28   544    0.8
 57216 106.83  32.35   579    0.1
 57217 106.28  32.23   485    0.4
 57303 105.92  31.73   459   0.01
 57307 105.08  31.10   404   0.01
 57308 105.38  31.22   421   0.01
 57314 106.07  31.35   405   0.01
 57324 107.08  31.58   364   0.01
 57401 105.37  30.87   383   0.01
 57407 105.03  30.28   462   0.01
 57708 105.60  27.15  1700    0.6
 57800 105.37  26.77  1457    0.5
 57807 105.47  26.21  1361    0.9
 57808 105.75  26.32  1274   0.01
 57809 105.75  26.07  1251    0.1
 57900 105.22  25.83  1552    0.9
 57903 105.60  25.94  1142    0.1
 57905 105.61  25.40  1184    0.2
 57908 105.48  25.12  1394    0.1
 58570 122.30  29.95    85   0.01
