diamond  3 2015年03月18日02点6小时降雨量                     
  15  03  18  02    -1 3 10 25 50 1 0
 39 122.7  37.3 122.5  36.7 120.8  36.2 119.3  35.0 120.4  34.3
 121.1  32.7 122.3  30.9 122.5  30.1 121.5  28.0 119.8  25.0
 116.1  22.6 111.0  21.0 111.0  18.6 109.6  18.1 108.3  18.5
 108.9  19.9 109.3  21.0 106.4  21.6 104.1  22.2 101.6  20.8
  98.7  22.0  97.1  24.1  97.7  27.0  91.7  26.6  85.7  27.7
  78.9  30.6  73.3  37.1  74.1  40.7  87.6  49.8  98.5  43.9
 110.4  44.3 122.0  54.7 135.7  48.3 131.5  42.2 125.2  39.4
 121.3  38.5 121.2  40.3 118.5  38.6 120.8  38.1
 1     384
 52968 101.47  35.03  3662    0.4
 53860 111.17  36.98  1406    0.9
 53881 106.48  37.28  1382    0.2
 53916 106.32  35.50  1948    1.7
 53972 112.90  35.05   117    0.3
 53976 112.87  35.50   752    0.3
 53978 112.63  35.08   140    0.4
 53979 113.08  35.15   120    0.2
 53982 113.27  35.23   112    0.1
 53983 114.42  35.03    69    1.0
 53987 113.36  35.11    94    0.2
 53997 114.18  35.15    71    0.3
 53998 114.65  35.20    61    1.0
 54906 115.42  35.25    49    0.4
 54907 116.65  34.98    34    2.2
 54908 115.10  35.27    57    0.4
 54917 116.33  35.13    35    0.6
 54919 116.98  35.38    88    1.0
 54925 117.63  35.52   167    0.3
 54927 117.20  35.10    74    2.7
 54938 118.40  35.05    65    3.3
 54939 118.82  35.17   113    3.6
 54940 119.20  35.75   148    0.1
 56097 104.25  33.27  1440    4.6
 56128  96.60  31.22  3810    0.2
 56147  98.83  31.22  3260    0.4
 56180 103.85  31.68  1590    0.1
 56185 102.98  32.08  2400    1.3
 56192 104.67  32.95  1014    5.5
 56193 104.52  32.42   893    3.3
 56273 102.82  30.39  1022    0.1
 56276 103.82  30.45   467    0.2
 56284 103.43  30.45   518    0.1
 56285 103.52  30.60   523    0.1
 56288 103.92  30.58   494    0.5
 56290 104.18  30.78   514    0.9
 56317  94.22  29.22  2950    3.8
 56641  98.87  26.90  1189    1.7
 57003 106.83  34.90   924    1.1
 57016 107.13  34.35   612    7.7
 57045 109.48  34.52   349    7.6
 57056 110.86  34.54   484    7.3
 57063 111.77  34.77   523    3.2
 57065 112.13  34.55   317    0.9
 57066 111.67  34.40   408    0.2
 57070 112.12  34.73   364    1.5
 57072 112.75  34.92   127    0.7
 57074 112.40  34.42   252    0.8
 57075 112.87  34.17   203    0.3
 57076 112.78  34.73   189    0.9
 57078 112.47  34.15   336    5.2
 57079 113.03  34.95   106    0.3
 57080 112.97  34.73   165    0.7
 57081 113.43  34.80   140    0.8
 57082 113.02  34.47   427    0.6
 57084 113.05  34.49  1178    1.4
 57085 113.33  34.53   259    0.1
 57086 113.72  34.38   116    1.4
 57087 113.73  34.27   104    0.8
 57090 113.97  34.72    78    0.5
 57093 114.82  34.85    73    2.4
 57094 114.22  34.40    67    3.0
 57095 114.15  34.12    61    3.6
 57096 114.78  34.53    59    2.8
 57098 114.40  34.08    58    4.8
 57099 114.85  34.07    52    7.4
 57140 109.12  33.67   818    4.1
 57162 112.07  34.13   440    5.6
 57169 111.87  33.05   159    8.7
 57173 112.88  33.75   145    2.0
 57175 112.23  33.05   191    6.0
 57176 112.42  33.48   231    5.9
 57177 113.53  33.33    89   14.6
 57179 113.00  33.28   160    9.7
 57180 113.20  33.98   117    0.4
 57182 113.52  33.85    80    2.8
 57183 113.92  33.80    60    4.3
 57184 113.30  33.63    97    7.0
 57185 113.58  33.45    91   13.6
 57186 114.05  33.60    58    6.8
 57187 112.93  33.07   118    9.0
 57188 114.03  33.37    55    8.4
 57189 113.95  33.13    64   15.6
 57190 114.40  33.75    50    4.6
 57191 114.47  34.51    64    3.1
 57192 114.85  33.73    45    7.3
 57194 114.27  33.28    59   13.9
 57195 114.62  33.62    46    8.1
 57196 114.87  33.47    42   11.9
 57197 114.35  32.97    50    3.4
 57198 114.57  33.50    44    7.5
 57204 105.22  32.57   782    0.8
 57208 105.52  32.28   544    1.9
 57216 106.83  32.35   579    0.1
 57217 106.28  32.23   485    0.5
 57249 109.68  32.32   448    0.9
 57253 110.82  32.85   201    5.2
 57257 110.23  32.23   307    0.7
 57260 111.52  32.57   133    4.3
 57261 111.52  33.12   233   12.6
 57268 111.62  32.27   120    5.9
 57271 112.38  32.52    87    0.9
 57273 112.85  32.68   109    4.7
 57274 112.12  32.70   107    5.7
 57281 113.30  32.70   142    2.6
 57292 114.63  32.97    44    5.9
 57293 114.98  32.73    38    4.4
 57294 114.02  32.83    83    5.6
 57295 114.35  32.62    78    1.9
 57296 114.73  32.35    48    2.9
 57298 114.55  32.22    55    2.9
 57299 114.90  32.02    49    0.3
 57303 105.92  31.73   459    1.2
 57308 105.38  31.22   421    0.3
 57309 105.88  30.98   378    0.1
 57314 106.07  31.35   405    1.0
 57315 106.40  31.53   655    2.2
 57324 107.08  31.58   364    0.7
 57326 107.72  31.37   389    0.1
 57329 107.85  31.10   467    0.1
 57333 108.67  31.95   798    0.3
 57338 108.42  31.18   216    0.1
 57345 109.62  31.40   337    0.1
 57349 109.86  31.08   606    0.1
 57361 111.27  31.88   327    0.7
 57363 111.83  31.80   151    1.7
 57368 111.63  31.05   141    0.1
 57370 112.22  31.73    67    4.3
 57377 112.22  31.00   191    2.3
 57385 113.82  31.62    93    0.6
 57386 114.00  31.25    51    0.1
 57387 113.13  31.00    84    0.3
 57388 113.71  31.27    53    0.4
 57389 113.75  31.03    32    1.5
 57390 114.07  31.80   733    1.8
 57396 114.85  31.63   128    3.0
 57398 114.62  31.28    74    3.5
 57420 107.19  30.75   418    0.1
 57437 108.03  30.30   325    3.4
 57438 108.12  29.98   632    4.4
 57453 111.32  30.77   115    0.2
 57460 111.78  30.82    91    2.9
 57462 111.08  30.87   139    0.3
 57464 111.18  30.47   142    0.2
 57465 111.45  30.38    74    1.2
 57466 111.75  30.43    50    0.3
 57469 111.77  30.18    69    0.1
 57475 112.90  30.40    31    2.4
 57477 112.22  30.07    38    0.7
 57481 113.57  30.95    30    1.3
 57485 113.47  30.28    23   16.0
 57486 113.85  30.65    25    7.4
 57489 114.01  30.52    23   11.2
 57491 114.40  30.87    31    5.9
 57492 114.84  30.84    40    9.9
 57495 114.88  30.67    28   14.0
 57496 114.87  30.37    31    4.8
 57498 114.94  30.52    26    3.3
 57499 114.88  30.07    40    2.3
 57522 107.27  29.74   372    0.2
 57537 108.17  29.30   322    1.3
 57540 109.15  29.68   776    5.6
 57541 109.48  30.00   532    3.0
 57543 110.03  29.90   539    0.1
 57558 110.47  29.13   183    0.1
 57564 111.13  29.43   103    0.2
 57565 111.73  29.67    38    9.0
 57566 111.65  29.45    51    0.2
 57571 112.40  29.70    35    0.9
 57575 112.55  29.52    31    0.1
 57577 112.17  29.40    36    0.2
 57582 113.88  29.72    46    3.6
 57585 113.45  29.48    60    0.4
 57586 114.03  29.53    78    0.8
 57589 113.87  29.27   146    1.7
 57590 114.37  29.85    98    3.4
 57596 114.20  29.63   751    1.1
 57661 111.48  28.92    48    0.3
 57663 111.95  28.92    31    0.2
 57666 112.13  28.52    52    1.5
 57674 112.38  28.57    46    0.6
 57678 112.55  28.25    74    0.6
 57680 113.11  28.86    82    0.2
 57688 113.63  28.16   101    3.7
 57694 114.38  28.53   259   19.4
 57698 114.45  28.12    98    1.0
 57783 113.82  27.88   118    0.1
 57985 113.68  25.57   609    0.4
 57988 113.33  25.10   143    0.6
 57990 114.30  25.70   246    0.2
 57991 114.55  25.80   140    0.1
 58001 115.10  34.43    56    3.7
 58002 115.58  34.85    49    1.9
 58003 115.88  34.95    45    1.9
 58004 115.15  34.65    60    3.3
 58006 115.88  34.38    46    7.0
 58007 115.30  34.07    47    7.2
 58008 115.33  34.47    54    5.6
 58011 116.07  34.80    46    1.6
 58012 116.66  34.67    42    5.4
 58013 116.91  34.75    36    4.8
 58016 116.97  34.18    34    7.0
 58017 116.13  34.25    41   10.4
 58020 117.13  34.80    35    5.6
 58021 117.28  34.78    80    6.7
 58022 117.57  34.75    48    6.7
 58024 117.58  34.87    77    5.4
 58025 117.73  34.57    27    7.8
 58030 118.02  34.88    44    4.8
 58032 118.65  34.95    90    3.6
 58035 118.35  34.33    29    9.1
 58036 118.71  34.54    32    6.5
 58041 119.43  34.78    26    8.6
 58044 119.23  34.55     4    6.2
 58045 119.60  34.20     4    6.4
 58048 119.35  34.12     4    8.0
 58049 119.80  34.02     4    5.6
 58100 115.17  33.65    41    9.0
 58101 115.48  33.87    41    8.5
 58104 115.07  33.40    41    9.1
 58107 115.28  33.02    35    5.6
 58108 115.33  33.23    34    8.4
 58109 115.65  33.13    31    8.7
 58112 116.45  30.73   968   30.9
 58113 116.75  33.93    31    6.4
 58114 116.18  33.48    31   10.6
 58116 116.83  33.98    31    7.8
 58117 116.20  33.13    27    8.0
 58125 117.52  33.58    22   20.6
 58126 117.87  33.47    19   13.7
 58127 117.20  32.98    21    5.2
 58128 117.35  33.33    21   13.8
 58129 117.83  33.15    14   12.1
 58131 118.22  33.97    25   12.8
 58132 118.68  33.72    14   11.3
 58139 118.91  33.31    10   11.1
 58140 119.30  33.77     9   12.0
 58145 119.15  33.50     7   13.6
 58146 119.77  33.47     3    9.8
 58147 118.97  32.98    24   12.6
 58148 119.34  33.27     3   10.8
 58154 120.20  33.43     2   20.9
 58202 115.57  32.67    31    3.8
 58205 115.43  32.47    34    4.6
 58207 115.05  32.17    42    0.6
 58210 116.23  32.65    25    2.8
 58212 116.77  32.72    23    7.3
 58214 116.30  32.37    27    3.3
 58220 117.15  32.47    28    8.0
 58222 117.55  32.85    24   10.0
 58223 117.98  32.80    31   10.3
 58224 117.02  32.65    32    7.2
 58230 118.28  32.12    26   13.4
 58234 118.42  32.47    40   11.9
 58235 118.85  32.37    10   14.1
 58237 118.59  32.07    46   23.2
 58240 119.02  32.68    21   13.1
 58242 119.16  32.30    22   27.3
 58243 119.82  32.95     3   13.4
 58244 119.59  32.45     5   26.9
 58245 119.42  32.41     9   23.4
 58246 119.99  32.56     2   15.1
 58247 119.80  32.27     3   56.7
 58249 120.05  32.16     6   14.3
 58250 120.16  32.51     6   23.2
 58254 120.45  32.52     5   21.5
 58257 120.26  31.99     4   18.8
 58264 121.18  32.33     3    5.2
 58268 121.08  32.10     4    3.9
 58269 121.65  31.78     3   16.9
 58301 115.38  31.82    92    0.9
 58306 115.88  31.68    95    4.4
 58316 116.92  31.47    23   13.6
 58317 116.37  30.87   434   19.8
 58320 117.13  31.73    21   19.7
 58323 117.47  31.88    25   33.0
 58327 117.28  31.27    45   11.3
 58329 117.87  31.33     9   16.4
 58330 118.08  31.75    26   23.9
 58331 118.37  31.73    22   13.6
 58334 118.37  31.38     9   22.4
 58335 118.52  31.57    23   17.2
 58337 118.18  31.08    26   28.6
 58339 118.90  31.33    15   15.6
 58340 119.03  31.66    25   17.4
 58341 119.59  31.98     6   17.5
 58342 119.55  31.72     6   16.0
 58344 119.20  31.96    36   37.1
 58346 119.81  31.34    16   13.3
 58349 120.56  31.41     8    1.9
 58351 120.30  31.90     4   12.5
 58352 120.77  31.65     4    1.3
 58353 120.57  31.86    11    8.4
 58359 120.62  31.13     4    7.2
 58360 121.20  31.92     3   16.0
 58361 121.37  31.10     5    1.8
 58365 121.25  31.37     4    3.4
 58366 121.49  31.67     4    8.2
 58367 121.43  31.20     4    2.0
 58369 121.78  31.05     5    0.6
 58370 121.53  31.23     4    1.1
 58377 121.11  31.51     5    4.8
 58401 115.40  30.75   123   14.2
 58404 115.22  30.47    61   10.3
 58408 115.43  30.23    35    2.2
 58409 115.93  30.10    32    1.3
 58415 116.55  30.67    64   13.2
 58416 116.82  30.75    35   16.3
 58417 116.13  30.17    54   14.1
 58420 117.23  30.72    58   23.1
 58421 117.87  30.63    31   36.1
 58423 117.78  30.48   647   37.8
 58426 118.13  30.30   193   45.1
 58427 117.50  30.65    15   22.9
 58428 117.50  30.22   118   27.5
 58431 118.32  30.90    39   44.5
 58432 118.40  30.68    57   43.1
 58433 118.75  30.93    31   37.5
 58435 118.53  30.30   220   57.6
 58438 118.58  30.08   191   13.2
 58441 119.42  30.87    43   17.7
 58442 119.18  31.17    16   22.2
 58443 119.89  31.02    25   19.2
 58446 119.70  30.63    72   29.0
 58449 119.95  30.05    46    5.2
 58451 120.93  30.83     2   18.6
 58452 120.77  30.73     4   20.8
 58453 120.50  30.07     7    0.2
 58454 119.98  30.53   102   19.4
 58455 120.65  30.52     8   11.7
 58456 120.52  30.63     6   22.1
 58458 120.90  30.54     4    1.7
 58459 120.29  30.19    44    3.4
 58460 121.35  30.73     5    1.8
 58461 121.12  31.13     4    5.8
 58462 121.23  31.03     4    4.8
 58463 121.50  30.88     4    1.4
 58501 115.63  29.92    23    1.2
 58502 116.02  29.67    74   27.5
 58503 115.67  29.70    41   12.4
 58505 115.90  29.62    63   22.9
 58507 115.12  29.25   116   20.8
 58508 115.77  29.33    41   17.1
 58509 115.82  29.05    36    3.8
 58510 116.23  29.73    40   20.6
 58512 116.55  29.90    71   31.1
 58514 116.05  29.45    37   25.8
 58517 116.20  29.27    35    6.1
 58523 117.93  29.93   227   11.8
 58524 117.22  29.37    87   12.5
 58529 117.85  29.27   171    0.7
 58530 118.43  29.87   168    3.6
 58534 118.18  29.78   170    5.3
 58537 118.40  29.13   153    1.8
 58542 119.68  29.82    46    6.3
 58544 119.27  29.48    88    0.3
 58547 119.18  29.03    66    1.2
 58548 119.47  29.22    50    0.5
 58555 120.88  29.52   113    0.2
 58561 121.60  29.98     4    0.3
 58563 121.83  29.88     5    0.5
 58565 121.39  29.69    41    0.1
 58566 121.88  29.47     6    1.6
 58567 121.43  29.32    39    0.2
 58568 121.38  29.12    34    2.1
 58570 122.30  29.95    85    1.4
 58601 115.38  28.70    53   10.7
 58602 115.55  28.85    40   11.0
 58605 115.38  28.42    46    0.5
 58612 116.68  28.70    21    2.4
 58615 117.08  28.68    56    2.4
 58618 116.60  28.27    82    0.1
 58620 117.10  29.02    51    2.8
 58631 118.50  28.90   137    0.8
 58632 118.60  28.72   126    0.7
 58647 119.13  28.08   222    0.3
 58656 120.97  28.07    60    0.1
 58660 121.20  28.87     6    0.8
 58693 115.83  28.70    40    4.1
 58747 119.35  27.15   899    0.4
 58850 120.23  26.92    92    0.1
 59075 112.63  24.48    70    0.1
 59276 112.65  23.35    40    0.3
 59469 111.78  22.17    37    0.6
