diamond  3 2015年03月02日14点6小时降雨量                     
  15  03  02  14    -1 3 10 25 50 1 0
 39 122.7  37.3 122.5  36.7 120.8  36.2 119.3  35.0 120.4  34.3
 121.1  32.7 122.3  30.9 122.5  30.1 121.5  28.0 119.8  25.0
 116.1  22.6 111.0  21.0 111.0  18.6 109.6  18.1 108.3  18.5
 108.9  19.9 109.3  21.0 106.4  21.6 104.1  22.2 101.6  20.8
  98.7  22.0  97.1  24.1  97.7  27.0  91.7  26.6  85.7  27.7
  78.9  30.6  73.3  37.1  74.1  40.7  87.6  49.8  98.5  43.9
 110.4  44.3 122.0  54.7 135.7  48.3 131.5  42.2 125.2  39.4
 121.3  38.5 121.2  40.3 118.5  38.6 120.8  38.1
 1      62
 50525 119.75  49.15   620   0.01
 50655 126.18  48.50   266   0.01
 50772 129.23  48.10   288   0.01
 50924 119.65  45.55   860   0.01
 52656 100.82  38.43  2281   0.01
 53343 109.97  41.77  1612   0.01
 56016  95.62  33.85  4179   0.01
 56045  99.90  33.97  4050   0.01
 57688 113.63  28.16   101   0.01
 57694 114.38  28.53   259   0.01
 57698 114.45  28.12    98    1.0
 57699 114.92  28.23    66    0.9
 57708 105.60  27.15  1700    0.1
 57714 106.23  27.47   942   0.01
 57719 106.97  27.07  1275    0.2
 57728 107.47  27.07  1096    0.1
 57737 108.12  27.03   547   0.01
 57738 108.42  27.05   516   0.01
 57742 109.20  27.52   884   0.01
 57783 113.82  27.88   118   0.01
 57786 113.85  27.63   117   0.01
 57792 114.68  27.82    93    0.1
 57794 114.02  27.63   177   0.01
 57796 114.88  27.83   189    0.3
 57798 114.60  27.40    85   0.01
 57800 105.37  26.77  1457    0.1
 57808 105.75  26.32  1274    0.1
 57809 105.75  26.07  1251    0.1
 57811 106.60  26.83  1296    0.2
 57813 106.47  26.57  1261    0.3
 57814 106.27  26.42  1298    0.4
 57818 106.45  26.03  1140    0.2
 57822 107.90  26.90   835    0.1
 57824 107.23  26.58  1001    0.1
 57828 107.58  26.50   983    0.2
 57829 107.80  26.20   963    0.3
 57834 108.30  26.68   641   0.01
 57835 108.43  26.72   527   0.01
 57837 108.07  26.40   839    0.2
 57844 109.18  26.68   343   0.01
 57859 110.63  26.03   408    0.8
 57900 105.22  25.83  1552   0.01
 57903 105.60  25.94  1142    0.2
 57905 105.61  25.40  1184   0.01
 57908 105.48  25.12  1394   0.01
 57911 106.65  26.67  1323    0.3
 57913 106.98  26.45  1093    0.9
 57914 106.67  26.42  1149    0.4
 57915 106.77  26.63  1104    0.2
 57921 107.34  25.85   821    0.6
 57923 107.87  25.98   419    0.2
 57936 108.91  25.76   258   0.01
 57941 109.60  25.78   197    0.6
 57942 110.00  25.80   268   0.01
 57948 109.25  25.08   122   0.01
 57949 110.00  24.98   156    0.2
 57954 110.18  25.23   157   0.01
 57955 110.67  25.62   224   0.01
 57956 110.32  25.42   167    0.5
 57960 111.07  25.93   195    0.2
 57964 111.15  25.50   263   0.01
 58509 115.82  29.05    36   0.01
