diamond  3 2015年03月14日08点6小时降雨量                     
  15  03  14  08    -1 3 10 25 50 1 0
 39 122.7  37.3 122.5  36.7 120.8  36.2 119.3  35.0 120.4  34.3
 121.1  32.7 122.3  30.9 122.5  30.1 121.5  28.0 119.8  25.0
 116.1  22.6 111.0  21.0 111.0  18.6 109.6  18.1 108.3  18.5
 108.9  19.9 109.3  21.0 106.4  21.6 104.1  22.2 101.6  20.8
  98.7  22.0  97.1  24.1  97.7  27.0  91.7  26.6  85.7  27.7
  78.9  30.6  73.3  37.1  74.1  40.7  87.6  49.8  98.5  43.9
 110.4  44.3 122.0  54.7 135.7  48.3 131.5  42.2 125.2  39.4
 121.3  38.5 121.2  40.3 118.5  38.6 120.8  38.1
 1     242
 56193 104.52  32.42   893    0.2
 56582 103.90  27.75  1176    0.1
 57204 105.22  32.57   782    1.4
 57208 105.52  32.28   544    0.8
 57216 106.83  32.35   579    0.6
 57217 106.28  32.23   485    0.3
 57320 107.22  31.93   482    0.3
 57324 107.08  31.58   364    1.7
 57333 108.67  31.95   798    0.1
 57345 109.62  31.40   337    0.5
 57361 111.27  31.88   327    1.1
 57363 111.83  31.80   151    0.2
 57386 114.00  31.25    51    0.4
 57388 113.71  31.27    53    0.4
 57389 113.75  31.03    32    0.1
 57417 106.28  30.35   315    0.4
 57506 105.90  29.37   353   0.01
 57510 106.07  29.85   326    0.7
 57511 106.45  29.85   240    1.5
 57513 106.62  29.73   464    1.8
 57514 106.22  29.58   331    0.3
 57522 107.27  29.74   372    0.1
 57564 111.13  29.43   103   0.01
 57566 111.65  29.45    51    0.4
 57582 113.88  29.72    46    0.2
 57585 113.45  29.48    60    0.4
 57589 113.87  29.27   146    0.2
 57596 114.20  29.63   751    0.2
 57646 109.95  28.62   302    0.8
 57657 110.21  28.23   186    2.3
 57658 110.20  28.02   152    2.7
 57661 111.48  28.92    48    2.3
 57663 111.95  28.92    31    0.6
 57666 112.13  28.52    52    2.4
 57674 112.38  28.57    46    2.2
 57678 112.55  28.25    74    1.2
 57680 113.11  28.86    82    1.5
 57688 113.63  28.16   101    5.8
 57694 114.38  28.53   259    2.6
 57698 114.45  28.12    98    2.5
 57699 114.92  28.23    66    1.1
 57717 106.83  27.53   974    0.1
 57728 107.47  27.07  1096    0.3
 57735 108.82  27.18   404    1.4
 57736 108.85  27.70   369    0.8
 57737 108.12  27.03   547    0.9
 57739 108.92  27.23   394    1.4
 57740 109.60  27.95   349    0.7
 57742 109.20  27.52   884    2.9
 57743 109.80  27.88   176    3.4
 57744 109.17  27.37   355    2.2
 57754 109.84  27.21   252    5.3
 57760 111.43  27.70   249    4.4
 57762 111.70  27.69   165    3.1
 57763 112.00  27.68   205    1.2
 57767 111.01  27.13   308    1.2
 57768 111.45  27.32   242    0.4
 57769 111.73  27.23   252    2.0
 57771 112.53  27.93    88    1.0
 57772 112.50  27.75    86    1.5
 57773 112.83  27.88    63    2.9
 57777 112.87  27.23    63    5.6
 57778 112.95  27.09    70    5.1
 57781 113.50  27.65    74    7.6
 57783 113.82  27.88   118    2.4
 57786 113.85  27.63   117    9.0
 57792 114.68  27.82    93    9.1
 57794 114.02  27.63   177   11.8
 57796 114.88  27.83   189    8.1
 57798 114.60  27.40    85   11.3
 57818 106.45  26.03  1140    0.1
 57821 107.50  26.70   925    0.2
 57822 107.90  26.90   835    1.6
 57824 107.23  26.58  1001    0.1
 57828 107.58  26.50   983    0.4
 57829 107.80  26.20   963    0.2
 57834 108.30  26.68   641    1.1
 57835 108.43  26.72   527    0.3
 57837 108.07  26.40   839    0.4
 57842 109.72  26.88   281    0.7
 57844 109.18  26.68   343    1.2
 57846 110.15  26.58   310    0.7
 57851 110.83  26.46   346    0.7
 57859 110.63  26.03   408    3.6
 57860 111.28  27.00   283    0.5
 57865 111.62  26.50   192    2.5
 57867 111.28  26.40   169    3.8
 57868 111.86  26.59   113    2.0
 57870 112.10  26.80   151    8.6
 57871 112.37  26.98    90    6.9
 57875 112.68  26.75   137   13.0
 57876 112.83  26.43   135    0.1
 57881 113.25  26.72   101    5.0
 57882 113.55  26.79   136    4.8
 57883 114.28  26.75   253    2.8
 57886 113.80  26.48   268    0.6
 57887 113.12  26.12   167    2.3
 57891 114.25  26.93   153    6.4
 57895 114.78  26.47   101    1.5
 57899 114.92  26.80    71    6.3
 57923 107.87  25.98   419    0.2
 57927 107.18  24.97   287    0.2
 57941 109.60  25.78   197    1.5
 57942 110.00  25.80   268    1.0
 57948 109.25  25.08   122    1.9
 57949 110.00  24.98   156    0.4
 57954 110.18  25.23   157    1.3
 57955 110.67  25.62   224    0.2
 57956 110.32  25.42   167    1.5
 57958 110.32  25.08   151    2.5
 57960 111.07  25.93   195    0.5
 57962 111.65  25.97   167    1.0
 57964 111.15  25.50   263    0.6
 57966 111.96  25.59   244    2.5
 57969 111.31  25.28   269    2.3
 57971 112.20  25.92   224    1.0
 57975 112.20  25.38   277    0.5
 57976 112.94  25.41   222    0.3
 57978 112.55  25.27   292    0.5
 57981 113.22  25.97   139    0.6
 57985 113.68  25.57   609    0.5
 57988 113.33  25.10   143    1.2
 57989 113.77  25.07   112    2.9
 57990 114.30  25.70   246    0.2
 57991 114.55  25.80   140    0.1
 57992 114.75  25.67   127    1.4
 57994 114.35  25.40   215    2.0
 57995 114.93  25.40   164    0.3
 58409 115.93  30.10    32    0.3
 58416 116.82  30.75    35    0.3
 58417 116.13  30.17    54    0.1
 58418 116.67  30.13    60    0.1
 58428 117.50  30.22   118    0.3
 58501 115.63  29.92    23    0.2
 58502 116.02  29.67    74    4.6
 58503 115.67  29.70    41    1.7
 58505 115.90  29.62    63    3.1
 58507 115.12  29.25   116    2.5
 58508 115.77  29.33    41    3.8
 58509 115.82  29.05    36    6.5
 58510 116.23  29.73    40    3.4
 58512 116.55  29.90    71    1.9
 58514 116.05  29.45    37    2.8
 58517 116.20  29.27    35    3.6
 58523 117.93  29.93   227    0.2
 58524 117.22  29.37    87    2.9
 58529 117.85  29.27   171    2.8
 58537 118.40  29.13   153    3.7
 58547 119.18  29.03    66    0.6
 58601 115.38  28.70    53    4.8
 58602 115.55  28.85    40    4.5
 58605 115.38  28.42    46    2.9
 58607 115.95  28.55    31    4.6
 58609 115.82  28.22    27   10.4
 58612 116.68  28.70    21    4.5
 58614 116.27  28.38    34    7.5
 58615 117.08  28.68    56    4.0
 58616 116.82  28.20    40    9.9
 58618 116.60  28.27    82   11.1
 58619 116.37  28.00    49    2.2
 58620 117.10  29.02    51    6.0
 58623 117.92  28.47    90    4.9
 58624 117.43  28.40    70   10.2
 58625 117.60  28.42    79    6.8
 58627 117.06  28.31    56    8.5
 58629 117.71  28.29   100    9.6
 58631 118.50  28.90   137    4.1
 58632 118.60  28.72   126    1.9
 58635 118.20  28.43    95    5.2
 58644 119.28  28.60   237    0.5
 58693 115.83  28.70    40    4.0
 58701 115.40  27.77    46    5.4
 58704 115.35  27.58   104    6.8
 58706 115.83  27.43   181    6.2
 58707 115.13  27.22    66    9.7
 58710 116.05  27.77    78    5.7
 58712 116.78  27.92   130    5.5
 58713 117.07  27.72   225    5.7
 58714 116.23  27.55   120    6.0
 58719 116.93  27.30   131    7.3
 58724 117.32  27.53   268   14.2
 58735 118.75  27.52   260    0.3
 58804 115.35  26.35   151    7.7
 58814 116.35  26.35   247    4.4
 58819 116.82  26.18   336    6.9
 58821 117.47  26.73   173    2.8
 58822 116.85  26.83   342    1.2
 58823 117.80  26.80   175    1.3
 58824 117.15  26.40   357    8.3
 58826 117.80  26.40   120    0.1
 58828 117.62  26.27   208    0.5
 58903 116.03  25.90   210    0.9
 58905 115.42  25.97   133    4.9
 58906 115.80  25.60   167    5.1
 58912 116.73  25.72   404    4.7
 59012 106.55  24.78   972    0.1
 59022 107.55  24.98   749    1.4
 59025 107.38  24.53   248    1.2
 59027 107.25  24.13   254    1.9
 59031 108.26  24.81   342    1.3
 59033 108.90  24.78   328    0.4
 59034 108.67  24.48   150    0.3
 59038 108.65  24.07   138    0.1
 59041 109.25  24.65   108    0.7
 59044 109.38  24.46    97    0.5
 59045 109.75  24.48    94    1.3
 59047 109.33  24.25   100    1.7
 59052 110.82  24.83   169    0.1
 59059 110.80  24.18   105    0.8
 59061 111.27  24.82   193    0.3
 59063 111.45  25.18   265    1.5
 59064 111.32  24.55   136    0.8
 59071 112.28  24.73   174    1.4
 59074 112.15  24.57   300    1.1
 59075 112.63  24.48    70    0.6
 59081 113.29  24.78   131    0.7
 59109 115.73  24.15   123    0.1
 59124 117.38  24.52    53    0.1
 59227 107.14  23.11   454    0.7
 59229 107.70  23.17   125    1.2
 59230 108.17  23.72   168    0.9
 59235 108.62  23.43   115    2.0
 59237 108.28  23.17   111    0.7
 59238 108.80  23.22   122    2.3
 59241 109.68  23.97    90    0.4
 59246 109.67  23.60    70    0.3
 59249 109.62  23.12    51    0.1
 59255 110.38  23.55    32    0.2
 59269 111.78  23.17    47    0.4
 59270 112.18  23.92    84    0.4
 59276 112.65  23.35    40    0.6
 59313 116.98  23.68    44    4.3
 59419 106.74  22.06   348    1.8
 59421 107.20  22.83   255    0.8
 59425 107.35  22.40   107    0.1
 59432 108.40  22.80   194    1.4
 59435 108.48  22.77    74    1.6
 59441 109.25  22.70    78    0.1
 59451 110.35  22.70    98    0.2
 59469 111.78  22.17    37    1.2
 59470 112.20  22.70    57    0.1
 59477 112.23  22.27    68    0.6
