diamond  3 2015年03月06日20点6小时降雨量                     
  15  03  06  20    -1 3 10 25 50 1 0
 39 122.7  37.3 122.5  36.7 120.8  36.2 119.3  35.0 120.4  34.3
 121.1  32.7 122.3  30.9 122.5  30.1 121.5  28.0 119.8  25.0
 116.1  22.6 111.0  21.0 111.0  18.6 109.6  18.1 108.3  18.5
 108.9  19.9 109.3  21.0 106.4  21.6 104.1  22.2 101.6  20.8
  98.7  22.0  97.1  24.1  97.7  27.0  91.7  26.6  85.7  27.7
  78.9  30.6  73.3  37.1  74.1  40.7  87.6  49.8  98.5  43.9
 110.4  44.3 122.0  54.7 135.7  48.3 131.5  42.2 125.2  39.4
 121.3  38.5 121.2  40.3 118.5  38.6 120.8  38.1
 1     146
 50137 122.37  53.47   296    0.2
 56184 103.17  31.43  1896   0.01
 56190 104.55  31.55   519   0.01
 56280 103.12  30.08   691   0.01
 56317  94.22  29.22  2950    0.5
 57708 105.60  27.15  1700   0.01
 57728 107.47  27.07  1096   0.01
 57798 114.60  27.40    85    0.2
 57829 107.80  26.20   963   0.01
 57876 112.83  26.43   135    0.9
 57881 113.25  26.72   101    0.1
 57882 113.55  26.79   136   0.01
 57883 114.28  26.75   253    8.4
 57886 113.80  26.48   268    0.5
 57887 113.12  26.12   167    0.1
 57891 114.25  26.93   153    1.2
 57895 114.78  26.47   101    0.5
 57899 114.92  26.80    71    0.8
 57905 105.61  25.40  1184   0.01
 57908 105.48  25.12  1394   0.01
 57909 105.82  24.98   584   0.01
 57949 110.00  24.98   156   0.01
 57954 110.18  25.23   157   0.01
 57955 110.67  25.62   224    0.1
 57958 110.32  25.08   151   0.01
 57964 111.15  25.50   263    0.1
 57969 111.31  25.28   269    0.1
 57973 112.72  25.75   329   0.01
 57975 112.20  25.38   277   0.01
 57976 112.94  25.41   222   0.01
 57981 113.22  25.97   139    0.3
 57985 113.68  25.57   609    0.1
 57989 113.77  25.07   112   0.01
 57990 114.30  25.70   246   0.01
 57991 114.55  25.80   140   0.01
 57992 114.75  25.67   127   0.01
 57994 114.35  25.40   215    0.1
 57995 114.93  25.40   164    0.6
 58423 117.78  30.48   647    0.3
 58446 119.70  30.63    72   0.01
 58455 120.65  30.52     8    0.1
 58546 119.88  29.47   115   0.01
 58548 119.47  29.22    50   0.01
 58550 120.25  29.70    39   0.01
 58558 120.22  29.27    89   0.01
 58560 120.43  29.05   304   0.01
 58616 116.82  28.20    40   0.01
 58619 116.37  28.00    49    0.1
 58625 117.60  28.42    79   0.01
 58629 117.71  28.29   100   0.01
 58635 118.20  28.43    95   0.01
 58642 119.80  28.88   105   0.01
 58643 120.03  28.90   102   0.01
 58647 119.13  28.08   222    0.2
 58654 120.08  28.67   184    0.2
 58656 120.97  28.07    60   0.01
 58657 120.28  28.15    57    0.1
 58658 120.68  28.15    34    0.2
 58659 120.65  28.03    28    0.1
 58660 121.20  28.87     6    0.1
 58664 121.37  28.37    35    0.5
 58701 115.40  27.77    46    0.6
 58704 115.35  27.58   104    0.5
 58706 115.83  27.43   181    3.0
 58707 115.13  27.22    66    1.9
 58710 116.05  27.77    78    0.6
 58712 116.78  27.92   130    0.7
 58713 117.07  27.72   225    1.9
 58714 116.23  27.55   120    2.2
 58719 116.93  27.30   131   12.6
 58724 117.32  27.53   268    4.0
 58735 118.75  27.52   260    3.0
 58736 118.82  27.38   262    2.4
 58745 119.08  27.62   400    2.3
 58746 119.70  27.55   538    1.3
 58747 119.35  27.15   899    6.9
 58748 119.65  27.10    50    4.0
 58749 119.88  27.23   684    4.1
 58750 120.08  27.78   105    0.9
 58751 120.57  27.67   254    0.5
 58804 115.35  26.35   151    0.7
 58814 116.35  26.35   247   0.01
 58819 116.82  26.18   336    0.4
 58821 117.47  26.73   173    0.8
 58822 116.85  26.83   342    3.2
 58823 117.80  26.80   175    1.0
 58824 117.15  26.40   357    0.2
 58826 117.80  26.40   120    0.3
 58828 117.62  26.27   208    0.2
 58836 118.73  26.58   361    0.3
 58844 119.15  26.15    57    0.1
 58845 119.53  26.50    60    0.3
 58848 119.55  26.20    13    0.1
 58850 120.23  26.92    92    3.7
 58903 116.03  25.90   210   0.01
 58906 115.80  25.60   167    1.0
 58907 115.40  25.15   305    0.1
 58912 116.73  25.72   404    0.2
 58923 117.83  25.70   400    0.3
 58929 118.15  25.07    68   0.01
 58934 118.27  25.33   183    0.2
 58935 118.23  25.48   521    3.4
 58938 118.98  25.23    23    0.6
 58940 119.33  26.08    25   0.01
 58942 119.38  25.72    39    0.9
 58946 119.00  25.45    81    0.1
 59004 105.10  24.50   725   0.01
 59012 106.55  24.78   972    0.1
 59022 107.55  24.98   749   0.01
 59031 108.26  24.81   342   0.01
 59041 109.25  24.65   108   0.01
 59044 109.38  24.46    97    0.1
 59047 109.33  24.25   100   0.01
 59051 110.50  24.77   136    0.1
 59052 110.82  24.83   169   0.01
 59057 110.18  24.13   830   0.01
 59059 110.80  24.18   105   0.01
 59071 112.28  24.73   174    0.1
 59075 112.63  24.48    70   0.01
 59081 113.29  24.78   131   0.01
 59090 114.07  24.95   103   0.01
 59091 114.52  24.75   277    0.3
 59093 115.03  24.78   253   0.01
 59094 114.12  24.35   184   0.01
 59109 115.73  24.15   123   0.01
 59127 117.83  24.43    32    0.1
 59215 106.63  23.33   680   0.01
 59227 107.14  23.11   454   0.01
 59241 109.68  23.97    90   0.01
 59246 109.67  23.60    70   0.01
 59249 109.62  23.12    51   0.01
 59256 110.90  23.37   105   0.01
 59264 111.50  23.40    83    0.1
 59266 111.23  23.42    42    0.2
 59268 111.54  23.26    70   0.01
 59269 111.78  23.17    47    0.1
 59270 112.18  23.92    84   0.01
 59276 112.65  23.35    40   0.01
 59279 112.87  23.18    24    0.3
 59288 113.02  23.15    29    0.2
 59297 114.28  23.17    17   0.01
 59314 116.13  23.30    29    0.1
 59419 106.74  22.06   348    0.6
 59421 107.20  22.83   255   0.01
 59427 107.07  22.12   163   0.01
 59449 109.98  22.30    85   0.01
