diamond  3 2015年03月29日14点6小时降雨量                     
  15  03  29  14    -1 3 10 25 50 1 0
 39 122.7  37.3 122.5  36.7 120.8  36.2 119.3  35.0 120.4  34.3
 121.1  32.7 122.3  30.9 122.5  30.1 121.5  28.0 119.8  25.0
 116.1  22.6 111.0  21.0 111.0  18.6 109.6  18.1 108.3  18.5
 108.9  19.9 109.3  21.0 106.4  21.6 104.1  22.2 101.6  20.8
  98.7  22.0  97.1  24.1  97.7  27.0  91.7  26.6  85.7  27.7
  78.9  30.6  73.3  37.1  74.1  40.7  87.6  49.8  98.5  43.9
 110.4  44.3 122.0  54.7 135.7  48.3 131.5  42.2 125.2  39.4
 121.3  38.5 121.2  40.3 118.5  38.6 120.8  38.1
 1     188
 50137 122.37  53.47   296   0.01
 51137  82.93  46.20   715   0.01
 51145  83.65  46.55   521   0.01
 51328  80.42  44.20   770    3.7
 51329  80.85  44.05   640    2.1
 51352  85.25  44.85   337   0.01
 51430  81.15  43.83   602    0.4
 51435  82.23  43.47   774   0.01
 51436  83.30  43.45   928   0.01
 56189 103.93  30.98   581    0.1
 56376 102.63  29.33  1098    0.1
 56380 103.35  29.88   571   0.01
 56497 104.23  28.10   448    0.1
 56989 103.95  22.50   137    0.1
 57248 109.33  32.40   431   0.01
 57254 110.12  32.82   322    0.3
 57329 107.85  31.10   467   0.01
 57345 109.62  31.40   337   0.01
 57349 109.86  31.08   606    0.1
 57368 111.63  31.05   141    0.4
 57377 112.22  31.00   191    1.2
 57386 114.00  31.25    51    0.9
 57387 113.13  31.00    84    2.1
 57388 113.71  31.27    53    0.6
 57389 113.75  31.03    32    2.8
 57396 114.85  31.63   128   0.01
 57398 114.62  31.28    74    0.1
 57438 108.12  29.98   632    0.1
 57453 111.32  30.77   115    2.7
 57460 111.78  30.82    91    4.0
 57462 111.08  30.87   139    1.8
 57464 111.18  30.47   142    6.9
 57465 111.45  30.38    74    8.5
 57466 111.75  30.43    50    9.7
 57469 111.77  30.18    69    9.6
 57475 112.90  30.40    31   18.1
 57477 112.22  30.07    38   14.6
 57481 113.57  30.95    30    3.9
 57485 113.47  30.28    23   29.1
 57486 113.85  30.65    25    6.7
 57489 114.01  30.52    23   12.4
 57491 114.40  30.87    31    3.1
 57492 114.84  30.84    40    1.8
 57495 114.88  30.67    28    1.5
 57496 114.87  30.37    31    1.4
 57498 114.94  30.52    26    2.2
 57499 114.88  30.07    40    0.4
 57507 105.30  29.33   385   0.01
 57508 105.37  29.15   301    0.1
 57519 107.11  29.16   698    1.7
 57522 107.27  29.74   372    0.1
 57525 107.75  29.32   277    0.9
 57537 108.17  29.30   322    3.5
 57540 109.15  29.68   776   21.1
 57541 109.48  30.00   532    9.3
 57543 110.03  29.90   539   24.8
 57544 109.45  29.47   488   22.0
 57558 110.47  29.13   183   40.8
 57564 111.13  29.43   103   18.4
 57565 111.73  29.67    38   11.5
 57566 111.65  29.45    51   17.4
 57571 112.40  29.70    35    6.5
 57575 112.55  29.52    31    4.8
 57577 112.17  29.40    36    7.3
 57582 113.88  29.72    46    5.1
 57585 113.45  29.48    60    1.7
 57586 114.03  29.53    78    7.1
 57589 113.87  29.27   146   12.6
 57590 114.37  29.85    98    1.8
 57596 114.20  29.63   751    3.5
 57623 107.60  28.88   685   0.01
 57634 107.88  28.52   660    2.3
 57635 108.98  28.45   363   12.7
 57636 108.50  28.57   334    8.2
 57637 108.10  28.25   629    5.8
 57640 109.45  28.58   341   10.4
 57643 109.83  29.00   268   44.7
 57646 109.95  28.62   302   17.5
 57657 110.21  28.23   186   20.5
 57658 110.20  28.02   152   20.8
 57661 111.48  28.92    48    1.4
 57663 111.95  28.92    31    0.9
 57666 112.13  28.52    52    0.6
 57674 112.38  28.57    46    1.6
 57678 112.55  28.25    74   0.01
 57680 113.11  28.86    82    0.4
 57688 113.63  28.16   101   0.01
 57694 114.38  28.53   259    7.7
 57698 114.45  28.12    98    3.7
 57699 114.92  28.23    66    5.3
 57714 106.23  27.47   942    0.2
 57717 106.83  27.53   974   0.01
 57719 106.97  27.07  1275    7.6
 57720 107.17  27.88   889    0.2
 57723 107.72  27.98   710    4.2
 57728 107.47  27.07  1096    0.7
 57732 108.40  28.02   456    9.5
 57734 108.23  27.57   467   10.9
 57735 108.82  27.18   404    1.4
 57736 108.85  27.70   369   15.4
 57737 108.12  27.03   547    1.8
 57738 108.42  27.05   516    0.8
 57739 108.92  27.23   394    0.7
 57740 109.60  27.95   349   13.6
 57742 109.20  27.52   884    7.7
 57743 109.80  27.88   176   12.5
 57744 109.17  27.37   355    3.1
 57754 109.84  27.21   252    1.8
 57760 111.43  27.70   249    1.4
 57762 111.70  27.69   165    1.0
 57763 112.00  27.68   205    2.1
 57767 111.01  27.13   308    0.8
 57768 111.45  27.32   242    1.4
 57769 111.73  27.23   252    1.2
 57771 112.53  27.93    88    0.6
 57783 113.82  27.88   118   0.01
 57792 114.68  27.82    93    0.4
 57796 114.88  27.83   189    2.7
 57811 106.60  26.83  1296   11.3
 57813 106.47  26.57  1261    1.1
 57814 106.27  26.42  1298    0.3
 57821 107.50  26.70   925   10.0
 57822 107.90  26.90   835    6.7
 57824 107.23  26.58  1001   11.3
 57828 107.58  26.50   983   10.0
 57829 107.80  26.20   963    0.4
 57834 108.30  26.68   641    2.6
 57835 108.43  26.72   527    1.2
 57837 108.07  26.40   839    0.8
 57842 109.72  26.88   281    1.3
 57844 109.18  26.68   343    1.0
 57846 110.15  26.58   310    0.4
 57859 110.63  26.03   408    0.7
 57860 111.28  27.00   283   0.01
 57867 111.28  26.40   169    0.1
 57911 106.65  26.67  1323    8.6
 57913 106.98  26.45  1093    0.7
 57914 106.67  26.42  1149    0.8
 57915 106.77  26.63  1104    8.1
 57941 109.60  25.78   197    0.3
 57942 110.00  25.80   268    0.1
 57948 109.25  25.08   122    0.6
 57955 110.67  25.62   224    0.2
 57956 110.32  25.42   167   0.01
 57960 111.07  25.93   195   0.01
 57964 111.15  25.50   263    0.3
 57976 112.94  25.41   222    0.1
 58331 118.37  31.73    22    0.1
 58401 115.40  30.75   123   0.01
 58404 115.22  30.47    61    2.5
 58408 115.43  30.23    35    0.2
 58409 115.93  30.10    32    1.4
 58415 116.55  30.67    64   0.01
 58417 116.13  30.17    54    0.2
 58418 116.67  30.13    60    0.1
 58501 115.63  29.92    23    1.0
 58502 116.02  29.67    74    0.8
 58503 115.67  29.70    41    1.3
 58505 115.90  29.62    63    1.5
 58507 115.12  29.25   116    4.0
 58508 115.77  29.33    41    1.7
 58509 115.82  29.05    36    1.6
 58510 116.23  29.73    40    1.0
 58512 116.55  29.90    71    2.2
 58514 116.05  29.45    37    1.9
 58517 116.20  29.27    35    1.4
 58524 117.22  29.37    87    0.2
 58601 115.38  28.70    53    2.0
 58602 115.55  28.85    40    1.9
 58605 115.38  28.42    46    4.7
 58607 115.95  28.55    31    5.2
 58609 115.82  28.22    27    0.2
 58612 116.68  28.70    21    2.1
 58614 116.27  28.38    34    0.6
 58615 117.08  28.68    56    0.3
 58620 117.10  29.02    51    1.9
 58693 115.83  28.70    40    4.3
 58826 117.80  26.40   120    0.1
 58828 117.62  26.27   208    0.1
 58836 118.73  26.58   361   0.01
 59033 108.90  24.78   328    0.3
 59034 108.67  24.48   150   0.01
 59038 108.65  24.07   138   0.01
 59047 109.33  24.25   100   0.01
 59051 110.50  24.77   136   0.01
 59227 107.14  23.11   454   0.01
 59246 109.67  23.60    70   0.01
 59249 109.62  23.12    51   0.01
