diamond  3 2015年03月22日20点6小时降雨量                     
  15  03  22  20    -1 3 10 25 50 1 0
 39 122.7  37.3 122.5  36.7 120.8  36.2 119.3  35.0 120.4  34.3
 121.1  32.7 122.3  30.9 122.5  30.1 121.5  28.0 119.8  25.0
 116.1  22.6 111.0  21.0 111.0  18.6 109.6  18.1 108.3  18.5
 108.9  19.9 109.3  21.0 106.4  21.6 104.1  22.2 101.6  20.8
  98.7  22.0  97.1  24.1  97.7  27.0  91.7  26.6  85.7  27.7
  78.9  30.6  73.3  37.1  74.1  40.7  87.6  49.8  98.5  43.9
 110.4  44.3 122.0  54.7 135.7  48.3 131.5  42.2 125.2  39.4
 121.3  38.5 121.2  40.3 118.5  38.6 120.8  38.1
 1     182
 50673 130.40  48.88    90    0.1
 50772 129.23  48.10   288   0.01
 50776 130.83  47.57    83   0.01
 50778 132.53  47.67    57   0.01
 50779 134.28  48.37    40    1.8
 50787 131.84  47.31    62    0.1
 50871 129.88  46.73    95    0.3
 50878 130.72  47.00    78    1.0
 50879 130.55  46.22   187    0.1
 50880 131.12  46.73   102    2.1
 50884 131.15  46.63   175    1.1
 50987 131.09  45.26   219    0.1
 52968 101.47  35.03  3662    0.5
 52978 102.49  35.19  2948   0.01
 52980 103.30  35.97  1648    1.5
 52981 103.38  35.68  2421    3.1
 52982 103.55  35.48  1953    5.2
 52985 103.33  35.42  2162    3.9
 52988 103.72  35.37  2015    3.2
 52993 105.07  35.68  1739    1.3
 52995 104.62  35.58  1897    1.2
 52996 105.02  35.38  2450    4.5
 52998 104.20  35.13  2111    8.6
 53906 105.71  35.52  1656    3.0
 53908 105.23  35.22  1768   10.8
 53914 106.12  35.62  2078   0.01
 53916 106.32  35.50  1948    1.2
 53917 106.07  35.22  1631    2.7
 54092 129.40  44.60   292    0.6
 56071 102.50  34.59  3190    0.6
 56081 103.35  34.70  2810    0.3
 56082 103.50  34.58  2540    0.2
 56084 103.23  34.07  2374    0.5
 56091 104.47  34.85  1883    9.0
 56092 104.65  35.00  1728   12.2
 56094 104.37  33.78  1400    1.3
 56095 104.38  34.03  1753    2.5
 56097 104.25  33.27  1440    5.4
 56180 103.85  31.68  1590    0.5
 56183 103.62  31.50  1370    0.2
 56185 102.98  32.08  2400    0.3
 56192 104.67  32.95  1014    2.9
 56193 104.52  32.42   893    0.7
 56441  99.28  28.72  2422   0.01
 56596 105.05  27.85  1177   0.01
 56598 104.73  27.13  1535   0.01
 56869 101.97  24.07  1497    0.7
 56879 102.91  24.19  1702    0.4
 56885 103.45  24.40  1415    2.5
 56891 104.32  24.98  1482    4.0
 57001 105.33  34.75  1271   18.2
 57002 105.65  34.85  1216   17.2
 57003 106.83  34.90   924    0.9
 57004 104.88  34.73  1495   14.4
 57006 105.75  34.58  1141   17.0
 57007 105.18  34.18  1404    8.3
 57008 105.30  34.03  1579    7.2
 57011 106.15  34.75  1378    9.1
 57012 106.20  34.98  1664    3.5
 57016 107.13  34.35   612    6.4
 57020 107.40  34.37   563    4.0
 57021 107.13  34.65   751    2.7
 57022 107.78  34.68  1026    0.1
 57024 107.65  34.45   669    2.0
 57026 107.88  34.37   585    3.2
 57027 107.73  34.27   517    3.2
 57032 108.20  34.13   436    2.1
 57035 108.23  34.55   636   0.01
 57038 108.45  34.28   410    0.7
 57039 108.88  34.08   445    1.7
 57044 109.23  34.40   424   0.01
 57047 109.32  34.17   540    3.5
 57057 110.15  34.10   963   0.01
 57093 114.82  34.85    73    0.2
 57102 105.72  33.75   970    5.9
 57105 105.60  33.33  1221    1.9
 57110 106.08  33.78   930    4.7
 57111 106.30  33.92   961    2.5
 57113 106.55  33.93   984    6.3
 57119 106.70  33.17   548    0.2
 57123 108.07  34.28   506    1.7
 57126 107.55  33.22   468   0.01
 57128 107.33  33.17   486    0.1
 57129 107.72  32.98   446    0.1
 57132 108.58  34.13   411    2.0
 57137 108.32  33.32   802   0.01
 57140 109.12  33.67   818   0.01
 57204 105.22  32.57   782   0.01
 57213 106.93  33.00   536    0.2
 57216 106.83  32.35   579   0.01
 57231 108.53  32.53   503    1.1
 57247 108.90  32.32   438    0.8
 57248 109.33  32.40   431    0.3
 57249 109.68  32.32   448    0.7
 57317 106.42  31.03   324   0.01
 57320 107.22  31.93   482    0.1
 57324 107.08  31.58   364    0.8
 57326 107.72  31.37   389   0.01
 57333 108.67  31.95   798    1.1
 57338 108.42  31.18   216    0.3
 57339 108.68  30.95   297    0.3
 57345 109.62  31.40   337    0.7
 57349 109.86  31.08   606    1.7
 57420 107.19  30.75   418   0.01
 57425 107.33  30.33   433    0.1
 57431 108.35  30.83   257   0.01
 57464 111.18  30.47   142   0.01
 57513 106.62  29.73   464   0.01
 57522 107.27  29.74   372   0.01
 57541 109.48  30.00   532    0.1
 57543 110.03  29.90   539    0.6
 57558 110.47  29.13   183    0.5
 57564 111.13  29.43   103   0.01
 57565 111.73  29.67    38    0.1
 57566 111.65  29.45    51   0.01
 57605 105.82  28.03   537   0.01
 57623 107.60  28.88   685    0.1
 57634 107.88  28.52   660    0.7
 57635 108.98  28.45   363    3.9
 57637 108.10  28.25   629    1.4
 57643 109.83  29.00   268    0.1
 57663 111.95  28.92    31   0.01
 57708 105.60  27.15  1700    1.4
 57714 106.23  27.47   942    1.5
 57717 106.83  27.53   974    0.6
 57719 106.97  27.07  1275    4.2
 57720 107.17  27.88   889    0.4
 57723 107.72  27.98   710    1.2
 57728 107.47  27.07  1096    0.2
 57732 108.40  28.02   456    7.9
 57734 108.23  27.57   467    0.3
 57735 108.82  27.18   404    0.1
 57736 108.85  27.70   369    1.0
 57737 108.12  27.03   547   0.01
 57738 108.42  27.05   516   0.01
 57739 108.92  27.23   394   0.01
 57754 109.84  27.21   252    0.4
 57760 111.43  27.70   249    0.2
 57762 111.70  27.69   165   0.01
 57781 113.50  27.65    74   0.01
 57786 113.85  27.63   117   0.01
 57800 105.37  26.77  1457    1.0
 57807 105.47  26.21  1361   0.01
 57808 105.75  26.32  1274   0.01
 57809 105.75  26.07  1251   0.01
 57811 106.60  26.83  1296    2.7
 57813 106.47  26.57  1261    2.0
 57814 106.27  26.42  1298    0.9
 57818 106.45  26.03  1140    0.7
 57821 107.50  26.70   925    0.5
 57822 107.90  26.90   835    0.3
 57824 107.23  26.58  1001    0.5
 57828 107.58  26.50   983    2.2
 57829 107.80  26.20   963   0.01
 57837 108.07  26.40   839   0.01
 57870 112.10  26.80   151    4.1
 57875 112.68  26.75   137    0.4
 57882 113.55  26.79   136    0.3
 57883 114.28  26.75   253    0.1
 57891 114.25  26.93   153    2.5
 57903 105.60  25.94  1142   0.01
 57909 105.82  24.98   584   0.01
 57911 106.65  26.67  1323    2.2
 57913 106.98  26.45  1093    0.6
 57914 106.67  26.42  1149    0.9
 57915 106.77  26.63  1104    1.2
 57927 107.18  24.97   287   0.01
 57991 114.55  25.80   140   0.01
 57992 114.75  25.67   127   0.01
 58747 119.35  27.15   899   0.01
 58819 116.82  26.18   336   0.01
 58907 115.40  25.15   305    1.2
 58917 116.10  25.08   307    0.6
 59001 105.33  24.78   672   0.01
 59004 105.10  24.50   725    9.2
 59012 106.55  24.78   972   0.01
 59015 106.57  24.35   437   0.01
 59022 107.55  24.98   749   0.01
 59090 114.07  24.95   103   0.01
 59093 115.03  24.78   253    0.1
 59094 114.12  24.35   184   0.01
 59215 106.63  23.33   680    0.2
