diamond  3 2015年03月02日08点6小时降雨量                     
  15  03  02  08    -1 3 10 25 50 1 0
 39 122.7  37.3 122.5  36.7 120.8  36.2 119.3  35.0 120.4  34.3
 121.1  32.7 122.3  30.9 122.5  30.1 121.5  28.0 119.8  25.0
 116.1  22.6 111.0  21.0 111.0  18.6 109.6  18.1 108.3  18.5
 108.9  19.9 109.3  21.0 106.4  21.6 104.1  22.2 101.6  20.8
  98.7  22.0  97.1  24.1  97.7  27.0  91.7  26.6  85.7  27.7
  78.9  30.6  73.3  37.1  74.1  40.7  87.6  49.8  98.5  43.9
 110.4  44.3 122.0  54.7 135.7  48.3 131.5  42.2 125.2  39.4
 121.3  38.5 121.2  40.3 118.5  38.6 120.8  38.1
 1      38
 57708 105.60  27.15  1700    0.4
 57719 106.97  27.07  1275    0.7
 57728 107.47  27.07  1096    0.4
 57737 108.12  27.03   547    0.1
 57800 105.37  26.77  1457    0.3
 57809 105.75  26.07  1251    0.2
 57811 106.60  26.83  1296    0.4
 57813 106.47  26.57  1261    0.5
 57814 106.27  26.42  1298    0.4
 57818 106.45  26.03  1140    0.4
 57821 107.50  26.70   925    0.3
 57822 107.90  26.90   835    0.4
 57824 107.23  26.58  1001    0.4
 57828 107.58  26.50   983    0.4
 57829 107.80  26.20   963    0.5
 57834 108.30  26.68   641    0.6
 57835 108.43  26.72   527    0.6
 57837 108.07  26.40   839    0.5
 57844 109.18  26.68   343    0.7
 57903 105.60  25.94  1142    0.5
 57911 106.65  26.67  1323    0.5
 57913 106.98  26.45  1093    0.6
 57914 106.67  26.42  1149    0.4
 57915 106.77  26.63  1104    0.6
 57921 107.34  25.85   821    0.7
 57923 107.87  25.98   419    0.6
 57936 108.91  25.76   258    0.1
 59022 107.55  24.98   749    0.2
 59031 108.26  24.81   342    0.1
 59125 117.30  24.38   108    0.1
 59266 111.23  23.42    42    0.1
 59270 112.18  23.92    84    0.1
 59448 109.55  22.27    69    0.1
 59449 109.98  22.30    85    0.5
 59451 110.35  22.70    98    0.1
 59452 110.53  22.83   131    0.1
 59454 110.99  22.95   202    0.2
 59457 110.27  22.32   121    0.9
