diamond  3 2015年03月13日02点6小时降雨量                     
  15  03  13  02    -1 3 10 25 50 1 0
 39 122.7  37.3 122.5  36.7 120.8  36.2 119.3  35.0 120.4  34.3
 121.1  32.7 122.3  30.9 122.5  30.1 121.5  28.0 119.8  25.0
 116.1  22.6 111.0  21.0 111.0  18.6 109.6  18.1 108.3  18.5
 108.9  19.9 109.3  21.0 106.4  21.6 104.1  22.2 101.6  20.8
  98.7  22.0  97.1  24.1  97.7  27.0  91.7  26.6  85.7  27.7
  78.9  30.6  73.3  37.1  74.1  40.7  87.6  49.8  98.5  43.9
 110.4  44.3 122.0  54.7 135.7  48.3 131.5  42.2 125.2  39.4
 121.3  38.5 121.2  40.3 118.5  38.6 120.8  38.1
 1      51
 50787 131.84  47.31    62    0.5
 50962 128.03  45.95   112    0.1
 50964 128.80  45.83   119    0.2
 51137  82.93  46.20   715    0.2
 51356  86.05  44.32   442    2.5
 51357  85.62  44.33   522    3.0
 51359  86.20  44.32   471    2.3
 51369  87.65  43.97   600    0.6
 51465  87.10  43.48  1871    3.4
 51482  90.28  43.83  1271    2.6
 51568  86.80  42.25  1085    0.3
 54080 127.15  44.90   194    0.4
 54719 116.68  38.03    11    0.1
 56992 104.70  23.45  1507    0.3
 57948 109.25  25.08   122    0.1
 59022 107.55  24.98   749    0.3
 59027 107.25  24.13   254    0.4
 59038 108.65  24.07   138    0.2
 59044 109.38  24.46    97    0.3
 59045 109.75  24.48    94    0.5
 59047 109.33  24.25   100    0.4
 59055 110.40  24.50   165    0.1
 59059 110.80  24.18   105    0.3
 59215 106.63  23.33   680    0.1
 59227 107.14  23.11   454    0.2
 59229 107.70  23.17   125    0.1
 59230 108.17  23.72   168    1.2
 59235 108.62  23.43   115    2.1
 59237 108.28  23.17   111    0.7
 59238 108.80  23.22   122    1.6
 59246 109.67  23.60    70    0.1
 59249 109.62  23.12    51    0.5
 59256 110.90  23.37   105    0.6
 59266 111.23  23.42    42    0.2
 59269 111.78  23.17    47    0.4
 59419 106.74  22.06   348    0.4
 59421 107.20  22.83   255    0.1
 59425 107.35  22.40   107    0.3
 59426 107.92  22.61   146    0.7
 59432 108.40  22.80   194    0.9
 59435 108.48  22.77    74    0.4
 59441 109.25  22.70    78    0.7
 59451 110.35  22.70    98    0.6
 59452 110.53  22.83   131    0.3
 59454 110.99  22.95   202    0.2
 59457 110.27  22.32   121    0.2
 59469 111.78  22.17    37    0.5
 59470 112.20  22.70    57    0.1
 59471 112.05  22.93   101    0.2
 59477 112.23  22.27    68    0.1
 59635 108.35  21.62    31    0.3
