diamond  3 2015年03月01日20点6小时降雨量                     
  15  03  01  20    -1 3 10 25 50 1 0
 39 122.7  37.3 122.5  36.7 120.8  36.2 119.3  35.0 120.4  34.3
 121.1  32.7 122.3  30.9 122.5  30.1 121.5  28.0 119.8  25.0
 116.1  22.6 111.0  21.0 111.0  18.6 109.6  18.1 108.3  18.5
 108.9  19.9 109.3  21.0 106.4  21.6 104.1  22.2 101.6  20.8
  98.7  22.0  97.1  24.1  97.7  27.0  91.7  26.6  85.7  27.7
  78.9  30.6  73.3  37.1  74.1  40.7  87.6  49.8  98.5  43.9
 110.4  44.3 122.0  54.7 135.7  48.3 131.5  42.2 125.2  39.4
 121.3  38.5 121.2  40.3 118.5  38.6 120.8  38.1
 1      27
 50775 130.20  47.34   182   0.01
 50776 130.83  47.57    83   0.01
 50779 134.28  48.37    40    0.1
 50787 131.84  47.31    62    0.1
 50880 131.12  46.73   102    0.3
 50884 131.15  46.63   175    0.6
 50971 131.02  45.77   223    0.2
 50985 131.87  45.55   151    0.3
 50987 131.09  45.26   219    0.4
 54092 129.40  44.60   292    0.6
 54098 129.47  44.33   267    0.4
 54187 128.92  43.12   366   0.01
 57420 107.19  30.75   418   0.01
 57431 108.35  30.83   257   0.01
 57589 113.87  29.27   146   0.01
 57708 105.60  27.15  1700    0.1
 57800 105.37  26.77  1457    0.3
 57824 107.23  26.58  1001   0.01
 57828 107.58  26.50   983   0.01
 57829 107.80  26.20   963   0.01
 57837 108.07  26.40   839   0.01
 58845 119.53  26.50    60   0.01
 58848 119.55  26.20    13   0.01
 59074 112.15  24.57   300   0.01
 59075 112.63  24.48    70   0.01
 59246 109.67  23.60    70   0.01
 59249 109.62  23.12    51   0.01
