diamond  3 2015年03月16日14点6小时降雨量                     
  15  03  16  14    -1 3 10 25 50 1 0
 39 122.7  37.3 122.5  36.7 120.8  36.2 119.3  35.0 120.4  34.3
 121.1  32.7 122.3  30.9 122.5  30.1 121.5  28.0 119.8  25.0
 116.1  22.6 111.0  21.0 111.0  18.6 109.6  18.1 108.3  18.5
 108.9  19.9 109.3  21.0 106.4  21.6 104.1  22.2 101.6  20.8
  98.7  22.0  97.1  24.1  97.7  27.0  91.7  26.6  85.7  27.7
  78.9  30.6  73.3  37.1  74.1  40.7  87.6  49.8  98.5  43.9
 110.4  44.3 122.0  54.7 135.7  48.3 131.5  42.2 125.2  39.4
 121.3  38.5 121.2  40.3 118.5  38.6 120.8  38.1
 1     154
 50431 121.52  50.78   717   0.01
 50445 123.73  50.58   423   0.01
 50524 119.43  49.32   576    0.1
 50525 119.75  49.15   620   0.01
 50566 128.47  49.55   116   0.01
 50645 124.48  48.48   195   0.01
 50646 124.85  48.48   202   0.01
 50655 126.18  48.50   266    0.2
 50659 126.25  48.03   291    0.8
 50674 129.43  48.57   404   0.01
 50755 126.07  47.62   249   0.01
 50767 127.10  47.23   202    0.4
 50772 129.23  48.10   288    0.7
 50776 130.83  47.57    83   0.01
 51434  81.53  43.97   770   0.01
 51435  82.23  43.47   774   0.01
 51436  83.30  43.45   928    0.4
 51438  81.77  43.18  1210   0.01
 54248 123.53  42.03    61    0.6
 54267 125.73  42.25   362    0.1
 54330 121.33  41.13    45   0.01
 54332 122.72  41.52    12    4.0
 54336 122.42  41.42     8    4.7
 54338 121.95  41.28     3    4.0
 54340 123.32  41.67    35    5.2
 54345 123.07  41.20    30    2.4
 54347 123.17  41.23    24    2.8
 54348 123.37  41.41    45    3.8
 54362 125.73  41.67   380    0.5
 54475 122.45  40.57    11   0.01
 54483 123.90  40.88   233   0.01
 54494 124.07  40.47    72   0.01
 56016  95.62  33.85  4179   0.01
 56034  97.13  33.80  4415    0.7
 56186 104.20  31.33   589   0.01
 56194 104.45  31.63   597    0.2
 56373 102.85  29.78   763    0.1
 57007 105.18  34.18  1404   0.01
 57008 105.30  34.03  1579   0.01
 57105 105.60  33.33  1221   0.01
 57110 106.08  33.78   930   0.01
 57719 106.97  27.07  1275   0.01
 57737 108.12  27.03   547   0.01
 57768 111.45  27.32   242   0.01
 57773 112.83  27.88    63    0.1
 57781 113.50  27.65    74   0.01
 57792 114.68  27.82    93   0.01
 57811 106.60  26.83  1296   0.01
 57813 106.47  26.57  1261   0.01
 57814 106.27  26.42  1298   0.01
 57818 106.45  26.03  1140    0.1
 57821 107.50  26.70   925    0.1
 57822 107.90  26.90   835    0.1
 57828 107.58  26.50   983    0.1
 57834 108.30  26.68   641   0.01
 57835 108.43  26.72   527   0.01
 57837 108.07  26.40   839    0.1
 57844 109.18  26.68   343   0.01
 57859 110.63  26.03   408   0.01
 57883 114.28  26.75   253   0.01
 57891 114.25  26.93   153    2.4
 57899 114.92  26.80    71    0.5
 57911 106.65  26.67  1323   0.01
 57927 107.18  24.97   287   0.01
 57948 109.25  25.08   122    0.2
 57954 110.18  25.23   157   0.01
 57955 110.67  25.62   224   0.01
 57962 111.65  25.97   167    0.1
 57975 112.20  25.38   277    0.3
 57976 112.94  25.41   222    0.1
 57985 113.68  25.57   609   0.01
 57990 114.30  25.70   246   0.01
 57991 114.55  25.80   140   0.01
 57992 114.75  25.67   127    3.0
 57994 114.35  25.40   215    2.3
 58112 116.45  30.73   968    0.9
 58341 119.59  31.98     6    0.1
 58361 121.37  31.10     5   0.01
 58365 121.25  31.37     4   0.01
 58369 121.78  31.05     5    0.2
 58401 115.40  30.75   123   0.01
 58416 116.82  30.75    35    0.1
 58431 118.32  30.90    39    0.8
 58443 119.89  31.02    25   0.01
 58451 120.93  30.83     2   0.01
 58461 121.12  31.13     4   0.01
 58462 121.23  31.03     4    0.2
 58463 121.50  30.88     4    0.2
 58502 116.02  29.67    74    0.2
 58503 115.67  29.70    41   0.01
 58505 115.90  29.62    63    0.1
 58509 115.82  29.05    36   0.01
 58510 116.23  29.73    40    0.1
 58512 116.55  29.90    71    0.1
 58517 116.20  29.27    35   0.01
 58529 117.85  29.27   171   0.01
 58570 122.30  29.95    85   0.01
 58601 115.38  28.70    53    0.1
 58614 116.27  28.38    34   0.01
 58615 117.08  28.68    56   0.01
 58619 116.37  28.00    49    0.1
 58623 117.92  28.47    90    0.1
 58625 117.60  28.42    79    0.1
 58629 117.71  28.29   100    0.2
 58693 115.83  28.70    40    0.1
 58707 115.13  27.22    66    0.7
 58719 116.93  27.30   131    2.8
 58736 118.82  27.38   262    0.1
 58804 115.35  26.35   151    2.7
 58814 116.35  26.35   247    2.0
 58819 116.82  26.18   336    2.5
 58821 117.47  26.73   173    0.2
 58822 116.85  26.83   342    0.1
 58824 117.15  26.40   357    0.3
 58826 117.80  26.40   120    0.1
 58828 117.62  26.27   208    0.1
 58836 118.73  26.58   361   0.01
 58839 118.85  26.23    40   0.01
 58844 119.15  26.15    57   0.01
 58848 119.55  26.20    13    0.1
 58903 116.03  25.90   210    1.4
 58905 115.42  25.97   133    1.6
 58906 115.80  25.60   167    0.2
 58912 116.73  25.72   404   0.01
 58917 116.10  25.08   307   0.01
 58932 118.93  25.87    85    0.3
 58940 119.33  26.08    25   0.01
 58942 119.38  25.72    39   0.01
 58946 119.00  25.45    81   0.01
 59022 107.55  24.98   749   0.01
 59033 108.90  24.78   328   0.01
 59041 109.25  24.65   108    0.1
 59047 109.33  24.25   100   0.01
 59053 110.64  24.65   157   0.01
 59059 110.80  24.18   105    0.5
 59061 111.27  24.82   193    0.6
 59063 111.45  25.18   265   0.01
 59064 111.32  24.55   136    0.3
 59071 112.28  24.73   174    0.6
 59075 112.63  24.48    70    0.1
 59081 113.29  24.78   131   0.01
 59091 114.52  24.75   277    6.3
 59093 115.03  24.78   253    1.2
 59094 114.12  24.35   184    0.1
 59099 114.93  24.45   173    1.4
 59249 109.62  23.12    51    0.1
 59270 112.18  23.92    84   0.01
 59279 112.87  23.18    24    0.1
 59290 114.25  23.78    85    0.1
 59319 116.83  23.43     4   0.01
 59469 111.78  22.17    37   0.01
 59473 112.98  22.74    47   0.01
 59475 112.65  22.40    27    0.1
 59487 113.30  22.23    23    0.1
