diamond  3 2015年03月19日20点6小时降雨量                     
  15  03  19  20    -1 3 10 25 50 1 0
 39 122.7  37.3 122.5  36.7 120.8  36.2 119.3  35.0 120.4  34.3
 121.1  32.7 122.3  30.9 122.5  30.1 121.5  28.0 119.8  25.0
 116.1  22.6 111.0  21.0 111.0  18.6 109.6  18.1 108.3  18.5
 108.9  19.9 109.3  21.0 106.4  21.6 104.1  22.2 101.6  20.8
  98.7  22.0  97.1  24.1  97.7  27.0  91.7  26.6  85.7  27.7
  78.9  30.6  73.3  37.1  74.1  40.7  87.6  49.8  98.5  43.9
 110.4  44.3 122.0  54.7 135.7  48.3 131.5  42.2 125.2  39.4
 121.3  38.5 121.2  40.3 118.5  38.6 120.8  38.1
 1     314
 53917 106.07  35.22  1631   0.01
 53924 107.62  35.07   966    0.1
 53926 107.35  35.35  1028   0.01
 53927 106.62  35.20  1477   0.01
 53928 107.02  35.30  1149    0.1
 53941 109.58  35.18   804    1.3
 53947 109.07  35.08   978    0.9
 53949 109.92  35.18   679    0.8
 53950 110.15  35.23   708    1.0
 53954 110.97  35.62   433   0.01
 53956 110.83  35.40   588    1.0
 53957 110.72  35.62   459    0.1
 53958 110.78  35.17   435    3.3
 53964 111.22  35.62   430   0.01
 53965 111.57  35.52   761    0.3
 53967 111.20  35.33   468    4.0
 53972 112.90  35.05   117    1.2
 53976 112.87  35.50   752   0.01
 53978 112.63  35.08   140    2.0
 53979 113.08  35.15   120    0.7
 53982 113.27  35.23   112    0.3
 53983 114.42  35.03    69   0.01
 53984 113.47  35.23    82    0.3
 53985 113.82  35.50   140   0.01
 53987 113.36  35.11    94    0.7
 53988 113.67  35.27    77   0.01
 53989 113.98  35.08    75    0.2
 53997 114.18  35.15    71    0.1
 53998 114.65  35.20    61   0.01
 54906 115.42  35.25    49   0.01
 54908 115.10  35.27    57   0.01
 56016  95.62  33.85  4179    1.5
 56045  99.90  33.97  4050   0.01
 56081 103.35  34.70  2810    0.1
 56164 100.98  32.27  3284    1.5
 56171 101.70  32.90  3275    2.5
 56184 103.17  31.43  1896   0.01
 56185 102.98  32.08  2400    1.1
 56192 104.67  32.95  1014   0.01
 56194 104.45  31.63   597   0.01
 56195 104.73  31.80   543   0.01
 56273 102.82  30.39  1022   0.01
 56278 102.77  30.07   755    2.4
 56279 102.93  30.15   682    0.1
 56280 103.12  30.08   691    0.2
 56373 102.85  29.78   763    0.1
 56380 103.35  29.88   571    0.1
 56382 103.55  29.75   475   0.01
 56383 103.87  29.83   455   0.01
 56384 103.48  29.60   446    0.6
 56387 103.27  29.23   642    0.1
 56389 103.95  29.20   387    0.2
 56390 104.07  29.67   404    0.5
 56394 104.43  29.45   384   0.01
 56480 103.53  28.82   564   0.01
 56483 103.95  28.58   496   0.01
 56490 103.90  28.95   424    1.0
 56496 105.23  28.32   358    0.1
 56497 104.23  28.10   448    0.1
 56498 104.50  28.15   549    0.1
 56499 104.78  28.38   368    0.5
 56592 104.52  28.43   359   0.01
 56593 104.92  28.58   279    0.2
 57001 105.33  34.75  1271   0.01
 57002 105.65  34.85  1216   0.01
 57003 106.83  34.90   924   0.01
 57004 104.88  34.73  1495   0.01
 57006 105.75  34.58  1141    0.1
 57007 105.18  34.18  1404   0.01
 57008 105.30  34.03  1579   0.01
 57011 106.15  34.75  1378   0.01
 57016 107.13  34.35   612    1.3
 57020 107.40  34.37   563    1.4
 57021 107.13  34.65   751    0.6
 57022 107.78  34.68  1026    2.0
 57023 108.11  35.02   919    0.3
 57024 107.65  34.45   669    2.6
 57026 107.88  34.37   585    2.1
 57027 107.73  34.27   517    4.0
 57029 108.48  34.50   543    2.5
 57031 108.55  34.82  1012    1.5
 57032 108.20  34.13   436    4.4
 57033 108.82  34.55   428    1.6
 57035 108.23  34.55   636    1.7
 57038 108.45  34.28   410    3.5
 57039 108.88  34.08   445   12.7
 57040 109.08  34.52   377    2.6
 57043 109.97  34.80   351    3.2
 57044 109.23  34.40   424    6.4
 57045 109.48  34.52   349    5.0
 57047 109.32  34.17   540    5.6
 57053 110.72  34.70   505    4.5
 57054 110.23  34.55   556    4.7
 57055 110.13  34.59   342    4.6
 57056 110.86  34.54   484    5.6
 57057 110.15  34.10   963    3.1
 57061 111.20  34.83   410    4.7
 57063 111.77  34.77   523    2.9
 57065 112.13  34.55   317    3.4
 57066 111.67  34.40   408    3.7
 57070 112.12  34.73   364    4.7
 57072 112.75  34.92   127    2.3
 57074 112.40  34.42   252    2.2
 57075 112.87  34.17   203    3.2
 57076 112.78  34.73   189    3.1
 57078 112.47  34.15   336    2.4
 57079 113.03  34.95   106    1.5
 57080 112.97  34.73   165    3.8
 57081 113.43  34.80   140    4.1
 57082 113.02  34.47   427    6.5
 57084 113.05  34.49  1178    7.0
 57085 113.33  34.53   259    6.0
 57086 113.72  34.38   116    4.1
 57087 113.73  34.27   104    5.4
 57088 113.50  34.19   146    4.6
 57090 113.97  34.72    78    1.3
 57094 114.22  34.40    67    2.5
 57095 114.15  34.12    61    5.5
 57096 114.78  34.53    59    0.6
 57098 114.40  34.08    58    5.0
 57099 114.85  34.07    52    7.4
 57102 105.72  33.75   970   0.01
 57105 105.60  33.33  1221    0.1
 57110 106.08  33.78   930   0.01
 57111 106.30  33.92   961    0.3
 57113 106.55  33.93   984    0.3
 57119 106.70  33.17   548    0.5
 57123 108.07  34.28   506    3.6
 57126 107.55  33.22   468    0.6
 57128 107.33  33.17   486    0.3
 57129 107.72  32.98   446    0.9
 57132 108.58  34.13   411    4.3
 57137 108.32  33.32   802    1.1
 57140 109.12  33.67   818    1.6
 57153 110.33  33.70   639    2.3
 57155 109.87  33.55   660    2.0
 57162 112.07  34.13   440    2.7
 57169 111.87  33.05   159    9.6
 57173 112.88  33.75   145    5.1
 57175 112.23  33.05   191    5.9
 57176 112.42  33.48   231    4.0
 57177 113.53  33.33    89    4.1
 57179 113.00  33.28   160    6.5
 57180 113.20  33.98   117    5.8
 57182 113.52  33.85    80    6.9
 57183 113.92  33.80    60    5.1
 57184 113.30  33.63    97    6.2
 57185 113.58  33.45    91    9.4
 57186 114.05  33.60    58    6.7
 57187 112.93  33.07   118    1.7
 57188 114.03  33.37    55    1.8
 57189 113.95  33.13    64    1.3
 57190 114.40  33.75    50    7.5
 57191 114.47  34.51    64    0.6
 57192 114.85  33.73    45    5.2
 57194 114.27  33.28    59    1.1
 57195 114.62  33.62    46    3.5
 57196 114.87  33.47    42    2.2
 57197 114.35  32.97    50    5.7
 57198 114.57  33.50    44    1.9
 57213 106.93  33.00   536    0.5
 57231 108.53  32.53   503    0.2
 57233 108.50  32.90   413    1.2
 57242 109.37  32.85   285    0.4
 57247 108.90  32.32   438    3.2
 57248 109.33  32.40   431    3.8
 57249 109.68  32.32   448    3.8
 57253 110.82  32.85   201    9.5
 57254 110.12  32.82   322    5.9
 57257 110.23  32.23   307    5.0
 57260 111.52  32.57   133    5.8
 57261 111.52  33.12   233    4.3
 57268 111.62  32.27   120    6.3
 57271 112.38  32.52    87    3.0
 57273 112.85  32.68   109    1.0
 57274 112.12  32.70   107    1.5
 57281 113.30  32.70   142    0.6
 57292 114.63  32.97    44   13.3
 57293 114.98  32.73    38    2.9
 57294 114.02  32.83    83    3.8
 57295 114.35  32.62    78    1.1
 57296 114.73  32.35    48    7.4
 57298 114.55  32.22    55    5.1
 57299 114.90  32.02    49    2.8
 57317 106.42  31.03   324    0.3
 57318 106.55  31.07   338    0.7
 57320 107.22  31.93   482    1.3
 57324 107.08  31.58   364   0.01
 57326 107.72  31.37   389    1.2
 57329 107.85  31.10   467    0.1
 57333 108.67  31.95   798    2.1
 57338 108.42  31.18   216    0.5
 57345 109.62  31.40   337   0.01
 57361 111.27  31.88   327    0.8
 57362 110.67  31.75   935    1.8
 57363 111.83  31.80   151    0.8
 57368 111.63  31.05   141    3.2
 57370 112.22  31.73    67    1.6
 57377 112.22  31.00   191    5.3
 57385 113.82  31.62    93    3.5
 57386 114.00  31.25    51    0.3
 57387 113.13  31.00    84    0.9
 57388 113.71  31.27    53    4.5
 57389 113.75  31.03    32    0.4
 57390 114.07  31.80   733    3.4
 57396 114.85  31.63   128    1.3
 57398 114.62  31.28    74   0.01
 57413 106.97  30.85   295    0.1
 57414 106.45  30.52   403    0.3
 57415 106.63  30.53   394    0.8
 57420 107.19  30.75   418   0.01
 57453 111.32  30.77   115    7.5
 57460 111.78  30.82    91    0.5
 57462 111.08  30.87   139    1.9
 57464 111.18  30.47   142    1.4
 57465 111.45  30.38    74   15.2
 57466 111.75  30.43    50   0.01
 57469 111.77  30.18    69    0.4
 57475 112.90  30.40    31    0.3
 57477 112.22  30.07    38   0.01
 57481 113.57  30.95    30    0.3
 57485 113.47  30.28    23    0.1
 57486 113.85  30.65    25    0.7
 57489 114.01  30.52    23   0.01
 57492 114.84  30.84    40   0.01
 57505 105.58  29.42   338   0.01
 57513 106.62  29.73   464   0.01
 57514 106.22  29.58   331    0.1
 57518 106.50  29.33   506   0.01
 57540 109.15  29.68   776   0.01
 57541 109.48  30.00   532   0.01
 57543 110.03  29.90   539   0.01
 57544 109.45  29.47   488   0.01
 57565 111.73  29.67    38    0.1
 57566 111.65  29.45    51   0.01
 57571 112.40  29.70    35   0.01
 57582 113.88  29.72    46   0.01
 57589 113.87  29.27   146    0.1
 57600 105.06  28.71   420    0.3
 57603 105.83  28.82   283    2.7
 57605 105.82  28.03   537   0.01
 57609 105.70  28.58   317    3.1
 57640 109.45  28.58   341   0.01
 57680 113.11  28.86    82   0.01
 57714 106.23  27.47   942    0.2
 57719 106.97  27.07  1275    0.3
 57723 107.72  27.98   710    0.2
 57728 107.47  27.07  1096   0.01
 57732 108.40  28.02   456   0.01
 57735 108.82  27.18   404    0.2
 57736 108.85  27.70   369    0.1
 57737 108.12  27.03   547   0.01
 57738 108.42  27.05   516   0.01
 57739 108.92  27.23   394    0.2
 57740 109.60  27.95   349   0.01
 57742 109.20  27.52   884    0.6
 57743 109.80  27.88   176   0.01
 57783 113.82  27.88   118   0.01
 57786 113.85  27.63   117   0.01
 57796 114.88  27.83   189   0.01
 57822 107.90  26.90   835   0.01
 57834 108.30  26.68   641   0.01
 57835 108.43  26.72   527   0.01
 57844 109.18  26.68   343   0.01
 58001 115.10  34.43    56    2.8
 58006 115.88  34.38    46    7.0
 58007 115.30  34.07    47    7.9
 58008 115.33  34.47    54    3.8
 58011 116.07  34.80    46    0.1
 58012 116.66  34.67    42    2.3
 58013 116.91  34.75    36    1.6
 58017 116.13  34.25    41    7.1
 58020 117.13  34.80    35    1.3
 58021 117.28  34.78    80    1.5
 58022 117.57  34.75    48    0.6
 58024 117.58  34.87    77    0.2
 58025 117.73  34.57    27    0.6
 58030 118.02  34.88    44   0.01
 58041 119.43  34.78    26   0.01
 58048 119.35  34.12     4   0.01
 58100 115.17  33.65    41    2.8
 58101 115.48  33.87    41    4.5
 58104 115.07  33.40    41    1.4
 58107 115.28  33.02    35    1.8
 58108 115.33  33.23    34   11.4
 58109 115.65  33.13    31    0.6
 58113 116.75  33.93    31    0.2
 58114 116.18  33.48    31    3.4
 58116 116.83  33.98    31    0.3
 58117 116.20  33.13    27    1.7
 58127 117.20  32.98    21    2.4
 58128 117.35  33.33    21    0.1
 58129 117.83  33.15    14    1.9
 58131 118.22  33.97    25    0.2
 58132 118.68  33.72    14    0.1
 58139 118.91  33.31    10    1.0
 58147 118.97  32.98    24    0.7
 58148 119.34  33.27     3    0.3
 58202 115.57  32.67    31    3.2
 58205 115.43  32.47    34    6.0
 58207 115.05  32.17    42    0.3
 58210 116.23  32.65    25    1.4
 58212 116.77  32.72    23    2.4
 58214 116.30  32.37    27    0.4
 58220 117.15  32.47    28    0.6
 58222 117.55  32.85    24    1.7
 58223 117.98  32.80    31    0.2
 58224 117.02  32.65    32    0.9
 58230 118.28  32.12    26    0.1
 58301 115.38  31.82    92   0.01
 58320 117.13  31.73    21    0.5
 58323 117.47  31.88    25    0.3
 58401 115.40  30.75   123    0.2
 58658 120.68  28.15    34    0.1
