diamond  3 2015年03月21日14点6小时降雨量                     
  15  03  21  14    -1 3 10 25 50 1 0
 39 122.7  37.3 122.5  36.7 120.8  36.2 119.3  35.0 120.4  34.3
 121.1  32.7 122.3  30.9 122.5  30.1 121.5  28.0 119.8  25.0
 116.1  22.6 111.0  21.0 111.0  18.6 109.6  18.1 108.3  18.5
 108.9  19.9 109.3  21.0 106.4  21.6 104.1  22.2 101.6  20.8
  98.7  22.0  97.1  24.1  97.7  27.0  91.7  26.6  85.7  27.7
  78.9  30.6  73.3  37.1  74.1  40.7  87.6  49.8  98.5  43.9
 110.4  44.3 122.0  54.7 135.7  48.3 131.5  42.2 125.2  39.4
 121.3  38.5 121.2  40.3 118.5  38.6 120.8  38.1
 1      96
 51137  82.93  46.20   715    0.3
 51328  80.42  44.20   770    0.9
 51329  80.85  44.05   640    4.6
 51430  81.15  43.83   602    6.5
 51434  81.53  43.97   770   11.4
 51435  82.23  43.47   774    4.4
 51436  83.30  43.45   928    0.3
 51438  81.77  43.18  1210   0.01
 56289 103.87  30.20   437    0.1
 56497 104.23  28.10   448    0.1
 57425 107.33  30.33   433    0.1
 57431 108.35  30.83   257   0.01
 57437 108.03  30.30   325    0.1
 57489 114.01  30.52    23    0.4
 57519 107.11  29.16   698   0.01
 57582 113.88  29.72    46    0.1
 57658 110.20  28.02   152    0.1
 57661 111.48  28.92    48    0.1
 57663 111.95  28.92    31   0.01
 57699 114.92  28.23    66   0.01
 57740 109.60  27.95   349   0.01
 57743 109.80  27.88   176   0.01
 57767 111.01  27.13   308    0.4
 57768 111.45  27.32   242   0.01
 57777 112.87  27.23    63   0.01
 57778 112.95  27.09    70    0.2
 57783 113.82  27.88   118   0.01
 57792 114.68  27.82    93    0.1
 57796 114.88  27.83   189   0.01
 57821 107.50  26.70   925   0.01
 57842 109.72  26.88   281    0.6
 57846 110.15  26.58   310    0.1
 57851 110.83  26.46   346    3.1
 57859 110.63  26.03   408    0.6
 57860 111.28  27.00   283    1.5
 57865 111.62  26.50   192    2.4
 57867 111.28  26.40   169    1.7
 57868 111.86  26.59   113    0.4
 57871 112.37  26.98    90    1.1
 57875 112.68  26.75   137   0.01
 57876 112.83  26.43   135    1.3
 57881 113.25  26.72   101   0.01
 57882 113.55  26.79   136   0.01
 57886 113.80  26.48   268   0.01
 57887 113.12  26.12   167   0.01
 57895 114.78  26.47   101   0.01
 57921 107.34  25.85   821    0.1
 57941 109.60  25.78   197   0.01
 57942 110.00  25.80   268   0.01
 57948 109.25  25.08   122    0.2
 57955 110.67  25.62   224    0.3
 57960 111.07  25.93   195    0.1
 57975 112.20  25.38   277   0.01
 57976 112.94  25.41   222   0.01
 58109 115.65  33.13    31    0.1
 58242 119.16  32.30    22    0.1
 58320 117.13  31.73    21    0.4
 58360 121.20  31.92     3    0.2
 58462 121.23  31.03     4    0.1
 58468 121.17  30.05     5   0.01
 58529 117.85  29.27   171    0.7
 58534 118.18  29.78   170    0.2
 58544 119.27  29.48    88   0.01
 58546 119.88  29.47   115   0.01
 58547 119.18  29.03    66    0.1
 58548 119.47  29.22    50    0.1
 58601 115.38  28.70    53   0.01
 58605 115.38  28.42    46   0.01
 58615 117.08  28.68    56    0.1
 58631 118.50  28.90   137    1.1
 58632 118.60  28.72   126    0.2
 58642 119.80  28.88   105   0.01
 58643 120.03  28.90   102   0.01
 58664 121.37  28.37    35   0.01
 58704 115.35  27.58   104    0.1
 58749 119.88  27.23   684   0.01
 58848 119.55  26.20    13   0.01
 58928 117.53  25.02   166   0.01
 58940 119.33  26.08    25   0.01
 59004 105.10  24.50   725    0.2
 59017 106.27  24.27   278   0.01
 59033 108.90  24.78   328   0.01
 59034 108.67  24.48   150   0.01
 59041 109.25  24.65   108   0.01
 59045 109.75  24.48    94    0.4
 59047 109.33  24.25   100   0.01
 59057 110.18  24.13   830   0.01
 59215 106.63  23.33   680    0.2
 59246 109.67  23.60    70    0.1
 59255 110.38  23.55    32   0.01
 59268 111.54  23.26    70   0.01
 59312 116.70  23.67    60   0.01
 59441 109.25  22.70    78   0.01
 59451 110.35  22.70    98    1.0
 59457 110.27  22.32   121   0.01
 59500 115.32  22.97     6    0.1
