diamond  3 2015年04月02日20点6小时降雨量                     
  15  04  02  20    -1 3 10 25 50 1 0
 39 122.7  37.3 122.5  36.7 120.8  36.2 119.3  35.0 120.4  34.3
 121.1  32.7 122.3  30.9 122.5  30.1 121.5  28.0 119.8  25.0
 116.1  22.6 111.0  21.0 111.0  18.6 109.6  18.1 108.3  18.5
 108.9  19.9 109.3  21.0 106.4  21.6 104.1  22.2 101.6  20.8
  98.7  22.0  97.1  24.1  97.7  27.0  91.7  26.6  85.7  27.7
  78.9  30.6  73.3  37.1  74.1  40.7  87.6  49.8  98.5  43.9
 110.4  44.3 122.0  54.7 135.7  48.3 131.5  42.2 125.2  39.4
 121.3  38.5 121.2  40.3 118.5  38.6 120.8  38.1
 1     320
 50913 118.83  45.72   865    2.6
 50924 119.65  45.55   860    2.7
 50928 120.33  45.07   628    5.7
 50934 121.58  45.38   311    2.8
 50937 121.48  45.06   282    4.5
 50939 122.82  45.33   150    6.2
 50940 123.17  45.85   141    3.2
 50946 124.83  45.18   139    2.6
 50958 126.93  45.53   168    3.3
 50960 127.38  45.73   184    0.8
 50962 128.03  45.95   112    0.1
 50965 128.27  45.43   167    2.8
 50971 131.02  45.77   223    0.8
 50985 131.87  45.55   151    2.0
 50987 131.09  45.26   219    3.9
 51352  85.25  44.85   337   0.01
 51353  86.10  45.02   346   0.01
 51356  86.05  44.32   442    0.5
 51357  85.62  44.33   522   0.01
 51359  86.20  44.32   471    1.8
 51368  87.32  44.12   515   0.01
 51369  87.65  43.97   600    0.5
 51378  89.17  44.00   742   0.01
 51435  82.23  43.47   774   0.01
 51436  83.30  43.45   928    0.2
 51438  81.77  43.18  1210    1.7
 51465  87.10  43.48  1871    0.3
 51482  90.28  43.83  1271    0.6
 51559  86.40  42.32  1100   0.01
 52557 100.17  39.15  1453    0.1
 52656 100.82  38.43  2281    0.3
 52784 102.90  37.47  2072   0.01
 53368 111.47  41.08  1637   0.01
 53384 113.18  41.45  1423    0.6
 53392 114.60  41.85  1422    0.8
 53829 107.90  35.98  1093    0.1
 53928 107.02  35.30  1149    0.1
 53961 111.48  35.65   472    0.1
 54024 119.30  44.45   710    3.2
 54031 121.82  44.90   198    5.9
 54039 122.02  44.03   181    6.4
 54047 123.28  44.13   145    7.3
 54065 125.65  44.53   169   12.4
 54069 125.80  44.12   173   15.5
 54072 126.52  44.85   196   10.1
 54076 126.93  44.38   268   14.0
 54080 127.15  44.90   194    9.0
 54092 129.40  44.60   292   11.2
 54093 130.55  44.93   266   16.8
 54098 129.47  44.33   267    9.6
 54099 131.13  44.08   148   11.4
 54113 118.65  43.53   621    3.6
 54117 117.53  43.25  1003    0.9
 54122 120.03  43.86   428    5.5
 54132 121.07  42.40   400    5.4
 54154 124.30  43.35   160    5.5
 54155 124.23  43.67   144   12.5
 54156 124.80  43.52   200    8.1
 54164 125.28  43.35   248    9.5
 54169 126.02  43.30   271   10.3
 54172 126.53  43.87   290    8.3
 54187 128.92  43.12   366   14.4
 54192 130.27  43.70   384    7.2
 54204 115.00  42.30  1346    0.3
 54205 116.00  42.23  1315    0.1
 54214 118.42  42.58   960    0.9
 54223 120.65  42.85   362    4.4
 54225 119.94  42.29   579    2.2
 54231 122.35  42.97   248    8.0
 54234 121.75  42.73   297    9.0
 54244 123.33  42.75   118   10.8
 54245 123.40  42.50    97   10.4
 54248 123.53  42.03    61   11.8
 54249 123.87  42.30    85   11.0
 54252 124.75  42.73   196   11.1
 54261 125.47  42.67   345   13.1
 54267 125.73  42.25   362   13.9
 54274 125.99  42.69   306   19.5
 54279 126.58  42.05   544   20.2
 54290 129.40  42.77   241    9.7
 54291 130.28  42.90    36    7.1
 54293 129.83  42.95   142   12.1
 54301 115.67  41.67  1412    0.1
 54305 115.27  41.88  1468   0.01
 54313 118.70  41.93   733    0.7
 54319 118.67  41.00   502   0.01
 54320 119.30  41.60   544    0.3
 54323 120.78  41.82   253    2.8
 54325 120.35  41.18   183    2.1
 54327 119.35  41.23   417    0.8
 54328 119.72  41.08   296    1.2
 54330 121.33  41.13    45    4.3
 54331 121.75  41.60   113    3.3
 54332 122.72  41.52    12    8.3
 54336 122.42  41.42     8    8.3
 54338 121.95  41.28     3    7.0
 54340 123.32  41.67    35   10.2
 54345 123.07  41.20    30    7.4
 54347 123.17  41.23    24    8.4
 54348 123.37  41.41    45   10.0
 54362 125.73  41.67   380   20.5
 54371 126.43  41.93   520   21.0
 54430 118.21  40.78   330   0.01
 54432 118.47  40.61   369    0.1
 54434 118.33  40.17   131    0.1
 54437 118.62  39.51    18   0.01
 54439 118.72  40.02    50   0.01
 54453 120.96  40.87    38    1.0
 54474 122.35  40.42    24    4.4
 54475 122.45  40.57    11    6.6
 54483 123.90  40.88   233   13.1
 54494 124.07  40.47    72   14.9
 54522 117.73  39.88    14   0.01
 54529 117.82  39.35     3   0.01
 54530 117.77  39.23     1   0.01
 54532 118.08  39.81    31   0.01
 54533 118.10  39.58     8   0.01
 54535 118.47  39.29     3   0.01
 54540 119.20  39.73    17   0.01
 54541 119.23  39.90    24   0.01
 54568 121.75  39.05    90    0.2
 54569 121.95  39.42    11    1.4
 54575 122.37  39.42    43    1.3
 54590 124.17  39.88     4   15.6
 54749 119.95  37.18    48   0.01
 54777 122.07  37.20   118    0.1
 54778 122.48  37.17    61    0.1
 54825 117.85  36.52   189   0.01
 54861 121.53  36.93    45    0.2
 54871 122.48  36.93     9    0.2
 54907 116.65  34.98    34    0.1
 56147  98.83  31.22  3260   0.01
 56184 103.17  31.43  1896   0.01
 56185 102.98  32.08  2400    0.1
 56267 101.02  30.03  2600    0.4
 56273 102.82  30.39  1022    0.2
 56278 102.77  30.07   755   10.8
 56279 102.93  30.15   682    2.1
 56280 103.12  30.08   691   0.01
 56342  98.60  29.68  3870   0.01
 56371 102.23  29.92  1321    2.3
 56373 102.85  29.78   763    0.2
 56378 102.35  29.23   890    1.9
 56382 103.55  29.75   475   0.01
 56387 103.27  29.23   642    7.2
 56441  99.28  28.72  2422    0.1
 56443  99.80  28.93  2842   0.01
 56473 102.77  28.95  1060    0.1
 56480 103.53  28.82   564    1.6
 56641  98.87  26.90  1189    2.3
 56742  99.37  25.90  1658   0.01
 56835  97.82  24.07   959    2.2
 56836  97.95  24.70   826    1.1
 56840  98.30  24.82  1012    3.8
 56841  98.68  24.60  1528    0.1
 56842  99.18  24.73  1471   0.01
 56843  99.62  24.83  1650   0.01
 56844  98.58  24.43   913   0.01
 56849  99.23  24.03  1606   0.01
 57453 111.32  30.77   115   0.01
 57469 111.77  30.18    69    0.1
 57475 112.90  30.40    31    0.7
 57477 112.22  30.07    38    0.2
 57485 113.47  30.28    23    1.6
 57489 114.01  30.52    23    0.8
 57496 114.87  30.37    31    0.1
 57499 114.88  30.07    40    3.2
 57564 111.13  29.43   103   0.01
 57565 111.73  29.67    38    0.1
 57566 111.65  29.45    51    0.3
 57571 112.40  29.70    35    2.7
 57575 112.55  29.52    31    2.6
 57577 112.17  29.40    36    2.9
 57582 113.88  29.72    46    1.3
 57585 113.45  29.48    60    1.6
 57586 114.03  29.53    78   11.5
 57589 113.87  29.27   146   17.6
 57590 114.37  29.85    98    2.7
 57596 114.20  29.63   751    7.0
 57640 109.45  28.58   341    0.3
 57646 109.95  28.62   302   19.9
 57657 110.21  28.23   186   0.01
 57661 111.48  28.92    48    1.2
 57663 111.95  28.92    31    1.9
 57674 112.38  28.57    46   0.01
 57678 112.55  28.25    74    0.2
 57680 113.11  28.86    82    0.2
 57694 114.38  28.53   259    4.7
 57734 108.23  27.57   467    3.2
 57742 109.20  27.52   884    0.2
 57760 111.43  27.70   249   0.01
 57771 112.53  27.93    88   0.01
 57772 112.50  27.75    86    3.2
 57773 112.83  27.88    63    2.3
 57990 114.30  25.70   246   0.01
 57992 114.75  25.67   127    0.1
 57995 114.93  25.40   164   0.01
 58012 116.66  34.67    42    0.1
 58235 118.85  32.37    10   0.01
 58237 118.59  32.07    46    0.1
 58240 119.02  32.68    21    0.2
 58242 119.16  32.30    22    0.8
 58243 119.82  32.95     3    1.7
 58244 119.59  32.45     5    3.5
 58245 119.42  32.41     9    2.7
 58246 119.99  32.56     2    3.9
 58247 119.80  32.27     3    2.8
 58249 120.05  32.16     6    7.8
 58250 120.16  32.51     6    2.1
 58254 120.45  32.52     5    8.1
 58257 120.26  31.99     4   11.2
 58264 121.18  32.33     3    9.7
 58268 121.08  32.10     4   15.2
 58269 121.65  31.78     3    4.0
 58334 118.37  31.38     9    0.1
 58335 118.52  31.57    23    0.6
 58337 118.18  31.08    26    1.6
 58339 118.90  31.33    15    5.2
 58340 119.03  31.66    25    5.9
 58341 119.59  31.98     6    7.3
 58342 119.55  31.72     6    8.4
 58344 119.20  31.96    36    6.9
 58346 119.81  31.34    16    4.4
 58349 120.56  31.41     8    3.2
 58351 120.30  31.90     4   12.3
 58352 120.77  31.65     4    1.3
 58353 120.57  31.86    11    9.0
 58359 120.62  31.13     4   10.2
 58360 121.20  31.92     3   12.0
 58361 121.37  31.10     5   10.5
 58365 121.25  31.37     4    5.0
 58366 121.49  31.67     4    4.9
 58367 121.43  31.20     4   13.2
 58369 121.78  31.05     5    3.9
 58370 121.53  31.23     4    5.5
 58377 121.11  31.51     5   14.7
 58401 115.40  30.75   123    0.1
 58404 115.22  30.47    61   0.01
 58408 115.43  30.23    35    3.1
 58409 115.93  30.10    32    7.6
 58416 116.82  30.75    35    0.1
 58417 116.13  30.17    54    8.9
 58418 116.67  30.13    60   27.2
 58420 117.23  30.72    58    2.3
 58421 117.87  30.63    31   12.9
 58423 117.78  30.48   647   41.9
 58426 118.13  30.30   193    7.1
 58427 117.50  30.65    15   15.7
 58431 118.32  30.90    39   10.2
 58432 118.40  30.68    57   21.8
 58433 118.75  30.93    31   18.1
 58435 118.53  30.30   220   21.5
 58438 118.58  30.08   191    6.1
 58441 119.42  30.87    43    9.7
 58442 119.18  31.17    16   16.7
 58443 119.89  31.02    25    2.0
 58446 119.70  30.63    72    9.6
 58449 119.95  30.05    46    8.9
 58451 120.93  30.83     2    7.8
 58452 120.77  30.73     4    1.9
 58453 120.50  30.07     7   0.01
 58454 119.98  30.53   102    8.1
 58455 120.65  30.52     8    1.6
 58456 120.52  30.63     6    7.5
 58458 120.90  30.54     4    6.3
 58459 120.29  30.19    44   12.0
 58460 121.35  30.73     5    1.7
 58461 121.12  31.13     4    6.5
 58462 121.23  31.03     4    9.2
 58463 121.50  30.88     4    7.2
 58501 115.63  29.92    23    9.2
 58502 116.02  29.67    74   24.9
 58503 115.67  29.70    41    3.9
 58505 115.90  29.62    63   26.2
 58507 115.12  29.25   116   11.2
 58508 115.77  29.33    41   13.0
 58509 115.82  29.05    36   19.8
 58510 116.23  29.73    40   22.2
 58512 116.55  29.90    71   19.3
 58514 116.05  29.45    37   18.6
 58523 117.93  29.93   227    7.0
 58524 117.22  29.37    87    9.3
 58529 117.85  29.27   171    4.3
 58530 118.43  29.87   168   17.6
 58537 118.40  29.13   153    0.1
 58542 119.68  29.82    46    0.2
 58544 119.27  29.48    88   0.01
 58546 119.88  29.47   115   0.01
 58547 119.18  29.03    66   0.01
 58548 119.47  29.22    50   0.01
 58558 120.22  29.27    89   0.01
 58601 115.38  28.70    53   13.1
 58602 115.55  28.85    40   32.3
 58605 115.38  28.42    46   12.6
 58607 115.95  28.55    31    9.6
 58612 116.68  28.70    21    4.8
 58614 116.27  28.38    34   10.3
 58615 117.08  28.68    56    0.1
 58620 117.10  29.02    51    9.8
 58631 118.50  28.90   137   0.01
 58647 119.13  28.08   222    0.4
 58654 120.08  28.67   184   0.01
 58656 120.97  28.07    60   0.01
 58657 120.28  28.15    57   14.4
 58658 120.68  28.15    34   0.01
 58659 120.65  28.03    28    0.1
 58660 121.20  28.87     6   0.01
 58693 115.83  28.70    40    5.0
 58735 118.75  27.52   260    0.2
 58736 118.82  27.38   262    1.8
 58745 119.08  27.62   400   0.01
 58746 119.70  27.55   538    1.1
 58750 120.08  27.78   105    0.4
 58804 115.35  26.35   151    0.3
 58814 116.35  26.35   247    5.5
 58821 117.47  26.73   173    2.3
 58822 116.85  26.83   342    5.1
 58823 117.80  26.80   175    1.0
 58905 115.42  25.97   133    5.6
 59075 112.63  24.48    70    0.4
