diamond  3 2015年04月30日08点6小时降雨量                     
  15  04  30  08    -1 3 10 25 50 1 0
 39 122.7  37.3 122.5  36.7 120.8  36.2 119.3  35.0 120.4  34.3
 121.1  32.7 122.3  30.9 122.5  30.1 121.5  28.0 119.8  25.0
 116.1  22.6 111.0  21.0 111.0  18.6 109.6  18.1 108.3  18.5
 108.9  19.9 109.3  21.0 106.4  21.6 104.1  22.2 101.6  20.8
  98.7  22.0  97.1  24.1  97.7  27.0  91.7  26.6  85.7  27.7
  78.9  30.6  73.3  37.1  74.1  40.7  87.6  49.8  98.5  43.9
 110.4  44.3 122.0  54.7 135.7  48.3 131.5  42.2 125.2  39.4
 121.3  38.5 121.2  40.3 118.5  38.6 120.8  38.1
 1      91
 52557 100.17  39.15  1453    0.3
 52643  99.62  38.83  2311    1.0
 52656 100.82  38.43  2281    1.1
 52853 100.98  36.90  3010    0.3
 53925 107.18  35.68  1172    0.3
 56034  97.13  33.80  4415    4.2
 56195 104.73  31.80   543    0.6
 56317  94.22  29.22  2950    0.9
 56487 103.13  28.33  1943    0.1
 56641  98.87  26.90  1189    0.8
 56645  99.42  26.42  2344    0.4
 56742  99.37  25.90  1658    0.3
 56835  97.82  24.07   959    8.7
 56836  97.95  24.70   826    7.7
 56839  98.82  23.77   995    0.3
 56840  98.30  24.82  1012    3.7
 56841  98.68  24.60  1528    0.5
 56842  99.18  24.73  1471    4.7
 56843  99.62  24.83  1650    2.7
 56844  98.58  24.43   913    4.0
 56849  99.23  24.03  1606    6.8
 56854 100.13  24.45  1108    0.2
 56879 102.91  24.19  1702    0.1
 56948  99.60  22.63  1155    0.2
 56950  99.80  23.47  1044    0.1
 56958 100.47  21.96  1222    2.2
 56976 102.85  23.22   312    5.5
 56978 102.42  23.00  1642    0.2
 56982 103.29  23.70  1117    0.2
 56984 103.15  23.38  1720    6.3
 56987 103.23  22.78  1260    8.9
 56989 103.95  22.50   137   15.6
 56994 104.28  23.33  1293    0.8
 56995 104.42  23.03  1332    1.4
 56996 104.70  23.13  1093    3.8
 57204 105.22  32.57   782    0.1
 57735 108.82  27.18   404    0.3
 57737 108.12  27.03   547    0.1
 57739 108.92  27.23   394    2.5
 57742 109.20  27.52   884    6.5
 57743 109.80  27.88   176    0.9
 57744 109.17  27.37   355   26.3
 57754 109.84  27.21   252   17.1
 57811 106.60  26.83  1296    0.1
 57824 107.23  26.58  1001    0.1
 57837 108.07  26.40   839    0.1
 57842 109.72  26.88   281    0.1
 57844 109.18  26.68   343    0.2
 57846 110.15  26.58   310    1.5
 57859 110.63  26.03   408    0.8
 57905 105.61  25.40  1184    3.3
 57909 105.82  24.98   584    0.1
 57911 106.65  26.67  1323    0.1
 57914 106.67  26.42  1149    0.4
 57915 106.77  26.63  1104    0.9
 57921 107.34  25.85   821    0.1
 57927 107.18  24.97   287    0.2
 57948 109.25  25.08   122   36.5
 57949 110.00  24.98   156   21.5
 57954 110.18  25.23   157    4.5
 57955 110.67  25.62   224    1.3
 57956 110.32  25.42   167    0.2
 57958 110.32  25.08   151    6.1
 57960 111.07  25.93   195    0.2
 57964 111.15  25.50   263    0.3
 57969 111.31  25.28   269    1.0
 57973 112.72  25.75   329    0.1
 57976 112.94  25.41   222    0.1
 58129 117.83  33.15    14    0.1
 59001 105.33  24.78   672    0.1
 59022 107.55  24.98   749    0.2
 59025 107.38  24.53   248    2.6
 59027 107.25  24.13   254   15.1
 59031 108.26  24.81   342   21.1
 59033 108.90  24.78   328    8.9
 59034 108.67  24.48   150   21.8
 59038 108.65  24.07   138   11.4
 59041 109.25  24.65   108   13.7
 59044 109.38  24.47    97   16.3
 59045 109.75  24.48    94   21.7
 59047 109.33  24.25   100    1.4
 59051 110.50  24.77   136    1.3
 59061 111.27  24.82   193    0.3
 59063 111.45  25.18   265    0.5
 59081 113.29  24.78   131    0.2
 59094 114.12  24.35   184    0.1
 59215 106.63  23.33   680    0.1
 59230 108.17  23.72   168    3.6
 59235 108.62  23.43   115    0.5
 59318 116.58  23.27     5    0.2
 59319 116.83  23.43     4    0.1
