diamond  3 2015年04月23日08点6小时降雨量                     
  15  04  23  08    -1 3 10 25 50 1 0
 39 122.7  37.3 122.5  36.7 120.8  36.2 119.3  35.0 120.4  34.3
 121.1  32.7 122.3  30.9 122.5  30.1 121.5  28.0 119.8  25.0
 116.1  22.6 111.0  21.0 111.0  18.6 109.6  18.1 108.3  18.5
 108.9  19.9 109.3  21.0 106.4  21.6 104.1  22.2 101.6  20.8
  98.7  22.0  97.1  24.1  97.7  27.0  91.7  26.6  85.7  27.7
  78.9  30.6  73.3  37.1  74.1  40.7  87.6  49.8  98.5  43.9
 110.4  44.3 122.0  54.7 135.7  48.3 131.5  42.2 125.2  39.4
 121.3  38.5 121.2  40.3 118.5  38.6 120.8  38.1
 1     214
 50673 130.40  48.88    90    1.2
 50772 129.23  48.10   288    1.3
 50859 126.28  46.29   169    0.2
 50867 127.35  46.08   134    1.2
 50958 126.93  45.53   168    2.1
 50960 127.38  45.73   184    3.6
 50962 128.03  45.95   112    3.0
 52957 100.60  35.25  3148   10.0
 54065 125.65  44.53   169    0.9
 54072 126.52  44.85   196    1.4
 54080 127.15  44.90   194    0.4
 56016  95.62  33.85  4179    0.3
 56034  97.13  33.80  4415    0.2
 56045  99.90  33.97  4050    2.1
 56147  98.83  31.22  3260    1.8
 56158 100.67  31.40  3250    0.3
 56164 100.98  32.27  3284    1.7
 56168 102.07  31.48  2168    0.5
 56171 101.70  32.90  3275    1.2
 56192 104.67  32.95  1014    0.2
 56263 101.88  30.88  1949    0.8
 56295 104.55  30.38   448    0.5
 56297 104.15  30.02   436    0.1
 56298 104.60  30.13   417    0.3
 56317  94.22  29.22  2950    0.8
 56373 102.85  29.78   763    0.2
 56376 102.63  29.33  1098    0.1
 56383 103.87  29.83   455    0.1
 56389 103.95  29.20   387    0.1
 56390 104.07  29.67   404    0.1
 56393 104.85  29.77   369    0.3
 56394 104.43  29.45   384    0.7
 56395 104.67  29.52   351    0.7
 56396 104.77  29.35   352    0.5
 56399 104.98  29.18   306    0.7
 56473 102.77  28.95  1060    0.1
 56474 102.17  28.55  1774    0.2
 56478 102.43  28.30  1818    0.7
 56480 103.53  28.82   564    0.1
 56483 103.95  28.58   496    0.1
 56487 103.13  28.33  1943    0.2
 56489 103.63  28.23   877    0.2
 56490 103.90  28.95   424    0.1
 56491 104.57  28.70   287    0.8
 56493 104.97  28.85   292    1.4
 56494 104.33  28.84   386    0.3
 56496 105.23  28.32   358    2.2
 56498 104.50  28.15   549    0.4
 56499 104.78  28.38   368    2.2
 56567 100.86  27.26  2367    7.2
 56569 102.18  27.42  1380    0.2
 56575 102.55  27.37  1428    0.9
 56578 102.75  27.07   993    2.3
 56582 103.90  27.75  1176    0.5
 56584 103.25  27.70  1093    0.2
 56585 103.56  27.19  1952    0.7
 56592 104.52  28.43   359    0.1
 56593 104.92  28.58   279    2.2
 56595 104.87  27.42  1645    0.4
 56596 105.05  27.85  1177    0.9
 56598 104.73  27.13  1535    0.2
 56641  98.87  26.90  1189    4.9
 56645  99.42  26.42  2344    1.3
 56665 101.85  26.68  1140    0.2
 56669 101.67  26.05  1531    0.5
 56670 102.12  26.92  1136    1.9
 56673 102.92  26.92   893    0.7
 56688 103.17  26.10  1254    0.6
 56742  99.37  25.90  1658    0.2
 56772 102.50  25.23  1692    0.5
 56774 102.42  25.53  1710    1.4
 56775 102.45  25.55  1750    1.5
 56781 103.27  25.55  1873    2.5
 56782 103.55  25.42  2067    3.3
 56783 103.80  25.50  1906    2.4
 56785 103.08  25.36  1915    2.7
 56788 103.62  24.98  1857    2.4
 56790 104.25  25.68  1925    0.2
 56841  98.68  24.60  1528    0.1
 56844  98.58  24.43   913    0.2
 56849  99.23  24.03  1606    0.8
 56854 100.13  24.45  1108    0.3
 56863 102.48  24.93  1848    1.9
 56869 101.97  24.07  1497    0.1
 56871 102.60  24.65  1893    5.7
 56872 102.62  24.95  2358    3.3
 56873 102.92  24.68  1796    3.7
 56878 102.75  24.13  1801    8.1
 56879 102.91  24.19  1702   10.6
 56880 103.17  24.92  1532    1.9
 56881 103.27  24.75  1695    3.9
 56882 102.83  24.91  1976    3.7
 56883 103.98  24.82  1900    5.4
 56885 103.45  24.40  1415    3.4
 56889 104.17  24.05  1518    2.0
 56891 104.32  24.98  1482    6.5
 56898 102.41  24.18  1600    1.7
 56950  99.80  23.47  1044    1.3
 56982 103.29  23.70  1117    1.6
 56987 103.23  22.78  1260    0.1
 56989 103.95  22.50   137    1.1
 56992 104.70  23.45  1507    1.0
 56995 104.42  23.03  1332    1.5
 56996 104.70  23.13  1093    2.0
 57307 105.08  31.10   404    1.4
 57308 105.38  31.22   421    0.8
 57309 105.88  30.98   378    0.8
 57317 106.42  31.03   324    0.7
 57401 105.37  30.87   383    0.7
 57402 105.70  30.77   394    1.8
 57407 105.03  30.28   462    0.9
 57408 105.35  30.12   338    0.9
 57409 105.80  30.18   297    1.0
 57413 106.97  30.85   295    0.1
 57414 106.45  30.52   403    1.1
 57415 106.63  30.53   394    1.4
 57416 106.93  30.33   391    0.3
 57417 106.28  30.35   315    1.4
 57505 105.58  29.42   338    1.4
 57506 105.90  29.37   353    1.1
 57507 105.30  29.33   385    1.6
 57508 105.37  29.15   301    1.9
 57509 106.92  28.99   599    0.4
 57510 106.07  29.85   326    0.3
 57511 106.45  29.85   240    0.3
 57513 106.62  29.73   464    0.2
 57514 106.22  29.58   331    1.6
 57518 106.50  29.33   506    0.9
 57600 105.06  28.71   420    2.2
 57603 105.83  28.82   283    2.1
 57605 105.82  28.03   537    1.5
 57609 105.70  28.58   317    1.7
 57694 114.38  28.53   259    0.1
 57708 105.60  27.15  1700    0.4
 57714 106.23  27.47   942    0.7
 57717 106.83  27.53   974    1.0
 57719 106.97  27.07  1275    0.3
 57720 107.17  27.88   889    0.4
 57723 107.72  27.98   710    0.2
 57732 108.40  28.02   456    0.4
 57734 108.23  27.57   467    0.1
 57735 108.82  27.18   404    0.2
 57737 108.12  27.03   547    0.4
 57738 108.42  27.05   516    0.4
 57768 111.45  27.32   242    0.1
 57772 112.50  27.75    86    0.3
 57807 105.47  26.21  1361    0.1
 57811 106.60  26.83  1296    0.2
 57813 106.47  26.57  1261    0.1
 57818 106.45  26.03  1140    3.0
 57821 107.50  26.70   925    0.5
 57822 107.90  26.90   835    0.5
 57824 107.23  26.58  1001    0.6
 57828 107.58  26.50   983    2.0
 57829 107.80  26.20   963    2.7
 57834 108.30  26.68   641    0.3
 57835 108.43  26.72   527    0.1
 57837 108.07  26.40   839    2.4
 57842 109.72  26.88   281    0.2
 57844 109.18  26.68   343    0.5
 57865 111.62  26.50   192    0.7
 57867 111.28  26.40   169    0.3
 57868 111.86  26.59   113    0.2
 57876 112.83  26.43   135    0.1
 57881 113.25  26.72   101    0.1
 57883 114.28  26.75   253    0.5
 57886 113.80  26.48   268    0.9
 57887 113.12  26.12   167    0.3
 57895 114.78  26.47   101    0.5
 57899 114.92  26.80    71    0.2
 57900 105.22  25.83  1552    0.2
 57903 105.60  25.94  1142    0.1
 57905 105.61  25.40  1184    1.3
 57908 105.48  25.12  1394    0.6
 57909 105.82  24.98   584    1.3
 57911 106.65  26.67  1323    0.2
 57913 106.98  26.45  1093    0.7
 57914 106.67  26.42  1149    0.4
 57915 106.77  26.63  1104    0.3
 57921 107.34  25.85   821    2.7
 57923 107.87  25.98   419    2.3
 57927 107.18  24.97   287    0.1
 57936 108.91  25.76   258    0.8
 57960 111.07  25.93   195    0.2
 57973 112.72  25.75   329    1.2
 57976 112.94  25.41   222    0.1
 57978 112.55  25.27   292    2.0
 57981 113.22  25.97   139    1.5
 57988 113.33  25.10   143    0.4
 57990 114.30  25.70   246    2.0
 57991 114.55  25.80   140    0.7
 57992 114.75  25.67   127    1.6
 57994 114.35  25.40   215    0.2
 58605 115.38  28.42    46    0.1
 58719 116.93  27.30   131    0.3
 58822 116.85  26.83   342    0.1
 58903 116.03  25.90   210    0.3
 58905 115.42  25.97   133    0.3
 58906 115.80  25.60   167    0.1
 59001 105.33  24.78   672    1.1
 59004 105.10  24.50   725    3.9
 59012 106.55  24.78   972    0.6
 59022 107.55  24.98   749    0.1
 59090 114.07  24.95   103    1.0
 59091 114.52  24.75   277    1.3
 59205 105.63  23.65   685    1.0
 59284 113.24  23.42    38    0.8
 59288 113.02  23.15    29    0.1
 59426 107.92  22.61   146    0.2
 59427 107.07  22.12   163    0.5
 59429 108.01  22.18   216    0.1
 59432 108.40  22.80   194    0.3
 59451 110.35  22.70    98    0.1
 59475 112.65  22.40    27    0.1
