diamond  3 2015年04月03日08点6小时降雨量                     
  15  04  03  08    -1 3 10 25 50 1 0
 39 122.7  37.3 122.5  36.7 120.8  36.2 119.3  35.0 120.4  34.3
 121.1  32.7 122.3  30.9 122.5  30.1 121.5  28.0 119.8  25.0
 116.1  22.6 111.0  21.0 111.0  18.6 109.6  18.1 108.3  18.5
 108.9  19.9 109.3  21.0 106.4  21.6 104.1  22.2 101.6  20.8
  98.7  22.0  97.1  24.1  97.7  27.0  91.7  26.6  85.7  27.7
  78.9  30.6  73.3  37.1  74.1  40.7  87.6  49.8  98.5  43.9
 110.4  44.3 122.0  54.7 135.7  48.3 131.5  42.2 125.2  39.4
 121.3  38.5 121.2  40.3 118.5  38.6 120.8  38.1
 1     191
 50775 130.20  47.34   182    0.3
 50787 131.84  47.31    62    0.1
 50878 130.72  47.00    78    3.9
 50958 126.93  45.53   168    0.4
 50960 127.38  45.73   184    2.2
 50962 128.03  45.95   112    1.2
 50964 128.80  45.83   119    0.9
 50965 128.27  45.43   167    0.9
 51378  89.17  44.00   742    0.2
 51482  90.28  43.83  1271    1.5
 51568  86.80  42.25  1085    0.2
 52557 100.17  39.15  1453    1.6
 52656 100.82  38.43  2281    0.3
 53505 105.40  37.88  1380    0.6
 53602 105.67  38.83  1561    0.6
 53861 111.38  35.88   463    0.1
 53916 106.32  35.50  1948    0.1
 53927 106.62  35.20  1477    0.2
 54065 125.65  44.53   169    0.4
 54069 125.80  44.12   173    0.6
 54072 126.52  44.85   196    1.2
 54080 127.15  44.90   194    1.2
 54156 124.80  43.52   200    0.9
 54244 123.33  42.75   118    0.1
 54252 124.75  42.73   196    0.3
 54336 122.42  41.42     8    0.1
 56194 104.45  31.63   597    1.0
 56273 102.82  30.39  1022    0.1
 56280 103.12  30.08   691    0.1
 56297 104.15  30.02   436    0.1
 56373 102.85  29.78   763    0.1
 56381 103.50  30.07   630    0.1
 56382 103.55  29.75   475    0.6
 56383 103.87  29.83   455    1.0
 56389 103.95  29.20   387    0.1
 56390 104.07  29.67   404    0.2
 56393 104.85  29.77   369    0.2
 56394 104.43  29.45   384    0.1
 56641  98.87  26.90  1189    0.7
 56835  97.82  24.07   959    0.1
 56840  98.30  24.82  1012    0.1
 56944  99.27  23.15  1278    1.0
 56948  99.60  22.63  1155    0.8
 56949  99.60  22.32   945    1.3
 56950  99.80  23.47  1044    0.1
 57003 106.83  34.90   924    0.1
 57085 113.33  34.53   259    0.1
 57094 114.22  34.40    67    0.1
 57253 110.82  32.85   201    0.1
 57268 111.62  32.27   120    0.7
 57339 108.68  30.95   297    0.3
 57349 109.86  31.08   606    0.6
 57363 111.83  31.80   151    0.4
 57368 111.63  31.05   141    0.8
 57377 112.22  31.00   191    0.1
 57407 105.03  30.28   462    0.1
 57408 105.35  30.12   338    0.3
 57431 108.35  30.83   257    0.3
 57453 111.32  30.77   115    0.4
 57460 111.78  30.82    91    0.2
 57464 111.18  30.47   142    0.7
 57485 113.47  30.28    23    0.8
 57496 114.87  30.37    31    1.0
 57499 114.88  30.07    40    2.9
 57505 105.58  29.42   338    2.0
 57507 105.30  29.33   385    0.1
 57510 106.07  29.85   326    0.1
 57511 106.45  29.85   240    0.2
 57513 106.62  29.73   464    0.2
 57540 109.15  29.68   776    0.1
 57558 110.47  29.13   183    0.2
 57564 111.13  29.43   103    0.1
 57565 111.73  29.67    38    1.0
 57566 111.65  29.45    51    1.0
 57571 112.40  29.70    35    0.1
 57575 112.55  29.52    31    0.1
 57577 112.17  29.40    36    3.3
 57582 113.88  29.72    46    2.3
 57586 114.03  29.53    78    3.7
 57589 113.87  29.27   146    0.2
 57590 114.37  29.85    98   11.3
 57596 114.20  29.63   751   23.7
 57646 109.95  28.62   302    0.1
 57661 111.48  28.92    48   11.6
 57663 111.95  28.92    31    8.7
 57666 112.13  28.52    52    3.4
 57674 112.38  28.57    46    3.2
 57678 112.55  28.25    74    1.5
 57680 113.11  28.86    82    0.7
 57688 113.63  28.16   101    4.1
 57694 114.38  28.53   259    7.3
 57698 114.45  28.12    98   12.8
 57699 114.92  28.23    66   22.3
 57771 112.53  27.93    88    3.3
 57772 112.50  27.75    86    4.0
 57773 112.83  27.88    63    1.1
 57777 112.87  27.23    63    1.2
 57781 113.50  27.65    74   11.3
 57783 113.82  27.88   118    1.2
 57786 113.85  27.63   117    6.1
 57792 114.68  27.82    93    3.8
 57794 114.02  27.63   177    3.2
 57796 114.88  27.83   189    1.0
 58112 116.45  30.73   968    0.2
 58237 118.59  32.07    46    0.1
 58327 117.28  31.27    45    0.1
 58352 120.77  31.65     4    0.1
 58353 120.57  31.86    11    0.1
 58361 121.37  31.10     5    1.2
 58365 121.25  31.37     4    1.8
 58366 121.49  31.67     4    0.2
 58367 121.43  31.20     4    2.8
 58369 121.78  31.05     5    7.6
 58370 121.53  31.23     4    5.8
 58377 121.11  31.51     5    0.1
 58404 115.22  30.47    61    0.8
 58408 115.43  30.23    35    5.2
 58409 115.93  30.10    32   13.2
 58416 116.82  30.75    35    0.1
 58417 116.13  30.17    54   11.8
 58418 116.67  30.13    60   16.7
 58420 117.23  30.72    58    0.1
 58421 117.87  30.63    31    1.8
 58423 117.78  30.48   647    7.2
 58426 118.13  30.30   193   14.7
 58432 118.40  30.68    57    1.3
 58435 118.53  30.30   220   22.0
 58438 118.58  30.08   191   17.5
 58441 119.42  30.87    43    0.2
 58446 119.70  30.63    72    0.7
 58449 119.95  30.05    46   12.5
 58451 120.93  30.83     2    0.3
 58453 120.50  30.07     7   12.7
 58454 119.98  30.53   102    2.8
 58455 120.65  30.52     8    3.6
 58456 120.52  30.63     6    0.6
 58458 120.90  30.54     4    3.9
 58459 120.29  30.19    44    8.5
 58460 121.35  30.73     5    2.0
 58461 121.12  31.13     4    1.4
 58462 121.23  31.03     4    1.5
 58463 121.50  30.88     4    4.4
 58468 121.17  30.05     5    8.4
 58484 122.20  30.25    37   12.1
 58501 115.63  29.92    23   13.9
 58502 116.02  29.67    74   30.3
 58503 115.67  29.70    41   45.9
 58505 115.90  29.62    63   26.9
 58507 115.12  29.25   116    8.7
 58508 115.77  29.33    41   23.6
 58509 115.82  29.05    36   19.3
 58510 116.23  29.73    40   20.0
 58512 116.55  29.90    71   13.8
 58514 116.05  29.45    37   28.0
 58517 116.20  29.27    35   21.9
 58523 117.93  29.93   227   32.4
 58524 117.22  29.37    87   38.7
 58529 117.85  29.27   171   33.2
 58534 118.18  29.78   170   44.8
 58537 118.40  29.13   153    2.9
 58542 119.68  29.82    46    6.5
 58544 119.27  29.48    88   21.3
 58546 119.88  29.47   115   17.3
 58547 119.18  29.03    66    0.1
 58548 119.47  29.22    50   11.7
 58550 120.25  29.70    39   10.1
 58555 120.88  29.52   113   14.3
 58558 120.22  29.27    89   12.1
 58559 120.97  29.15   107   13.0
 58560 120.43  29.05   304    5.1
 58561 121.60  29.98     4   16.7
 58563 121.83  29.88     5   14.6
 58565 121.39  29.69    41   10.7
 58566 121.88  29.47     6    0.3
 58567 121.43  29.32    39    4.5
 58568 121.38  29.12    34    4.0
 58570 122.30  29.95    85    6.9
 58601 115.38  28.70    53    6.5
 58602 115.55  28.85    40    1.5
 58605 115.38  28.42    46   13.7
 58607 115.95  28.55    31    0.9
 58609 115.82  28.22    27   11.9
 58612 116.68  28.70    21    0.2
 58620 117.10  29.02    51    8.4
 58642 119.80  28.88   105    1.6
 58643 120.03  28.90   102    0.3
 58693 115.83  28.70    40   10.3
 58701 115.40  27.77    46   12.5
 58704 115.35  27.58   104    3.5
 58823 117.80  26.80   175    0.1
 59094 114.12  24.35   184    0.1
