diamond  3 2015年04月06日20点6小时降雨量                     
  15  04  06  20    -1 3 10 25 50 1 0
 39 122.7  37.3 122.5  36.7 120.8  36.2 119.3  35.0 120.4  34.3
 121.1  32.7 122.3  30.9 122.5  30.1 121.5  28.0 119.8  25.0
 116.1  22.6 111.0  21.0 111.0  18.6 109.6  18.1 108.3  18.5
 108.9  19.9 109.3  21.0 106.4  21.6 104.1  22.2 101.6  20.8
  98.7  22.0  97.1  24.1  97.7  27.0  91.7  26.6  85.7  27.7
  78.9  30.6  73.3  37.1  74.1  40.7  87.6  49.8  98.5  43.9
 110.4  44.3 122.0  54.7 135.7  48.3 131.5  42.2 125.2  39.4
 121.3  38.5 121.2  40.3 118.5  38.6 120.8  38.1
 1     526
 51434  81.53  43.97   770    0.4
 51436  83.30  43.45   928    0.3
 51465  87.10  43.48  1871    2.8
 51468  86.83  43.10  3539    0.3
 52643  99.62  38.83  2311    0.2
 52656 100.82  38.43  2281   0.01
 52784 102.90  37.47  2072   0.01
 52853 100.98  36.90  3010    0.2
 52855 101.25  36.68  2675   0.01
 52869 101.58  36.50  2667    0.1
 52881 103.18  36.98  2484   0.01
 53861 111.38  35.88   463   0.01
 53924 107.62  35.07   966    0.1
 53935 108.40  35.49  1481    0.1
 53937 107.92  35.52   979   0.01
 53938 108.30  35.17  1277    0.5
 53941 109.58  35.18   804   0.01
 53947 109.07  35.08   978    0.4
 53958 110.78  35.17   435    0.2
 53965 111.57  35.52   761   0.01
 54092 129.40  44.60   292    0.1
 56016  95.62  33.85  4179    0.4
 56034  97.13  33.80  4415   0.01
 56128  96.60  31.22  3810    0.7
 56147  98.83  31.22  3260    1.9
 56158 100.67  31.40  3250   0.01
 56164 100.98  32.27  3284    1.2
 56171 101.70  32.90  3275    6.9
 56181 103.70  30.68   541   0.01
 56183 103.62  31.50  1370   0.01
 56184 103.17  31.43  1896   0.01
 56185 102.98  32.08  2400    2.0
 56186 104.20  31.33   589   0.01
 56189 103.93  30.98   581   0.01
 56197 104.17  31.15   535   0.01
 56228  96.92  30.05  3260   0.01
 56272 103.88  30.82   558    0.1
 56273 102.82  30.39  1022    1.2
 56278 102.77  30.07   755    5.7
 56279 102.93  30.15   682    0.9
 56280 103.12  30.08   691    0.4
 56284 103.43  30.45   518    0.1
 56285 103.52  30.60   523   0.01
 56291 104.28  30.93   469   0.01
 56317  94.22  29.22  2950    8.9
 56342  98.60  29.68  3870    0.8
 56371 102.23  29.92  1321    0.2
 56373 102.85  29.78   763    1.3
 56376 102.63  29.33  1098    0.8
 56378 102.35  29.23   890    0.8
 56381 103.50  30.07   630   0.01
 56382 103.55  29.75   475    0.2
 56383 103.87  29.83   455   0.01
 56384 103.48  29.60   446    0.1
 56387 103.27  29.23   642   0.01
 56389 103.95  29.20   387    0.7
 56390 104.07  29.67   404    1.0
 56391 103.82  30.08   415   0.01
 56393 104.85  29.77   369   0.01
 56394 104.43  29.45   384   0.01
 56395 104.67  29.52   351   0.01
 56396 104.77  29.35   352   0.01
 56399 104.98  29.18   306    0.1
 56441  99.28  28.72  2422   0.01
 56473 102.77  28.95  1060   0.01
 56480 103.53  28.82   564    0.1
 56483 103.95  28.58   496   0.01
 56487 103.13  28.33  1943    0.7
 56490 103.90  28.95   424    1.6
 56491 104.57  28.70   287    0.8
 56493 104.97  28.85   292    0.4
 56494 104.33  28.84   386    0.9
 56496 105.23  28.32   358    1.3
 56498 104.50  28.15   549    0.4
 56499 104.78  28.38   368    3.3
 56567 100.86  27.26  2367   0.01
 56575 102.55  27.37  1428   0.01
 56580 102.80  27.72  2460   0.01
 56584 103.25  27.70  1093    0.1
 56592 104.52  28.43   359    0.1
 56593 104.92  28.58   279    1.4
 56596 105.05  27.85  1177    0.4
 56598 104.73  27.13  1535   0.01
 56641  98.87  26.90  1189   16.8
 56645  99.42  26.42  2344    0.5
 56646  99.92  26.53  2191    0.9
 56649  99.96  26.11  2059    4.7
 56652 100.75  26.68  2130    0.8
 56654 100.18  26.58  2195   0.01
 56742  99.37  25.90  1658    1.3
 56745  99.95  25.68  1626    1.5
 56746  99.52  25.47  1616    4.4
 56755 100.40  25.39  1711    0.5
 56756 100.58  25.48  1992    0.2
 56757 100.28  25.27  1742    2.0
 56764 101.23  25.53  1873    0.4
 56766 101.52  25.31  1822    1.1
 56767 101.28  25.18  1857    2.1
 56774 102.42  25.53  1710    0.6
 56775 102.45  25.55  1750    0.3
 56777 102.10  25.11  1671    2.9
 56835  97.82  24.07   959   0.01
 56836  97.95  24.70   826    0.7
 56840  98.30  24.82  1012    0.3
 56841  98.68  24.60  1528   0.01
 56842  99.18  24.73  1471   0.01
 56844  98.58  24.43   913   0.01
 56849  99.23  24.03  1606   0.01
 56851 100.53  25.04  1377    3.5
 56948  99.60  22.63  1155    0.7
 56958 100.47  21.96  1222    0.5
 57003 106.83  34.90   924   0.01
 57007 105.18  34.18  1404   0.01
 57016 107.13  34.35   612   0.01
 57020 107.40  34.37   563   0.01
 57021 107.13  34.65   751   0.01
 57022 107.78  34.68  1026    0.1
 57023 108.11  35.02   919    0.2
 57024 107.65  34.45   669    0.1
 57026 107.88  34.37   585    0.1
 57027 107.73  34.27   517   0.01
 57029 108.48  34.50   543   0.01
 57031 108.55  34.82  1012    0.2
 57032 108.20  34.13   436   0.01
 57033 108.82  34.55   428    0.1
 57035 108.23  34.55   636    0.1
 57038 108.45  34.28   410    0.3
 57039 108.88  34.08   445    1.3
 57040 109.08  34.52   377    0.3
 57041 108.92  34.63   424    0.1
 57042 109.18  34.78   470    0.1
 57044 109.23  34.40   424    0.3
 57045 109.48  34.52   349    0.1
 57047 109.32  34.17   540    1.0
 57053 110.72  34.70   505    0.1
 57054 110.23  34.55   556    0.1
 57055 110.13  34.59   342    0.1
 57056 110.86  34.54   484    0.2
 57057 110.15  34.10   963    1.0
 57060 111.23  35.17   402    0.2
 57061 111.20  34.83   410   0.01
 57063 111.77  34.77   523    0.2
 57066 111.67  34.40   408    0.1
 57074 112.40  34.42   252   0.01
 57078 112.47  34.15   336    0.1
 57119 106.70  33.17   548    0.2
 57123 108.07  34.28   506    0.1
 57126 107.55  33.22   468    0.7
 57128 107.33  33.17   486    0.7
 57129 107.72  32.98   446    0.2
 57132 108.58  34.13   411    0.5
 57137 108.32  33.32   802   0.01
 57140 109.12  33.67   818    1.1
 57153 110.33  33.70   639    1.6
 57155 109.87  33.55   660    0.8
 57162 112.07  34.13   440    0.2
 57187 112.93  33.07   118    0.1
 57189 113.95  33.13    64   0.01
 57213 106.93  33.00   536    0.7
 57231 108.53  32.53   503    0.1
 57233 108.50  32.90   413    0.3
 57242 109.37  32.85   285   0.01
 57247 108.90  32.32   438    0.1
 57248 109.33  32.40   431    0.5
 57249 109.68  32.32   448    1.5
 57253 110.82  32.85   201    2.3
 57254 110.12  32.82   322    0.8
 57257 110.23  32.23   307    0.4
 57260 111.52  32.57   133   0.01
 57268 111.62  32.27   120    1.5
 57271 112.38  32.52    87    0.1
 57273 112.85  32.68   109    0.1
 57281 113.30  32.70   142    0.2
 57292 114.63  32.97    44   0.01
 57293 114.98  32.73    38    0.1
 57294 114.02  32.83    83   0.01
 57295 114.35  32.62    78    0.1
 57296 114.73  32.35    48    0.4
 57298 114.55  32.22    55    0.4
 57299 114.90  32.02    49    0.4
 57309 105.88  30.98   378   0.01
 57314 106.07  31.35   405    0.4
 57315 106.40  31.53   655    0.8
 57317 106.42  31.03   324   0.01
 57318 106.55  31.07   338    0.1
 57320 107.22  31.93   482   0.01
 57324 107.08  31.58   364   0.01
 57326 107.72  31.37   389    0.4
 57329 107.85  31.10   467   0.01
 57333 108.67  31.95   798    0.4
 57345 109.62  31.40   337    0.1
 57349 109.86  31.08   606    0.1
 57361 111.27  31.88   327    1.0
 57362 110.67  31.75   935    1.8
 57363 111.83  31.80   151    0.2
 57368 111.63  31.05   141    1.3
 57377 112.22  31.00   191    0.3
 57385 113.82  31.62    93    0.1
 57386 114.00  31.25    51    0.2
 57387 113.13  31.00    84    0.2
 57388 113.71  31.27    53    0.6
 57389 113.75  31.03    32    0.3
 57390 114.07  31.80   733    0.6
 57396 114.85  31.63   128    2.5
 57398 114.62  31.28    74   0.01
 57401 105.37  30.87   383   0.01
 57408 105.35  30.12   338   0.01
 57409 105.80  30.18   297    0.5
 57413 106.97  30.85   295    0.1
 57414 106.45  30.52   403    1.1
 57415 106.63  30.53   394    1.4
 57416 106.93  30.33   391    0.3
 57417 106.28  30.35   315    2.4
 57420 107.19  30.75   418    1.8
 57425 107.33  30.33   433    1.1
 57431 108.35  30.83   257   0.01
 57453 111.32  30.77   115    0.2
 57460 111.78  30.82    91   0.01
 57462 111.08  30.87   139    0.4
 57464 111.18  30.47   142    1.0
 57465 111.45  30.38    74   0.01
 57469 111.77  30.18    69   0.01
 57475 112.90  30.40    31    0.6
 57477 112.22  30.07    38    1.0
 57481 113.57  30.95    30    0.1
 57485 113.47  30.28    23    0.9
 57486 113.85  30.65    25    0.4
 57489 114.01  30.52    23    0.3
 57491 114.40  30.87    31    0.1
 57492 114.84  30.84    40    0.1
 57495 114.88  30.67    28    1.1
 57496 114.87  30.37    31    3.8
 57498 114.94  30.52    26    3.8
 57499 114.88  30.07    40    5.5
 57505 105.58  29.42   338    0.2
 57506 105.90  29.37   353   0.01
 57509 106.92  28.99   599    0.6
 57510 106.07  29.85   326    1.4
 57511 106.45  29.85   240    2.4
 57513 106.62  29.73   464    4.5
 57514 106.22  29.58   331    2.1
 57518 106.50  29.33   506    0.8
 57519 107.11  29.16   698    2.2
 57522 107.27  29.74   372    0.4
 57525 107.75  29.32   277    0.3
 57537 108.17  29.30   322    0.1
 57540 109.15  29.68   776    2.1
 57543 110.03  29.90   539   0.01
 57544 109.45  29.47   488   0.01
 57558 110.47  29.13   183    0.9
 57564 111.13  29.43   103    0.5
 57565 111.73  29.67    38    0.8
 57566 111.65  29.45    51    1.5
 57571 112.40  29.70    35    1.8
 57575 112.55  29.52    31    1.5
 57577 112.17  29.40    36    1.6
 57582 113.88  29.72    46    4.2
 57585 113.45  29.48    60    3.7
 57586 114.03  29.53    78    6.0
 57589 113.87  29.27   146    2.3
 57590 114.37  29.85    98    6.1
 57596 114.20  29.63   751    6.0
 57600 105.06  28.71   420    0.8
 57603 105.83  28.82   283    2.7
 57605 105.82  28.03   537   0.01
 57609 105.70  28.58   317    1.3
 57623 107.60  28.88   685    1.5
 57634 107.88  28.52   660    1.1
 57635 108.98  28.45   363    1.2
 57637 108.10  28.25   629   0.01
 57640 109.45  28.58   341    0.3
 57643 109.83  29.00   268    1.2
 57646 109.95  28.62   302    1.3
 57657 110.21  28.23   186    0.7
 57658 110.20  28.02   152    1.7
 57661 111.48  28.92    48    2.8
 57663 111.95  28.92    31    6.8
 57666 112.13  28.52    52    4.4
 57674 112.38  28.57    46    6.5
 57678 112.55  28.25    74    1.4
 57680 113.11  28.86    82    5.6
 57688 113.63  28.16   101    1.0
 57694 114.38  28.53   259    4.1
 57698 114.45  28.12    98    0.8
 57708 105.60  27.15  1700    0.6
 57714 106.23  27.47   942    0.6
 57717 106.83  27.53   974    0.9
 57719 106.97  27.07  1275    1.8
 57720 107.17  27.88   889    0.1
 57723 107.72  27.98   710    2.0
 57728 107.47  27.07  1096    2.4
 57732 108.40  28.02   456    0.4
 57734 108.23  27.57   467    0.5
 57735 108.82  27.18   404    1.0
 57736 108.85  27.70   369   0.01
 57737 108.12  27.03   547    0.5
 57738 108.42  27.05   516    1.2
 57739 108.92  27.23   394    2.1
 57740 109.60  27.95   349    0.1
 57742 109.20  27.52   884    7.7
 57743 109.80  27.88   176    0.7
 57744 109.17  27.37   355    3.6
 57754 109.84  27.21   252    0.1
 57760 111.43  27.70   249    0.6
 57762 111.70  27.69   165    0.3
 57768 111.45  27.32   242   0.01
 57771 112.53  27.93    88    0.1
 57772 112.50  27.75    86   0.01
 57773 112.83  27.88    63   0.01
 57777 112.87  27.23    63    0.3
 57778 112.95  27.09    70   0.01
 57781 113.50  27.65    74    0.2
 57783 113.82  27.88   118    0.5
 57786 113.85  27.63   117    0.4
 57792 114.68  27.82    93   0.01
 57794 114.02  27.63   177    0.6
 57796 114.88  27.83   189    0.3
 57800 105.37  26.77  1457    0.5
 57811 106.60  26.83  1296    0.4
 57813 106.47  26.57  1261    0.1
 57814 106.27  26.42  1298   0.01
 57818 106.45  26.03  1140    1.2
 57821 107.50  26.70   925   0.01
 57822 107.90  26.90   835    0.6
 57824 107.23  26.58  1001   0.01
 57828 107.58  26.50   983    0.8
 57829 107.80  26.20   963    1.0
 57834 108.30  26.68   641    0.6
 57835 108.43  26.72   527    0.3
 57837 108.07  26.40   839   0.01
 57842 109.72  26.88   281    0.7
 57844 109.18  26.68   343    0.2
 57846 110.15  26.58   310   0.01
 57851 110.83  26.46   346    0.3
 57860 111.28  27.00   283    0.1
 57868 111.86  26.59   113    0.2
 57870 112.10  26.80   151    0.1
 57871 112.37  26.98    90    1.2
 57881 113.25  26.72   101   0.01
 57883 114.28  26.75   253    0.1
 57886 113.80  26.48   268    0.3
 57891 114.25  26.93   153    0.2
 57895 114.78  26.47   101   0.01
 57913 106.98  26.45  1093    0.1
 57914 106.67  26.42  1149   0.01
 57915 106.77  26.63  1104   0.01
 57927 107.18  24.97   287    8.6
 57941 109.60  25.78   197   0.01
 57973 112.72  25.75   329   0.01
 57975 112.20  25.38   277   0.01
 57981 113.22  25.97   139   0.01
 58112 116.45  30.73   968    4.6
 58147 118.97  32.98    24   0.01
 58148 119.34  33.27     3   0.01
 58205 115.43  32.47    34    0.1
 58207 115.05  32.17    42    0.3
 58210 116.23  32.65    25    0.2
 58212 116.77  32.72    23    0.3
 58214 116.30  32.37    27    0.5
 58220 117.15  32.47    28    0.2
 58222 117.55  32.85    24    0.1
 58223 117.98  32.80    31    0.3
 58224 117.02  32.65    32    0.1
 58230 118.28  32.12    26    1.2
 58234 118.42  32.47    40    0.2
 58235 118.85  32.37    10    0.9
 58237 118.59  32.07    46    1.8
 58240 119.02  32.68    21    0.2
 58242 119.16  32.30    22    1.9
 58243 119.82  32.95     3    0.1
 58244 119.59  32.45     5    2.8
 58245 119.42  32.41     9    2.4
 58246 119.99  32.56     2    2.7
 58247 119.80  32.27     3    3.4
 58249 120.05  32.16     6    7.8
 58250 120.16  32.51     6    2.9
 58254 120.45  32.52     5    3.1
 58257 120.26  31.99     4    9.3
 58264 121.18  32.33     3    8.3
 58268 121.08  32.10     4   10.8
 58269 121.65  31.78     3    4.3
 58301 115.38  31.82    92    1.1
 58306 115.88  31.68    95    3.1
 58316 116.92  31.47    23    2.3
 58317 116.37  30.87   434    4.9
 58320 117.13  31.73    21    1.7
 58323 117.47  31.88    25    1.9
 58327 117.28  31.27    45    5.9
 58330 118.08  31.75    26    4.3
 58331 118.37  31.73    22    7.4
 58334 118.37  31.38     9    5.9
 58335 118.52  31.57    23    8.8
 58337 118.18  31.08    26    7.1
 58339 118.90  31.33    15    7.6
 58340 119.03  31.66    25    7.2
 58341 119.59  31.98     6    8.1
 58342 119.55  31.72     6    7.2
 58344 119.20  31.96    36    8.4
 58346 119.81  31.34    16   11.8
 58349 120.56  31.41     8   14.2
 58351 120.30  31.90     4    8.2
 58352 120.77  31.65     4    9.2
 58353 120.57  31.86    11   11.8
 58359 120.62  31.13     4    8.5
 58360 121.20  31.92     3    5.6
 58361 121.37  31.10     5    5.5
 58365 121.25  31.37     4   11.8
 58366 121.49  31.67     4    3.0
 58367 121.43  31.20     4    6.2
 58369 121.78  31.05     5    9.2
 58370 121.53  31.23     4    7.3
 58377 121.11  31.51     5    5.3
 58401 115.40  30.75   123    1.3
 58404 115.22  30.47    61    5.1
 58408 115.43  30.23    35    8.4
 58409 115.93  30.10    32    9.5
 58415 116.55  30.67    64    5.3
 58416 116.82  30.75    35    4.8
 58417 116.13  30.17    54    9.4
 58418 116.67  30.13    60   11.8
 58420 117.23  30.72    58    5.2
 58421 117.87  30.63    31   11.0
 58423 117.78  30.48   647    9.0
 58427 117.50  30.65    15    8.1
 58428 117.50  30.22   118   11.8
 58431 118.32  30.90    39    9.1
 58432 118.40  30.68    57    7.6
 58433 118.75  30.93    31   10.4
 58435 118.53  30.30   220   12.7
 58438 118.58  30.08   191   15.9
 58441 119.42  30.87    43   10.8
 58442 119.18  31.17    16    8.9
 58443 119.89  31.02    25   11.0
 58446 119.70  30.63    72    7.0
 58449 119.95  30.05    46    2.9
 58451 120.93  30.83     2    6.4
 58452 120.77  30.73     4   11.4
 58453 120.50  30.07     7    3.5
 58454 119.98  30.53   102   12.6
 58455 120.65  30.52     8    9.5
 58456 120.52  30.63     6    6.9
 58458 120.90  30.54     4    4.0
 58459 120.29  30.19    44    3.2
 58460 121.35  30.73     5    7.1
 58461 121.12  31.13     4    6.4
 58462 121.23  31.03     4    5.9
 58463 121.50  30.88     4    8.7
 58468 121.17  30.05     5    1.4
 58484 122.20  30.25    37    0.4
 58501 115.63  29.92    23   10.1
 58502 116.02  29.67    74   20.6
 58503 115.67  29.70    41   11.6
 58505 115.90  29.62    63   14.8
 58507 115.12  29.25   116    6.8
 58508 115.77  29.33    41   10.2
 58509 115.82  29.05    36    5.3
 58510 116.23  29.73    40   19.1
 58512 116.55  29.90    71   25.2
 58514 116.05  29.45    37   11.1
 58517 116.20  29.27    35    5.0
 58523 117.93  29.93   227   12.4
 58524 117.22  29.37    87    1.3
 58529 117.85  29.27   171    1.8
 58530 118.43  29.87   168   13.5
 58534 118.18  29.78   170   12.0
 58542 119.68  29.82    46    1.8
 58544 119.27  29.48    88    0.3
 58547 119.18  29.03    66    0.4
 58548 119.47  29.22    50   0.01
 58550 120.25  29.70    39    0.2
 58555 120.88  29.52   113    0.1
 58560 120.43  29.05   304   0.01
 58561 121.60  29.98     4    4.3
 58563 121.83  29.88     5    1.1
 58565 121.39  29.69    41    0.1
 58566 121.88  29.47     6    0.4
 58567 121.43  29.32    39   0.01
 58570 122.30  29.95    85    0.4
 58601 115.38  28.70    53    3.2
 58602 115.55  28.85    40    5.6
 58605 115.38  28.42    46    0.1
 58607 115.95  28.55    31   0.01
 58612 116.68  28.70    21    1.4
 58615 117.08  28.68    56    0.8
 58616 116.82  28.20    40    0.1
 58618 116.60  28.27    82    0.4
 58619 116.37  28.00    49   0.01
 58620 117.10  29.02    51    1.1
 58623 117.92  28.47    90    0.6
 58624 117.43  28.40    70    0.8
 58625 117.60  28.42    79    0.7
 58627 117.06  28.31    56    0.1
 58629 117.71  28.29   100    0.5
 58632 118.60  28.72   126   0.01
 58642 119.80  28.88   105   0.01
 58654 120.08  28.67   184    0.2
 58657 120.28  28.15    57   0.01
 58658 120.68  28.15    34    0.2
 58659 120.65  28.03    28    0.3
 58664 121.37  28.37    35    1.5
 58693 115.83  28.70    40    2.3
 58704 115.35  27.58   104   0.01
 58706 115.83  27.43   181   0.01
 58710 116.05  27.77    78    0.1
 58712 116.78  27.92   130    0.1
 58714 116.23  27.55   120    0.1
 58745 119.08  27.62   400    0.8
 58746 119.70  27.55   538    1.1
 58747 119.35  27.15   899    0.2
 58748 119.65  27.10    50   0.01
 58749 119.88  27.23   684    0.2
 58750 120.08  27.78   105    0.1
 58751 120.57  27.67   254    0.4
 58839 118.85  26.23    40   32.3
 58844 119.15  26.15    57    9.7
 58845 119.53  26.50    60    0.9
 58848 119.55  26.20    13    0.4
 58850 120.23  26.92    92    2.0
 59022 107.55  24.98   749   15.0
 59129 117.60  24.13    53    7.3
 59130 118.15  24.73    30    0.2
 59131 118.37  24.97    45   0.01
 59137 118.57  24.82    56    0.1
 59205 105.63  23.65   685    2.1
 59213 106.92  23.73   110    4.8
 59322 117.37  23.98    22    0.2
