diamond  3 2015年04月07日08点6小时降雨量                     
  15  04  07  08    -1 3 10 25 50 1 0
 39 122.7  37.3 122.5  36.7 120.8  36.2 119.3  35.0 120.4  34.3
 121.1  32.7 122.3  30.9 122.5  30.1 121.5  28.0 119.8  25.0
 116.1  22.6 111.0  21.0 111.0  18.6 109.6  18.1 108.3  18.5
 108.9  19.9 109.3  21.0 106.4  21.6 104.1  22.2 101.6  20.8
  98.7  22.0  97.1  24.1  97.7  27.0  91.7  26.6  85.7  27.7
  78.9  30.6  73.3  37.1  74.1  40.7  87.6  49.8  98.5  43.9
 110.4  44.3 122.0  54.7 135.7  48.3 131.5  42.2 125.2  39.4
 121.3  38.5 121.2  40.3 118.5  38.6 120.8  38.1
 1     496
 56147  98.83  31.22  3260    0.1
 56158 100.67  31.40  3250    2.0
 56168 102.07  31.48  2168    0.4
 56181 103.70  30.68   541    1.4
 56184 103.17  31.43  1896    0.9
 56185 102.98  32.08  2400    0.5
 56186 104.20  31.33   589    1.3
 56189 103.93  30.98   581    5.2
 56190 104.55  31.55   519    1.2
 56193 104.52  32.42   893    0.5
 56194 104.45  31.63   597    1.4
 56195 104.73  31.80   543    0.5
 56197 104.17  31.15   535    3.0
 56198 104.50  31.32   525    2.8
 56199 104.68  31.03   423    1.5
 56263 101.88  30.88  1949    5.0
 56272 103.88  30.82   558    3.8
 56273 102.82  30.39  1022    0.4
 56278 102.77  30.07   755    2.9
 56279 102.93  30.15   682    0.6
 56280 103.12  30.08   691    1.7
 56281 103.50  30.18   510    0.1
 56284 103.43  30.45   518    0.1
 56285 103.52  30.60   523    0.5
 56286 104.26  30.61   505    1.5
 56288 103.92  30.58   494    0.4
 56290 104.18  30.78   514    1.8
 56291 104.28  30.93   469    2.2
 56295 104.55  30.38   448    0.7
 56296 104.43  30.85   448    2.0
 56297 104.15  30.02   436    0.1
 56298 104.60  30.13   417    0.9
 56317  94.22  29.22  2950    0.1
 56373 102.85  29.78   763    0.6
 56376 102.63  29.33  1098    2.0
 56378 102.35  29.23   890    0.6
 56380 103.35  29.88   571    3.8
 56381 103.50  30.07   630    0.2
 56382 103.55  29.75   475    2.1
 56383 103.87  29.83   455    0.1
 56384 103.48  29.60   446    3.4
 56387 103.27  29.23   642    1.9
 56389 103.95  29.20   387    1.7
 56390 104.07  29.67   404    1.0
 56391 103.82  30.08   415    0.3
 56393 104.85  29.77   369    2.0
 56394 104.43  29.45   384    0.1
 56395 104.67  29.52   351    0.3
 56396 104.77  29.35   352    0.4
 56399 104.98  29.18   306    1.3
 56473 102.77  28.95  1060    1.2
 56480 103.53  28.82   564    0.4
 56483 103.95  28.58   496    1.4
 56487 103.13  28.33  1943    0.6
 56489 103.63  28.23   877    1.2
 56490 103.90  28.95   424    4.5
 56491 104.57  28.70   287    1.2
 56493 104.97  28.85   292    1.3
 56494 104.33  28.84   386    1.3
 56496 105.23  28.32   358    7.6
 56497 104.23  28.10   448    1.2
 56498 104.50  28.15   549    1.7
 56499 104.78  28.38   368    3.9
 56567 100.86  27.26  2367    0.1
 56582 103.90  27.75  1176    1.3
 56585 103.56  27.19  1952    0.5
 56592 104.52  28.43   359    2.1
 56593 104.92  28.58   279    0.9
 56595 104.87  27.42  1645    0.5
 56596 105.05  27.85  1177    3.2
 56641  98.87  26.90  1189    0.4
 56645  99.42  26.42  2344    1.2
 56646  99.92  26.53  2191    0.1
 56649  99.96  26.11  2059    0.1
 56742  99.37  25.90  1658    0.3
 56745  99.95  25.68  1626    0.1
 56746  99.52  25.47  1616    0.1
 56757 100.28  25.27  1742    0.1
 56767 101.28  25.18  1857    0.1
 56772 102.50  25.23  1692    0.1
 56777 102.10  25.11  1671    0.1
 56989 103.95  22.50   137    1.4
 56995 104.42  23.03  1332    3.7
 56996 104.70  23.13  1093    0.1
 57032 108.20  34.13   436    0.3
 57038 108.45  34.28   410    0.2
 57039 108.88  34.08   445    0.3
 57105 105.60  33.33  1221    0.1
 57110 106.08  33.78   930    0.2
 57119 106.70  33.17   548    0.4
 57126 107.55  33.22   468    1.4
 57128 107.33  33.17   486    1.0
 57129 107.72  32.98   446    2.0
 57132 108.58  34.13   411    0.1
 57137 108.32  33.32   802    3.2
 57140 109.12  33.67   818    2.7
 57153 110.33  33.70   639    0.4
 57155 109.87  33.55   660    3.5
 57169 111.87  33.05   159    0.1
 57204 105.22  32.57   782    0.1
 57208 105.52  32.28   544    0.4
 57213 106.93  33.00   536    0.9
 57216 106.83  32.35   579    1.1
 57217 106.28  32.23   485    1.6
 57231 108.53  32.53   503    1.7
 57233 108.50  32.90   413    1.3
 57242 109.37  32.85   285    1.0
 57247 108.90  32.32   438    2.1
 57248 109.33  32.40   431    3.6
 57249 109.68  32.32   448    4.6
 57253 110.82  32.85   201    1.3
 57254 110.12  32.82   322    0.6
 57257 110.23  32.23   307    4.0
 57260 111.52  32.57   133    0.9
 57261 111.52  33.12   233    0.9
 57268 111.62  32.27   120    0.8
 57271 112.38  32.52    87    0.1
 57274 112.12  32.70   107    0.2
 57303 105.92  31.73   459    3.3
 57304 105.17  31.67   516    1.8
 57307 105.08  31.10   404    1.5
 57308 105.38  31.22   421    2.6
 57309 105.88  30.98   378    4.0
 57314 106.07  31.35   405    3.6
 57315 106.40  31.53   655    4.2
 57317 106.42  31.03   324    2.7
 57318 106.55  31.07   338    4.3
 57320 107.22  31.93   482    1.5
 57324 107.08  31.58   364    2.6
 57326 107.72  31.37   389    5.5
 57329 107.85  31.10   467    4.9
 57333 108.67  31.95   798    3.9
 57338 108.42  31.18   216    7.5
 57339 108.68  30.95   297    5.4
 57345 109.62  31.40   337    6.2
 57349 109.86  31.08   606    5.4
 57361 111.27  31.88   327    2.9
 57362 110.67  31.75   935    4.5
 57363 111.83  31.80   151    3.4
 57368 111.63  31.05   141    2.3
 57370 112.22  31.73    67    3.9
 57377 112.22  31.00   191    2.2
 57385 113.82  31.62    93    0.4
 57386 114.00  31.25    51    0.1
 57387 113.13  31.00    84    0.6
 57388 113.71  31.27    53    0.2
 57389 113.75  31.03    32    0.6
 57390 114.07  31.80   733    0.2
 57398 114.62  31.28    74    0.3
 57401 105.37  30.87   383    2.7
 57402 105.70  30.77   394    3.9
 57407 105.03  30.28   462    1.2
 57408 105.35  30.12   338    3.3
 57409 105.80  30.18   297    5.9
 57413 106.97  30.85   295    5.7
 57414 106.45  30.52   403    6.6
 57415 106.63  30.53   394    6.5
 57416 106.93  30.33   391   11.9
 57417 106.28  30.35   315    6.4
 57420 107.19  30.75   418    6.0
 57425 107.33  30.33   433   11.1
 57431 108.35  30.83   257    8.2
 57437 108.03  30.30   325    5.8
 57438 108.12  29.98   632    8.0
 57453 111.32  30.77   115    5.3
 57460 111.78  30.82    91    3.4
 57462 111.08  30.87   139    3.8
 57464 111.18  30.47   142    4.9
 57465 111.45  30.38    74    5.5
 57466 111.75  30.43    50    5.3
 57469 111.77  30.18    69    7.5
 57475 112.90  30.40    31    4.8
 57477 112.22  30.07    38    7.9
 57481 113.57  30.95    30    0.9
 57485 113.47  30.28    23    6.3
 57486 113.85  30.65    25    2.3
 57489 114.01  30.52    23    4.8
 57491 114.40  30.87    31    3.0
 57492 114.84  30.84    40    3.4
 57495 114.88  30.67    28    3.5
 57496 114.87  30.37    31    4.8
 57498 114.94  30.52    26    4.2
 57499 114.88  30.07    40    5.2
 57505 105.58  29.42   338    5.1
 57506 105.90  29.37   353    5.5
 57507 105.30  29.33   385    2.9
 57508 105.37  29.15   301    3.3
 57509 106.92  28.99   599    8.0
 57510 106.07  29.85   326    7.5
 57511 106.45  29.85   240    9.9
 57513 106.62  29.73   464    7.0
 57514 106.22  29.58   331   11.2
 57518 106.50  29.33   506    8.3
 57519 107.11  29.16   698    6.7
 57522 107.27  29.74   372    5.6
 57525 107.75  29.32   277    5.0
 57537 108.17  29.30   322   12.7
 57540 109.15  29.68   776   12.0
 57541 109.48  30.00   532    6.5
 57543 110.03  29.90   539    5.0
 57544 109.45  29.47   488    3.3
 57558 110.47  29.13   183    4.1
 57564 111.13  29.43   103    4.9
 57565 111.73  29.67    38   11.3
 57566 111.65  29.45    51    7.6
 57571 112.40  29.70    35   10.7
 57575 112.55  29.52    31    9.5
 57577 112.17  29.40    36   11.2
 57582 113.88  29.72    46    9.2
 57585 113.45  29.48    60   10.1
 57586 114.03  29.53    78   10.9
 57589 113.87  29.27   146   10.0
 57590 114.37  29.85    98    9.8
 57596 114.20  29.63   751   12.4
 57600 105.06  28.71   420    2.6
 57603 105.83  28.82   283    6.7
 57605 105.82  28.03   537    9.3
 57609 105.70  28.58   317   12.1
 57623 107.60  28.88   685    5.1
 57634 107.88  28.52   660    0.7
 57635 108.98  28.45   363    4.5
 57636 108.50  28.57   334    0.1
 57637 108.10  28.25   629    0.6
 57640 109.45  28.58   341    3.8
 57643 109.83  29.00   268    3.8
 57646 109.95  28.62   302    6.7
 57657 110.21  28.23   186    4.5
 57658 110.20  28.02   152    4.9
 57661 111.48  28.92    48   10.3
 57663 111.95  28.92    31   14.3
 57666 112.13  28.52    52   21.6
 57674 112.38  28.57    46   24.7
 57678 112.55  28.25    74   39.8
 57680 113.11  28.86    82   17.4
 57688 113.63  28.16   101   64.7
 57694 114.38  28.53   259   28.7
 57698 114.45  28.12    98   41.6
 57699 114.92  28.23    66   46.5
 57708 105.60  27.15  1700    1.6
 57714 106.23  27.47   942    0.5
 57717 106.83  27.53   974    1.7
 57720 107.17  27.88   889    0.4
 57723 107.72  27.98   710    0.2
 57732 108.40  28.02   456    0.1
 57734 108.23  27.57   467    0.3
 57735 108.82  27.18   404    9.0
 57736 108.85  27.70   369    1.1
 57737 108.12  27.03   547    3.8
 57738 108.42  27.05   516    7.5
 57739 108.92  27.23   394    7.0
 57740 109.60  27.95   349    1.8
 57742 109.20  27.52   884    7.1
 57743 109.80  27.88   176    5.7
 57744 109.17  27.37   355    3.7
 57754 109.84  27.21   252    7.4
 57760 111.43  27.70   249    9.6
 57762 111.70  27.69   165   12.2
 57763 112.00  27.68   205    6.1
 57767 111.01  27.13   308    2.0
 57768 111.45  27.32   242    1.8
 57769 111.73  27.23   252    0.6
 57771 112.53  27.93    88   17.0
 57772 112.50  27.75    86    8.6
 57773 112.83  27.88    63   11.8
 57777 112.87  27.23    63    2.3
 57778 112.95  27.09    70    1.1
 57781 113.50  27.65    74    5.7
 57783 113.82  27.88   118    4.2
 57786 113.85  27.63   117    0.8
 57792 114.68  27.82    93    5.0
 57794 114.02  27.63   177    1.2
 57796 114.88  27.83   189   12.7
 57798 114.60  27.40    85    2.5
 57800 105.37  26.77  1457    0.7
 57821 107.50  26.70   925    0.1
 57822 107.90  26.90   835    1.5
 57824 107.23  26.58  1001    0.1
 57828 107.58  26.50   983    0.9
 57829 107.80  26.20   963    0.4
 57834 108.30  26.68   641    0.7
 57835 108.43  26.72   527    1.1
 57837 108.07  26.40   839    0.3
 57842 109.72  26.88   281    3.2
 57844 109.18  26.68   343    4.6
 57846 110.15  26.58   310    1.4
 57851 110.83  26.46   346    0.5
 57859 110.63  26.03   408    5.9
 57860 111.28  27.00   283    2.0
 57865 111.62  26.50   192    0.8
 57867 111.28  26.40   169    1.3
 57868 111.86  26.59   113    1.0
 57870 112.10  26.80   151    0.8
 57871 112.37  26.98    90    1.8
 57875 112.68  26.75   137    2.1
 57876 112.83  26.43   135    2.8
 57881 113.25  26.72   101    2.8
 57882 113.55  26.79   136    0.3
 57886 113.80  26.48   268    0.3
 57887 113.12  26.12   167    0.3
 57915 106.77  26.63  1104    0.1
 57936 108.91  25.76   258    0.6
 57941 109.60  25.78   197   11.9
 57942 110.00  25.80   268   15.2
 57948 109.25  25.08   122   23.7
 57949 110.00  24.98   156   22.9
 57954 110.18  25.23   157    8.4
 57955 110.67  25.62   224    6.7
 57956 110.32  25.42   167    7.4
 57958 110.32  25.08   151   28.5
 57960 111.07  25.93   195    6.6
 57962 111.65  25.97   167    5.0
 57964 111.15  25.50   263   14.3
 57966 111.96  25.59   244    6.6
 57969 111.31  25.28   269   10.1
 57971 112.20  25.92   224    0.1
 57981 113.22  25.97   139    0.4
 57985 113.68  25.57   609    0.2
 58112 116.45  30.73   968    0.4
 58243 119.82  32.95     3    0.1
 58245 119.42  32.41     9    0.2
 58246 119.99  32.56     2    0.6
 58247 119.80  32.27     3    0.3
 58249 120.05  32.16     6    0.2
 58250 120.16  32.51     6    0.4
 58254 120.45  32.52     5    0.5
 58264 121.18  32.33     3    0.2
 58268 121.08  32.10     4    0.1
 58269 121.65  31.78     3    0.1
 58317 116.37  30.87   434    0.4
 58337 118.18  31.08    26    0.1
 58340 119.03  31.66    25    0.1
 58359 120.62  31.13     4    0.3
 58361 121.37  31.10     5    0.2
 58365 121.25  31.37     4    0.4
 58366 121.49  31.67     4    0.3
 58367 121.43  31.20     4    0.8
 58369 121.78  31.05     5    0.6
 58370 121.53  31.23     4    1.0
 58401 115.40  30.75   123    1.8
 58404 115.22  30.47    61    3.4
 58408 115.43  30.23    35    2.0
 58409 115.93  30.10    32    1.6
 58415 116.55  30.67    64    0.3
 58416 116.82  30.75    35    0.1
 58417 116.13  30.17    54    0.6
 58418 116.67  30.13    60    0.7
 58420 117.23  30.72    58    0.1
 58421 117.87  30.63    31    0.1
 58423 117.78  30.48   647    0.5
 58426 118.13  30.30   193    1.9
 58428 117.50  30.22   118    1.7
 58432 118.40  30.68    57    0.8
 58435 118.53  30.30   220    1.8
 58438 118.58  30.08   191    7.3
 58441 119.42  30.87    43    0.2
 58442 119.18  31.17    16    1.0
 58443 119.89  31.02    25    0.3
 58446 119.70  30.63    72    2.1
 58449 119.95  30.05    46    9.6
 58451 120.93  30.83     2    0.4
 58452 120.77  30.73     4    0.4
 58453 120.50  30.07     7    4.5
 58454 119.98  30.53   102    2.0
 58455 120.65  30.52     8    1.7
 58456 120.52  30.63     6    1.4
 58458 120.90  30.54     4    0.9
 58459 120.29  30.19    44    8.1
 58460 121.35  30.73     5    0.2
 58461 121.12  31.13     4    0.2
 58462 121.23  31.03     4    0.3
 58463 121.50  30.88     4    0.5
 58468 121.17  30.05     5    5.2
 58484 122.20  30.25    37    5.9
 58501 115.63  29.92    23    1.8
 58502 116.02  29.67    74    6.9
 58503 115.67  29.70    41    6.2
 58505 115.90  29.62    63    6.5
 58507 115.12  29.25   116   16.9
 58508 115.77  29.33    41   12.9
 58509 115.82  29.05    36   20.0
 58510 116.23  29.73    40    4.9
 58512 116.55  29.90    71    4.4
 58514 116.05  29.45    37   10.2
 58517 116.20  29.27    35   16.1
 58523 117.93  29.93   227    6.3
 58524 117.22  29.37    87   27.3
 58529 117.85  29.27   171   17.7
 58530 118.43  29.87   168   18.3
 58534 118.18  29.78   170   15.5
 58537 118.40  29.13   153   17.8
 58542 119.68  29.82    46   11.2
 58544 119.27  29.48    88   19.2
 58546 119.88  29.47   115   18.5
 58547 119.18  29.03    66   10.1
 58548 119.47  29.22    50   10.3
 58550 120.25  29.70    39    7.4
 58555 120.88  29.52   113    9.8
 58558 120.22  29.27    89   14.8
 58559 120.97  29.15   107    5.2
 58560 120.43  29.05   304    5.6
 58561 121.60  29.98     4    3.9
 58563 121.83  29.88     5    4.8
 58565 121.39  29.69    41   14.2
 58566 121.88  29.47     6    3.0
 58567 121.43  29.32    39    5.2
 58568 121.38  29.12    34    0.8
 58570 122.30  29.95    85    3.2
 58601 115.38  28.70    53   25.2
 58602 115.55  28.85    40   21.2
 58605 115.38  28.42    46   36.6
 58607 115.95  28.55    31    3.8
 58609 115.82  28.22    27   23.5
 58612 116.68  28.70    21   23.3
 58614 116.27  28.38    34   36.9
 58615 117.08  28.68    56   22.0
 58616 116.82  28.20    40   11.1
 58618 116.60  28.27    82   14.3
 58619 116.37  28.00    49   13.4
 58620 117.10  29.02    51   26.0
 58623 117.92  28.47    90    8.4
 58624 117.43  28.40    70   12.0
 58625 117.60  28.42    79    8.8
 58627 117.06  28.31    56    0.8
 58629 117.71  28.29   100   13.2
 58631 118.50  28.90   137    7.5
 58632 118.60  28.72   126    5.3
 58635 118.20  28.43    95   10.1
 58642 119.80  28.88   105    6.9
 58643 120.03  28.90   102    3.3
 58644 119.28  28.60   237    7.0
 58647 119.13  28.08   222    4.1
 58654 120.08  28.67   184    2.7
 58658 120.68  28.15    34    0.1
 58693 115.83  28.70    40   28.2
 58701 115.40  27.77    46    2.2
 58704 115.35  27.58   104    2.0
 58710 116.05  27.77    78    3.8
 58712 116.78  27.92   130    4.8
 58713 117.07  27.72   225   11.2
 58714 116.23  27.55   120    0.8
 58719 116.93  27.30   131    2.4
 58724 117.32  27.53   268    9.8
 58735 118.75  27.52   260    1.1
 58736 118.82  27.38   262    0.7
 58746 119.70  27.55   538    2.2
 58747 119.35  27.15   899    0.7
 58748 119.65  27.10    50    1.1
 58749 119.88  27.23   684    0.8
 58750 120.08  27.78   105    1.8
 58751 120.57  27.67   254    0.3
 58821 117.47  26.73   173    0.4
 58822 116.85  26.83   342    3.8
 58823 117.80  26.80   175    2.2
 58826 117.80  26.40   120    0.3
 58844 119.15  26.15    57    0.6
 58845 119.53  26.50    60    0.3
 58848 119.55  26.20    13    0.6
 58905 115.42  25.97   133    0.1
 58907 115.40  25.15   305    0.4
 58941 119.50  25.97    25    0.2
 59015 106.57  24.35   437    0.1
 59022 107.55  24.98   749    0.2
 59027 107.25  24.13   254    9.4
 59031 108.27  24.82   342    0.2
 59033 108.90  24.78   328    9.6
 59034 108.67  24.48   150    9.1
 59038 108.65  24.07   138    3.4
 59041 109.25  24.65   108   33.9
 59044 109.38  24.47    97   33.5
 59045 109.75  24.48    94   44.2
 59047 109.33  24.25   100   20.9
 59051 110.50  24.77   136   24.0
 59052 110.82  24.83   169   20.0
 59053 110.64  24.65   157   26.4
 59055 110.40  24.50   165   22.3
 59061 111.27  24.82   193   21.7
 59063 111.45  25.18   265    4.5
 59064 111.32  24.55   136    0.2
 59127 117.83  24.43    32    3.9
 59129 117.60  24.13    53    1.2
 59213 106.92  23.73   110   21.6
 59215 106.63  23.33   680   15.4
 59224 107.12  23.60   111   46.2
 59227 107.14  23.11   454    2.7
 59229 107.70  23.17   125    6.4
 59230 108.17  23.72   168   34.0
 59235 108.62  23.43   115    2.6
 59237 108.28  23.17   111    3.8
 59314 116.13  23.30    29    0.5
 59315 116.40  23.59    43    0.1
 59318 116.58  23.27     5    0.9
 59319 116.83  23.43     4   15.9
 59320 117.13  23.75    37    0.2
 59322 117.37  23.98    22    0.2
 59419 106.74  22.06   348    1.8
 59425 107.35  22.40   107    1.4
