diamond  3 2015年04月25日08点6小时降雨量                     
  15  04  25  08    -1 3 10 25 50 1 0
 39 122.7  37.3 122.5  36.7 120.8  36.2 119.3  35.0 120.4  34.3
 121.1  32.7 122.3  30.9 122.5  30.1 121.5  28.0 119.8  25.0
 116.1  22.6 111.0  21.0 111.0  18.6 109.6  18.1 108.3  18.5
 108.9  19.9 109.3  21.0 106.4  21.6 104.1  22.2 101.6  20.8
  98.7  22.0  97.1  24.1  97.7  27.0  91.7  26.6  85.7  27.7
  78.9  30.6  73.3  37.1  74.1  40.7  87.6  49.8  98.5  43.9
 110.4  44.3 122.0  54.7 135.7  48.3 131.5  42.2 125.2  39.4
 121.3  38.5 121.2  40.3 118.5  38.6 120.8  38.1
 1      77
 50645 124.48  48.48   195    0.4
 51145  83.65  46.55   521    4.0
 56045  99.90  33.97  4050    1.1
 56095 104.38  34.03  1753    0.2
 56128  96.60  31.22  3810    2.8
 56158 100.67  31.40  3250    3.6
 56164 100.98  32.27  3284    0.3
 56168 102.07  31.48  2168    2.0
 56185 102.98  32.08  2400    0.2
 56263 101.88  30.88  1949    1.3
 56267 101.02  30.03  2600    0.1
 56474 102.17  28.55  1774    0.4
 56478 102.43  28.30  1818    0.2
 56569 102.18  27.42  1380    2.6
 56575 102.55  27.37  1428    5.8
 56578 102.75  27.07   993    4.0
 56585 103.56  27.19  1952    0.1
 56641  98.87  26.90  1189    0.8
 56652 100.75  26.68  2130    0.2
 56665 101.85  26.68  1140    0.3
 56669 101.67  26.05  1531    1.7
 56670 102.12  26.92  1136    0.7
 56673 102.92  26.92   893    1.6
 56674 101.73  26.50  1108    0.4
 56688 103.17  26.10  1254    2.1
 56761 101.32  25.72  1878    0.1
 56766 101.52  25.31  1822    0.1
 56772 102.50  25.23  1692    8.1
 56774 102.42  25.53  1710    5.6
 56775 102.45  25.55  1750    5.5
 56777 102.10  25.11  1671    3.4
 56781 103.27  25.55  1873    1.4
 56782 103.55  25.42  2067    1.8
 56783 103.80  25.50  1906    1.0
 56785 103.08  25.36  1915    6.7
 56790 104.25  25.68  1925    0.2
 56842  99.18  24.73  1471    0.5
 56843  99.62  24.83  1650    0.1
 56844  98.58  24.43   913    0.1
 56862 101.60  24.68  1968    4.0
 56863 102.48  24.93  1848   10.1
 56867 101.12  23.98  1105    1.0
 56869 101.97  24.07  1497   12.6
 56870 102.18  24.66  1600   15.1
 56871 102.60  24.65  1893    6.7
 56872 102.62  24.95  2358    8.2
 56873 102.92  24.68  1796    2.0
 56876 102.77  24.28  1731    2.7
 56878 102.75  24.13  1801    0.2
 56879 102.91  24.19  1702    0.1
 56880 103.17  24.92  1532    0.2
 56881 103.27  24.75  1695    1.0
 56882 102.83  24.91  1976    2.5
 56898 102.41  24.18  1600    2.9
 56944  99.27  23.15  1278    0.6
 56982 103.29  23.70  1117    0.1
 56989 103.95  22.50   137    1.5
 56992 104.70  23.45  1507    0.4
 56994 104.28  23.33  1293    0.7
 56995 104.42  23.03  1332    0.1
 56996 104.70  23.13  1093    0.4
 57773 112.83  27.88    63    0.1
 57783 113.82  27.88   118    0.4
 57883 114.28  26.75   253    0.1
 57891 114.25  26.93   153    1.1
 58329 117.87  31.33     9    0.1
 58418 116.67  30.13    60    0.1
 58523 117.93  29.93   227    0.1
 58614 116.27  28.38    34    0.1
 58619 116.37  28.00    49    0.4
 58627 117.06  28.31    56    0.1
 58706 115.83  27.43   181    0.6
 58712 116.78  27.92   130    0.2
 58714 116.23  27.55   120    0.1
 58814 116.35  26.35   247    0.1
 58848 119.55  26.20    13    0.1
 59044 109.38  24.47    97    0.1
