diamond  3 2015年04月10日20点6小时降雨量                     
  15  04  10  20    -1 3 10 25 50 1 0
 39 122.7  37.3 122.5  36.7 120.8  36.2 119.3  35.0 120.4  34.3
 121.1  32.7 122.3  30.9 122.5  30.1 121.5  28.0 119.8  25.0
 116.1  22.6 111.0  21.0 111.0  18.6 109.6  18.1 108.3  18.5
 108.9  19.9 109.3  21.0 106.4  21.6 104.1  22.2 101.6  20.8
  98.7  22.0  97.1  24.1  97.7  27.0  91.7  26.6  85.7  27.7
  78.9  30.6  73.3  37.1  74.1  40.7  87.6  49.8  98.5  43.9
 110.4  44.3 122.0  54.7 135.7  48.3 131.5  42.2 125.2  39.4
 121.3  38.5 121.2  40.3 118.5  38.6 120.8  38.1
 1     288
 50431 121.52  50.78   717    2.9
 50526 120.70  49.28   668   0.01
 50659 126.25  48.03   291   0.01
 50673 130.40  48.88    90    0.1
 50674 129.43  48.57   404    0.1
 50772 129.23  48.10   288   0.01
 50775 130.20  47.34   182    0.1
 50776 130.83  47.57    83    0.6
 50778 132.53  47.67    57    1.0
 50787 131.84  47.31    62    1.0
 50884 131.15  46.63   175   0.01
 50892 134.00  46.80    54    2.0
 50971 131.02  45.77   223    0.4
 50987 131.09  45.26   219    0.2
 52853 100.98  36.90  3010    1.3
 52855 101.25  36.68  2675   0.01
 52862 101.68  36.95  2450    4.6
 52863 101.95  36.82  2480    1.0
 52874 102.41  36.49  2021    1.4
 52875 102.10  36.50  2125    8.7
 52881 103.18  36.98  2484   0.01
 52885 103.25  36.75  2118    0.1
 52968 101.47  35.03  3662   0.01
 52972 102.45  35.85  1921   0.01
 52978 102.49  35.19  2948    0.4
 52982 103.55  35.48  1953    0.1
 52985 103.33  35.42  2162   0.01
 52988 103.72  35.37  2015   0.01
 52996 105.02  35.38  2450   0.01
 53343 109.97  41.77  1612   0.01
 53368 111.47  41.08  1637    0.1
 53433 108.65  40.73  1020    0.2
 53924 107.62  35.07   966    0.5
 53927 106.62  35.20  1477   0.01
 53928 107.02  35.30  1149   0.01
 53941 109.58  35.18   804   0.01
 53944 109.25  35.57   863   0.01
 53945 109.07  35.43  1395   0.01
 53947 109.07  35.08   978    0.5
 54039 122.02  44.03   181    1.4
 54093 130.55  44.93   266    0.5
 54192 130.27  43.70   384    0.1
 54291 130.28  42.90    36   0.01
 54319 118.67  41.00   502   0.01
 54327 119.35  41.23   417    0.2
 54371 126.43  41.93   520    0.9
 54398 116.62  40.13    28   0.01
 54424 117.12  40.17    32   0.01
 54428 117.40  40.03    15   0.01
 54434 118.33  40.17   131   0.01
 54439 118.72  40.02    50   0.01
 54499 116.22  40.22    76   0.01
 54501 115.68  39.97   440   0.01
 54505 116.10  39.94    98   0.01
 54513 116.20  39.95    65   0.01
 54520 117.08  39.97    18   0.01
 54759 120.85  37.32   205    0.1
 56034  97.13  33.80  4415    0.3
 56045  99.90  33.97  4050   0.01
 56071 102.50  34.59  3190    0.1
 56082 103.50  34.58  2540   0.01
 56084 103.23  34.07  2374    0.3
 56091 104.47  34.85  1883    2.2
 56092 104.65  35.00  1728    1.8
 56094 104.37  33.78  1400   0.01
 56147  98.83  31.22  3260    0.2
 56158 100.67  31.40  3250    0.5
 56164 100.98  32.27  3284    6.1
 56171 101.70  32.90  3275    1.6
 56180 103.85  31.68  1590   0.01
 56181 103.70  30.68   541    0.6
 56183 103.62  31.50  1370    0.1
 56189 103.93  30.98   581    0.7
 56193 104.52  32.42   893   0.01
 56195 104.73  31.80   543    5.6
 56199 104.68  31.03   423   0.01
 56267 101.02  30.03  2600    2.6
 56272 103.88  30.82   558   13.9
 56273 102.82  30.39  1022   0.01
 56276 103.82  30.45   467   0.01
 56278 102.77  30.07   755   0.01
 56279 102.93  30.15   682   0.01
 56280 103.12  30.08   691   0.01
 56281 103.50  30.18   510   0.01
 56284 103.43  30.45   518    0.3
 56285 103.52  30.60   523    0.3
 56288 103.92  30.58   494    6.7
 56291 104.28  30.93   469   0.01
 56296 104.43  30.85   448    2.2
 56297 104.15  30.02   436    0.1
 56298 104.60  30.13   417   0.01
 56317  94.22  29.22  2950    0.5
 56342  98.60  29.68  3870    0.2
 56371 102.23  29.92  1321    1.4
 56373 102.85  29.78   763    1.1
 56376 102.63  29.33  1098    1.5
 56378 102.35  29.23   890    1.7
 56382 103.55  29.75   475   0.01
 56383 103.87  29.83   455    0.1
 56389 103.95  29.20   387   0.01
 56390 104.07  29.67   404    0.7
 56391 103.82  30.08   415   0.01
 56393 104.85  29.77   369   0.01
 56394 104.43  29.45   384    0.1
 56395 104.67  29.52   351   0.01
 56396 104.77  29.35   352    0.3
 56443  99.80  28.93  2842   0.01
 56473 102.77  28.95  1060    0.2
 56478 102.43  28.30  1818   0.01
 56480 103.53  28.82   564   0.01
 56483 103.95  28.58   496   0.01
 56487 103.13  28.33  1943   0.01
 56490 103.90  28.95   424   0.01
 56493 104.97  28.85   292    1.3
 56585 103.56  27.19  1952   0.01
 56592 104.52  28.43   359   0.01
 56595 104.87  27.42  1645    0.2
 56596 105.05  27.85  1177    0.1
 56688 103.17  26.10  1254    1.5
 56697 104.08  26.22  1984   0.01
 56772 102.50  25.23  1692    0.1
 56777 102.10  25.11  1671   0.01
 56782 103.55  25.42  2067   0.01
 56783 103.80  25.50  1906   0.01
 56788 103.62  24.98  1857   0.01
 56790 104.25  25.68  1925   0.01
 56878 102.75  24.13  1801    0.1
 56889 104.17  24.05  1518   0.01
 56958 100.47  21.96  1222    4.7
 56973 102.83  23.62  1309   0.01
 56976 102.85  23.22   312   0.01
 56984 103.15  23.38  1720   0.01
 56987 103.23  22.78  1260    1.5
 56989 103.95  22.50   137    7.9
 56992 104.70  23.45  1507    0.7
 56994 104.28  23.33  1293    1.2
 56995 104.42  23.03  1332    2.3
 56996 104.70  23.13  1093    2.8
 57111 106.30  33.92   961   0.01
 57113 106.55  33.93   984    0.3
 57208 105.52  32.28   544   0.01
 57217 106.28  32.23   485    5.2
 57303 105.92  31.73   459    0.2
 57304 105.17  31.67   516    6.2
 57407 105.03  30.28   462   0.01
 57505 105.58  29.42   338    0.4
 57506 105.90  29.37   353    0.4
 57507 105.30  29.33   385    0.1
 57508 105.37  29.15   301    0.1
 57511 106.45  29.85   240   0.01
 57518 106.50  29.33   506    0.4
 57600 105.06  28.71   420    0.6
 57605 105.82  28.03   537   0.01
 57886 113.80  26.48   268    0.1
 57887 113.12  26.12   167   0.01
 57895 114.78  26.47   101    0.6
 57956 110.32  25.42   167    0.1
 57973 112.72  25.75   329   0.01
 57981 113.22  25.97   139   0.01
 57985 113.68  25.57   609    0.1
 57988 113.33  25.10   143    0.6
 57989 113.77  25.07   112    2.9
 57990 114.30  25.70   246    1.4
 57991 114.55  25.80   140    1.0
 57992 114.75  25.67   127    4.2
 57994 114.35  25.40   215    2.5
 57995 114.93  25.40   164    3.0
 58714 116.23  27.55   120    0.1
 58719 116.93  27.30   131   0.01
 58747 119.35  27.15   899    0.7
 58748 119.65  27.10    50   0.01
 58749 119.88  27.23   684   0.01
 58804 115.35  26.35   151    2.3
 58814 116.35  26.35   247    1.2
 58819 116.82  26.18   336    1.7
 58821 117.47  26.73   173    1.3
 58822 116.85  26.83   342    0.2
 58823 117.80  26.80   175    0.7
 58824 117.15  26.40   357    1.5
 58826 117.80  26.40   120    0.7
 58828 117.62  26.27   208    1.0
 58836 118.73  26.58   361    1.3
 58839 118.85  26.23    40    0.9
 58844 119.15  26.15    57    1.7
 58845 119.53  26.50    60    0.8
 58848 119.55  26.20    13    1.7
 58850 120.23  26.92    92    0.2
 58903 116.03  25.90   210    3.3
 58905 115.42  25.97   133    3.1
 58906 115.80  25.60   167    3.1
 58907 115.40  25.15   305    4.9
 58912 116.73  25.72   404    3.0
 58917 116.10  25.08   307    2.8
 58923 117.83  25.70   400    3.5
 58928 117.53  25.02   166    0.5
 58929 118.15  25.07    68    0.4
 58932 118.93  25.87    85    2.3
 58934 118.27  25.33   183    3.2
 58935 118.23  25.48   521    3.4
 58938 118.98  25.23    23   0.01
 58940 119.33  26.08    25    2.0
 58941 119.50  25.97    25    1.6
 58942 119.38  25.72    39   0.01
 58946 119.00  25.45    81    1.5
 59015 106.57  24.35   437   0.01
 59017 106.27  24.27   278   0.01
 59027 107.25  24.13   254    0.6
 59038 108.65  24.07   138   0.01
 59055 110.40  24.50   165    0.1
 59059 110.80  24.18   105    0.4
 59061 111.27  24.82   193   0.01
 59064 111.32  24.55   136   0.01
 59071 112.28  24.73   174    1.2
 59074 112.15  24.57   300    2.5
 59075 112.63  24.48    70    2.4
 59081 113.29  24.78   131    2.0
 59090 114.07  24.95   103    4.3
 59091 114.52  24.75   277    5.9
 59093 115.03  24.78   253    6.1
 59094 114.12  24.35   184   10.5
 59099 114.93  24.45   173   10.6
 59106 115.90  24.58   152    1.6
 59109 115.73  24.15   123    4.1
 59114 116.17  24.65   135    0.9
 59122 117.75  24.62    43    0.3
 59124 117.38  24.52    53    1.4
 59125 117.30  24.38   108    3.0
 59127 117.83  24.43    32    3.6
 59129 117.60  24.13    53    5.1
 59130 118.15  24.73    30    0.5
 59131 118.37  24.97    45    0.4
 59137 118.57  24.82    56    2.4
 59205 105.63  23.65   685    1.0
 59213 106.92  23.73   110   0.01
 59215 106.63  23.33   680    0.5
 59224 107.12  23.60   111    0.5
 59227 107.14  23.11   454    0.2
 59229 107.70  23.17   125    0.5
 59230 108.17  23.72   168    2.1
 59235 108.62  23.43   115    0.1
 59237 108.28  23.17   111    1.1
 59238 108.80  23.22   122   0.01
 59241 109.68  23.97    90   0.01
 59246 109.67  23.60    70   0.01
 59249 109.62  23.12    51    0.3
 59256 110.90  23.37   105    1.9
 59264 111.50  23.40    83    2.1
 59266 111.23  23.42    42    3.6
 59268 111.54  23.26    70    7.7
 59269 111.78  23.17    47    7.8
 59270 112.18  23.92    84    6.0
 59276 112.65  23.35    40    5.4
 59279 112.87  23.18    24    3.5
 59284 113.24  23.42    38    1.8
 59285 113.60  23.57    38    6.7
 59288 113.02  23.15    29    1.4
 59290 114.25  23.78    85    6.1
 59297 114.28  23.17    17    1.2
 59310 116.18  23.77    45    0.1
 59312 116.70  23.67    60   0.01
 59313 116.98  23.68    44    0.7
 59314 116.13  23.30    29   0.01
 59315 116.40  23.59    43   0.01
 59318 116.58  23.27     5    0.6
 59319 116.83  23.43     4    1.0
 59320 117.13  23.75    37    1.4
 59322 117.37  23.98    22    0.4
 59419 106.74  22.06   348    2.3
 59421 107.20  22.83   255    1.8
 59425 107.35  22.40   107    2.6
 59426 107.92  22.61   146    1.8
 59427 107.07  22.12   163    1.5
 59429 108.01  22.18   216    1.0
 59432 108.40  22.80   194    0.8
 59435 108.48  22.77    74    0.5
 59441 109.25  22.70    78    1.0
 59448 109.55  22.27    69    2.4
 59449 109.98  22.30    85   11.3
 59451 110.35  22.70    98    8.5
 59452 110.53  22.83   131    1.8
 59454 111.00  22.95   202    6.8
 59457 110.27  22.32   121    6.9
 59469 111.78  22.17    37   0.01
 59470 112.20  22.70    57    6.5
 59471 112.05  22.93   101   11.1
 59473 112.98  22.74    47   0.01
 59475 112.65  22.40    27   0.01
 59477 112.23  22.27    68    0.2
