diamond  3 2015年04月25日20点6小时降雨量                     
  15  04  25  20    -1 3 10 25 50 1 0
 39 122.7  37.3 122.5  36.7 120.8  36.2 119.3  35.0 120.4  34.3
 121.1  32.7 122.3  30.9 122.5  30.1 121.5  28.0 119.8  25.0
 116.1  22.6 111.0  21.0 111.0  18.6 109.6  18.1 108.3  18.5
 108.9  19.9 109.3  21.0 106.4  21.6 104.1  22.2 101.6  20.8
  98.7  22.0  97.1  24.1  97.7  27.0  91.7  26.6  85.7  27.7
  78.9  30.6  73.3  37.1  74.1  40.7  87.6  49.8  98.5  43.9
 110.4  44.3 122.0  54.7 135.7  48.3 131.5  42.2 125.2  39.4
 121.3  38.5 121.2  40.3 118.5  38.6 120.8  38.1
 1     131
 50137 122.37  53.47   296    1.5
 50779 134.28  48.37    40   0.01
 51058  87.97  47.10   563   0.01
 52862 101.68  36.95  2450   0.01
 52885 103.25  36.75  2118    0.1
 52896 104.15  36.55  1738   0.01
 52978 102.49  35.19  2948    0.2
 52982 103.55  35.48  1953    0.1
 52993 105.07  35.68  1739   0.01
 52996 105.02  35.38  2450    3.1
 53644 108.83  38.60  1307   0.01
 53658 110.48  38.03   894   0.01
 53666 111.93  38.35  1212   0.01
 53669 111.80  38.08  1150   0.01
 53757 110.12  37.12   938    0.5
 53759 110.83  36.98  1109   0.01
 53788 113.57  37.33  1265    0.5
 53841 109.32  36.88  1068    1.0
 53857 110.18  36.07   840   0.01
 53860 111.17  36.98  1406    0.6
 53866 111.67  36.23   462   0.01
 53886 113.67  36.57   470   0.01
 53908 105.23  35.22  1768   0.01
 53917 106.07  35.22  1631    0.4
 53924 107.62  35.07   966    1.2
 53928 107.02  35.30  1149   0.01
 53945 109.07  35.43  1395   0.01
 53956 110.83  35.40   588   0.01
 53981 113.27  35.78  1311   0.01
 56045  99.90  33.97  4050   0.01
 56097 104.25  33.27  1440    2.5
 56147  98.83  31.22  3260    1.4
 56181 103.70  30.68   541   0.01
 56185 102.98  32.08  2400    0.4
 56190 104.55  31.55   519   0.01
 56192 104.67  32.95  1014    0.1
 56193 104.52  32.42   893    0.1
 56198 104.50  31.32   525   0.01
 56272 103.88  30.82   558   0.01
 56276 103.82  30.45   467    0.2
 56288 103.92  30.58   494   11.7
 56289 103.87  30.20   437   0.01
 56317  94.22  29.22  2950    0.1
 56390 104.07  29.67   404   0.01
 56569 102.18  27.42  1380   0.01
 56641  98.87  26.90  1189    0.2
 56649  99.96  26.11  2059    0.8
 56652 100.75  26.68  2130    0.2
 56654 100.18  26.58  2195   0.01
 56669 101.67  26.05  1531    1.8
 56742  99.37  25.90  1658   0.01
 56745  99.95  25.68  1626    0.9
 56746  99.52  25.47  1616    0.9
 56752 100.57  25.83  1438    0.3
 56755 100.40  25.39  1711    1.2
 56756 100.58  25.48  1992    3.2
 56757 100.28  25.27  1742    0.6
 56761 101.32  25.72  1878   13.8
 56766 101.52  25.31  1822    9.6
 56772 102.50  25.23  1692    0.5
 56774 102.42  25.53  1710    2.5
 56775 102.45  25.55  1750    1.0
 56777 102.10  25.11  1671    0.1
 56788 103.62  24.98  1857   0.01
 56835  97.82  24.07   959   0.01
 56836  97.95  24.70   826   0.01
 56839  98.82  23.77   995    0.4
 56840  98.30  24.82  1012    3.0
 56841  98.68  24.60  1528    3.9
 56842  99.18  24.73  1471    0.8
 56843  99.62  24.83  1650   0.01
 56844  98.58  24.43   913    0.1
 56846  99.93  24.58  1569   0.01
 56851 100.53  25.04  1377   0.01
 56862 101.60  24.68  1968    0.1
 56863 102.48  24.93  1848    0.4
 56867 101.12  23.98  1105    2.1
 56869 101.97  24.07  1497    0.1
 56871 102.60  24.65  1893    0.2
 56872 102.62  24.95  2358    2.0
 56873 102.92  24.68  1796   0.01
 56876 102.77  24.28  1731    0.1
 56878 102.75  24.13  1801    1.5
 56879 102.91  24.19  1702    6.3
 56882 102.83  24.91  1976    0.7
 56889 104.17  24.05  1518    0.1
 56898 102.41  24.18  1600    0.2
 56948  99.60  22.63  1155   17.7
 56949  99.60  22.32   945    9.6
 56950  99.80  23.47  1044   14.0
 56952 100.70  23.50   913   14.4
 56958 100.47  21.96  1222    0.7
 56970 102.48  23.70  1419    2.5
 56973 102.83  23.62  1309   0.01
 56978 102.42  23.00  1642   0.01
 56987 103.23  22.78  1260   0.01
 56989 103.95  22.50   137    1.4
 56994 104.28  23.33  1293    0.4
 56996 104.70  23.13  1093    0.1
 57007 105.18  34.18  1404    0.4
 57008 105.30  34.03  1579    3.7
 57011 106.15  34.75  1378    0.7
 57012 106.20  34.98  1664    0.2
 57022 107.78  34.68  1026    1.3
 57102 105.72  33.75   970   0.01
 57105 105.60  33.33  1221    2.1
 57111 106.30  33.92   961    7.7
 57113 106.53  33.90   985    9.7
 57126 107.55  33.22   468    1.5
 57128 107.33  33.17   486    2.9
 57129 107.72  32.98   446   0.01
 57247 108.90  32.32   438    0.1
 57333 108.67  31.95   798   0.01
 57637 108.10  28.25   629   0.01
 57768 111.45  27.32   242   0.01
 57860 111.28  27.00   283   0.01
 57976 112.94  25.41   222   0.01
 57978 112.55  25.27   292   0.01
 58629 117.71  28.29   100   0.01
 58928 117.53  25.02   166   0.01
 59071 112.28  24.73   174   0.01
 59074 112.15  24.57   300    1.4
 59264 111.50  23.40    83   0.01
 59285 113.60  23.57    38   0.01
 59290 114.25  23.78    85    1.1
 59297 114.28  23.17    17   0.01
 59310 116.18  23.77    45   0.01
 59469 111.78  22.17    37   0.01
 59476 113.03  22.53    36    0.4
 59477 112.23  22.27    68    0.4
 59481 113.32  22.94    12   11.1
