diamond  3 2015年04月03日20点6小时降雨量                     
  15  04  03  20    -1 3 10 25 50 1 0
 39 122.7  37.3 122.5  36.7 120.8  36.2 119.3  35.0 120.4  34.3
 121.1  32.7 122.3  30.9 122.5  30.1 121.5  28.0 119.8  25.0
 116.1  22.6 111.0  21.0 111.0  18.6 109.6  18.1 108.3  18.5
 108.9  19.9 109.3  21.0 106.4  21.6 104.1  22.2 101.6  20.8
  98.7  22.0  97.1  24.1  97.7  27.0  91.7  26.6  85.7  27.7
  78.9  30.6  73.3  37.1  74.1  40.7  87.6  49.8  98.5  43.9
 110.4  44.3 122.0  54.7 135.7  48.3 131.5  42.2 125.2  39.4
 121.3  38.5 121.2  40.3 118.5  38.6 120.8  38.1
 1     337
 50431 121.52  50.78   717    0.4
 52607 106.65  39.43  1252    0.7
 52643  99.62  38.83  2311    0.4
 52784 102.90  37.47  2072   0.01
 52877 102.25  36.10  2834    0.3
 52968 101.47  35.03  3662   0.01
 52978 102.49  35.19  2948    0.2
 52982 103.55  35.48  1953    0.1
 52985 103.33  35.42  2162   0.01
 52988 103.72  35.37  2015   0.01
 52993 105.07  35.68  1739   0.01
 52995 104.62  35.58  1897   0.01
 52996 105.02  35.38  2450    0.6
 52998 104.20  35.13  2111    0.8
 53272 112.63  42.75  1104   0.01
 53324 107.05  41.07  1035    0.4
 53337 108.47  41.09  1023    2.3
 53343 109.97  41.77  1612    4.7
 53348 109.13  41.02  1078    7.4
 53357 110.05  41.03  1360    3.5
 53367 111.23  41.32  1602    1.5
 53368 111.47  41.08  1637    0.3
 53419 107.00  40.33  1055    1.4
 53420 107.12  40.85  1024    1.0
 53433 108.65  40.73  1020    6.6
 53455 110.53  40.55   998    1.8
 53457 110.03  40.40  1011    1.7
 53464 111.17  40.72  1042    0.5
 53467 111.18  40.27  1016    0.2
 53505 105.40  37.88  1380    0.1
 53512 106.80  39.80  1105    1.4
 53522 107.83  40.05  1180    5.2
 53533 108.71  39.81  1414    6.6
 53545 109.71  39.56  1367    2.6
 53547 109.03  39.10  1312    4.4
 53553 111.22  39.87  1221    0.3
 53567 111.00  39.02  1024   0.01
 53602 105.67  38.83  1561    0.7
 53603 106.37  38.83  1095    0.4
 53610 106.35  38.57  1106    0.5
 53611 106.55  38.88  1098    0.5
 53618 106.25  38.28  1113    0.1
 53619 106.30  38.12  1115    0.1
 53644 108.83  38.60  1307    3.1
 53658 110.48  38.03   894   0.01
 53660 111.08  39.02   894   0.01
 53727 107.12  37.17  1712   0.01
 53730 107.48  38.18  1333    3.9
 53732 108.72  37.85  1209    4.7
 53748 109.70  37.18  1063    2.7
 53750 110.18  37.77   931    1.4
 53751 110.05  37.60   894    2.0
 53829 107.90  35.98  1093    2.9
 53832 108.77  36.77  1218    5.4
 53841 109.32  36.88  1068    3.7
 53857 110.18  36.07   840   0.01
 53881 106.48  37.28  1382    0.1
 53906 105.71  35.52  1656    1.8
 53908 105.23  35.22  1768    1.2
 53914 106.12  35.62  2078    1.3
 53916 106.32  35.50  1948    2.4
 53917 106.07  35.22  1631    2.0
 53924 107.62  35.07   966    0.4
 53925 107.18  35.68  1172    4.1
 53926 107.35  35.35  1028    2.2
 53927 106.62  35.20  1477    1.5
 53928 107.02  35.30  1149    1.6
 53930 107.98  36.45  1271    4.1
 53934 107.98  35.78  1274    2.0
 53935 108.40  35.49  1481    1.5
 53937 107.92  35.52   979    1.7
 53938 108.30  35.17  1277    1.1
 53941 109.58  35.18   804   11.2
 53944 109.25  35.57   863    0.7
 53945 109.07  35.43  1395    1.9
 53946 109.82  35.60  1091    2.2
 53947 109.07  35.08   978    6.6
 53949 109.92  35.18   679    8.1
 53950 110.15  35.23   708    2.7
 53954 110.97  35.62   433   0.01
 53956 110.83  35.40   588    0.5
 53957 110.72  35.62   459    0.6
 53958 110.78  35.17   435    0.9
 53961 111.48  35.65   472   0.01
 53962 111.70  35.73   584   0.01
 53964 111.22  35.62   430   0.01
 53965 111.57  35.52   761    0.4
 53967 111.20  35.33   468   0.01
 56071 102.50  34.59  3190    0.2
 56081 103.35  34.70  2810    3.3
 56082 103.50  34.58  2540    4.9
 56091 104.47  34.85  1883    2.2
 56092 104.65  35.00  1728    1.4
 56094 104.37  33.78  1400   16.5
 56095 104.38  34.03  1753    9.4
 56097 104.25  33.27  1440    4.6
 56180 103.85  31.68  1590    2.2
 56183 103.62  31.50  1370   0.01
 56186 104.20  31.33   589   0.01
 56190 104.55  31.55   519    0.2
 56192 104.67  32.95  1014    0.5
 56193 104.52  32.42   893    2.4
 56194 104.45  31.63   597    0.1
 56195 104.73  31.80   543    0.5
 56273 102.82  30.39  1022    0.3
 56280 103.12  30.08   691   0.01
 56342  98.60  29.68  3870   0.01
 56441  99.28  28.72  2422   0.01
 56443  99.80  28.93  2842    1.1
 56474 102.17  28.55  1774    0.9
 56478 102.43  28.30  1818   0.01
 56641  98.87  26.90  1189    0.1
 56835  97.82  24.07   959   0.01
 56836  97.95  24.70   826   0.01
 56841  98.68  24.60  1528    0.1
 56844  98.58  24.43   913    0.2
 56854 100.13  24.45  1108   0.01
 56944  99.27  23.15  1278   0.01
 56962 101.67  23.42  1314   0.01
 56978 102.42  23.00  1642   0.01
 57001 105.33  34.75  1271    3.0
 57002 105.65  34.85  1216    2.2
 57003 106.83  34.90   924    2.6
 57004 104.88  34.73  1495    2.4
 57006 105.75  34.58  1141    2.9
 57007 105.18  34.18  1404    5.3
 57008 105.30  34.03  1579   10.5
 57011 106.15  34.75  1378    3.5
 57012 106.20  34.98  1664    2.2
 57016 107.13  34.35   612    0.7
 57020 107.40  34.37   563    0.2
 57021 107.13  34.65   751    0.2
 57022 107.78  34.68  1026    1.5
 57023 108.11  35.02   919    1.1
 57024 107.65  34.45   669    1.4
 57026 107.88  34.37   585    1.1
 57027 107.73  34.27   517    1.2
 57029 108.48  34.50   543    5.2
 57031 108.55  34.82  1012    7.8
 57032 108.20  34.13   436    1.9
 57033 108.82  34.55   428    8.8
 57035 108.23  34.55   636    5.2
 57038 108.45  34.28   410    3.7
 57039 108.88  34.08   445   11.8
 57040 109.08  34.52   377   14.2
 57041 108.92  34.63   424   10.8
 57042 109.18  34.78   470   12.7
 57043 109.97  34.80   351    3.9
 57044 109.23  34.40   424   12.5
 57045 109.48  34.52   349    8.4
 57047 109.32  34.17   540    7.1
 57053 110.72  34.70   505    2.7
 57054 110.23  34.55   556    3.1
 57055 110.13  34.59   342    3.8
 57056 110.86  34.54   484    3.8
 57057 110.15  34.10   963    9.4
 57061 111.20  34.83   410   0.01
 57063 111.77  34.77   523    0.5
 57066 111.67  34.40   408    0.7
 57070 112.12  34.73   364    0.2
 57102 105.72  33.75   970    9.0
 57105 105.60  33.33  1221   15.3
 57110 106.08  33.78   930    7.1
 57111 106.30  33.92   961    3.7
 57113 106.55  33.93   984    2.0
 57119 106.70  33.17   548    0.4
 57123 108.07  34.28   506    2.3
 57126 107.55  33.22   468    0.2
 57128 107.33  33.17   486    0.2
 57129 107.72  32.98   446   0.01
 57132 108.58  34.13   411    7.3
 57137 108.32  33.32   802    6.7
 57140 109.12  33.67   818    9.2
 57153 110.33  33.70   639   11.1
 57155 109.87  33.55   660   16.8
 57162 112.07  34.13   440    0.2
 57169 111.87  33.05   159    0.2
 57175 112.23  33.05   191    0.1
 57179 113.00  33.28   160   0.01
 57187 112.93  33.07   118    1.0
 57197 114.35  32.97    50    0.9
 57204 105.22  32.57   782    0.5
 57208 105.52  32.28   544   0.01
 57213 106.93  33.00   536    0.6
 57231 108.53  32.53   503   18.3
 57233 108.50  32.90   413   10.1
 57242 109.37  32.85   285   37.6
 57247 108.90  32.32   438   11.2
 57248 109.33  32.40   431    2.8
 57249 109.68  32.32   448    2.4
 57253 110.82  32.85   201    4.9
 57254 110.12  32.82   322   15.1
 57257 110.23  32.23   307    0.4
 57260 111.52  32.57   133   0.01
 57261 111.52  33.12   233    1.6
 57268 111.62  32.27   120    2.6
 57271 112.38  32.52    87    3.1
 57273 112.85  32.68   109    2.3
 57274 112.12  32.70   107    0.7
 57281 113.30  32.70   142    1.5
 57292 114.63  32.97    44   0.01
 57293 114.98  32.73    38    0.2
 57294 114.02  32.83    83    0.7
 57295 114.35  32.62    78    0.9
 57296 114.73  32.35    48    0.3
 57298 114.55  32.22    55    1.4
 57299 114.90  32.02    49    2.7
 57304 105.17  31.67   516   0.01
 57329 107.85  31.10   467   0.01
 57333 108.67  31.95   798    1.7
 57361 111.27  31.88   327    3.7
 57362 110.67  31.75   935    0.1
 57363 111.83  31.80   151    7.2
 57368 111.63  31.05   141    2.7
 57370 112.22  31.73    67    2.1
 57377 112.22  31.00   191    0.8
 57385 113.82  31.62    93    0.3
 57386 114.00  31.25    51    5.1
 57387 113.13  31.00    84    2.9
 57388 113.71  31.27    53    3.6
 57389 113.75  31.03    32    8.1
 57390 114.07  31.80   733    2.3
 57396 114.85  31.63   128    0.3
 57398 114.62  31.28    74    0.8
 57453 111.32  30.77   115    2.2
 57460 111.78  30.82    91    2.9
 57462 111.08  30.87   139    0.4
 57464 111.18  30.47   142    1.0
 57465 111.45  30.38    74    1.6
 57466 111.75  30.43    50    0.5
 57469 111.77  30.18    69    0.1
 57475 112.90  30.40    31    2.4
 57477 112.22  30.07    38    0.3
 57481 113.57  30.95    30   10.1
 57485 113.47  30.28    23    0.9
 57486 113.85  30.65    25    0.7
 57489 114.01  30.52    23    0.9
 57491 114.40  30.87    31    0.1
 57492 114.84  30.84    40    0.2
 57495 114.88  30.67    28    0.5
 57543 110.03  29.90   539    0.4
 57558 110.47  29.13   183    2.2
 57564 111.13  29.43   103   17.3
 57565 111.73  29.67    38   13.6
 57566 111.65  29.45    51   17.3
 57571 112.40  29.70    35    3.8
 57577 112.17  29.40    36    8.6
 57589 113.87  29.27   146    1.6
 57590 114.37  29.85    98   0.01
 57596 114.20  29.63   751    0.1
 57643 109.83  29.00   268   0.01
 57657 110.21  28.23   186    1.5
 57658 110.20  28.02   152    1.0
 57661 111.48  28.92    48    0.1
 57663 111.95  28.92    31    9.1
 57666 112.13  28.52    52   0.01
 57674 112.38  28.57    46   0.01
 57678 112.55  28.25    74    0.1
 57680 113.11  28.86    82   0.01
 57735 108.82  27.18   404    2.7
 57738 108.42  27.05   516   0.01
 57739 108.92  27.23   394    1.5
 57740 109.60  27.95   349   0.01
 57742 109.20  27.52   884    0.7
 57743 109.80  27.88   176    4.0
 57744 109.17  27.37   355    3.5
 57792 114.68  27.82    93   0.01
 57794 114.02  27.63   177    0.4
 57796 114.88  27.83   189   0.01
 57798 114.60  27.40    85    5.8
 57870 112.10  26.80   151    0.1
 57871 112.37  26.98    90   0.01
 57973 112.72  25.75   329    3.8
 57978 112.55  25.27   292    0.8
 58205 115.43  32.47    34   0.01
 58207 115.05  32.17    42    1.0
 58301 115.38  31.82    92   0.01
 58369 121.78  31.05     5   0.01
 58408 115.43  30.23    35    0.2
 58443 119.89  31.02    25   0.01
 58446 119.70  30.63    72   0.01
 58449 119.95  30.05    46    0.3
 58451 120.93  30.83     2    0.1
 58452 120.77  30.73     4    0.2
 58453 120.50  30.07     7    0.6
 58454 119.98  30.53   102    0.5
 58455 120.65  30.52     8    0.4
 58456 120.52  30.63     6    0.2
 58458 120.90  30.54     4    0.6
 58459 120.29  30.19    44    0.5
 58460 121.35  30.73     5    0.1
 58463 121.50  30.88     4    0.1
 58468 121.17  30.05     5    0.4
 58484 122.20  30.25    37    0.8
 58508 115.77  29.33    41   0.01
 58509 115.82  29.05    36   0.01
 58529 117.85  29.27   171   0.01
 58542 119.68  29.82    46    0.2
 58544 119.27  29.48    88    0.1
 58546 119.88  29.47   115    0.5
 58547 119.18  29.03    66   0.01
 58548 119.47  29.22    50    0.1
 58550 120.25  29.70    39    0.5
 58555 120.88  29.52   113    2.8
 58558 120.22  29.27    89    0.5
 58559 120.97  29.15   107    5.1
 58560 120.43  29.05   304   11.0
 58561 121.60  29.98     4    0.2
 58563 121.83  29.88     5    2.2
 58565 121.39  29.69    41    5.7
 58566 121.88  29.47     6    1.0
 58567 121.43  29.32    39    0.6
 58568 121.38  29.12    34    7.1
 58570 122.30  29.95    85    0.3
 58601 115.38  28.70    53    3.2
 58602 115.55  28.85    40    3.3
 58605 115.38  28.42    46    0.5
 58619 116.37  28.00    49   0.01
 58642 119.80  28.88   105    0.2
 58643 120.03  28.90   102    0.8
 58647 119.13  28.08   222    3.9
 58654 120.08  28.67   184    1.6
 58656 120.97  28.07    60    3.6
 58657 120.28  28.15    57   22.9
 58658 120.68  28.15    34   15.7
 58659 120.65  28.03    28    3.6
 58660 121.20  28.87     6    9.4
 58664 121.37  28.37    35    1.3
 58701 115.40  27.77    46    4.6
 58704 115.35  27.58   104   16.4
 58710 116.05  27.77    78    7.6
 58712 116.78  27.92   130   0.01
 59071 112.28  24.73   174    0.5
 59074 112.15  24.57   300    1.4
 59075 112.63  24.48    70   0.01
 59094 114.12  24.35   184   0.01
 59297 114.28  23.17    17   0.01
