diamond  3 2015年04月15日08点6小时降雨量                     
  15  04  15  08    -1 3 10 25 50 1 0
 39 122.7  37.3 122.5  36.7 120.8  36.2 119.3  35.0 120.4  34.3
 121.1  32.7 122.3  30.9 122.5  30.1 121.5  28.0 119.8  25.0
 116.1  22.6 111.0  21.0 111.0  18.6 109.6  18.1 108.3  18.5
 108.9  19.9 109.3  21.0 106.4  21.6 104.1  22.2 101.6  20.8
  98.7  22.0  97.1  24.1  97.7  27.0  91.7  26.6  85.7  27.7
  78.9  30.6  73.3  37.1  74.1  40.7  87.6  49.8  98.5  43.9
 110.4  44.3 122.0  54.7 135.7  48.3 131.5  42.2 125.2  39.4
 121.3  38.5 121.2  40.3 118.5  38.6 120.8  38.1
 1     107
 51137  82.93  46.20   715    1.3
 51435  82.23  43.47   774    0.5
 51436  83.30  43.45   928    1.1
 51438  81.77  43.18  1210    0.3
 56181 103.70  30.68   541    0.1
 56189 103.93  30.98   581    0.1
 56276 103.82  30.45   467    0.1
 56280 103.12  30.08   691    0.1
 56281 103.50  30.18   510    0.1
 56284 103.43  30.45   518    0.1
 56288 103.92  30.58   494    0.1
 56290 104.18  30.78   514    0.1
 56378 102.35  29.23   890    0.1
 56387 103.27  29.23   642    0.1
 56490 103.90  28.95   424    0.1
 56491 104.57  28.70   287    0.1
 56496 105.23  28.32   358    0.1
 56498 104.50  28.15   549    0.1
 56582 103.90  27.75  1176    0.1
 56592 104.52  28.43   359    0.1
 56594 104.05  27.63   880    0.3
 56595 104.87  27.42  1645    0.6
 57126 107.55  33.22   468    0.1
 57132 108.58  34.13   411    0.1
 57137 108.32  33.32   802    0.1
 57140 109.12  33.67   818    2.1
 57155 109.87  33.55   660    2.7
 57231 108.53  32.53   503    0.1
 57242 109.37  32.85   285    0.5
 57247 108.90  32.32   438    0.1
 57248 109.33  32.40   431    0.1
 57257 110.23  32.23   307    0.4
 57339 108.68  30.95   297    0.5
 57345 109.62  31.40   337    0.6
 57349 109.86  31.08   606    9.2
 57361 111.27  31.88   327    0.9
 57362 110.67  31.75   935    3.9
 57363 111.83  31.80   151    2.3
 57368 111.63  31.05   141    5.8
 57370 112.22  31.73    67    1.5
 57377 112.22  31.00   191    5.9
 57414 106.45  30.52   403    0.1
 57425 107.33  30.33   433    0.2
 57437 108.03  30.30   325    3.9
 57438 108.12  29.98   632    2.5
 57453 111.32  30.77   115    6.1
 57460 111.78  30.82    91    5.9
 57462 111.08  30.87   139    5.2
 57464 111.18  30.47   142    5.0
 57465 111.45  30.38    74    7.7
 57466 111.75  30.43    50    5.9
 57469 111.77  30.18    69    4.5
 57475 112.90  30.40    31    2.1
 57477 112.22  30.07    38    2.3
 57509 106.92  28.99   599    0.8
 57513 106.62  29.73   464    0.2
 57518 106.50  29.33   506    0.1
 57519 107.11  29.16   698    0.2
 57522 107.27  29.74   372    1.7
 57525 107.75  29.32   277    3.7
 57537 108.17  29.30   322    4.3
 57540 109.15  29.68   776   10.8
 57541 109.48  30.00   532   10.4
 57543 110.03  29.90   539    9.3
 57544 109.45  29.47   488   12.4
 57558 110.47  29.13   183    4.9
 57564 111.13  29.43   103    5.8
 57565 111.73  29.67    38    4.0
 57566 111.65  29.45    51    1.1
 57575 112.55  29.52    31    0.3
 57600 105.06  28.71   420    0.1
 57605 105.82  28.03   537    0.2
 57623 107.60  28.88   685    5.3
 57634 107.88  28.52   660    0.4
 57635 108.98  28.45   363    0.9
 57636 108.50  28.57   334    1.5
 57637 108.10  28.25   629    0.1
 57640 109.45  28.58   341    0.7
 57643 109.83  29.00   268    7.4
 57646 109.95  28.62   302    2.0
 57657 110.21  28.23   186    1.3
 57658 110.20  28.02   152    0.9
 57661 111.48  28.92    48    1.1
 57663 111.95  28.92    31    0.1
 57666 112.13  28.52    52    0.3
 57708 105.60  27.15  1700    0.3
 57714 106.23  27.47   942    0.1
 57735 108.82  27.18   404    1.7
 57737 108.12  27.03   547    0.2
 57738 108.42  27.05   516    0.7
 57739 108.92  27.23   394    1.5
 57740 109.60  27.95   349    0.1
 57742 109.20  27.52   884    0.6
 57743 109.80  27.88   176    0.8
 57744 109.17  27.37   355    2.3
 57754 109.84  27.21   252    5.9
 57760 111.43  27.70   249    0.7
 57762 111.70  27.69   165    0.5
 57763 112.00  27.68   205    1.8
 57767 111.01  27.13   308    1.5
 57768 111.45  27.32   242    0.1
 57800 105.37  26.77  1457    0.3
 57834 108.30  26.68   641    0.1
 57842 109.72  26.88   281    0.6
 57844 109.18  26.68   343    0.9
 57846 110.15  26.58   310    0.3
 57941 109.60  25.78   197    0.2
