diamond  3 2015年04月06日14点6小时降雨量                     
  15  04  06  14    -1 3 10 25 50 1 0
 39 122.7  37.3 122.5  36.7 120.8  36.2 119.3  35.0 120.4  34.3
 121.1  32.7 122.3  30.9 122.5  30.1 121.5  28.0 119.8  25.0
 116.1  22.6 111.0  21.0 111.0  18.6 109.6  18.1 108.3  18.5
 108.9  19.9 109.3  21.0 106.4  21.6 104.1  22.2 101.6  20.8
  98.7  22.0  97.1  24.1  97.7  27.0  91.7  26.6  85.7  27.7
  78.9  30.6  73.3  37.1  74.1  40.7  87.6  49.8  98.5  43.9
 110.4  44.3 122.0  54.7 135.7  48.3 131.5  42.2 125.2  39.4
 121.3  38.5 121.2  40.3 118.5  38.6 120.8  38.1
 1     536
 50778 132.53  47.67    57   0.01
 50779 134.28  48.37    40    0.2
 50884 131.15  46.63   175   0.01
 50892 134.00  46.80    54    0.3
 50958 126.93  45.53   168    0.1
 50964 128.80  45.83   119   0.01
 51329  80.85  44.05   640   0.01
 51352  85.25  44.85   337   0.01
 51430  81.15  43.83   602    0.8
 51434  81.53  43.97   770    0.6
 51436  83.30  43.45   928   0.01
 52745  99.02  37.30  3417    0.3
 52842  99.08  36.78  3087    0.4
 52855 101.25  36.68  2675    0.3
 52862 101.68  36.95  2450    0.2
 52863 101.95  36.82  2480   0.01
 52869 101.58  36.50  2667    0.4
 52874 102.41  36.49  2021   0.01
 52875 102.10  36.50  2125   0.01
 52877 102.25  36.10  2834    0.1
 52881 103.18  36.98  2484    0.2
 52885 103.25  36.75  2118    0.3
 52896 104.15  36.55  1738    0.3
 52968 101.47  35.03  3662    0.2
 52972 102.45  35.85  1921    0.2
 52978 102.49  35.19  2948    0.1
 52980 103.30  35.97  1648    0.7
 52981 103.38  35.68  2421    0.2
 52982 103.55  35.48  1953    0.6
 52988 103.72  35.37  2015    0.1
 52993 105.07  35.68  1739    0.1
 52995 104.62  35.58  1897    0.4
 52996 105.02  35.38  2450    0.6
 52998 104.20  35.13  2111    0.5
 53707 105.25  36.93  1697    0.1
 53829 107.90  35.98  1093   0.01
 53861 111.38  35.88   463   0.01
 53914 106.12  35.62  2078    0.2
 53916 106.32  35.50  1948    2.3
 53924 107.62  35.07   966    1.7
 53926 107.35  35.35  1028    0.2
 53927 106.62  35.20  1477    0.7
 53928 107.02  35.30  1149    0.6
 53935 108.40  35.49  1481   0.01
 53938 108.30  35.17  1277    1.0
 53941 109.58  35.18   804    0.6
 53944 109.25  35.57   863   0.01
 53945 109.07  35.43  1395    0.4
 53947 109.07  35.08   978    2.1
 53949 109.92  35.18   679    1.2
 53950 110.15  35.23   708   0.01
 53958 110.78  35.17   435    2.1
 53965 111.57  35.52   761   0.01
 53967 111.20  35.33   468    2.0
 53972 112.90  35.05   117   0.01
 53978 112.63  35.08   140    0.1
 54069 125.80  44.12   173    0.4
 54072 126.52  44.85   196    0.6
 54080 127.15  44.90   194    1.0
 54172 126.53  43.87   290    0.9
 54261 125.47  42.67   345   0.01
 54371 126.43  41.93   520   0.01
 56034  97.13  33.80  4415   0.01
 56045  99.90  33.97  4050    0.2
 56071 102.50  34.59  3190   0.01
 56081 103.35  34.70  2810    0.1
 56082 103.50  34.58  2540   0.01
 56091 104.47  34.85  1883    0.4
 56092 104.65  35.00  1728    0.8
 56094 104.37  33.78  1400   0.01
 56095 104.38  34.03  1753    0.5
 56097 104.25  33.27  1440   0.01
 56109  93.78  31.48  3940    0.2
 56147  98.83  31.22  3260   0.01
 56158 100.67  31.40  3250   0.01
 56171 101.70  32.90  3275    0.1
 56180 103.85  31.68  1590    0.1
 56181 103.70  30.68   541    0.8
 56185 102.98  32.08  2400    0.2
 56190 104.55  31.55   519   0.01
 56192 104.67  32.95  1014   0.01
 56193 104.52  32.42   893   0.01
 56195 104.73  31.80   543   0.01
 56197 104.17  31.15   535    0.2
 56272 103.88  30.82   558   0.01
 56273 102.82  30.39  1022   0.01
 56276 103.82  30.45   467    0.2
 56278 102.77  30.07   755    2.6
 56279 102.93  30.15   682    0.3
 56280 103.12  30.08   691    2.5
 56281 103.50  30.18   510    7.1
 56284 103.43  30.45   518    2.3
 56285 103.52  30.60   523    2.0
 56288 103.92  30.58   494    0.2
 56289 103.87  30.20   437   0.01
 56317  94.22  29.22  2950    1.5
 56373 102.85  29.78   763   0.01
 56380 103.35  29.88   571    3.7
 56381 103.50  30.07   630    1.1
 56382 103.55  29.75   475    0.6
 56383 103.87  29.83   455    0.3
 56384 103.48  29.60   446    2.4
 56387 103.27  29.23   642    0.1
 56389 103.95  29.20   387    0.2
 56391 103.82  30.08   415   0.01
 56393 104.85  29.77   369   0.01
 56480 103.53  28.82   564    0.1
 56483 103.95  28.58   496   0.01
 56490 103.90  28.95   424    4.3
 56494 104.33  28.84   386    1.8
 56496 105.23  28.32   358    2.1
 56497 104.23  28.10   448    0.1
 56498 104.50  28.15   549    1.4
 56499 104.78  28.38   368    0.3
 56592 104.52  28.43   359    0.3
 56593 104.92  28.58   279    0.2
 56641  98.87  26.90  1189    2.1
 56645  99.42  26.42  2344    0.1
 56742  99.37  25.90  1658    0.2
 56745  99.95  25.68  1626   0.01
 56755 100.40  25.39  1711    0.4
 56756 100.58  25.48  1992    0.1
 56757 100.28  25.27  1742    0.5
 56764 101.23  25.53  1873    0.1
 56788 103.62  24.98  1857   0.01
 56835  97.82  24.07   959   0.01
 56836  97.95  24.70   826   0.01
 56839  98.82  23.77   995   0.01
 56840  98.30  24.82  1012    0.1
 56841  98.68  24.60  1528   0.01
 56843  99.62  24.83  1650   0.01
 56844  98.58  24.43   913    0.1
 56846  99.93  24.58  1569    0.1
 56849  99.23  24.03  1606    0.2
 56851 100.53  25.04  1377   0.01
 56854 100.13  24.45  1108   0.01
 56870 102.18  24.66  1600    0.8
 56871 102.60  24.65  1893    0.5
 56873 102.92  24.68  1796   0.01
 56876 102.77  24.28  1731    0.2
 56878 102.75  24.13  1801    0.8
 56879 102.91  24.19  1702    0.5
 56882 102.83  24.91  1976    0.9
 56952 100.70  23.50   913   0.01
 56962 101.67  23.42  1314   0.01
 56970 102.48  23.70  1419    0.8
 56976 102.85  23.22   312   0.01
 56984 103.15  23.38  1720    0.2
 57001 105.33  34.75  1271    0.2
 57002 105.65  34.85  1216   0.01
 57003 106.83  34.90   924    0.5
 57004 104.88  34.73  1495    0.8
 57006 105.75  34.58  1141   0.01
 57007 105.18  34.18  1404    0.1
 57008 105.30  34.03  1579    0.4
 57016 107.13  34.35   612    1.6
 57020 107.40  34.37   563    1.4
 57021 107.13  34.65   751    1.5
 57022 107.78  34.68  1026    0.9
 57023 108.11  35.02   919    1.2
 57024 107.65  34.45   669    1.2
 57026 107.88  34.37   585    1.2
 57027 107.73  34.27   517    2.0
 57029 108.48  34.50   543    0.8
 57031 108.55  34.82  1012    1.1
 57032 108.20  34.13   436    3.4
 57033 108.82  34.55   428    1.9
 57035 108.23  34.55   636    1.3
 57038 108.45  34.28   410    7.5
 57039 108.88  34.08   445    4.4
 57040 109.08  34.52   377    0.9
 57041 108.92  34.63   424    1.5
 57042 109.18  34.78   470    1.0
 57043 109.97  34.80   351    2.5
 57044 109.23  34.40   424    1.4
 57045 109.48  34.52   349    0.8
 57047 109.32  34.17   540    3.8
 57053 110.72  34.70   505    4.4
 57054 110.23  34.55   556    4.1
 57055 110.13  34.59   342    3.0
 57056 110.86  34.54   484    4.7
 57057 110.15  34.10   963    2.4
 57060 111.23  35.17   402    0.8
 57061 111.20  34.83   410    3.5
 57063 111.77  34.77   523    0.6
 57065 112.13  34.55   317   0.01
 57066 111.67  34.40   408    0.2
 57070 112.12  34.73   364    0.3
 57072 112.75  34.92   127    0.1
 57074 112.40  34.42   252    0.1
 57076 112.78  34.73   189   0.01
 57079 113.03  34.95   106   0.01
 57084 113.05  34.49  1178   0.01
 57102 105.72  33.75   970    1.0
 57105 105.60  33.33  1221    2.8
 57110 106.08  33.78   930    1.6
 57111 106.30  33.92   961    0.8
 57113 106.55  33.93   984    0.3
 57119 106.70  33.17   548    3.7
 57123 108.07  34.28   506    2.9
 57126 107.55  33.22   468    2.8
 57128 107.33  33.17   486    3.3
 57129 107.72  32.98   446    1.5
 57132 108.58  34.13   411    4.7
 57137 108.32  33.32   802    0.9
 57140 109.12  33.67   818    1.2
 57153 110.33  33.70   639    0.8
 57155 109.87  33.55   660    2.6
 57169 111.87  33.05   159    0.1
 57173 112.88  33.75   145   0.01
 57177 113.53  33.33    89   0.01
 57179 113.00  33.28   160    0.3
 57182 113.52  33.85    80   0.01
 57185 113.58  33.45    91    0.1
 57187 112.93  33.07   118    0.1
 57188 114.03  33.37    55   0.01
 57189 113.95  33.13    64    0.1
 57197 114.35  32.97    50   0.01
 57204 105.22  32.57   782    0.3
 57208 105.52  32.28   544   0.01
 57213 106.93  33.00   536    7.2
 57216 106.83  32.35   579    1.0
 57217 106.28  32.23   485    0.7
 57231 108.53  32.53   503    0.5
 57233 108.50  32.90   413    2.0
 57242 109.37  32.85   285    0.7
 57247 108.90  32.32   438    1.7
 57248 109.33  32.40   431    4.5
 57249 109.68  32.32   448    5.8
 57253 110.82  32.85   201    0.8
 57254 110.12  32.82   322    3.3
 57257 110.23  32.23   307    3.5
 57260 111.52  32.57   133    0.2
 57268 111.62  32.27   120    1.0
 57271 112.38  32.52    87    0.7
 57273 112.85  32.68   109    0.3
 57274 112.12  32.70   107    0.2
 57281 113.30  32.70   142    1.5
 57292 114.63  32.97    44    0.1
 57293 114.98  32.73    38   0.01
 57294 114.02  32.83    83    0.2
 57295 114.35  32.62    78    0.5
 57296 114.73  32.35    48    1.0
 57298 114.55  32.22    55    1.4
 57299 114.90  32.02    49    3.2
 57303 105.92  31.73   459    1.1
 57309 105.88  30.98   378    0.6
 57314 106.07  31.35   405    1.6
 57315 106.40  31.53   655    3.7
 57317 106.42  31.03   324    0.1
 57318 106.55  31.07   338    3.0
 57320 107.22  31.93   482    0.3
 57324 107.08  31.58   364    2.0
 57326 107.72  31.37   389    2.6
 57329 107.85  31.10   467    0.9
 57333 108.67  31.95   798    5.2
 57338 108.42  31.18   216    4.1
 57339 108.68  30.95   297    3.7
 57345 109.62  31.40   337    4.4
 57349 109.86  31.08   606    0.9
 57361 111.27  31.88   327    4.1
 57362 110.67  31.75   935    2.8
 57363 111.83  31.80   151    0.4
 57368 111.63  31.05   141    2.1
 57370 112.22  31.73    67    2.3
 57377 112.22  31.00   191    3.5
 57385 113.82  31.62    93    4.5
 57386 114.00  31.25    51    1.1
 57387 113.13  31.00    84    0.5
 57388 113.71  31.27    53    1.7
 57389 113.75  31.03    32    2.5
 57390 114.07  31.80   733    3.6
 57396 114.85  31.63   128    3.5
 57398 114.62  31.28    74    2.4
 57401 105.37  30.87   383   0.01
 57402 105.70  30.77   394   0.01
 57407 105.03  30.28   462   0.01
 57408 105.35  30.12   338    0.2
 57409 105.80  30.18   297    0.1
 57413 106.97  30.85   295    0.7
 57414 106.45  30.52   403    1.6
 57415 106.63  30.53   394    1.1
 57416 106.93  30.33   391    0.3
 57417 106.28  30.35   315    2.8
 57420 107.19  30.75   418    2.2
 57425 107.33  30.33   433    0.1
 57431 108.35  30.83   257    2.5
 57453 111.32  30.77   115    0.4
 57460 111.78  30.82    91    3.2
 57462 111.08  30.87   139    1.6
 57464 111.18  30.47   142    2.9
 57465 111.45  30.38    74    1.4
 57466 111.75  30.43    50    2.6
 57469 111.77  30.18    69    4.5
 57475 112.90  30.40    31    7.9
 57477 112.22  30.07    38    7.2
 57481 113.57  30.95    30    3.3
 57485 113.47  30.28    23   12.1
 57486 113.85  30.65    25    5.8
 57489 114.01  30.52    23    8.0
 57491 114.40  30.87    31    6.6
 57492 114.84  30.84    40    9.1
 57495 114.88  30.67    28   13.0
 57496 114.87  30.37    31   25.0
 57498 114.94  30.52    26   21.4
 57499 114.88  30.07    40   27.4
 57505 105.58  29.42   338    1.0
 57510 106.07  29.85   326    1.9
 57511 106.45  29.85   240    7.5
 57513 106.62  29.73   464    3.6
 57514 106.22  29.58   331    2.4
 57518 106.50  29.33   506    0.5
 57537 108.17  29.30   322   0.01
 57540 109.15  29.68   776    0.9
 57541 109.48  30.00   532    1.3
 57543 110.03  29.90   539   0.01
 57544 109.45  29.47   488    0.3
 57558 110.47  29.13   183    2.9
 57564 111.13  29.43   103    4.2
 57565 111.73  29.67    38    8.3
 57566 111.65  29.45    51   12.5
 57571 112.40  29.70    35   12.6
 57575 112.55  29.52    31   13.7
 57577 112.17  29.40    36    7.7
 57582 113.88  29.72    46   25.1
 57585 113.45  29.48    60   16.5
 57586 114.03  29.53    78    7.3
 57589 113.87  29.27   146    4.5
 57590 114.37  29.85    98   31.3
 57596 114.20  29.63   751   14.5
 57600 105.06  28.71   420   0.01
 57603 105.83  28.82   283    0.2
 57605 105.82  28.03   537   0.01
 57609 105.70  28.58   317    0.3
 57634 107.88  28.52   660   0.01
 57635 108.98  28.45   363    0.3
 57637 108.10  28.25   629    0.2
 57640 109.45  28.58   341    2.1
 57643 109.83  29.00   268    1.1
 57646 109.95  28.62   302    1.7
 57657 110.21  28.23   186    0.1
 57658 110.20  28.02   152    1.8
 57661 111.48  28.92    48    8.5
 57663 111.95  28.92    31    0.5
 57666 112.13  28.52    52    3.0
 57674 112.38  28.57    46    0.1
 57678 112.55  28.25    74   0.01
 57680 113.11  28.86    82    0.5
 57688 113.63  28.16   101    0.3
 57694 114.38  28.53   259    0.7
 57698 114.45  28.12    98    0.5
 57699 114.92  28.23    66    0.1
 57708 105.60  27.15  1700    0.2
 57714 106.23  27.47   942   0.01
 57717 106.83  27.53   974   0.01
 57719 106.97  27.07  1275    0.3
 57720 107.17  27.88   889   0.01
 57723 107.72  27.98   710    0.3
 57728 107.47  27.07  1096   0.01
 57735 108.82  27.18   404    0.1
 57736 108.85  27.70   369    0.1
 57737 108.12  27.03   547   0.01
 57738 108.42  27.05   516   0.01
 57739 108.92  27.23   394   0.01
 57740 109.60  27.95   349    0.8
 57742 109.20  27.52   884    1.6
 57743 109.80  27.88   176    1.6
 57744 109.17  27.37   355   0.01
 57754 109.84  27.21   252    0.2
 57760 111.43  27.70   249   0.01
 57762 111.70  27.69   165   0.01
 57763 112.00  27.68   205    0.2
 57771 112.53  27.93    88   0.01
 57773 112.83  27.88    63   0.01
 57781 113.50  27.65    74   0.01
 57783 113.82  27.88   118    0.3
 57786 113.85  27.63   117   0.01
 57792 114.68  27.82    93    0.3
 57794 114.02  27.63   177   0.01
 57796 114.88  27.83   189    0.1
 57800 105.37  26.77  1457   0.01
 57811 106.60  26.83  1296   0.01
 57813 106.47  26.57  1261   0.01
 57821 107.50  26.70   925   0.01
 57822 107.90  26.90   835    0.3
 57824 107.23  26.58  1001   0.01
 57828 107.58  26.50   983    0.4
 57829 107.80  26.20   963    0.1
 57834 108.30  26.68   641   0.01
 57842 109.72  26.88   281    0.1
 57844 109.18  26.68   343    0.1
 57851 110.83  26.46   346    0.1
 57859 110.63  26.03   408   0.01
 57867 111.28  26.40   169   0.01
 57883 114.28  26.75   253    0.1
 57895 114.78  26.47   101   0.01
 57915 106.77  26.63  1104   0.01
 57960 111.07  25.93   195   0.01
 57975 112.20  25.38   277   0.01
 58100 115.17  33.65    41    0.1
 58112 116.45  30.73   968   17.9
 58205 115.43  32.47    34    0.4
 58207 115.05  32.17    42    2.4
 58210 116.23  32.65    25    0.1
 58214 116.30  32.37    27    0.3
 58222 117.55  32.85    24   0.01
 58223 117.98  32.80    31    0.1
 58224 117.02  32.65    32    0.1
 58230 118.28  32.12    26    3.6
 58234 118.42  32.47    40    0.4
 58235 118.85  32.37    10    1.9
 58237 118.59  32.07    46    3.2
 58242 119.16  32.30    22    1.9
 58244 119.59  32.45     5    0.8
 58245 119.42  32.41     9    1.2
 58246 119.99  32.56     2    0.4
 58247 119.80  32.27     3    0.1
 58249 120.05  32.16     6    0.7
 58257 120.26  31.99     4    1.4
 58264 121.18  32.33     3    0.1
 58268 121.08  32.10     4    1.2
 58269 121.65  31.78     3    2.8
 58301 115.38  31.82    92    3.2
 58306 115.88  31.68    95    3.9
 58316 116.92  31.47    23    8.7
 58317 116.37  30.87   434   21.2
 58320 117.13  31.73    21    5.2
 58323 117.47  31.88    25    3.8
 58327 117.28  31.27    45   20.3
 58329 117.87  31.33     9   17.7
 58330 118.08  31.75    26    6.5
 58331 118.37  31.73    22    7.1
 58334 118.37  31.38     9   10.9
 58335 118.52  31.57    23    6.8
 58337 118.18  31.08    26   17.0
 58339 118.90  31.33    15    5.8
 58340 119.03  31.66    25    4.7
 58341 119.59  31.98     6    2.9
 58342 119.55  31.72     6    3.4
 58344 119.20  31.96    36    4.3
 58346 119.81  31.34    16    9.1
 58349 120.56  31.41     8    1.5
 58351 120.30  31.90     4    3.9
 58352 120.77  31.65     4    0.4
 58353 120.57  31.86    11    1.9
 58359 120.62  31.13     4    0.3
 58360 121.20  31.92     3    1.5
 58361 121.37  31.10     5    1.6
 58365 121.25  31.37     4    1.9
 58366 121.49  31.67     4    2.4
 58367 121.43  31.20     4    1.4
 58369 121.78  31.05     5    3.8
 58370 121.53  31.23     4    1.8
 58377 121.11  31.51     5    0.8
 58401 115.40  30.75   123   23.8
 58404 115.22  30.47    61   25.7
 58408 115.43  30.23    35   20.1
 58409 115.93  30.10    32   18.3
 58415 116.55  30.67    64   19.9
 58416 116.82  30.75    35   17.5
 58417 116.13  30.17    54   10.8
 58418 116.67  30.13    60    9.8
 58420 117.23  30.72    58   21.7
 58421 117.87  30.63    31   17.3
 58423 117.78  30.48   647    8.8
 58426 118.13  30.30   193    1.0
 58427 117.50  30.65    15   27.2
 58428 117.50  30.22   118    9.0
 58431 118.32  30.90    39   16.0
 58432 118.40  30.68    57    8.6
 58433 118.75  30.93    31   21.0
 58435 118.53  30.30   220    1.9
 58438 118.58  30.08   191    0.1
 58441 119.42  30.87    43    0.5
 58442 119.18  31.17    16    9.8
 58443 119.89  31.02    25    0.4
 58446 119.70  30.63    72    0.3
 58449 119.95  30.05    46    0.2
 58451 120.93  30.83     2    0.2
 58452 120.77  30.73     4   0.01
 58453 120.50  30.07     7    8.1
 58454 119.98  30.53   102    0.2
 58455 120.65  30.52     8    0.6
 58456 120.52  30.63     6   0.01
 58458 120.90  30.54     4    3.0
 58459 120.29  30.19    44    3.2
 58460 121.35  30.73     5    2.7
 58461 121.12  31.13     4    1.0
 58462 121.23  31.03     4    1.1
 58463 121.50  30.88     4    3.1
 58468 121.17  30.05     5    1.8
 58501 115.63  29.92    23   17.4
 58502 116.02  29.67    74    4.7
 58503 115.67  29.70    41    8.2
 58505 115.90  29.62    63    2.7
 58507 115.12  29.25   116    2.3
 58508 115.77  29.33    41   0.01
 58509 115.82  29.05    36   0.01
 58510 116.23  29.73    40   10.0
 58512 116.55  29.90    71   12.2
 58514 116.05  29.45    37   0.01
 58517 116.20  29.27    35   0.01
 58523 117.93  29.93   227    0.1
 58524 117.22  29.37    87    0.7
 58529 117.85  29.27   171    0.1
 58530 118.43  29.87   168    2.0
 58534 118.18  29.78   170    0.5
 58542 119.68  29.82    46    0.6
 58544 119.27  29.48    88    0.2
 58546 119.88  29.47   115   0.01
 58547 119.18  29.03    66    0.1
 58548 119.47  29.22    50   0.01
 58550 120.25  29.70    39    0.5
 58558 120.22  29.27    89   0.01
 58565 121.39  29.69    41    0.1
 58566 121.88  29.47     6    0.1
 58605 115.38  28.42    46    0.1
 58612 116.68  28.70    21    0.1
 58615 117.08  28.68    56   0.01
 58616 116.82  28.20    40   0.01
 58623 117.92  28.47    90   0.01
 58631 118.50  28.90   137    0.2
 58632 118.60  28.72   126   0.01
 58642 119.80  28.88   105   0.01
 58643 120.03  28.90   102   0.01
 58654 120.08  28.67   184   0.01
 58656 120.97  28.07    60   0.01
 58658 120.68  28.15    34   0.01
 58659 120.65  28.03    28   0.01
 58664 121.37  28.37    35    0.1
 58704 115.35  27.58   104   0.01
 58707 115.13  27.22    66    0.3
 58751 120.57  27.67   254    0.3
 59127 117.83  24.43    32   0.01
 59129 117.60  24.13    53    8.9
 59322 117.37  23.98    22   0.01
