diamond  3 2015年04月21日14点6小时降雨量                     
  15  04  21  14    -1 3 10 25 50 1 0
 39 122.7  37.3 122.5  36.7 120.8  36.2 119.3  35.0 120.4  34.3
 121.1  32.7 122.3  30.9 122.5  30.1 121.5  28.0 119.8  25.0
 116.1  22.6 111.0  21.0 111.0  18.6 109.6  18.1 108.3  18.5
 108.9  19.9 109.3  21.0 106.4  21.6 104.1  22.2 101.6  20.8
  98.7  22.0  97.1  24.1  97.7  27.0  91.7  26.6  85.7  27.7
  78.9  30.6  73.3  37.1  74.1  40.7  87.6  49.8  98.5  43.9
 110.4  44.3 122.0  54.7 135.7  48.3 131.5  42.2 125.2  39.4
 121.3  38.5 121.2  40.3 118.5  38.6 120.8  38.1
 1     101
 50445 123.73  50.58   423   0.01
 50566 128.47  49.55   116    0.1
 50645 124.48  48.48   195   0.01
 50646 124.85  48.48   202   0.01
 50673 130.40  48.88    90    0.1
 50772 129.23  48.10   288   0.01
 50779 134.28  48.37    40    2.1
 50787 131.84  47.31    62   0.01
 50892 134.00  46.80    54   0.01
 51328  80.42  44.20   770   0.01
 51329  80.85  44.05   640    0.5
 51430  81.15  43.83   602    5.4
 51434  81.53  43.97   770    6.9
 51435  82.23  43.47   774    2.5
 51436  83.30  43.45   928    0.5
 51438  81.77  43.18  1210    1.5
 53498 115.03  40.57   629    0.1
 53925 107.18  35.68  1172    0.1
 53958 110.78  35.17   435   0.01
 54362 125.73  41.67   380    0.7
 54371 126.43  41.93   520   0.01
 54424 117.12  40.17    32   0.01
 54494 124.07  40.47    72    0.2
 56016  95.62  33.85  4179   0.01
 56034  97.13  33.80  4415    2.0
 56095 104.38  34.03  1753    0.1
 56109  93.78  31.48  3940    1.1
 56164 100.98  32.27  3284    0.1
 56181 103.70  30.68   541    0.2
 56272 103.88  30.82   558   0.01
 56273 102.82  30.39  1022    0.1
 56276 103.82  30.45   467    0.2
 56278 102.77  30.07   755    4.1
 56279 102.93  30.15   682    1.6
 56280 103.12  30.08   691    0.9
 56285 103.52  30.60   523    1.3
 56289 103.87  30.20   437   0.01
 56373 102.85  29.78   763    0.2
 56380 103.35  29.88   571    0.1
 56387 103.27  29.23   642    0.3
 56394 104.43  29.45   384   0.01
 56473 102.77  28.95  1060   0.01
 56480 103.53  28.82   564    0.1
 56585 103.56  27.19  1952    0.2
 56835  97.82  24.07   959   12.6
 56836  97.95  24.70   826    0.3
 56839  98.82  23.77   995    1.4
 56840  98.30  24.82  1012   0.01
 56841  98.68  24.60  1528    0.1
 56842  99.18  24.73  1471   0.01
 56844  98.58  24.43   913    0.1
 56849  99.23  24.03  1606    1.0
 56944  99.27  23.15  1278    7.4
 56948  99.60  22.63  1155    5.1
 56949  99.60  22.32   945    0.8
 57027 107.73  34.27   517    0.1
 57039 108.88  34.08   445   0.01
 57043 109.97  34.80   351   0.01
 57044 109.23  34.40   424   0.01
 57045 109.48  34.52   349   0.01
 57047 109.32  34.17   540   0.01
 57053 110.72  34.70   505    2.4
 57054 110.23  34.55   556    1.2
 57055 110.13  34.59   342    0.5
 57056 110.86  34.54   484    3.3
 57057 110.15  34.10   963   0.01
 57060 111.23  35.17   402   0.01
 57061 111.20  34.83   410    2.1
 57063 111.77  34.77   523   0.01
 57066 111.67  34.40   408    2.4
 57070 112.12  34.73   364   0.01
 57074 112.40  34.42   252   0.01
 57078 112.47  34.15   336   0.01
 57132 108.58  34.13   411   0.01
 57155 109.87  33.55   660    0.1
 57162 112.07  34.13   440    0.1
 57176 112.42  33.48   231    0.5
 57242 109.37  32.85   285    1.7
 57247 108.90  32.32   438    0.8
 57248 109.33  32.40   431    1.8
 57249 109.68  32.32   448    0.3
 57253 110.82  32.85   201    1.4
 57732 108.40  28.02   456   0.01
 57800 105.37  26.77  1457    0.1
 57837 108.07  26.40   839   0.01
 57851 110.83  26.46   346    0.1
 57870 112.10  26.80   151    0.1
 58420 117.23  30.72    58    0.1
 58923 117.83  25.70   400   0.01
 58932 118.93  25.87    85    0.1
 58942 119.38  25.72    39    0.1
 58946 119.00  25.45    81   0.01
 59122 117.75  24.62    43    0.2
 59124 117.38  24.52    53   0.01
 59125 117.30  24.38   108    0.1
 59137 118.57  24.82    56   0.01
 59312 116.70  23.67    60   0.01
 59313 116.98  23.68    44   0.01
 59314 116.13  23.30    29   0.01
 59318 116.58  23.27     5    0.1
 59319 116.83  23.43     4   0.01
