diamond  3 2015年04月10日14点6小时降雨量                     
  15  04  10  14    -1 3 10 25 50 1 0
 39 122.7  37.3 122.5  36.7 120.8  36.2 119.3  35.0 120.4  34.3
 121.1  32.7 122.3  30.9 122.5  30.1 121.5  28.0 119.8  25.0
 116.1  22.6 111.0  21.0 111.0  18.6 109.6  18.1 108.3  18.5
 108.9  19.9 109.3  21.0 106.4  21.6 104.1  22.2 101.6  20.8
  98.7  22.0  97.1  24.1  97.7  27.0  91.7  26.6  85.7  27.7
  78.9  30.6  73.3  37.1  74.1  40.7  87.6  49.8  98.5  43.9
 110.4  44.3 122.0  54.7 135.7  48.3 131.5  42.2 125.2  39.4
 121.3  38.5 121.2  40.3 118.5  38.6 120.8  38.1
 1     250
 50431 121.52  50.78   717    0.7
 50445 123.73  50.58   423    0.3
 50524 119.43  49.32   576   0.01
 50526 120.70  49.28   668    0.1
 50655 126.18  48.50   266    0.1
 50659 126.25  48.03   291    0.5
 50673 130.40  48.88    90    0.2
 50674 129.43  48.57   404    0.9
 50750 125.30  47.90   226   0.01
 50772 129.23  48.10   288    2.3
 50775 130.20  47.34   182   0.01
 50778 132.53  47.67    57   0.01
 50779 134.28  48.37    40    0.1
 50861 127.48  46.89   182   0.01
 50878 130.72  47.00    78    0.4
 50884 131.15  46.63   175   0.01
 50892 134.00  46.80    54    4.0
 50965 128.27  45.43   167    0.2
 50971 131.02  45.77   223    0.9
 50979 130.23  45.27   274    4.8
 50985 131.87  45.55   151    0.8
 50987 131.09  45.26   219    1.2
 52881 103.18  36.98  2484    0.4
 52885 103.25  36.75  2118   0.01
 53771 112.05  37.42   750    0.1
 53928 107.02  35.30  1149   0.01
 53941 109.58  35.18   804   0.01
 53945 109.07  35.43  1395    0.9
 54092 129.40  44.60   292   0.01
 54093 130.55  44.93   266    1.1
 54099 131.13  44.08   148    0.9
 54187 128.92  43.12   366    0.3
 54192 130.27  43.70   384    0.2
 54274 125.99  42.69   306   0.01
 54279 126.58  42.05   544    0.1
 54290 129.40  42.77   241   0.01
 54291 130.28  42.90    36    0.1
 54293 129.83  42.95   142    0.4
 56016  95.62  33.85  4179    1.8
 56034  97.13  33.80  4415    0.3
 56128  96.60  31.22  3810    1.8
 56147  98.83  31.22  3260    0.4
 56158 100.67  31.40  3250   0.01
 56183 103.62  31.50  1370    0.1
 56280 103.12  30.08   691   0.01
 56281 103.50  30.18   510    0.1
 56291 104.28  30.93   469   0.01
 56342  98.60  29.68  3870    0.2
 56378 102.35  29.23   890    0.1
 56382 103.55  29.75   475   0.01
 56389 103.95  29.20   387   0.01
 56395 104.67  29.52   351   0.01
 56396 104.77  29.35   352   0.01
 56441  99.28  28.72  2422   0.01
 56443  99.80  28.93  2842    0.1
 56473 102.77  28.95  1060   0.01
 56487 103.13  28.33  1943   0.01
 56493 104.97  28.85   292   0.01
 56575 102.55  27.37  1428   0.01
 56580 102.80  27.72  2460    0.5
 56585 103.56  27.19  1952    0.1
 56641  98.87  26.90  1189    4.3
 56697 104.08  26.22  1984   0.01
 56772 102.50  25.23  1692    0.2
 56782 103.55  25.42  2067   0.01
 56790 104.25  25.68  1925   0.01
 56839  98.82  23.77   995    0.2
 56846  99.93  24.58  1569   0.01
 56849  99.23  24.03  1606   0.01
 56867 101.12  23.98  1105    0.2
 56869 101.97  24.07  1497    0.5
 56873 102.92  24.68  1796   0.01
 56876 102.77  24.28  1731    4.8
 56878 102.75  24.13  1801    3.8
 56879 102.91  24.19  1702    0.6
 56880 103.17  24.92  1532   0.01
 56883 103.98  24.82  1900    0.1
 56885 103.45  24.40  1415    0.1
 56889 104.17  24.05  1518    0.2
 56891 104.32  24.98  1482    0.1
 56898 102.41  24.18  1600    0.2
 56944  99.27  23.15  1278    0.3
 56948  99.60  22.63  1155    3.0
 56949  99.60  22.32   945    6.2
 56950  99.80  23.47  1044   0.01
 56952 100.70  23.50   913    0.2
 56958 100.47  21.96  1222    5.3
 56961 101.05  23.03  1336    3.4
 56962 101.67  23.42  1314    0.5
 56970 102.48  23.70  1419    0.1
 56973 102.83  23.62  1309    0.2
 56975 102.43  23.37   974    1.2
 56976 102.85  23.22   312    1.2
 56978 102.42  23.00  1642    4.9
 56982 103.29  23.70  1117    0.2
 56984 103.15  23.38  1720    2.6
 56987 103.23  22.78  1260   12.0
 56989 103.95  22.50   137    5.4
 56992 104.70  23.45  1507    0.3
 56994 104.28  23.33  1293    0.6
 56995 104.42  23.03  1332    0.3
 56996 104.70  23.13  1093   0.01
 57085 113.33  34.53   259   0.01
 57507 105.30  29.33   385    0.1
 57513 106.62  29.73   464    0.1
 57600 105.06  28.71   420    0.2
 57714 106.23  27.47   942   0.01
 57760 111.43  27.70   249    0.2
 57762 111.70  27.69   165    0.3
 57763 112.00  27.68   205    0.2
 57768 111.45  27.32   242    0.1
 57777 112.87  27.23    63   0.01
 57778 112.95  27.09    70   0.01
 57786 113.85  27.63   117   0.01
 57859 110.63  26.03   408    1.1
 57868 111.86  26.59   113    0.2
 57875 112.68  26.75   137    0.8
 57876 112.83  26.43   135    0.4
 57881 113.25  26.72   101    0.2
 57882 113.55  26.79   136    0.3
 57883 114.28  26.75   253    0.1
 57886 113.80  26.48   268    0.6
 57887 113.12  26.12   167    1.1
 57895 114.78  26.47   101    2.5
 57927 107.18  24.97   287    0.1
 57941 109.60  25.78   197   0.01
 57942 110.00  25.80   268   0.01
 57948 109.25  25.08   122    1.2
 57949 110.00  24.98   156    0.6
 57954 110.18  25.23   157    1.5
 57955 110.67  25.62   224    1.1
 57956 110.32  25.42   167    1.3
 57958 110.32  25.08   151    0.7
 57960 111.07  25.93   195    1.2
 57962 111.65  25.97   167    1.5
 57964 111.15  25.50   263    1.7
 57966 111.96  25.59   244    4.3
 57969 111.31  25.28   269    4.9
 57971 112.20  25.92   224    1.1
 57973 112.72  25.75   329    2.1
 57975 112.20  25.38   277    6.1
 57976 112.94  25.41   222    7.7
 57978 112.55  25.27   292    8.7
 57981 113.22  25.97   139    1.9
 57985 113.68  25.57   609   10.8
 57988 113.33  25.10   143    2.9
 57989 113.77  25.07   112    2.5
 57990 114.30  25.70   246    6.5
 57991 114.55  25.80   140    3.3
 57992 114.75  25.67   127    0.7
 57994 114.35  25.40   215    2.9
 57995 114.93  25.40   164   0.01
 58117 116.20  33.13    27    0.5
 58559 120.97  29.15   107   0.01
 58602 115.55  28.85    40    0.1
 58623 117.92  28.47    90   0.01
 58625 117.60  28.42    79   0.01
 58627 117.06  28.31    56   0.01
 58631 118.50  28.90   137    0.1
 58657 120.28  28.15    57   0.01
 58659 120.65  28.03    28   0.01
 58719 116.93  27.30   131    0.1
 58736 118.82  27.38   262    0.1
 58745 119.08  27.62   400    0.1
 58746 119.70  27.55   538    0.4
 58747 119.35  27.15   899    0.5
 58749 119.88  27.23   684    0.3
 58750 120.08  27.78   105   0.01
 58751 120.57  27.67   254    0.3
 58814 116.35  26.35   247   0.01
 58826 117.80  26.40   120   0.01
 58839 118.85  26.23    40   0.01
 58848 119.55  26.20    13    0.1
 58903 116.03  25.90   210   0.01
 58906 115.80  25.60   167    0.5
 58923 117.83  25.70   400   0.01
 58929 118.15  25.07    68   0.01
 58932 118.93  25.87    85    0.2
 58935 118.23  25.48   521    0.1
 58938 118.98  25.23    23    0.1
 58941 119.50  25.97    25    0.1
 58942 119.38  25.72    39   0.01
 58946 119.00  25.45    81   0.01
 59012 106.55  24.78   972   0.01
 59031 108.26  24.81   342   0.01
 59033 108.90  24.78   328   0.01
 59038 108.65  24.07   138   0.01
 59041 109.25  24.65   108    0.1
 59044 109.38  24.47    97    0.3
 59045 109.75  24.48    94    0.2
 59047 109.33  24.25   100   0.01
 59051 110.50  24.77   136    4.8
 59052 110.82  24.83   169    4.2
 59053 110.64  24.65   157    5.7
 59055 110.40  24.50   165    2.0
 59057 110.18  24.13   830    1.5
 59059 110.80  24.18   105    1.9
 59061 111.27  24.82   193    6.7
 59063 111.45  25.18   265    4.3
 59064 111.32  24.55   136    5.8
 59071 112.28  24.73   174    2.4
 59074 112.15  24.57   300    5.2
 59075 112.63  24.48    70    6.1
 59081 113.29  24.78   131    4.3
 59090 114.07  24.95   103   0.01
 59091 114.52  24.75   277   0.01
 59094 114.12  24.35   184    0.1
 59127 117.83  24.43    32   0.01
 59129 117.60  24.13    53    1.1
 59131 118.37  24.97    45    0.1
 59137 118.57  24.82    56   0.01
 59227 107.14  23.11   454   0.01
 59238 108.80  23.22   122   0.01
 59241 109.68  23.97    90    0.9
 59246 109.67  23.60    70    1.2
 59249 109.62  23.12    51    2.1
 59255 110.38  23.55    32    4.8
 59256 110.90  23.37   105    0.7
 59264 111.50  23.40    83    1.1
 59266 111.23  23.42    42    1.5
 59268 111.54  23.26    70    0.1
 59269 111.78  23.17    47    0.6
 59270 112.18  23.92    84    3.7
 59276 112.65  23.35    40    0.2
 59279 112.87  23.18    24   0.01
 59284 113.24  23.42    38    1.0
 59285 113.60  23.57    38    2.8
 59290 114.25  23.78    85    0.4
 59297 114.28  23.17    17    3.6
 59310 116.18  23.77    45    1.7
 59312 116.70  23.67    60    2.1
 59313 116.98  23.68    44    1.7
 59314 116.13  23.30    29   23.2
 59315 116.40  23.59    43    2.2
 59318 116.58  23.27     5    6.5
 59319 116.83  23.43     4    9.4
 59320 117.13  23.75    37    0.3
 59322 117.37  23.98    22    2.8
 59419 106.74  22.06   348   0.01
 59429 108.01  22.18   216    0.7
 59432 108.40  22.80   194    0.2
 59441 109.25  22.70    78   0.01
 59448 109.55  22.27    69    0.2
 59451 110.35  22.70    98   0.01
 59452 110.53  22.83   131   0.01
 59454 111.00  22.95   202   0.01
 59457 110.27  22.32   121   0.01
 59469 111.78  22.17    37   0.01
 59470 112.20  22.70    57    1.0
 59471 112.05  22.93   101    7.5
