diamond  3 2015年04月01日02点6小时降雨量                     
  15  04  01  02    -1 3 10 25 50 1 0
 39 122.7  37.3 122.5  36.7 120.8  36.2 119.3  35.0 120.4  34.3
 121.1  32.7 122.3  30.9 122.5  30.1 121.5  28.0 119.8  25.0
 116.1  22.6 111.0  21.0 111.0  18.6 109.6  18.1 108.3  18.5
 108.9  19.9 109.3  21.0 106.4  21.6 104.1  22.2 101.6  20.8
  98.7  22.0  97.1  24.1  97.7  27.0  91.7  26.6  85.7  27.7
  78.9  30.6  73.3  37.1  74.1  40.7  87.6  49.8  98.5  43.9
 110.4  44.3 122.0  54.7 135.7  48.3 131.5  42.2 125.2  39.4
 121.3  38.5 121.2  40.3 118.5  38.6 120.8  38.1
 1     301
 51058  87.97  47.10   563    0.9
 51145  83.65  46.55   521    0.5
 51352  85.25  44.85   337    0.3
 51353  86.10  45.02   346    0.5
 51357  85.62  44.33   522    0.2
 51368  87.32  44.12   515    3.3
 51369  87.65  43.97   600    5.0
 51377  87.92  44.17   547    3.8
 51378  89.17  44.00   742    0.3
 51436  83.30  43.45   928    0.3
 51465  87.10  43.48  1871    3.5
 51468  86.83  43.10  3539    4.6
 51482  90.28  43.83  1271    1.5
 52656 100.82  38.43  2281    1.0
 52996 105.02  35.38  2450    1.6
 53610 106.35  38.57  1106    1.4
 53611 106.55  38.88  1098    0.5
 53618 106.25  38.28  1113    3.0
 53619 106.30  38.12  1115    0.2
 53680 114.38  38.30   108    0.5
 53685 113.42  38.07   953    0.5
 53689 115.07  38.02    42    0.4
 53690 114.18  38.85   281    0.1
 53691 114.57  38.15    71    2.5
 53693 114.13  38.03   255    1.1
 53694 114.22  38.27   131    1.3
 53697 114.83  38.03    53    0.3
 53699 114.95  38.18    45    0.2
 53730 107.48  38.18  1333    0.4
 53771 112.05  37.42   750    0.3
 53773 114.62  36.33    64    1.2
 53774 112.37  37.58   759    1.1
 53780 113.15  37.91  1066    0.1
 53781 114.47  36.87    67    4.3
 53782 113.62  37.93   767    1.1
 53784 114.78  37.75    38    1.8
 53785 114.67  37.52    35    0.5
 53789 114.63  37.88    52    1.2
 53790 114.61  37.63    44    1.1
 53791 114.50  37.81    68    1.1
 53792 114.48  37.45   113    1.0
 53794 114.75  37.35    33    2.9
 53795 114.37  37.65   137    0.8
 53796 114.89  37.62    30    0.2
 53797 114.52  37.28    73    2.8
 53799 115.00  37.24    25    0.3
 53860 111.17  36.98  1406    1.1
 53862 111.80  36.85   811    1.2
 53873 112.87  36.10   951    0.7
 53883 114.70  37.13    36    0.9
 53886 113.67  36.57   470    0.6
 53889 113.82  36.07   306    1.1
 53890 114.10  36.67   280    2.0
 53891 114.68  37.02    43    0.2
 53892 114.47  36.62    66    1.8
 53894 114.20  36.40   149    0.7
 53895 114.50  36.78    60    2.9
 53896 114.95  36.35    50    1.6
 53897 114.38  36.38    69    1.0
 53908 105.23  35.22  1768    0.1
 53916 106.32  35.50  1948    1.4
 53925 107.18  35.68  1172    0.4
 53926 107.35  35.35  1028    0.1
 53927 106.62  35.20  1477    1.2
 53928 107.02  35.30  1149    0.8
 53957 110.72  35.62   459    0.4
 53972 112.90  35.05   117    0.1
 53974 114.23  35.61    70    1.5
 53980 114.80  36.55    50    1.3
 53983 114.42  35.03    69    0.7
 53984 113.47  35.23    82    0.9
 53987 113.36  35.11    94    2.0
 53988 113.67  35.27    77    0.1
 53991 114.33  35.92    93    0.7
 53992 114.52  35.65    58    1.2
 53993 114.92  35.93    51    0.9
 53995 114.50  35.55    62    0.8
 53996 114.65  36.45    57    0.3
 53997 114.18  35.15    71    1.3
 54505 116.10  39.94    98    0.3
 54569 121.95  39.42    11    0.1
 54608 115.55  38.00    26    0.2
 54621 115.18  38.18    38    0.4
 54628 117.48  38.15     6    0.3
 54633 115.23  37.52    26    0.9
 54640 114.87  36.92    36    0.3
 54644 117.12  38.05    10    0.3
 54701 115.20  37.93    35    0.2
 54702 115.70  37.73    20    0.5
 54703 115.88  37.80    21    0.1
 54704 115.57  37.52    24    0.1
 54707 115.98  37.35    27    2.0
 54708 115.73  37.50    23    0.1
 54709 116.07  37.23    24    0.3
 54710 116.17  37.87    18    0.4
 54711 116.28  37.70    18    0.2
 54712 116.82  37.20    18    3.3
 54714 116.33  37.45    23    1.3
 54716 116.80  37.67    16    0.3
 54718 116.47  37.15    22    1.9
 54719 116.68  38.03    11    0.3
 54722 117.63  37.75     6    0.2
 54723 117.57  37.65    10    0.1
 54724 117.13  37.32    14    1.3
 54726 117.18  37.70    11    0.2
 54728 117.38  37.77     8    0.3
 54729 117.87  37.17    11    7.1
 54730 118.14  37.69     6    0.3
 54731 118.22  37.48    11    1.2
 54732 118.52  37.87     5    0.1
 54734 118.00  37.36    12    1.1
 54736 118.67  37.43     6    2.0
 54737 118.15  37.15     9    7.1
 54738 118.40  37.05    15    4.9
 54749 119.95  37.18    48    2.5
 54752 120.77  37.80    60    0.7
 54755 120.39  37.33   117    0.9
 54759 120.85  37.32   205    1.3
 54765 121.43  37.48    82    0.5
 54766 121.59  37.43    39    0.4
 54800 115.25  37.00    33    0.2
 54801 115.48  36.85    35    0.7
 54802 115.73  36.82    34    1.5
 54803 116.02  36.98    27    1.6
 54805 115.47  36.45    39    0.7
 54806 115.97  36.42    33    2.8
 54807 115.77  36.15    41    2.4
 54809 115.28  36.55    41    1.8
 54810 116.27  36.87    27    2.4
 54811 116.62  36.93    20    3.4
 54812 116.75  36.78    22    3.1
 54814 116.25  36.53    29    2.8
 54815 116.27  36.38    31    4.4
 54816 116.80  36.52    98    4.9
 54817 115.87  35.98    42    4.5
 54818 116.42  36.25    79    6.2
 54819 116.80  36.18   113    5.4
 54820 115.17  36.82    36    0.1
 54821 117.20  37.00    20    3.1
 54822 117.73  36.87    47    4.9
 54824 117.95  36.63    95    7.2
 54825 117.85  36.52   189    8.2
 54827 117.15  36.17   128    5.9
 54828 117.68  36.23   229    7.3
 54829 117.87  36.77    85    5.7
 54830 117.93  36.82    34    5.8
 54831 118.50  36.65   102   10.7
 54832 118.80  36.86    23    8.0
 54833 118.08  36.97    15    4.3
 54834 118.28  36.87    46    9.9
 54835 118.55  36.50   106    9.5
 54837 118.84  36.68    78   11.5
 54841 119.42  36.86    23    6.3
 54844 119.18  36.42    62    0.1
 54846 119.74  36.39    51    5.5
 54848 119.42  35.98    82    1.0
 54849 120.03  36.22    84    2.6
 54851 120.56  36.90    76    0.9
 54852 120.73  36.97    54    0.2
 54853 120.42  36.17    42    1.7
 54900 115.02  35.70    53    0.8
 54901 115.17  36.08    47    1.4
 54902 115.12  35.90    49    2.5
 54903 115.48  35.85    45    2.0
 54904 115.52  35.58    50    0.5
 54905 115.93  35.58    46    0.5
 54906 115.42  35.25    49    0.9
 54908 115.10  35.27    57    0.5
 54910 116.05  35.82    40    9.0
 54911 116.40  35.93    44    5.4
 54912 116.50  35.77    41    3.9
 54913 116.82  35.75    62    1.2
 54914 116.08  35.42    40    0.5
 54918 116.97  35.60    62    6.2
 54920 117.28  35.65   110    0.3
 54923 117.93  35.72   202    0.1
 54932 118.65  35.77   186    0.4
 54935 118.43  35.53   119    1.3
 54940 119.20  35.75   148    0.5
 54943 120.00  35.88    10    2.0
 56034  97.13  33.80  4415    2.1
 56128  96.60  31.22  3810    0.6
 56164 100.98  32.27  3284    0.6
 56171 101.70  32.90  3275    0.2
 56194 104.45  31.63   597    0.3
 56195 104.73  31.80   543    0.7
 56295 104.55  30.38   448    0.3
 56641  98.87  26.90  1189    2.9
 56742  99.37  25.90  1658    0.1
 56835  97.82  24.07   959    0.8
 56836  97.95  24.70   826    2.6
 56840  98.30  24.82  1012   13.0
 56841  98.68  24.60  1528    0.4
 56842  99.18  24.73  1471    8.2
 56843  99.62  24.83  1650    7.4
 56844  98.58  24.43   913    8.8
 56846  99.93  24.58  1569    5.1
 56849  99.23  24.03  1606    1.0
 56851 100.53  25.04  1377    0.4
 56854 100.13  24.45  1108    0.9
 57003 106.83  34.90   924    0.1
 57004 104.88  34.73  1495    0.1
 57020 107.40  34.37   563    0.1
 57021 107.13  34.65   751    0.4
 57027 107.73  34.27   517    0.2
 57047 109.32  34.17   540    0.5
 57057 110.15  34.10   963    1.3
 57065 112.13  34.55   317    0.3
 57066 111.67  34.40   408    0.3
 57070 112.12  34.73   364    0.4
 57072 112.75  34.92   127    2.1
 57074 112.40  34.42   252    3.2
 57075 112.87  34.17   203    4.2
 57076 112.78  34.73   189    1.3
 57078 112.47  34.15   336    2.1
 57079 113.03  34.95   106    1.0
 57080 112.97  34.73   165    2.1
 57081 113.43  34.80   140    0.9
 57082 113.02  34.47   427   10.6
 57084 113.05  34.49  1178   12.0
 57085 113.33  34.53   259    2.4
 57086 113.72  34.38   116    5.1
 57087 113.73  34.27   104    1.5
 57088 113.50  34.19   146    1.6
 57090 113.97  34.72    78    4.5
 57094 114.22  34.40    67    0.2
 57095 114.15  34.12    61    0.6
 57096 114.78  34.53    59    0.4
 57102 105.72  33.75   970    0.7
 57105 105.60  33.33  1221    2.3
 57153 110.33  33.70   639    1.8
 57162 112.07  34.13   440    0.5
 57169 111.87  33.05   159    0.1
 57173 112.88  33.75   145   13.3
 57176 112.42  33.48   231    3.5
 57177 113.53  33.33    89    0.6
 57179 113.00  33.28   160    4.6
 57180 113.20  33.98   117    6.3
 57182 113.52  33.85    80    0.7
 57183 113.92  33.80    60    0.4
 57184 113.30  33.63    97    2.3
 57185 113.58  33.45    91    2.0
 57186 114.05  33.60    58    0.2
 57187 112.93  33.07   118    3.2
 57190 114.40  33.75    50    0.2
 57191 114.47  34.51    64    0.1
 57195 114.62  33.62    46    6.0
 57196 114.87  33.47    42    0.1
 57197 114.35  32.97    50    1.0
 57204 105.22  32.57   782    7.7
 57208 105.52  32.28   544    1.5
 57253 110.82  32.85   201    0.8
 57260 111.52  32.57   133    0.1
 57261 111.52  33.12   233    0.3
 57268 111.62  32.27   120    0.2
 57273 112.85  32.68   109    1.7
 57292 114.63  32.97    44    7.7
 57293 114.98  32.73    38    7.1
 57294 114.02  32.83    83    3.1
 57295 114.35  32.62    78    5.8
 57296 114.73  32.35    48    9.6
 57298 114.55  32.22    55   10.5
 57299 114.90  32.02    49   10.8
 57307 105.08  31.10   404   36.1
 57308 105.38  31.22   421    1.5
 57363 111.83  31.80   151    0.2
 57370 112.22  31.73    67    1.1
 57386 114.00  31.25    51    0.7
 57388 113.71  31.27    53    0.2
 57390 114.07  31.80   733    3.1
 57396 114.85  31.63   128    0.4
 57401 105.37  30.87   383    0.5
 57407 105.03  30.28   462    0.5
 57453 111.32  30.77   115    0.1
 57460 111.78  30.82    91    4.4
 57462 111.08  30.87   139    3.2
 57466 111.75  30.43    50    2.6
 57481 113.57  30.95    30    0.4
 57558 110.47  29.13   183    0.1
 57661 111.48  28.92    48    0.1
 57859 110.63  26.03   408    0.3
 58001 115.10  34.43    56    0.2
 58002 115.58  34.85    49    0.6
 58003 115.88  34.95    45    0.9
 58004 115.15  34.65    60    1.2
 58008 115.33  34.47    54    0.2
 58016 116.97  34.18    34    1.8
 58017 116.13  34.25    41    2.4
 58021 117.28  34.78    80    0.5
 58100 115.17  33.65    41    1.2
 58104 115.07  33.40    41    0.1
 58107 115.28  33.02    35    3.4
 58202 115.57  32.67    31    0.1
 58207 115.05  32.17    42    6.4
 58438 118.58  30.08   191    4.1
 58514 116.05  29.45    37    2.1
 58523 117.93  29.93   227    2.4
 58524 117.22  29.37    87    0.2
 58534 118.18  29.78   170    1.4
 58602 115.55  28.85    40    0.1
 59425 107.35  22.40   107    0.1
