diamond  3 2015年04月02日08点6小时降雨量                     
  15  04  02  08    -1 3 10 25 50 1 0
 39 122.7  37.3 122.5  36.7 120.8  36.2 119.3  35.0 120.4  34.3
 121.1  32.7 122.3  30.9 122.5  30.1 121.5  28.0 119.8  25.0
 116.1  22.6 111.0  21.0 111.0  18.6 109.6  18.1 108.3  18.5
 108.9  19.9 109.3  21.0 106.4  21.6 104.1  22.2 101.6  20.8
  98.7  22.0  97.1  24.1  97.7  27.0  91.7  26.6  85.7  27.7
  78.9  30.6  73.3  37.1  74.1  40.7  87.6  49.8  98.5  43.9
 110.4  44.3 122.0  54.7 135.7  48.3 131.5  42.2 125.2  39.4
 121.3  38.5 121.2  40.3 118.5  38.6 120.8  38.1
 1     562
 51359  86.20  44.32   471    0.2
 51368  87.32  44.12   515    0.5
 51369  87.65  43.97   600    1.0
 51377  87.92  44.17   547    1.7
 51378  89.17  44.00   742    0.6
 51482  90.28  43.83  1271    1.2
 53337 108.47  41.09  1023    0.5
 53343 109.97  41.77  1612    0.5
 53348 109.13  41.02  1078    0.4
 53357 110.05  41.03  1360    1.6
 53367 111.23  41.32  1602    1.7
 53392 114.60  41.85  1422    5.9
 53433 108.65  40.73  1020    0.2
 53455 110.53  40.55   998    1.6
 53457 110.03  40.40  1011    1.9
 53464 111.17  40.72  1042    2.7
 53466 111.70  40.75  1045    4.9
 53467 111.18  40.27  1016    2.2
 53469 111.82  40.40  1166    4.0
 53472 112.57  40.87  1451    0.3
 53475 112.47  40.52  1268    1.1
 53481 113.22  40.80  1316    0.2
 53484 113.15  40.45  1191    0.4
 53486 113.77  40.37  1050    0.9
 53498 115.03  40.57   629    0.6
 53533 108.71  39.81  1414    0.3
 53545 109.71  39.56  1367    0.5
 53553 111.22  39.87  1221    2.3
 53562 111.67  39.92  1208    2.4
 53576 112.82  39.50  1045    0.2
 53596 115.13  38.85    52    1.1
 53599 114.68  39.37   884    0.3
 53680 114.38  38.30   108    0.5
 53682 114.68  38.63   104    0.4
 53688 114.55  38.42   100    0.2
 53689 115.07  38.02    42    0.8
 53690 114.18  38.85   281    2.2
 53692 114.98  38.73    66    0.6
 53693 114.13  38.03   255    1.4
 53694 114.22  38.27   131    0.7
 53696 115.02  38.55    41    0.2
 53697 114.83  38.03    53    0.2
 53699 114.95  38.18    45    0.4
 53773 114.62  36.33    64    0.7
 53784 114.78  37.75    38    0.1
 53792 114.48  37.45   113    0.1
 53796 114.89  37.62    30    0.1
 53799 115.00  37.24    25    0.2
 53860 111.17  36.98  1406    1.0
 53861 111.38  35.88   463    0.1
 53862 111.80  36.85   811    0.1
 53866 111.67  36.23   462    0.1
 53869 111.70  36.58   550    0.2
 53873 112.87  36.10   951    0.1
 53874 111.90  36.25   648    0.2
 53891 114.68  37.02    43    0.1
 53892 114.47  36.62    66    0.3
 53893 114.95  36.77    39    0.9
 53895 114.50  36.78    60    0.1
 53896 114.95  36.35    50    1.4
 53897 114.38  36.38    69    0.1
 53899 114.97  36.48    48    1.8
 53906 105.71  35.52  1656    0.1
 53938 108.30  35.17  1277    0.2
 53941 109.58  35.18   804    0.3
 53947 109.07  35.08   978    0.2
 53957 110.72  35.62   459    0.1
 53962 111.70  35.73   584    0.2
 53965 111.57  35.52   761    0.2
 53974 114.23  35.61    70    0.2
 53978 112.63  35.08   140    0.1
 53980 114.80  36.55    50    1.0
 53982 113.27  35.23   112    0.1
 53983 114.42  35.03    69    1.2
 53984 113.47  35.23    82    0.2
 53985 113.82  35.50   140    0.1
 53989 113.98  35.08    75    0.1
 53991 114.33  35.92    93    0.4
 53992 114.52  35.65    58    0.7
 53993 114.92  35.93    51    3.0
 53994 114.07  35.38    70    0.1
 53995 114.50  35.55    62    0.8
 53996 114.65  36.45    57    0.9
 53997 114.18  35.15    71    0.6
 53998 114.65  35.20    61    1.0
 54024 119.30  44.45   710    5.8
 54039 122.02  44.03   181    1.3
 54113 118.65  43.53   621    5.8
 54117 117.53  43.25  1003    9.0
 54122 120.03  43.86   428    5.3
 54132 121.07  42.40   400    0.1
 54214 118.42  42.58   960   10.6
 54225 119.94  42.29   579    3.0
 54304 115.27  40.95  1239    0.9
 54318 117.73  41.32   561   10.5
 54319 118.67  41.00   502   10.0
 54320 119.30  41.60   544    5.8
 54325 120.35  41.18   183    7.1
 54327 119.35  41.23   417    6.8
 54328 119.72  41.08   296    7.5
 54330 121.33  41.13    45    1.1
 54332 122.72  41.52    12    0.1
 54336 122.42  41.42     8    0.1
 54338 121.95  41.28     3    0.2
 54345 123.07  41.20    30    0.4
 54398 116.62  40.13    28    4.8
 54399 116.28  39.98    45    3.5
 54404 115.83  40.88   867    3.4
 54410 116.13  40.60  1224    5.7
 54412 116.63  40.73   331    6.9
 54419 116.63  40.37    75    5.2
 54420 117.33  40.93   529   10.2
 54421 117.12  40.65   293   10.1
 54424 117.12  40.17    32    8.5
 54425 117.47  40.40   633   14.5
 54428 117.40  40.03    15   13.3
 54430 118.21  40.78   330   12.0
 54431 116.63  39.92    43    5.8
 54432 118.47  40.61   369   11.9
 54433 116.50  39.95    35    5.4
 54434 118.33  40.17   131   14.5
 54437 118.62  39.51    18   18.0
 54439 118.72  40.02    50   14.5
 54453 120.96  40.87    38    5.1
 54474 122.35  40.42    24    3.2
 54475 122.45  40.57    11    4.0
 54494 124.07  40.47    72    0.2
 54499 116.22  40.22    76    3.2
 54501 115.68  39.97   440    2.6
 54502 116.03  39.48    29    3.4
 54503 115.82  39.07    12    1.6
 54505 116.10  39.94    98    2.3
 54506 115.95  39.32    24    2.1
 54507 115.52  39.33    49    0.8
 54510 116.95  39.91    18    6.6
 54512 116.28  39.42    21    4.6
 54513 116.20  39.95    65    2.9
 54514 116.25  39.87    55    3.6
 54515 116.70  39.50    13    6.5
 54519 116.48  39.30    12    5.3
 54520 117.08  39.97    18    8.2
 54521 116.98  39.77    13    7.4
 54522 117.73  39.88    14   14.9
 54523 117.02  39.38     4   11.6
 54528 117.13  39.23     3   12.7
 54529 117.82  39.35     3   13.6
 54530 117.77  39.23     1   15.3
 54531 118.72  39.73    43   14.5
 54532 118.08  39.81    31   14.7
 54533 118.10  39.58     8   13.7
 54535 118.47  39.29     3   20.0
 54540 119.20  39.73    17   16.9
 54541 119.23  39.90    24   14.4
 54568 121.75  39.05    90   19.9
 54569 121.95  39.42    11    5.9
 54575 122.37  39.42    43    7.9
 54590 124.17  39.88     4    0.5
 54594 116.35  39.72    37    4.3
 54596 116.19  39.77    48    3.9
 54597 115.74  39.73   407    2.9
 54601 115.65  38.98    13    1.8
 54603 115.77  38.72    10    2.9
 54604 115.33  38.42    29    1.1
 54605 115.93  38.93     4    2.2
 54607 115.12  38.72    45    0.7
 54608 115.55  38.00    26    2.4
 54609 115.59  38.23    22    2.2
 54610 116.10  38.73     8    4.9
 54611 115.32  38.93    44    0.8
 54612 116.46  38.85     4    6.2
 54613 116.62  38.70     6    8.8
 54614 116.06  38.42    10    4.7
 54615 116.85  38.58     8   12.8
 54616 116.85  38.35     8    7.4
 54617 116.12  38.18    13    5.1
 54619 116.92  38.92     5   14.6
 54620 115.57  38.48    18    2.7
 54621 115.18  38.18    38    1.1
 54622 117.37  38.98     3   15.0
 54626 115.82  38.42    13    3.6
 54627 117.23  38.03     8   13.4
 54628 117.48  38.15     6   16.9
 54631 115.15  37.07    32    1.4
 54632 115.03  37.07    34    0.4
 54633 115.23  37.52    26    0.3
 54636 116.10  39.02    11    3.3
 54640 114.87  36.92    36    0.4
 54644 117.12  38.05    10   10.5
 54645 117.47  38.85     2   13.0
 54700 115.93  38.03    16    4.5
 54701 115.20  37.93    35    0.3
 54702 115.70  37.73    20    2.5
 54703 115.88  37.80    21    3.6
 54704 115.57  37.52    24    1.9
 54706 115.67  37.08    31    5.5
 54707 115.98  37.35    27    5.0
 54708 115.73  37.50    23    2.8
 54709 116.07  37.23    24    5.1
 54710 116.17  37.87    18    4.2
 54711 116.28  37.70    18    7.1
 54712 116.82  37.20    18    6.9
 54713 116.53  37.88    14    7.9
 54714 116.33  37.45    23    6.9
 54716 116.80  37.67    16   10.4
 54717 116.40  37.63    17    7.6
 54718 116.47  37.15    22    5.7
 54719 116.68  38.03    11    8.2
 54722 117.63  37.75     6   21.8
 54723 117.57  37.65    10   21.6
 54724 117.13  37.32    14   14.9
 54726 117.18  37.70    11   12.8
 54728 117.38  37.77     8   19.4
 54729 117.87  37.17    11   21.1
 54730 118.14  37.69     6   32.1
 54731 118.22  37.48    11   25.3
 54732 118.52  37.87     5   34.8
 54734 118.00  37.36    12   29.0
 54736 118.67  37.43     6   31.3
 54737 118.15  37.15     9   25.6
 54738 118.40  37.05    15   27.4
 54749 119.95  37.18    48   33.0
 54752 120.77  37.80    60   31.1
 54755 120.39  37.33   117   27.7
 54759 120.85  37.32   205   26.1
 54765 121.43  37.48    82    2.9
 54766 121.59  37.43    39    1.4
 54777 122.07  37.20   118    0.4
 54778 122.48  37.17    61    0.4
 54800 115.25  37.00    33    2.0
 54801 115.48  36.85    35    6.4
 54802 115.73  36.82    34    4.3
 54803 116.02  36.98    27    4.4
 54804 115.18  36.30    45    1.8
 54805 115.47  36.45    39    2.2
 54806 115.97  36.42    33    2.0
 54807 115.77  36.15    41    2.2
 54809 115.28  36.55    41    2.4
 54810 116.27  36.87    27    3.8
 54811 116.62  36.93    20    4.1
 54812 116.75  36.78    22    6.1
 54814 116.25  36.53    29    5.1
 54815 116.27  36.38    31    4.3
 54816 116.80  36.52    98    8.8
 54817 115.87  35.98    42    3.2
 54818 116.42  36.25    79    6.3
 54819 116.80  36.18   113    6.5
 54820 115.17  36.82    36    3.4
 54821 117.20  37.00    20   14.5
 54822 117.73  36.87    47   21.6
 54824 117.95  36.63    95   28.1
 54825 117.85  36.52   189    9.1
 54827 117.15  36.17   128   12.1
 54828 117.68  36.23   229   31.5
 54829 117.87  36.77    85   22.8
 54830 117.93  36.82    34   22.9
 54831 118.50  36.65   102   30.4
 54832 118.80  36.86    23   42.0
 54833 118.08  36.97    15   22.1
 54834 118.28  36.87    46   23.1
 54835 118.55  36.50   106   29.1
 54837 118.84  36.68    78   28.6
 54841 119.42  36.86    23   31.9
 54844 119.18  36.42    62   22.9
 54846 119.74  36.39    51   24.6
 54848 119.42  35.98    82   13.1
 54849 120.03  36.22    84   14.6
 54851 120.56  36.90    76   25.2
 54852 120.73  36.97    54   24.3
 54853 120.42  36.17    42   18.6
 54855 120.38  36.40    47   14.9
 54871 122.48  36.93     9    0.2
 54900 115.02  35.70    53    1.6
 54901 115.17  36.08    47    1.3
 54902 115.12  35.90    49    2.3
 54903 115.48  35.85    45    2.3
 54904 115.52  35.58    50    3.0
 54905 115.93  35.58    46    5.1
 54906 115.42  35.25    49    4.7
 54907 116.65  34.98    34    9.8
 54908 115.10  35.27    57    2.4
 54910 116.05  35.82    40    6.0
 54911 116.40  35.93    44    6.1
 54912 116.50  35.77    41    5.3
 54913 116.82  35.75    62   10.4
 54914 116.08  35.42    40    6.9
 54915 116.60  35.43    33    9.1
 54917 116.33  35.13    35    9.6
 54918 116.97  35.60    62   31.9
 54919 116.98  35.38    88   13.5
 54920 117.28  35.65   110   28.1
 54921 116.33  35.42    38    3.3
 54922 117.78  35.88   224   41.1
 54923 117.93  35.72   202   21.2
 54925 117.63  35.52   167   26.9
 54927 117.20  35.10    74   12.2
 54932 118.65  35.77   186   23.8
 54935 118.43  35.53   119   15.9
 54938 118.40  35.05    65    2.7
 54939 118.82  35.17   113    0.7
 54940 119.20  35.75   148    6.8
 54943 120.00  35.88    10   19.9
 56147  98.83  31.22  3260    0.1
 56181 103.70  30.68   541    1.4
 56186 104.20  31.33   589    0.1
 56189 103.93  30.98   581    1.3
 56197 104.17  31.15   535    0.1
 56272 103.88  30.82   558    1.0
 56276 103.82  30.45   467    1.1
 56278 102.77  30.07   755    0.1
 56279 102.93  30.15   682    8.6
 56280 103.12  30.08   691    2.3
 56281 103.50  30.18   510   10.5
 56284 103.43  30.45   518    1.5
 56285 103.52  30.60   523    2.6
 56288 103.92  30.58   494    0.7
 56289 103.87  30.20   437    0.8
 56290 104.18  30.78   514    0.3
 56291 104.28  30.93   469    0.1
 56295 104.55  30.38   448    0.1
 56297 104.15  30.02   436    1.0
 56298 104.60  30.13   417    1.9
 56317  94.22  29.22  2950    0.3
 56380 103.35  29.88   571   11.9
 56381 103.50  30.07   630    5.2
 56382 103.55  29.75   475   38.8
 56383 103.87  29.83   455   13.1
 56384 103.48  29.60   446   25.7
 56389 103.95  29.20   387   22.4
 56390 104.07  29.67   404   16.1
 56391 103.82  30.08   415    3.1
 56393 104.85  29.77   369    8.2
 56394 104.43  29.45   384    8.6
 56395 104.67  29.52   351    8.4
 56396 104.77  29.35   352    6.1
 56399 104.98  29.18   306    4.1
 56483 103.95  28.58   496    5.4
 56490 103.90  28.95   424    5.3
 56491 104.57  28.70   287   25.4
 56493 104.97  28.85   292   15.3
 56494 104.33  28.84   386   18.5
 56496 105.23  28.32   358   19.8
 56497 104.23  28.10   448   21.8
 56498 104.50  28.15   549   16.4
 56499 104.78  28.38   368    7.0
 56592 104.52  28.43   359    0.3
 56593 104.92  28.58   279   12.3
 56641  98.87  26.90  1189    2.8
 56836  97.95  24.70   826    1.2
 56840  98.30  24.82  1012    0.1
 56841  98.68  24.60  1528    0.4
 56844  98.58  24.43   913    0.6
 56849  99.23  24.03  1606    0.1
 57020 107.40  34.37   563    0.2
 57031 108.55  34.82  1012    0.2
 57047 109.32  34.17   540    0.1
 57063 111.77  34.77   523    0.1
 57066 111.67  34.40   408    0.1
 57070 112.12  34.73   364    0.2
 57074 112.40  34.42   252    0.1
 57079 113.03  34.95   106    0.1
 57080 112.97  34.73   165    0.1
 57084 113.05  34.49  1178    0.1
 57093 114.82  34.85    73    1.4
 57094 114.22  34.40    67    1.2
 57095 114.15  34.12    61    0.4
 57096 114.78  34.53    59    1.8
 57098 114.40  34.08    58    2.2
 57099 114.85  34.07    52    2.0
 57137 108.32  33.32   802    0.1
 57177 113.53  33.33    89    0.1
 57183 113.92  33.80    60    0.2
 57186 114.05  33.60    58    0.5
 57187 112.93  33.07   118    0.1
 57188 114.03  33.37    55    0.3
 57189 113.95  33.13    64    0.6
 57190 114.40  33.75    50    3.0
 57191 114.47  34.51    64    0.9
 57192 114.85  33.73    45    3.0
 57194 114.27  33.28    59    0.5
 57195 114.62  33.62    46    2.0
 57196 114.87  33.47    42    8.7
 57197 114.35  32.97    50    3.5
 57198 114.57  33.50    44    2.0
 57213 106.93  33.00   536    0.2
 57247 108.90  32.32   438    0.1
 57271 112.38  32.52    87    0.1
 57273 112.85  32.68   109    0.1
 57274 112.12  32.70   107    0.1
 57281 113.30  32.70   142    0.1
 57292 114.63  32.97    44    6.9
 57293 114.98  32.73    38   10.3
 57294 114.02  32.83    83    1.4
 57295 114.35  32.62    78    4.0
 57296 114.73  32.35    48   19.5
 57298 114.55  32.22    55   14.3
 57299 114.90  32.02    49   17.8
 57303 105.92  31.73   459    0.2
 57307 105.08  31.10   404    0.3
 57308 105.38  31.22   421    0.7
 57309 105.88  30.98   378    5.8
 57314 106.07  31.35   405    3.4
 57315 106.40  31.53   655    3.0
 57317 106.42  31.03   324   13.5
 57318 106.55  31.07   338    3.7
 57320 107.22  31.93   482    0.5
 57324 107.08  31.58   364    7.6
 57326 107.72  31.37   389    2.8
 57329 107.85  31.10   467    5.9
 57333 108.67  31.95   798    0.1
 57338 108.42  31.18   216    0.3
 57339 108.68  30.95   297    1.9
 57345 109.62  31.40   337    2.8
 57349 109.86  31.08   606   13.8
 57361 111.27  31.88   327    1.7
 57362 110.67  31.75   935    1.7
 57363 111.83  31.80   151    1.5
 57368 111.63  31.05   141   16.1
 57370 112.22  31.73    67    2.6
 57377 112.22  31.00   191   10.3
 57385 113.82  31.62    93    4.8
 57386 114.00  31.25    51   24.0
 57387 113.13  31.00    84   38.8
 57388 113.71  31.27    53   17.3
 57389 113.75  31.03    32   56.5
 57390 114.07  31.80   733    7.9
 57396 114.85  31.63   128   21.4
 57398 114.62  31.28    74   18.9
 57401 105.37  30.87   383    1.2
 57402 105.70  30.77   394    1.9
 57408 105.35  30.12   338    2.6
 57409 105.80  30.18   297    7.0
 57413 106.97  30.85   295    5.6
 57414 106.45  30.52   403    9.2
 57415 106.63  30.53   394    5.2
 57416 106.93  30.33   391    2.6
 57417 106.28  30.35   315    6.0
 57420 107.19  30.75   418    5.9
 57425 107.33  30.33   433    4.2
 57431 108.35  30.83   257    2.7
 57437 108.03  30.30   325    4.1
 57438 108.12  29.98   632    7.2
 57453 111.32  30.77   115   16.6
 57460 111.78  30.82    91   19.5
 57462 111.08  30.87   139   20.2
 57464 111.18  30.47   142   16.8
 57465 111.45  30.38    74   16.0
 57466 111.75  30.43    50   10.8
 57469 111.77  30.18    69   16.9
 57475 112.90  30.40    31   14.0
 57477 112.22  30.07    38   20.2
 57481 113.57  30.95    30   71.6
 57485 113.47  30.28    23    9.9
 57486 113.85  30.65    25   20.1
 57489 114.01  30.52    23   14.7
 57491 114.40  30.87    31   44.3
 57492 114.84  30.84    40   39.7
 57495 114.88  30.67    28   10.8
 57498 114.94  30.52    26    0.7
 57499 114.88  30.07    40    7.6
 57505 105.58  29.42   338    2.6
 57506 105.90  29.37   353    1.3
 57507 105.30  29.33   385    8.4
 57508 105.37  29.15   301   10.1
 57510 106.07  29.85   326    3.8
 57513 106.62  29.73   464    0.2
 57514 106.22  29.58   331    1.4
 57518 106.50  29.33   506    0.8
 57519 107.11  29.16   698    2.7
 57522 107.27  29.74   372    1.8
 57525 107.75  29.32   277    3.5
 57537 108.17  29.30   322    4.0
 57540 109.15  29.68   776    6.6
 57541 109.48  30.00   532   12.5
 57543 110.03  29.90   539   17.8
 57544 109.45  29.47   488    2.0
 57564 111.13  29.43   103   21.4
 57565 111.73  29.67    38   42.2
 57566 111.65  29.45    51    5.6
 57571 112.40  29.70    35    8.1
 57575 112.55  29.52    31    8.8
 57577 112.17  29.40    36    3.2
 57582 113.88  29.72    46    5.2
 57585 113.45  29.48    60    0.3
 57586 114.03  29.53    78    2.7
 57589 113.87  29.27   146    0.5
 57590 114.37  29.85    98    0.4
 57596 114.20  29.63   751    2.7
 57600 105.06  28.71   420    8.4
 57603 105.83  28.82   283    5.5
 57605 105.82  28.03   537    5.2
 57609 105.70  28.58   317    5.5
 57623 107.60  28.88   685    0.6
 57969 111.31  25.28   269    0.2
 57989 113.77  25.07   112    0.2
 58001 115.10  34.43    56    2.6
 58002 115.58  34.85    49    4.8
 58003 115.88  34.95    45    5.8
 58004 115.15  34.65    60    3.0
 58006 115.88  34.38    46   10.0
 58007 115.30  34.07    47    8.9
 58008 115.33  34.47    54    4.3
 58011 116.07  34.80    46    9.6
 58012 116.66  34.67    42   10.1
 58013 116.91  34.75    36   10.6
 58016 116.97  34.18    34   14.1
 58017 116.13  34.25    41    9.2
 58020 117.13  34.80    35    9.1
 58021 117.28  34.78    80   17.4
 58022 117.57  34.75    48    4.5
 58024 117.58  34.87    77    6.4
 58025 117.73  34.57    27    3.5
 58030 118.02  34.88    44    2.8
 58032 118.65  34.95    90    0.6
 58035 118.35  34.33    29    1.3
 58036 118.71  34.54    32    0.3
 58044 119.23  34.55     4    0.1
 58048 119.35  34.12     4    0.1
 58049 119.80  34.02     4    0.2
 58100 115.17  33.65    41    9.9
 58101 115.48  33.87    41   10.3
 58104 115.07  33.40    41    9.3
 58107 115.28  33.02    35   10.5
 58108 115.33  33.23    34   23.3
 58109 115.65  33.13    31   11.8
 58113 116.75  33.93    31   11.4
 58114 116.18  33.48    31    8.6
 58116 116.83  33.98    31   12.7
 58117 116.20  33.13    27   22.0
 58125 117.52  33.58    22    3.7
 58126 117.87  33.47    19    0.2
 58127 117.20  32.98    21    1.7
 58128 117.35  33.33    21    4.2
 58131 118.22  33.97    25    0.3
 58140 119.30  33.77     9    0.2
 58145 119.15  33.50     7    0.2
 58146 119.77  33.47     3    0.3
 58154 120.20  33.43     2   0.01
 58202 115.57  32.67    31   21.4
 58205 115.43  32.47    34    9.2
 58207 115.05  32.17    42   14.9
 58210 116.23  32.65    25    6.2
 58212 116.77  32.72    23    4.1
 58214 116.30  32.37    27   10.1
 58220 117.15  32.47    28    6.1
 58222 117.55  32.85    24    0.3
 58224 117.02  32.65    32    5.0
 58244 119.59  32.45     5    0.1
 58301 115.38  31.82    92   14.2
 58306 115.88  31.68    95   11.2
 58316 116.92  31.47    23    1.3
 58320 117.13  31.73    21    1.7
 58323 117.47  31.88    25    0.4
 58401 115.40  30.75   123    3.3
 58404 115.22  30.47    61    2.8
 58656 120.97  28.07    60    0.1
 59059 110.80  24.18   105    1.6
 59071 112.28  24.73   174    4.7
 59074 112.15  24.57   300    3.2
 59075 112.63  24.48    70    0.7
 59081 113.29  24.78   131    0.3
 59091 114.52  24.75   277    0.6
 59099 114.93  24.45   173    0.1
