diamond  3 2015年06月24日08点6小时降雨量                     
  15  06  24  08    -1 3 10 25 50 1 0
 39 122.7  37.3 122.5  36.7 120.8  36.2 119.3  35.0 120.4  34.3
 121.1  32.7 122.3  30.9 122.5  30.1 121.5  28.0 119.8  25.0
 116.1  22.6 111.0  21.0 111.0  18.6 109.6  18.1 108.3  18.5
 108.9  19.9 109.3  21.0 106.4  21.6 104.1  22.2 101.6  20.8
  98.7  22.0  97.1  24.1  97.7  27.0  91.7  26.6  85.7  27.7
  78.9  30.6  73.3  37.1  74.1  40.7  87.6  49.8  98.5  43.9
 110.4  44.3 122.0  54.7 135.7  48.3 131.5  42.2 125.2  39.4
 121.3  38.5 121.2  40.3 118.5  38.6 120.8  38.1
 1     694
 50137 122.37  53.47   296    2.5
 50673 130.40  48.88    90    1.5
 50749 124.83  47.18   154    1.0
 50778 132.53  47.67    57    0.5
 50779 134.28  48.37    40    2.3
 50833 122.90  46.72   187    7.8
 50842 124.42  46.83   145    5.6
 50940 123.17  45.85   141    1.8
 51707  76.73  39.50  1208    0.3
 51708  75.95  39.15  1325    0.3
 51717  76.78  39.25  1206    0.1
 51815  77.27  38.20  1274    0.8
 52745  99.02  37.30  3417    0.2
 52842  99.08  36.78  3087    0.1
 52853 100.98  36.90  3010    0.3
 52855 101.25  36.68  2675    2.3
 52863 101.95  36.82  2480    0.2
 52869 101.58  36.50  2667    0.3
 52877 102.25  36.10  2834    0.1
 52881 103.18  36.98  2484    0.1
 52957 100.60  35.25  3148    1.3
 52963 102.02  35.93  2085    0.4
 52968 101.47  35.03  3662    5.5
 52972 102.45  35.85  1921    2.1
 52978 102.49  35.19  2948    1.9
 52981 103.38  35.68  2421    0.7
 52985 103.33  35.42  2162    0.2
 52988 103.72  35.37  2015    0.1
 53324 107.05  41.07  1035    1.3
 53343 109.97  41.77  1612    0.2
 53348 109.13  41.02  1078    0.3
 53357 110.05  41.03  1360    0.1
 53367 111.23  41.32  1602    1.7
 53368 111.47  41.08  1637    7.4
 53378 112.62  41.28  1737    1.5
 53384 113.18  41.45  1423    0.5
 53419 107.00  40.33  1055    0.1
 53420 107.12  40.85  1024    0.5
 53455 110.53  40.55   998    2.9
 53457 110.03  40.40  1011    1.5
 53464 111.17  40.72  1042    4.9
 53466 111.70  40.75  1045    3.4
 53467 111.18  40.27  1016    3.2
 53469 111.82  40.40  1166   17.7
 53472 112.57  40.87  1451    5.3
 53475 112.47  40.52  1268   16.8
 53481 113.22  40.80  1316    2.6
 53483 113.83  40.87  1268    0.2
 53484 113.15  40.45  1191    1.4
 53486 113.77  40.37  1050    0.4
 53488 113.58  40.03  1034    0.4
 53491 114.38  40.67   837    0.7
 53492 114.15  40.10   937    0.8
 53498 115.03  40.57   629    0.2
 53545 109.71  39.56  1367    0.4
 53553 111.22  39.87  1221    0.5
 53565 111.50  39.43  1051    0.6
 53573 112.70  40.00  1336    0.7
 53574 112.27  39.52  1409    2.5
 53575 112.20  39.10  1525    4.8
 53576 112.82  39.50  1045    0.6
 53577 112.30  39.00  1437    1.1
 53579 112.90  39.02   859    1.2
 53580 113.10  39.82  1044    0.4
 53582 113.67  39.72  1079    0.4
 53584 113.17  39.57  1000    0.6
 53585 113.27  39.17   933    1.7
 53590 114.27  39.75   977    0.1
 53599 114.68  39.37   884    2.0
 53644 108.83  38.60  1307    0.2
 53658 110.48  38.03   894    0.2
 53662 111.58  38.72  1396    1.2
 53665 111.65  38.28  1185    0.2
 53666 111.93  38.35  1212    0.4
 53669 111.80  38.08  1150    0.4
 53674 112.70  38.40   869    0.3
 53676 112.98  38.50   759    0.4
 53679 112.54  37.75   776    0.3
 53681 113.37  38.83  1096    0.6
 53727 107.12  37.17  1712    0.2
 53730 107.48  38.18  1333    0.1
 53748 109.70  37.18  1063    0.2
 53750 110.18  37.77   931    0.7
 53751 110.05  37.60   894    0.7
 53757 110.12  37.12   938    0.1
 53759 110.83  36.98  1109    0.9
 53763 112.17  37.92  1006    0.8
 53767 111.17  37.33  1213    0.4
 53768 111.75  37.15   773    2.9
 53769 111.78  37.25   747    0.7
 53770 112.35  37.35   768    0.8
 53771 112.05  37.42   750    2.9
 53773 114.62  36.33    64    1.5
 53774 112.37  37.58   759    0.2
 53777 112.14  37.51   753    1.6
 53778 112.22  37.17   780    2.1
 53780 113.15  37.91  1066    0.1
 53781 114.47  36.87    67    1.3
 53782 113.62  37.93   767    0.1
 53783 113.72  37.60   940    0.2
 53785 114.67  37.52    35    0.2
 53786 113.33  37.09  1152    0.7
 53788 113.57  37.33  1265    0.1
 53794 114.75  37.35    33    0.2
 53797 114.52  37.28    73    0.2
 53799 115.00  37.24    25    0.6
 53832 108.77  36.77  1218    0.5
 53841 109.32  36.88  1068    0.1
 53848 109.35  36.27  1005    0.1
 53852 110.63  36.77   916    0.9
 53856 110.75  36.47   765    2.4
 53857 110.18  36.07   840    3.3
 53860 111.17  36.98  1406    2.9
 53861 111.38  35.88   463    3.2
 53862 111.80  36.85   811    6.7
 53864 111.10  36.40  1030    7.4
 53865 111.55  36.65  1011    7.1
 53866 111.67  36.23   462    2.7
 53869 111.70  36.58   550    3.8
 53871 112.85  36.83   964    4.7
 53872 112.68  36.77   960    7.0
 53873 112.87  36.10   951   11.8
 53874 111.90  36.25   648    4.0
 53875 112.35  36.52  1000    5.9
 53878 113.38  36.52   767    4.5
 53879 112.88  36.32   952    5.2
 53880 113.23  36.33   947    5.5
 53883 114.70  37.13    36    0.8
 53885 113.20  36.12  1122   11.0
 53886 113.67  36.57   470    4.4
 53888 113.43  36.20  1089    7.7
 53889 113.82  36.07   306   18.7
 53890 114.10  36.67   280    4.5
 53891 114.68  37.02    43    1.2
 53892 114.47  36.62    66    6.1
 53893 114.95  36.77    39    3.7
 53894 114.20  36.40   149    1.9
 53895 114.50  36.78    60    1.9
 53896 114.95  36.35    50    3.1
 53897 114.38  36.38    69    1.3
 53899 114.97  36.48    48    3.2
 53924 107.62  35.07   966    0.4
 53925 107.18  35.68  1172    0.2
 53926 107.35  35.35  1028    0.8
 53927 106.62  35.20  1477    0.1
 53928 107.02  35.30  1149    0.5
 53931 109.37  36.00   984    0.2
 53934 107.98  35.78  1274    0.1
 53935 108.40  35.49  1481    0.6
 53937 107.92  35.52   979    0.6
 53938 108.30  35.17  1277    0.3
 53941 109.58  35.18   804    2.7
 53944 109.25  35.57   863    2.6
 53945 109.07  35.43  1395    1.4
 53946 109.82  35.60  1091    2.5
 53947 109.07  35.08   978    1.5
 53949 109.92  35.18   679    0.9
 53950 110.15  35.23   708    1.5
 53953 110.85  35.97   965    2.3
 53956 110.83  35.40   588    4.8
 53957 110.72  35.62   459    1.8
 53958 110.78  35.17   435    2.6
 53961 111.48  35.65   472    2.8
 53962 111.70  35.73   584    0.4
 53964 111.22  35.62   430    4.2
 53965 111.57  35.52   761    2.5
 53966 111.83  35.98   817    4.1
 53967 111.20  35.33   468    2.0
 53970 112.20  35.70   887    5.3
 53972 112.90  35.05   117    3.9
 53973 112.95  35.77   837    4.1
 53974 114.23  35.61    70   13.4
 53976 112.87  35.50   752    6.3
 53978 112.63  35.08   140    4.5
 53979 113.08  35.15   120    3.1
 53980 114.80  36.55    50    4.8
 53981 113.27  35.78  1311    4.4
 53982 113.27  35.23   112    4.0
 53983 114.42  35.03    69   22.6
 53984 113.47  35.23    82    5.7
 53985 113.82  35.50   140    8.9
 53987 113.36  35.11    94    8.0
 53988 113.67  35.27    77    6.6
 53989 113.98  35.08    75   23.4
 53991 114.33  35.92    93   16.0
 53992 114.52  35.65    58   10.5
 53993 114.92  35.93    51    7.5
 53994 114.07  35.38    70   10.8
 53995 114.50  35.55    62   15.1
 53996 114.65  36.45    57    3.1
 53997 114.18  35.15    71   27.4
 53998 114.65  35.20    61   57.1
 54291 130.28  42.90    36    0.4
 54408 115.22  40.38   529    1.5
 54501 115.68  39.97   440    0.2
 54507 115.52  39.33    49    0.2
 54601 115.65  38.98    13    0.1
 54631 115.15  37.07    32    1.7
 54632 115.03  37.07    34    1.6
 54633 115.23  37.52    26    0.3
 54640 114.87  36.92    36    2.2
 54706 115.67  37.08    31    1.0
 54707 115.98  37.35    27    0.1
 54709 116.07  37.23    24    0.3
 54718 116.47  37.15    22    0.2
 54800 115.25  37.00    33    2.1
 54801 115.48  36.85    35    3.0
 54802 115.73  36.82    34    1.2
 54803 116.02  36.98    27    1.4
 54804 115.18  36.30    45    6.5
 54805 115.47  36.45    39    4.9
 54806 115.97  36.42    33   10.8
 54807 115.77  36.15    41    4.5
 54809 115.28  36.55    41    6.3
 54810 116.27  36.87    27    1.5
 54811 116.62  36.93    20    1.2
 54812 116.75  36.78    22    2.0
 54814 116.25  36.53    29    6.6
 54815 116.27  36.38    31   11.4
 54816 116.80  36.52    98    5.7
 54817 115.87  35.98    42    1.9
 54818 116.42  36.25    79    6.3
 54819 116.80  36.18   113    4.3
 54820 115.17  36.82    36    3.4
 54821 117.20  37.00    20    0.1
 54822 117.73  36.87    47    0.1
 54824 117.95  36.63    95    0.1
 54825 117.85  36.52   189    2.7
 54827 117.15  36.17   128    4.0
 54828 117.68  36.23   229    4.4
 54829 117.87  36.77    85    0.1
 54834 118.28  36.87    46    0.2
 54835 118.55  36.50   106    0.1
 54848 119.42  35.98    82    2.2
 54849 120.03  36.22    84    0.3
 54853 120.42  36.17    42    0.6
 54900 115.02  35.70    53   13.4
 54901 115.17  36.08    47    3.1
 54902 115.12  35.90    49    5.5
 54903 115.48  35.85    45    3.5
 54904 115.52  35.58    50   19.1
 54905 115.93  35.58    46   12.7
 54906 115.42  35.25    49   41.3
 54907 116.65  34.98    34   85.1
 54908 115.10  35.27    57   40.5
 54910 116.05  35.82    40    1.7
 54911 116.40  35.93    44    1.8
 54912 116.50  35.77    41    2.2
 54913 116.82  35.75    62    4.5
 54914 116.08  35.42    40   15.4
 54915 116.60  35.43    33    9.9
 54917 116.33  35.13    35   65.4
 54918 116.97  35.60    62    5.9
 54919 116.98  35.38    88    7.9
 54920 117.28  35.65   110    4.7
 54921 116.33  35.42    38   13.5
 54922 117.78  35.88   224    5.0
 54923 117.93  35.72   202    4.2
 54925 117.63  35.52   167    6.5
 54927 117.20  35.10    74   21.9
 54932 118.65  35.77   186    2.9
 54935 118.43  35.53   119    2.2
 54938 118.40  35.05    65   14.1
 54939 118.82  35.17   113    7.7
 54940 119.20  35.75   148    2.5
 54943 120.00  35.88    10    2.6
 56016  95.62  33.85  4179    0.7
 56034  97.13  33.80  4415    0.8
 56045  99.90  33.97  4050    0.1
 56071 102.50  34.59  3190    0.4
 56081 103.35  34.70  2810    0.7
 56082 103.50  34.58  2540    0.6
 56084 103.23  34.07  2374    4.7
 56091 104.47  34.85  1883    0.1
 56095 104.38  34.03  1753    0.4
 56164 100.98  32.27  3284    2.3
 56168 102.07  31.48  2168    1.0
 56171 101.70  32.90  3275    1.7
 56181 103.70  30.68   541    6.0
 56184 103.17  31.43  1896    0.1
 56185 102.98  32.08  2400    1.2
 56186 104.20  31.33   589    0.1
 56189 103.93  30.98   581    4.0
 56197 104.17  31.15   535    0.9
 56199 104.68  31.03   423    1.1
 56263 101.88  30.88  1949    2.7
 56272 103.88  30.82   558    3.3
 56273 102.82  30.39  1022   18.1
 56276 103.82  30.45   467    2.1
 56278 102.77  30.07   755   12.1
 56279 102.93  30.15   682    3.4
 56280 103.12  30.08   691    1.0
 56281 103.50  30.18   510    2.7
 56284 103.43  30.45   518    6.4
 56285 103.52  30.60   523   13.0
 56286 104.26  30.61   505    4.4
 56288 103.92  30.58   494    1.2
 56289 103.87  30.20   437    3.4
 56290 104.18  30.78   514    2.4
 56291 104.28  30.93   469    0.4
 56295 104.55  30.38   448    9.5
 56296 104.43  30.85   448    0.6
 56297 104.15  30.02   436    1.8
 56298 104.60  30.13   417    4.0
 56373 102.85  29.78   763    1.3
 56376 102.63  29.33  1098    0.1
 56380 103.35  29.88   571    0.2
 56381 103.50  30.07   630    1.6
 56382 103.55  29.75   475    0.5
 56383 103.87  29.83   455    2.3
 56384 103.48  29.60   446    0.1
 56387 103.27  29.23   642    0.1
 56389 103.95  29.20   387    1.5
 56390 104.07  29.67   404    1.5
 56391 103.82  30.08   415    1.9
 56393 104.85  29.77   369   14.2
 56394 104.43  29.45   384    1.7
 56395 104.67  29.52   351    1.1
 56396 104.77  29.35   352    1.7
 56399 104.98  29.18   306    1.8
 56473 102.77  28.95  1060   10.6
 56480 103.53  28.82   564    1.7
 56483 103.95  28.58   496    0.2
 56490 103.90  28.95   424    1.2
 56491 104.57  28.70   287    0.4
 56493 104.97  28.85   292    0.5
 56497 104.23  28.10   448    0.1
 56499 104.78  28.38   368    0.2
 56835  97.82  24.07   959    9.9
 56836  97.95  24.70   826   12.4
 56844  98.58  24.43   913    0.4
 56849  99.23  24.03  1606    0.9
 56881 103.27  24.75  1695    2.5
 56883 103.98  24.82  1900    1.4
 56885 103.45  24.40  1415   11.4
 56944  99.27  23.15  1278    0.3
 56948  99.60  22.63  1155    1.2
 56949  99.60  22.32   945    8.9
 56982 103.29  23.70  1117    1.4
 56987 103.23  22.78  1260    1.3
 56992 104.70  23.45  1507    1.6
 56994 104.28  23.33  1293    3.9
 57003 106.83  34.90   924    1.2
 57007 105.18  34.18  1404    0.2
 57016 107.13  34.35   612    0.6
 57020 107.40  34.37   563    0.3
 57021 107.13  34.65   751    1.0
 57022 107.78  34.68  1026    0.9
 57023 108.11  35.02   919    0.2
 57024 107.65  34.45   669    1.0
 57026 107.88  34.37   585    1.0
 57027 107.73  34.27   517    0.9
 57029 108.48  34.50   543    4.1
 57031 108.55  34.82  1012    0.7
 57032 108.20  34.13   436    2.6
 57033 108.82  34.55   428    3.1
 57035 108.23  34.55   636    1.4
 57038 108.45  34.28   410    3.0
 57039 108.88  34.08   445    3.0
 57040 109.08  34.52   377    5.7
 57041 108.92  34.63   424    6.1
 57042 109.18  34.78   470    2.9
 57043 109.97  34.80   351    2.1
 57044 109.23  34.40   424    4.9
 57045 109.48  34.52   349    3.1
 57047 109.32  34.17   540    3.7
 57053 110.72  34.70   505    3.8
 57054 110.23  34.55   556    2.9
 57055 110.13  34.59   342    0.6
 57056 110.86  34.54   484    3.2
 57057 110.15  34.10   963    2.7
 57060 111.23  35.17   402    1.8
 57061 111.20  34.83   410    7.8
 57063 111.77  34.77   523    2.9
 57065 112.13  34.55   317    9.6
 57066 111.67  34.40   408    2.7
 57070 112.12  34.73   364    7.9
 57072 112.75  34.92   127    7.4
 57074 112.40  34.42   252   11.7
 57075 112.87  34.17   203   15.4
 57076 112.78  34.73   189    6.2
 57078 112.47  34.15   336   12.5
 57079 113.03  34.95   106   12.6
 57080 112.97  34.73   165   11.9
 57081 113.43  34.80   140   15.7
 57082 113.02  34.47   427    8.7
 57084 113.05  34.49  1178   18.6
 57085 113.33  34.53   259    8.1
 57086 113.72  34.38   116   33.6
 57087 113.73  34.27   104   68.5
 57088 113.50  34.19   146   37.7
 57090 113.97  34.72    78   11.7
 57093 114.82  34.85    73   23.7
 57094 114.22  34.40    67   58.1
 57095 114.15  34.12    61   65.9
 57096 114.78  34.53    59   49.6
 57098 114.40  34.08    58   55.6
 57099 114.85  34.07    52   44.7
 57111 106.30  33.92   961    0.2
 57113 106.55  33.93   984    0.7
 57119 106.70  33.17   548    0.2
 57123 108.07  34.28   506    4.4
 57126 107.55  33.22   468    0.5
 57128 107.33  33.17   486    0.3
 57129 107.72  32.98   446    0.3
 57132 108.58  34.13   411    2.0
 57137 108.32  33.32   802    3.1
 57140 109.12  33.67   818    4.4
 57153 110.33  33.70   639    1.9
 57155 109.87  33.55   660    2.4
 57162 112.07  34.13   440    1.5
 57169 111.87  33.05   159    0.3
 57173 112.88  33.75   145   13.5
 57175 112.23  33.05   191    0.2
 57176 112.42  33.48   231   13.4
 57177 113.53  33.33    89   24.5
 57179 113.00  33.28   160   22.6
 57180 113.20  33.98   117   20.5
 57182 113.52  33.85    80   42.6
 57183 113.92  33.80    60   48.1
 57184 113.30  33.63    97   29.4
 57185 113.58  33.45    91   41.8
 57186 114.05  33.60    58   32.8
 57187 112.93  33.07   118    9.1
 57188 114.03  33.37    55   10.8
 57189 113.95  33.13    64    4.1
 57190 114.40  33.75    50   35.2
 57191 114.47  34.51    64   41.4
 57192 114.85  33.73    45   22.9
 57194 114.27  33.28    59    7.5
 57195 114.62  33.62    46   14.3
 57196 114.87  33.47    42    8.0
 57197 114.35  32.97    50    0.4
 57198 114.57  33.50    44   10.9
 57213 106.93  33.00   536    0.7
 57216 106.83  32.35   579    2.3
 57231 108.53  32.53   503   40.9
 57233 108.50  32.90   413    3.8
 57242 109.37  32.85   285    5.8
 57247 108.90  32.32   438   12.5
 57248 109.33  32.40   431    3.6
 57249 109.68  32.32   448    2.0
 57253 110.82  32.85   201    2.8
 57254 110.12  32.82   322    2.9
 57257 110.23  32.23   307    1.0
 57260 111.52  32.57   133    0.9
 57261 111.52  33.12   233    0.3
 57271 112.38  32.52    87    0.3
 57273 112.85  32.68   109    0.2
 57274 112.12  32.70   107    0.3
 57281 113.30  32.70   142    0.2
 57292 114.63  32.97    44    0.1
 57294 114.02  32.83    83    0.2
 57303 105.92  31.73   459    3.4
 57307 105.08  31.10   404    8.1
 57308 105.38  31.22   421   14.3
 57309 105.88  30.98   378    7.9
 57314 106.07  31.35   405   41.5
 57315 106.40  31.53   655   75.8
 57317 106.42  31.03   324   12.9
 57318 106.55  31.07   338   40.0
 57320 107.22  31.93   482   83.6
 57324 107.08  31.58   364  105.0
 57326 107.72  31.37   389    4.2
 57329 107.85  31.10   467    1.4
 57333 108.67  31.95   798    6.9
 57361 111.27  31.88   327    0.1
 57362 110.67  31.75   935    0.3
 57377 112.22  31.00   191    2.4
 57401 105.37  30.87   383   83.0
 57402 105.70  30.77   394   15.4
 57407 105.03  30.28   462    6.0
 57408 105.35  30.12   338    7.2
 57409 105.80  30.18   297    0.4
 57413 106.97  30.85   295    4.6
 57414 106.45  30.52   403    4.0
 57415 106.63  30.53   394    2.6
 57416 106.93  30.33   391    0.1
 57417 106.28  30.35   315    2.3
 57420 107.19  30.75   418    0.4
 57466 111.75  30.43    50    3.8
 57475 112.90  30.40    31    2.5
 57477 112.22  30.07    38    0.1
 57505 105.58  29.42   338    1.1
 57507 105.30  29.33   385    2.5
 57508 105.37  29.15   301    1.6
 57510 106.07  29.85   326    0.5
 57511 106.45  29.85   240    0.1
 57540 109.15  29.68   776    0.6
 57543 110.03  29.90   539    4.5
 57544 109.45  29.47   488    0.1
 57558 110.47  29.13   183    1.4
 57566 111.65  29.45    51    0.3
 57571 112.40  29.70    35    4.1
 57575 112.55  29.52    31    0.5
 57577 112.17  29.40    36   36.1
 57640 109.45  28.58   341    0.2
 57643 109.83  29.00   268    9.5
 57646 109.95  28.62   302    2.6
 57742 109.20  27.52   884    0.1
 57743 109.80  27.88   176    0.9
 57792 114.68  27.82    93    0.1
 57807 105.47  26.21  1361    0.7
 57821 107.50  26.70   925    0.1
 57829 107.80  26.20   963    0.1
 57870 112.10  26.80   151    0.1
 57900 105.22  25.83  1552    0.1
 57905 105.61  25.40  1184    0.4
 57927 107.18  24.97   287    3.4
 57942 110.00  25.80   268    1.6
 57948 109.25  25.08   122    0.3
 57949 110.00  24.98   156    0.6
 57956 110.32  25.42   167    1.7
 57964 111.15  25.50   263    0.1
 57969 111.31  25.28   269    0.1
 57985 113.68  25.57   609    0.7
 58001 115.10  34.43    56   48.1
 58002 115.58  34.85    49   28.4
 58003 115.88  34.95    45   47.7
 58004 115.15  34.65    60   42.3
 58006 115.88  34.38    46   21.6
 58007 115.30  34.07    47   23.9
 58008 115.33  34.47    54   26.4
 58011 116.07  34.80    46   22.7
 58012 116.66  34.67    42   28.2
 58013 116.91  34.75    36   31.2
 58016 116.97  34.18    34   30.4
 58017 116.13  34.25    41   15.2
 58020 117.13  34.80    35   36.0
 58021 117.28  34.78    80   43.2
 58022 117.57  34.75    48   43.0
 58024 117.58  34.87    77   45.9
 58025 117.73  34.57    27   23.8
 58030 118.02  34.88    44   33.7
 58032 118.65  34.95    90   14.9
 58035 118.35  34.33    29   17.7
 58036 118.71  34.54    32    9.9
 58041 119.43  34.78    26   25.4
 58044 119.23  34.55     4    7.7
 58045 119.60  34.20     4   28.8
 58048 119.35  34.12     4   34.3
 58049 119.80  34.02     4   25.0
 58100 115.17  33.65    41   22.5
 58101 115.48  33.87    41   34.4
 58104 115.07  33.40    41    6.7
 58107 115.28  33.02    35    0.1
 58108 115.33  33.23    34    0.4
 58113 116.75  33.93    31   26.5
 58114 116.18  33.48    31   24.6
 58116 116.83  33.98    31   33.9
 58117 116.20  33.13    27    0.3
 58125 117.52  33.58    22   28.6
 58126 117.87  33.47    19   28.0
 58128 117.35  33.33    21   17.9
 58129 117.83  33.15    14   17.4
 58131 118.22  33.97    25   27.8
 58132 118.68  33.72    14   26.2
 58139 118.91  33.31    10   20.2
 58140 119.30  33.77     9   21.9
 58145 119.15  33.50     7   25.4
 58146 119.77  33.47     3   19.1
 58147 118.97  32.98    24   15.9
 58148 119.34  33.27     3   15.1
 58154 120.20  33.43     2   17.3
 58222 117.55  32.85    24    0.4
 58223 117.98  32.80    31    3.6
 58234 118.42  32.47    40    0.3
 58235 118.85  32.37    10    0.2
 58237 118.59  32.07    46    0.1
 58240 119.02  32.68    21    2.1
 58242 119.16  32.30    22    0.1
 58243 119.82  32.95     3   17.4
 58244 119.59  32.45     5    2.1
 58245 119.42  32.41     9    1.3
 58246 119.99  32.56     2    3.1
 58247 119.80  32.27     3    0.3
 58249 120.05  32.16     6    0.3
 58250 120.16  32.51     6    2.1
 58254 120.45  32.52     5    0.9
 58264 121.18  32.33     3    1.8
 58268 121.08  32.10     4    1.1
 58269 121.65  31.78     3    0.5
 58317 116.37  30.87   434    1.4
 58330 118.08  31.75    26    0.4
 58341 119.59  31.98     6    0.1
 58344 119.20  31.96    36    0.3
 58346 119.81  31.34    16    0.4
 58351 120.30  31.90     4    0.1
 58353 120.57  31.86    11    0.1
 58360 121.20  31.92     3    0.2
 58417 116.13  30.17    54    0.3
 58432 118.40  30.68    57    0.1
 58452 120.77  30.73     4    0.1
 58502 116.02  29.67    74    0.1
 58510 116.23  29.73    40    0.1
 58512 116.55  29.90    71    0.8
 58559 120.97  29.15   107    0.1
 58570 122.30  29.95    85    0.1
 58624 117.43  28.40    70    0.1
 58659 120.65  28.03    28    0.1
 58719 116.93  27.30   131    0.3
 58748 119.65  27.10    50    0.1
 58823 117.80  26.80   175    0.5
 58828 117.62  26.27   208    0.1
 58848 119.55  26.20    13    0.2
 58928 117.53  25.02   166    0.9
 58929 118.15  25.07    68    6.2
 58934 118.27  25.33   183    5.1
 58935 118.23  25.48   521    3.8
 58938 118.98  25.23    23    1.3
 58940 119.33  26.08    25    0.1
 58941 119.50  25.97    25    0.1
 58942 119.38  25.72    39    0.1
 58946 119.00  25.45    81    2.7
 59012 106.55  24.78   972   20.6
 59015 106.57  24.35   437    4.4
 59017 106.27  24.27   278    2.4
 59022 107.55  24.98   749    3.7
 59025 107.38  24.53   248    0.7
 59027 107.25  24.13   254    0.2
 59033 108.90  24.78   328    0.9
 59038 108.65  24.07   138    0.3
 59041 109.25  24.65   108    1.5
 59044 109.38  24.47    97    1.4
 59053 110.64  24.65   157    1.0
 59055 110.40  24.50   165    0.1
 59057 110.18  24.13   830    7.0
 59059 110.80  24.18   105    0.1
 59061 111.27  24.82   193    0.8
 59063 111.45  25.18   265    0.1
 59071 112.28  24.73   174    1.0
 59074 112.15  24.57   300    2.0
 59075 112.63  24.48    70   10.6
 59081 113.29  24.78   131    0.5
 59099 114.93  24.45   173    0.5
 59106 115.90  24.58   152    1.3
 59109 115.73  24.15   123    0.1
 59114 116.17  24.65   135    1.8
 59122 117.75  24.62    43    0.1
 59124 117.38  24.52    53    3.8
 59127 117.83  24.43    32    2.2
 59129 117.60  24.13    53    0.1
 59130 118.15  24.73    30   16.7
 59131 118.37  24.97    45    3.0
 59137 118.57  24.82    56    1.0
 59205 105.63  23.65   685    0.1
 59215 106.63  23.33   680    5.0
 59227 107.13  23.12   454    3.7
 59229 107.70  23.17   125    4.3
 59230 108.17  23.72   168    4.6
 59235 108.62  23.43   115    0.5
 59249 109.62  23.12    51    1.7
 59269 111.78  23.17    47    0.1
 59270 112.18  23.92    84    0.5
 59276 112.65  23.35    40   38.2
 59279 112.87  23.18    24    4.0
 59284 113.24  23.42    38    0.9
 59285 113.60  23.57    38    0.2
 59288 113.02  23.15    29    4.3
 59297 114.28  23.17    17    0.6
 59310 116.18  23.77    45    4.8
 59312 116.70  23.67    60   24.8
 59313 116.98  23.68    44    2.7
 59314 116.13  23.30    29   39.7
 59315 116.40  23.59    43    0.4
 59318 116.58  23.27     5   12.3
 59319 116.83  23.43     4    7.6
 59320 117.13  23.75    37    3.8
 59322 117.37  23.98    22    0.9
 59419 106.73  22.07   348    5.5
 59421 107.20  22.83   255    4.9
 59425 107.35  22.40   107    2.8
 59426 107.92  22.62   146    1.1
 59427 107.07  22.12   163    2.0
 59429 108.01  22.18   216   20.5
 59432 108.40  22.80   194    0.4
 59435 108.48  22.77    74    0.1
 59449 109.98  22.30    85    0.2
 59451 110.35  22.70    98    4.5
 59452 110.53  22.83   131    1.0
 59457 110.27  22.32   121    2.6
 59469 111.78  22.17    37    1.9
 59470 112.20  22.70    57    1.2
 59471 112.05  22.93   101    0.1
 59473 112.98  22.74    47   12.4
 59475 112.65  22.40    27    2.8
 59476 113.03  22.53    36   25.2
 59480 113.25  22.85    21    9.0
 59481 113.32  22.94    12    5.6
 59487 113.30  22.23    23   60.2
 59492 114.73  22.97    47    5.4
 59500 115.32  22.97     6   23.6
 59502 115.65  22.95     5   21.4
 59635 108.35  21.62    31    0.8
