diamond  3 2015年06月23日08点6小时降雨量                     
  15  06  23  08    -1 3 10 25 50 1 0
 39 122.7  37.3 122.5  36.7 120.8  36.2 119.3  35.0 120.4  34.3
 121.1  32.7 122.3  30.9 122.5  30.1 121.5  28.0 119.8  25.0
 116.1  22.6 111.0  21.0 111.0  18.6 109.6  18.1 108.3  18.5
 108.9  19.9 109.3  21.0 106.4  21.6 104.1  22.2 101.6  20.8
  98.7  22.0  97.1  24.1  97.7  27.0  91.7  26.6  85.7  27.7
  78.9  30.6  73.3  37.1  74.1  40.7  87.6  49.8  98.5  43.9
 110.4  44.3 122.0  54.7 135.7  48.3 131.5  42.2 125.2  39.4
 121.3  38.5 121.2  40.3 118.5  38.6 120.8  38.1
 1     357
 50659 126.25  48.03   291    1.3
 50673 130.40  48.88    90    1.1
 50749 124.83  47.18   154   27.5
 50750 125.30  47.90   226    2.4
 50755 126.07  47.62   249   11.2
 50767 127.10  47.23   202    8.4
 50772 129.23  48.10   288    0.3
 50775 130.20  47.34   182    0.2
 50776 130.83  47.57    83    0.3
 50778 132.53  47.67    57    0.2
 50779 134.28  48.37    40    0.3
 50842 124.42  46.83   145    4.4
 50851 126.08  46.68   207    0.5
 50852 126.45  46.82   169    4.3
 50871 129.88  46.73    95    0.3
 50878 130.72  47.00    78    1.3
 50892 134.00  46.80    54    0.5
 51328  80.42  44.20   770    0.3
 51329  80.85  44.05   640    0.2
 51434  81.53  43.97   770    0.3
 51559  86.40  42.32  1100    0.2
 51747  83.67  39.00  1099    0.1
 52745  99.02  37.30  3417    3.7
 52842  99.08  36.78  3087    0.3
 52855 101.25  36.68  2675    0.3
 52862 101.68  36.95  2450    0.1
 52869 101.58  36.50  2667    0.2
 52877 102.25  36.10  2834    0.1
 52885 103.25  36.75  2118    0.1
 52896 104.15  36.55  1738    1.9
 52957 100.60  35.25  3148    1.8
 52968 101.47  35.03  3662    1.5
 52978 102.49  35.19  2948    0.3
 52981 103.38  35.68  2421    0.2
 52985 103.33  35.42  2162    0.3
 52988 103.72  35.37  2015    0.1
 52993 105.07  35.68  1739    0.7
 52995 104.62  35.58  1897    0.1
 52996 105.02  35.38  2450    2.8
 53505 105.40  37.88  1380    0.1
 53599 114.68  39.37   884    0.9
 53660 111.08  39.02   894    0.6
 53669 111.80  38.08  1150    0.2
 53677 112.48  37.93   806    7.2
 53678 112.65  38.07   897    1.0
 53679 112.54  37.75   776    2.4
 53694 114.22  38.27   131    0.3
 53707 105.25  36.93  1697    0.9
 53727 107.12  37.17  1712    2.9
 53757 110.12  37.12   938    0.1
 53760 111.23  37.88  1212    1.0
 53763 112.17  37.92  1006    1.6
 53767 111.17  37.33  1213    0.2
 53771 112.05  37.42   750    0.1
 53774 112.37  37.58   759    1.8
 53776 112.77  37.68   831    0.1
 53777 112.14  37.51   753    3.3
 53786 113.33  37.09  1152    0.1
 53788 113.57  37.33  1265    0.6
 53829 107.90  35.98  1093    5.9
 53832 108.77  36.77  1218    1.8
 53841 109.32  36.88  1068    1.4
 53848 109.35  36.27  1005    1.6
 53850 110.18  36.88   804    0.6
 53852 110.63  36.77   916    0.7
 53856 110.75  36.47   765    0.8
 53857 110.18  36.07   840    1.0
 53864 111.10  36.40  1030    0.8
 53865 111.55  36.65  1011    1.8
 53869 111.70  36.58   550    0.9
 53873 112.87  36.10   951    0.2
 53874 111.90  36.25   648    0.5
 53875 112.35  36.52  1000    2.7
 53879 112.88  36.32   952    0.7
 53881 106.48  37.28  1382    1.7
 53885 113.20  36.12  1122    0.4
 53906 105.71  35.52  1656    8.7
 53908 105.23  35.22  1768    2.2
 53914 106.12  35.62  2078   17.8
 53916 106.32  35.50  1948   22.7
 53917 106.07  35.22  1631   12.5
 53924 107.62  35.07   966    9.9
 53925 107.18  35.68  1172    9.6
 53926 107.35  35.35  1028    6.5
 53927 106.62  35.20  1477   20.2
 53928 107.02  35.30  1149   12.1
 53930 107.98  36.45  1271    7.3
 53931 109.37  36.00   984    1.9
 53934 107.98  35.78  1274    5.7
 53935 108.40  35.49  1481   13.0
 53937 107.92  35.52   979    9.9
 53938 108.30  35.17  1277    6.1
 53941 109.58  35.18   804    1.6
 53944 109.25  35.57   863    5.4
 53945 109.07  35.43  1395    5.7
 53946 109.82  35.60  1091    0.7
 53947 109.07  35.08   978    4.7
 53949 109.92  35.18   679    1.5
 53950 110.15  35.23   708    0.8
 54398 116.62  40.13    28    0.9
 54503 115.82  39.07    12    0.1
 54529 117.82  39.35     3    0.1
 54533 118.10  39.58     8    0.2
 54535 118.47  39.29     3    0.9
 54601 115.65  38.98    13    1.9
 54605 115.93  38.93     4    0.4
 54611 115.32  38.93    44    1.0
 54614 116.06  38.42    10    0.1
 54617 116.12  38.18    13    0.8
 54620 115.57  38.48    18    1.3
 54626 115.82  38.42    13    1.2
 56045  99.90  33.97  4050    0.7
 56071 102.50  34.59  3190    1.6
 56081 103.35  34.70  2810    1.2
 56082 103.50  34.58  2540    5.7
 56084 103.23  34.07  2374    2.4
 56091 104.47  34.85  1883    0.2
 56094 104.37  33.78  1400    1.7
 56095 104.38  34.03  1753    0.7
 56097 104.25  33.27  1440    0.1
 56109  93.78  31.48  3940    2.2
 56164 100.98  32.27  3284    1.3
 56168 102.07  31.48  2168    6.4
 56180 103.85  31.68  1590    6.6
 56181 103.70  30.68   541    9.4
 56183 103.62  31.50  1370    4.6
 56184 103.17  31.43  1896    8.0
 56185 102.98  32.08  2400    8.9
 56186 104.20  31.33   589   25.4
 56189 103.93  30.98   581   13.5
 56190 104.55  31.55   519   15.1
 56192 104.67  32.95  1014    9.2
 56193 104.52  32.42   893   21.4
 56194 104.45  31.63   597   25.7
 56195 104.73  31.80   543   22.0
 56197 104.17  31.15   535   19.8
 56198 104.50  31.32   525   14.7
 56199 104.68  31.03   423   24.7
 56272 103.88  30.82   558   16.6
 56273 102.82  30.39  1022    0.1
 56276 103.82  30.45   467   30.6
 56279 102.93  30.15   682    0.3
 56280 103.12  30.08   691    2.1
 56281 103.50  30.18   510    5.6
 56284 103.43  30.45   518   19.5
 56285 103.52  30.60   523   11.0
 56286 104.26  30.61   505   55.5
 56288 103.92  30.58   494   33.1
 56289 103.87  30.20   437    9.1
 56290 104.18  30.78   514   42.8
 56291 104.28  30.93   469   27.3
 56295 104.55  30.38   448  121.0
 56296 104.43  30.85   448   51.5
 56297 104.15  30.02   436    1.9
 56298 104.60  30.13   417    9.6
 56373 102.85  29.78   763    0.4
 56380 103.35  29.88   571    0.1
 56381 103.50  30.07   630    4.2
 56382 103.55  29.75   475    0.7
 56383 103.87  29.83   455    5.4
 56384 103.48  29.60   446    0.1
 56389 103.95  29.20   387    0.2
 56390 104.07  29.67   404    5.5
 56391 103.82  30.08   415    6.2
 56393 104.85  29.77   369   19.6
 56394 104.43  29.45   384    6.5
 56395 104.67  29.52   351    2.2
 56396 104.77  29.35   352    1.8
 56480 103.53  28.82   564    0.2
 56483 103.95  28.58   496    0.1
 56489 103.63  28.23   877    0.1
 56490 103.90  28.95   424    1.0
 56494 104.33  28.84   386    0.2
 56582 103.90  27.75  1176    0.1
 56835  97.82  24.07   959    0.2
 56849  99.23  24.03  1606    0.1
 56891 104.32  24.98  1482   15.3
 56944  99.27  23.15  1278    0.1
 56948  99.60  22.63  1155    0.6
 57001 105.33  34.75  1271    1.0
 57002 105.65  34.85  1216    3.3
 57003 106.83  34.90   924   16.4
 57004 104.88  34.73  1495    0.9
 57006 105.75  34.58  1141    8.6
 57007 105.18  34.18  1404    2.1
 57008 105.30  34.03  1579   10.6
 57011 106.15  34.75  1378   10.1
 57012 106.20  34.98  1664   10.9
 57016 107.13  34.35   612    7.8
 57020 107.40  34.37   563    5.0
 57021 107.13  34.65   751   10.7
 57022 107.78  34.68  1026    1.6
 57023 108.11  35.02   919    1.9
 57024 107.65  34.45   669    5.8
 57026 107.88  34.37   585    2.0
 57027 107.73  34.27   517    3.4
 57029 108.48  34.50   543    0.6
 57031 108.55  34.82  1012    2.6
 57032 108.20  34.13   436    5.2
 57033 108.82  34.55   428    0.5
 57035 108.23  34.55   636    1.4
 57038 108.45  34.28   410    1.0
 57039 108.88  34.08   445    0.4
 57040 109.08  34.52   377    2.0
 57041 108.92  34.63   424    2.1
 57042 109.18  34.78   470    5.2
 57043 109.97  34.80   351    3.9
 57044 109.23  34.40   424    2.6
 57045 109.48  34.52   349    5.6
 57047 109.32  34.17   540    0.1
 57053 110.72  34.70   505    0.7
 57054 110.23  34.55   556    4.8
 57055 110.13  34.59   342    5.5
 57057 110.15  34.10   963    4.4
 57102 105.72  33.75   970   20.1
 57105 105.60  33.33  1221   15.3
 57110 106.08  33.78   930    4.1
 57111 106.30  33.92   961    2.1
 57113 106.55  33.93   984    3.5
 57119 106.70  33.17   548    0.7
 57123 108.07  34.28   506    2.4
 57126 107.55  33.22   468    0.2
 57132 108.58  34.13   411    1.5
 57140 109.12  33.67   818    3.6
 57153 110.33  33.70   639    0.3
 57155 109.87  33.55   660    0.2
 57169 111.87  33.05   159    1.3
 57175 112.23  33.05   191    2.2
 57176 112.42  33.48   231    0.2
 57184 113.30  33.63    97    0.1
 57204 105.22  32.57   782   35.9
 57208 105.52  32.28   544   15.8
 57213 106.93  33.00   536    0.8
 57216 106.83  32.35   579   17.9
 57217 106.28  32.23   485   12.3
 57233 108.50  32.90   413    0.8
 57261 111.52  33.12   233    0.5
 57273 112.85  32.68   109    0.1
 57303 105.92  31.73   459   30.3
 57304 105.17  31.67   516    8.1
 57307 105.08  31.10   404   86.5
 57308 105.38  31.22   421   57.0
 57309 105.88  30.98   378   16.5
 57314 106.07  31.35   405   39.4
 57315 106.40  31.53   655   41.5
 57317 106.42  31.03   324    8.3
 57318 106.55  31.07   338    7.9
 57320 107.22  31.93   482   23.2
 57324 107.08  31.58   364    8.7
 57349 109.86  31.08   606    0.1
 57401 105.37  30.87   383   33.3
 57402 105.70  30.77   394   13.3
 57407 105.03  30.28   462    9.8
 57408 105.35  30.12   338    7.0
 57409 105.80  30.18   297    2.5
 57413 106.97  30.85   295    0.5
 57414 106.45  30.52   403    1.3
 57415 106.63  30.53   394    0.4
 57417 106.28  30.35   315    1.5
 57496 114.87  30.37    31    0.2
 57510 106.07  29.85   326    0.2
 57544 109.45  29.47   488    0.1
 57558 110.47  29.13   183    0.4
 57596 114.20  29.63   751    0.1
 57600 105.06  28.71   420    0.1
 57635 108.98  28.45   363    0.8
 57640 109.45  28.58   341    1.2
 57699 114.92  28.23    66    0.3
 57728 107.47  27.07  1096    0.4
 57735 108.82  27.18   404    0.1
 57736 108.85  27.70   369    1.0
 57769 111.73  27.23   252    0.1
 57796 114.88  27.83   189    3.2
 57798 114.60  27.40    85    0.1
 57807 105.47  26.21  1361    4.3
 57808 105.75  26.32  1274    3.2
 57809 105.75  26.07  1251    0.3
 57814 106.27  26.42  1298    0.2
 57818 106.45  26.03  1140    0.1
 57821 107.50  26.70   925    2.7
 57828 107.58  26.50   983    2.6
 57860 111.28  27.00   283    0.1
 57867 111.28  26.40   169    0.1
 57900 105.22  25.83  1552    0.6
 57903 105.60  25.94  1142    5.9
 57913 106.98  26.45  1093    0.1
 57936 108.91  25.76   258    0.4
 57941 109.60  25.78   197    0.3
 57942 110.00  25.80   268    1.7
 57969 111.31  25.28   269    0.8
 57976 112.94  25.41   222    0.2
 57985 113.68  25.57   609    0.8
 57988 113.33  25.10   143    0.3
 58257 120.26  31.99     4    0.2
 58346 119.81  31.34    16    0.1
 58351 120.30  31.90     4    0.2
 58353 120.57  31.86    11    0.1
 58370 121.53  31.23     4   0.01
 58423 117.78  30.48   647    0.1
 58426 118.13  30.30   193    0.1
 58529 117.85  29.27   171    0.1
 58693 115.83  28.70    40    0.1
 58704 115.35  27.58   104    0.2
 58707 115.13  27.22    66    0.7
 58928 117.53  25.02   166    0.6
 58934 118.27  25.33   183    0.3
 58935 118.23  25.48   521    0.1
 59001 105.33  24.78   672    0.5
 59004 105.10  24.50   725    0.6
 59022 107.55  24.98   749    4.8
 59063 111.45  25.18   265    0.1
 59071 112.28  24.73   174    0.1
 59074 112.15  24.57   300    0.7
 59075 112.63  24.48    70    0.3
 59081 113.29  24.78   131    2.0
 59114 116.17  24.65   135    1.0
 59124 117.38  24.52    53    0.3
 59125 117.30  24.38   108    0.8
 59127 117.83  24.43    32    1.9
 59129 117.60  24.13    53    0.4
 59131 118.37  24.97    45    0.2
 59205 105.63  23.65   685   30.6
 59264 111.50  23.40    83    1.3
 59266 111.23  23.42    42    0.7
 59268 111.54  23.26    70    0.1
 59269 111.78  23.17    47    1.5
 59276 112.65  23.35    40    0.1
 59279 112.87  23.18    24    0.5
 59284 113.24  23.42    38    0.3
 59288 113.02  23.15    29    2.4
 59297 114.28  23.17    17    7.2
 59310 116.18  23.77    45    8.6
 59312 116.70  23.67    60    3.8
 59313 116.98  23.68    44    3.3
 59314 116.13  23.30    29    2.9
 59315 116.40  23.59    43    4.1
 59318 116.58  23.27     5    0.9
 59319 116.83  23.43     4    7.3
 59320 117.13  23.75    37    2.2
 59322 117.37  23.98    22    3.2
 59419 106.73  22.07   348    0.1
 59426 107.92  22.62   146    0.3
 59429 108.01  22.18   216    0.4
 59457 110.27  22.32   121    0.7
 59469 111.78  22.17    37    5.7
 59470 112.20  22.70    57    3.3
 59471 112.05  22.93   101    1.8
 59473 112.98  22.74    47   30.6
 59475 112.65  22.40    27    6.8
 59476 113.03  22.53    36    3.4
 59477 112.23  22.27    68    4.0
 59480 113.25  22.85    21    4.1
 59481 113.32  22.94    12    0.6
 59487 113.30  22.23    23    4.5
 59492 114.73  22.97    47   33.6
 59500 115.32  22.97     6    8.4
 59502 115.65  22.95     5   18.2
