diamond  3 2015年06月29日14点6小时降雨量                     
  15  06  29  14    -1 3 10 25 50 1 0
 39 122.7  37.3 122.5  36.7 120.8  36.2 119.3  35.0 120.4  34.3
 121.1  32.7 122.3  30.9 122.5  30.1 121.5  28.0 119.8  25.0
 116.1  22.6 111.0  21.0 111.0  18.6 109.6  18.1 108.3  18.5
 108.9  19.9 109.3  21.0 106.4  21.6 104.1  22.2 101.6  20.8
  98.7  22.0  97.1  24.1  97.7  27.0  91.7  26.6  85.7  27.7
  78.9  30.6  73.3  37.1  74.1  40.7  87.6  49.8  98.5  43.9
 110.4  44.3 122.0  54.7 135.7  48.3 131.5  42.2 125.2  39.4
 121.3  38.5 121.2  40.3 118.5  38.6 120.8  38.1
 1     710
 50776 130.83  47.57    83    7.8
 50778 132.53  47.67    57    0.7
 50779 134.28  48.37    40   11.3
 50787 131.84  47.31    62    0.2
 50879 130.55  46.22   187    0.5
 50880 131.12  46.73   102    0.2
 50884 131.15  46.63   175    0.4
 50892 134.00  46.80    54    9.0
 50934 121.58  45.38   311    0.1
 50962 128.03  45.95   112    0.1
 50964 128.80  45.83   119    0.7
 50965 128.27  45.43   167    0.4
 50971 131.02  45.77   223    4.2
 50979 130.23  45.27   274    2.5
 50985 131.87  45.55   151   11.4
 50987 131.09  45.26   219   18.5
 51353  86.10  45.02   346    0.1
 51357  85.62  44.33   522   0.01
 51377  87.92  44.17   547    0.3
 51378  89.17  44.00   742    2.4
 51436  83.30  43.45   928    1.8
 51482  90.28  43.83  1271   16.5
 52557 100.17  39.15  1453    2.6
 52643  99.62  38.83  2311    1.3
 52853 100.98  36.90  3010    0.4
 52855 101.25  36.68  2675    0.5
 52862 101.68  36.95  2450    0.3
 52869 101.58  36.50  2667    1.6
 52978 102.49  35.19  2948   0.01
 52980 103.30  35.97  1648   0.01
 52981 103.38  35.68  2421   0.01
 52982 103.55  35.48  1953    0.4
 52985 103.33  35.42  2162    0.2
 52988 103.72  35.37  2015    1.6
 52998 104.20  35.13  2111   0.01
 53343 109.97  41.77  1612   0.01
 53384 113.18  41.45  1423    0.1
 53385 113.54  41.60  1420    0.4
 53392 114.60  41.85  1422    0.2
 53467 111.18  40.27  1016    0.5
 53469 111.82  40.40  1166    0.8
 53472 112.57  40.87  1451    0.1
 53475 112.47  40.52  1268    0.7
 53481 113.22  40.80  1316    0.3
 53483 113.83  40.87  1268    0.1
 53484 113.15  40.45  1191    1.4
 53486 113.77  40.37  1050    1.1
 53488 113.58  40.03  1034    2.2
 53491 114.38  40.67   837    0.4
 53492 114.15  40.10   937    2.4
 53498 115.03  40.57   629    0.4
 53499 114.73  40.77   755    0.2
 53517 106.33  39.27  1464    0.1
 53518 106.35  39.03  1117    0.1
 53545 109.71  39.56  1367    0.1
 53547 109.03  39.10  1312    0.5
 53553 111.22  39.87  1221    0.6
 53562 111.66  39.92  1208    0.7
 53565 111.50  39.43  1051    0.8
 53573 112.70  40.00  1336    0.5
 53574 112.27  39.52  1409    1.9
 53575 112.20  39.10  1525    0.4
 53576 112.82  39.50  1045    6.4
 53577 112.30  39.00  1437    0.9
 53579 112.90  39.02   859    2.6
 53580 113.10  39.82  1044    0.8
 53582 113.67  39.72  1079    2.8
 53584 113.17  39.57  1000    4.9
 53585 113.27  39.17   933    2.1
 53590 114.27  39.75   977    2.3
 53596 115.13  38.85    52    0.4
 53599 114.68  39.37   884    2.6
 53610 106.35  38.57  1106    0.6
 53611 106.55  38.88  1098   0.01
 53617 106.08  38.03  1118    2.7
 53619 106.30  38.12  1115   0.01
 53644 108.83  38.60  1307    0.2
 53658 110.48  38.03   894   0.01
 53662 111.58  38.72  1396    0.2
 53665 111.65  38.28  1185    1.8
 53666 111.93  38.35  1212    1.2
 53669 111.80  38.08  1150    1.5
 53674 112.70  38.40   869    2.6
 53676 112.98  38.50   759    5.1
 53677 112.48  37.93   806    0.2
 53678 112.65  38.07   897    4.2
 53679 112.54  37.75   776    0.1
 53680 114.38  38.30   108    2.3
 53681 113.37  38.83  1096    1.9
 53682 114.68  38.63   104    1.4
 53685 113.42  38.07   953    8.8
 53688 114.55  38.42   100    3.6
 53689 115.07  38.02    42    1.4
 53690 114.18  38.85   281    6.8
 53691 114.57  38.15    71    2.5
 53692 114.98  38.73    66    0.8
 53693 114.13  38.03   255    8.7
 53694 114.22  38.27   131    6.0
 53695 114.68  38.35    70    0.5
 53696 115.02  38.55    41    0.4
 53697 114.83  38.03    53    4.3
 53699 114.95  38.18    45    0.8
 53727 107.12  37.17  1712    1.7
 53750 110.18  37.77   931    0.2
 53751 110.05  37.60   894    0.3
 53759 110.83  36.98  1109    0.1
 53760 111.23  37.88  1212    0.2
 53763 112.17  37.92  1006    0.1
 53769 111.78  37.25   747   0.01
 53773 114.62  36.33    64    0.9
 53774 112.37  37.58   759    0.2
 53776 112.77  37.68   831    0.1
 53777 112.14  37.51   753   0.01
 53778 112.22  37.17   780   0.01
 53780 113.15  37.91  1066    7.4
 53781 114.47  36.87    67    6.8
 53782 113.62  37.93   767   10.4
 53783 113.72  37.60   940    2.5
 53784 114.78  37.75    38    1.6
 53785 114.67  37.52    35    2.5
 53786 113.33  37.09  1152    1.7
 53788 113.57  37.33  1265    2.2
 53789 114.63  37.88    52    2.8
 53790 114.61  37.63    44    2.8
 53791 114.50  37.81    68    3.1
 53792 114.48  37.45   113    3.7
 53794 114.75  37.35    33    0.6
 53795 114.37  37.65   137    2.5
 53796 114.89  37.62    30    2.4
 53797 114.52  37.28    73    1.6
 53799 115.00  37.24    25    7.6
 53841 109.32  36.88  1068    0.1
 53848 109.35  36.27  1005    0.3
 53850 110.18  36.88   804    1.2
 53852 110.63  36.77   916    0.1
 53860 111.17  36.98  1406    0.1
 53861 111.38  35.88   463    3.0
 53862 111.80  36.85   811    1.2
 53866 111.67  36.23   462   0.01
 53869 111.70  36.58   550    0.8
 53871 112.85  36.83   964    1.5
 53872 112.68  36.77   960    0.5
 53873 112.87  36.10   951    0.1
 53874 111.90  36.25   648    0.1
 53875 112.35  36.52  1000    3.2
 53878 113.38  36.52   767    2.2
 53879 112.88  36.32   952    0.8
 53880 113.23  36.33   947    1.9
 53883 114.70  37.13    36   12.7
 53885 113.20  36.12  1122    0.2
 53886 113.67  36.57   470    2.6
 53888 113.43  36.20  1089    2.0
 53889 113.82  36.07   306    2.8
 53890 114.10  36.67   280    3.6
 53891 114.68  37.02    43    5.6
 53892 114.47  36.62    66    0.9
 53893 114.95  36.77    39    4.2
 53894 114.20  36.40   149    1.0
 53895 114.50  36.78    60    2.4
 53896 114.95  36.35    50    1.0
 53897 114.38  36.38    69    0.8
 53899 114.97  36.48    48    0.7
 53908 105.23  35.22  1768    0.4
 53931 109.37  36.00   984    0.5
 53935 108.40  35.49  1481    0.1
 53938 108.30  35.17  1277   0.01
 53941 109.58  35.18   804   0.01
 53944 109.25  35.57   863    0.1
 53945 109.07  35.43  1395    0.1
 53949 109.92  35.18   679    0.1
 53953 110.85  35.97   965    0.9
 53954 110.97  35.62   433    0.5
 53956 110.83  35.40   588    0.2
 53957 110.72  35.62   459    0.8
 53958 110.78  35.17   435    0.2
 53961 111.48  35.65   472    4.7
 53962 111.70  35.73   584    0.8
 53964 111.22  35.62   430    0.6
 53965 111.57  35.52   761    4.9
 53966 111.83  35.98   817    0.3
 53967 111.20  35.33   468    2.7
 53970 112.20  35.70   887    1.7
 53972 112.90  35.05   117    0.1
 53973 112.95  35.77   837   0.01
 53976 112.87  35.50   752    0.6
 53978 112.63  35.08   140    0.8
 53979 113.08  35.15   120   0.01
 53980 114.80  36.55    50    0.3
 53982 113.27  35.23   112   0.01
 53983 114.42  35.03    69    3.4
 53987 113.36  35.11    94   0.01
 53989 113.98  35.08    75    0.8
 53992 114.52  35.65    58   0.01
 53993 114.92  35.93    51    0.8
 53995 114.50  35.55    62   0.01
 53996 114.65  36.45    57    2.1
 53997 114.18  35.15    71    0.8
 53998 114.65  35.20    61    0.1
 54039 122.02  44.03   181    0.1
 54065 125.65  44.53   169    0.1
 54069 125.80  44.12   173    0.8
 54072 126.52  44.85   196    0.3
 54076 126.93  44.38   268    0.6
 54080 127.15  44.90   194    0.4
 54092 129.40  44.60   292    3.2
 54093 130.55  44.93   266    6.7
 54098 129.47  44.33   267    7.6
 54099 131.13  44.08   148    5.8
 54132 121.07  42.40   400    6.5
 54154 124.30  43.35   160    4.2
 54155 124.23  43.67   144    2.8
 54156 124.80  43.52   200    5.1
 54164 125.28  43.35   248    5.9
 54169 126.02  43.30   271   11.0
 54172 126.53  43.87   290    3.5
 54187 128.92  43.12   366    8.4
 54192 130.27  43.70   384   11.5
 54205 116.00  42.23  1315    0.1
 54214 118.42  42.58   960    1.3
 54223 120.65  42.85   362    2.8
 54225 119.94  42.29   579    5.6
 54231 122.35  42.97   248    5.5
 54234 121.75  42.73   297    4.9
 54244 123.33  42.75   118    5.9
 54245 123.40  42.50    97    8.4
 54248 123.53  42.03    61   10.7
 54249 123.87  42.30    85    9.9
 54252 124.75  42.73   196   19.6
 54261 125.47  42.67   345   18.5
 54267 125.73  42.25   362   20.8
 54274 125.99  42.69   306   19.3
 54279 126.58  42.05   544    4.0
 54290 129.40  42.77   241    4.4
 54293 129.83  42.95   142    0.1
 54301 115.67  41.67  1412    0.7
 54304 115.27  40.95  1239    0.2
 54305 115.27  41.88  1468    0.4
 54313 118.70  41.93   733    9.1
 54316 118.75  41.52   679   15.6
 54318 117.73  41.32   561   13.3
 54319 118.67  41.00   502    3.7
 54320 119.30  41.60   544   10.9
 54321 119.63  41.87   661    9.5
 54323 120.78  41.82   253    8.9
 54325 120.35  41.18   183    7.7
 54327 119.35  41.23   417    6.7
 54328 119.72  41.08   296    9.7
 54330 121.33  41.13    45    2.7
 54331 121.75  41.60   113    8.7
 54332 122.72  41.52    12   17.2
 54336 122.42  41.42     8   17.8
 54338 121.95  41.28     3   14.4
 54340 123.32  41.67    35   14.2
 54345 123.07  41.20    30   10.1
 54347 123.17  41.23    24    5.4
 54348 123.37  41.41    45   12.8
 54362 125.73  41.67   380   10.1
 54371 126.43  41.93   520    4.3
 54398 116.62  40.13    28    0.4
 54399 116.28  39.98    45    0.1
 54404 115.83  40.88   867    1.0
 54408 115.22  40.38   529    1.5
 54410 116.13  40.60  1224    2.4
 54412 116.63  40.73   331    0.7
 54419 116.63  40.37    75    0.5
 54420 117.33  40.93   529   10.7
 54421 117.12  40.65   293    6.6
 54424 117.12  40.17    32    7.3
 54425 117.47  40.40   633    2.2
 54428 117.40  40.03    15    0.9
 54430 118.21  40.78   330    0.1
 54431 116.63  39.92    43   0.01
 54433 116.50  39.95    35   0.01
 54434 118.33  40.17   131    8.2
 54437 118.62  39.51    18   23.4
 54438 118.88  39.88    65   14.5
 54439 118.72  40.02    50   10.4
 54453 120.96  40.87    38    2.7
 54474 122.35  40.42    24    2.8
 54475 122.45  40.57    11    3.7
 54483 123.90  40.88   233    4.9
 54494 124.07  40.47    72   0.01
 54499 116.22  40.22    76    1.4
 54501 115.68  39.97   440    1.2
 54502 116.03  39.48    29    0.7
 54503 115.82  39.07    12   0.01
 54505 116.10  39.94    98    0.2
 54506 115.95  39.32    24    0.1
 54507 115.52  39.33    49    0.3
 54510 116.95  39.91    18   21.8
 54512 116.28  39.42    21    0.9
 54513 116.20  39.95    65    0.5
 54514 116.25  39.87    55    3.6
 54515 116.70  39.50    13    0.3
 54519 116.48  39.30    12    0.3
 54520 117.08  39.97    18    1.4
 54521 116.98  39.77    13    0.1
 54522 117.73  39.88    14    0.4
 54523 117.02  39.38     4    0.3
 54526 117.33  39.08     1    1.3
 54528 117.13  39.23     3    0.9
 54529 117.82  39.35     3    2.3
 54530 117.77  39.23     1    2.6
 54531 118.72  39.73    43   17.0
 54532 118.08  39.81    31    7.8
 54533 118.10  39.58     8   18.2
 54535 118.47  39.29     3   20.6
 54540 119.20  39.73    17   63.0
 54541 119.23  39.90    24   34.3
 54569 121.95  39.42    11   0.01
 54575 122.37  39.42    43   0.01
 54594 116.35  39.72    37   0.01
 54596 116.19  39.77    48    0.2
 54601 115.65  38.98    13   0.01
 54604 115.33  38.42    29   0.01
 54605 115.93  38.93     4   0.01
 54607 115.12  38.72    45    0.3
 54608 115.55  38.00    26    0.7
 54609 115.59  38.23    22   0.01
 54617 116.12  38.18    13    0.1
 54619 116.92  38.92     5    0.2
 54621 115.18  38.18    38    0.1
 54622 117.37  38.98     3    1.2
 54626 115.82  38.42    13   0.01
 54627 117.23  38.03     8    0.1
 54628 117.48  38.15     6    7.1
 54631 115.15  37.07    32    5.3
 54632 115.03  37.07    34    5.4
 54633 115.23  37.52    26    7.5
 54636 116.10  39.02    11   0.01
 54640 114.87  36.92    36    3.6
 54644 117.12  38.05    10   0.01
 54645 117.47  38.85     2    0.2
 54700 115.93  38.03    16   0.01
 54701 115.20  37.93    35    1.4
 54702 115.70  37.73    20    1.5
 54703 115.88  37.80    21    1.6
 54704 115.57  37.52    24    1.4
 54706 115.67  37.08    31   15.3
 54707 115.98  37.35    27    1.3
 54708 115.73  37.50    23    1.9
 54709 116.07  37.23    24    2.6
 54710 116.17  37.87    18    1.0
 54711 116.28  37.70    18    2.3
 54712 116.82  37.20    18    1.7
 54713 116.53  37.88    14    0.3
 54714 116.33  37.45    23    2.4
 54716 116.80  37.67    16    1.5
 54717 116.40  37.63    17    1.6
 54718 116.47  37.15    22    3.0
 54722 117.63  37.75     6    0.5
 54723 117.57  37.65    10    0.6
 54724 117.13  37.32    14    1.7
 54726 117.18  37.70    11    0.9
 54728 117.38  37.77     8    0.5
 54729 117.87  37.17    11    1.5
 54730 118.14  37.69     6    0.2
 54731 118.22  37.48    11    0.5
 54732 118.52  37.87     5   0.01
 54734 118.00  37.36    12    0.3
 54736 118.67  37.43     6   0.01
 54737 118.15  37.15     9    1.1
 54738 118.40  37.05    15    0.8
 54749 119.95  37.18    48   0.01
 54755 120.39  37.33   117   0.01
 54759 120.85  37.32   205   0.01
 54800 115.25  37.00    33    8.9
 54801 115.48  36.85    35    6.3
 54802 115.73  36.82    34    8.0
 54803 116.02  36.98    27   14.2
 54804 115.18  36.30    45    2.1
 54805 115.47  36.45    39    6.8
 54806 115.97  36.42    33    6.9
 54807 115.77  36.15    41    2.4
 54809 115.28  36.55    41    3.9
 54810 116.27  36.87    27   12.1
 54811 116.62  36.93    20    8.8
 54812 116.75  36.78    22   10.1
 54814 116.25  36.53    29    6.2
 54815 116.27  36.38    31    2.5
 54816 116.80  36.52    98   10.3
 54817 115.87  35.98    42    0.9
 54818 116.42  36.25    79    0.4
 54819 116.80  36.18   113    1.5
 54820 115.17  36.82    36    5.1
 54821 117.20  37.00    20    2.3
 54822 117.73  36.87    47    1.5
 54824 117.95  36.63    95    0.9
 54825 117.85  36.52   189    2.2
 54827 117.15  36.17   128    3.0
 54828 117.68  36.23   229    3.9
 54829 117.87  36.77    85    1.1
 54830 117.93  36.82    34    0.6
 54831 118.50  36.65   102    0.3
 54832 118.80  36.86    23    0.1
 54833 118.08  36.97    15   0.01
 54834 118.28  36.87    46    0.1
 54835 118.55  36.50   106    0.6
 54837 118.84  36.68    78    0.6
 54841 119.42  36.86    23   0.01
 54844 119.18  36.42    62   0.01
 54846 119.74  36.39    51   0.01
 54848 119.42  35.98    82   0.01
 54849 120.03  36.22    84   0.01
 54851 120.56  36.90    76    0.1
 54861 121.53  36.93    45    0.2
 54900 115.02  35.70    53    0.1
 54901 115.17  36.08    47    2.8
 54902 115.12  35.90    49    0.8
 54903 115.48  35.85    45    0.7
 54904 115.52  35.58    50    0.2
 54905 115.93  35.58    46   0.01
 54906 115.42  35.25    49    1.2
 54907 116.65  34.98    34    3.4
 54908 115.10  35.27    57    1.4
 54910 116.05  35.82    40    0.8
 54911 116.40  35.93    44    0.6
 54912 116.50  35.77    41    1.3
 54913 116.82  35.75    62    0.8
 54914 116.08  35.42    40    0.1
 54915 116.60  35.43    33    4.0
 54917 116.33  35.13    35    3.4
 54918 116.97  35.60    62    0.9
 54919 116.98  35.38    88    5.7
 54920 117.28  35.65   110    1.3
 54921 116.33  35.42    38    3.6
 54922 117.78  35.88   224    0.3
 54923 117.93  35.72   202    0.1
 54925 117.63  35.52   167    0.5
 54927 117.20  35.10    74    2.3
 54932 118.65  35.77   186   0.01
 54935 118.43  35.53   119    0.4
 54938 118.40  35.05    65    1.7
 54939 118.82  35.17   113    0.3
 54940 119.20  35.75   148   0.01
 56081 103.35  34.70  2810    0.4
 56082 103.50  34.58  2540   0.01
 56094 104.37  33.78  1400   0.01
 56095 104.38  34.03  1753    2.2
 56097 104.25  33.27  1440   0.01
 56168 102.07  31.48  2168   0.01
 56180 103.85  31.68  1590    0.1
 56183 103.62  31.50  1370    0.4
 56184 103.17  31.43  1896   0.01
 56186 104.20  31.33   589   0.01
 56190 104.55  31.55   519    0.2
 56192 104.67  32.95  1014    0.2
 56193 104.52  32.42   893    7.4
 56194 104.45  31.63   597   0.01
 56197 104.17  31.15   535   0.01
 56198 104.50  31.32   525    0.1
 56199 104.68  31.03   423    0.2
 56273 102.82  30.39  1022   0.01
 56278 102.77  30.07   755    9.4
 56279 102.93  30.15   682    0.5
 56280 103.12  30.08   691   0.01
 56295 104.55  30.38   448    7.6
 56298 104.60  30.13   417    1.4
 56373 102.85  29.78   763   0.01
 56381 103.50  30.07   630   0.01
 56391 103.82  30.08   415   0.01
 56393 104.85  29.77   369    0.1
 56441  99.28  28.72  2422    0.1
 56480 103.53  28.82   564   0.01
 56592 104.52  28.43   359   0.01
 56641  98.87  26.90  1189   0.01
 56835  97.82  24.07   959    0.4
 56839  98.82  23.77   995   0.01
 56841  98.68  24.60  1528    1.5
 56843  99.62  24.83  1650   0.01
 56844  98.58  24.43   913   0.01
 56846  99.93  24.58  1569    0.1
 56854 100.13  24.45  1108   0.01
 56949  99.60  22.32   945   0.01
 56952 100.70  23.50   913   0.01
 56978 102.42  23.00  1642   0.01
 56987 103.23  22.78  1260    2.2
 57002 105.65  34.85  1216    1.1
 57006 105.75  34.58  1141   0.01
 57007 105.18  34.18  1404    0.3
 57008 105.30  34.03  1579    0.1
 57012 106.20  34.98  1664   0.01
 57016 107.13  34.35   612   0.01
 57029 108.48  34.50   543   0.01
 57032 108.20  34.13   436   0.01
 57033 108.82  34.55   428    0.1
 57035 108.23  34.55   636   0.01
 57038 108.45  34.28   410    0.4
 57039 108.88  34.08   445   0.01
 57040 109.08  34.52   377    1.0
 57041 108.92  34.63   424    0.2
 57042 109.18  34.78   470    0.1
 57043 109.97  34.80   351    0.4
 57044 109.23  34.40   424    0.9
 57045 109.48  34.52   349    0.7
 57047 109.32  34.17   540    0.9
 57053 110.72  34.70   505    2.9
 57054 110.23  34.55   556    1.1
 57055 110.13  34.59   342    0.3
 57056 110.86  34.54   484    5.5
 57057 110.15  34.10   963    9.3
 57060 111.23  35.17   402    0.4
 57061 111.20  34.83   410    0.9
 57063 111.77  34.77   523    2.4
 57065 112.13  34.55   317    2.2
 57066 111.67  34.40   408    3.9
 57070 112.12  34.73   364    1.9
 57072 112.75  34.92   127   0.01
 57074 112.40  34.42   252    2.1
 57075 112.87  34.17   203    1.1
 57076 112.78  34.73   189    0.3
 57078 112.47  34.15   336    2.0
 57079 113.03  34.95   106   0.01
 57080 112.97  34.73   165   0.01
 57082 113.02  34.47   427    1.1
 57084 113.05  34.49  1178    1.1
 57085 113.33  34.53   259    4.1
 57086 113.72  34.38   116   16.6
 57087 113.73  34.27   104   28.9
 57088 113.50  34.19   146    8.6
 57090 113.97  34.72    78   26.7
 57093 114.82  34.85    73    6.8
 57094 114.22  34.40    67    5.7
 57095 114.15  34.12    61    4.2
 57096 114.78  34.53    59   12.2
 57098 114.40  34.08    58    2.4
 57099 114.85  34.07    52   20.3
 57102 105.72  33.75   970    0.5
 57105 105.60  33.33  1221   0.01
 57110 106.08  33.78   930    0.5
 57111 106.30  33.92   961    0.1
 57119 106.70  33.17   548   0.01
 57126 107.55  33.22   468    2.0
 57128 107.33  33.17   486    3.0
 57129 107.72  32.98   446    8.1
 57132 108.58  34.13   411    0.2
 57137 108.32  33.32   802    6.5
 57140 109.12  33.67   818    1.5
 57153 110.33  33.70   639   22.3
 57155 109.87  33.55   660    1.8
 57162 112.07  34.13   440    2.0
 57169 111.87  33.05   159    1.3
 57173 112.88  33.75   145    1.2
 57175 112.23  33.05   191    0.2
 57176 112.42  33.48   231    0.1
 57177 113.53  33.33    89    1.3
 57179 113.00  33.28   160    1.1
 57180 113.20  33.98   117    1.6
 57182 113.52  33.85    80    1.8
 57183 113.92  33.80    60    5.0
 57184 113.30  33.63    97    1.4
 57185 113.58  33.45    91    0.9
 57186 114.05  33.60    58    8.4
 57187 112.93  33.07   118    0.3
 57188 114.03  33.37    55    2.8
 57189 113.95  33.13    64    0.4
 57190 114.40  33.75    50   17.3
 57191 114.47  34.51    64    6.0
 57192 114.85  33.73    45    1.0
 57194 114.27  33.28    59    0.2
 57195 114.62  33.62    46    0.8
 57196 114.87  33.47    42    0.4
 57198 114.57  33.50    44    0.5
 57213 106.93  33.00   536    1.4
 57216 106.83  32.35   579    3.6
 57217 106.28  32.23   485   0.01
 57231 108.53  32.53   503   22.1
 57233 108.50  32.90   413   29.1
 57242 109.37  32.85   285    8.5
 57247 108.90  32.32   438   14.5
 57248 109.33  32.40   431    6.1
 57249 109.68  32.32   448    5.7
 57253 110.82  32.85   201    0.1
 57254 110.12  32.82   322    0.1
 57260 111.52  32.57   133    0.1
 57261 111.52  33.12   233    0.1
 57268 111.62  32.27   120    0.1
 57271 112.38  32.52    87   0.01
 57273 112.85  32.68   109    0.2
 57274 112.12  32.70   107    0.3
 57281 113.30  32.70   142    0.1
 57292 114.63  32.97    44    0.1
 57303 105.92  31.73   459    0.6
 57304 105.17  31.67   516    0.2
 57307 105.08  31.10   404   13.2
 57308 105.38  31.22   421    8.8
 57309 105.88  30.98   378   21.0
 57314 106.07  31.35   405   26.3
 57315 106.40  31.53   655   14.9
 57317 106.42  31.03   324   24.8
 57318 106.55  31.07   338   37.8
 57320 107.22  31.93   482   13.5
 57324 107.08  31.58   364   15.1
 57326 107.72  31.37   389    8.5
 57329 107.85  31.10   467    4.4
 57333 108.67  31.95   798   41.3
 57362 110.67  31.75   935   0.01
 57363 111.83  31.80   151    0.1
 57401 105.37  30.87   383   45.2
 57402 105.70  30.77   394  154.5
 57407 105.03  30.28   462    3.5
 57408 105.35  30.12   338    0.1
 57409 105.80  30.18   297   35.3
 57413 106.97  30.85   295   16.8
 57414 106.45  30.52   403   74.1
 57415 106.63  30.53   394   50.5
 57416 106.93  30.33   391    7.6
 57417 106.28  30.35   315   61.2
 57420 107.19  30.75   418    1.8
 57460 111.78  30.82    91   0.01
 57465 111.45  30.38    74   0.01
 57507 105.30  29.33   385    0.5
 57510 106.07  29.85   326   10.9
 57511 106.45  29.85   240    4.0
 57514 106.22  29.58   331    1.9
 57543 110.03  29.90   539   0.01
 58001 115.10  34.43    56   19.5
 58002 115.58  34.85    49    7.4
 58003 115.88  34.95    45    6.6
 58004 115.15  34.65    60   30.8
 58006 115.88  34.38    46   11.4
 58007 115.30  34.07    47    3.8
 58008 115.33  34.47    54    5.6
 58011 116.07  34.80    46    3.0
 58012 116.66  34.67    42    7.1
 58013 116.91  34.75    36    4.8
 58016 116.97  34.18    34   35.2
 58017 116.13  34.25    41    4.3
 58020 117.13  34.80    35    5.4
 58021 117.28  34.78    80    3.2
 58022 117.57  34.75    48    6.5
 58024 117.58  34.87    77    2.6
 58025 117.73  34.57    27    7.0
 58030 118.02  34.88    44    4.4
 58032 118.65  34.95    90    3.8
 58035 118.35  34.33    29    3.5
 58036 118.71  34.54    32    1.2
 58044 119.23  34.55     4    0.1
 58048 119.35  34.12     4   0.01
 58100 115.17  33.65    41    8.3
 58101 115.48  33.87    41    4.5
 58104 115.07  33.40    41   0.01
 58108 115.33  33.23    34    6.6
 58109 115.65  33.13    31    2.0
 58113 116.75  33.93    31   13.3
 58114 116.18  33.48    31    4.8
 58116 116.83  33.98    31   13.5
 58117 116.20  33.13    27    4.1
 58125 117.52  33.58    22    2.3
 58126 117.87  33.47    19    0.7
 58127 117.20  32.98    21   37.0
 58128 117.35  33.33    21    0.4
 58129 117.83  33.15    14    1.3
 58131 118.22  33.97    25    3.2
 58132 118.68  33.72    14    6.4
 58139 118.91  33.31    10   10.6
 58140 119.30  33.77     9    0.1
 58145 119.15  33.50     7   19.5
 58146 119.77  33.47     3    8.2
 58147 118.97  32.98    24    2.6
 58148 119.34  33.27     3   14.9
 58154 120.20  33.43     2    4.9
 58212 116.77  32.72    23    0.1
 58220 117.15  32.47    28    0.2
 58222 117.55  32.85    24   13.9
 58223 117.98  32.80    31    3.0
 58224 117.02  32.65    32    0.7
 58230 118.28  32.12    26   10.0
 58234 118.42  32.47    40   14.0
 58235 118.85  32.37    10   12.6
 58237 118.59  32.07    46    6.0
 58240 119.02  32.68    21    2.2
 58242 119.16  32.30    22   24.7
 58243 119.82  32.95     3    7.5
 58244 119.59  32.45     5    9.8
 58245 119.42  32.41     9    4.4
 58246 119.99  32.56     2    1.7
 58247 119.80  32.27     3   19.6
 58249 120.05  32.16     6   16.8
 58250 120.16  32.51     6    1.3
 58254 120.45  32.52     5    7.0
 58257 120.26  31.99     4   31.6
 58264 121.18  32.33     3   15.7
 58268 121.08  32.10     4    7.2
 58269 121.65  31.78     3    3.3
 58331 118.37  31.73    22    0.2
 58340 119.03  31.66    25    1.0
 58341 119.59  31.98     6   45.6
 58342 119.55  31.72     6    4.6
 58344 119.20  31.96    36   22.4
 58346 119.81  31.34    16   0.01
 58349 120.56  31.41     8    6.8
 58351 120.30  31.90     4   84.7
 58352 120.77  31.65     4   58.6
 58353 120.57  31.86    11   70.0
 58359 120.62  31.13     4    0.5
 58360 121.20  31.92     3   11.4
 58361 121.37  31.10     5    0.9
 58365 121.25  31.37     4    7.5
 58366 121.49  31.67     4   36.4
 58367 121.43  31.20     4    2.3
 58369 121.78  31.05     5    1.1
 58370 121.53  31.23     4    2.8
 58377 121.11  31.51     5   19.9
 58451 120.93  30.83     2    0.1
 58452 120.77  30.73     4   0.01
 58461 121.12  31.13     4    0.3
 58462 121.23  31.03     4    0.5
 58463 121.50  30.88     4    0.1
 58563 121.83  29.88     5   0.01
