diamond  3 2015年06月11日02点6小时降雨量                     
  15  06  11  02    -1 3 10 25 50 1 0
 39 122.7  37.3 122.5  36.7 120.8  36.2 119.3  35.0 120.4  34.3
 121.1  32.7 122.3  30.9 122.5  30.1 121.5  28.0 119.8  25.0
 116.1  22.6 111.0  21.0 111.0  18.6 109.6  18.1 108.3  18.5
 108.9  19.9 109.3  21.0 106.4  21.6 104.1  22.2 101.6  20.8
  98.7  22.0  97.1  24.1  97.7  27.0  91.7  26.6  85.7  27.7
  78.9  30.6  73.3  37.1  74.1  40.7  87.6  49.8  98.5  43.9
 110.4  44.3 122.0  54.7 135.7  48.3 131.5  42.2 125.2  39.4
 121.3  38.5 121.2  40.3 118.5  38.6 120.8  38.1
 1     473
 50524 119.43  49.32   576    2.8
 50525 119.75  49.15   620    5.1
 50526 120.70  49.28   668    0.7
 50741 123.50  47.93   185    0.1
 50749 124.83  47.18   154    2.1
 50832 122.08  46.72   332    6.6
 50833 122.90  46.72   187    2.0
 50842 124.42  46.83   145    0.3
 50851 126.08  46.68   207    0.2
 50913 118.83  45.72   865    0.9
 50924 119.65  45.55   860    4.7
 50928 120.33  45.07   628    7.6
 50934 121.58  45.38   311   10.5
 50937 121.48  45.06   282    2.2
 50939 122.82  45.33   150   10.1
 50940 123.17  45.85   141   14.5
 50946 124.83  45.18   139    3.0
 50954 125.08  45.50   127    1.9
 50958 126.93  45.53   168    0.1
 50960 127.38  45.73   184    0.2
 51627  79.23  41.22  1395    3.0
 52968 101.47  35.03  3662    0.1
 53272 112.63  42.75  1104    0.1
 53337 108.47  41.09  1023    0.8
 53343 109.97  41.77  1612    2.0
 53348 109.13  41.02  1078    1.0
 53357 110.05  41.03  1360    0.6
 53367 111.23  41.32  1602    1.5
 53368 111.47  41.08  1637    2.4
 53378 112.62  41.28  1737    0.1
 53385 113.54  41.60  1420    1.1
 53392 114.60  41.85  1422    0.2
 53397 113.98  41.10  1376    0.1
 53420 107.12  40.85  1024    0.2
 53433 108.65  40.73  1020    0.5
 53466 111.70  40.75  1045    0.1
 53472 112.57  40.87  1451    0.1
 53481 113.22  40.80  1316    2.1
 53483 113.83  40.87  1268    0.2
 53486 113.77  40.37  1050    0.2
 53491 114.38  40.67   837    1.6
 53492 114.15  40.10   937    0.5
 53499 114.73  40.77   755    0.8
 53547 109.03  39.10  1312    0.1
 53562 111.66  39.92  1208    0.1
 53565 111.50  39.43  1051    0.1
 53582 113.67  39.72  1079    0.2
 53585 113.27  39.17   933    0.1
 53658 110.48  38.03   894    0.4
 53893 114.95  36.77    39    0.1
 54024 119.30  44.45   710    5.4
 54031 121.82  44.90   198    0.3
 54047 123.28  44.13   145    1.0
 54065 125.65  44.53   169    1.7
 54069 125.80  44.12   173    2.1
 54072 126.52  44.85   196    1.3
 54076 126.93  44.38   268    0.5
 54080 127.15  44.90   194    0.1
 54113 118.65  43.53   621    0.6
 54132 121.07  42.40   400    3.1
 54154 124.30  43.35   160    0.7
 54155 124.23  43.67   144    2.1
 54156 124.80  43.52   200    0.9
 54164 125.28  43.35   248    0.8
 54169 126.02  43.30   271    1.3
 54172 126.53  43.87   290    0.1
 54187 128.92  43.12   366    0.1
 54204 115.00  42.30  1346    1.9
 54214 118.42  42.58   960    1.0
 54225 119.94  42.29   579    0.2
 54231 122.35  42.97   248    1.2
 54234 121.75  42.73   297    0.1
 54244 123.33  42.75   118    0.7
 54245 123.40  42.50    97    0.2
 54252 124.75  42.73   196    0.2
 54304 115.27  40.95  1239    1.6
 54305 115.27  41.88  1468    1.2
 54313 118.70  41.93   733    7.9
 54316 118.75  41.52   679    3.7
 54318 117.73  41.32   561    4.6
 54319 118.67  41.00   502   17.5
 54320 119.30  41.60   544    2.9
 54321 119.63  41.87   661    0.4
 54323 120.78  41.82   253    2.3
 54325 120.35  41.18   183    6.9
 54327 119.35  41.23   417   15.2
 54328 119.72  41.08   296    0.3
 54330 121.33  41.13    45    6.6
 54331 121.75  41.60   113   10.0
 54338 121.95  41.28     3    0.3
 54398 116.62  40.13    28   23.9
 54408 115.22  40.38   529    0.1
 54410 116.13  40.60  1224    3.3
 54412 116.63  40.73   331    2.4
 54419 116.63  40.37    75   36.2
 54420 117.33  40.93   529    2.1
 54421 117.12  40.65   293    4.9
 54424 117.12  40.17    32   25.7
 54425 117.47  40.40   633    9.7
 54428 117.40  40.03    15    6.7
 54430 118.21  40.78   330   14.8
 54431 116.63  39.92    43    5.4
 54432 118.47  40.61   369   11.6
 54434 118.33  40.17   131    1.1
 54437 118.62  39.51    18   29.8
 54438 118.88  39.88    65   11.0
 54439 118.72  40.02    50    9.7
 54453 120.96  40.87    38    8.9
 54499 116.22  40.22    76    1.9
 54510 116.95  39.91    18    5.3
 54512 116.28  39.42    21   13.8
 54515 116.70  39.50    13    2.1
 54519 116.48  39.30    12    0.4
 54520 117.08  39.97    18    6.5
 54521 116.98  39.77    13   13.8
 54522 117.73  39.88    14    1.3
 54523 117.02  39.38     4    4.2
 54526 117.33  39.08     1   10.6
 54528 117.13  39.23     3    4.6
 54529 117.82  39.35     3   11.3
 54530 117.77  39.23     1   12.3
 54531 118.72  39.73    43   68.4
 54532 118.08  39.81    31    2.7
 54533 118.10  39.58     8   10.5
 54535 118.47  39.29     3   55.2
 54540 119.20  39.73    17   30.2
 54541 119.23  39.90    24   18.0
 54608 115.55  38.00    26    1.3
 54611 115.32  38.93    44    0.1
 54613 116.62  38.70     6    0.9
 54614 116.06  38.42    10    0.2
 54615 116.85  38.58     8    5.6
 54616 116.85  38.35     8   12.0
 54617 116.12  38.18    13    5.6
 54619 116.92  38.92     5    3.1
 54622 117.37  38.98     3   14.8
 54627 117.23  38.03     8   30.3
 54628 117.48  38.15     6   24.4
 54644 117.12  38.05    10   32.8
 54645 117.47  38.85     2   21.7
 54700 115.93  38.03    16    2.6
 54702 115.70  37.73    20    0.2
 54703 115.88  37.80    21   12.0
 54706 115.67  37.08    31    0.5
 54707 115.98  37.35    27    8.4
 54708 115.73  37.50    23    0.1
 54709 116.07  37.23    24   10.8
 54710 116.17  37.87    18    3.5
 54711 116.28  37.70    18    6.4
 54712 116.82  37.20    18    4.9
 54713 116.53  37.88    14    4.7
 54714 116.33  37.45    23    5.6
 54716 116.80  37.67    16   16.1
 54717 116.40  37.63    17   24.3
 54719 116.68  38.03    11   15.8
 54722 117.63  37.75     6   14.0
 54723 117.57  37.65    10   14.2
 54724 117.13  37.32    14    3.9
 54726 117.18  37.70    11   14.2
 54728 117.38  37.77     8   13.8
 54729 117.87  37.17    11    3.6
 54730 118.14  37.69     6    9.6
 54731 118.22  37.48    11    4.0
 54732 118.52  37.87     5    7.1
 54734 118.00  37.36    12    3.4
 54736 118.67  37.43     6   14.7
 54737 118.15  37.15     9    3.9
 54738 118.40  37.05    15    2.5
 54749 119.95  37.18    48    3.2
 54752 120.77  37.80    60    1.4
 54755 120.39  37.33   117    1.6
 54777 122.07  37.20   118    0.1
 54800 115.25  37.00    33    0.3
 54801 115.48  36.85    35    3.6
 54802 115.73  36.82    34    0.3
 54803 116.02  36.98    27    5.2
 54810 116.27  36.87    27    2.5
 54811 116.62  36.93    20    1.6
 54814 116.25  36.53    29    9.8
 54815 116.27  36.38    31    3.6
 54816 116.80  36.52    98   11.7
 54819 116.80  36.18   113    5.1
 54821 117.20  37.00    20    2.8
 54822 117.73  36.87    47    2.6
 54824 117.95  36.63    95    3.0
 54825 117.85  36.52   189    3.2
 54827 117.15  36.17   128    6.3
 54828 117.68  36.23   229   13.4
 54829 117.87  36.77    85    1.6
 54830 117.93  36.82    34    2.8
 54831 118.50  36.65   102    2.0
 54832 118.80  36.86    23    2.0
 54833 118.08  36.97    15    2.8
 54834 118.28  36.87    46    2.7
 54835 118.55  36.50   106    0.1
 54837 118.84  36.68    78    2.1
 54841 119.42  36.86    23    4.2
 54844 119.18  36.42    62    1.8
 54846 119.74  36.39    51    6.7
 54848 119.42  35.98    82    2.8
 54853 120.42  36.17    42    0.4
 54912 116.50  35.77    41    0.1
 54917 116.33  35.13    35    0.1
 54918 116.97  35.60    62    1.7
 54919 116.98  35.38    88   24.1
 54920 117.28  35.65   110    0.6
 54922 117.78  35.88   224    0.1
 54923 117.93  35.72   202    0.4
 54925 117.63  35.52   167    3.2
 54932 118.65  35.77   186    1.7
 54935 118.43  35.53   119    0.3
 54938 118.40  35.05    65    0.3
 54943 120.00  35.88    10    0.2
 56180 103.85  31.68  1590    1.4
 56181 103.70  30.68   541    2.2
 56183 103.62  31.50  1370    0.4
 56193 104.52  32.42   893    0.5
 56199 104.68  31.03   423    2.3
 56317  94.22  29.22  2950    0.5
 56342  98.60  29.68  3870    0.3
 56378 102.35  29.23   890    1.1
 56474 102.17  28.55  1774   13.4
 56478 102.43  28.30  1818    3.4
 56567 100.86  27.26  2367    2.1
 56575 102.55  27.37  1428    1.9
 56578 102.75  27.07   993    0.2
 56580 102.80  27.72  2460    4.4
 56585 103.56  27.19  1952    0.1
 56652 100.75  26.68  2130    4.9
 56665 101.85  26.68  1140    0.4
 56669 101.67  26.05  1531    1.4
 56673 102.92  26.92   893    0.5
 56674 101.73  26.50  1108    0.8
 56675 102.58  26.65  1694    3.8
 56688 103.17  26.10  1254    3.9
 56697 104.08  26.22  1984    3.3
 56772 102.50  25.23  1692   23.3
 56774 102.42  25.53  1710    4.3
 56775 102.45  25.55  1750    3.8
 56777 102.10  25.11  1671    7.6
 56781 103.27  25.55  1873   17.6
 56782 103.55  25.42  2067   27.5
 56783 103.80  25.50  1906   14.4
 56785 103.08  25.36  1915   16.1
 56788 103.62  24.98  1857   30.3
 56790 104.25  25.68  1925   20.4
 56863 102.48  24.93  1848   13.7
 56871 102.60  24.65  1893    5.9
 56872 102.62  24.95  2358   24.2
 56873 102.92  24.68  1796   29.4
 56880 103.17  24.92  1532   14.4
 56881 103.27  24.75  1695   18.9
 56882 102.83  24.91  1976   22.8
 56883 103.98  24.82  1900   28.8
 56885 103.45  24.40  1415    4.0
 56889 104.17  24.05  1518   15.4
 56891 104.32  24.98  1482   21.1
 56948  99.60  22.63  1155    1.9
 56961 101.05  23.03  1336   12.4
 56970 102.48  23.70  1419    0.2
 57308 105.38  31.22   421    0.1
 57339 108.68  30.95   297    0.1
 57385 113.82  31.62    93    9.4
 57390 114.07  31.80   733    5.4
 57409 105.80  30.18   297   10.0
 57543 110.03  29.90   539    1.4
 57688 113.63  28.16   101    0.1
 57694 114.38  28.53   259    0.5
 57698 114.45  28.12    98    2.2
 57699 114.92  28.23    66    6.8
 57708 105.60  27.15  1700    0.6
 57717 106.83  27.53   974    0.1
 57728 107.47  27.07  1096    1.2
 57744 109.17  27.37   355    0.1
 57763 112.00  27.68   205    0.1
 57772 112.50  27.75    86    0.1
 57777 112.87  27.23    63    2.5
 57778 112.95  27.09    70    3.9
 57781 113.50  27.65    74   15.5
 57783 113.82  27.88   118    1.4
 57786 113.85  27.63   117   41.8
 57792 114.68  27.82    93   13.9
 57794 114.02  27.63   177   46.4
 57796 114.88  27.83   189   12.9
 57798 114.60  27.40    85    9.6
 57800 105.37  26.77  1457    0.3
 57807 105.47  26.21  1361    0.2
 57808 105.75  26.32  1274    0.1
 57809 105.75  26.07  1251    0.5
 57814 106.27  26.42  1298    0.1
 57818 106.45  26.03  1140    0.3
 57822 107.90  26.90   835    0.5
 57828 107.58  26.50   983    0.1
 57829 107.80  26.20   963    0.5
 57837 108.07  26.40   839    0.3
 57844 109.18  26.68   343    0.1
 57846 110.15  26.58   310    0.1
 57851 110.83  26.46   346    0.3
 57859 110.63  26.03   408    0.1
 57860 111.28  27.00   283    0.6
 57870 112.10  26.80   151    0.2
 57871 112.37  26.98    90    1.3
 57875 112.68  26.75   137    4.4
 57876 112.83  26.43   135   34.9
 57881 113.25  26.72   101   48.8
 57882 113.55  26.79   136   12.2
 57883 114.28  26.75   253    7.0
 57886 113.80  26.48   268   10.2
 57887 113.12  26.12   167    1.5
 57891 114.25  26.93   153    6.8
 57895 114.78  26.47   101    0.1
 57899 114.92  26.80    71    1.2
 57900 105.22  25.83  1552    7.7
 57903 105.60  25.94  1142    1.0
 57905 105.61  25.40  1184    3.9
 57908 105.48  25.12  1394    7.4
 57909 105.82  24.98   584   27.9
 57914 106.67  26.42  1149    0.2
 57923 107.87  25.98   419    0.1
 57927 107.18  24.97   287   31.4
 57936 108.91  25.76   258    3.2
 57941 109.60  25.78   197    0.2
 57948 109.25  25.08   122   32.2
 57949 110.00  24.98   156   71.7
 57954 110.18  25.23   157   11.9
 57955 110.67  25.62   224    2.3
 57956 110.32  25.42   167    5.2
 57958 110.32  25.08   151   49.6
 57962 111.65  25.97   167    0.1
 57964 111.15  25.50   263    9.0
 57966 111.96  25.59   244   21.2
 57969 111.31  25.28   269    9.8
 57971 112.20  25.92   224    1.8
 57973 112.72  25.75   329    0.5
 57975 112.20  25.38   277    0.6
 57978 112.55  25.27   292    0.4
 57981 113.22  25.97   139    0.8
 57985 113.68  25.57   609    2.8
 57988 113.33  25.10   143    0.9
 57990 114.30  25.70   246    1.5
 57991 114.55  25.80   140    0.6
 57994 114.35  25.40   215    0.1
 58006 115.88  34.38    46    4.2
 58008 115.33  34.47    54    0.1
 58012 116.66  34.67    42    0.1
 58013 116.91  34.75    36    0.5
 58016 116.97  34.18    34   25.7
 58017 116.13  34.25    41   20.7
 58020 117.13  34.80    35    0.4
 58022 117.57  34.75    48    6.5
 58024 117.58  34.87    77    0.3
 58025 117.73  34.57    27    0.1
 58035 118.35  34.33    29    7.1
 58036 118.71  34.54    32    3.7
 58116 116.83  33.98    31    2.3
 58131 118.22  33.97    25    0.2
 58453 120.50  30.07     7    0.6
 58468 121.17  30.05     5    1.6
 58484 122.20  30.25    37    0.3
 58502 116.02  29.67    74    0.1
 58524 117.22  29.37    87    0.2
 58529 117.85  29.27   171    2.2
 58537 118.40  29.13   153   12.4
 58542 119.68  29.82    46    1.1
 58544 119.27  29.48    88    5.4
 58546 119.88  29.47   115    3.8
 58547 119.18  29.03    66    4.6
 58548 119.47  29.22    50    3.3
 58550 120.25  29.70    39    1.6
 58555 120.88  29.52   113    3.8
 58558 120.22  29.27    89    4.6
 58559 120.97  29.15   107    5.9
 58560 120.43  29.05   304   30.5
 58561 121.60  29.98     4    1.6
 58563 121.83  29.88     5    0.7
 58565 121.39  29.69    41    3.1
 58566 121.88  29.47     6    0.8
 58567 121.43  29.32    39    1.1
 58568 121.38  29.12    34    1.3
 58570 122.30  29.95    85    1.4
 58601 115.38  28.70    53    1.3
 58602 115.55  28.85    40    1.1
 58605 115.38  28.42    46    3.3
 58607 115.95  28.55    31    1.6
 58609 115.82  28.22    27    0.3
 58614 116.27  28.38    34    0.4
 58615 117.08  28.68    56    0.7
 58616 116.82  28.20    40    0.1
 58618 116.60  28.27    82    0.1
 58619 116.37  28.00    49    0.6
 58620 117.10  29.02    51    0.5
 58623 117.92  28.47    90   35.7
 58624 117.43  28.40    70   27.8
 58625 117.60  28.42    79   30.2
 58627 117.06  28.31    56    1.2
 58629 117.71  28.29   100   38.0
 58631 118.50  28.90   137   14.4
 58632 118.60  28.72   126   16.6
 58635 118.20  28.43    95   38.8
 58642 119.80  28.88   105   19.7
 58643 120.03  28.90   102   13.7
 58644 119.28  28.60   237   19.1
 58647 119.13  28.08   222   21.8
 58654 120.08  28.67   184   16.2
 58656 120.97  28.07    60    0.9
 58657 120.28  28.15    57    2.1
 58658 120.68  28.15    34    4.9
 58659 120.65  28.03    28    0.3
 58660 121.20  28.87     6    7.0
 58664 121.37  28.37    35    1.7
 58693 115.83  28.70    40    1.3
 58701 115.40  27.77    46    3.6
 58704 115.35  27.58   104   16.6
 58706 115.83  27.43   181   24.8
 58707 115.13  27.22    66   40.9
 58710 116.05  27.77    78    3.2
 58712 116.78  27.92   130    3.0
 58713 117.07  27.72   225   14.5
 58714 116.23  27.55   120   33.7
 58719 116.93  27.30   131    2.6
 58724 117.32  27.53   268   17.9
 58735 118.75  27.52   260    3.9
 58736 118.82  27.38   262    1.9
 58745 119.08  27.62   400    9.3
 58746 119.70  27.55   538    0.2
 58747 119.35  27.15   899    0.3
 58749 119.88  27.23   684    2.1
 58750 120.08  27.78   105    0.7
 58751 120.57  27.67   254    1.5
 58819 116.82  26.18   336    0.2
 58821 117.47  26.73   173    6.7
 58822 116.85  26.83   342   11.3
 58823 117.80  26.80   175    4.7
 58824 117.15  26.40   357    2.5
 58826 117.80  26.40   120    1.4
 58828 117.62  26.27   208    2.2
 58836 118.73  26.58   361    0.4
 58839 118.85  26.23    40   19.1
 58844 119.15  26.15    57   10.9
 58845 119.53  26.50    60    0.7
 58848 119.55  26.20    13    3.5
 58850 120.23  26.92    92    0.4
 58923 117.83  25.70   400    0.2
 58932 118.93  25.87    85    2.5
 58935 118.23  25.48   521    0.3
 58940 119.33  26.08    25    2.7
 59001 105.33  24.78   672   36.5
 59004 105.10  24.50   725  104.6
 59012 106.55  24.78   972   64.7
 59015 106.57  24.35   437  109.6
 59017 106.27  24.27   278   21.3
 59022 107.55  24.98   749   26.0
 59025 107.38  24.53   248   59.9
 59027 107.25  24.13   254   10.9
 59031 108.26  24.81   342    7.5
 59033 108.90  24.78   328   92.1
 59034 108.67  24.48   150   45.2
 59038 108.65  24.07   138   18.7
 59041 109.25  24.65   108   48.1
 59044 109.38  24.47    97    8.7
 59055 110.40  24.50   165    0.1
 59061 111.27  24.82   193    1.4
 59063 111.45  25.18   265    1.0
 59074 112.15  24.57   300    0.1
 59075 112.63  24.48    70    3.6
 59081 113.29  24.78   131    2.4
 59205 105.63  23.65   685   12.1
 59213 106.92  23.73   110    0.9
 59235 108.62  23.43   115    0.1
 59256 110.90  23.37   105    0.1
 59270 112.18  23.92    84    1.3
 59276 112.65  23.35    40    0.1
 59290 114.25  23.78    85    1.2
