diamond  3 2015年06月04日02点6小时降雨量                     
  15  06  04  02    -1 3 10 25 50 1 0
 39 122.7  37.3 122.5  36.7 120.8  36.2 119.3  35.0 120.4  34.3
 121.1  32.7 122.3  30.9 122.5  30.1 121.5  28.0 119.8  25.0
 116.1  22.6 111.0  21.0 111.0  18.6 109.6  18.1 108.3  18.5
 108.9  19.9 109.3  21.0 106.4  21.6 104.1  22.2 101.6  20.8
  98.7  22.0  97.1  24.1  97.7  27.0  91.7  26.6  85.7  27.7
  78.9  30.6  73.3  37.1  74.1  40.7  87.6  49.8  98.5  43.9
 110.4  44.3 122.0  54.7 135.7  48.3 131.5  42.2 125.2  39.4
 121.3  38.5 121.2  40.3 118.5  38.6 120.8  38.1
 1     403
 50566 128.47  49.55   116    0.1
 50776 130.83  47.57    83    1.0
 50878 130.72  47.00    78    0.9
 50892 134.00  46.80    54    0.1
 52607 106.65  39.43  1252    1.5
 52643  99.62  38.83  2311    1.2
 52656 100.82  38.43  2281    0.5
 52784 102.90  37.47  2072    1.8
 52853 100.98  36.90  3010    0.1
 52863 101.95  36.82  2480    0.5
 52881 103.18  36.98  2484    1.3
 52885 103.25  36.75  2118    0.8
 52957 100.60  35.25  3148    2.3
 52978 102.49  35.19  2948    0.3
 52981 103.38  35.68  2421    1.3
 52982 103.55  35.48  1953    4.6
 52985 103.33  35.42  2162    3.2
 52988 103.72  35.37  2015    7.0
 52993 105.07  35.68  1739    2.2
 52995 104.62  35.58  1897    4.2
 52996 105.02  35.38  2450    2.4
 52998 104.20  35.13  2111    4.7
 53324 107.05  41.07  1035    1.6
 53419 107.00  40.33  1055    0.7
 53420 107.12  40.85  1024    0.4
 53469 111.82  40.40  1166    0.6
 53475 112.47  40.52  1268    0.1
 53484 113.15  40.45  1191    0.1
 53488 113.58  40.03  1034    1.6
 53492 114.15  40.10   937    0.3
 53505 105.40  37.88  1380    0.5
 53512 106.80  39.80  1105    1.3
 53517 106.33  39.27  1464    2.1
 53518 106.35  39.03  1117    0.6
 53533 108.71  39.81  1414    0.1
 53553 111.22  39.87  1221    2.9
 53562 111.66  39.92  1208    1.0
 53567 111.00  39.02  1024    0.7
 53573 112.70  40.00  1336    2.1
 53574 112.27  39.52  1409    1.0
 53575 112.20  39.10  1525    0.6
 53576 112.82  39.50  1045    2.4
 53577 112.30  39.00  1437    0.3
 53580 113.10  39.82  1044    2.5
 53582 113.67  39.72  1079    0.1
 53584 113.17  39.57  1000    1.8
 53602 105.67  38.83  1561    6.1
 53603 106.37  38.83  1095    0.1
 53610 106.35  38.57  1106    0.2
 53617 106.08  38.03  1118    0.7
 53618 106.25  38.28  1113    0.5
 53619 106.30  38.12  1115    0.7
 53644 108.83  38.60  1307    0.3
 53660 111.08  39.02   894  395.3
 53665 111.65  38.28  1185    0.2
 53666 111.93  38.35  1212    0.2
 53669 111.80  38.08  1150    0.2
 53707 105.25  36.93  1697    0.2
 53732 108.72  37.85  1209    0.2
 53750 110.18  37.77   931    0.1
 53760 111.23  37.88  1212    0.2
 53906 105.71  35.52  1656    0.3
 53908 105.23  35.22  1768    0.7
 53916 106.32  35.50  1948    0.5
 53924 107.62  35.07   966    1.2
 53925 107.18  35.68  1172    0.3
 53926 107.35  35.35  1028    1.3
 53944 109.25  35.57   863    0.1
 53953 110.85  35.97   965    0.1
 53958 110.78  35.17   435    0.2
 54187 128.92  43.12   366    0.8
 56016  95.62  33.85  4179    0.3
 56034  97.13  33.80  4415    3.0
 56045  99.90  33.97  4050    0.2
 56071 102.50  34.59  3190    5.6
 56081 103.35  34.70  2810   12.9
 56082 103.50  34.58  2540   14.4
 56084 103.23  34.07  2374   10.2
 56091 104.47  34.85  1883    3.1
 56092 104.65  35.00  1728    1.6
 56094 104.37  33.78  1400   10.9
 56095 104.38  34.03  1753   11.1
 56097 104.25  33.27  1440   19.2
 56168 102.07  31.48  2168    2.2
 56171 101.70  32.90  3275   12.0
 56180 103.85  31.68  1590    7.0
 56183 103.62  31.50  1370    3.7
 56184 103.17  31.43  1896    1.1
 56185 102.98  32.08  2400   11.2
 56186 104.20  31.33   589    1.7
 56189 103.93  30.98   581    0.2
 56190 104.55  31.55   519    3.0
 56192 104.67  32.95  1014   10.5
 56193 104.52  32.42   893   10.0
 56194 104.45  31.63   597    3.6
 56195 104.73  31.80   543    3.6
 56197 104.17  31.15   535    0.5
 56198 104.50  31.32   525    0.3
 56199 104.68  31.03   423    0.2
 56273 102.82  30.39  1022    0.4
 56276 103.82  30.45   467    0.3
 56278 102.77  30.07   755    4.1
 56279 102.93  30.15   682    2.1
 56280 103.12  30.08   691    0.4
 56281 103.50  30.18   510    0.5
 56284 103.43  30.45   518    0.4
 56285 103.52  30.60   523    0.1
 56286 104.26  30.61   505    1.5
 56288 103.92  30.58   494    0.5
 56289 103.87  30.20   437    1.2
 56290 104.18  30.78   514    1.0
 56291 104.28  30.93   469    1.5
 56296 104.43  30.85   448    0.8
 56297 104.15  30.02   436    0.5
 56373 102.85  29.78   763    4.2
 56380 103.35  29.88   571    1.8
 56381 103.50  30.07   630    0.6
 56382 103.55  29.75   475    0.8
 56383 103.87  29.83   455    0.1
 56390 104.07  29.67   404    0.6
 56391 103.82  30.08   415    0.4
 56393 104.85  29.77   369    0.9
 56395 104.67  29.52   351    0.5
 56497 104.23  28.10   448    1.0
 56582 103.90  27.75  1176    0.3
 56595 104.87  27.42  1645    1.8
 56598 104.73  27.13  1535   15.9
 56891 104.32  24.98  1482    0.3
 57002 105.65  34.85  1216    0.1
 57004 104.88  34.73  1495    1.4
 57006 105.75  34.58  1141    0.5
 57007 105.18  34.18  1404    4.9
 57008 105.30  34.03  1579    3.6
 57011 106.15  34.75  1378    0.7
 57012 106.20  34.98  1664    0.2
 57021 107.13  34.65   751    0.6
 57057 110.15  34.10   963    0.1
 57102 105.72  33.75   970    6.5
 57105 105.60  33.33  1221   10.6
 57110 106.08  33.78   930    2.9
 57111 106.30  33.92   961    2.6
 57113 106.55  33.93   984    0.2
 57119 106.70  33.17   548    1.9
 57126 107.55  33.22   468    0.2
 57128 107.33  33.17   486    0.2
 57129 107.72  32.98   446    0.5
 57140 109.12  33.67   818    1.3
 57153 110.33  33.70   639    0.6
 57155 109.87  33.55   660    0.1
 57204 105.22  32.57   782    7.3
 57208 105.52  32.28   544    5.0
 57213 106.93  33.00   536    0.7
 57216 106.83  32.35   579    1.8
 57217 106.28  32.23   485    4.6
 57231 108.53  32.53   503    4.0
 57233 108.50  32.90   413    1.5
 57242 109.37  32.85   285    0.7
 57247 108.90  32.32   438    3.4
 57248 109.33  32.40   431    0.3
 57303 105.92  31.73   459    2.9
 57304 105.17  31.67   516    1.2
 57308 105.38  31.22   421    0.3
 57309 105.88  30.98   378    3.3
 57314 106.07  31.35   405    3.3
 57315 106.40  31.53   655    1.4
 57317 106.42  31.03   324    1.4
 57318 106.55  31.07   338    1.6
 57320 107.22  31.93   482    7.9
 57324 107.08  31.58   364    3.5
 57326 107.72  31.37   389    0.3
 57329 107.85  31.10   467   11.8
 57333 108.67  31.95   798    1.7
 57338 108.42  31.18   216    3.4
 57339 108.68  30.95   297    1.4
 57345 109.62  31.40   337    0.3
 57362 110.67  31.75   935    0.1
 57401 105.37  30.87   383    0.2
 57402 105.70  30.77   394    1.9
 57407 105.03  30.28   462    0.8
 57408 105.35  30.12   338    0.5
 57413 106.97  30.85   295    0.5
 57414 106.45  30.52   403    0.2
 57415 106.63  30.53   394    0.4
 57416 106.93  30.33   391    2.6
 57417 106.28  30.35   315    0.6
 57420 107.19  30.75   418   13.7
 57425 107.33  30.33   433    0.3
 57438 108.12  29.98   632    0.4
 57477 112.22  30.07    38    2.1
 57505 105.58  29.42   338    0.6
 57509 106.92  28.99   599    0.3
 57511 106.45  29.85   240    0.6
 57513 106.62  29.73   464    1.9
 57522 107.27  29.74   372    2.6
 57540 109.15  29.68   776    1.3
 57541 109.48  30.00   532    0.2
 57543 110.03  29.90   539    0.2
 57544 109.45  29.47   488    3.9
 57558 110.47  29.13   183    5.4
 57564 111.13  29.43   103    0.8
 57565 111.73  29.67    38    0.2
 57566 111.65  29.45    51    0.4
 57623 107.60  28.88   685    0.1
 57635 108.98  28.45   363    0.3
 57636 108.50  28.57   334    0.1
 57637 108.10  28.25   629    4.4
 57640 109.45  28.58   341    0.2
 57643 109.83  29.00   268    8.0
 57646 109.95  28.62   302    0.8
 57657 110.21  28.23   186    1.1
 57658 110.20  28.02   152    0.7
 57661 111.48  28.92    48    0.1
 57663 111.95  28.92    31    0.1
 57666 112.13  28.52    52    3.5
 57688 113.63  28.16   101    0.2
 57694 114.38  28.53   259    3.2
 57698 114.45  28.12    98    0.8
 57699 114.92  28.23    66    0.1
 57708 105.60  27.15  1700    0.1
 57720 107.17  27.88   889    0.4
 57723 107.72  27.98   710    0.4
 57734 108.23  27.57   467    0.1
 57735 108.82  27.18   404    0.1
 57736 108.85  27.70   369    0.3
 57739 108.92  27.23   394    0.2
 57740 109.60  27.95   349    0.4
 57742 109.20  27.52   884    0.7
 57743 109.80  27.88   176    0.7
 57744 109.17  27.37   355    0.1
 57754 109.84  27.21   252    9.2
 57760 111.43  27.70   249    0.2
 57762 111.70  27.69   165    8.9
 57767 111.01  27.13   308    1.4
 57771 112.53  27.93    88    0.8
 57778 112.95  27.09    70    6.6
 57783 113.82  27.88   118    0.1
 57786 113.85  27.63   117    0.6
 57792 114.68  27.82    93    0.4
 57794 114.02  27.63   177    2.4
 57796 114.88  27.83   189    0.5
 57798 114.60  27.40    85    0.4
 57807 105.47  26.21  1361    1.1
 57808 105.75  26.32  1274    3.0
 57811 106.60  26.83  1296    0.4
 57813 106.47  26.57  1261    0.1
 57814 106.27  26.42  1298    0.1
 57829 107.80  26.20   963    0.1
 57837 108.07  26.40   839    0.5
 57842 109.72  26.88   281    7.0
 57844 109.18  26.68   343    0.4
 57846 110.15  26.58   310   20.2
 57851 110.83  26.46   346    0.6
 57860 111.28  27.00   283    2.6
 57867 111.28  26.40   169    1.6
 57868 111.86  26.59   113    0.1
 57875 112.68  26.75   137    0.5
 57882 113.55  26.79   136    0.3
 57883 114.28  26.75   253    5.8
 57886 113.80  26.48   268   14.3
 57887 113.12  26.12   167    8.8
 57891 114.25  26.93   153    6.7
 57895 114.78  26.47   101    0.9
 57899 114.92  26.80    71    4.2
 57900 105.22  25.83  1552    8.0
 57903 105.60  25.94  1142    2.1
 57909 105.82  24.98   584    1.9
 57913 106.98  26.45  1093    0.1
 57914 106.67  26.42  1149    3.3
 57915 106.77  26.63  1104    0.4
 57923 107.87  25.98   419    4.0
 57949 110.00  24.98   156    0.1
 57954 110.18  25.23   157    0.2
 57955 110.67  25.62   224    1.5
 57956 110.32  25.42   167    0.1
 57958 110.32  25.08   151    5.9
 57981 113.22  25.97   139   15.1
 58112 116.45  30.73   968    0.1
 58334 118.37  31.38     9    0.5
 58339 118.90  31.33    15    1.2
 58346 119.81  31.34    16    0.1
 58359 120.62  31.13     4    0.9
 58361 121.37  31.10     5    0.3
 58367 121.43  31.20     4    0.1
 58369 121.78  31.05     5    0.3
 58420 117.23  30.72    58    0.1
 58421 117.87  30.63    31    0.2
 58423 117.78  30.48   647    0.1
 58428 117.50  30.22   118    0.1
 58431 118.32  30.90    39    0.3
 58432 118.40  30.68    57    0.2
 58433 118.75  30.93    31    0.2
 58441 119.42  30.87    43    0.9
 58442 119.18  31.17    16    2.4
 58443 119.89  31.02    25    0.8
 58446 119.70  30.63    72    0.3
 58451 120.93  30.83     2    2.0
 58452 120.77  30.73     4    2.4
 58454 119.98  30.53   102    0.1
 58455 120.65  30.52     8    0.6
 58456 120.52  30.63     6    0.4
 58458 120.90  30.54     4    1.8
 58460 121.35  30.73     5    2.0
 58461 121.12  31.13     4    0.3
 58462 121.23  31.03     4    0.4
 58463 121.50  30.88     4    0.6
 58484 122.20  30.25    37    0.5
 58502 116.02  29.67    74    0.2
 58503 115.67  29.70    41    0.1
 58507 115.12  29.25   116    0.1
 58508 115.77  29.33    41    0.1
 58509 115.82  29.05    36    2.4
 58510 116.23  29.73    40    0.1
 58512 116.55  29.90    71    0.1
 58517 116.20  29.27    35    2.3
 58523 117.93  29.93   227    0.2
 58524 117.22  29.37    87   13.7
 58529 117.85  29.27   171    3.8
 58530 118.43  29.87   168    1.4
 58534 118.18  29.78   170    1.8
 58537 118.40  29.13   153    0.3
 58544 119.27  29.48    88    1.6
 58547 119.18  29.03    66    0.6
 58601 115.38  28.70    53    1.4
 58602 115.55  28.85    40   20.2
 58605 115.38  28.42    46    2.3
 58607 115.95  28.55    31    5.1
 58609 115.82  28.22    27    2.7
 58612 116.68  28.70    21   16.0
 58614 116.27  28.38    34   18.2
 58615 117.08  28.68    56    9.3
 58616 116.82  28.20    40   24.9
 58618 116.60  28.27    82   26.6
 58619 116.37  28.00    49   11.0
 58620 117.10  29.02    51    4.0
 58623 117.92  28.47    90    5.8
 58624 117.43  28.40    70    7.6
 58625 117.60  28.42    79    1.9
 58627 117.06  28.31    56   46.8
 58629 117.71  28.29   100    6.2
 58631 118.50  28.90   137    2.3
 58635 118.20  28.43    95    2.3
 58642 119.80  28.88   105    0.1
 58644 119.28  28.60   237   12.7
 58647 119.13  28.08   222   37.5
 58654 120.08  28.67   184    2.2
 58656 120.97  28.07    60    0.1
 58657 120.28  28.15    57    4.2
 58664 121.37  28.37    35    0.2
 58693 115.83  28.70    40    5.3
 58701 115.40  27.77    46   12.1
 58704 115.35  27.58   104    4.8
 58706 115.83  27.43   181    4.5
 58707 115.13  27.22    66    2.9
 58710 116.05  27.77    78   18.5
 58712 116.78  27.92   130   32.6
 58713 117.07  27.72   225   15.3
 58714 116.23  27.55   120   10.2
 58719 116.93  27.30   131    6.3
 58724 117.32  27.53   268   16.6
 58735 118.75  27.52   260   25.9
 58736 118.82  27.38   262   12.1
 58745 119.08  27.62   400   16.2
 58746 119.70  27.55   538    4.9
 58747 119.35  27.15   899    8.5
 58748 119.65  27.10    50   25.9
 58749 119.88  27.23   684   15.9
 58750 120.08  27.78   105    2.0
 58751 120.57  27.67   254    1.1
 58804 115.35  26.35   151   12.5
 58814 116.35  26.35   247   21.8
 58819 116.82  26.18   336    6.3
 58821 117.47  26.73   173   17.7
 58822 116.85  26.83   342    8.2
 58823 117.80  26.80   175   21.8
 58824 117.15  26.40   357   12.0
 58826 117.80  26.40   120    3.2
 58828 117.62  26.27   208    9.9
 58836 118.73  26.58   361   21.0
 58839 118.85  26.23    40   12.0
 58844 119.15  26.15    57   24.1
 58845 119.53  26.50    60    3.4
 58848 119.55  26.20    13    6.1
 58850 120.23  26.92    92    7.0
 58903 116.03  25.90   210    0.9
 58912 116.73  25.72   404    0.1
 58940 119.33  26.08    25   25.9
 58941 119.50  25.97    25   10.4
 58942 119.38  25.72    39   22.8
 59038 108.65  24.07   138    0.1
 59051 110.50  24.77   136    2.1
 59055 110.40  24.50   165   12.8
 59074 112.15  24.57   300    0.1
 59093 115.03  24.78   253    0.1
 59229 107.70  23.17   125    0.1
 59235 108.62  23.43   115    0.1
 59256 110.90  23.37   105    0.1
 59264 111.50  23.40    83    0.1
 59266 111.23  23.42    42    0.5
 59268 111.54  23.26    70    1.5
 59269 111.78  23.17    47    0.5
 59270 112.18  23.92    84    0.8
 59452 110.53  22.83   131    0.1
 59471 112.05  22.93   101    0.4
