diamond  3 2015年06月16日14点6小时降雨量                     
  15  06  16  14    -1 3 10 25 50 1 0
 39 122.7  37.3 122.5  36.7 120.8  36.2 119.3  35.0 120.4  34.3
 121.1  32.7 122.3  30.9 122.5  30.1 121.5  28.0 119.8  25.0
 116.1  22.6 111.0  21.0 111.0  18.6 109.6  18.1 108.3  18.5
 108.9  19.9 109.3  21.0 106.4  21.6 104.1  22.2 101.6  20.8
  98.7  22.0  97.1  24.1  97.7  27.0  91.7  26.6  85.7  27.7
  78.9  30.6  73.3  37.1  74.1  40.7  87.6  49.8  98.5  43.9
 110.4  44.3 122.0  54.7 135.7  48.3 131.5  42.2 125.2  39.4
 121.3  38.5 121.2  40.3 118.5  38.6 120.8  38.1
 1     366
 50524 119.43  49.32   576    0.1
 50924 119.65  45.55   860   0.01
 51058  87.97  47.10   563   0.01
 51368  87.32  44.12   515    0.5
 51369  87.65  43.97   600    6.1
 51377  87.92  44.17   547    2.8
 51378  89.17  44.00   742    0.4
 51465  87.10  43.48  1871    5.1
 51468  86.83  43.10  3539    7.7
 51482  90.28  43.83  1271   0.01
 51559  86.40  42.32  1100    0.1
 51568  86.80  42.25  1085    5.5
 51571  88.63  42.80     1   0.01
 51747  83.67  39.00  1099    0.2
 51839  82.72  37.07  1409    0.6
 52643  99.62  38.83  2311    0.7
 52656 100.82  38.43  2281   0.01
 52745  99.02  37.30  3417    4.8
 52784 102.90  37.47  2072   0.01
 52842  99.08  36.78  3087    0.6
 52853 100.98  36.90  3010    8.7
 52855 101.25  36.68  2675    6.2
 52862 101.68  36.95  2450    8.6
 52863 101.95  36.82  2480    4.4
 52869 101.58  36.50  2667    1.9
 52874 102.41  36.49  2021    0.3
 52875 102.10  36.50  2125    0.5
 52972 102.45  35.85  1921    0.1
 52980 103.30  35.97  1648   0.01
 53367 111.23  41.32  1602    3.4
 53368 111.47  41.08  1637    5.7
 53378 112.62  41.28  1737    0.2
 53397 113.98  41.10  1376    0.5
 53466 111.70  40.75  1045    0.3
 53469 111.82  40.40  1166    0.1
 53472 112.57  40.87  1451    0.2
 53475 112.47  40.52  1268    0.1
 53481 113.22  40.80  1316    0.4
 53573 112.70  40.00  1336    0.1
 53582 113.67  39.72  1079    1.7
 53927 106.62  35.20  1477    0.1
 53928 107.02  35.30  1149    0.1
 53938 108.30  35.17  1277   0.01
 54214 118.42  42.58   960    0.6
 54404 115.83  40.88   867    0.7
 56109  93.78  31.48  3940    0.5
 56147  98.83  31.22  3260    0.3
 56180 103.85  31.68  1590   0.01
 56185 102.98  32.08  2400   0.01
 56190 104.55  31.55   519    0.6
 56194 104.45  31.63   597    0.4
 56195 104.73  31.80   543    0.8
 56483 103.95  28.58   496    0.1
 56494 104.33  28.84   386    0.3
 56497 104.23  28.10   448   0.01
 56498 104.50  28.15   549    0.1
 56592 104.52  28.43   359    0.1
 56654 100.18  26.58  2195   0.01
 56742  99.37  25.90  1658    0.2
 56745  99.95  25.68  1626    1.4
 56755 100.40  25.39  1711    2.4
 56756 100.58  25.48  1992    0.8
 56757 100.28  25.27  1742    0.2
 56767 101.28  25.18  1857    0.1
 56835  97.82  24.07   959    2.8
 56836  97.95  24.70   826   16.2
 56839  98.82  23.77   995   0.01
 56840  98.30  24.82  1012    4.5
 56842  99.18  24.73  1471   0.01
 56843  99.62  24.83  1650    0.1
 56844  98.58  24.43   913    2.1
 56846  99.93  24.58  1569    0.1
 56849  99.23  24.03  1606   0.01
 56851 100.53  25.04  1377    0.1
 56854 100.13  24.45  1108    0.3
 56867 101.12  23.98  1105   0.01
 56869 101.97  24.07  1497   0.01
 56876 102.77  24.28  1731   0.01
 56879 102.91  24.19  1702   0.01
 56898 102.41  24.18  1600   0.01
 56944  99.27  23.15  1278   14.8
 56948  99.60  22.63  1155    7.2
 56949  99.60  22.32   945    0.5
 56950  99.80  23.47  1044   0.01
 56952 100.70  23.50   913    0.4
 56961 101.05  23.03  1336    2.1
 56962 101.67  23.42  1314    4.3
 56970 102.48  23.70  1419   0.01
 56978 102.42  23.00  1642    1.0
 57020 107.40  34.37   563   0.01
 57022 107.78  34.68  1026    0.1
 57026 107.88  34.37   585    0.7
 57027 107.73  34.27   517    1.4
 57029 108.48  34.50   543    0.6
 57031 108.55  34.82  1012    0.1
 57032 108.20  34.13   436    0.4
 57033 108.82  34.55   428    0.5
 57035 108.23  34.55   636    0.7
 57038 108.45  34.28   410    0.4
 57039 108.88  34.08   445    2.1
 57040 109.08  34.52   377    1.1
 57041 108.92  34.63   424    0.5
 57042 109.18  34.78   470    0.2
 57044 109.23  34.40   424    1.9
 57045 109.48  34.52   349    2.5
 57047 109.32  34.17   540    2.9
 57054 110.23  34.55   556    0.6
 57055 110.13  34.59   342    0.3
 57057 110.15  34.10   963    3.4
 57075 112.87  34.17   203    0.2
 57078 112.47  34.15   336    0.2
 57085 113.33  34.53   259   0.01
 57087 113.73  34.27   104    0.2
 57088 113.50  34.19   146    0.4
 57095 114.15  34.12    61    0.5
 57098 114.40  34.08    58    0.4
 57099 114.85  34.07    52    0.7
 57102 105.72  33.75   970   0.01
 57105 105.60  33.33  1221   0.01
 57110 106.08  33.78   930   0.01
 57111 106.30  33.92   961    0.1
 57113 106.55  33.93   984    0.3
 57119 106.70  33.17   548    1.3
 57123 108.07  34.28   506    1.2
 57126 107.55  33.22   468    2.2
 57128 107.33  33.17   486    2.7
 57129 107.72  32.98   446    3.3
 57132 108.58  34.13   411    2.0
 57137 108.32  33.32   802    7.6
 57140 109.12  33.67   818    4.9
 57153 110.33  33.70   639    3.4
 57155 109.87  33.55   660    3.9
 57169 111.87  33.05   159    1.9
 57173 112.88  33.75   145    0.2
 57175 112.23  33.05   191    1.1
 57177 113.53  33.33    89    2.5
 57179 113.00  33.28   160    1.8
 57180 113.20  33.98   117    0.1
 57182 113.52  33.85    80    0.6
 57183 113.92  33.80    60    0.3
 57184 113.30  33.63    97    1.9
 57185 113.58  33.45    91   12.3
 57186 114.05  33.60    58    1.0
 57187 112.93  33.07   118    3.4
 57188 114.03  33.37    55    6.8
 57189 113.95  33.13    64   12.8
 57190 114.40  33.75    50    1.4
 57191 114.47  34.51    64   0.01
 57192 114.85  33.73    45    2.4
 57194 114.27  33.28    59    6.8
 57195 114.62  33.62    46    0.4
 57196 114.87  33.47    42    7.1
 57197 114.35  32.97    50   31.8
 57198 114.57  33.50    44    2.7
 57213 106.93  33.00   536    2.1
 57216 106.83  32.35   579    0.1
 57231 108.53  32.53   503   27.2
 57233 108.50  32.90   413   26.6
 57242 109.37  32.85   285    9.1
 57247 108.90  32.32   438   25.3
 57248 109.33  32.40   431   17.7
 57249 109.68  32.32   448    9.7
 57253 110.82  32.85   201    1.1
 57254 110.12  32.82   322    3.3
 57257 110.23  32.23   307    3.7
 57260 111.52  32.57   133    9.0
 57261 111.52  33.12   233   0.01
 57268 111.62  32.27   120    2.5
 57271 112.38  32.52    87    0.8
 57273 112.85  32.68   109    1.2
 57274 112.12  32.70   107    4.3
 57281 113.30  32.70   142    1.2
 57292 114.63  32.97    44   30.3
 57293 114.98  32.73    38   33.6
 57294 114.02  32.83    83    9.3
 57295 114.35  32.62    78   15.7
 57296 114.73  32.35    48   12.3
 57298 114.55  32.22    55    9.7
 57299 114.90  32.02    49   21.7
 57303 105.92  31.73   459   0.01
 57318 106.55  31.07   338   0.01
 57320 107.22  31.93   482    0.3
 57324 107.08  31.58   364    0.1
 57326 107.72  31.37   389    5.3
 57329 107.85  31.10   467    9.9
 57333 108.67  31.95   798   17.7
 57338 108.42  31.18   216   16.5
 57339 108.68  30.95   297   38.9
 57345 109.62  31.40   337   24.7
 57349 109.86  31.08   606   54.3
 57361 111.27  31.88   327    1.5
 57362 110.67  31.75   935    2.5
 57363 111.83  31.80   151    3.0
 57368 111.63  31.05   141    1.7
 57370 112.22  31.73    67    3.1
 57377 112.22  31.00   191   12.6
 57385 113.82  31.62    93    7.8
 57386 114.00  31.25    51    8.3
 57387 113.13  31.00    84    0.5
 57388 113.71  31.27    53    8.0
 57389 113.75  31.03    32    0.5
 57390 114.07  31.80   733    7.3
 57396 114.85  31.63   128   20.8
 57398 114.62  31.28    74    1.5
 57409 105.80  30.18   297    0.1
 57414 106.45  30.52   403    0.1
 57416 106.93  30.33   391    1.1
 57420 107.19  30.75   418    1.3
 57425 107.33  30.33   433    0.2
 57431 108.35  30.83   257   46.1
 57437 108.03  30.30   325    0.3
 57438 108.12  29.98   632    0.2
 57453 111.32  30.77   115    1.6
 57460 111.78  30.82    91    5.8
 57462 111.08  30.87   139    1.1
 57464 111.18  30.47   142    4.8
 57465 111.45  30.38    74    4.6
 57466 111.75  30.43    50    2.3
 57469 111.77  30.18    69    0.3
 57477 112.22  30.07    38    0.1
 57481 113.57  30.95    30    0.1
 57498 114.94  30.52    26   0.01
 57506 105.90  29.37   353   0.01
 57511 106.45  29.85   240   0.01
 57518 106.50  29.33   506    0.1
 57541 109.48  30.00   532    1.5
 57543 110.03  29.90   539    3.2
 57565 111.73  29.67    38   0.01
 57603 105.83  28.82   283    0.1
 57623 107.60  28.88   685    0.1
 57661 111.48  28.92    48   0.01
 57663 111.95  28.92    31   0.01
 58001 115.10  34.43    56   0.01
 58007 115.30  34.07    47    0.3
 58048 119.35  34.12     4    0.1
 58100 115.17  33.65    41    2.8
 58101 115.48  33.87    41    1.8
 58104 115.07  33.40    41   12.2
 58107 115.28  33.02    35   33.8
 58108 115.33  33.23    34   20.6
 58109 115.65  33.13    31   36.9
 58113 116.75  33.93    31    0.4
 58114 116.18  33.48    31    5.0
 58116 116.83  33.98    31   0.01
 58117 116.20  33.13    27   18.8
 58125 117.52  33.58    22    0.4
 58126 117.87  33.47    19    2.2
 58127 117.20  32.98    21   13.7
 58128 117.35  33.33    21    8.2
 58129 117.83  33.15    14   10.6
 58139 118.91  33.31    10    0.5
 58147 118.97  32.98    24    1.2
 58148 119.34  33.27     3    0.4
 58202 115.57  32.67    31   13.3
 58205 115.43  32.47    34   26.6
 58207 115.05  32.17    42   18.3
 58210 116.23  32.65    25   28.0
 58212 116.77  32.72    23   19.4
 58214 116.30  32.37    27   61.3
 58220 117.15  32.47    28   10.4
 58222 117.55  32.85    24   12.0
 58223 117.98  32.80    31   15.9
 58224 117.02  32.65    32   15.2
 58230 118.28  32.12    26   25.7
 58234 118.42  32.47    40    5.2
 58235 118.85  32.37    10    6.8
 58237 118.59  32.07    46   20.5
 58240 119.02  32.68    21    1.2
 58242 119.16  32.30    22    0.2
 58243 119.82  32.95     3    1.1
 58244 119.59  32.45     5    0.2
 58245 119.42  32.41     9    1.1
 58246 119.99  32.56     2    0.3
 58247 119.80  32.27     3    0.1
 58249 120.05  32.16     6    0.2
 58250 120.16  32.51     6    0.4
 58254 120.45  32.52     5    2.9
 58257 120.26  31.99     4    0.3
 58264 121.18  32.33     3    5.5
 58268 121.08  32.10     4    0.8
 58269 121.65  31.78     3   12.3
 58301 115.38  31.82    92   30.8
 58306 115.88  31.68    95   15.0
 58316 116.92  31.47    23   22.4
 58317 116.37  30.87   434    5.5
 58320 117.13  31.73    21   70.9
 58323 117.47  31.88    25   42.2
 58327 117.28  31.27    45   19.2
 58329 117.87  31.33     9   26.9
 58330 118.08  31.75    26   42.3
 58331 118.37  31.73    22   36.3
 58334 118.37  31.38     9   34.3
 58335 118.52  31.57    23   41.1
 58337 118.18  31.08    26   13.4
 58339 118.90  31.33    15   46.2
 58340 119.03  31.66    25   19.3
 58341 119.59  31.98     6    2.5
 58342 119.55  31.72     6    7.6
 58344 119.20  31.96    36   10.1
 58346 119.81  31.34    16   45.2
 58349 120.56  31.41     8   21.7
 58351 120.30  31.90     4    1.0
 58352 120.77  31.65     4    5.0
 58353 120.57  31.86    11    4.5
 58359 120.62  31.13     4   12.6
 58360 121.20  31.92     3    4.6
 58361 121.37  31.10     5   11.1
 58365 121.25  31.37     4   11.1
 58366 121.49  31.67     4    2.2
 58367 121.43  31.20     4   12.4
 58369 121.78  31.05     5    7.8
 58370 121.53  31.23     4   18.8
 58377 121.11  31.51     5   15.6
 58401 115.40  30.75   123    2.2
 58408 115.43  30.23    35    4.9
 58421 117.87  30.63    31    2.2
 58423 117.78  30.48   647   18.3
 58427 117.50  30.65    15    0.2
 58431 118.32  30.90    39    6.2
 58432 118.40  30.68    57    9.1
 58433 118.75  30.93    31   17.6
 58435 118.53  30.30   220    1.3
 58438 118.58  30.08   191    0.3
 58441 119.42  30.87    43   18.2
 58442 119.18  31.17    16   23.6
 58443 119.89  31.02    25   36.8
 58446 119.70  30.63    72   15.4
 58449 119.95  30.05    46    0.5
 58451 120.93  30.83     2   11.0
 58452 120.77  30.73     4   12.2
 58453 120.50  30.07     7    1.1
 58454 119.98  30.53   102   14.1
 58455 120.65  30.52     8    9.2
 58456 120.52  30.63     6   12.6
 58458 120.90  30.54     4    5.6
 58459 120.29  30.19    44    2.6
 58460 121.35  30.73     5    8.5
 58461 121.12  31.13     4   12.9
 58462 121.23  31.03     4    8.3
 58463 121.50  30.88     4    9.1
 58468 121.17  30.05     5   0.01
 58505 115.90  29.62    63   0.01
 58508 115.77  29.33    41   0.01
 58523 117.93  29.93   227    0.5
 58524 117.22  29.37    87    0.2
 58529 117.85  29.27   171   0.01
 58534 118.18  29.78   170    0.1
 58542 119.68  29.82    46   0.01
 58546 119.88  29.47   115   0.01
 59051 110.50  24.77   136    1.1
 59227 107.13  23.12   454   0.01
 59229 107.70  23.17   125    0.3
 59235 108.62  23.43   115    0.9
 59256 110.90  23.37   105   0.01
 59297 114.28  23.17    17    1.0
 59421 107.20  22.83   255   0.01
 59427 107.07  22.12   163    0.1
 59441 109.25  22.70    78    0.2
 59448 109.55  22.27    69    6.7
 59449 109.98  22.30    85   0.01
 59469 111.78  22.17    37   17.4
 59473 112.98  22.74    47   0.01
 59475 112.65  22.40    27    0.4
 59476 113.03  22.53    36    4.1
 59477 112.23  22.27    68    0.4
 59487 113.30  22.23    23    0.4
