diamond  3 2015年06月27日08点6小时降雨量                     
  15  06  27  08    -1 3 10 25 50 1 0
 39 122.7  37.3 122.5  36.7 120.8  36.2 119.3  35.0 120.4  34.3
 121.1  32.7 122.3  30.9 122.5  30.1 121.5  28.0 119.8  25.0
 116.1  22.6 111.0  21.0 111.0  18.6 109.6  18.1 108.3  18.5
 108.9  19.9 109.3  21.0 106.4  21.6 104.1  22.2 101.6  20.8
  98.7  22.0  97.1  24.1  97.7  27.0  91.7  26.6  85.7  27.7
  78.9  30.6  73.3  37.1  74.1  40.7  87.6  49.8  98.5  43.9
 110.4  44.3 122.0  54.7 135.7  48.3 131.5  42.2 125.2  39.4
 121.3  38.5 121.2  40.3 118.5  38.6 120.8  38.1
 1     365
 50871 129.88  46.73    95    0.1
 50878 130.72  47.00    78    1.1
 50880 131.12  46.73   102    0.1
 50884 131.15  46.63   175    0.2
 51328  80.42  44.20   770    3.8
 51329  80.85  44.05   640    1.3
 51353  86.10  45.02   346    1.3
 51430  81.15  43.83   602    3.8
 51434  81.53  43.97   770    3.8
 51435  82.23  43.47   774   77.4
 51436  83.30  43.45   928    6.1
 51438  81.77  43.18  1210   14.1
 51468  86.83  43.10  3539    3.9
 51559  86.40  42.32  1100    0.8
 51627  79.23  41.22  1395    0.2
 51629  80.23  41.27  1132    0.2
 51636  82.65  41.55  1009    0.3
 51722  80.40  40.65  1044    0.9
 52515  94.87  39.52  2137    0.3
 52842  99.08  36.78  3087    0.7
 52853 100.98  36.90  3010    3.6
 52855 101.25  36.68  2675    0.1
 52862 101.68  36.95  2450    3.3
 52863 101.95  36.82  2480    0.6
 52877 102.25  36.10  2834    1.2
 52963 102.02  35.93  2085    1.4
 52980 103.30  35.97  1648    0.2
 52996 105.02  35.38  2450    0.3
 52998 104.20  35.13  2111    0.3
 53908 105.23  35.22  1768    0.3
 53916 106.32  35.50  1948    0.1
 53924 107.62  35.07   966    4.6
 53925 107.18  35.68  1172    0.2
 53926 107.35  35.35  1028    3.2
 53927 106.62  35.20  1477    0.3
 53928 107.02  35.30  1149    1.8
 53931 109.37  36.00   984    0.1
 53934 107.98  35.78  1274    0.1
 53935 108.40  35.49  1481    1.0
 53937 107.92  35.52   979    0.4
 53938 108.30  35.17  1277    3.1
 53941 109.58  35.18   804    4.2
 53944 109.25  35.57   863    0.8
 53945 109.07  35.43  1395    1.3
 53947 109.07  35.08   978    8.4
 53949 109.92  35.18   679    3.1
 53950 110.15  35.23   708    4.5
 53954 110.97  35.62   433    0.2
 53956 110.83  35.40   588    1.7
 53957 110.72  35.62   459    0.5
 53958 110.78  35.17   435    4.6
 53961 111.48  35.65   472    0.4
 53964 111.22  35.62   430    0.2
 53965 111.57  35.52   761    2.3
 53967 111.20  35.33   468    1.2
 53972 112.90  35.05   117    6.4
 53976 112.87  35.50   752    0.4
 53978 112.63  35.08   140    8.2
 53979 113.08  35.15   120    3.3
 53982 113.27  35.23   112    0.2
 53983 114.42  35.03    69    0.9
 53984 113.47  35.23    82    0.7
 53987 113.36  35.11    94    2.6
 53988 113.67  35.27    77    0.2
 53989 113.98  35.08    75    0.8
 53997 114.18  35.15    71    0.5
 53998 114.65  35.20    61    0.1
 54321 119.63  41.87   661    0.1
 54419 116.63  40.37    75    0.1
 54438 118.88  39.88    65    5.6
 54483 123.90  40.88   233    0.1
 54526 117.33  39.08     1    0.4
 54529 117.82  39.35     3    0.1
 54530 117.77  39.23     1    3.9
 54541 119.23  39.90    24    1.4
 54844 119.18  36.42    62    0.1
 54907 116.65  34.98    34    1.0
 54908 115.10  35.27    57    0.1
 56071 102.50  34.59  3190   16.8
 56084 103.23  34.07  2374    5.3
 56147  98.83  31.22  3260    0.1
 56158 100.67  31.40  3250    5.4
 56164 100.98  32.27  3284    0.1
 56168 102.07  31.48  2168    4.3
 56185 102.98  32.08  2400    0.5
 56195 104.73  31.80   543    2.9
 56199 104.68  31.03   423   23.0
 56291 104.28  30.93   469    0.1
 56295 104.55  30.38   448   31.6
 56296 104.43  30.85   448    6.9
 56298 104.60  30.13   417   48.5
 56393 104.85  29.77   369    2.3
 56395 104.67  29.52   351    0.1
 56399 104.98  29.18   306    0.1
 56641  98.87  26.90  1189   16.6
 56645  99.42  26.42  2344    0.1
 56745  99.95  25.68  1626    0.3
 56835  97.82  24.07   959    1.3
 56836  97.95  24.70   826    8.3
 56839  98.82  23.77   995    0.4
 56840  98.30  24.82  1012    0.4
 56841  98.68  24.60  1528    4.4
 56844  98.58  24.43   913    0.2
 56846  99.93  24.58  1569    0.5
 56849  99.23  24.03  1606    0.2
 56854 100.13  24.45  1108    0.4
 56867 101.12  23.98  1105    0.4
 56948  99.60  22.63  1155    1.0
 56961 101.05  23.03  1336    0.2
 56962 101.67  23.42  1314    0.2
 56978 102.42  23.00  1642    6.1
 56984 103.15  23.38  1720    1.2
 56987 103.23  22.78  1260    0.2
 56995 104.42  23.03  1332    1.1
 57003 106.83  34.90   924    5.2
 57008 105.30  34.03  1579    0.3
 57011 106.15  34.75  1378    0.2
 57016 107.13  34.35   612    9.7
 57020 107.40  34.37   563    1.5
 57021 107.13  34.65   751    1.0
 57022 107.78  34.68  1026    1.8
 57023 108.11  35.02   919    3.8
 57024 107.65  34.45   669    3.8
 57026 107.88  34.37   585    3.1
 57027 107.73  34.27   517    2.1
 57031 108.55  34.82  1012    5.5
 57032 108.20  34.13   436    2.9
 57033 108.82  34.55   428    0.3
 57035 108.23  34.55   636    3.6
 57038 108.45  34.28   410    1.6
 57039 108.88  34.08   445    2.1
 57040 109.08  34.52   377    1.5
 57041 108.92  34.63   424    0.4
 57042 109.18  34.78   470    5.2
 57043 109.97  34.80   351    7.3
 57044 109.23  34.40   424    0.1
 57045 109.48  34.52   349    5.5
 57047 109.32  34.17   540    0.2
 57053 110.72  34.70   505    7.7
 57054 110.23  34.55   556    4.5
 57055 110.13  34.59   342    5.0
 57056 110.86  34.54   484    4.5
 57057 110.15  34.10   963    9.1
 57060 111.23  35.17   402    3.5
 57061 111.20  34.83   410   26.8
 57063 111.77  34.77   523   18.8
 57065 112.13  34.55   317   14.9
 57066 111.67  34.40   408   20.2
 57070 112.12  34.73   364    8.4
 57072 112.75  34.92   127    6.6
 57074 112.40  34.42   252   27.3
 57075 112.87  34.17   203    9.7
 57076 112.78  34.73   189    6.5
 57078 112.47  34.15   336   14.1
 57079 113.03  34.95   106    3.9
 57080 112.97  34.73   165    5.8
 57081 113.43  34.80   140    1.4
 57082 113.02  34.47   427    9.5
 57084 113.05  34.49  1178    8.5
 57085 113.33  34.53   259    1.4
 57086 113.72  34.38   116    5.8
 57087 113.73  34.27   104    4.5
 57088 113.50  34.19   146    4.2
 57090 113.97  34.72    78    0.4
 57094 114.22  34.40    67    2.0
 57095 114.15  34.12    61    1.0
 57096 114.78  34.53    59    1.1
 57098 114.40  34.08    58    1.0
 57102 105.72  33.75   970    0.8
 57105 105.60  33.33  1221    1.5
 57110 106.08  33.78   930    2.2
 57111 106.30  33.92   961    1.0
 57113 106.55  33.93   984    0.2
 57119 106.70  33.17   548    0.7
 57123 108.07  34.28   506    3.5
 57126 107.55  33.22   468    4.8
 57128 107.33  33.17   486   10.4
 57129 107.72  32.98   446    0.3
 57132 108.58  34.13   411    2.0
 57140 109.12  33.67   818    1.2
 57153 110.33  33.70   639    0.4
 57162 112.07  34.13   440   11.0
 57173 112.88  33.75   145    2.7
 57176 112.42  33.48   231    3.0
 57177 113.53  33.33    89    7.5
 57179 113.00  33.28   160    2.7
 57180 113.20  33.98   117    2.6
 57182 113.52  33.85    80    1.2
 57183 113.92  33.80    60    2.4
 57184 113.30  33.63    97    5.8
 57185 113.58  33.45    91    8.4
 57186 114.05  33.60    58   17.0
 57187 112.93  33.07   118    8.4
 57188 114.03  33.37    55    9.8
 57189 113.95  33.13    64   13.2
 57190 114.40  33.75    50   16.8
 57191 114.47  34.51    64    1.0
 57192 114.85  33.73    45    7.5
 57194 114.27  33.28    59   14.6
 57195 114.62  33.62    46   25.2
 57196 114.87  33.47    42   32.0
 57197 114.35  32.97    50   60.8
 57198 114.57  33.50    44   26.4
 57204 105.22  32.57   782    2.2
 57208 105.52  32.28   544   60.9
 57213 106.93  33.00   536   26.4
 57217 106.28  32.23   485    0.6
 57249 109.68  32.32   448    0.2
 57253 110.82  32.85   201    1.8
 57254 110.12  32.82   322    0.8
 57260 111.52  32.57   133    2.6
 57268 111.62  32.27   120    4.3
 57271 112.38  32.52    87    1.4
 57273 112.85  32.68   109   14.8
 57274 112.12  32.70   107    0.2
 57281 113.30  32.70   142   24.1
 57292 114.63  32.97    44   45.5
 57293 114.98  32.73    38   44.4
 57294 114.02  32.83    83   56.1
 57295 114.35  32.62    78   31.6
 57296 114.73  32.35    48   22.9
 57298 114.55  32.22    55   13.6
 57299 114.90  32.02    49   16.5
 57303 105.92  31.73   459   17.2
 57304 105.17  31.67   516   59.8
 57307 105.08  31.10   404   67.5
 57308 105.38  31.22   421   19.7
 57314 106.07  31.35   405    4.3
 57315 106.40  31.53   655   23.7
 57317 106.42  31.03   324    0.6
 57318 106.55  31.07   338    0.1
 57320 107.22  31.93   482    1.9
 57324 107.08  31.58   364    5.2
 57363 111.83  31.80   151    0.2
 57370 112.22  31.73    67    0.1
 57387 113.13  31.00    84    0.2
 57390 114.07  31.80   733   13.3
 57396 114.85  31.63   128    0.7
 57401 105.37  30.87   383   13.3
 57407 105.03  30.28   462   19.0
 57408 105.35  30.12   338    1.1
 57507 105.30  29.33   385    4.8
 57508 105.37  29.15   301    0.1
 57540 109.15  29.68   776    0.2
 57541 109.48  30.00   532    0.5
 57543 110.03  29.90   539    1.0
 58001 115.10  34.43    56    1.2
 58002 115.58  34.85    49    0.2
 58003 115.88  34.95    45    0.4
 58004 115.15  34.65    60    0.3
 58006 115.88  34.38    46    0.7
 58007 115.30  34.07    47    0.8
 58008 115.33  34.47    54    0.6
 58011 116.07  34.80    46    1.2
 58012 116.66  34.67    42    0.3
 58013 116.91  34.75    36    1.3
 58016 116.97  34.18    34    2.4
 58017 116.13  34.25    41    2.2
 58020 117.13  34.80    35    5.6
 58021 117.28  34.78    80    0.4
 58022 117.57  34.75    48    0.5
 58024 117.58  34.87    77    0.6
 58025 117.73  34.57    27    0.9
 58035 118.35  34.33    29    2.3
 58036 118.71  34.54    32    1.5
 58041 119.43  34.78    26    0.5
 58044 119.23  34.55     4    1.9
 58045 119.60  34.20     4    5.6
 58048 119.35  34.12     4    7.3
 58049 119.80  34.02     4    8.1
 58100 115.17  33.65    41   12.3
 58101 115.48  33.87    41    6.5
 58104 115.07  33.40    41   41.8
 58107 115.28  33.02    35   34.3
 58108 115.33  33.23    34   28.6
 58109 115.65  33.13    31   38.5
 58113 116.75  33.93    31    1.3
 58114 116.18  33.48    31   21.5
 58116 116.83  33.98    31    2.5
 58117 116.20  33.13    27   33.4
 58125 117.52  33.58    22   12.5
 58126 117.87  33.47    19   31.2
 58127 117.20  32.98    21   33.8
 58128 117.35  33.33    21   45.0
 58129 117.83  33.15    14   47.2
 58131 118.22  33.97    25    3.0
 58132 118.68  33.72    14    7.5
 58139 118.91  33.31    10   34.5
 58140 119.30  33.77     9   14.2
 58145 119.15  33.50     7   19.9
 58146 119.77  33.47     3   12.0
 58147 118.97  32.98    24   35.6
 58148 119.34  33.27     3   23.6
 58154 120.20  33.43     2   12.3
 58202 115.57  32.67    31   58.3
 58205 115.43  32.47    34  111.5
 58207 115.05  32.17    42   66.1
 58210 116.23  32.65    25   61.8
 58212 116.77  32.72    23   42.9
 58214 116.30  32.37    27  102.2
 58220 117.15  32.47    28   74.5
 58222 117.55  32.85    24   28.2
 58223 117.98  32.80    31   28.3
 58224 117.02  32.65    32   49.2
 58230 118.28  32.12    26   42.8
 58234 118.42  32.47    40   18.0
 58235 118.85  32.37    10   16.6
 58237 118.59  32.07    46   56.2
 58240 119.02  32.68    21    8.2
 58242 119.16  32.30    22   37.9
 58243 119.82  32.95     3   20.2
 58244 119.59  32.45     5   29.0
 58245 119.42  32.41     9   28.0
 58246 119.99  32.56     2   28.9
 58247 119.80  32.27     3   37.4
 58249 120.05  32.16     6   46.0
 58250 120.16  32.51     6   31.0
 58254 120.45  32.52     5   25.8
 58257 120.26  31.99     4   69.3
 58264 121.18  32.33     3   26.9
 58268 121.08  32.10     4   55.3
 58269 121.65  31.78     3   92.1
 58301 115.38  31.82    92    2.8
 58306 115.88  31.68    95   17.1
 58316 116.92  31.47    23    0.3
 58320 117.13  31.73    21    4.1
 58323 117.47  31.88    25    7.7
 58329 117.87  31.33     9    0.1
 58330 118.08  31.75    26   32.5
 58331 118.37  31.73    22   35.6
 58334 118.37  31.38     9    2.5
 58335 118.52  31.57    23   15.3
 58339 118.90  31.33    15    1.5
 58340 119.03  31.66    25   33.1
 58341 119.59  31.98     6   58.8
 58342 119.55  31.72     6   76.3
 58344 119.20  31.96    36   64.1
 58346 119.81  31.34    16    8.2
 58349 120.56  31.41     8   13.3
 58351 120.30  31.90     4   72.0
 58352 120.77  31.65     4   59.0
 58353 120.57  31.86    11   97.5
 58359 120.62  31.13     4    0.2
 58360 121.20  31.92     3   86.7
 58361 121.37  31.10     5    0.4
 58365 121.25  31.37     4    6.8
 58366 121.49  31.67     4   58.0
 58367 121.43  31.20     4    1.1
 58369 121.78  31.05     5    1.1
 58370 121.53  31.23     4    1.5
 58377 121.11  31.51     5   27.5
 58401 115.40  30.75   123    0.1
 58420 117.23  30.72    58    0.2
 58431 118.32  30.90    39    0.4
 58433 118.75  30.93    31    0.1
 58442 119.18  31.17    16    0.8
 58443 119.89  31.02    25    0.8
 58461 121.12  31.13     4    1.2
 58462 121.23  31.03     4    0.4
 58559 120.97  29.15   107    0.1
 59025 107.38  24.53   248    0.2
 59059 110.80  24.18   105    0.3
 59284 113.24  23.42    38    0.1
 59312 116.70  23.67    60    0.3
 59314 116.13  23.30    29    0.4
