diamond  3 2015年06月10日02点6小时降雨量                     
  15  06  10  02    -1 3 10 25 50 1 0
 39 122.7  37.3 122.5  36.7 120.8  36.2 119.3  35.0 120.4  34.3
 121.1  32.7 122.3  30.9 122.5  30.1 121.5  28.0 119.8  25.0
 116.1  22.6 111.0  21.0 111.0  18.6 109.6  18.1 108.3  18.5
 108.9  19.9 109.3  21.0 106.4  21.6 104.1  22.2 101.6  20.8
  98.7  22.0  97.1  24.1  97.7  27.0  91.7  26.6  85.7  27.7
  78.9  30.6  73.3  37.1  74.1  40.7  87.6  49.8  98.5  43.9
 110.4  44.3 122.0  54.7 135.7  48.3 131.5  42.2 125.2  39.4
 121.3  38.5 121.2  40.3 118.5  38.6 120.8  38.1
 1     345
 50674 129.43  48.57   404    1.1
 50779 134.28  48.37    40    1.2
 50867 127.35  46.08   134    1.6
 50871 129.88  46.73    95    0.1
 50892 134.00  46.80    54    0.2
 50965 128.27  45.43   167    0.1
 50971 131.02  45.77   223    5.8
 51352  85.25  44.85   337    0.1
 51353  86.10  45.02   346    2.5
 51356  86.05  44.32   442    0.4
 51359  86.20  44.32   471    0.1
 51368  87.32  44.12   515    0.8
 51369  87.65  43.97   600    3.2
 51377  87.92  44.17   547   14.0
 51378  89.17  44.00   742   18.8
 51430  81.15  43.83   602    0.3
 51434  81.53  43.97   770    1.6
 51435  82.23  43.47   774    1.6
 51436  83.30  43.45   928    4.0
 51438  81.77  43.18  1210    3.9
 51465  87.10  43.48  1871   24.4
 51468  86.83  43.10  3539    0.2
 51482  90.28  43.83  1271   36.3
 51568  86.80  42.25  1085    0.2
 51627  79.23  41.22  1395    0.4
 52643  99.62  38.83  2311    1.2
 52656 100.82  38.43  2281    2.1
 52784 102.90  37.47  2072    4.9
 52842  99.08  36.78  3087    0.1
 52863 101.95  36.82  2480    1.0
 52874 102.41  36.49  2021    0.3
 52881 103.18  36.98  2484    3.6
 52885 103.25  36.75  2118    2.4
 52896 104.15  36.55  1738    2.5
 52968 101.47  35.03  3662    0.1
 52993 105.07  35.68  1739    0.4
 52995 104.62  35.58  1897    0.1
 52996 105.02  35.38  2450    0.4
 53289 113.83  42.23  1322    3.9
 53378 112.62  41.28  1737    0.2
 53385 113.54  41.60  1420    0.5
 53392 114.60  41.85  1422    1.3
 53484 113.15  40.45  1191    0.1
 53486 113.77  40.37  1050    0.2
 53488 113.58  40.03  1034    0.1
 53491 114.38  40.67   837    0.2
 53492 114.15  40.10   937    0.2
 53498 115.03  40.57   629    1.5
 53499 114.73  40.77   755    0.4
 53505 105.40  37.88  1380    0.4
 53575 112.20  39.10  1525    0.1
 53577 112.30  39.00  1437    0.1
 53582 113.67  39.72  1079    0.1
 53590 114.27  39.75   977    0.9
 53596 115.13  38.85    52    1.3
 53599 114.68  39.37   884    4.2
 53659 111.00  37.97  1163    0.1
 53660 111.08  39.02   894    0.1
 53665 111.65  38.28  1185    0.8
 53666 111.93  38.35  1212    2.3
 53674 112.70  38.40   869    3.6
 53676 112.98  38.50   759    1.4
 53677 112.48  37.93   806    0.3
 53678 112.65  38.07   897    0.4
 53679 112.54  37.75   776    0.7
 53680 114.38  38.30   108    1.2
 53681 113.37  38.83  1096    5.7
 53682 114.68  38.63   104    2.4
 53685 113.42  38.07   953    4.8
 53688 114.55  38.42   100    0.3
 53690 114.18  38.85   281    1.7
 53692 114.98  38.73    66    0.4
 53693 114.13  38.03   255    2.7
 53694 114.22  38.27   131    2.5
 53695 114.68  38.35    70    0.3
 53696 115.02  38.55    41    1.2
 53697 114.83  38.03    53    0.1
 53699 114.95  38.18    45    0.2
 53707 105.25  36.93  1697    0.1
 53727 107.12  37.17  1712    0.5
 53730 107.48  38.18  1333    0.5
 53732 108.72  37.85  1209    0.5
 53759 110.83  36.98  1109    2.6
 53760 111.23  37.88  1212    0.2
 53776 112.77  37.68   831    0.1
 53780 113.15  37.91  1066    7.9
 53782 113.62  37.93   767    7.5
 53850 110.18  36.88   804    0.2
 53860 111.17  36.98  1406    1.4
 53881 106.48  37.28  1382    0.1
 53906 105.71  35.52  1656    1.4
 53908 105.23  35.22  1768    0.2
 53916 106.32  35.50  1948    0.4
 53917 106.07  35.22  1631    0.1
 53924 107.62  35.07   966    2.8
 53925 107.18  35.68  1172    0.1
 53926 107.35  35.35  1028    3.0
 53927 106.62  35.20  1477    0.5
 53928 107.02  35.30  1149    3.3
 53934 107.98  35.78  1274    0.3
 53937 107.92  35.52   979    0.3
 53938 108.30  35.17  1277    0.5
 54076 126.93  44.38   268    0.1
 54092 129.40  44.60   292    1.3
 54093 130.55  44.93   266    0.1
 54098 129.47  44.33   267    1.4
 54204 115.00  42.30  1346    2.3
 54205 116.00  42.23  1315    2.7
 54301 115.67  41.67  1412    0.6
 54304 115.27  40.95  1239    1.6
 54305 115.27  41.88  1468    0.6
 54313 118.70  41.93   733    2.7
 54316 118.75  41.52   679    6.6
 54318 117.73  41.32   561    9.6
 54319 118.67  41.00   502    3.6
 54320 119.30  41.60   544    6.4
 54321 119.63  41.87   661    2.1
 54323 120.78  41.82   253    0.7
 54325 120.35  41.18   183    0.6
 54327 119.35  41.23   417    2.2
 54328 119.72  41.08   296    1.5
 54330 121.33  41.13    45    4.3
 54331 121.75  41.60   113    0.2
 54332 122.72  41.52    12    0.8
 54336 122.42  41.42     8    1.7
 54338 121.95  41.28     3    0.9
 54345 123.07  41.20    30    0.2
 54347 123.17  41.23    24    0.5
 54348 123.37  41.41    45    0.5
 54398 116.62  40.13    28    1.5
 54399 116.28  39.98    45    2.2
 54404 115.83  40.88   867    4.0
 54408 115.22  40.38   529    1.1
 54410 116.13  40.60  1224    3.9
 54412 116.63  40.73   331    2.4
 54419 116.63  40.37    75    1.1
 54420 117.33  40.93   529    2.6
 54421 117.12  40.65   293    0.7
 54424 117.12  40.17    32    0.2
 54425 117.47  40.40   633    1.0
 54430 118.21  40.78   330    1.0
 54431 116.63  39.92    43    1.9
 54433 116.50  39.95    35    3.1
 54483 123.90  40.88   233    0.5
 54494 124.07  40.47    72    0.1
 54499 116.22  40.22    76    1.8
 54501 115.68  39.97   440    2.3
 54502 116.03  39.48    29    7.8
 54503 115.82  39.07    12    1.4
 54505 116.10  39.94    98    2.4
 54506 115.95  39.32    24    3.1
 54507 115.52  39.33    49    4.5
 54512 116.28  39.42    21    1.6
 54513 116.20  39.95    65    2.0
 54514 116.25  39.87    55    2.8
 54515 116.70  39.50    13    0.1
 54594 116.35  39.72    37    3.8
 54596 116.19  39.77    48    3.5
 54597 115.74  39.73   407    4.6
 54601 115.65  38.98    13    3.2
 54603 115.77  38.72    10    0.7
 54604 115.33  38.42    29    0.2
 54605 115.93  38.93     4    1.2
 54607 115.12  38.72    45    0.1
 54611 115.32  38.93    44    0.6
 54620 115.57  38.48    18    0.1
 54636 116.10  39.02    11    1.5
 54701 115.20  37.93    35    0.1
 54853 120.42  36.17    42    0.2
 54943 120.00  35.88    10    0.4
 56094 104.37  33.78  1400    0.3
 56263 101.88  30.88  1949    0.7
 56267 101.02  30.03  2600    0.2
 56317  94.22  29.22  2950    2.4
 56474 102.17  28.55  1774    4.5
 56478 102.43  28.30  1818    3.5
 56487 103.13  28.33  1943    4.6
 56578 102.75  27.07   993    0.4
 56580 102.80  27.72  2460    1.6
 56582 103.90  27.75  1176    2.1
 56584 103.25  27.70  1093    1.1
 56594 104.05  27.63   880    7.4
 56596 105.05  27.85  1177    0.4
 56673 102.92  26.92   893    0.2
 56675 102.58  26.65  1694    0.1
 56688 103.17  26.10  1254    5.6
 56697 104.08  26.22  1984    0.2
 56849  99.23  24.03  1606    2.4
 56958 100.47  21.96  1222    7.9
 56961 101.05  23.03  1336    0.1
 57002 105.65  34.85  1216    0.3
 57003 106.83  34.90   924    2.6
 57011 106.15  34.75  1378    0.8
 57012 106.20  34.98  1664    1.0
 57016 107.13  34.35   612    3.3
 57020 107.40  34.37   563    0.5
 57021 107.13  34.65   751    1.0
 57022 107.78  34.68  1026    1.5
 57023 108.11  35.02   919    2.3
 57035 108.23  34.55   636    1.9
 57792 114.68  27.82    93    0.6
 57794 114.02  27.63   177    0.1
 57796 114.88  27.83   189    0.2
 57798 114.60  27.40    85    0.5
 57882 113.55  26.79   136    0.1
 57883 114.28  26.75   253    0.1
 57895 114.78  26.47   101    0.2
 57923 107.87  25.98   419    0.2
 57949 110.00  24.98   156    9.3
 57954 110.18  25.23   157    0.2
 57958 110.32  25.08   151   11.9
 57964 111.15  25.50   263    0.9
 57973 112.72  25.75   329    0.1
 57976 112.94  25.41   222    0.5
 57978 112.55  25.27   292    3.8
 57985 113.68  25.57   609    1.2
 57988 113.33  25.10   143    0.2
 57990 114.30  25.70   246    0.6
 57992 114.75  25.67   127    0.1
 57995 114.93  25.40   164    0.7
 58112 116.45  30.73   968    2.2
 58317 116.37  30.87   434    0.1
 58415 116.55  30.67    64    0.9
 58416 116.82  30.75    35    0.1
 58420 117.23  30.72    58    1.2
 58426 118.13  30.30   193    0.1
 58433 118.75  30.93    31    0.1
 58449 119.95  30.05    46    0.2
 58460 121.35  30.73     5    1.1
 58484 122.20  30.25    37    0.7
 58514 116.05  29.45    37    0.1
 58523 117.93  29.93   227    0.2
 58529 117.85  29.27   171    0.1
 58537 118.40  29.13   153    1.0
 58542 119.68  29.82    46    0.2
 58544 119.27  29.48    88    0.9
 58546 119.88  29.47   115    3.6
 58547 119.18  29.03    66    4.0
 58548 119.47  29.22    50    2.9
 58550 120.25  29.70    39    1.3
 58555 120.88  29.52   113   10.2
 58558 120.22  29.27    89    6.1
 58559 120.97  29.15   107    5.2
 58560 120.43  29.05   304    2.9
 58561 121.60  29.98     4    1.1
 58563 121.83  29.88     5    5.5
 58565 121.39  29.69    41   13.9
 58566 121.88  29.47     6    7.4
 58567 121.43  29.32    39    9.5
 58568 121.38  29.12    34    2.4
 58570 122.30  29.95    85    2.4
 58609 115.82  28.22    27    0.4
 58614 116.27  28.38    34    0.3
 58616 116.82  28.20    40   14.3
 58618 116.60  28.27    82    0.8
 58619 116.37  28.00    49   27.9
 58623 117.92  28.47    90    1.1
 58624 117.43  28.40    70    1.8
 58625 117.60  28.42    79    1.3
 58627 117.06  28.31    56   22.4
 58629 117.71  28.29   100    1.1
 58631 118.50  28.90   137    4.7
 58632 118.60  28.72   126    8.4
 58635 118.20  28.43    95    2.9
 58642 119.80  28.88   105    3.5
 58643 120.03  28.90   102    3.7
 58644 119.28  28.60   237   17.0
 58647 119.13  28.08   222    1.5
 58654 120.08  28.67   184   10.8
 58658 120.68  28.15    34    0.1
 58660 121.20  28.87     6    3.1
 58664 121.37  28.37    35    0.7
 58701 115.40  27.77    46    0.1
 58706 115.83  27.43   181    1.5
 58707 115.13  27.22    66    1.7
 58710 116.05  27.77    78    4.9
 58712 116.78  27.92   130    2.1
 58713 117.07  27.72   225    0.1
 58714 116.23  27.55   120    0.2
 58719 116.93  27.30   131    3.5
 58724 117.32  27.53   268    2.8
 58735 118.75  27.52   260    0.6
 58736 118.82  27.38   262    0.3
 58745 119.08  27.62   400    2.3
 58746 119.70  27.55   538    0.8
 58747 119.35  27.15   899    0.2
 58750 120.08  27.78   105    0.2
 58751 120.57  27.67   254    6.7
 58814 116.35  26.35   247    5.9
 58819 116.82  26.18   336    2.4
 58821 117.47  26.73   173    1.3
 58822 116.85  26.83   342    1.9
 58823 117.80  26.80   175    1.4
 58824 117.15  26.40   357    1.6
 58826 117.80  26.40   120    0.1
 58828 117.62  26.27   208    0.1
 58836 118.73  26.58   361    1.3
 58845 119.53  26.50    60   15.9
 58848 119.55  26.20    13    8.9
 58850 120.23  26.92    92    0.2
 58903 116.03  25.90   210   17.7
 58905 115.42  25.97   133    0.7
 58906 115.80  25.60   167    5.6
 58907 115.40  25.15   305    3.7
 58912 116.73  25.72   404    6.5
 58923 117.83  25.70   400    5.0
 59025 107.38  24.53   248    0.1
 59038 108.65  24.07   138    0.8
 59045 109.75  24.48    94   10.0
 59047 109.33  24.25   100    0.3
 59051 110.50  24.77   136    3.0
 59052 110.82  24.83   169    0.1
 59053 110.64  24.65   157    0.8
 59055 110.40  24.50   165    2.9
 59057 110.18  24.13   830    0.2
 59059 110.80  24.18   105    0.3
 59061 111.27  24.82   193    0.3
 59071 112.28  24.73   174    4.2
 59074 112.15  24.57   300    1.9
 59075 112.63  24.48    70    2.4
 59081 113.29  24.78   131    1.1
 59090 114.07  24.95   103    6.4
 59091 114.52  24.75   277   10.7
 59093 115.03  24.78   253    3.5
 59094 114.12  24.35   184   17.3
 59099 114.93  24.45   173    5.9
 59106 115.90  24.58   152    1.3
 59109 115.73  24.15   123    0.2
 59114 116.17  24.65   135    0.2
 59241 109.68  23.97    90    0.4
 59264 111.50  23.40    83    0.2
 59266 111.23  23.42    42    0.1
 59268 111.54  23.26    70    0.2
 59269 111.78  23.17    47    0.1
 59270 112.18  23.92    84    2.4
 59276 112.65  23.35    40    0.6
 59279 112.87  23.18    24    1.2
 59284 113.24  23.42    38    1.0
 59285 113.60  23.57    38   12.5
 59290 114.25  23.78    85   11.2
 59421 107.20  22.83   255    0.4
 59432 108.40  22.80   194    0.1
 59435 108.48  22.77    74    0.1
 59477 112.23  22.27    68    1.6
 59487 113.30  22.23    23    0.4
