diamond  3 2015年06月26日08点6小时降雨量                     
  15  06  26  08    -1 3 10 25 50 1 0
 39 122.7  37.3 122.5  36.7 120.8  36.2 119.3  35.0 120.4  34.3
 121.1  32.7 122.3  30.9 122.5  30.1 121.5  28.0 119.8  25.0
 116.1  22.6 111.0  21.0 111.0  18.6 109.6  18.1 108.3  18.5
 108.9  19.9 109.3  21.0 106.4  21.6 104.1  22.2 101.6  20.8
  98.7  22.0  97.1  24.1  97.7  27.0  91.7  26.6  85.7  27.7
  78.9  30.6  73.3  37.1  74.1  40.7  87.6  49.8  98.5  43.9
 110.4  44.3 122.0  54.7 135.7  48.3 131.5  42.2 125.2  39.4
 121.3  38.5 121.2  40.3 118.5  38.6 120.8  38.1
 1     370
 50566 128.47  49.55   116    0.1
 50659 126.25  48.03   291    0.1
 50673 130.40  48.88    90    0.1
 50776 130.83  47.57    83    0.1
 50778 132.53  47.67    57    0.2
 50779 134.28  48.37    40    1.1
 50871 129.88  46.73    95    0.1
 50892 134.00  46.80    54    0.2
 50958 126.93  45.53   168    0.1
 50971 131.02  45.77   223    0.1
 50987 131.09  45.26   219    0.1
 51435  82.23  43.47   774    1.4
 51438  81.77  43.18  1210    0.7
 51627  79.23  41.22  1395    0.1
 51707  76.73  39.50  1208    0.1
 51717  76.78  39.25  1206    0.1
 51722  80.40  40.65  1044    0.5
 51826  80.80  37.02  1336    5.3
 51827  79.63  37.17  1348    6.6
 51829  80.17  37.08  1347    7.0
 51839  82.72  37.07  1409    0.1
 52978 102.49  35.19  2948    0.1
 53573 112.70  40.00  1336    0.1
 53590 114.27  39.75   977    0.2
 53599 114.68  39.37   884    0.1
 53676 112.98  38.50   759    0.1
 53681 113.37  38.83  1096    0.4
 53682 114.68  38.63   104    0.1
 53689 115.07  38.02    42    0.2
 53693 114.13  38.03   255    0.1
 53694 114.22  38.27   131    0.1
 53697 114.83  38.03    53    0.1
 53699 114.95  38.18    45    0.1
 53789 114.63  37.88    52    0.6
 53791 114.50  37.81    68    0.3
 53795 114.37  37.65   137    0.3
 53916 106.32  35.50  1948    0.1
 54069 125.80  44.12   173    0.5
 54076 126.93  44.38   268    3.6
 54223 120.65  42.85   362    0.4
 54225 119.94  42.29   579    0.1
 54313 118.70  41.93   733    4.5
 54398 116.62  40.13    28    9.2
 54399 116.28  39.98    45    9.2
 54404 115.83  40.88   867    0.1
 54419 116.63  40.37    75    1.4
 54421 117.12  40.65   293    2.8
 54424 117.12  40.17    32   11.8
 54428 117.40  40.03    15    2.7
 54431 116.63  39.92    43   40.2
 54433 116.50  39.95    35   47.3
 54434 118.33  40.17   131    0.1
 54499 116.22  40.22    76    0.3
 54501 115.68  39.97   440    0.1
 54507 115.52  39.33    49    0.3
 54510 116.95  39.91    18   10.0
 54513 116.20  39.95    65    0.1
 54514 116.25  39.87    55   11.3
 54515 116.70  39.50    13   10.8
 54519 116.48  39.30    12    1.7
 54520 117.08  39.97    18   13.7
 54521 116.98  39.77    13    7.7
 54523 117.02  39.38     4    2.5
 54528 117.13  39.23     3    0.4
 54532 118.08  39.81    31    0.2
 54590 124.17  39.88     4   13.8
 54594 116.35  39.72    37    1.4
 54596 116.19  39.77    48    0.2
 54597 115.74  39.73   407    0.4
 54604 115.33  38.42    29    0.3
 54605 115.93  38.93     4    0.1
 54621 115.18  38.18    38    0.3
 54765 121.43  37.48    82    0.1
 54766 121.59  37.43    39    0.1
 54829 117.87  36.77    85    0.1
 54831 118.50  36.65   102    0.1
 54837 118.84  36.68    78    0.2
 54841 119.42  36.86    23    0.4
 54846 119.74  36.39    51    0.1
 54852 120.73  36.97    54    0.1
 54922 117.78  35.88   224    0.3
 54923 117.93  35.72   202    0.3
 54932 118.65  35.77   186    0.8
 54935 118.43  35.53   119    2.0
 56071 102.50  34.59  3190    0.1
 56081 103.35  34.70  2810    0.1
 56097 104.25  33.27  1440    0.1
 56168 102.07  31.48  2168    1.7
 56180 103.85  31.68  1590    0.4
 56183 103.62  31.50  1370    4.6
 56184 103.17  31.43  1896    5.3
 56186 104.20  31.33   589    0.5
 56189 103.93  30.98   581    0.1
 56190 104.55  31.55   519    0.1
 56195 104.73  31.80   543    0.2
 56198 104.50  31.32   525    0.3
 56199 104.68  31.03   423    0.1
 56263 101.88  30.88  1949    7.8
 56267 101.02  30.03  2600    0.2
 56273 102.82  30.39  1022    0.9
 56278 102.77  30.07   755    0.1
 56279 102.93  30.15   682    0.4
 56286 104.26  30.61   505    0.1
 56295 104.55  30.38   448    0.1
 56317  94.22  29.22  2950    0.2
 56371 102.23  29.92  1321    0.5
 56378 102.35  29.23   890    0.2
 56569 102.18  27.42  1380    0.7
 56575 102.55  27.37  1428    0.9
 56641  98.87  26.90  1189    6.6
 56772 102.50  25.23  1692    1.4
 56774 102.42  25.53  1710   33.7
 56775 102.45  25.55  1750   60.9
 56777 102.10  25.11  1671   35.1
 56781 103.27  25.55  1873    6.6
 56782 103.55  25.42  2067    0.2
 56785 103.08  25.36  1915   13.0
 56788 103.62  24.98  1857    0.5
 56790 104.25  25.68  1925    0.4
 56836  97.95  24.70   826    4.8
 56841  98.68  24.60  1528    8.3
 56844  98.58  24.43   913    6.8
 56846  99.93  24.58  1569    1.2
 56862 101.60  24.68  1968    0.2
 56863 102.48  24.93  1848   22.8
 56867 101.12  23.98  1105    2.4
 56869 101.97  24.07  1497    0.8
 56870 102.18  24.66  1600    0.5
 56871 102.60  24.65  1893    0.4
 56872 102.62  24.95  2358   13.4
 56873 102.92  24.68  1796    4.0
 56878 102.75  24.13  1801    0.7
 56879 102.91  24.19  1702    0.2
 56880 103.17  24.92  1532    3.6
 56881 103.27  24.75  1695    0.3
 56882 102.83  24.91  1976    8.3
 56898 102.41  24.18  1600    1.1
 56944  99.27  23.15  1278    0.5
 56948  99.60  22.63  1155    1.3
 56949  99.60  22.32   945    1.1
 56950  99.80  23.47  1044    3.5
 56958 100.47  21.96  1222    0.4
 56978 102.42  23.00  1642    5.4
 56987 103.23  22.78  1260    0.4
 57003 106.83  34.90   924    1.9
 57016 107.13  34.35   612    0.1
 57020 107.40  34.37   563    0.3
 57110 106.08  33.78   930    0.5
 57111 106.30  33.92   961    0.5
 57119 106.70  33.17   548    1.6
 57126 107.55  33.22   468    2.7
 57128 107.33  33.17   486    8.6
 57129 107.72  32.98   446    0.5
 57137 108.32  33.32   802    1.6
 57197 114.35  32.97    50    0.1
 57204 105.22  32.57   782    0.2
 57208 105.52  32.28   544    9.3
 57213 106.93  33.00   536   10.8
 57216 106.83  32.35   579    2.0
 57217 106.28  32.23   485    6.6
 57231 108.53  32.53   503    1.4
 57233 108.50  32.90   413    1.0
 57294 114.02  32.83    83    0.1
 57303 105.92  31.73   459    0.4
 57304 105.17  31.67   516    1.4
 57309 105.88  30.98   378    0.7
 57314 106.07  31.35   405    1.1
 57318 106.55  31.07   338    0.1
 57320 107.22  31.93   482    4.3
 57338 108.42  31.18   216    0.6
 57339 108.68  30.95   297    0.1
 57363 111.83  31.80   151    0.7
 57368 111.63  31.05   141    0.1
 57370 112.22  31.73    67    0.3
 57385 113.82  31.62    93    0.1
 57401 105.37  30.87   383    0.1
 57431 108.35  30.83   257    0.1
 57485 113.47  30.28    23    0.2
 57492 114.84  30.84    40    1.9
 57495 114.88  30.67    28    3.1
 57496 114.87  30.37    31    1.0
 57498 114.94  30.52    26    0.3
 57499 114.88  30.07    40    0.7
 57518 106.50  29.33   506    0.1
 57519 107.11  29.16   698    0.1
 57537 108.17  29.30   322   0.01
 57540 109.15  29.68   776    4.1
 57541 109.48  30.00   532    1.1
 57543 110.03  29.90   539    3.4
 57544 109.45  29.47   488    0.9
 57558 110.47  29.13   183    0.2
 57564 111.13  29.43   103    0.1
 57577 112.17  29.40    36    2.4
 57585 113.45  29.48    60    1.1
 57635 108.98  28.45   363    2.7
 57636 108.50  28.57   334    3.6
 57637 108.10  28.25   629    0.1
 57640 109.45  28.58   341    0.2
 57646 109.95  28.62   302    1.0
 57657 110.21  28.23   186    1.2
 57658 110.20  28.02   152    2.1
 57717 106.83  27.53   974    0.2
 57732 108.40  28.02   456    0.9
 57734 108.23  27.57   467    0.9
 57735 108.82  27.18   404    0.2
 57736 108.85  27.70   369    1.6
 57737 108.12  27.03   547    2.7
 57738 108.42  27.05   516    2.4
 57739 108.92  27.23   394    0.6
 57740 109.60  27.95   349    5.4
 57742 109.20  27.52   884    5.6
 57743 109.80  27.88   176    5.2
 57744 109.17  27.37   355    2.8
 57807 105.47  26.21  1361    0.6
 57808 105.75  26.32  1274    8.5
 57809 105.75  26.07  1251    8.6
 57813 106.47  26.57  1261    0.2
 57814 106.27  26.42  1298    3.6
 57818 106.45  26.03  1140    3.4
 57821 107.50  26.70   925    0.5
 57822 107.90  26.90   835    1.7
 57824 107.23  26.58  1001    0.2
 57828 107.58  26.50   983    2.1
 57829 107.80  26.20   963   14.7
 57834 108.30  26.68   641    4.0
 57835 108.43  26.72   527    1.1
 57837 108.07  26.40   839    1.9
 57900 105.22  25.83  1552    0.3
 57903 105.60  25.94  1142    1.4
 57905 105.61  25.40  1184    6.6
 57908 105.48  25.12  1394    5.9
 57909 105.82  24.98   584    5.3
 57911 106.65  26.67  1323    0.7
 57913 106.98  26.45  1093    0.7
 57914 106.67  26.42  1149    0.4
 57915 106.77  26.63  1104    0.5
 57921 107.34  25.85   821    0.3
 57923 107.87  25.98   419    3.0
 57927 107.18  24.97   287    3.2
 57936 108.91  25.76   258    0.2
 57941 109.60  25.78   197    0.1
 57966 111.96  25.59   244    0.7
 57969 111.31  25.28   269    0.3
 58007 115.30  34.07    47    0.1
 58008 115.33  34.47    54    0.1
 58016 116.97  34.18    34    0.1
 58045 119.60  34.20     4    0.1
 58112 116.45  30.73   968    9.7
 58113 116.75  33.93    31    0.1
 58129 117.83  33.15    14    0.3
 58212 116.77  32.72    23    0.1
 58223 117.98  32.80    31    0.2
 58230 118.28  32.12    26    6.7
 58234 118.42  32.47    40    0.5
 58235 118.85  32.37    10    9.5
 58237 118.59  32.07    46   14.0
 58240 119.02  32.68    21    0.3
 58242 119.16  32.30    22   11.2
 58243 119.82  32.95     3    0.3
 58244 119.59  32.45     5   10.7
 58245 119.42  32.41     9   12.3
 58246 119.99  32.56     2   11.5
 58247 119.80  32.27     3   14.0
 58249 120.05  32.16     6   16.2
 58250 120.16  32.51     6    9.3
 58254 120.45  32.52     5   12.0
 58257 120.26  31.99     4    8.6
 58264 121.18  32.33     3    4.5
 58268 121.08  32.10     4    5.2
 58269 121.65  31.78     3    3.0
 58301 115.38  31.82    92    2.3
 58306 115.88  31.68    95    2.5
 58316 116.92  31.47    23    5.3
 58317 116.37  30.87   434   10.3
 58320 117.13  31.73    21   15.3
 58323 117.47  31.88    25    2.7
 58327 117.28  31.27    45    0.1
 58329 117.87  31.33     9    0.3
 58330 118.08  31.75    26    8.4
 58331 118.37  31.73    22    9.0
 58335 118.52  31.57    23    0.9
 58337 118.18  31.08    26    0.2
 58339 118.90  31.33    15    1.1
 58340 119.03  31.66    25    1.1
 58341 119.59  31.98     6   10.3
 58342 119.55  31.72     6    2.7
 58344 119.20  31.96    36    8.0
 58346 119.81  31.34    16    1.1
 58351 120.30  31.90     4    4.1
 58352 120.77  31.65     4    1.9
 58353 120.57  31.86    11    5.8
 58360 121.20  31.92     3    3.5
 58361 121.37  31.10     5    3.4
 58365 121.25  31.37     4    0.5
 58366 121.49  31.67     4    0.3
 58367 121.43  31.20     4    5.2
 58369 121.78  31.05     5    7.6
 58370 121.53  31.23     4    9.5
 58377 121.11  31.51     5    0.3
 58401 115.40  30.75   123    3.5
 58415 116.55  30.67    64    0.9
 58416 116.82  30.75    35    1.5
 58417 116.13  30.17    54    0.1
 58420 117.23  30.72    58    2.8
 58421 117.87  30.63    31    7.1
 58423 117.78  30.48   647    7.6
 58426 118.13  30.30   193    0.6
 58427 117.50  30.65    15   21.5
 58428 117.50  30.22   118    1.6
 58431 118.32  30.90    39    0.4
 58432 118.40  30.68    57    8.1
 58433 118.75  30.93    31    0.1
 58435 118.53  30.30   220    0.5
 58438 118.58  30.08   191    1.3
 58441 119.42  30.87    43    0.4
 58442 119.18  31.17    16    1.6
 58446 119.70  30.63    72    0.8
 58461 121.12  31.13     4    0.8
 58462 121.23  31.03     4    5.3
 58463 121.50  30.88     4   0.01
 58502 116.02  29.67    74    0.1
 58512 116.55  29.90    71    4.1
 58523 117.93  29.93   227    0.1
 58524 117.22  29.37    87    0.4
 58530 118.43  29.87   168    3.0
 58534 118.18  29.78   170    0.4
 58542 119.68  29.82    46    0.2
 58826 117.80  26.40   120    0.1
 58938 118.98  25.23    23    1.2
 59001 105.33  24.78   672    3.7
 59015 106.57  24.35   437    3.7
 59017 106.27  24.27   278    1.2
 59022 107.55  24.98   749   26.3
 59025 107.38  24.53   248   14.1
 59027 107.25  24.13   254   15.4
 59031 108.26  24.81   342    0.2
 59059 110.80  24.18   105    4.2
 59061 111.27  24.82   193    1.6
 59063 111.45  25.18   265    0.1
 59064 111.32  24.55   136   10.1
 59081 113.29  24.78   131    0.3
 59106 115.90  24.58   152    0.2
 59109 115.73  24.15   123    2.5
 59114 116.17  24.65   135    3.4
 59127 117.83  24.43    32    0.1
 59129 117.60  24.13    53    0.5
 59137 118.57  24.82    56    8.7
 59205 105.63  23.65   685    2.6
 59213 106.92  23.73   110    0.1
 59224 107.12  23.60   111    1.2
 59256 110.90  23.37   105    1.4
 59285 113.60  23.57    38    1.1
 59288 113.02  23.15    29    0.1
 59310 116.18  23.77    45    2.9
 59312 116.70  23.67    60    4.8
 59313 116.98  23.68    44    0.6
 59314 116.13  23.30    29   11.4
 59315 116.40  23.59    43    5.7
 59318 116.58  23.27     5    1.0
 59319 116.83  23.43     4    0.3
 59320 117.13  23.75    37    2.5
 59322 117.37  23.98    22    1.4
 59451 110.35  22.70    98    0.4
 59452 110.53  22.83   131   11.2
 59454 111.00  22.95   202    0.1
 59457 110.27  22.32   121   32.5
 59477 112.23  22.27    68    0.2
 59487 113.30  22.23    23    0.2
 59492 114.73  22.97    47    3.5
 59500 115.32  22.97     6    1.0
