diamond  3 2015年06月24日20点6小时降雨量                     
  15  06  24  20    -1 3 10 25 50 1 0
 39 122.7  37.3 122.5  36.7 120.8  36.2 119.3  35.0 120.4  34.3
 121.1  32.7 122.3  30.9 122.5  30.1 121.5  28.0 119.8  25.0
 116.1  22.6 111.0  21.0 111.0  18.6 109.6  18.1 108.3  18.5
 108.9  19.9 109.3  21.0 106.4  21.6 104.1  22.2 101.6  20.8
  98.7  22.0  97.1  24.1  97.7  27.0  91.7  26.6  85.7  27.7
  78.9  30.6  73.3  37.1  74.1  40.7  87.6  49.8  98.5  43.9
 110.4  44.3 122.0  54.7 135.7  48.3 131.5  42.2 125.2  39.4
 121.3  38.5 121.2  40.3 118.5  38.6 120.8  38.1
 1     734
 50526 120.70  49.28   668   0.01
 50566 128.47  49.55   116    0.2
 50655 126.18  48.50   266   0.01
 50674 129.43  48.57   404    1.7
 50767 127.10  47.23   202   0.01
 50775 130.20  47.34   182   0.01
 50776 130.83  47.57    83    5.4
 50778 132.53  47.67    57    6.1
 50852 126.45  46.82   169    0.1
 50858 125.81  46.02   159    0.1
 50859 126.28  46.29   169    0.3
 50861 127.48  46.89   182   0.01
 50913 118.83  45.72   865    3.2
 50924 119.65  45.55   860    4.5
 50928 120.33  45.07   628    9.5
 50934 121.58  45.38   311    0.9
 50937 121.48  45.06   282   0.01
 50971 131.02  45.77   223    8.4
 50987 131.09  45.26   219    0.1
 51137  82.93  46.20   715   0.01
 51465  87.10  43.48  1871   0.01
 51627  79.23  41.22  1395    0.1
 51707  76.73  39.50  1208    2.1
 51708  75.95  39.15  1325    0.1
 51717  76.78  39.25  1206    2.1
 51802  76.17  38.93  1297   0.01
 51815  77.27  38.20  1274   0.01
 51829  80.17  37.08  1347   0.01
 52643  99.62  38.83  2311    2.1
 52745  99.02  37.30  3417    0.2
 52853 100.98  36.90  3010    0.4
 52855 101.25  36.68  2675    0.6
 52862 101.68  36.95  2450    2.0
 52863 101.95  36.82  2480    2.8
 52869 101.58  36.50  2667   12.3
 52874 102.41  36.49  2021    1.5
 52875 102.10  36.50  2125    6.1
 52877 102.25  36.10  2834    0.4
 52881 103.18  36.98  2484    4.8
 52885 103.25  36.75  2118    0.7
 52896 104.15  36.55  1738    0.5
 52978 102.49  35.19  2948    0.4
 52980 103.30  35.97  1648    0.9
 52981 103.38  35.68  2421    4.1
 52982 103.55  35.48  1953    1.8
 52985 103.33  35.42  2162    2.1
 52988 103.72  35.37  2015    0.2
 52993 105.07  35.68  1739    3.2
 52995 104.62  35.58  1897    1.4
 52996 105.02  35.38  2450   0.01
 52998 104.20  35.13  2111    1.3
 53343 109.97  41.77  1612   0.01
 53368 111.47  41.08  1637    0.2
 53384 113.18  41.45  1423    0.9
 53385 113.54  41.60  1420    2.1
 53392 114.60  41.85  1422    0.2
 53397 113.98  41.10  1376    2.1
 53472 112.57  40.87  1451    4.8
 53475 112.47  40.52  1268    0.1
 53481 113.22  40.80  1316    1.3
 53483 113.83  40.87  1268    5.6
 53486 113.77  40.37  1050    0.3
 53488 113.58  40.03  1034    1.5
 53492 114.15  40.10   937   0.01
 53499 114.73  40.77   755   0.01
 53517 106.33  39.27  1464   0.01
 53562 111.66  39.92  1208    1.0
 53573 112.70  40.00  1336    1.9
 53582 113.67  39.72  1079    0.6
 53584 113.17  39.57  1000   0.01
 53679 112.54  37.75   776   0.01
 53751 110.05  37.60   894    0.1
 53759 110.83  36.98  1109    0.4
 53769 111.78  37.25   747    0.1
 53773 114.62  36.33    64    2.8
 53774 112.37  37.58   759   0.01
 53776 112.77  37.68   831   0.01
 53777 112.14  37.51   753   0.01
 53778 112.22  37.17   780    0.2
 53781 114.47  36.87    67   0.01
 53786 113.33  37.09  1152   0.01
 53829 107.90  35.98  1093    0.2
 53832 108.77  36.77  1218    0.3
 53848 109.35  36.27  1005    5.3
 53852 110.63  36.77   916    0.9
 53856 110.75  36.47   765    5.0
 53857 110.18  36.07   840    1.1
 53860 111.17  36.98  1406    0.5
 53861 111.38  35.88   463    2.3
 53862 111.80  36.85   811    2.0
 53864 111.10  36.40  1030    1.5
 53865 111.55  36.65  1011    2.8
 53866 111.67  36.23   462    1.9
 53869 111.70  36.58   550    1.3
 53871 112.85  36.83   964    0.8
 53872 112.68  36.77   960    1.4
 53873 112.87  36.10   951    2.2
 53874 111.90  36.25   648    2.9
 53875 112.35  36.52  1000    2.3
 53878 113.38  36.52   767    0.2
 53879 112.88  36.32   952    0.2
 53880 113.23  36.33   947    0.5
 53885 113.20  36.12  1122    3.2
 53886 113.67  36.57   470    0.5
 53888 113.43  36.20  1089    5.5
 53889 113.82  36.07   306    2.5
 53890 114.10  36.67   280   0.01
 53892 114.47  36.62    66   0.01
 53894 114.20  36.40   149    2.2
 53895 114.50  36.78    60   0.01
 53896 114.95  36.35    50    2.1
 53897 114.38  36.38    69    2.0
 53899 114.97  36.48    48    0.9
 53906 105.71  35.52  1656   0.01
 53914 106.12  35.62  2078    0.1
 53917 106.07  35.22  1631   0.01
 53924 107.62  35.07   966    2.1
 53926 107.35  35.35  1028    0.3
 53927 106.62  35.20  1477    0.1
 53928 107.02  35.30  1149    0.2
 53931 109.37  36.00   984    2.2
 53934 107.98  35.78  1274    0.8
 53935 108.40  35.49  1481    5.8
 53937 107.92  35.52   979    0.6
 53938 108.30  35.17  1277    1.2
 53941 109.58  35.18   804    4.3
 53944 109.25  35.57   863    0.6
 53945 109.07  35.43  1395    1.9
 53946 109.82  35.60  1091    4.1
 53947 109.07  35.08   978    4.7
 53949 109.92  35.18   679    3.4
 53950 110.15  35.23   708    3.9
 53953 110.85  35.97   965    3.1
 53954 110.97  35.62   433    2.7
 53956 110.83  35.40   588    5.4
 53957 110.72  35.62   459    1.5
 53958 110.78  35.17   435    2.1
 53961 111.48  35.65   472    3.6
 53962 111.70  35.73   584    3.0
 53964 111.22  35.62   430    4.0
 53965 111.57  35.52   761    8.6
 53966 111.83  35.98   817    2.1
 53967 111.20  35.33   468    0.9
 53970 112.20  35.70   887    7.0
 53972 112.90  35.05   117    7.9
 53973 112.95  35.77   837    4.9
 53974 114.23  35.61    70    3.0
 53976 112.87  35.50   752    4.3
 53978 112.63  35.08   140    9.8
 53979 113.08  35.15   120    8.0
 53980 114.80  36.55    50    0.1
 53981 113.27  35.78  1311    3.6
 53982 113.27  35.23   112    7.0
 53983 114.42  35.03    69    6.0
 53984 113.47  35.23    82    9.0
 53985 113.82  35.50   140    2.9
 53987 113.36  35.11    94   11.6
 53988 113.67  35.27    77    7.4
 53989 113.98  35.08    75    8.4
 53991 114.33  35.92    93    2.1
 53992 114.52  35.65    58    5.4
 53993 114.92  35.93    51    2.4
 53994 114.07  35.38    70    4.4
 53995 114.50  35.55    62   10.5
 53996 114.65  36.45    57    2.5
 53997 114.18  35.15    71    8.4
 53998 114.65  35.20    61    7.9
 54024 119.30  44.45   710    0.1
 54093 130.55  44.93   266    2.9
 54113 118.65  43.53   621    3.3
 54117 117.53  43.25  1003    7.7
 54122 120.03  43.86   428   16.7
 54204 115.00  42.30  1346   0.01
 54205 116.00  42.23  1315    1.0
 54318 117.73  41.32   561   0.01
 54408 115.22  40.38   529    0.2
 54412 116.63  40.73   331   0.01
 54420 117.33  40.93   529    0.1
 54421 117.12  40.65   293    0.3
 54425 117.47  40.40   633    0.1
 54428 117.40  40.03    15   0.01
 54430 118.21  40.78   330   0.01
 54615 116.85  38.58     8   0.01
 54619 116.92  38.92     5    3.3
 54640 114.87  36.92    36    0.1
 54706 115.67  37.08    31   0.01
 54732 118.52  37.87     5    0.8
 54804 115.18  36.30    45    0.8
 54806 115.97  36.42    33   0.01
 54807 115.77  36.15    41    1.6
 54809 115.28  36.55    41   0.01
 54816 116.80  36.52    98   0.01
 54817 115.87  35.98    42    1.0
 54818 116.42  36.25    79   0.01
 54819 116.80  36.18   113    0.1
 54820 115.17  36.82    36    0.1
 54824 117.95  36.63    95   0.01
 54825 117.85  36.52   189    0.3
 54829 117.87  36.77    85   0.01
 54831 118.50  36.65   102   0.01
 54833 118.08  36.97    15   0.01
 54900 115.02  35.70    53    6.6
 54901 115.17  36.08    47    4.3
 54902 115.12  35.90    49    3.0
 54903 115.48  35.85    45    1.8
 54904 115.52  35.58    50    2.8
 54905 115.93  35.58    46    1.3
 54906 115.42  35.25    49    4.6
 54907 116.65  34.98    34    0.5
 54908 115.10  35.27    57    4.5
 54910 116.05  35.82    40    1.1
 54911 116.40  35.93    44    0.2
 54912 116.50  35.77    41    0.5
 54913 116.82  35.75    62    0.1
 54914 116.08  35.42    40    0.9
 54915 116.60  35.43    33    0.8
 54917 116.33  35.13    35    1.9
 54918 116.97  35.60    62    0.1
 54919 116.98  35.38    88    0.6
 54920 117.28  35.65   110   0.01
 54921 116.33  35.42    38    0.7
 54922 117.78  35.88   224   0.01
 54923 117.93  35.72   202   0.01
 54925 117.63  35.52   167    0.7
 54927 117.20  35.10    74   0.01
 54938 118.40  35.05    65    0.5
 54939 118.82  35.17   113    0.4
 56016  95.62  33.85  4179    2.9
 56034  97.13  33.80  4415    0.4
 56071 102.50  34.59  3190   0.01
 56082 103.50  34.58  2540   0.01
 56095 104.38  34.03  1753    0.1
 56097 104.25  33.27  1440    7.6
 56147  98.83  31.22  3260   0.01
 56168 102.07  31.48  2168    0.2
 56171 101.70  32.90  3275    6.7
 56180 103.85  31.68  1590    4.5
 56181 103.70  30.68   541   0.01
 56183 103.62  31.50  1370    2.1
 56184 103.17  31.43  1896    9.3
 56185 102.98  32.08  2400   10.6
 56186 104.20  31.33   589   0.01
 56189 103.93  30.98   581   0.01
 56192 104.67  32.95  1014    1.3
 56193 104.52  32.42   893    2.9
 56198 104.50  31.32   525    0.2
 56272 103.88  30.82   558   0.01
 56273 102.82  30.39  1022    5.7
 56278 102.77  30.07   755    1.0
 56279 102.93  30.15   682    1.6
 56280 103.12  30.08   691   0.01
 56284 103.43  30.45   518    0.9
 56285 103.52  30.60   523    0.2
 56297 104.15  30.02   436   0.01
 56342  98.60  29.69  3870    0.2
 56373 102.85  29.78   763   0.01
 56376 102.63  29.33  1098    0.2
 56378 102.35  29.23   890    4.9
 56389 103.95  29.20   387    0.1
 56394 104.43  29.45   384    0.1
 56585 103.56  27.19  1952   0.01
 56839  98.82  23.77   995   0.01
 56841  98.68  24.60  1528    0.2
 56842  99.18  24.73  1471   0.01
 56844  98.58  24.43   913   0.01
 56849  99.23  24.03  1606   0.01
 56869 101.97  24.07  1497    2.4
 56870 102.18  24.66  1600    0.3
 56889 104.17  24.05  1518   0.01
 56898 102.41  24.18  1600    5.8
 56944  99.27  23.15  1278    0.1
 56948  99.60  22.63  1155    1.2
 56949  99.60  22.32   945    0.5
 56952 100.70  23.50   913   0.01
 56958 100.47  21.96  1222    0.7
 56970 102.48  23.70  1419    0.9
 56975 102.43  23.37   974    2.8
 56976 102.85  23.22   312   0.01
 56978 102.42  23.00  1642   0.01
 56982 103.29  23.70  1117    4.4
 56984 103.15  23.38  1720    1.7
 56987 103.23  22.78  1260    0.8
 56989 103.95  22.50   137    0.2
 56994 104.28  23.33  1293    0.2
 56996 104.70  23.13  1093   0.01
 57001 105.33  34.75  1271   0.01
 57003 106.83  34.90   924    0.4
 57004 104.88  34.73  1495   0.01
 57006 105.75  34.58  1141   0.01
 57007 105.18  34.18  1404   0.01
 57011 106.15  34.75  1378    0.1
 57012 106.20  34.98  1664    2.2
 57016 107.13  34.35   612    0.8
 57020 107.40  34.37   563    0.2
 57021 107.13  34.65   751    0.6
 57022 107.78  34.68  1026    0.8
 57023 108.11  35.02   919    0.9
 57024 107.65  34.45   669    0.7
 57026 107.88  34.37   585    2.0
 57027 107.73  34.27   517    1.3
 57029 108.48  34.50   543    2.3
 57031 108.55  34.82  1012    2.7
 57032 108.20  34.13   436    1.5
 57033 108.82  34.55   428    4.6
 57035 108.23  34.55   636    4.2
 57038 108.45  34.28   410    3.4
 57039 108.88  34.08   445    9.2
 57040 109.08  34.52   377    3.3
 57041 108.92  34.63   424    4.0
 57042 109.18  34.78   470    4.9
 57043 109.97  34.80   351    4.5
 57044 109.23  34.40   424    5.9
 57045 109.48  34.52   349    3.9
 57047 109.32  34.17   540    8.6
 57053 110.72  34.70   505    1.6
 57054 110.23  34.55   556    2.0
 57055 110.13  34.59   342    1.1
 57056 110.86  34.54   484    0.9
 57057 110.15  34.10   963    1.8
 57060 111.23  35.17   402    5.8
 57061 111.20  34.83   410    3.5
 57063 111.77  34.77   523    3.0
 57065 112.13  34.55   317    2.0
 57066 111.67  34.40   408    0.3
 57070 112.12  34.73   364    1.8
 57072 112.75  34.92   127    9.5
 57074 112.40  34.42   252    2.7
 57075 112.87  34.17   203    0.5
 57076 112.78  34.73   189    3.9
 57078 112.47  34.15   336    1.0
 57079 113.03  34.95   106    9.4
 57080 112.97  34.73   165    5.9
 57081 113.43  34.80   140    8.4
 57082 113.02  34.47   427    0.3
 57084 113.05  34.49  1178    2.7
 57085 113.33  34.53   259    2.3
 57086 113.72  34.38   116    2.4
 57087 113.73  34.27   104    2.8
 57088 113.50  34.19   146   0.01
 57090 113.97  34.72    78    4.4
 57093 114.82  34.85    73    4.8
 57094 114.22  34.40    67    8.0
 57095 114.15  34.12    61   12.6
 57096 114.78  34.53    59    4.4
 57098 114.40  34.08    58   11.2
 57099 114.85  34.07    52   12.3
 57102 105.72  33.75   970    0.1
 57105 105.60  33.33  1221   0.01
 57119 106.70  33.17   548    4.9
 57123 108.07  34.28   506    2.3
 57126 107.55  33.22   468    5.6
 57128 107.33  33.17   486    8.8
 57129 107.72  32.98   446    1.6
 57132 108.58  34.13   411    4.9
 57137 108.32  33.32   802   20.6
 57140 109.12  33.67   818   17.0
 57153 110.33  33.70   639    0.8
 57155 109.87  33.55   660    5.3
 57162 112.07  34.13   440    0.9
 57169 111.87  33.05   159    0.1
 57173 112.88  33.75   145    0.1
 57175 112.23  33.05   191    0.1
 57176 112.42  33.48   231    0.7
 57177 113.53  33.33    89    1.5
 57179 113.00  33.28   160    0.9
 57180 113.20  33.98   117    0.1
 57182 113.52  33.85    80    7.2
 57183 113.92  33.80    60    5.7
 57184 113.30  33.63    97    1.9
 57185 113.58  33.45    91    1.9
 57186 114.05  33.60    58    5.1
 57187 112.93  33.07   118    0.7
 57188 114.03  33.37    55    3.0
 57189 113.95  33.13    64    2.0
 57190 114.40  33.75    50   11.8
 57191 114.47  34.51    64    5.6
 57192 114.85  33.73    45   14.7
 57194 114.27  33.28    59    1.6
 57195 114.62  33.62    46    6.0
 57196 114.87  33.47    42   12.2
 57197 114.35  32.97    50    5.8
 57198 114.57  33.50    44   13.6
 57204 105.22  32.57   782    0.1
 57208 105.52  32.28   544    0.1
 57213 106.93  33.00   536    5.4
 57216 106.83  32.35   579    8.6
 57217 106.28  32.23   485    3.0
 57231 108.53  32.53   503    1.7
 57233 108.50  32.90   413   11.2
 57242 109.37  32.85   285    1.7
 57247 108.90  32.32   438    0.5
 57248 109.33  32.40   431    0.1
 57249 109.68  32.32   448    0.5
 57253 110.82  32.85   201    2.1
 57254 110.12  32.82   322    0.1
 57257 110.23  32.23   307    0.3
 57260 111.52  32.57   133    0.7
 57261 111.52  33.12   233    0.6
 57268 111.62  32.27   120    0.1
 57271 112.38  32.52    87   0.01
 57273 112.85  32.68   109   0.01
 57274 112.12  32.70   107    0.1
 57281 113.30  32.70   142    5.6
 57292 114.63  32.97    44    3.8
 57293 114.98  32.73    38    2.1
 57294 114.02  32.83    83   12.6
 57295 114.35  32.62    78    0.2
 57296 114.73  32.35    48    5.5
 57298 114.55  32.22    55    6.1
 57299 114.90  32.02    49   18.8
 57303 105.92  31.73   459    0.2
 57304 105.17  31.67   516   0.01
 57307 105.08  31.10   404    0.1
 57314 106.07  31.35   405    0.4
 57315 106.40  31.53   655    6.6
 57317 106.42  31.03   324    0.3
 57318 106.55  31.07   338    0.9
 57320 107.22  31.93   482    2.1
 57324 107.08  31.58   364    0.1
 57326 107.72  31.37   389   34.3
 57329 107.85  31.10   467   25.0
 57338 108.42  31.18   216   22.8
 57339 108.68  30.95   297    3.4
 57345 109.62  31.40   337   0.01
 57361 111.27  31.88   327    0.8
 57363 111.83  31.80   151    0.1
 57368 111.63  31.05   141    5.3
 57377 112.22  31.00   191    3.0
 57385 113.82  31.62    93   19.6
 57387 113.13  31.00    84   40.6
 57388 113.71  31.27    53    2.3
 57390 114.07  31.80   733   30.5
 57407 105.03  30.28   462    1.4
 57408 105.35  30.12   338   0.01
 57409 105.80  30.18   297    0.6
 57413 106.97  30.85   295   12.6
 57414 106.45  30.52   403    0.3
 57415 106.63  30.53   394    0.2
 57417 106.28  30.35   315    0.2
 57420 107.19  30.75   418    0.1
 57431 108.35  30.83   257    0.7
 57465 111.45  30.38    74    3.3
 57466 111.75  30.43    50    0.5
 57469 111.77  30.18    69    5.0
 57496 114.87  30.37    31    0.3
 57499 114.88  30.07    40    9.6
 57514 106.22  29.58   331    0.2
 57558 110.47  29.13   183    3.4
 57564 111.13  29.43   103    5.2
 57565 111.73  29.67    38    1.5
 57566 111.65  29.45    51    5.3
 57636 108.50  28.57   334    0.9
 57643 109.83  29.00   268   0.01
 57657 110.21  28.23   186    0.4
 57658 110.20  28.02   152   13.3
 57661 111.48  28.92    48    7.8
 57694 114.38  28.53   259   11.5
 57698 114.45  28.12    98   0.01
 57720 107.17  27.88   889   0.01
 57732 108.40  28.02   456    0.1
 57737 108.12  27.03   547    2.2
 57740 109.60  27.95   349   0.01
 57754 109.84  27.21   252    5.8
 57773 112.83  27.88    63    7.0
 57781 113.50  27.65    74   0.01
 57786 113.85  27.63   117   0.01
 57794 114.02  27.63   177   0.01
 57798 114.60  27.40    85    2.5
 57808 105.75  26.32  1274    0.2
 57809 105.75  26.07  1251   0.01
 57813 106.47  26.57  1261   0.01
 57814 106.27  26.42  1298    0.3
 57822 107.90  26.90   835   0.01
 57824 107.23  26.58  1001   0.01
 57829 107.80  26.20   963   0.01
 57837 108.07  26.40   839    0.1
 57846 110.15  26.58   310    0.2
 57859 110.63  26.03   408   0.01
 57875 112.68  26.75   137    0.1
 57883 114.28  26.75   253   0.01
 57891 114.25  26.93   153    0.7
 57895 114.78  26.47   101   0.01
 57900 105.22  25.83  1552   0.01
 57905 105.61  25.40  1184    1.2
 57908 105.48  25.12  1394   0.01
 57909 105.82  24.98   584   11.2
 57921 107.34  25.85   821   0.01
 57927 107.18  24.97   287    0.7
 57936 108.91  25.76   258   0.01
 57941 109.60  25.78   197    0.1
 57958 110.32  25.08   151    0.1
 57960 111.07  25.93   195   0.01
 57973 112.72  25.75   329   0.01
 57989 113.77  25.07   112    7.5
 57990 114.30  25.70   246    1.8
 57991 114.55  25.80   140   0.01
 57992 114.75  25.67   127    0.7
 57994 114.35  25.40   215    0.2
 57995 114.93  25.40   164    1.3
 58001 115.10  34.43    56    5.3
 58002 115.58  34.85    49    1.0
 58003 115.88  34.95    45    0.5
 58004 115.15  34.65    60    3.1
 58006 115.88  34.38    46    3.2
 58007 115.30  34.07    47    2.8
 58008 115.33  34.47    54    5.3
 58011 116.07  34.80    46    2.4
 58012 116.66  34.67    42    2.7
 58013 116.91  34.75    36    2.9
 58016 116.97  34.18    34    5.9
 58017 116.13  34.25    41    0.7
 58020 117.13  34.80    35    1.0
 58021 117.28  34.78    80    0.7
 58022 117.57  34.75    48    1.1
 58024 117.58  34.87    77   0.01
 58025 117.73  34.57    27    2.3
 58030 118.02  34.88    44    0.2
 58032 118.65  34.95    90    0.6
 58035 118.35  34.33    29    2.3
 58036 118.71  34.54    32    1.4
 58041 119.43  34.78    26    1.6
 58044 119.23  34.55     4    1.0
 58045 119.60  34.20     4    6.7
 58048 119.35  34.12     4    7.4
 58049 119.80  34.02     4   11.9
 58100 115.17  33.65    41    8.8
 58101 115.48  33.87    41   16.0
 58104 115.07  33.40    41   13.3
 58107 115.28  33.02    35    0.8
 58108 115.33  33.23    34   22.9
 58109 115.65  33.13    31   19.5
 58112 116.45  30.73   968    1.9
 58113 116.75  33.93    31   15.6
 58114 116.18  33.48    31   19.4
 58116 116.83  33.98    31    7.5
 58117 116.20  33.13    27   10.8
 58125 117.52  33.58    22   16.3
 58126 117.87  33.47    19   20.2
 58127 117.20  32.98    21    2.0
 58128 117.35  33.33    21   14.5
 58129 117.83  33.15    14    3.1
 58131 118.22  33.97    25   23.6
 58132 118.68  33.72    14   35.4
 58139 118.91  33.31    10   12.5
 58140 119.30  33.77     9   16.1
 58145 119.15  33.50     7    8.8
 58146 119.77  33.47     3    6.0
 58147 118.97  32.98    24    8.0
 58148 119.34  33.27     3   21.8
 58154 120.20  33.43     2    9.2
 58202 115.57  32.67    31    0.3
 58205 115.43  32.47    34    2.4
 58207 115.05  32.17    42   27.1
 58210 116.23  32.65    25    7.7
 58212 116.77  32.72    23    3.4
 58214 116.30  32.37    27    0.3
 58222 117.55  32.85    24    0.2
 58223 117.98  32.80    31    0.7
 58224 117.02  32.65    32    7.2
 58235 118.85  32.37    10   0.01
 58240 119.02  32.68    21    3.2
 58243 119.82  32.95     3   19.9
 58245 119.42  32.41     9   0.01
 58246 119.99  32.56     2    1.2
 58247 119.80  32.27     3   0.01
 58250 120.16  32.51     6    1.2
 58254 120.45  32.52     5    2.1
 58257 120.26  31.99     4    2.2
 58264 121.18  32.33     3    5.3
 58268 121.08  32.10     4    0.3
 58269 121.65  31.78     3    0.1
 58301 115.38  31.82    92    0.1
 58320 117.13  31.73    21    0.1
 58323 117.47  31.88    25    0.1
 58331 118.37  31.73    22    1.9
 58339 118.90  31.33    15    2.3
 58342 119.55  31.72     6   11.8
 58346 119.81  31.34    16    8.6
 58349 120.56  31.41     8    4.8
 58351 120.30  31.90     4    4.7
 58352 120.77  31.65     4    0.1
 58353 120.57  31.86    11    1.6
 58359 120.62  31.13     4    8.6
 58360 121.20  31.92     3    0.4
 58361 121.37  31.10     5    0.1
 58365 121.25  31.37     4   0.01
 58366 121.49  31.67     4    0.2
 58367 121.43  31.20     4   0.01
 58369 121.78  31.05     5   0.01
 58370 121.53  31.23     4   0.01
 58377 121.11  31.51     5   0.01
 58401 115.40  30.75   123    3.9
 58404 115.22  30.47    61    6.7
 58408 115.43  30.23    35    2.5
 58441 119.42  30.87    43   0.01
 58443 119.89  31.02    25   0.01
 58451 120.93  30.83     2   0.01
 58452 120.77  30.73     4   0.01
 58454 119.98  30.53   102    0.9
 58455 120.65  30.52     8    2.1
 58456 120.52  30.63     6    2.1
 58458 120.90  30.54     4   12.9
 58460 121.35  30.73     5   0.01
 58461 121.12  31.13     4    0.4
 58462 121.23  31.03     4    0.4
 58501 115.63  29.92    23   0.01
 58524 117.22  29.37    87    2.7
 58534 118.18  29.78   170    0.1
 58537 118.40  29.13   153   18.8
 58544 119.27  29.48    88    1.0
 58547 119.18  29.03    66   0.01
 58548 119.47  29.22    50   0.01
 58563 121.83  29.88     5    0.7
 58612 116.68  28.70    21    4.3
 58614 116.27  28.38    34    0.1
 58624 117.43  28.40    70   0.01
 58625 117.60  28.42    79    0.3
 58631 118.50  28.90   137    5.6
 58632 118.60  28.72   126    1.5
 58635 118.20  28.43    95    0.3
 58647 119.13  28.08   222    4.3
 58657 120.28  28.15    57    1.2
 58658 120.68  28.15    34   14.6
 58719 116.93  27.30   131    0.4
 58724 117.32  27.53   268    0.2
 58746 119.70  27.55   538    0.3
 58748 119.65  27.10    50   0.01
 58749 119.88  27.23   684   0.01
 58750 120.08  27.78   105    4.6
 58814 116.35  26.35   247    5.0
 58819 116.82  26.18   336   0.01
 58821 117.47  26.73   173    0.6
 58823 117.80  26.80   175    0.2
 58824 117.15  26.40   357    1.6
 58826 117.80  26.40   120   17.7
 58836 118.73  26.58   361    0.6
 58839 118.85  26.23    40   10.6
 58848 119.55  26.20    13    1.4
 58903 116.03  25.90   210    9.0
 58905 115.42  25.97   133    0.8
 58906 115.80  25.60   167   0.01
 58907 115.40  25.15   305    0.2
 58912 116.73  25.72   404    0.4
 58917 116.10  25.08   307    0.1
 58923 117.83  25.70   400    0.2
 58928 117.53  25.02   166    3.2
 58929 118.15  25.07    68   29.1
 58934 118.27  25.33   183   18.9
 58935 118.23  25.48   521    1.5
 58938 118.98  25.23    23   10.3
 58940 119.33  26.08    25    0.2
 58941 119.50  25.97    25    3.9
 58942 119.38  25.72    39   20.5
 58946 119.00  25.45    81    3.7
 59001 105.33  24.78   672    0.5
 59012 106.55  24.78   972    5.6
 59017 106.27  24.27   278    0.2
 59022 107.55  24.98   749   0.01
 59034 108.67  24.48   150   0.01
 59038 108.65  24.07   138    0.7
 59047 109.33  24.25   100    0.2
 59051 110.50  24.77   136    0.1
 59052 110.82  24.83   169    1.3
 59053 110.64  24.65   157    1.8
 59055 110.40  24.50   165    0.4
 59057 110.18  24.13   830    0.5
 59059 110.80  24.18   105   30.0
 59063 111.45  25.18   265    0.1
 59064 111.32  24.55   136    3.8
 59071 112.28  24.73   174    1.0
 59074 112.15  24.57   300    2.5
 59090 114.07  24.95   103    0.1
 59093 115.03  24.78   253    0.3
 59099 114.93  24.45   173   0.01
 59106 115.90  24.58   152    0.8
 59109 115.73  24.15   123    0.9
 59114 116.17  24.65   135   18.5
 59122 117.75  24.62    43   14.8
 59124 117.38  24.52    53    1.8
 59125 117.30  24.38   108    1.9
 59127 117.83  24.43    32    1.1
 59129 117.60  24.13    53    0.1
 59130 118.15  24.73    30    5.8
 59131 118.37  24.97    45    0.5
 59137 118.57  24.82    56    4.2
 59205 105.63  23.65   685    2.0
 59213 106.92  23.73   110   16.4
 59215 106.63  23.33   680    0.4
 59224 107.12  23.60   111    4.2
 59227 107.13  23.12   454    0.3
 59229 107.70  23.17   125    5.8
 59230 108.17  23.72   168    3.1
 59235 108.62  23.43   115    8.8
 59237 108.28  23.17   111   0.01
 59238 108.80  23.22   122    0.1
 59246 109.67  23.60    70    0.6
 59249 109.62  23.12    51    3.5
 59255 110.38  23.55    32    3.9
 59256 110.90  23.37   105    4.0
 59269 111.78  23.17    47    2.7
 59270 112.18  23.92    84    0.3
 59279 112.87  23.18    24    1.2
 59288 113.02  23.15    29   0.01
 59310 116.18  23.77    45    0.2
 59312 116.70  23.67    60    1.6
 59313 116.98  23.68    44    0.1
 59314 116.13  23.30    29    6.6
 59315 116.40  23.59    43    9.7
 59318 116.58  23.27     5   16.7
 59319 116.83  23.43     4    0.6
 59320 117.13  23.75    37    0.9
 59322 117.37  23.98    22    2.6
 59419 106.73  22.07   348    3.5
 59421 107.20  22.83   255   0.01
 59425 107.35  22.40   107    4.9
 59426 107.92  22.62   146    3.0
 59427 107.07  22.12   163    1.7
 59429 108.01  22.18   216    6.7
 59432 108.40  22.80   194    1.5
 59435 108.48  22.77    74    0.1
 59441 109.25  22.70    78    0.6
 59448 109.55  22.27    69   10.4
 59449 109.98  22.30    85   10.8
 59451 110.35  22.70    98    0.3
 59454 111.00  22.95   202    7.4
 59470 112.20  22.70    57   0.01
 59471 112.05  22.93   101    0.1
 59476 113.03  22.53    36    1.1
 59477 112.23  22.27    68   11.8
 59480 113.25  22.85    21    1.0
 59481 113.32  22.94    12    2.3
 59492 114.73  22.97    47    0.2
 59500 115.32  22.97     6    5.4
 59502 115.65  22.95     5    0.1
