diamond  3 2015年06月10日08点6小时降雨量                     
  15  06  10  08    -1 3 10 25 50 1 0
 39 122.7  37.3 122.5  36.7 120.8  36.2 119.3  35.0 120.4  34.3
 121.1  32.7 122.3  30.9 122.5  30.1 121.5  28.0 119.8  25.0
 116.1  22.6 111.0  21.0 111.0  18.6 109.6  18.1 108.3  18.5
 108.9  19.9 109.3  21.0 106.4  21.6 104.1  22.2 101.6  20.8
  98.7  22.0  97.1  24.1  97.7  27.0  91.7  26.6  85.7  27.7
  78.9  30.6  73.3  37.1  74.1  40.7  87.6  49.8  98.5  43.9
 110.4  44.3 122.0  54.7 135.7  48.3 131.5  42.2 125.2  39.4
 121.3  38.5 121.2  40.3 118.5  38.6 120.8  38.1
 1     335
 50775 130.20  47.34   182    0.1
 50778 132.53  47.67    57    0.1
 50779 134.28  48.37    40    0.1
 50971 131.02  45.77   223    0.1
 51329  80.85  44.05   640    0.1
 51378  89.17  44.00   742    0.5
 51430  81.15  43.83   602    0.1
 51436  83.30  43.45   928    0.2
 51438  81.77  43.18  1210    2.2
 51465  87.10  43.48  1871    1.0
 51468  86.83  43.10  3539    0.3
 51482  90.28  43.83  1271   25.7
 51627  79.23  41.22  1395    6.2
 52881 103.18  36.98  2484    0.1
 52885 103.25  36.75  2118    1.2
 52896 104.15  36.55  1738    0.5
 53289 113.83  42.23  1322    7.9
 53343 109.97  41.77  1612    0.3
 53348 109.13  41.02  1078    0.5
 53367 111.23  41.32  1602    0.1
 53378 112.62  41.28  1737    0.7
 53384 113.18  41.45  1423    1.8
 53385 113.54  41.60  1420    3.2
 53392 114.60  41.85  1422    2.1
 53472 112.57  40.87  1451    0.1
 53475 112.47  40.52  1268    0.5
 53499 114.73  40.77   755    0.1
 53575 112.20  39.10  1525    0.5
 53579 112.90  39.02   859    0.4
 53582 113.67  39.72  1079    0.1
 53585 113.27  39.17   933    1.1
 53596 115.13  38.85    52    0.3
 53599 114.68  39.37   884    0.7
 53662 111.58  38.72  1396    0.3
 53674 112.70  38.40   869    1.2
 53676 112.98  38.50   759    2.1
 53677 112.48  37.93   806    0.3
 53678 112.65  38.07   897    0.5
 53679 112.54  37.75   776    0.7
 53681 113.37  38.83  1096    3.2
 53682 114.68  38.63   104    0.2
 53685 113.42  38.07   953    0.1
 53688 114.55  38.42   100    0.1
 53690 114.18  38.85   281    0.5
 53692 114.98  38.73    66    0.3
 53696 115.02  38.55    41    0.2
 53753 110.88  37.43   860    0.5
 53756 110.72  37.52   744    0.1
 53757 110.12  37.12   938    0.4
 53760 111.23  37.88  1212    0.3
 53763 112.17  37.92  1006    0.5
 53767 111.17  37.33  1213    0.1
 53771 112.05  37.42   750    0.1
 53774 112.37  37.58   759    0.2
 53789 114.63  37.88    52    0.5
 53860 111.17  36.98  1406    0.1
 53862 111.80  36.85   811    0.1
 53906 105.71  35.52  1656    0.2
 53914 106.12  35.62  2078    0.3
 53927 106.62  35.20  1477    0.1
 53937 107.92  35.52   979    0.1
 54113 118.65  43.53   621    2.9
 54117 117.53  43.25  1003    0.6
 54122 120.03  43.86   428    0.5
 54132 121.07  42.40   400    3.0
 54204 115.00  42.30  1346    4.0
 54205 116.00  42.23  1315    1.6
 54214 118.42  42.58   960    0.2
 54223 120.65  42.85   362   0.01
 54225 119.94  42.29   579    2.0
 54231 122.35  42.97   248    1.8
 54234 121.75  42.73   297    2.8
 54244 123.33  42.75   118    5.8
 54245 123.40  42.50    97    5.8
 54248 123.53  42.03    61    4.2
 54249 123.87  42.30    85    3.5
 54252 124.75  42.73   196    0.7
 54279 126.58  42.05   544    0.2
 54290 129.40  42.77   241    0.1
 54305 115.27  41.88  1468    6.2
 54313 118.70  41.93   733    1.6
 54316 118.75  41.52   679    0.8
 54318 117.73  41.32   561    2.4
 54319 118.67  41.00   502    1.3
 54320 119.30  41.60   544    1.2
 54321 119.63  41.87   661    1.5
 54323 120.78  41.82   253    5.8
 54325 120.35  41.18   183    1.4
 54328 119.72  41.08   296    1.5
 54330 121.33  41.13    45    0.1
 54331 121.75  41.60   113    4.6
 54332 122.72  41.52    12    1.1
 54336 122.42  41.42     8    0.2
 54340 123.32  41.67    35    1.6
 54345 123.07  41.20    30    2.3
 54347 123.17  41.23    24    1.5
 54348 123.37  41.41    45    1.2
 54362 125.73  41.67   380    0.7
 54398 116.62  40.13    28    0.1
 54399 116.28  39.98    45    0.1
 54410 116.13  40.60  1224    0.1
 54412 116.63  40.73   331    0.1
 54419 116.63  40.37    75    0.1
 54420 117.33  40.93   529    0.9
 54421 117.12  40.65   293    0.3
 54424 117.12  40.17    32    3.0
 54425 117.47  40.40   633    2.6
 54428 117.40  40.03    15    0.8
 54430 118.21  40.78   330    0.7
 54431 116.63  39.92    43    2.4
 54432 118.47  40.61   369    0.1
 54433 116.50  39.95    35    0.5
 54434 118.33  40.17   131    0.5
 54453 120.96  40.87    38    0.1
 54483 123.90  40.88   233    1.7
 54494 124.07  40.47    72    0.8
 54501 115.68  39.97   440    0.1
 54502 116.03  39.48    29    1.5
 54503 115.82  39.07    12    0.2
 54510 116.95  39.91    18    1.4
 54512 116.28  39.42    21    0.1
 54514 116.25  39.87    55    0.1
 54515 116.70  39.50    13    0.4
 54519 116.48  39.30    12    1.9
 54520 117.08  39.97    18    1.1
 54521 116.98  39.77    13    1.2
 54523 117.02  39.38     4    0.3
 54594 116.35  39.72    37    0.4
 54597 115.74  39.73   407    0.1
 54605 115.93  38.93     4    0.1
 54853 120.42  36.17    42    0.2
 54943 120.00  35.88    10    0.3
 56478 102.43  28.30  1818    0.5
 56487 103.13  28.33  1943    0.2
 56489 103.63  28.23   877    1.8
 56497 104.23  28.10   448    2.7
 56498 104.50  28.15   549    3.7
 56582 103.90  27.75  1176    5.9
 56584 103.25  27.70  1093    4.1
 56594 104.05  27.63   880    4.7
 56595 104.87  27.42  1645   12.1
 56596 105.05  27.85  1177    2.2
 56598 104.73  27.13  1535    0.4
 56641  98.87  26.90  1189    3.8
 56670 102.12  26.92  1136    0.1
 56688 103.17  26.10  1254    0.1
 56835  97.82  24.07   959   12.3
 56836  97.95  24.70   826   33.4
 56840  98.30  24.82  1012    1.1
 56944  99.27  23.15  1278    0.1
 56949  99.60  22.32   945    1.7
 56952 100.70  23.50   913    0.1
 56958 100.47  21.96  1222    0.1
 56996 104.70  23.13  1093    0.1
 57006 105.75  34.58  1141    0.1
 57054 110.23  34.55   556    0.4
 57589 113.87  29.27   146    0.1
 57605 105.82  28.03   537    1.3
 57637 108.10  28.25   629    0.7
 57714 106.23  27.47   942   38.3
 57717 106.83  27.53   974   47.5
 57719 106.97  27.07  1275    1.3
 57720 107.17  27.88   889    7.0
 57723 107.72  27.98   710    5.4
 57728 107.47  27.07  1096    0.7
 57732 108.40  28.02   456    0.7
 57734 108.23  27.57   467    4.1
 57735 108.82  27.18   404    6.3
 57736 108.85  27.70   369    0.2
 57738 108.42  27.05   516    2.6
 57740 109.60  27.95   349    0.1
 57762 111.70  27.69   165    0.2
 57763 112.00  27.68   205    0.1
 57792 114.68  27.82    93    2.7
 57794 114.02  27.63   177    0.8
 57796 114.88  27.83   189    7.1
 57809 105.75  26.07  1251    0.1
 57811 106.60  26.83  1296    0.3
 57814 106.27  26.42  1298    0.1
 57818 106.45  26.03  1140    2.0
 57859 110.63  26.03   408    0.1
 57883 114.28  26.75   253    0.1
 57915 106.77  26.63  1104   0.01
 57921 107.34  25.85   821    0.1
 57941 109.60  25.78   197    0.3
 57942 110.00  25.80   268    0.3
 57948 109.25  25.08   122    0.1
 57949 110.00  24.98   156    5.2
 57954 110.18  25.23   157   14.2
 57955 110.67  25.62   224   20.9
 57956 110.32  25.42   167    4.6
 57958 110.32  25.08   151   59.2
 57960 111.07  25.93   195    4.6
 57964 111.15  25.50   263    4.2
 57969 111.31  25.28   269    2.2
 57971 112.20  25.92   224    0.8
 57990 114.30  25.70   246    0.1
 57991 114.55  25.80   140    0.1
 57994 114.35  25.40   215    0.1
 58112 116.45  30.73   968    0.3
 58235 118.85  32.37    10    0.5
 58242 119.16  32.30    22    0.2
 58257 120.26  31.99     4    0.4
 58268 121.08  32.10     4    1.1
 58269 121.65  31.78     3    1.1
 58329 117.87  31.33     9    0.1
 58330 118.08  31.75    26    0.1
 58331 118.37  31.73    22    0.5
 58337 118.18  31.08    26    0.1
 58346 119.81  31.34    16    0.1
 58351 120.30  31.90     4    0.1
 58353 120.57  31.86    11    1.5
 58359 120.62  31.13     4    0.5
 58360 121.20  31.92     3    0.1
 58361 121.37  31.10     5   0.01
 58366 121.49  31.67     4    1.3
 58369 121.78  31.05     5    3.2
 58370 121.53  31.23     4    0.1
 58415 116.55  30.67    64    0.2
 58417 116.13  30.17    54    0.1
 58420 117.23  30.72    58    0.2
 58426 118.13  30.30   193    0.9
 58438 118.58  30.08   191    0.3
 58441 119.42  30.87    43    0.3
 58443 119.89  31.02    25    1.3
 58446 119.70  30.63    72    0.9
 58449 119.95  30.05    46   21.2
 58451 120.93  30.83     2    0.1
 58452 120.77  30.73     4    0.2
 58453 120.50  30.07     7    4.3
 58454 119.98  30.53   102    0.7
 58455 120.65  30.52     8    0.8
 58456 120.52  30.63     6    2.5
 58458 120.90  30.54     4    2.5
 58459 120.29  30.19    44   30.9
 58460 121.35  30.73     5    3.3
 58461 121.12  31.13     4    0.2
 58462 121.23  31.03     4    0.1
 58463 121.50  30.88     4    2.6
 58468 121.17  30.05     5    0.6
 58484 122.20  30.25    37    0.5
 58503 115.67  29.70    41    0.8
 58505 115.90  29.62    63    0.1
 58523 117.93  29.93   227    2.2
 58524 117.22  29.37    87    1.4
 58529 117.85  29.27   171    5.5
 58530 118.43  29.87   168    2.0
 58534 118.18  29.78   170    2.8
 58537 118.40  29.13   153    9.9
 58542 119.68  29.82    46    5.3
 58544 119.27  29.48    88    9.5
 58546 119.88  29.47   115   12.7
 58547 119.18  29.03    66   15.3
 58548 119.47  29.22    50   13.9
 58550 120.25  29.70    39   10.2
 58555 120.88  29.52   113    4.3
 58558 120.22  29.27    89    7.1
 58559 120.97  29.15   107    2.1
 58560 120.43  29.05   304    1.9
 58561 121.60  29.98     4    0.3
 58563 121.83  29.88     5    1.4
 58565 121.39  29.69    41    2.3
 58566 121.88  29.47     6    0.8
 58567 121.43  29.32    39    1.1
 58568 121.38  29.12    34    1.2
 58570 122.30  29.95    85    0.3
 58609 115.82  28.22    27    2.4
 58612 116.68  28.70    21    0.2
 58614 116.27  28.38    34    0.3
 58615 117.08  28.68    56    1.0
 58616 116.82  28.20    40   21.8
 58618 116.60  28.27    82   20.4
 58619 116.37  28.00    49    0.1
 58620 117.10  29.02    51    1.9
 58623 117.92  28.47    90   12.1
 58624 117.43  28.40    70   45.9
 58625 117.60  28.42    79   23.3
 58627 117.06  28.31    56   20.0
 58629 117.71  28.29   100   11.5
 58631 118.50  28.90   137   11.0
 58632 118.60  28.72   126    9.6
 58635 118.20  28.43    95   10.4
 58642 119.80  28.88   105    3.9
 58643 120.03  28.90   102    1.8
 58644 119.28  28.60   237    0.6
 58647 119.13  28.08   222    2.9
 58654 120.08  28.67   184    1.1
 58656 120.97  28.07    60    2.7
 58657 120.28  28.15    57    2.4
 58658 120.68  28.15    34    2.6
 58659 120.65  28.03    28    3.1
 58660 121.20  28.87     6    3.4
 58664 121.37  28.37    35    1.6
 58701 115.40  27.77    46    0.1
 58706 115.83  27.43   181    0.5
 58712 116.78  27.92   130    1.3
 58713 117.07  27.72   225    0.2
 58719 116.93  27.30   131    0.7
 58724 117.32  27.53   268    2.2
 58736 118.82  27.38   262    0.3
 58745 119.08  27.62   400    0.4
 58746 119.70  27.55   538    1.9
 58750 120.08  27.78   105    6.0
 58751 120.57  27.67   254    0.3
 58850 120.23  26.92    92    0.2
 58905 115.42  25.97   133    0.1
 58906 115.80  25.60   167    0.2
 58923 117.83  25.70   400    0.1
 59015 106.57  24.35   437    0.1
 59027 107.25  24.13   254    2.6
 59031 108.26  24.81   342    0.2
 59033 108.90  24.78   328    0.5
 59034 108.67  24.48   150    0.1
 59038 108.65  24.07   138    7.2
 59041 109.25  24.65   108    4.8
 59044 109.38  24.47    97    3.4
 59045 109.75  24.48    94    0.4
 59051 110.50  24.77   136    4.0
 59052 110.82  24.83   169    6.5
 59053 110.64  24.65   157    2.2
 59055 110.40  24.50   165    0.4
 59059 110.80  24.18   105    0.1
 59061 111.27  24.82   193    0.1
 59063 111.45  25.18   265    0.3
 59090 114.07  24.95   103    0.1
 59106 115.90  24.58   152    0.1
 59229 107.70  23.17   125    0.1
 59230 108.17  23.72   168    3.2
 59235 108.62  23.43   115    0.8
 59237 108.28  23.17   111    0.1
 59264 111.50  23.40    83    0.1
 59285 113.60  23.57    38    0.8
 59290 114.25  23.78    85    0.4
 59435 108.48  22.77    74    0.1
 59477 112.23  22.27    68    3.8
