diamond  3 2015年06月17日02点6小时降雨量                     
  15  06  17  02    -1 3 10 25 50 1 0
 39 122.7  37.3 122.5  36.7 120.8  36.2 119.3  35.0 120.4  34.3
 121.1  32.7 122.3  30.9 122.5  30.1 121.5  28.0 119.8  25.0
 116.1  22.6 111.0  21.0 111.0  18.6 109.6  18.1 108.3  18.5
 108.9  19.9 109.3  21.0 106.4  21.6 104.1  22.2 101.6  20.8
  98.7  22.0  97.1  24.1  97.7  27.0  91.7  26.6  85.7  27.7
  78.9  30.6  73.3  37.1  74.1  40.7  87.6  49.8  98.5  43.9
 110.4  44.3 122.0  54.7 135.7  48.3 131.5  42.2 125.2  39.4
 121.3  38.5 121.2  40.3 118.5  38.6 120.8  38.1
 1     340
 50431 121.52  50.78   717    0.1
 50645 124.48  48.48   195    3.3
 50646 124.85  48.48   202    2.3
 50647 123.48  48.13   236    8.0
 50659 126.25  48.03   291   14.6
 50741 123.50  47.93   185    3.8
 50750 125.30  47.90   226    4.5
 50913 118.83  45.72   865    0.4
 50924 119.65  45.55   860    6.8
 51378  89.17  44.00   742    0.1
 51434  81.53  43.97   770    0.4
 51438  81.77  43.18  1210    0.5
 51747  83.67  39.00  1099    6.0
 52515  94.87  39.52  2137    0.5
 52745  99.02  37.30  3417    0.1
 52957 100.60  35.25  3148    6.4
 52968 101.47  35.03  3662    2.5
 53272 112.63  42.75  1104    8.7
 53289 113.83  42.23  1322    0.4
 53368 111.47  41.08  1637    0.5
 53392 114.60  41.85  1422    0.6
 53397 113.98  41.10  1376    2.6
 53483 113.83  40.87  1268    6.7
 53492 114.15  40.10   937    0.1
 53972 112.90  35.05   117    2.1
 53987 113.36  35.11    94    0.5
 54204 115.00  42.30  1346    9.4
 54362 125.73  41.67   380    8.0
 54398 116.62  40.13    28    0.1
 54410 116.13  40.60  1224    0.2
 54412 116.63  40.73   331    0.1
 54419 116.63  40.37    75    0.1
 54505 116.10  39.94    98    0.2
 56016  95.62  33.85  4179    3.5
 56034  97.13  33.80  4415    2.6
 56045  99.90  33.97  4050    3.5
 56071 102.50  34.59  3190    0.2
 56084 103.23  34.07  2374    0.1
 56097 104.25  33.27  1440    0.3
 56109  93.78  31.48  3940    6.2
 56158 100.67  31.40  3250    3.3
 56168 102.07  31.48  2168    0.3
 56180 103.85  31.68  1590    2.7
 56181 103.70  30.68   541    4.6
 56183 103.62  31.50  1370    1.8
 56184 103.17  31.43  1896    0.2
 56185 102.98  32.08  2400    2.5
 56189 103.93  30.98   581    0.8
 56192 104.67  32.95  1014    0.3
 56193 104.52  32.42   893    3.0
 56197 104.17  31.15   535    0.1
 56263 101.88  30.88  1949    5.1
 56272 103.88  30.82   558    2.2
 56273 102.82  30.39  1022   11.9
 56276 103.82  30.45   467    5.8
 56278 102.77  30.07   755   14.5
 56279 102.93  30.15   682   11.8
 56280 103.12  30.08   691   12.4
 56281 103.50  30.18   510    6.2
 56284 103.43  30.45   518    7.1
 56285 103.52  30.60   523    4.9
 56286 104.26  30.61   505    8.0
 56288 103.92  30.58   494    3.5
 56289 103.87  30.20   437    3.9
 56290 104.18  30.78   514    3.1
 56291 104.28  30.93   469    0.8
 56295 104.55  30.38   448    1.1
 56296 104.43  30.85   448    1.4
 56297 104.15  30.02   436    6.3
 56298 104.60  30.13   417    0.7
 56317  94.22  29.22  2950    0.5
 56371 102.23  29.92  1321   13.4
 56373 102.85  29.78   763   13.2
 56376 102.63  29.33  1098    0.1
 56378 102.35  29.23   890    0.2
 56380 103.35  29.88   571   13.7
 56381 103.50  30.07   630    8.5
 56382 103.55  29.75   475   16.8
 56383 103.87  29.83   455   20.9
 56384 103.48  29.60   446    3.4
 56387 103.27  29.23   642    1.8
 56390 104.07  29.67   404    4.1
 56391 103.82  30.08   415    7.4
 56393 104.85  29.77   369    0.6
 56394 104.43  29.45   384    0.3
 56395 104.67  29.52   351    0.4
 56396 104.77  29.35   352    2.2
 56399 104.98  29.18   306    0.1
 56473 102.77  28.95  1060    6.2
 56474 102.17  28.55  1774    0.3
 56480 103.53  28.82   564    1.1
 56496 105.23  28.32   358    0.2
 56596 105.05  27.85  1177    0.4
 56641  98.87  26.90  1189    2.1
 56697 104.08  26.22  1984    0.4
 56839  98.82  23.77   995    3.3
 56841  98.68  24.60  1528    4.6
 56843  99.62  24.83  1650    2.8
 56844  98.58  24.43   913    2.4
 56851 100.53  25.04  1377    0.1
 56869 101.97  24.07  1497    0.9
 56944  99.27  23.15  1278    0.1
 56948  99.60  22.63  1155    0.1
 56952 100.70  23.50   913   26.2
 56984 103.15  23.38  1720    0.1
 56994 104.28  23.33  1293    0.5
 56995 104.42  23.03  1332    0.4
 57047 109.32  34.17   540    0.1
 57053 110.72  34.70   505    0.2
 57054 110.23  34.55   556    0.6
 57055 110.13  34.59   342    0.4
 57056 110.86  34.54   484    0.3
 57057 110.15  34.10   963    1.4
 57061 111.20  34.83   410    0.6
 57063 111.77  34.77   523    0.6
 57065 112.13  34.55   317    0.5
 57066 111.67  34.40   408    0.3
 57070 112.12  34.73   364    0.1
 57072 112.75  34.92   127    0.5
 57074 112.40  34.42   252    0.5
 57076 112.78  34.73   189    0.7
 57078 112.47  34.15   336    0.1
 57079 113.03  34.95   106    0.5
 57080 112.97  34.73   165    0.8
 57081 113.43  34.80   140    0.5
 57082 113.02  34.47   427    0.1
 57084 113.05  34.49  1178    0.4
 57085 113.33  34.53   259    0.2
 57086 113.72  34.38   116    0.2
 57087 113.73  34.27   104    0.2
 57088 113.50  34.19   146    0.2
 57090 113.97  34.72    78    0.1
 57094 114.22  34.40    67    0.4
 57095 114.15  34.12    61    1.8
 57098 114.40  34.08    58    2.1
 57099 114.85  34.07    52    1.6
 57140 109.12  33.67   818    0.3
 57153 110.33  33.70   639    2.4
 57155 109.87  33.55   660    1.9
 57162 112.07  34.13   440    0.5
 57169 111.87  33.05   159    0.3
 57173 112.88  33.75   145    0.6
 57176 112.42  33.48   231    0.3
 57177 113.53  33.33    89    1.9
 57179 113.00  33.28   160    0.9
 57180 113.20  33.98   117    0.5
 57182 113.52  33.85    80    3.1
 57183 113.92  33.80    60    3.2
 57184 113.30  33.63    97    1.1
 57185 113.58  33.45    91    1.5
 57186 114.05  33.60    58    2.7
 57187 112.93  33.07   118    0.1
 57188 114.03  33.37    55    2.9
 57189 113.95  33.13    64    3.2
 57190 114.40  33.75    50    1.5
 57191 114.47  34.51    64    0.1
 57192 114.85  33.73    45    5.6
 57194 114.27  33.28    59    4.9
 57195 114.62  33.62    46    4.2
 57196 114.87  33.47    42    3.4
 57197 114.35  32.97    50    6.3
 57198 114.57  33.50    44    3.6
 57204 105.22  32.57   782    0.1
 57253 110.82  32.85   201    0.4
 57254 110.12  32.82   322    0.7
 57257 110.23  32.23   307    0.1
 57260 111.52  32.57   133    1.1
 57268 111.62  32.27   120    1.1
 57273 112.85  32.68   109    0.2
 57274 112.12  32.70   107    0.1
 57281 113.30  32.70   142    0.4
 57292 114.63  32.97    44    3.1
 57293 114.98  32.73    38    7.5
 57294 114.02  32.83    83    2.5
 57295 114.35  32.62    78    4.1
 57296 114.73  32.35    48   13.1
 57298 114.55  32.22    55   30.6
 57299 114.90  32.02    49   48.4
 57361 111.27  31.88   327    2.0
 57362 110.67  31.75   935    0.5
 57363 111.83  31.80   151    3.9
 57368 111.63  31.05   141   11.1
 57370 112.22  31.73    67   12.7
 57377 112.22  31.00   191    4.6
 57385 113.82  31.62    93   84.5
 57386 114.00  31.25    51   53.2
 57387 113.13  31.00    84   13.0
 57388 113.71  31.27    53   47.0
 57389 113.75  31.03    32   14.5
 57390 114.07  31.80   733   15.2
 57396 114.85  31.63   128   45.8
 57398 114.62  31.28    74  110.9
 57408 105.35  30.12   338    0.4
 57438 108.12  29.98   632    8.8
 57460 111.78  30.82    91    1.5
 57462 111.08  30.87   139   12.1
 57464 111.18  30.47   142    0.2
 57465 111.45  30.38    74    1.5
 57466 111.75  30.43    50    5.6
 57469 111.77  30.18    69    1.0
 57481 113.57  30.95    30    9.1
 57491 114.40  30.87    31    3.0
 57492 114.84  30.84    40    5.9
 57498 114.94  30.52    26    1.2
 57505 105.58  29.42   338    1.3
 57506 105.90  29.37   353    2.5
 57507 105.30  29.33   385    0.9
 57508 105.37  29.15   301    0.6
 57509 106.92  28.99   599    0.1
 57510 106.07  29.85   326    1.9
 57511 106.45  29.85   240    5.6
 57513 106.62  29.73   464    4.8
 57514 106.22  29.58   331    2.1
 57518 106.50  29.33   506    7.0
 57522 107.27  29.74   372   14.1
 57525 107.75  29.32   277    0.7
 57537 108.17  29.30   322   11.7
 57540 109.15  29.68   776    0.1
 57543 110.03  29.90   539    3.3
 57544 109.45  29.47   488   29.1
 57564 111.13  29.43   103    0.2
 57600 105.06  28.71   420    0.1
 58007 115.30  34.07    47    1.5
 58016 116.97  34.18    34    0.3
 58017 116.13  34.25    41    0.2
 58100 115.17  33.65    41   10.0
 58101 115.48  33.87    41    3.6
 58104 115.07  33.40    41    3.0
 58107 115.28  33.02    35    6.8
 58108 115.33  33.23    34    7.2
 58109 115.65  33.13    31    7.1
 58112 116.45  30.73   968    1.5
 58113 116.75  33.93    31    1.4
 58114 116.18  33.48    31    6.7
 58116 116.83  33.98    31    0.8
 58117 116.20  33.13    27    6.3
 58125 117.52  33.58    22    1.7
 58126 117.87  33.47    19    2.9
 58127 117.20  32.98    21   12.1
 58128 117.35  33.33    21    4.0
 58129 117.83  33.15    14    6.5
 58139 118.91  33.31    10    3.8
 58145 119.15  33.50     7    0.8
 58146 119.77  33.47     3    1.2
 58147 118.97  32.98    24    5.3
 58148 119.34  33.27     3    2.1
 58154 120.20  33.43     2    0.7
 58202 115.57  32.67    31    6.5
 58205 115.43  32.47    34    6.4
 58207 115.05  32.17    42   31.5
 58210 116.23  32.65    25   10.5
 58212 116.77  32.72    23   12.0
 58214 116.30  32.37    27   12.4
 58220 117.15  32.47    28   19.7
 58222 117.55  32.85    24   10.7
 58223 117.98  32.80    31    9.2
 58224 117.02  32.65    32   11.9
 58230 118.28  32.12    26    8.9
 58234 118.42  32.47    40   25.2
 58235 118.85  32.37    10   32.7
 58237 118.59  32.07    46   14.8
 58240 119.02  32.68    21   13.0
 58242 119.16  32.30    22   34.0
 58243 119.82  32.95     3    5.0
 58244 119.59  32.45     5   17.9
 58245 119.42  32.41     9   22.6
 58246 119.99  32.56     2   10.4
 58247 119.80  32.27     3   22.8
 58249 120.05  32.16     6   34.2
 58250 120.16  32.51     6   14.4
 58254 120.45  32.52     5   14.0
 58257 120.26  31.99     4   42.6
 58264 121.18  32.33     3   13.6
 58268 121.08  32.10     4   18.2
 58269 121.65  31.78     3   12.3
 58301 115.38  31.82    92   53.8
 58306 115.88  31.68    95   40.4
 58316 116.92  31.47    23    4.6
 58317 116.37  30.87   434    0.2
 58320 117.13  31.73    21    7.6
 58323 117.47  31.88    25    3.1
 58327 117.28  31.27    45    0.6
 58329 117.87  31.33     9    2.0
 58330 118.08  31.75    26   17.7
 58331 118.37  31.73    22   15.6
 58334 118.37  31.38     9    9.4
 58335 118.52  31.57    23   26.9
 58337 118.18  31.08    26   18.1
 58339 118.90  31.33    15   15.0
 58340 119.03  31.66    25   24.8
 58341 119.59  31.98     6   84.8
 58342 119.55  31.72     6   77.6
 58344 119.20  31.96    36   62.7
 58346 119.81  31.34    16   16.1
 58349 120.56  31.41     8   60.0
 58351 120.30  31.90     4   58.7
 58352 120.77  31.65     4   62.8
 58353 120.57  31.86    11   43.7
 58359 120.62  31.13     4    4.5
 58360 121.20  31.92     3   21.7
 58361 121.37  31.10     5    5.8
 58365 121.25  31.37     4   83.2
 58366 121.49  31.67     4   19.4
 58367 121.43  31.20     4   34.4
 58369 121.78  31.05     5   16.5
 58370 121.53  31.23     4   31.4
 58377 121.11  31.51     5   61.4
 58401 115.40  30.75   123    1.6
 58404 115.22  30.47    61    0.1
 58408 115.43  30.23    35    6.5
 58415 116.55  30.67    64   73.5
 58416 116.82  30.75    35   45.5
 58417 116.13  30.17    54    7.8
 58418 116.67  30.13    60    1.2
 58420 117.23  30.72    58   44.9
 58421 117.87  30.63    31   15.3
 58423 117.78  30.48   647   12.0
 58426 118.13  30.30   193    1.5
 58427 117.50  30.65    15   11.5
 58428 117.50  30.22   118    1.8
 58431 118.32  30.90    39   12.3
 58432 118.40  30.68    57    8.0
 58433 118.75  30.93    31    5.8
 58435 118.53  30.30   220    2.2
 58438 118.58  30.08   191    1.1
 58441 119.42  30.87    43    1.4
 58442 119.18  31.17    16   10.2
 58443 119.89  31.02    25    0.4
 58452 120.77  30.73     4    0.1
 58454 119.98  30.53   102    0.1
 58459 120.29  30.19    44    0.1
 58461 121.12  31.13     4    7.7
 58462 121.23  31.03     4    2.2
 58463 121.50  30.88     4    1.8
 58501 115.63  29.92    23    1.7
 58523 117.93  29.93   227    0.4
 58524 117.22  29.37    87    0.1
 58530 118.43  29.87   168    0.2
 58560 120.43  29.05   304    0.1
 59268 111.54  23.26    70    2.7
