diamond  3 2015年06月14日14点6小时降雨量                     
  15  06  14  14    -1 3 10 25 50 1 0
 39 122.7  37.3 122.5  36.7 120.8  36.2 119.3  35.0 120.4  34.3
 121.1  32.7 122.3  30.9 122.5  30.1 121.5  28.0 119.8  25.0
 116.1  22.6 111.0  21.0 111.0  18.6 109.6  18.1 108.3  18.5
 108.9  19.9 109.3  21.0 106.4  21.6 104.1  22.2 101.6  20.8
  98.7  22.0  97.1  24.1  97.7  27.0  91.7  26.6  85.7  27.7
  78.9  30.6  73.3  37.1  74.1  40.7  87.6  49.8  98.5  43.9
 110.4  44.3 122.0  54.7 135.7  48.3 131.5  42.2 125.2  39.4
 121.3  38.5 121.2  40.3 118.5  38.6 120.8  38.1
 1     362
 50674 129.43  48.57   404    2.2
 50772 129.23  48.10   288    2.4
 50892 134.00  46.80    54   0.01
 51826  80.80  37.02  1336   0.01
 51827  79.63  37.17  1348   0.01
 51829  80.17  37.08  1347   0.01
 54099 131.13  44.08   148    0.1
 54156 124.80  43.52   200    1.4
 56016  95.62  33.85  4179    2.6
 56034  97.13  33.80  4415   0.01
 56045  99.90  33.97  4050    0.6
 56071 102.50  34.59  3190   0.01
 56095 104.38  34.03  1753    0.1
 56109  93.78  31.48  3940    8.8
 56128  96.60  31.22  3810   0.01
 56147  98.83  31.22  3260    0.2
 56158 100.67  31.40  3250    0.1
 56164 100.98  32.27  3284    0.8
 56171 101.70  32.90  3275    2.7
 56317  94.22  29.22  2950    1.6
 56441  99.28  28.72  2422   0.01
 56578 102.75  27.07   993    0.1
 56645  99.42  26.42  2344    1.8
 56649  99.96  26.11  2059    0.7
 56654 100.18  26.58  2195   0.01
 56742  99.37  25.90  1658    3.9
 56745  99.95  25.68  1626    0.8
 56746  99.52  25.47  1616    2.5
 56756 100.58  25.48  1992   0.01
 56757 100.28  25.27  1742   0.01
 56774 102.42  25.53  1710    0.5
 56775 102.45  25.55  1750    0.1
 56835  97.82  24.07   959   16.1
 56836  97.95  24.70   826   37.3
 56839  98.82  23.77   995    0.5
 56840  98.30  24.82  1012   16.9
 56841  98.68  24.60  1528   13.3
 56842  99.18  24.73  1471    0.3
 56843  99.62  24.83  1650    0.7
 56844  98.58  24.43   913   10.2
 56846  99.93  24.58  1569    2.3
 56849  99.23  24.03  1606    2.3
 56854 100.13  24.45  1108    0.2
 56867 101.12  23.98  1105    0.1
 56871 102.60  24.65  1893    1.6
 56873 102.92  24.68  1796   0.01
 56879 102.91  24.19  1702    0.1
 56891 104.32  24.98  1482    0.1
 56944  99.27  23.15  1278    1.6
 56948  99.60  22.63  1155    1.7
 56949  99.60  22.32   945    0.1
 56950  99.80  23.47  1044    0.6
 56952 100.70  23.50   913    0.5
 56958 100.47  21.96  1222    1.0
 56961 101.05  23.03  1336    2.1
 56962 101.67  23.42  1314    0.3
 56976 102.85  23.22   312    2.2
 56978 102.42  23.00  1642    2.1
 56987 103.23  22.78  1260   25.1
 56992 104.70  23.45  1507    2.8
 56996 104.70  23.13  1093    0.1
 57008 105.30  34.03  1579   0.01
 57102 105.72  33.75   970   0.01
 57105 105.60  33.33  1221   0.01
 57111 106.30  33.92   961   0.01
 57208 105.52  32.28   544   0.01
 57233 108.50  32.90   413   0.01
 57249 109.68  32.32   448   0.01
 57271 112.38  32.52    87   0.01
 57303 105.92  31.73   459   0.01
 57304 105.17  31.67   516   0.01
 57308 105.38  31.22   421   0.01
 57309 105.88  30.98   378   0.01
 57317 106.42  31.03   324    0.1
 57324 107.08  31.58   364   0.01
 57329 107.85  31.10   467    0.6
 57363 111.83  31.80   151   0.01
 57368 111.63  31.05   141    0.1
 57389 113.75  31.03    32   0.01
 57401 105.37  30.87   383   0.01
 57407 105.03  30.28   462   0.01
 57408 105.35  30.12   338    0.1
 57409 105.80  30.18   297    0.1
 57413 106.97  30.85   295    0.1
 57416 106.93  30.33   391   0.01
 57420 107.19  30.75   418    0.1
 57425 107.33  30.33   433   0.01
 57431 108.35  30.83   257    0.2
 57438 108.12  29.98   632    0.1
 57453 111.32  30.77   115   0.01
 57460 111.78  30.82    91   0.01
 57464 111.18  30.47   142    0.6
 57465 111.45  30.38    74    6.4
 57466 111.75  30.43    50   0.01
 57469 111.77  30.18    69    6.2
 57475 112.90  30.40    31    1.4
 57477 112.22  30.07    38    3.6
 57481 113.57  30.95    30    0.1
 57485 113.47  30.28    23    0.1
 57486 113.85  30.65    25    0.1
 57489 114.01  30.52    23    0.1
 57491 114.40  30.87    31    0.1
 57495 114.88  30.67    28    0.3
 57496 114.87  30.37    31    0.1
 57498 114.94  30.52    26    0.5
 57499 114.88  30.07    40    4.7
 57511 106.45  29.85   240    0.1
 57540 109.15  29.68   776    0.3
 57541 109.48  30.00   532    1.5
 57543 110.03  29.90   539    1.1
 57544 109.45  29.47   488    1.0
 57558 110.47  29.13   183    3.9
 57564 111.13  29.43   103    1.9
 57565 111.73  29.67    38   25.5
 57566 111.65  29.45    51   11.1
 57571 112.40  29.70    35    0.9
 57575 112.55  29.52    31   11.0
 57577 112.17  29.40    36   10.3
 57582 113.88  29.72    46    7.8
 57585 113.45  29.48    60   11.2
 57586 114.03  29.53    78    4.7
 57589 113.87  29.27   146   21.3
 57590 114.37  29.85    98    0.7
 57596 114.20  29.63   751    0.9
 57635 108.98  28.45   363    0.1
 57640 109.45  28.58   341    0.5
 57643 109.83  29.00   268    0.2
 57646 109.95  28.62   302    2.1
 57657 110.21  28.23   186    3.7
 57658 110.20  28.02   152    2.0
 57661 111.48  28.92    48    0.1
 57663 111.95  28.92    31    0.8
 57666 112.13  28.52    52    7.7
 57674 112.38  28.57    46    8.7
 57678 112.55  28.25    74   0.01
 57680 113.11  28.86    82   13.4
 57688 113.63  28.16   101   19.0
 57694 114.38  28.53   259   56.6
 57698 114.45  28.12    98   54.4
 57699 114.92  28.23    66   24.1
 57740 109.60  27.95   349    0.1
 57743 109.80  27.88   176    0.8
 57754 109.84  27.21   252    0.1
 57760 111.43  27.70   249    0.1
 57762 111.70  27.69   165    0.1
 57763 112.00  27.68   205    0.4
 57768 111.45  27.32   242   0.01
 57769 111.73  27.23   252    2.8
 57772 112.50  27.75    86    4.3
 57773 112.83  27.88    63    0.3
 57777 112.87  27.23    63   10.0
 57778 112.95  27.09    70   0.01
 57781 113.50  27.65    74   0.01
 57783 113.82  27.88   118    3.1
 57786 113.85  27.63   117   0.01
 57792 114.68  27.82    93   19.5
 57794 114.02  27.63   177    0.1
 57796 114.88  27.83   189   23.5
 57798 114.60  27.40    85    0.2
 57809 105.75  26.07  1251   0.01
 57851 110.83  26.46   346    0.1
 57859 110.63  26.03   408    0.7
 57860 111.28  27.00   283    0.1
 57865 111.62  26.50   192   0.01
 57867 111.28  26.40   169   0.01
 57868 111.86  26.59   113   0.01
 57870 112.10  26.80   151    1.8
 57871 112.37  26.98    90    0.1
 57876 112.83  26.43   135   0.01
 57881 113.25  26.72   101    0.1
 57886 113.80  26.48   268   0.01
 57887 113.12  26.12   167    0.7
 57899 114.92  26.80    71    0.1
 57900 105.22  25.83  1552    0.1
 57915 106.77  26.63  1104    0.2
 57927 107.18  24.97   287    0.1
 57936 108.91  25.76   258    6.7
 57941 109.60  25.78   197   22.4
 57942 110.00  25.80   268    5.4
 57948 109.25  25.08   122    6.3
 57949 110.00  24.98   156    4.9
 57954 110.18  25.23   157   12.2
 57955 110.67  25.62   224   10.3
 57956 110.32  25.42   167   17.3
 57958 110.32  25.08   151   15.5
 57960 111.07  25.93   195    1.5
 57962 111.65  25.97   167    2.7
 57964 111.15  25.50   263    2.6
 57966 111.96  25.59   244    8.0
 57969 111.31  25.28   269    6.4
 57971 112.20  25.92   224   29.0
 57973 112.72  25.75   329    1.6
 57975 112.20  25.38   277    9.9
 57976 112.94  25.41   222    3.9
 57978 112.55  25.27   292    9.8
 57981 113.22  25.97   139    1.1
 57985 113.68  25.57   609    1.3
 57990 114.30  25.70   246    0.1
 58401 115.40  30.75   123    0.1
 58404 115.22  30.47    61    0.1
 58408 115.43  30.23    35   0.01
 58409 115.93  30.10    32   0.01
 58432 118.40  30.68    57    0.1
 58449 119.95  30.05    46    0.2
 58452 120.77  30.73     4   0.01
 58453 120.50  30.07     7    1.4
 58455 120.65  30.52     8    0.1
 58456 120.52  30.63     6   0.01
 58458 120.90  30.54     4    0.1
 58459 120.29  30.19    44    0.2
 58460 121.35  30.73     5   0.01
 58463 121.50  30.88     4   0.01
 58468 121.17  30.05     5    2.6
 58484 122.20  30.25    37    0.6
 58501 115.63  29.92    23   10.5
 58502 116.02  29.67    74    5.9
 58503 115.67  29.70    41    0.2
 58505 115.90  29.62    63    3.5
 58507 115.12  29.25   116    0.7
 58508 115.77  29.33    41    2.3
 58509 115.82  29.05    36    4.1
 58510 116.23  29.73    40    1.3
 58512 116.55  29.90    71    0.4
 58514 116.05  29.45    37   10.3
 58517 116.20  29.27    35   18.7
 58524 117.22  29.37    87    0.6
 58529 117.85  29.27   171   26.8
 58537 118.40  29.13   153   25.8
 58542 119.68  29.82    46    4.0
 58544 119.27  29.48    88   16.6
 58546 119.88  29.47   115    8.7
 58547 119.18  29.03    66   22.6
 58548 119.47  29.22    50   31.1
 58550 120.25  29.70    39    6.0
 58555 120.88  29.52   113    3.9
 58558 120.22  29.27    89   10.3
 58559 120.97  29.15   107    1.1
 58560 120.43  29.05   304    3.0
 58561 121.60  29.98     4    3.2
 58563 121.83  29.88     5    0.7
 58565 121.39  29.69    41    1.2
 58566 121.88  29.47     6    0.6
 58567 121.43  29.32    39    1.5
 58568 121.38  29.12    34    0.9
 58570 122.30  29.95    85    0.8
 58601 115.38  28.70    53    1.7
 58602 115.55  28.85    40   12.6
 58605 115.38  28.42    46    7.4
 58607 115.95  28.55    31    6.0
 58609 115.82  28.22    27   10.4
 58612 116.68  28.70    21   47.4
 58614 116.27  28.38    34   23.7
 58615 117.08  28.68    56   64.6
 58616 116.82  28.20    40   12.0
 58618 116.60  28.27    82   17.5
 58619 116.37  28.00    49   12.0
 58620 117.10  29.02    51   27.2
 58623 117.92  28.47    90   35.7
 58624 117.43  28.40    70   33.6
 58625 117.60  28.42    79   32.1
 58627 117.06  28.31    56   10.0
 58629 117.71  28.29   100   20.2
 58631 118.50  28.90   137   44.4
 58632 118.60  28.72   126   30.6
 58635 118.20  28.43    95   22.4
 58642 119.80  28.88   105   11.0
 58643 120.03  28.90   102    8.6
 58644 119.28  28.60   237   17.1
 58654 120.08  28.67   184    2.4
 58660 121.20  28.87     6    0.5
 58693 115.83  28.70    40    4.4
 58701 115.40  27.77    46    5.3
 58704 115.35  27.58   104    1.7
 58706 115.83  27.43   181    0.6
 58707 115.13  27.22    66    2.4
 58710 116.05  27.77    78    5.1
 58712 116.78  27.92   130    7.0
 58713 117.07  27.72   225   11.3
 58714 116.23  27.55   120    1.7
 58719 116.93  27.30   131   0.01
 58724 117.32  27.53   268    0.2
 58745 119.08  27.62   400   0.01
 58804 115.35  26.35   151   0.01
 58822 116.85  26.83   342    0.1
 58839 118.85  26.23    40    0.1
 58905 115.42  25.97   133   0.01
 58917 116.10  25.08   307    0.1
 58928 117.53  25.02   166   0.01
 59012 106.55  24.78   972    0.3
 59015 106.57  24.35   437   12.1
 59022 107.55  24.98   749    9.3
 59025 107.38  24.53   248    7.7
 59027 107.25  24.13   254   63.5
 59031 108.26  24.81   342    7.7
 59033 108.90  24.78   328   14.8
 59034 108.67  24.48   150    6.1
 59038 108.65  24.07   138    8.4
 59041 109.25  24.65   108   11.2
 59044 109.38  24.47    97    6.4
 59045 109.75  24.48    94   20.1
 59047 109.33  24.25   100   11.4
 59051 110.50  24.77   136   18.7
 59052 110.82  24.83   169    8.6
 59053 110.64  24.65   157    6.2
 59055 110.40  24.50   165   14.1
 59057 110.18  24.13   830   41.4
 59059 110.80  24.18   105   66.4
 59061 111.27  24.82   193   28.9
 59063 111.45  25.18   265    9.7
 59064 111.32  24.55   136   15.2
 59071 112.28  24.73   174   19.5
 59074 112.15  24.57   300   21.4
 59075 112.63  24.48    70   0.01
 59081 113.29  24.78   131   0.01
 59114 116.17  24.65   135    0.2
 59124 117.38  24.52    53    2.6
 59125 117.30  24.38   108    6.7
 59127 117.83  24.43    32    0.3
 59129 117.60  24.13    53   11.0
 59131 118.37  24.97    45   0.01
 59205 105.63  23.65   685   0.01
 59215 106.63  23.33   680    0.2
 59224 107.12  23.60   111    0.3
 59227 107.13  23.12   454   0.01
 59229 107.70  23.17   125    6.9
 59230 108.17  23.72   168   84.9
 59235 108.62  23.43   115    7.1
 59237 108.28  23.17   111    4.1
 59238 108.80  23.22   122    8.4
 59241 109.68  23.97    90   64.5
 59246 109.67  23.60    70    2.7
 59249 109.62  23.12    51    1.1
 59255 110.38  23.55    32    0.9
 59256 110.90  23.37   105    0.7
 59266 111.23  23.42    42   0.01
 59285 113.60  23.57    38    6.3
 59297 114.28  23.17    17   0.01
 59312 116.70  23.67    60   16.0
 59313 116.98  23.68    44   10.5
 59314 116.13  23.30    29    1.2
 59315 116.40  23.59    43    0.5
 59318 116.58  23.27     5    1.3
 59319 116.83  23.43     4    4.4
 59320 117.13  23.75    37    0.4
 59322 117.37  23.98    22    8.2
 59421 107.20  22.83   255   0.01
 59426 107.92  22.62   146   0.01
 59432 108.40  22.80   194    0.4
 59435 108.48  22.77    74    0.2
 59441 109.25  22.70    78   0.01
 59448 109.55  22.27    69    2.8
 59451 110.35  22.70    98    0.4
 59452 110.53  22.83   131    2.1
 59454 111.00  22.95   202    0.3
 59457 110.27  22.32   121    1.6
 59469 111.78  22.17    37   0.01
 59473 112.98  22.74    47    2.1
 59475 112.65  22.40    27    0.1
 59480 113.25  22.85    21    2.9
 59481 113.32  22.94    12   13.6
 59492 114.73  22.97    47   0.01
 59500 115.32  22.97     6    0.1
