diamond  3 2015年06月22日02点6小时降雨量                     
  15  06  22  02    -1 3 10 25 50 1 0
 39 122.7  37.3 122.5  36.7 120.8  36.2 119.3  35.0 120.4  34.3
 121.1  32.7 122.3  30.9 122.5  30.1 121.5  28.0 119.8  25.0
 116.1  22.6 111.0  21.0 111.0  18.6 109.6  18.1 108.3  18.5
 108.9  19.9 109.3  21.0 106.4  21.6 104.1  22.2 101.6  20.8
  98.7  22.0  97.1  24.1  97.7  27.0  91.7  26.6  85.7  27.7
  78.9  30.6  73.3  37.1  74.1  40.7  87.6  49.8  98.5  43.9
 110.4  44.3 122.0  54.7 135.7  48.3 131.5  42.2 125.2  39.4
 121.3  38.5 121.2  40.3 118.5  38.6 120.8  38.1
 1     285
 50445 123.73  50.58   423    0.7
 50645 124.48  48.48   195    7.1
 50646 124.85  48.48   202    1.7
 50655 126.18  48.50   266    6.1
 50659 126.25  48.03   291    0.4
 50750 125.30  47.90   226    1.1
 50778 132.53  47.67    57    0.3
 50779 134.28  48.37    40    3.2
 50892 134.00  46.80    54    0.8
 50964 128.80  45.83   119    0.2
 50965 128.27  45.43   167   18.8
 51353  86.10  45.02   346    0.4
 51468  86.83  43.10  3539    4.3
 51629  80.23  41.27  1132    2.2
 52881 103.18  36.98  2484    0.1
 52995 104.62  35.58  1897    0.2
 53378 112.62  41.28  1737    0.1
 53385 113.54  41.60  1420    3.0
 53472 112.57  40.87  1451    0.2
 53483 113.83  40.87  1268    0.1
 53484 113.15  40.45  1191    0.4
 53533 108.71  39.81  1414    1.9
 53545 109.71  39.56  1367    0.1
 53547 109.03  39.10  1312    0.9
 53579 112.90  39.02   859    1.2
 53585 113.27  39.17   933    3.1
 53644 108.83  38.60  1307    0.6
 53658 110.48  38.03   894    3.4
 53674 112.70  38.40   869    0.1
 53676 112.98  38.50   759    3.7
 53680 114.38  38.30   108    0.4
 53681 113.37  38.83  1096    2.7
 53693 114.13  38.03   255    0.1
 53694 114.22  38.27   131    3.5
 53750 110.18  37.77   931    1.8
 53751 110.05  37.60   894    1.6
 53782 113.62  37.93   767    0.1
 53795 114.37  37.65   137    0.1
 56016  95.62  33.85  4179    2.8
 56034  97.13  33.80  4415    0.9
 56267 101.02  30.03  2600    0.1
 56278 102.77  30.07   755    1.1
 56279 102.93  30.15   682    0.9
 56317  94.22  29.22  2950    0.2
 56371 102.23  29.92  1321    0.1
 56381 103.50  30.07   630    0.1
 56474 102.17  28.55  1774    8.1
 56478 102.43  28.30  1818   11.4
 56487 103.13  28.33  1943    0.1
 56569 102.18  27.42  1380    0.7
 56641  98.87  26.90  1189    0.1
 56665 101.85  26.68  1140    3.9
 56669 101.67  26.05  1531   13.2
 56670 102.12  26.92  1136    2.9
 56674 101.73  26.50  1108    8.6
 56675 102.58  26.65  1694    2.9
 56761 101.32  25.72  1878    0.8
 56767 101.28  25.18  1857    0.3
 56781 103.27  25.55  1873    1.0
 56783 103.80  25.50  1906    0.1
 56836  97.95  24.70   826    0.1
 56839  98.82  23.77   995    0.4
 56862 101.60  24.68  1968    4.2
 56870 102.18  24.66  1600    0.3
 56876 102.77  24.28  1731    2.5
 56878 102.75  24.13  1801    6.0
 56879 102.91  24.19  1702    0.5
 56882 102.83  24.91  1976    0.1
 56889 104.17  24.05  1518    1.5
 56891 104.32  24.98  1482    2.9
 56944  99.27  23.15  1278   14.5
 56982 103.29  23.70  1117   21.9
 56984 103.15  23.38  1720    5.5
 56987 103.23  22.78  1260    2.0
 56989 103.95  22.50   137    6.6
 56992 104.70  23.45  1507    0.2
 56995 104.42  23.03  1332    0.5
 57453 111.32  30.77   115    0.1
 57475 112.90  30.40    31    0.1
 57485 113.47  30.28    23    0.5
 57489 114.01  30.52    23    0.1
 57495 114.88  30.67    28    0.2
 57496 114.87  30.37    31    1.1
 57498 114.94  30.52    26    0.7
 57499 114.88  30.07    40   12.0
 57575 112.55  29.52    31    0.2
 57582 113.88  29.72    46   11.6
 57585 113.45  29.48    60    3.8
 57586 114.03  29.53    78    3.5
 57589 113.87  29.27   146    5.3
 57590 114.37  29.85    98   20.0
 57596 114.20  29.63   751    2.7
 57634 107.88  28.52   660    0.1
 57646 109.95  28.62   302    0.7
 57661 111.48  28.92    48    0.1
 57666 112.13  28.52    52    0.1
 57674 112.38  28.57    46    0.5
 57680 113.11  28.86    82    2.7
 57688 113.63  28.16   101    2.4
 57694 114.38  28.53   259   15.1
 57698 114.45  28.12    98    0.2
 57699 114.92  28.23    66    0.5
 57728 107.47  27.07  1096    0.3
 57736 108.85  27.70   369    0.1
 57742 109.20  27.52   884    0.1
 57760 111.43  27.70   249    0.7
 57762 111.70  27.69   165    0.8
 57767 111.01  27.13   308    8.9
 57768 111.45  27.32   242    0.1
 57771 112.53  27.93    88    5.7
 57772 112.50  27.75    86   40.7
 57778 112.95  27.09    70    4.6
 57783 113.82  27.88   118    0.3
 57794 114.02  27.63   177    0.2
 57809 105.75  26.07  1251    0.2
 57813 106.47  26.57  1261    0.2
 57814 106.27  26.42  1298    1.1
 57821 107.50  26.70   925    1.8
 57822 107.90  26.90   835    1.6
 57824 107.23  26.58  1001    1.2
 57829 107.80  26.20   963    0.1
 57835 108.43  26.72   527    0.4
 57842 109.72  26.88   281    0.2
 57875 112.68  26.75   137    1.0
 57887 113.12  26.12   167    3.2
 57900 105.22  25.83  1552    0.4
 57914 106.67  26.42  1149    3.2
 57955 110.67  25.62   224    0.1
 57971 112.20  25.92   224    0.2
 57981 113.22  25.97   139    0.4
 57985 113.68  25.57   609   19.6
 58112 116.45  30.73   968    0.2
 58147 118.97  32.98    24   13.8
 58240 119.02  32.68    21    0.5
 58243 119.82  32.95     3    0.3
 58246 119.99  32.56     2    1.5
 58247 119.80  32.27     3    0.4
 58249 120.05  32.16     6    0.7
 58257 120.26  31.99     4    1.4
 58269 121.65  31.78     3    2.5
 58327 117.28  31.27    45    0.2
 58329 117.87  31.33     9    1.0
 58330 118.08  31.75    26    0.1
 58331 118.37  31.73    22    0.4
 58334 118.37  31.38     9    4.0
 58335 118.52  31.57    23    1.2
 58337 118.18  31.08    26    0.1
 58339 118.90  31.33    15    2.3
 58340 119.03  31.66    25    0.7
 58341 119.59  31.98     6    0.1
 58342 119.55  31.72     6    1.2
 58344 119.20  31.96    36    3.5
 58346 119.81  31.34    16    5.5
 58349 120.56  31.41     8    5.3
 58351 120.30  31.90     4    0.4
 58352 120.77  31.65     4    2.9
 58353 120.57  31.86    11    0.6
 58359 120.62  31.13     4    5.2
 58360 121.20  31.92     3    0.8
 58361 121.37  31.10     5    3.9
 58365 121.25  31.37     4    2.7
 58366 121.49  31.67     4    5.0
 58367 121.43  31.20     4    4.2
 58369 121.78  31.05     5    2.7
 58370 121.53  31.23     4    4.0
 58377 121.11  31.51     5    3.7
 58404 115.22  30.47    61    0.9
 58408 115.43  30.23    35    4.5
 58409 115.93  30.10    32    7.6
 58415 116.55  30.67    64    0.2
 58416 116.82  30.75    35    0.2
 58417 116.13  30.17    54    6.2
 58418 116.67  30.13    60    7.3
 58420 117.23  30.72    58    2.6
 58421 117.87  30.63    31    1.2
 58423 117.78  30.48   647    5.3
 58426 118.13  30.30   193    6.5
 58427 117.50  30.65    15    1.5
 58428 117.50  30.22   118   12.3
 58431 118.32  30.90    39    0.6
 58432 118.40  30.68    57    2.0
 58433 118.75  30.93    31    0.9
 58435 118.53  30.30   220    4.8
 58438 118.58  30.08   191    8.0
 58441 119.42  30.87    43    3.2
 58442 119.18  31.17    16    2.0
 58443 119.89  31.02    25    5.3
 58446 119.70  30.63    72    4.3
 58449 119.95  30.05    46    5.7
 58451 120.93  30.83     2   14.7
 58452 120.77  30.73     4   18.4
 58453 120.50  30.07     7    4.2
 58454 119.98  30.53   102    8.8
 58455 120.65  30.52     8   16.4
 58456 120.52  30.63     6   13.3
 58458 120.90  30.54     4   19.3
 58459 120.29  30.19    44    6.8
 58460 121.35  30.73     5   19.5
 58461 121.12  31.13     4    6.0
 58462 121.23  31.03     4    4.9
 58463 121.50  30.88     4   10.4
 58468 121.17  30.05     5    1.5
 58484 122.20  30.25    37   10.3
 58501 115.63  29.92    23   34.3
 58502 116.02  29.67    74   16.1
 58503 115.67  29.70    41   10.5
 58505 115.90  29.62    63    8.3
 58507 115.12  29.25   116    9.0
 58508 115.77  29.33    41    5.8
 58509 115.82  29.05    36    2.3
 58510 116.23  29.73    40   20.7
 58512 116.55  29.90    71   18.5
 58514 116.05  29.45    37    6.7
 58517 116.20  29.27    35    5.2
 58523 117.93  29.93   227    7.8
 58524 117.22  29.37    87    2.7
 58529 117.85  29.27   171    6.6
 58530 118.43  29.87   168    9.0
 58534 118.18  29.78   170    6.9
 58537 118.40  29.13   153    2.4
 58542 119.68  29.82    46    2.4
 58544 119.27  29.48    88    2.4
 58546 119.88  29.47   115    0.4
 58547 119.18  29.03    66    8.6
 58548 119.47  29.22    50    9.3
 58550 120.25  29.70    39    1.0
 58555 120.88  29.52   113    4.4
 58558 120.22  29.27    89    8.1
 58559 120.97  29.15   107   30.4
 58560 120.43  29.05   304    8.5
 58561 121.60  29.98     4    6.8
 58563 121.83  29.88     5   16.9
 58565 121.39  29.69    41    7.9
 58566 121.88  29.47     6   23.3
 58567 121.43  29.32    39   42.1
 58568 121.38  29.12    34   13.4
 58601 115.38  28.70    53    9.5
 58602 115.55  28.85    40    3.7
 58605 115.38  28.42    46    2.4
 58607 115.95  28.55    31    1.8
 58612 116.68  28.70    21    1.5
 58614 116.27  28.38    34    0.6
 58615 117.08  28.68    56    1.3
 58616 116.82  28.20    40    1.3
 58620 117.10  29.02    51    3.4
 58629 117.71  28.29   100    0.1
 58631 118.50  28.90   137    1.0
 58632 118.60  28.72   126    1.4
 58642 119.80  28.88   105    5.5
 58643 120.03  28.90   102    3.8
 58644 119.28  28.60   237    0.5
 58647 119.13  28.08   222    1.6
 58654 120.08  28.67   184    0.2
 58656 120.97  28.07    60    0.8
 58657 120.28  28.15    57    0.4
 58658 120.68  28.15    34    0.2
 58659 120.65  28.03    28    0.4
 58660 121.20  28.87     6   10.4
 58664 121.37  28.37    35    3.7
 58693 115.83  28.70    40    2.8
 58713 117.07  27.72   225    0.1
 58735 118.75  27.52   260    1.6
 58736 118.82  27.38   262    3.8
 58745 119.08  27.62   400    1.7
 58746 119.70  27.55   538    3.2
 58747 119.35  27.15   899    1.1
 58750 120.08  27.78   105    0.9
 58751 120.57  27.67   254    0.8
 59004 105.10  24.50   725    1.9
 59015 106.57  24.35   437    0.3
 59093 115.03  24.78   253    0.1
 59215 106.63  23.33   680   39.3
 59276 112.65  23.35    40    0.2
 59288 113.02  23.15    29    0.2
 59314 116.13  23.30    29    0.5
 59322 117.37  23.98    22    4.0
 59419 106.73  22.07   348    1.7
 59469 111.78  22.17    37    1.2
 59470 112.20  22.70    57    0.7
 59475 112.65  22.40    27    0.2
 59476 113.03  22.53    36    0.2
 59487 113.30  22.23    23    6.5
 59492 114.73  22.97    47    0.8
 59500 115.32  22.97     6    3.1
 59502 115.65  22.95     5    0.4
