diamond  3 2015年06月22日20点6小时降雨量                     
  15  06  22  20    -1 3 10 25 50 1 0
 39 122.7  37.3 122.5  36.7 120.8  36.2 119.3  35.0 120.4  34.3
 121.1  32.7 122.3  30.9 122.5  30.1 121.5  28.0 119.8  25.0
 116.1  22.6 111.0  21.0 111.0  18.6 109.6  18.1 108.3  18.5
 108.9  19.9 109.3  21.0 106.4  21.6 104.1  22.2 101.6  20.8
  98.7  22.0  97.1  24.1  97.7  27.0  91.7  26.6  85.7  27.7
  78.9  30.6  73.3  37.1  74.1  40.7  87.6  49.8  98.5  43.9
 110.4  44.3 122.0  54.7 135.7  48.3 131.5  42.2 125.2  39.4
 121.3  38.5 121.2  40.3 118.5  38.6 120.8  38.1
 1     385
 50431 121.52  50.78   717    1.1
 50445 123.73  50.58   423   10.7
 50673 130.40  48.88    90    1.2
 50674 129.43  48.57   404    5.9
 50772 129.23  48.10   288   96.0
 50779 134.28  48.37    40    0.6
 50913 118.83  45.72   865   0.01
 50979 130.23  45.27   274    1.3
 51137  82.93  46.20   715    1.0
 51353  86.10  45.02   346   0.01
 51438  81.77  43.18  1210    3.3
 51468  86.83  43.10  3539    1.3
 51559  86.40  42.32  1100   0.01
 51568  86.80  42.25  1085   0.01
 51636  82.65  41.55  1009   0.01
 52745  99.02  37.30  3417    4.4
 52784 102.90  37.47  2072   0.01
 52842  99.08  36.78  3087    2.6
 52853 100.98  36.90  3010    1.1
 52855 101.25  36.68  2675    0.3
 52862 101.68  36.95  2450    1.4
 52863 101.95  36.82  2480    0.4
 52869 101.58  36.50  2667    0.2
 52874 102.41  36.49  2021    0.4
 52875 102.10  36.50  2125    0.5
 52877 102.25  36.10  2834    0.1
 52881 103.18  36.98  2484    0.1
 52885 103.25  36.75  2118    0.3
 52896 104.15  36.55  1738    1.9
 52963 102.02  35.93  2085    0.4
 52978 102.49  35.19  2948    0.2
 52980 103.30  35.97  1648    1.7
 52981 103.38  35.68  2421    1.5
 52982 103.55  35.48  1953    3.4
 52985 103.33  35.42  2162    6.0
 52988 103.72  35.37  2015    4.1
 52993 105.07  35.68  1739    8.4
 52995 104.62  35.58  1897    8.8
 52996 105.02  35.38  2450    9.8
 52998 104.20  35.13  2111    3.9
 53272 112.63  42.75  1104    0.3
 53384 113.18  41.45  1423    0.1
 53498 115.03  40.57   629    3.0
 53573 112.70  40.00  1336    0.7
 53574 112.27  39.52  1409    1.0
 53577 112.30  39.00  1437    0.1
 53596 115.13  38.85    52    0.2
 53599 114.68  39.37   884    3.3
 53688 114.55  38.42   100    0.1
 53690 114.18  38.85   281    0.5
 53707 105.25  36.93  1697    3.0
 53727 107.12  37.17  1712   0.01
 53860 111.17  36.98  1406    0.6
 53878 113.38  36.52   767   0.01
 53906 105.71  35.52  1656    8.7
 53908 105.23  35.22  1768   10.5
 53914 106.12  35.62  2078    5.8
 53916 106.32  35.50  1948   15.8
 53917 106.07  35.22  1631   17.4
 53924 107.62  35.07   966   0.01
 53925 107.18  35.68  1172    1.2
 53926 107.35  35.35  1028    0.5
 53927 106.62  35.20  1477   13.3
 53928 107.02  35.30  1149    4.6
 54117 117.53  43.25  1003    1.8
 54279 126.58  42.05   544    0.2
 54371 126.43  41.93   520    0.1
 54438 118.88  39.88    65   0.01
 54501 115.68  39.97   440    2.0
 54502 116.03  39.48    29   0.01
 54512 116.28  39.42    21    0.1
 54515 116.70  39.50    13    8.9
 54601 115.65  38.98    13    0.1
 54605 115.93  38.93     4   0.01
 54607 115.12  38.72    45    0.3
 54611 115.32  38.93    44    0.2
 56016  95.62  33.85  4179    2.9
 56034  97.13  33.80  4415    3.1
 56045  99.90  33.97  4050    3.7
 56071 102.50  34.59  3190   0.01
 56081 103.35  34.70  2810    0.7
 56082 103.50  34.58  2540    1.1
 56091 104.47  34.85  1883    5.3
 56092 104.65  35.00  1728   17.8
 56094 104.37  33.78  1400    0.5
 56095 104.38  34.03  1753    0.4
 56097 104.25  33.27  1440    0.6
 56109  93.78  31.48  3940    1.3
 56147  98.83  31.22  3260    3.1
 56158 100.67  31.40  3250    0.5
 56168 102.07  31.48  2168    0.5
 56171 101.70  32.90  3275    0.4
 56180 103.85  31.68  1590    1.6
 56183 103.62  31.50  1370    0.5
 56184 103.17  31.43  1896   0.01
 56185 102.98  32.08  2400   15.3
 56186 104.20  31.33   589    1.1
 56189 103.93  30.98   581    0.1
 56190 104.55  31.55   519    3.0
 56192 104.67  32.95  1014    0.1
 56193 104.52  32.42   893    5.5
 56194 104.45  31.63   597    2.5
 56195 104.73  31.80   543    0.5
 56197 104.17  31.15   535    3.8
 56198 104.50  31.32   525    2.3
 56199 104.68  31.03   423    0.6
 56267 101.02  30.03  2600    0.1
 56272 103.88  30.82   558    0.1
 56273 102.82  30.39  1022   0.01
 56276 103.82  30.45   467    0.2
 56278 102.77  30.07   755    0.1
 56280 103.12  30.08   691   0.01
 56284 103.43  30.45   518   0.01
 56286 104.26  30.61   505    0.6
 56290 104.18  30.78   514    0.8
 56291 104.28  30.93   469    1.5
 56295 104.55  30.38   448   0.01
 56296 104.43  30.85   448   0.01
 56371 102.23  29.92  1321   0.01
 56373 102.85  29.78   763    0.2
 56378 102.35  29.23   890   0.01
 56387 103.27  29.23   642   0.01
 56389 103.95  29.20   387    0.8
 56390 104.07  29.67   404    0.5
 56393 104.85  29.77   369   0.01
 56394 104.43  29.45   384    0.1
 56395 104.67  29.52   351    0.1
 56396 104.77  29.35   352    0.3
 56399 104.98  29.18   306    0.3
 56480 103.53  28.82   564   0.01
 56483 103.95  28.58   496    0.2
 56490 103.90  28.95   424    0.1
 56781 103.27  25.55  1873    0.6
 56836  97.95  24.70   826    0.1
 56889 104.17  24.05  1518    2.3
 56944  99.27  23.15  1278    0.2
 56948  99.60  22.63  1155    0.4
 56949  99.60  22.32   945    0.5
 56995 104.42  23.03  1332    4.5
 57001 105.33  34.75  1271    7.7
 57002 105.65  34.85  1216   22.6
 57003 106.83  34.90   924    9.2
 57004 104.88  34.73  1495   11.6
 57006 105.75  34.58  1141   15.2
 57007 105.18  34.18  1404    0.7
 57008 105.30  34.03  1579    0.2
 57011 106.15  34.75  1378   16.2
 57012 106.20  34.98  1664   23.9
 57016 107.13  34.35   612    0.9
 57020 107.40  34.37   563    0.4
 57021 107.13  34.65   751    2.2
 57024 107.65  34.45   669    0.2
 57026 107.88  34.37   585    0.3
 57027 107.73  34.27   517    0.4
 57102 105.72  33.75   970    1.8
 57105 105.60  33.33  1221    2.5
 57110 106.08  33.78   930    1.7
 57111 106.30  33.92   961    1.9
 57113 106.55  33.93   984    1.3
 57123 108.07  34.28   506   0.01
 57129 107.72  32.98   446   0.01
 57204 105.22  32.57   782    1.7
 57208 105.52  32.28   544    0.5
 57217 106.28  32.23   485    0.8
 57231 108.53  32.53   503   0.01
 57247 108.90  32.32   438   0.01
 57303 105.92  31.73   459   0.01
 57304 105.17  31.67   516    0.8
 57307 105.08  31.10   404    0.4
 57308 105.38  31.22   421    2.4
 57401 105.37  30.87   383    1.8
 57407 105.03  30.28   462    0.4
 57719 106.97  27.07  1275    0.7
 57744 109.17  27.37   355    0.1
 57807 105.47  26.21  1361   0.01
 57808 105.75  26.32  1274    0.6
 57809 105.75  26.07  1251   0.01
 57811 106.60  26.83  1296   0.01
 57814 106.27  26.42  1298    0.1
 57818 106.45  26.03  1140    0.6
 57821 107.50  26.70   925    0.1
 57822 107.90  26.90   835   0.01
 57824 107.23  26.58  1001   0.01
 57881 113.25  26.72   101    5.6
 57882 113.55  26.79   136    0.1
 57883 114.28  26.75   253    0.8
 57886 113.80  26.48   268    3.8
 57887 113.12  26.12   167   0.01
 57900 105.22  25.83  1552   0.01
 57905 105.61  25.40  1184   0.01
 57911 106.65  26.67  1323    0.4
 57913 106.98  26.45  1093    0.4
 57914 106.67  26.42  1149    0.8
 57915 106.77  26.63  1104    2.0
 57936 108.91  25.76   258   0.01
 57941 109.60  25.78   197    1.3
 57949 110.00  24.98   156    0.3
 57954 110.18  25.23   157    5.2
 57958 110.32  25.08   151    1.2
 57962 111.65  25.97   167    0.4
 57964 111.15  25.50   263    0.4
 57966 111.96  25.59   244    0.5
 57969 111.31  25.28   269    0.7
 57973 112.72  25.75   329   20.0
 57975 112.20  25.38   277    4.3
 57976 112.94  25.41   222   51.3
 57978 112.55  25.27   292    3.8
 57981 113.22  25.97   139    3.9
 57985 113.68  25.57   609    2.8
 57988 113.33  25.10   143    6.1
 57989 113.77  25.07   112    4.0
 57990 114.30  25.70   246    2.6
 57991 114.55  25.80   140    4.2
 57992 114.75  25.67   127   24.3
 57994 114.35  25.40   215   16.3
 57995 114.93  25.40   164   20.0
 58254 120.45  32.52     5   0.01
 58264 121.18  32.33     3    0.3
 58268 121.08  32.10     4    0.2
 58269 121.65  31.78     3    0.4
 58339 118.90  31.33    15    0.2
 58342 119.55  31.72     6    0.3
 58346 119.81  31.34    16    1.2
 58349 120.56  31.41     8   0.01
 58351 120.30  31.90     4   0.01
 58352 120.77  31.65     4    0.3
 58359 120.62  31.13     4    0.1
 58360 121.20  31.92     3    0.8
 58377 121.11  31.51     5    0.3
 58426 118.13  30.30   193    0.1
 58428 117.50  30.22   118    0.1
 58432 118.40  30.68    57    0.2
 58441 119.42  30.87    43    1.9
 58443 119.89  31.02    25    1.7
 58449 119.95  30.05    46    0.2
 58453 120.50  30.07     7    0.1
 58454 119.98  30.53   102   0.01
 58459 120.29  30.19    44   0.01
 58523 117.93  29.93   227    2.2
 58524 117.22  29.37    87    3.7
 58529 117.85  29.27   171    3.9
 58530 118.43  29.87   168    0.5
 58537 118.40  29.13   153    1.0
 58542 119.68  29.82    46   12.3
 58544 119.27  29.48    88    3.6
 58546 119.88  29.47   115    3.7
 58547 119.18  29.03    66    0.8
 58548 119.47  29.22    50    5.5
 58550 120.25  29.70    39    1.9
 58555 120.88  29.52   113    0.3
 58558 120.22  29.27    89    1.4
 58559 120.97  29.15   107    0.2
 58560 120.43  29.05   304    0.3
 58565 121.39  29.69    41    0.2
 58566 121.88  29.47     6   0.01
 58567 121.43  29.32    39   0.01
 58568 121.38  29.12    34   0.01
 58612 116.68  28.70    21   40.4
 58615 117.08  28.68    56    1.9
 58619 116.37  28.00    49    2.5
 58620 117.10  29.02    51    3.5
 58623 117.92  28.47    90    0.5
 58624 117.43  28.40    70    0.1
 58625 117.60  28.42    79    0.2
 58629 117.71  28.29   100    0.1
 58631 118.50  28.90   137    2.2
 58632 118.60  28.72   126    0.7
 58635 118.20  28.43    95    0.3
 58642 119.80  28.88   105   0.01
 58644 119.28  28.60   237   0.01
 58660 121.20  28.87     6   0.01
 58664 121.37  28.37    35   0.01
 58710 116.05  27.77    78   23.9
 58712 116.78  27.92   130   0.01
 58714 116.23  27.55   120    6.9
 58746 119.70  27.55   538    2.8
 58748 119.65  27.10    50    1.0
 58749 119.88  27.23   684    1.1
 58750 120.08  27.78   105    1.3
 58804 115.35  26.35   151   0.01
 58814 116.35  26.35   247    1.2
 58819 116.82  26.18   336    0.5
 58821 117.47  26.73   173    6.2
 58826 117.80  26.40   120    0.4
 58828 117.62  26.27   208    0.7
 58836 118.73  26.58   361   0.01
 58839 118.85  26.23    40    5.0
 58844 119.15  26.15    57    0.2
 58845 119.53  26.50    60    5.1
 58848 119.55  26.20    13    0.8
 58903 116.03  25.90   210   23.2
 58905 115.42  25.97   133   31.2
 58906 115.80  25.60   167    6.9
 58907 115.40  25.15   305   30.3
 58912 116.73  25.72   404    0.9
 58917 116.10  25.08   307    3.4
 58923 117.83  25.70   400    4.8
 58928 117.53  25.02   166   14.4
 58929 118.15  25.07    68    8.2
 58932 118.93  25.87    85    8.2
 58934 118.27  25.33   183   17.5
 58935 118.23  25.48   521    9.9
 58940 119.33  26.08    25    6.5
 58941 119.50  25.97    25   0.01
 58946 119.00  25.45    81    0.7
 59012 106.55  24.78   972    7.7
 59034 108.67  24.48   150   0.01
 59038 108.65  24.07   138    1.6
 59041 109.25  24.65   108    2.3
 59044 109.38  24.47    97    2.8
 59045 109.75  24.48    94    0.9
 59047 109.33  24.25   100    0.1
 59051 110.50  24.77   136   0.01
 59052 110.82  24.83   169    0.5
 59053 110.64  24.65   157   13.2
 59057 110.18  24.13   830    0.3
 59059 110.80  24.18   105    2.5
 59061 111.27  24.82   193    0.7
 59063 111.45  25.18   265   14.3
 59064 111.32  24.55   136   43.2
 59071 112.28  24.73   174    0.4
 59074 112.15  24.57   300    1.1
 59075 112.63  24.48    70    3.6
 59081 113.29  24.78   131    1.1
 59090 114.07  24.95   103   14.4
 59091 114.52  24.75   277   21.7
 59093 115.03  24.78   253    0.2
 59094 114.12  24.35   184   0.01
 59099 114.93  24.45   173   18.1
 59106 115.90  24.58   152    1.7
 59109 115.73  24.15   123   14.4
 59114 116.17  24.65   135    3.1
 59122 117.75  24.62    43    1.3
 59124 117.38  24.52    53   26.0
 59125 117.30  24.38   108   11.2
 59127 117.83  24.43    32    4.8
 59129 117.60  24.13    53    0.6
 59130 118.15  24.73    30    4.4
 59131 118.37  24.97    45    6.4
 59137 118.57  24.82    56    1.6
 59227 107.13  23.12   454    5.4
 59229 107.70  23.17   125   0.01
 59235 108.62  23.43   115    0.2
 59237 108.28  23.17   111    0.3
 59241 109.68  23.97    90    2.7
 59268 111.54  23.26    70   0.01
 59269 111.78  23.17    47    0.1
 59270 112.18  23.92    84   15.7
 59276 112.65  23.35    40   0.01
 59279 112.87  23.18    24    0.6
 59284 113.24  23.42    38    5.7
 59285 113.60  23.57    38   0.01
 59288 113.02  23.15    29    0.7
 59290 114.25  23.78    85    0.6
 59310 116.18  23.77    45   28.7
 59312 116.70  23.67    60    7.0
 59313 116.98  23.68    44    5.1
 59314 116.13  23.30    29   10.4
 59315 116.40  23.59    43    4.9
 59318 116.58  23.27     5   0.01
 59319 116.83  23.43     4   20.5
 59320 117.13  23.75    37    3.5
 59322 117.37  23.98    22    5.4
 59421 107.20  22.83   255   0.01
 59429 108.01  22.18   216    0.4
 59448 109.55  22.27    69    5.1
 59449 109.98  22.30    85   0.01
 59451 110.35  22.70    98   24.2
 59452 110.53  22.83   131   14.6
 59454 111.00  22.95   202    3.9
 59457 110.27  22.32   121    0.7
 59469 111.78  22.17    37    0.2
 59470 112.20  22.70    57    3.3
 59471 112.05  22.93   101    9.3
 59473 112.98  22.74    47    5.6
 59475 112.65  22.40    27    4.8
 59476 113.03  22.53    36    4.4
 59477 112.23  22.27    68   20.1
 59480 113.25  22.85    21    1.5
 59481 113.32  22.94    12    5.5
 59487 113.30  22.23    23    1.4
 59492 114.73  22.97    47    1.2
 59500 115.32  22.97     6   10.5
 59502 115.65  22.95     5   21.9
 59635 108.35  21.62    31    3.6
