diamond  3 2015年06月07日20点6小时降雨量                     
  15  06  07  20    -1 3 10 25 50 1 0
 39 122.7  37.3 122.5  36.7 120.8  36.2 119.3  35.0 120.4  34.3
 121.1  32.7 122.3  30.9 122.5  30.1 121.5  28.0 119.8  25.0
 116.1  22.6 111.0  21.0 111.0  18.6 109.6  18.1 108.3  18.5
 108.9  19.9 109.3  21.0 106.4  21.6 104.1  22.2 101.6  20.8
  98.7  22.0  97.1  24.1  97.7  27.0  91.7  26.6  85.7  27.7
  78.9  30.6  73.3  37.1  74.1  40.7  87.6  49.8  98.5  43.9
 110.4  44.3 122.0  54.7 135.7  48.3 131.5  42.2 125.2  39.4
 121.3  38.5 121.2  40.3 118.5  38.6 120.8  38.1
 1     676
 50431 121.52  50.78   717    2.8
 50445 123.73  50.58   423    5.5
 50566 128.47  49.55   116    7.9
 50645 124.48  48.48   195    4.5
 50646 124.85  48.48   202    1.1
 50647 123.48  48.13   236    5.2
 50655 126.18  48.50   266    0.2
 50659 126.25  48.03   291    0.1
 50673 130.40  48.88    90   12.0
 50674 129.43  48.57   404   11.3
 50741 123.50  47.93   185    2.8
 50749 124.83  47.18   154    4.9
 50767 127.10  47.23   202    8.6
 50772 129.23  48.10   288    5.8
 50775 130.20  47.34   182    3.8
 50776 130.83  47.57    83    6.4
 50778 132.53  47.67    57   10.2
 50779 134.28  48.37    40    8.7
 50787 131.84  47.31    62    7.4
 50832 122.08  46.72   332   0.01
 50833 122.90  46.72   187    1.4
 50842 124.42  46.83   145    1.6
 50850 125.13  46.57   147    5.4
 50851 126.08  46.68   207    4.8
 50852 126.45  46.82   169   10.6
 50858 125.81  46.02   159    0.1
 50859 126.28  46.29   169    0.8
 50861 127.48  46.89   182    7.0
 50871 129.88  46.73    95    0.6
 50878 130.72  47.00    78    1.5
 50879 130.55  46.22   187    0.1
 50880 131.12  46.73   102    0.3
 50884 131.15  46.63   175    1.0
 50892 134.00  46.80    54    2.8
 50913 118.83  45.72   865   0.01
 50946 124.83  45.18   139    3.0
 50954 125.08  45.50   127    4.5
 50956 126.77  46.08   134    0.9
 50958 126.93  45.53   168    1.5
 50960 127.38  45.73   184    0.2
 50965 128.27  45.43   167    3.2
 50971 131.02  45.77   223   0.01
 51145  83.65  46.55   521    7.7
 51328  80.42  44.20   770   0.01
 51329  80.85  44.05   640    1.2
 51377  87.92  44.17   547   0.01
 51430  81.15  43.83   602    4.4
 51438  81.77  43.18  1210    0.1
 51465  87.10  43.48  1871    2.2
 51468  86.83  43.10  3539    0.8
 52855 101.25  36.68  2675    2.0
 52862 101.68  36.95  2450    0.3
 52863 101.95  36.82  2480    0.1
 52874 102.41  36.49  2021    1.1
 52877 102.25  36.10  2834    2.8
 52885 103.25  36.75  2118    1.6
 52896 104.15  36.55  1738   0.01
 52982 103.55  35.48  1953    2.6
 52985 103.33  35.42  2162    2.3
 52988 103.72  35.37  2015    1.6
 52998 104.20  35.13  2111    1.2
 53343 109.97  41.77  1612   0.01
 53357 110.05  41.03  1360    1.0
 53367 111.23  41.32  1602    1.4
 53368 111.47  41.08  1637    0.1
 53378 112.62  41.28  1737    0.3
 53464 111.17  40.72  1042   0.01
 53486 113.77  40.37  1050    0.3
 53488 113.58  40.03  1034    0.3
 53491 114.38  40.67   837   0.01
 53492 114.15  40.10   937    0.7
 53562 111.66  39.92  1208   0.01
 53565 111.50  39.43  1051    0.2
 53567 111.00  39.02  1024   0.01
 53573 112.70  40.00  1336    0.3
 53574 112.27  39.52  1409    1.0
 53575 112.20  39.10  1525    0.8
 53576 112.82  39.50  1045    0.2
 53577 112.30  39.00  1437    1.2
 53579 112.90  39.02   859    0.6
 53580 113.10  39.82  1044    0.2
 53584 113.17  39.57  1000    0.1
 53585 113.27  39.17   933    2.1
 53590 114.27  39.75   977    1.1
 53596 115.13  38.85    52    0.3
 53599 114.68  39.37   884    1.4
 53660 111.08  39.02   894    0.1
 53662 111.58  38.72  1396    0.4
 53665 111.65  38.28  1185    0.2
 53666 111.93  38.35  1212    0.9
 53669 111.80  38.08  1150   0.01
 53674 112.70  38.40   869    0.2
 53676 112.98  38.50   759    1.0
 53679 112.54  37.75   776   0.01
 53681 113.37  38.83  1096    3.2
 53682 114.68  38.63   104   0.01
 53685 113.42  38.07   953    2.6
 53689 115.07  38.02    42    0.2
 53690 114.18  38.85   281    0.7
 53692 114.98  38.73    66   0.01
 53693 114.13  38.03   255   0.01
 53696 115.02  38.55    41   0.01
 53697 114.83  38.03    53    0.2
 53699 114.95  38.18    45    0.1
 53767 111.17  37.33  1213    0.3
 53768 111.75  37.15   773    0.2
 53769 111.78  37.25   747    0.1
 53770 112.35  37.35   768    2.0
 53771 112.05  37.42   750    5.8
 53774 112.37  37.58   759   0.01
 53776 112.77  37.68   831    2.4
 53777 112.14  37.51   753    0.2
 53778 112.22  37.17   780    0.1
 53780 113.15  37.91  1066    1.7
 53782 113.62  37.93   767    0.7
 53783 113.72  37.60   940    2.3
 53784 114.78  37.75    38    0.1
 53785 114.67  37.52    35    0.2
 53786 113.33  37.09  1152    5.6
 53788 113.57  37.33  1265   24.6
 53789 114.63  37.88    52    0.1
 53790 114.61  37.63    44    0.2
 53791 114.50  37.81    68   0.01
 53792 114.48  37.45   113    0.1
 53794 114.75  37.35    33   0.01
 53796 114.89  37.62    30   0.01
 53797 114.52  37.28    73   0.01
 53799 115.00  37.24    25   0.01
 53832 108.77  36.77  1218    0.1
 53848 109.35  36.27  1005   0.01
 53862 111.80  36.85   811    1.1
 53865 111.55  36.65  1011   0.01
 53869 111.70  36.58   550    0.4
 53871 112.85  36.83   964    5.5
 53872 112.68  36.77   960   10.1
 53875 112.35  36.52  1000    7.0
 53878 113.38  36.52   767   10.2
 53879 112.88  36.32   952    3.7
 53880 113.23  36.33   947   12.0
 53885 113.20  36.12  1122    0.4
 53886 113.67  36.57   470    5.3
 53888 113.43  36.20  1089    0.3
 53890 114.10  36.67   280    0.1
 53930 107.98  36.45  1271    0.2
 53944 109.25  35.57   863    0.1
 54047 123.28  44.13   145    0.3
 54065 125.65  44.53   169    2.4
 54069 125.80  44.12   173    4.0
 54072 126.52  44.85   196    5.2
 54076 126.93  44.38   268    3.2
 54080 127.15  44.90   194    5.2
 54092 129.40  44.60   292    9.1
 54093 130.55  44.93   266    0.1
 54098 129.47  44.33   267    0.1
 54099 131.13  44.08   148    0.1
 54172 126.53  43.87   290    0.7
 54187 128.92  43.12   366    2.8
 54267 125.73  42.25   362    1.2
 54274 125.99  42.69   306    2.7
 54290 129.40  42.77   241    2.1
 54291 130.28  42.90    36    0.2
 54293 129.83  42.95   142    0.6
 54398 116.62  40.13    28   0.01
 54399 116.28  39.98    45   0.01
 54408 115.22  40.38   529    0.6
 54410 116.13  40.60  1224    0.5
 54424 117.12  40.17    32   0.01
 54425 117.47  40.40   633   0.01
 54428 117.40  40.03    15   0.01
 54431 116.63  39.92    43   0.01
 54433 116.50  39.95    35   0.01
 54434 118.33  40.17   131   0.01
 54437 118.62  39.51    18   0.01
 54438 118.88  39.88    65    0.2
 54439 118.72  40.02    50    0.5
 54494 124.07  40.47    72   0.01
 54499 116.22  40.22    76   0.01
 54502 116.03  39.48    29    1.4
 54503 115.82  39.07    12    0.2
 54505 116.10  39.94    98   0.01
 54506 115.95  39.32    24    2.1
 54507 115.52  39.33    49    1.7
 54512 116.28  39.42    21    2.2
 54513 116.20  39.95    65   0.01
 54514 116.25  39.87    55   0.01
 54515 116.70  39.50    13    1.7
 54519 116.48  39.30    12    1.0
 54520 117.08  39.97    18   0.01
 54521 116.98  39.77    13    0.7
 54522 117.73  39.88    14   0.01
 54523 117.02  39.38     4    0.4
 54526 117.33  39.08     1   0.01
 54530 117.77  39.23     1   0.01
 54531 118.72  39.73    43    0.1
 54532 118.08  39.81    31    0.7
 54535 118.47  39.29     3   0.01
 54541 119.23  39.90    24   0.01
 54568 121.75  39.05    90   0.01
 54569 121.95  39.42    11   0.01
 54594 116.35  39.72    37    0.2
 54596 116.19  39.77    48   0.01
 54597 115.74  39.73   407    0.2
 54601 115.65  38.98    13    0.3
 54603 115.77  38.72    10    0.1
 54604 115.33  38.42    29   0.01
 54605 115.93  38.93     4   0.01
 54607 115.12  38.72    45    0.1
 54608 115.55  38.00    26   0.01
 54609 115.59  38.23    22   0.01
 54611 115.32  38.93    44   0.01
 54612 116.46  38.85     4   0.01
 54619 116.92  38.92     5   0.01
 54620 115.57  38.48    18   0.01
 54621 115.18  38.18    38   0.01
 54622 117.37  38.98     3   0.01
 54626 115.82  38.42    13   0.01
 54628 117.48  38.15     6    0.3
 54633 115.23  37.52    26   0.01
 54636 116.10  39.02    11    0.1
 54640 114.87  36.92    36   0.01
 54644 117.12  38.05    10    0.1
 54701 115.20  37.93    35    0.3
 54706 115.67  37.08    31    0.6
 54709 116.07  37.23    24    0.7
 54712 116.82  37.20    18   22.3
 54714 116.33  37.45    23    0.9
 54717 116.40  37.63    17   0.01
 54718 116.47  37.15    22   17.2
 54722 117.63  37.75     6    2.6
 54723 117.57  37.65    10    1.8
 54724 117.13  37.32    14    3.6
 54726 117.18  37.70    11    6.1
 54728 117.38  37.77     8    0.9
 54730 118.14  37.69     6   16.9
 54731 118.22  37.48    11    0.3
 54732 118.52  37.87     5   15.3
 54734 118.00  37.36    12   0.01
 54801 115.48  36.85    35   0.01
 54802 115.73  36.82    34    3.2
 54803 116.02  36.98    27   17.4
 54810 116.27  36.87    27   23.4
 54811 116.62  36.93    20   24.7
 54812 116.75  36.78    22    8.0
 54816 116.80  36.52    98    0.3
 54821 117.20  37.00    20    1.7
 54861 121.53  36.93    45   0.01
 54935 118.43  35.53   119   0.01
 56081 103.35  34.70  2810    1.2
 56082 103.50  34.58  2540    1.9
 56091 104.47  34.85  1883    0.1
 56094 104.37  33.78  1400    0.7
 56095 104.38  34.03  1753   10.2
 56097 104.25  33.27  1440    0.3
 56109  93.78  31.48  3940    0.5
 56128  96.60  31.22  3810    1.5
 56147  98.83  31.22  3260    5.6
 56158 100.67  31.40  3250    6.2
 56164 100.98  32.27  3284    1.8
 56168 102.07  31.48  2168    3.0
 56171 101.70  32.90  3275    1.1
 56180 103.85  31.68  1590    1.3
 56181 103.70  30.68   541    1.0
 56183 103.62  31.50  1370    3.2
 56184 103.17  31.43  1896    3.0
 56185 102.98  32.08  2400    5.2
 56189 103.93  30.98   581    0.5
 56192 104.67  32.95  1014    0.3
 56193 104.52  32.42   893   0.01
 56195 104.73  31.80   543   0.01
 56263 101.88  30.88  1949    1.8
 56267 101.02  30.03  2600    5.7
 56272 103.88  30.82   558    0.1
 56273 102.82  30.39  1022   10.8
 56276 103.82  30.45   467   0.01
 56278 102.77  30.07   755    9.8
 56279 102.93  30.15   682    7.9
 56280 103.12  30.08   691    5.5
 56281 103.50  30.18   510    0.5
 56284 103.43  30.45   518    2.9
 56285 103.52  30.60   523    3.0
 56288 103.92  30.58   494    0.2
 56371 102.23  29.92  1321    9.4
 56373 102.85  29.78   763    6.6
 56376 102.63  29.33  1098    2.4
 56378 102.35  29.23   890    1.4
 56381 103.50  30.07   630    0.3
 56387 103.27  29.23   642    2.9
 56473 102.77  28.95  1060    0.2
 56474 102.17  28.55  1774   0.01
 56480 103.53  28.82   564   0.01
 56489 103.63  28.23   877   0.01
 56490 103.90  28.95   424   0.01
 56497 104.23  28.10   448    0.1
 56582 103.90  27.75  1176    0.3
 56596 105.05  27.85  1177    0.2
 56697 104.08  26.22  1984    2.0
 56835  97.82  24.07   959    0.1
 56836  97.95  24.70   826    1.5
 56839  98.82  23.77   995   27.8
 56840  98.30  24.82  1012    0.6
 56841  98.68  24.60  1528    0.6
 56842  99.18  24.73  1471   0.01
 56844  98.58  24.43   913    1.0
 56849  99.23  24.03  1606    0.1
 56944  99.27  23.15  1278    0.4
 56948  99.60  22.63  1155    0.5
 56949  99.60  22.32   945   0.01
 56950  99.80  23.47  1044    1.8
 56952 100.70  23.50   913    3.1
 56958 100.47  21.96  1222   0.01
 56961 101.05  23.03  1336   16.2
 56962 101.67  23.42  1314    1.0
 56975 102.43  23.37   974    0.6
 56976 102.85  23.22   312    6.2
 56978 102.42  23.00  1642    0.3
 56984 103.15  23.38  1720    0.9
 56987 103.23  22.78  1260    2.0
 57001 105.33  34.75  1271   0.01
 57004 104.88  34.73  1495   0.01
 57007 105.18  34.18  1404   20.1
 57008 105.30  34.03  1579    0.7
 57011 106.15  34.75  1378    0.1
 57024 107.65  34.45   669    2.0
 57031 108.55  34.82  1012    0.5
 57088 113.50  34.19   146    1.5
 57102 105.72  33.75   970    0.1
 57105 105.60  33.33  1221    3.9
 57110 106.08  33.78   930    2.3
 57111 106.30  33.92   961    3.2
 57113 106.55  33.93   984    2.6
 57119 106.70  33.17   548   0.01
 57180 113.20  33.98   117   0.01
 57231 108.53  32.53   503   0.01
 57242 109.37  32.85   285   0.01
 57247 108.90  32.32   438   0.01
 57248 109.33  32.40   431   0.01
 57249 109.68  32.32   448   0.01
 57257 110.23  32.23   307    0.2
 57271 112.38  32.52    87   0.01
 57273 112.85  32.68   109   0.01
 57295 114.35  32.62    78   0.01
 57296 114.73  32.35    48    0.1
 57298 114.55  32.22    55    0.2
 57299 114.90  32.02    49    0.7
 57329 107.85  31.10   467   0.01
 57333 108.67  31.95   798    0.1
 57338 108.42  31.18   216    0.1
 57339 108.68  30.95   297    2.4
 57345 109.62  31.40   337    1.8
 57349 109.86  31.08   606    2.3
 57361 111.27  31.88   327    2.4
 57362 110.67  31.75   935    0.7
 57363 111.83  31.80   151    3.7
 57368 111.63  31.05   141    3.1
 57370 112.22  31.73    67    6.7
 57377 112.22  31.00   191    1.0
 57385 113.82  31.62    93    1.1
 57386 114.00  31.25    51   11.6
 57387 113.13  31.00    84    8.7
 57388 113.71  31.27    53    4.6
 57389 113.75  31.03    32   10.9
 57390 114.07  31.80   733    1.9
 57396 114.85  31.63   128    0.1
 57398 114.62  31.28    74    6.4
 57416 106.93  30.33   391    0.1
 57420 107.19  30.75   418    0.1
 57431 108.35  30.83   257    0.9
 57437 108.03  30.30   325   0.01
 57438 108.12  29.98   632   0.01
 57453 111.32  30.77   115    0.7
 57460 111.78  30.82    91    0.7
 57464 111.18  30.47   142    0.1
 57465 111.45  30.38    74    2.3
 57466 111.75  30.43    50    3.0
 57469 111.77  30.18    69    2.6
 57475 112.90  30.40    31    8.5
 57477 112.22  30.07    38   12.1
 57481 113.57  30.95    30   16.1
 57485 113.47  30.28    23   42.8
 57486 113.85  30.65    25   10.2
 57489 114.01  30.52    23   19.1
 57491 114.40  30.87    31   23.9
 57492 114.84  30.84    40   25.3
 57495 114.88  30.67    28   16.6
 57496 114.87  30.37    31   60.3
 57498 114.94  30.52    26   46.1
 57499 114.88  30.07    40   12.3
 57519 107.11  29.16   698   0.01
 57525 107.75  29.32   277   0.01
 57537 108.17  29.30   322    0.1
 57540 109.15  29.68   776    0.2
 57543 110.03  29.90   539    0.7
 57544 109.45  29.47   488    2.7
 57558 110.47  29.13   183   17.9
 57564 111.13  29.43   103    8.6
 57565 111.73  29.67    38    7.1
 57566 111.65  29.45    51    8.9
 57571 112.40  29.70    35   22.9
 57575 112.55  29.52    31   14.0
 57577 112.17  29.40    36   10.9
 57582 113.88  29.72    46   20.3
 57585 113.45  29.48    60   12.4
 57586 114.03  29.53    78    9.0
 57589 113.87  29.27   146    1.7
 57590 114.37  29.85    98   14.1
 57596 114.20  29.63   751   15.9
 57623 107.60  28.88   685    0.8
 57634 107.88  28.52   660    0.9
 57635 108.98  28.45   363   11.9
 57636 108.50  28.57   334    7.9
 57637 108.10  28.25   629    0.4
 57640 109.45  28.58   341   23.3
 57643 109.83  29.00   268   32.2
 57646 109.95  28.62   302   41.6
 57657 110.21  28.23   186   23.6
 57658 110.20  28.02   152   39.2
 57661 111.48  28.92    48   37.1
 57663 111.95  28.92    31   38.3
 57666 112.13  28.52    52    0.8
 57674 112.38  28.57    46    0.6
 57678 112.55  28.25    74    3.7
 57680 113.11  28.86    82    0.8
 57688 113.63  28.16   101    0.2
 57694 114.38  28.53   259    1.4
 57699 114.92  28.23    66   25.8
 57708 105.60  27.15  1700   0.01
 57728 107.47  27.07  1096   0.01
 57732 108.40  28.02   456    0.1
 57734 108.23  27.57   467    1.1
 57735 108.82  27.18   404    5.0
 57736 108.85  27.70   369    8.4
 57737 108.12  27.03   547    0.7
 57738 108.42  27.05   516    2.7
 57739 108.92  27.23   394    2.2
 57740 109.60  27.95   349   14.3
 57742 109.20  27.52   884    5.1
 57743 109.80  27.88   176   15.4
 57744 109.17  27.37   355    2.3
 57754 109.84  27.21   252    1.5
 57763 112.00  27.68   205    0.6
 57767 111.01  27.13   308    1.8
 57771 112.53  27.93    88    1.2
 57772 112.50  27.75    86    2.1
 57773 112.83  27.88    63    0.5
 57792 114.68  27.82    93    6.4
 57796 114.88  27.83   189    2.9
 57798 114.60  27.40    85   0.01
 57821 107.50  26.70   925   0.01
 57822 107.90  26.90   835    0.3
 57824 107.23  26.58  1001   0.01
 57828 107.58  26.50   983    0.3
 57829 107.80  26.20   963    5.7
 57835 108.43  26.72   527   0.01
 57837 108.07  26.40   839    0.1
 57844 109.18  26.68   343    0.2
 57859 110.63  26.03   408    0.1
 57871 112.37  26.98    90   0.01
 57882 113.55  26.79   136   0.01
 57883 114.28  26.75   253   0.01
 57891 114.25  26.93   153    1.7
 57923 107.87  25.98   419    0.2
 57941 109.60  25.78   197    0.4
 57942 110.00  25.80   268   0.01
 57948 109.25  25.08   122    0.1
 57949 110.00  24.98   156    1.8
 57954 110.18  25.23   157    4.6
 57955 110.67  25.62   224    1.2
 57956 110.32  25.42   167    7.9
 57958 110.32  25.08   151   11.7
 57964 111.15  25.50   263    0.8
 57969 111.31  25.28   269    0.1
 57971 112.20  25.92   224    1.1
 57976 112.94  25.41   222   0.01
 57978 112.55  25.27   292   0.01
 57985 113.68  25.57   609    5.1
 57988 113.33  25.10   143    8.2
 57989 113.77  25.07   112    5.0
 57990 114.30  25.70   246    0.9
 57992 114.75  25.67   127    0.7
 57994 114.35  25.40   215    1.1
 58112 116.45  30.73   968   16.2
 58205 115.43  32.47    34   0.01
 58207 115.05  32.17    42    0.2
 58268 121.08  32.10     4    0.3
 58269 121.65  31.78     3    0.1
 58301 115.38  31.82    92   0.01
 58306 115.88  31.68    95   0.01
 58316 116.92  31.47    23    0.5
 58317 116.37  30.87   434   11.8
 58327 117.28  31.27    45    0.3
 58329 117.87  31.33     9    0.3
 58337 118.18  31.08    26    0.4
 58339 118.90  31.33    15    0.1
 58346 119.81  31.34    16    0.1
 58349 120.56  31.41     8   0.01
 58351 120.30  31.90     4   0.01
 58352 120.77  31.65     4    0.1
 58353 120.57  31.86    11   0.01
 58359 120.62  31.13     4    0.3
 58360 121.20  31.92     3   0.01
 58361 121.37  31.10     5    0.1
 58365 121.25  31.37     4    0.2
 58366 121.49  31.67     4    0.1
 58367 121.43  31.20     4    0.6
 58369 121.78  31.05     5    0.4
 58370 121.53  31.23     4    0.6
 58377 121.11  31.51     5   0.01
 58401 115.40  30.75   123   19.0
 58404 115.22  30.47    61   63.5
 58408 115.43  30.23    35   19.9
 58409 115.93  30.10    32    7.3
 58415 116.55  30.67    64   20.1
 58416 116.82  30.75    35   10.5
 58417 116.13  30.17    54   14.9
 58418 116.67  30.13    60    1.5
 58420 117.23  30.72    58    6.3
 58421 117.87  30.63    31    6.6
 58423 117.78  30.48   647   16.2
 58426 118.13  30.30   193    3.5
 58427 117.50  30.65    15    8.3
 58428 117.50  30.22   118    6.7
 58431 118.32  30.90    39    0.5
 58432 118.40  30.68    57    1.0
 58433 118.75  30.93    31   0.01
 58435 118.53  30.30   220    4.6
 58438 118.58  30.08   191    2.1
 58441 119.42  30.87    43    0.3
 58443 119.89  31.02    25    0.4
 58446 119.70  30.63    72    1.3
 58449 119.95  30.05    46   30.4
 58451 120.93  30.83     2    0.8
 58452 120.77  30.73     4    0.7
 58453 120.50  30.07     7   15.6
 58454 119.98  30.53   102    4.4
 58455 120.65  30.52     8    2.5
 58456 120.52  30.63     6    1.4
 58458 120.90  30.54     4    3.4
 58459 120.29  30.19    44   23.8
 58460 121.35  30.73     5    0.9
 58461 121.12  31.13     4    0.4
 58462 121.23  31.03     4    0.5
 58463 121.50  30.88     4    0.3
 58468 121.17  30.05     5    9.4
 58484 122.20  30.25    37    6.5
 58501 115.63  29.92    23    1.9
 58502 116.02  29.67    74    3.3
 58503 115.67  29.70    41    2.4
 58505 115.90  29.62    63    0.5
 58508 115.77  29.33    41    0.8
 58509 115.82  29.05    36   0.01
 58510 116.23  29.73    40    2.3
 58512 116.55  29.90    71    2.6
 58514 116.05  29.45    37    0.1
 58517 116.20  29.27    35    0.1
 58523 117.93  29.93   227    0.4
 58524 117.22  29.37    87    0.1
 58529 117.85  29.27   171    5.0
 58530 118.43  29.87   168    3.1
 58534 118.18  29.78   170    1.1
 58537 118.40  29.13   153   25.2
 58542 119.68  29.82    46   19.5
 58544 119.27  29.48    88   38.3
 58546 119.88  29.47   115   24.9
 58547 119.18  29.03    66   27.3
 58548 119.47  29.22    50   29.3
 58550 120.25  29.70    39   33.0
 58555 120.88  29.52   113   42.5
 58558 120.22  29.27    89   43.7
 58559 120.97  29.15   107    0.5
 58560 120.43  29.05   304    6.6
 58561 121.60  29.98     4    7.3
 58563 121.83  29.88     5    3.6
 58565 121.39  29.69    41   15.1
 58566 121.88  29.47     6    2.3
 58567 121.43  29.32    39    4.6
 58568 121.38  29.12    34    0.2
 58570 122.30  29.95    85    2.7
 58601 115.38  28.70    53    8.2
 58602 115.55  28.85    40    2.7
 58605 115.38  28.42    46   15.4
 58607 115.95  28.55    31   24.0
 58609 115.82  28.22    27    9.2
 58612 116.68  28.70    21    4.0
 58614 116.27  28.38    34   28.8
 58615 117.08  28.68    56   19.4
 58616 116.82  28.20    40    2.4
 58618 116.60  28.27    82    5.4
 58619 116.37  28.00    49    1.6
 58620 117.10  29.02    51    0.9
 58623 117.92  28.47    90    2.3
 58624 117.43  28.40    70    3.3
 58625 117.60  28.42    79   0.01
 58627 117.06  28.31    56    2.9
 58629 117.71  28.29   100    1.2
 58631 118.50  28.90   137   18.3
 58632 118.60  28.72   126    6.5
 58635 118.20  28.43    95    4.8
 58642 119.80  28.88   105    5.9
 58643 120.03  28.90   102    7.0
 58644 119.28  28.60   237   13.7
 58647 119.13  28.08   222   0.01
 58654 120.08  28.67   184    1.9
 58656 120.97  28.07    60    0.4
 58657 120.28  28.15    57    0.1
 58658 120.68  28.15    34    0.8
 58659 120.65  28.03    28    1.2
 58664 121.37  28.37    35    0.3
 58693 115.83  28.70    40    2.7
 58701 115.40  27.77    46    3.4
 58704 115.35  27.58   104    0.8
 58707 115.13  27.22    66    8.5
 58712 116.78  27.92   130    4.7
 58713 117.07  27.72   225    0.5
 58719 116.93  27.30   131   0.01
 58724 117.32  27.53   268    5.0
 58735 118.75  27.52   260    0.6
 58736 118.82  27.38   262    0.2
 58746 119.70  27.55   538    4.1
 58750 120.08  27.78   105    0.5
 58814 116.35  26.35   247    2.7
 58819 116.82  26.18   336    5.3
 58821 117.47  26.73   173    4.1
 58822 116.85  26.83   342    0.3
 58823 117.80  26.80   175    2.2
 58824 117.15  26.40   357    3.0
 58826 117.80  26.40   120    0.2
 58828 117.62  26.27   208    2.0
 58903 116.03  25.90   210    6.7
 58905 115.42  25.97   133   0.01
 58906 115.80  25.60   167    2.8
 58917 116.10  25.08   307   0.01
 59015 106.57  24.35   437   0.01
 59033 108.90  24.78   328    0.4
 59045 109.75  24.48    94    0.7
 59051 110.50  24.77   136    0.3
 59057 110.18  24.13   830    0.4
 59059 110.80  24.18   105   17.0
 59061 111.27  24.82   193    0.4
 59064 111.32  24.55   136    0.7
 59071 112.28  24.73   174    2.8
 59074 112.15  24.57   300    1.7
 59075 112.63  24.48    70   13.8
 59081 113.29  24.78   131   13.1
 59090 114.07  24.95   103    0.6
 59091 114.52  24.75   277   0.01
 59094 114.12  24.35   184    1.2
 59106 115.90  24.58   152    0.1
 59227 107.13  23.12   454   0.01
 59229 107.70  23.17   125   0.01
 59235 108.62  23.43   115   0.01
 59237 108.28  23.17   111   0.01
 59241 109.68  23.97    90   25.4
 59246 109.67  23.60    70   0.01
 59249 109.62  23.12    51   0.01
 59255 110.38  23.55    32    5.2
 59256 110.90  23.37   105    2.5
 59264 111.50  23.40    83   23.4
 59266 111.23  23.42    42    4.9
 59268 111.54  23.26    70    2.5
 59269 111.78  23.17    47    1.4
 59270 112.18  23.92    84   44.6
 59284 113.24  23.42    38    2.2
 59285 113.60  23.57    38    0.5
 59419 106.73  22.07   348   0.01
 59421 107.20  22.83   255   12.6
 59426 107.92  22.62   146    2.6
 59429 108.01  22.18   216    2.4
 59441 109.25  22.70    78    0.4
 59448 109.55  22.27    69    5.2
 59449 109.98  22.30    85   28.3
 59451 110.35  22.70    98   16.1
 59452 110.53  22.83   131   27.3
 59454 111.00  22.95   202    9.1
 59457 110.27  22.32   121   41.9
 59473 112.98  22.74    47    1.5
 59635 108.35  21.62    31   12.1
