diamond  3 2015年06月08日20点6小时降雨量                     
  15  06  08  20    -1 3 10 25 50 1 0
 39 122.7  37.3 122.5  36.7 120.8  36.2 119.3  35.0 120.4  34.3
 121.1  32.7 122.3  30.9 122.5  30.1 121.5  28.0 119.8  25.0
 116.1  22.6 111.0  21.0 111.0  18.6 109.6  18.1 108.3  18.5
 108.9  19.9 109.3  21.0 106.4  21.6 104.1  22.2 101.6  20.8
  98.7  22.0  97.1  24.1  97.7  27.0  91.7  26.6  85.7  27.7
  78.9  30.6  73.3  37.1  74.1  40.7  87.6  49.8  98.5  43.9
 110.4  44.3 122.0  54.7 135.7  48.3 131.5  42.2 125.2  39.4
 121.3  38.5 121.2  40.3 118.5  38.6 120.8  38.1
 1     510
 50137 122.37  53.47   296    5.4
 50431 121.52  50.78   717    0.1
 50445 123.73  50.58   423    0.2
 50524 119.43  49.32   576   0.01
 50525 119.75  49.15   620    0.5
 50526 120.70  49.28   668    3.0
 50645 124.48  48.48   195    1.6
 50659 126.25  48.03   291    0.6
 50674 129.43  48.57   404    0.7
 50741 123.50  47.93   185   0.01
 50749 124.83  47.18   154   0.01
 50750 125.30  47.90   226    0.5
 50772 129.23  48.10   288    1.2
 50775 130.20  47.34   182    0.5
 50776 130.83  47.57    83    0.4
 50778 132.53  47.67    57    6.8
 50779 134.28  48.37    40    0.1
 50787 131.84  47.31    62    9.7
 50832 122.08  46.72   332    0.1
 50858 125.81  46.02   159    2.2
 50859 126.28  46.29   169    4.1
 50861 127.48  46.89   182    1.2
 50867 127.35  46.08   134   13.8
 50871 129.88  46.73    95    1.7
 50878 130.72  47.00    78    3.7
 50879 130.55  46.22   187    3.1
 50880 131.12  46.73   102   14.6
 50884 131.15  46.63   175    4.0
 50913 118.83  45.72   865    1.8
 50928 120.33  45.07   628   0.01
 50934 121.58  45.38   311    0.1
 50937 121.48  45.06   282    6.2
 50939 122.82  45.33   150    4.6
 50946 124.83  45.18   139    1.4
 50954 125.08  45.50   127   11.5
 50956 126.77  46.08   134    2.1
 50958 126.93  45.53   168    3.1
 50965 128.27  45.43   167    3.2
 50971 131.02  45.77   223    0.1
 50979 130.23  45.27   274    1.0
 51352  85.25  44.85   337    2.8
 51353  86.10  45.02   346   0.01
 51368  87.32  44.12   515   0.01
 51369  87.65  43.97   600   0.01
 51377  87.92  44.17   547    4.0
 51378  89.17  44.00   742    1.1
 51482  90.28  43.83  1271    5.7
 52515  94.87  39.52  2137    0.3
 52885 103.25  36.75  2118    0.2
 52963 102.02  35.93  2085    0.1
 53397 113.98  41.10  1376    0.1
 53498 115.03  40.57   629    0.8
 53499 114.73  40.77   755    0.2
 53576 112.82  39.50  1045   0.01
 54031 121.82  44.90   198    0.5
 54039 122.02  44.03   181   0.01
 54047 123.28  44.13   145    5.5
 54092 129.40  44.60   292    2.4
 54098 129.47  44.33   267    2.0
 54099 131.13  44.08   148    3.4
 54113 118.65  43.53   621    2.6
 54122 120.03  43.86   428   0.01
 54187 128.92  43.12   366    5.2
 54192 130.27  43.70   384    3.3
 54204 115.00  42.30  1346   0.01
 54214 118.42  42.58   960    0.7
 54225 119.94  42.29   579    1.1
 54231 122.35  42.97   248    2.3
 54234 121.75  42.73   297    3.4
 54244 123.33  42.75   118   0.01
 54279 126.58  42.05   544    0.2
 54290 129.40  42.77   241    4.2
 54291 130.28  42.90    36   12.9
 54293 129.83  42.95   142    4.0
 54304 115.27  40.95  1239    0.4
 54318 117.73  41.32   561   0.01
 54321 119.63  41.87   661   0.01
 54323 120.78  41.82   253    1.2
 54362 125.73  41.67   380    4.7
 54371 126.43  41.93   520    1.3
 54398 116.62  40.13    28   0.01
 54408 115.22  40.38   529    1.5
 54410 116.13  40.60  1224    1.9
 54431 116.63  39.92    43    0.2
 54433 116.50  39.95    35    0.2
 54483 123.90  40.88   233    0.7
 54494 124.07  40.47    72    1.3
 54499 116.22  40.22    76   0.01
 54501 115.68  39.97   440    0.8
 54502 116.03  39.48    29   0.01
 54505 116.10  39.94    98    0.8
 54512 116.28  39.42    21   0.01
 54513 116.20  39.95    65    0.4
 54514 116.25  39.87    55    1.2
 54515 116.70  39.50    13   0.01
 54521 116.98  39.77    13   0.01
 54594 116.35  39.72    37    0.8
 54596 116.19  39.77    48    1.0
 54597 115.74  39.73   407    0.4
 56016  95.62  33.85  4179    1.2
 56034  97.13  33.80  4415    0.2
 56109  93.78  31.48  3940    0.1
 56128  96.60  31.22  3810    5.4
 56147  98.83  31.22  3260    0.6
 56158 100.67  31.40  3250    0.1
 56164 100.98  32.27  3284    0.1
 56168 102.07  31.48  2168    0.8
 56171 101.70  32.90  3275    0.2
 56181 103.70  30.68   541   0.01
 56183 103.62  31.50  1370   0.01
 56184 103.17  31.43  1896   0.01
 56185 102.98  32.08  2400   0.01
 56189 103.93  30.98   581    0.1
 56228  96.92  30.05  3260    1.4
 56263 101.88  30.88  1949    2.8
 56267 101.02  30.03  2600    5.5
 56272 103.88  30.82   558   0.01
 56273 102.82  30.39  1022    1.7
 56276 103.82  30.45   467    0.3
 56278 102.77  30.07   755    1.2
 56279 102.93  30.15   682    0.9
 56280 103.12  30.08   691    0.4
 56281 103.50  30.18   510    0.4
 56284 103.43  30.45   518    0.3
 56285 103.52  30.60   523    0.5
 56288 103.92  30.58   494   0.01
 56289 103.87  30.20   437    0.1
 56295 104.55  30.38   448   0.01
 56297 104.15  30.02   436   0.01
 56298 104.60  30.13   417   0.01
 56317  94.22  29.22  2950    1.4
 56342  98.60  29.68  3870    1.7
 56371 102.23  29.92  1321    5.9
 56373 102.85  29.78   763    0.8
 56376 102.63  29.33  1098    4.7
 56378 102.35  29.23   890   14.0
 56380 103.35  29.88   571   0.01
 56382 103.55  29.75   475   0.01
 56384 103.48  29.60   446    0.1
 56387 103.27  29.23   642   0.01
 56389 103.95  29.20   387   0.01
 56390 104.07  29.67   404   0.01
 56391 103.82  30.08   415   0.01
 56393 104.85  29.77   369    0.3
 56394 104.43  29.45   384   0.01
 56395 104.67  29.52   351   0.01
 56441  99.28  28.72  2422   0.01
 56443  99.80  28.93  2842   0.01
 56473 102.77  28.95  1060    2.8
 56474 102.17  28.55  1774    1.0
 56478 102.43  28.30  1818   0.01
 56480 103.53  28.82   564   0.01
 56487 103.13  28.33  1943    0.6
 56490 103.90  28.95   424   0.01
 56497 104.23  28.10   448    0.5
 56582 103.90  27.75  1176   0.01
 56641  98.87  26.90  1189    0.2
 56652 100.75  26.68  2130    0.2
 56761 101.32  25.72  1878    0.2
 56774 102.42  25.53  1710    0.1
 56775 102.45  25.55  1750   0.01
 56777 102.10  25.11  1671    4.9
 56839  98.82  23.77   995   0.01
 56840  98.30  24.82  1012    0.7
 56841  98.68  24.60  1528    7.0
 56842  99.18  24.73  1471   0.01
 56844  98.58  24.43   913    0.5
 56849  99.23  24.03  1606    2.6
 56851 100.53  25.04  1377   0.01
 56854 100.13  24.45  1108   0.01
 56863 102.48  24.93  1848    1.0
 56867 101.12  23.98  1105    0.4
 56869 101.97  24.07  1497    3.0
 56870 102.18  24.66  1600    2.0
 56872 102.62  24.95  2358   0.01
 56876 102.77  24.28  1731    0.6
 56878 102.75  24.13  1801   14.0
 56879 102.91  24.19  1702   0.01
 56883 103.98  24.82  1900    0.1
 56898 102.41  24.18  1600   0.01
 56944  99.27  23.15  1278    0.5
 56948  99.60  22.63  1155    5.6
 56949  99.60  22.32   945    2.1
 56950  99.80  23.47  1044    3.5
 56952 100.70  23.50   913    9.5
 56961 101.05  23.03  1336    8.8
 56962 101.67  23.42  1314    0.9
 56973 102.83  23.62  1309   0.01
 56982 103.29  23.70  1117    2.4
 56992 104.70  23.45  1507   40.5
 56995 104.42  23.03  1332   12.4
 56996 104.70  23.13  1093    4.8
 57308 105.38  31.22   421   0.01
 57389 113.75  31.03    32   0.01
 57407 105.03  30.28   462    5.0
 57453 111.32  30.77   115   0.01
 57460 111.78  30.82    91   0.01
 57464 111.18  30.47   142   0.01
 57465 111.45  30.38    74   0.01
 57466 111.75  30.43    50    0.1
 57469 111.77  30.18    69   0.01
 57475 112.90  30.40    31   0.01
 57477 112.22  30.07    38    0.2
 57481 113.57  30.95    30   0.01
 57486 113.85  30.65    25    0.1
 57489 114.01  30.52    23   0.01
 57492 114.84  30.84    40   0.01
 57498 114.94  30.52    26   0.01
 57499 114.88  30.07    40    2.2
 57505 105.58  29.42   338   0.01
 57506 105.90  29.37   353    9.7
 57537 108.17  29.30   322    0.9
 57540 109.15  29.68   776   0.01
 57543 110.03  29.90   539   0.01
 57544 109.45  29.47   488    0.1
 57558 110.47  29.13   183   0.01
 57564 111.13  29.43   103    0.3
 57565 111.73  29.67    38    0.2
 57566 111.65  29.45    51    0.2
 57571 112.40  29.70    35    0.6
 57575 112.55  29.52    31    0.8
 57577 112.17  29.40    36    0.9
 57582 113.88  29.72    46    1.0
 57585 113.45  29.48    60    0.5
 57586 114.03  29.53    78    2.4
 57589 113.87  29.27   146    2.0
 57590 114.37  29.85    98    1.8
 57596 114.20  29.63   751    3.4
 57623 107.60  28.88   685    0.1
 57634 107.88  28.52   660    1.2
 57635 108.98  28.45   363   0.01
 57636 108.50  28.57   334   0.01
 57637 108.10  28.25   629    1.2
 57640 109.45  28.58   341    0.2
 57646 109.95  28.62   302    0.9
 57657 110.21  28.23   186    0.8
 57658 110.20  28.02   152    2.1
 57661 111.48  28.92    48    0.7
 57663 111.95  28.92    31    0.9
 57666 112.13  28.52    52    4.2
 57674 112.38  28.57    46    3.7
 57678 112.55  28.25    74    4.6
 57680 113.11  28.86    82    3.2
 57688 113.63  28.16   101   22.8
 57694 114.38  28.53   259    9.6
 57698 114.45  28.12    98   11.2
 57699 114.92  28.23    66   10.4
 57720 107.17  27.88   889    0.2
 57723 107.72  27.98   710    0.9
 57728 107.47  27.07  1096    1.0
 57734 108.23  27.57   467    1.0
 57735 108.82  27.18   404    0.9
 57736 108.85  27.70   369   0.01
 57737 108.12  27.03   547    0.9
 57738 108.42  27.05   516   0.01
 57739 108.92  27.23   394   14.7
 57740 109.60  27.95   349    0.4
 57742 109.20  27.52   884    1.3
 57743 109.80  27.88   176    0.2
 57744 109.17  27.37   355    2.2
 57754 109.84  27.21   252    2.9
 57760 111.43  27.70   249    2.0
 57762 111.70  27.69   165    5.3
 57763 112.00  27.68   205    3.3
 57767 111.01  27.13   308    1.4
 57768 111.45  27.32   242    3.2
 57769 111.73  27.23   252    9.4
 57771 112.53  27.93    88    6.3
 57772 112.50  27.75    86   11.7
 57773 112.83  27.88    63   11.2
 57777 112.87  27.23    63   12.5
 57778 112.95  27.09    70   13.2
 57781 113.50  27.65    74    7.5
 57783 113.82  27.88   118    5.0
 57786 113.85  27.63   117    6.0
 57792 114.68  27.82    93    2.8
 57794 114.02  27.63   177    2.3
 57796 114.88  27.83   189    5.2
 57798 114.60  27.40    85   20.4
 57821 107.50  26.70   925   0.01
 57822 107.90  26.90   835    0.8
 57828 107.58  26.50   983    0.9
 57834 108.30  26.68   641    1.3
 57835 108.43  26.72   527    0.1
 57837 108.07  26.40   839    0.3
 57842 109.72  26.88   281    0.5
 57844 109.18  26.68   343    0.4
 57846 110.15  26.58   310    0.3
 57851 110.83  26.46   346    4.5
 57859 110.63  26.03   408    1.5
 57860 111.28  27.00   283    5.0
 57865 111.62  26.50   192    0.6
 57867 111.28  26.40   169   0.01
 57868 111.86  26.59   113   14.4
 57870 112.10  26.80   151    4.6
 57871 112.37  26.98    90    9.4
 57875 112.68  26.75   137    9.9
 57881 113.25  26.72   101   16.6
 57882 113.55  26.79   136    4.8
 57883 114.28  26.75   253    1.8
 57886 113.80  26.48   268   13.7
 57887 113.12  26.12   167    2.4
 57891 114.25  26.93   153    5.9
 57921 107.34  25.85   821    0.6
 57936 108.91  25.76   258    0.2
 57941 109.60  25.78   197   0.01
 57942 110.00  25.80   268    0.3
 57948 109.25  25.08   122   16.8
 57949 110.00  24.98   156   12.5
 57954 110.18  25.23   157   77.8
 57955 110.67  25.62   224    2.8
 57956 110.32  25.42   167    5.8
 57958 110.32  25.08   151    8.9
 57960 111.07  25.93   195    8.7
 57964 111.15  25.50   263    1.5
 57966 111.96  25.59   244    0.3
 57969 111.31  25.28   269   10.7
 57985 113.68  25.57   609   0.01
 58249 120.05  32.16     6   0.01
 58334 118.37  31.38     9    0.1
 58339 118.90  31.33    15    0.5
 58340 119.03  31.66    25   0.01
 58346 119.81  31.34    16    0.7
 58349 120.56  31.41     8    0.8
 58351 120.30  31.90     4   0.01
 58352 120.77  31.65     4   0.01
 58353 120.57  31.86    11   0.01
 58359 120.62  31.13     4    2.0
 58360 121.20  31.92     3   0.01
 58361 121.37  31.10     5    1.3
 58365 121.25  31.37     4    0.4
 58366 121.49  31.67     4    0.2
 58367 121.43  31.20     4    1.8
 58369 121.78  31.05     5    0.7
 58370 121.53  31.23     4    1.7
 58377 121.11  31.51     5    0.2
 58401 115.40  30.75   123   0.01
 58404 115.22  30.47    61   0.01
 58408 115.43  30.23    35    3.3
 58409 115.93  30.10    32    3.6
 58417 116.13  30.17    54    2.3
 58418 116.67  30.13    60    4.4
 58420 117.23  30.72    58    0.4
 58421 117.87  30.63    31    3.2
 58423 117.78  30.48   647    5.5
 58426 118.13  30.30   193   17.1
 58427 117.50  30.65    15    5.0
 58428 117.50  30.22   118    9.0
 58431 118.32  30.90    39    0.2
 58432 118.40  30.68    57    2.6
 58433 118.75  30.93    31    0.4
 58435 118.53  30.30   220   28.0
 58438 118.58  30.08   191   26.7
 58441 119.42  30.87    43    4.1
 58442 119.18  31.17    16    2.0
 58443 119.89  31.02    25    3.9
 58446 119.70  30.63    72   11.1
 58449 119.95  30.05    46   30.8
 58451 120.93  30.83     2    7.3
 58452 120.77  30.73     4    8.9
 58453 120.50  30.07     7   18.0
 58454 119.98  30.53   102   18.7
 58455 120.65  30.52     8   12.1
 58456 120.52  30.63     6    9.7
 58458 120.90  30.54     4   11.2
 58459 120.29  30.19    44   23.3
 58460 121.35  30.73     5    7.1
 58461 121.12  31.13     4    1.1
 58462 121.23  31.03     4    3.4
 58463 121.50  30.88     4    5.2
 58468 121.17  30.05     5    6.7
 58484 122.20  30.25    37    0.8
 58501 115.63  29.92    23    3.1
 58502 116.02  29.67    74    0.1
 58503 115.67  29.70    41    1.1
 58505 115.90  29.62    63    0.1
 58507 115.12  29.25   116    1.7
 58508 115.77  29.33    41    0.3
 58509 115.82  29.05    36   0.01
 58510 116.23  29.73    40    0.3
 58512 116.55  29.90    71    2.0
 58517 116.20  29.27    35    0.3
 58523 117.93  29.93   227   14.0
 58524 117.22  29.37    87    1.7
 58529 117.85  29.27   171   11.5
 58530 118.43  29.87   168   17.1
 58534 118.18  29.78   170   16.8
 58537 118.40  29.13   153   10.5
 58542 119.68  29.82    46   17.7
 58544 119.27  29.48    88   11.5
 58546 119.88  29.47   115   13.3
 58547 119.18  29.03    66   17.8
 58548 119.47  29.22    50   18.3
 58550 120.25  29.70    39    7.1
 58555 120.88  29.52   113    7.6
 58558 120.22  29.27    89   10.0
 58559 120.97  29.15   107    1.6
 58560 120.43  29.05   304    1.8
 58561 121.60  29.98     4    2.8
 58563 121.83  29.88     5    1.8
 58565 121.39  29.69    41    4.8
 58566 121.88  29.47     6    2.7
 58567 121.43  29.32    39    1.6
 58568 121.38  29.12    34    2.1
 58570 122.30  29.95    85    1.1
 58601 115.38  28.70    53    8.2
 58602 115.55  28.85    40    2.0
 58605 115.38  28.42    46   20.9
 58607 115.95  28.55    31   13.2
 58609 115.82  28.22    27   40.2
 58612 116.68  28.70    21   10.5
 58614 116.27  28.38    34   27.4
 58615 117.08  28.68    56   22.5
 58616 116.82  28.20    40   37.7
 58618 116.60  28.27    82   47.4
 58619 116.37  28.00    49   12.0
 58620 117.10  29.02    51    0.9
 58623 117.92  28.47    90   49.4
 58624 117.43  28.40    70   37.7
 58625 117.60  28.42    79   47.6
 58627 117.06  28.31    56   43.4
 58629 117.71  28.29   100   10.8
 58631 118.50  28.90   137   40.9
 58632 118.60  28.72   126   29.5
 58635 118.20  28.43    95   25.9
 58642 119.80  28.88   105    4.4
 58643 120.03  28.90   102    3.8
 58644 119.28  28.60   237    3.1
 58647 119.13  28.08   222    1.0
 58654 120.08  28.67   184    0.5
 58660 121.20  28.87     6    1.0
 58664 121.37  28.37    35   0.01
 58693 115.83  28.70    40    7.6
 58701 115.40  27.77    46    0.8
 58704 115.35  27.58   104    1.2
 58710 116.05  27.77    78    8.7
 58712 116.78  27.92   130    9.9
 58713 117.07  27.72   225    6.3
 58714 116.23  27.55   120    0.5
 58724 117.32  27.53   268    0.5
 58735 118.75  27.52   260    0.4
 58745 119.08  27.62   400    0.5
 58819 116.82  26.18   336    0.9
 58821 117.47  26.73   173    6.0
 58823 117.80  26.80   175    5.3
 58824 117.15  26.40   357    3.8
 58826 117.80  26.40   120   0.01
 58836 118.73  26.58   361   16.7
 58903 116.03  25.90   210    0.6
 58906 115.80  25.60   167    1.3
 59022 107.55  24.98   749    1.1
 59025 107.38  24.53   248   0.01
 59027 107.25  24.13   254    0.2
 59031 108.26  24.81   342    1.1
 59033 108.90  24.78   328   31.7
 59034 108.67  24.48   150   11.9
 59038 108.65  24.07   138   31.8
 59041 109.25  24.65   108   14.7
 59044 109.38  24.47    97   14.6
 59045 109.75  24.48    94   37.1
 59047 109.33  24.25   100    6.9
 59051 110.50  24.77   136   19.4
 59052 110.82  24.83   169   25.9
 59053 110.64  24.65   157   16.0
 59055 110.40  24.50   165   47.1
 59057 110.18  24.13   830   0.01
 59059 110.80  24.18   105   14.5
 59061 111.27  24.82   193   0.01
 59063 111.45  25.18   265    2.2
 59064 111.32  24.55   136   15.2
 59071 112.28  24.73   174    0.8
 59074 112.15  24.57   300    1.9
 59075 112.63  24.48    70    0.1
 59081 113.29  24.78   131    0.4
 59090 114.07  24.95   103   0.01
 59091 114.52  24.75   277   0.01
 59093 115.03  24.78   253    0.5
 59094 114.12  24.35   184   0.01
 59109 115.73  24.15   123    1.2
 59205 105.63  23.65   685    0.1
 59213 106.92  23.73   110   0.01
 59215 106.63  23.33   680   45.0
 59224 107.12  23.60   111    3.5
 59227 107.13  23.12   454    5.0
 59229 107.70  23.17   125   0.01
 59230 108.17  23.72   168   11.0
 59235 108.62  23.43   115   0.01
 59237 108.28  23.17   111   0.01
 59241 109.68  23.97    90    1.9
 59249 109.62  23.12    51    4.0
 59255 110.38  23.55    32    3.2
 59256 110.90  23.37   105    2.1
 59264 111.50  23.40    83   0.01
 59266 111.23  23.42    42    0.3
 59268 111.54  23.26    70    7.5
 59270 112.18  23.92    84    2.9
 59276 112.65  23.35    40    2.0
 59290 114.25  23.78    85    8.6
 59421 107.20  22.83   255    1.0
 59425 107.35  22.40   107    0.3
 59426 107.92  22.62   146   18.5
 59427 107.07  22.12   163    0.7
 59429 108.01  22.18   216    0.1
 59432 108.40  22.80   194    0.1
 59435 108.48  22.77    74   0.01
 59441 109.25  22.70    78   0.01
 59448 109.55  22.27    69    0.2
 59451 110.35  22.70    98    1.0
 59452 110.53  22.83   131    0.1
 59635 108.35  21.62    31   14.7
