diamond  3 2015年06月29日02点6小时降雨量                     
  15  06  29  02    -1 3 10 25 50 1 0
 39 122.7  37.3 122.5  36.7 120.8  36.2 119.3  35.0 120.4  34.3
 121.1  32.7 122.3  30.9 122.5  30.1 121.5  28.0 119.8  25.0
 116.1  22.6 111.0  21.0 111.0  18.6 109.6  18.1 108.3  18.5
 108.9  19.9 109.3  21.0 106.4  21.6 104.1  22.2 101.6  20.8
  98.7  22.0  97.1  24.1  97.7  27.0  91.7  26.6  85.7  27.7
  78.9  30.6  73.3  37.1  74.1  40.7  87.6  49.8  98.5  43.9
 110.4  44.3 122.0  54.7 135.7  48.3 131.5  42.2 125.2  39.4
 121.3  38.5 121.2  40.3 118.5  38.6 120.8  38.1
 1     372
 50431 121.52  50.78   717    0.6
 50445 123.73  50.58   423    0.5
 50673 130.40  48.88    90    7.7
 50674 129.43  48.57   404    2.7
 50749 124.83  47.18   154    0.1
 50767 127.10  47.23   202    3.5
 50772 129.23  48.10   288    3.4
 50787 131.84  47.31    62    0.6
 50833 122.90  46.72   187    0.3
 50842 124.42  46.83   145    0.1
 50850 125.13  46.57   147    1.4
 50851 126.08  46.68   207    1.3
 50852 126.45  46.82   169    1.4
 50858 125.81  46.02   159    1.2
 50859 126.28  46.29   169    0.5
 50861 127.48  46.89   182   12.5
 50867 127.35  46.08   134   39.0
 50871 129.88  46.73    95    0.1
 50913 118.83  45.72   865    0.3
 50924 119.65  45.55   860    0.2
 50928 120.33  45.07   628    8.2
 50934 121.58  45.38   311    2.2
 50937 121.48  45.06   282    2.4
 50939 122.82  45.33   150    3.5
 50940 123.17  45.85   141    1.6
 50946 124.83  45.18   139   12.1
 50954 125.08  45.50   127    3.0
 50956 126.77  46.08   134    6.6
 50958 126.93  45.53   168   13.2
 50960 127.38  45.73   184    9.6
 50962 128.03  45.95   112   16.8
 50964 128.80  45.83   119    1.5
 50965 128.27  45.43   167    6.4
 50979 130.23  45.27   274    0.3
 51377  87.92  44.17   547    0.5
 51378  89.17  44.00   742    0.5
 51434  81.53  43.97   770   22.9
 51435  82.23  43.47   774   16.9
 51436  83.30  43.45   928    3.0
 51438  81.77  43.18  1210    1.5
 51465  87.10  43.48  1871    6.8
 51468  86.83  43.10  3539    2.4
 52853 100.98  36.90  3010    2.6
 52855 101.25  36.68  2675    9.9
 52862 101.68  36.95  2450   27.5
 52863 101.95  36.82  2480    9.9
 52869 101.58  36.50  2667    9.4
 52877 102.25  36.10  2834    0.1
 52957 100.60  35.25  3148    4.3
 52968 101.47  35.03  3662    4.9
 52982 103.55  35.48  1953    0.1
 52985 103.33  35.42  2162    1.8
 52988 103.72  35.37  2015    4.4
 52998 104.20  35.13  2111    0.2
 53272 112.63  42.75  1104    0.3
 53324 107.05  41.07  1035    2.6
 53337 108.47  41.09  1023    0.5
 53343 109.97  41.77  1612    0.1
 53357 110.05  41.03  1360    0.2
 53384 113.18  41.45  1423    0.4
 53419 107.00  40.33  1055    0.8
 53420 107.12  40.85  1024    1.9
 53455 110.53  40.55   998    1.4
 53457 110.03  40.40  1011    0.1
 53498 115.03  40.57   629    0.2
 53505 105.40  37.88  1380    0.1
 53512 106.80  39.80  1105    0.7
 53533 108.71  39.81  1414    0.3
 53545 109.71  39.56  1367    2.5
 53547 109.03  39.10  1312    1.2
 53553 111.22  39.87  1221    0.2
 53562 111.66  39.92  1208    1.4
 53565 111.50  39.43  1051    6.3
 53567 111.00  39.02  1024    3.2
 53573 112.70  40.00  1336    0.5
 53574 112.27  39.52  1409    3.1
 53575 112.20  39.10  1525    7.1
 53576 112.82  39.50  1045    1.1
 53577 112.30  39.00  1437    4.0
 53579 112.90  39.02   859    7.9
 53584 113.17  39.57  1000    0.4
 53585 113.27  39.17   933    0.9
 53617 106.08  38.03  1118    0.3
 53619 106.30  38.12  1115    0.3
 53644 108.83  38.60  1307    9.5
 53658 110.48  38.03   894   11.0
 53659 111.00  37.97  1163   11.8
 53660 111.08  39.02   894    2.8
 53662 111.58  38.72  1396   15.0
 53665 111.65  38.28  1185   18.7
 53666 111.93  38.35  1212   35.8
 53669 111.80  38.08  1150   16.6
 53674 112.70  38.40   869   22.6
 53676 112.98  38.50   759   16.8
 53677 112.48  37.93   806    6.7
 53678 112.65  38.07   897    8.6
 53679 112.54  37.75   776    2.2
 53680 114.38  38.30   108    1.5
 53681 113.37  38.83  1096    2.1
 53682 114.68  38.63   104    0.1
 53685 113.42  38.07   953   16.1
 53688 114.55  38.42   100    0.2
 53689 115.07  38.02    42    1.4
 53691 114.57  38.15    71    2.2
 53693 114.13  38.03   255    5.4
 53694 114.22  38.27   131    4.9
 53695 114.68  38.35    70    0.2
 53696 115.02  38.55    41    0.6
 53697 114.83  38.03    53    2.2
 53699 114.95  38.18    45    0.3
 53727 107.12  37.17  1712    0.3
 53732 108.72  37.85  1209    0.6
 53748 109.70  37.18  1063    0.2
 53750 110.18  37.77   931    7.4
 53751 110.05  37.60   894    2.9
 53756 110.72  37.52   744    2.5
 53760 111.23  37.88  1212   10.6
 53763 112.17  37.92  1006    4.8
 53769 111.78  37.25   747    0.3
 53770 112.35  37.35   768    3.5
 53771 112.05  37.42   750    0.9
 53774 112.37  37.58   759    0.1
 53776 112.77  37.68   831    0.2
 53777 112.14  37.51   753    2.2
 53778 112.22  37.17   780    1.1
 53780 113.15  37.91  1066    1.2
 53782 113.62  37.93   767   11.0
 53783 113.72  37.60   940    1.1
 53784 114.78  37.75    38    1.6
 53789 114.63  37.88    52    3.3
 53790 114.61  37.63    44    0.1
 53791 114.50  37.81    68    3.0
 53796 114.89  37.62    30    0.3
 53829 107.90  35.98  1093    1.3
 53841 109.32  36.88  1068    0.1
 53850 110.18  36.88   804    0.1
 53852 110.63  36.77   916    4.9
 53857 110.18  36.07   840    0.2
 53860 111.17  36.98  1406    2.9
 53862 111.80  36.85   811    1.4
 53864 111.10  36.40  1030    0.4
 53865 111.55  36.65  1011    0.3
 53871 112.85  36.83   964    3.4
 53872 112.68  36.77   960    3.4
 53916 106.32  35.50  1948    0.3
 53917 106.07  35.22  1631    0.6
 53924 107.62  35.07   966    7.0
 53925 107.18  35.68  1172    2.0
 53926 107.35  35.35  1028    2.8
 53927 106.62  35.20  1477    0.1
 53928 107.02  35.30  1149    4.9
 53930 107.98  36.45  1271    0.5
 53931 109.37  36.00   984    0.3
 53934 107.98  35.78  1274    2.4
 53935 108.40  35.49  1481    0.1
 53937 107.92  35.52   979    0.5
 53938 108.30  35.17  1277    0.3
 53941 109.58  35.18   804    1.9
 53944 109.25  35.57   863    0.2
 53945 109.07  35.43  1395    3.2
 53946 109.82  35.60  1091    9.8
 53947 109.07  35.08   978    2.2
 53949 109.92  35.18   679    3.5
 53950 110.15  35.23   708   12.0
 54024 119.30  44.45   710    9.4
 54031 121.82  44.90   198    3.8
 54039 122.02  44.03   181   18.8
 54047 123.28  44.13   145   28.0
 54065 125.65  44.53   169    1.2
 54072 126.52  44.85   196    3.0
 54080 127.15  44.90   194    3.5
 54093 130.55  44.93   266    4.2
 54113 118.65  43.53   621    6.2
 54117 117.53  43.25  1003    2.5
 54122 120.03  43.86   428    4.5
 54214 118.42  42.58   960    2.6
 54279 126.58  42.05   544    0.3
 54305 115.27  41.88  1468    0.3
 54313 118.70  41.93   733    0.4
 54316 118.75  41.52   679    1.2
 54318 117.73  41.32   561    4.5
 54437 118.62  39.51    18    0.3
 54522 117.73  39.88    14    1.4
 54533 118.10  39.58     8    0.4
 54535 118.47  39.29     3    0.6
 54604 115.33  38.42    29    0.9
 54609 115.59  38.23    22    0.4
 54617 116.12  38.18    13    0.1
 54619 116.92  38.92     5   10.5
 54620 115.57  38.48    18    0.1
 54621 115.18  38.18    38    0.1
 54627 117.23  38.03     8    0.1
 54700 115.93  38.03    16    0.4
 54701 115.20  37.93    35    1.4
 54702 115.70  37.73    20    0.2
 54703 115.88  37.80    21    0.1
 54710 116.17  37.87    18    0.2
 54713 116.53  37.88    14    0.4
 54716 116.80  37.67    16    0.2
 54726 117.18  37.70    11    0.1
 54728 117.38  37.77     8    0.2
 56016  95.62  33.85  4179    2.2
 56034  97.13  33.80  4415    9.9
 56045  99.90  33.97  4050    0.1
 56071 102.50  34.59  3190    1.7
 56081 103.35  34.70  2810    0.4
 56082 103.50  34.58  2540    3.9
 56084 103.23  34.07  2374    0.4
 56091 104.47  34.85  1883    6.4
 56094 104.37  33.78  1400    0.4
 56095 104.38  34.03  1753    9.7
 56097 104.25  33.27  1440    5.0
 56164 100.98  32.27  3284    2.4
 56168 102.07  31.48  2168    2.5
 56171 101.70  32.90  3275    5.6
 56180 103.85  31.68  1590    1.1
 56183 103.62  31.50  1370    0.9
 56184 103.17  31.43  1896    2.6
 56185 102.98  32.08  2400   25.5
 56192 104.67  32.95  1014    2.6
 56193 104.52  32.42   893    1.8
 56278 102.77  30.07   755    1.4
 56279 102.93  30.15   682    0.6
 56295 104.55  30.38   448    4.9
 56298 104.60  30.13   417    0.3
 56393 104.85  29.77   369    0.4
 56395 104.67  29.52   351   12.0
 56396 104.77  29.35   352    5.1
 56399 104.98  29.18   306    0.6
 56443  99.80  28.93  2842    3.8
 56490 103.90  28.95   424    1.3
 56499 104.78  28.38   368    0.1
 56593 104.92  28.58   279    1.0
 56835  97.82  24.07   959    0.4
 56944  99.27  23.15  1278    2.9
 56958 100.47  21.96  1222    0.1
 57001 105.33  34.75  1271    1.0
 57002 105.65  34.85  1216    3.7
 57003 106.83  34.90   924    4.0
 57004 104.88  34.73  1495    0.8
 57006 105.75  34.58  1141    1.5
 57007 105.18  34.18  1404    0.8
 57008 105.30  34.03  1579    1.1
 57011 106.15  34.75  1378    0.8
 57012 106.20  34.98  1664    2.0
 57016 107.13  34.35   612    3.3
 57020 107.40  34.37   563    5.3
 57021 107.13  34.65   751    6.6
 57022 107.78  34.68  1026    7.2
 57023 108.11  35.02   919    3.0
 57024 107.65  34.45   669    7.3
 57026 107.88  34.37   585    4.9
 57027 107.73  34.27   517    3.5
 57029 108.48  34.50   543    0.1
 57031 108.55  34.82  1012    3.9
 57032 108.20  34.13   436   18.0
 57033 108.82  34.55   428    1.6
 57035 108.23  34.55   636    0.7
 57038 108.45  34.28   410   18.0
 57039 108.88  34.08   445    5.4
 57040 109.08  34.52   377    3.4
 57042 109.18  34.78   470    2.3
 57043 109.97  34.80   351    1.2
 57044 109.23  34.40   424   12.9
 57045 109.48  34.52   349    2.7
 57047 109.32  34.17   540    7.4
 57054 110.23  34.55   556    0.3
 57055 110.13  34.59   342    0.6
 57057 110.15  34.10   963    0.6
 57084 113.05  34.49  1178    0.1
 57096 114.78  34.53    59    0.1
 57102 105.72  33.75   970    0.2
 57105 105.60  33.33  1221    0.6
 57110 106.08  33.78   930    0.4
 57111 106.30  33.92   961    1.3
 57113 106.55  33.93   984    1.1
 57119 106.70  33.17   548    0.1
 57123 108.07  34.28   506    4.0
 57126 107.55  33.22   468   10.5
 57128 107.33  33.17   486    8.3
 57129 107.72  32.98   446    0.9
 57132 108.58  34.13   411   10.8
 57137 108.32  33.32   802   21.8
 57140 109.12  33.67   818    2.9
 57153 110.33  33.70   639    0.1
 57155 109.87  33.55   660    1.8
 57169 111.87  33.05   159    0.3
 57176 112.42  33.48   231    0.1
 57177 113.53  33.33    89    0.3
 57179 113.00  33.28   160    0.7
 57184 113.30  33.63    97    0.1
 57185 113.58  33.45    91    0.1
 57187 112.93  33.07   118    0.5
 57194 114.27  33.28    59    0.1
 57204 105.22  32.57   782    1.3
 57208 105.52  32.28   544    2.1
 57213 106.93  33.00   536    1.3
 57233 108.50  32.90   413    0.3
 57253 110.82  32.85   201    0.3
 57260 111.52  32.57   133    0.6
 57261 111.52  33.12   233    0.3
 57268 111.62  32.27   120    0.6
 57273 112.85  32.68   109    0.7
 57274 112.12  32.70   107    0.5
 57281 113.30  32.70   142    0.7
 57295 114.35  32.62    78    0.7
 57296 114.73  32.35    48    1.2
 57298 114.55  32.22    55    0.4
 57299 114.90  32.02    49    0.5
 57303 105.92  31.73   459    0.6
 57363 111.83  31.80   151    0.1
 57370 112.22  31.73    67    0.2
 57386 114.00  31.25    51    0.3
 57388 113.71  31.27    53    1.1
 57389 113.75  31.03    32    0.9
 57396 114.85  31.63   128    2.5
 57408 105.35  30.12   338    1.1
 57415 106.63  30.53   394    0.1
 57465 111.45  30.38    74    0.1
 57466 111.75  30.43    50    0.1
 57481 113.57  30.95    30    1.2
 57485 113.47  30.28    23    1.0
 57543 110.03  29.90   539    0.1
 57564 111.13  29.43   103    2.5
 58008 115.33  34.47    54    0.1
 58107 115.28  33.02    35    0.7
 58108 115.33  33.23    34    2.4
 58109 115.65  33.13    31    3.6
 58117 116.20  33.13    27   12.1
 58127 117.20  32.98    21    3.4
 58129 117.83  33.15    14    1.4
 58147 118.97  32.98    24    3.0
 58148 119.34  33.27     3    0.2
 58202 115.57  32.67    31    0.5
 58205 115.43  32.47    34    1.8
 58207 115.05  32.17    42    0.1
 58210 116.23  32.65    25    1.0
 58212 116.77  32.72    23    0.6
 58214 116.30  32.37    27   17.3
 58220 117.15  32.47    28    1.0
 58222 117.55  32.85    24    3.4
 58223 117.98  32.80    31   13.8
 58224 117.02  32.65    32    0.6
 58230 118.28  32.12    26    0.1
 58234 118.42  32.47    40    0.2
 58240 119.02  32.68    21   13.4
 58242 119.16  32.30    22    0.2
 58243 119.82  32.95     3   27.0
 58246 119.99  32.56     2    2.7
 58250 120.16  32.51     6    0.6
 58254 120.45  32.52     5    0.1
 58257 120.26  31.99     4    0.1
 58264 121.18  32.33     3    0.9
 58329 117.87  31.33     9    0.9
 58330 118.08  31.75    26    0.1
 58335 118.52  31.57    23    0.3
 58344 119.20  31.96    36    0.1
 58359 120.62  31.13     4    0.1
 58360 121.20  31.92     3    0.1
 58361 121.37  31.10     5    0.1
 58365 121.25  31.37     4    0.1
 58367 121.43  31.20     4    0.1
 58418 116.67  30.13    60    1.1
 58428 117.50  30.22   118    0.1
 58451 120.93  30.83     2    0.1
 58460 121.35  30.73     5    0.1
 58461 121.12  31.13     4    0.2
 58462 121.23  31.03     4    0.1
 58484 122.20  30.25    37    0.1
 58512 116.55  29.90    71    1.2
 58567 121.43  29.32    39    0.1
 58657 120.28  28.15    57    0.1
