diamond  3 2015年06月21日02点6小时降雨量                     
  15  06  21  02    -1 3 10 25 50 1 0
 39 122.7  37.3 122.5  36.7 120.8  36.2 119.3  35.0 120.4  34.3
 121.1  32.7 122.3  30.9 122.5  30.1 121.5  28.0 119.8  25.0
 116.1  22.6 111.0  21.0 111.0  18.6 109.6  18.1 108.3  18.5
 108.9  19.9 109.3  21.0 106.4  21.6 104.1  22.2 101.6  20.8
  98.7  22.0  97.1  24.1  97.7  27.0  91.7  26.6  85.7  27.7
  78.9  30.6  73.3  37.1  74.1  40.7  87.6  49.8  98.5  43.9
 110.4  44.3 122.0  54.7 135.7  48.3 131.5  42.2 125.2  39.4
 121.3  38.5 121.2  40.3 118.5  38.6 120.8  38.1
 1     308
 50137 122.37  53.47   296    0.7
 53644 108.83  38.60  1307    0.5
 53658 110.48  38.03   894    0.1
 53659 111.00  37.97  1163    1.8
 53662 111.58  38.72  1396    6.4
 53748 109.70  37.18  1063    1.5
 53750 110.18  37.77   931    2.2
 53751 110.05  37.60   894    2.1
 53753 110.88  37.43   860    3.1
 53756 110.72  37.52   744    2.4
 53757 110.12  37.12   938    1.8
 53759 110.83  36.98  1109    1.4
 53760 111.23  37.88  1212   28.1
 53767 111.17  37.33  1213    5.8
 53769 111.78  37.25   747    0.2
 53778 112.22  37.17   780    0.1
 53829 107.90  35.98  1093    0.2
 53832 108.77  36.77  1218    5.3
 53841 109.32  36.88  1068    3.5
 53848 109.35  36.27  1005    0.8
 53850 110.18  36.88   804    2.9
 53852 110.63  36.77   916    0.9
 53856 110.75  36.47   765    1.2
 53857 110.18  36.07   840    0.1
 53860 111.17  36.98  1406    1.4
 53862 111.80  36.85   811    2.2
 53864 111.10  36.40  1030    0.7
 53865 111.55  36.65  1011    2.0
 53866 111.67  36.23   462    0.3
 53869 111.70  36.58   550    1.0
 53874 111.90  36.25   648    0.5
 53875 112.35  36.52  1000    0.7
 53924 107.62  35.07   966    0.1
 53930 107.98  36.45  1271    0.3
 53931 109.37  36.00   984    0.1
 53934 107.98  35.78  1274    0.1
 53970 112.20  35.70   887    0.1
 56168 102.07  31.48  2168    4.9
 56171 101.70  32.90  3275    1.7
 56180 103.85  31.68  1590    4.4
 56181 103.70  30.68   541    0.3
 56183 103.62  31.50  1370    5.0
 56184 103.17  31.43  1896    2.0
 56186 104.20  31.33   589    0.4
 56193 104.52  32.42   893    0.4
 56194 104.45  31.63   597    0.1
 56197 104.17  31.15   535    0.1
 56198 104.50  31.32   525    0.2
 56267 101.02  30.03  2600    0.1
 56272 103.88  30.82   558    0.1
 56273 102.82  30.39  1022    0.5
 56278 102.77  30.07   755    0.2
 56279 102.93  30.15   682    0.5
 56280 103.12  30.08   691    0.7
 56281 103.50  30.18   510    2.2
 56284 103.43  30.45   518   14.7
 56285 103.52  30.60   523    2.5
 56289 103.87  30.20   437    0.1
 56317  94.22  29.22  2950    1.8
 56342  98.60  29.68  3870    0.4
 56371 102.23  29.92  1321    1.8
 56373 102.85  29.78   763    0.4
 56376 102.63  29.33  1098    1.9
 56378 102.35  29.23   890    2.9
 56380 103.35  29.88   571    1.6
 56381 103.50  30.07   630    6.1
 56382 103.55  29.75   475    7.1
 56384 103.48  29.60   446    0.6
 56387 103.27  29.23   642    0.1
 56391 103.82  30.08   415    0.3
 56394 104.43  29.45   384    1.0
 56395 104.67  29.52   351    0.7
 56396 104.77  29.35   352    0.1
 56443  99.80  28.93  2842    0.1
 56473 102.77  28.95  1060    4.1
 56474 102.17  28.55  1774   17.0
 56478 102.43  28.30  1818   16.9
 56480 103.53  28.82   564    1.6
 56483 103.95  28.58   496    0.3
 56487 103.13  28.33  1943   10.1
 56489 103.63  28.23   877    2.7
 56491 104.57  28.70   287    0.8
 56493 104.97  28.85   292    3.6
 56494 104.33  28.84   386    0.1
 56496 105.23  28.32   358    2.7
 56497 104.23  28.10   448    0.3
 56498 104.50  28.15   549    0.8
 56499 104.78  28.38   368    0.8
 56569 102.18  27.42  1380    3.6
 56575 102.55  27.37  1428   12.0
 56578 102.75  27.07   993   22.2
 56580 102.80  27.72  2460   12.2
 56582 103.90  27.75  1176    0.4
 56584 103.25  27.70  1093    9.0
 56585 103.56  27.19  1952    1.1
 56593 104.92  28.58   279    0.1
 56594 104.05  27.63   880    0.4
 56596 105.05  27.85  1177    0.5
 56670 102.12  26.92  1136    0.9
 56673 102.92  26.92   893    9.7
 56688 103.17  26.10  1254    8.7
 56697 104.08  26.22  1984    6.5
 56783 103.80  25.50  1906    2.9
 56790 104.25  25.68  1925   69.1
 56839  98.82  23.77   995    0.8
 56992 104.70  23.45  1507    0.1
 57021 107.13  34.65   751    2.8
 57054 110.23  34.55   556    1.0
 57231 108.53  32.53   503    0.1
 57233 108.50  32.90   413    1.4
 57274 112.12  32.70   107    0.1
 57296 114.73  32.35    48    0.1
 57298 114.55  32.22    55    0.2
 57299 114.90  32.02    49    1.5
 57349 109.86  31.08   606    0.5
 57361 111.27  31.88   327    0.1
 57363 111.83  31.80   151    1.7
 57368 111.63  31.05   141    5.9
 57370 112.22  31.73    67    0.9
 57377 112.22  31.00   191    3.6
 57385 113.82  31.62    93    1.6
 57386 114.00  31.25    51    3.6
 57387 113.13  31.00    84    5.2
 57388 113.71  31.27    53    3.1
 57389 113.75  31.03    32    4.5
 57390 114.07  31.80   733    3.2
 57396 114.85  31.63   128    3.4
 57398 114.62  31.28    74    4.0
 57408 105.35  30.12   338    2.7
 57437 108.03  30.30   325    1.3
 57438 108.12  29.98   632    5.2
 57453 111.32  30.77   115    1.6
 57460 111.78  30.82    91    1.3
 57462 111.08  30.87   139   10.6
 57464 111.18  30.47   142    1.4
 57465 111.45  30.38    74    0.5
 57466 111.75  30.43    50    0.1
 57475 112.90  30.40    31    0.1
 57477 112.22  30.07    38    6.0
 57481 113.57  30.95    30    4.7
 57485 113.47  30.28    23    0.1
 57486 113.85  30.65    25    0.2
 57489 114.01  30.52    23    0.9
 57491 114.40  30.87    31    6.0
 57492 114.84  30.84    40    2.7
 57495 114.88  30.67    28    0.1
 57496 114.87  30.37    31    0.6
 57498 114.94  30.52    26    0.6
 57507 105.30  29.33   385    0.4
 57509 106.92  28.99   599    6.4
 57511 106.45  29.85   240    0.2
 57513 106.62  29.73   464    0.5
 57514 106.22  29.58   331    0.1
 57518 106.50  29.33   506    0.1
 57519 107.11  29.16   698    2.4
 57522 107.27  29.74   372    2.4
 57525 107.75  29.32   277   24.3
 57537 108.17  29.30   322   14.3
 57540 109.15  29.68   776    4.0
 57541 109.48  30.00   532    1.3
 57543 110.03  29.90   539    4.9
 57544 109.45  29.47   488    2.2
 57558 110.47  29.13   183    3.4
 57564 111.13  29.43   103    4.0
 57565 111.73  29.67    38    3.6
 57566 111.65  29.45    51    9.9
 57571 112.40  29.70    35    8.1
 57575 112.55  29.52    31    6.6
 57577 112.17  29.40    36    5.1
 57582 113.88  29.72    46    0.2
 57585 113.45  29.48    60    1.3
 57586 114.03  29.53    78    0.5
 57589 113.87  29.27   146    0.9
 57590 114.37  29.85    98    0.1
 57596 114.20  29.63   751    0.2
 57600 105.06  28.71   420    0.7
 57603 105.83  28.82   283    0.2
 57609 105.70  28.58   317    0.4
 57623 107.60  28.88   685   14.9
 57634 107.88  28.52   660   44.9
 57635 108.98  28.45   363   20.1
 57636 108.50  28.57   334    9.3
 57637 108.10  28.25   629   23.9
 57640 109.45  28.58   341    8.8
 57643 109.83  29.00   268    3.9
 57646 109.95  28.62   302    1.9
 57657 110.21  28.23   186   23.0
 57658 110.20  28.02   152   65.5
 57661 111.48  28.92    48   14.1
 57663 111.95  28.92    31   19.8
 57666 112.13  28.52    52   21.9
 57674 112.38  28.57    46    8.7
 57678 112.55  28.25    74   18.0
 57680 113.11  28.86    82    2.2
 57688 113.63  28.16   101   11.5
 57708 105.60  27.15  1700    0.1
 57719 106.97  27.07  1275   11.6
 57720 107.17  27.88   889   11.4
 57723 107.72  27.98   710   26.7
 57728 107.47  27.07  1096    9.9
 57732 108.40  28.02   456    4.1
 57734 108.23  27.57   467    0.5
 57735 108.82  27.18   404    2.2
 57736 108.85  27.70   369   22.9
 57737 108.12  27.03   547    0.1
 57738 108.42  27.05   516    0.2
 57739 108.92  27.23   394    0.6
 57740 109.60  27.95   349   11.6
 57742 109.20  27.52   884    5.7
 57743 109.80  27.88   176    6.8
 57760 111.43  27.70   249    0.2
 57763 112.00  27.68   205    0.4
 57771 112.53  27.93    88   31.2
 57772 112.50  27.75    86    1.5
 57773 112.83  27.88    63   28.6
 57778 112.95  27.09    70    4.4
 57781 113.50  27.65    74    0.2
 57786 113.85  27.63   117    3.1
 57798 114.60  27.40    85    4.3
 57807 105.47  26.21  1361   67.5
 57808 105.75  26.32  1274   27.6
 57809 105.75  26.07  1251   32.2
 57811 106.60  26.83  1296    5.5
 57813 106.47  26.57  1261   36.5
 57814 106.27  26.42  1298   24.9
 57818 106.45  26.03  1140   63.4
 57821 107.50  26.70   925    7.8
 57822 107.90  26.90   835    2.8
 57824 107.23  26.58  1001   40.9
 57828 107.58  26.50   983   24.1
 57829 107.80  26.20   963    0.9
 57837 108.07  26.40   839    5.2
 57865 111.62  26.50   192    0.2
 57867 111.28  26.40   169    0.6
 57868 111.86  26.59   113    0.2
 57875 112.68  26.75   137   50.0
 57886 113.80  26.48   268    2.2
 57887 113.12  26.12   167    1.6
 57900 105.22  25.83  1552   95.2
 57903 105.60  25.94  1142   84.6
 57905 105.61  25.40  1184   26.6
 57908 105.48  25.12  1394    2.1
 57911 106.65  26.67  1323   22.7
 57913 106.98  26.45  1093   51.3
 57914 106.67  26.42  1149   54.5
 57915 106.77  26.63  1104   14.6
 57942 110.00  25.80   268    0.4
 57962 111.65  25.97   167   11.8
 57973 112.72  25.75   329    3.7
 57978 112.55  25.27   292    1.0
 57981 113.22  25.97   139    0.6
 57991 114.55  25.80   140    0.1
 57992 114.75  25.67   127   19.8
 57994 114.35  25.40   215   16.2
 58107 115.28  33.02    35    1.7
 58108 115.33  33.23    34    0.7
 58112 116.45  30.73   968    0.1
 58202 115.57  32.67    31    0.1
 58207 115.05  32.17    42    0.3
 58230 118.28  32.12    26    2.7
 58237 118.59  32.07    46    0.2
 58301 115.38  31.82    92    3.1
 58306 115.88  31.68    95    3.7
 58316 116.92  31.47    23    1.7
 58317 116.37  30.87   434    1.0
 58320 117.13  31.73    21    1.3
 58323 117.47  31.88    25    0.4
 58327 117.28  31.27    45    0.7
 58329 117.87  31.33     9    0.4
 58330 118.08  31.75    26    0.7
 58331 118.37  31.73    22    0.2
 58334 118.37  31.38     9    0.5
 58335 118.52  31.57    23    0.3
 58337 118.18  31.08    26    0.7
 58339 118.90  31.33    15    0.5
 58346 119.81  31.34    16    0.7
 58349 120.56  31.41     8    0.1
 58359 120.62  31.13     4    0.1
 58360 121.20  31.92     3    0.4
 58404 115.22  30.47    61    0.2
 58431 118.32  30.90    39    0.1
 58442 119.18  31.17    16    0.4
 58443 119.89  31.02    25    0.5
 58631 118.50  28.90   137    0.6
 58704 115.35  27.58   104    3.7
 58746 119.70  27.55   538    1.7
 58747 119.35  27.15   899    0.1
 58748 119.65  27.10    50    5.7
 58749 119.88  27.23   684    3.2
 58750 120.08  27.78   105    0.1
 58751 120.57  27.67   254    2.4
 58822 116.85  26.83   342    0.5
 58824 117.15  26.40   357    0.1
 58845 119.53  26.50    60    0.2
 58905 115.42  25.97   133   21.5
 58906 115.80  25.60   167    0.1
 58912 116.73  25.72   404   37.3
 58923 117.83  25.70   400    2.8
 58928 117.53  25.02   166   37.3
 58929 118.15  25.07    68    0.6
 58934 118.27  25.33   183    0.6
 58935 118.23  25.48   521    2.6
 58938 118.98  25.23    23    0.6
 58946 119.00  25.45    81    0.3
 59031 108.26  24.81   342    0.1
 59094 114.12  24.35   184   48.3
 59124 117.38  24.52    53    0.1
 59130 118.15  24.73    30    0.1
