diamond  3 2015年06月05日14点6小时降雨量                     
  15  06  05  14    -1 3 10 25 50 1 0
 39 122.7  37.3 122.5  36.7 120.8  36.2 119.3  35.0 120.4  34.3
 121.1  32.7 122.3  30.9 122.5  30.1 121.5  28.0 119.8  25.0
 116.1  22.6 111.0  21.0 111.0  18.6 109.6  18.1 108.3  18.5
 108.9  19.9 109.3  21.0 106.4  21.6 104.1  22.2 101.6  20.8
  98.7  22.0  97.1  24.1  97.7  27.0  91.7  26.6  85.7  27.7
  78.9  30.6  73.3  37.1  74.1  40.7  87.6  49.8  98.5  43.9
 110.4  44.3 122.0  54.7 135.7  48.3 131.5  42.2 125.2  39.4
 121.3  38.5 121.2  40.3 118.5  38.6 120.8  38.1
 1     278
 50431 121.52  50.78   717    3.1
 50445 123.73  50.58   423    1.1
 50524 119.43  49.32   576   0.01
 50566 128.47  49.55   116    0.6
 50645 124.48  48.48   195    0.1
 50647 123.48  48.13   236    1.7
 50741 123.50  47.93   185    1.1
 50772 129.23  48.10   288    0.8
 50776 130.83  47.57    83    0.1
 50832 122.08  46.72   332    6.2
 50833 122.90  46.72   187    1.5
 50842 124.42  46.83   145    0.2
 50867 127.35  46.08   134    0.4
 50913 118.83  45.72   865    2.5
 50924 119.65  45.55   860    0.3
 50928 120.33  45.07   628    0.1
 50934 121.58  45.38   311    1.1
 50937 121.48  45.06   282    0.7
 50939 122.82  45.33   150    0.4
 50940 123.17  45.85   141   0.01
 50958 126.93  45.53   168    0.2
 50960 127.38  45.73   184    1.8
 50962 128.03  45.95   112    1.5
 50964 128.80  45.83   119    0.1
 50965 128.27  45.43   167    4.1
 54031 121.82  44.90   198    2.6
 54039 122.02  44.03   181    0.3
 54047 123.28  44.13   145    0.1
 54080 127.15  44.90   194    0.2
 54092 129.40  44.60   292    4.7
 54098 129.47  44.33   267    6.3
 54132 121.07  42.40   400    4.3
 54155 124.23  43.67   144   0.01
 54172 126.53  43.87   290    2.2
 54187 128.92  43.12   366    1.6
 54192 130.27  43.70   384    1.2
 54223 120.65  42.85   362    0.1
 54231 122.35  42.97   248    2.7
 54234 121.75  42.73   297    2.0
 54244 123.33  42.75   118    1.9
 54245 123.40  42.50    97    1.4
 54248 123.53  42.03    61    0.3
 54249 123.87  42.30    85    0.6
 54252 124.75  42.73   196   0.01
 54261 125.47  42.67   345    0.1
 54279 126.58  42.05   544   0.01
 54290 129.40  42.77   241    1.0
 54291 130.28  42.90    36    0.6
 54293 129.83  42.95   142    0.7
 54313 118.70  41.93   733    0.1
 54316 118.75  41.52   679    0.1
 54323 120.78  41.82   253    0.1
 54330 121.33  41.13    45   0.01
 54332 122.72  41.52    12   0.01
 54336 122.42  41.42     8   0.01
 54340 123.32  41.67    35   0.01
 54345 123.07  41.20    30    0.3
 54347 123.17  41.23    24   0.01
 54348 123.37  41.41    45    0.5
 54362 125.73  41.67   380    0.3
 54371 126.43  41.93   520   0.01
 54453 120.96  40.87    38   0.01
 54475 122.45  40.57    11   0.01
 54483 123.90  40.88   233    0.1
 54494 124.07  40.47    72    0.2
 54590 124.17  39.88     4   0.01
 54853 120.42  36.17    42   0.01
 56180 103.85  31.68  1590    3.0
 56185 102.98  32.08  2400   0.01
 56190 104.55  31.55   519   0.01
 56194 104.45  31.63   597    0.4
 56198 104.50  31.32   525   0.01
 56376 102.63  29.33  1098    0.1
 56382 103.55  29.75   475    0.2
 56389 103.95  29.20   387   0.01
 56390 104.07  29.67   404   0.01
 56393 104.85  29.77   369    0.2
 56394 104.43  29.45   384    0.1
 56395 104.67  29.52   351   0.01
 56396 104.77  29.35   352   0.01
 56399 104.98  29.18   306   0.01
 56473 102.77  28.95  1060   0.01
 56490 103.90  28.95   424   0.01
 56575 102.55  27.37  1428    1.7
 56578 102.75  27.07   993    0.1
 56585 103.56  27.19  1952    3.4
 56594 104.05  27.63   880    0.1
 56595 104.87  27.42  1645    0.3
 56598 104.73  27.13  1535    4.9
 56669 101.67  26.05  1531    0.8
 56688 103.17  26.10  1254    0.7
 56697 104.08  26.22  1984   0.01
 56772 102.50  25.23  1692    0.7
 56781 103.27  25.55  1873    5.3
 56782 103.55  25.42  2067    0.3
 56783 103.80  25.50  1906    0.5
 56788 103.62  24.98  1857    0.5
 56790 104.25  25.68  1925    3.9
 56835  97.82  24.07   959   15.3
 56836  97.95  24.70   826    4.5
 56839  98.82  23.77   995   0.01
 56840  98.30  24.82  1012    1.7
 56841  98.68  24.60  1528   0.01
 56844  98.58  24.43   913   11.3
 56863 102.48  24.93  1848   10.3
 56870 102.18  24.66  1600    1.2
 56871 102.60  24.65  1893    2.6
 56872 102.62  24.95  2358    8.9
 56873 102.92  24.68  1796   0.01
 56876 102.77  24.28  1731    4.6
 56878 102.75  24.13  1801    5.4
 56879 102.91  24.19  1702    0.6
 56880 103.17  24.92  1532    0.1
 56882 102.83  24.91  1976    1.4
 56889 104.17  24.05  1518   0.01
 56891 104.32  24.98  1482    0.6
 56898 102.41  24.18  1600   14.6
 56962 101.67  23.42  1314   0.01
 56970 102.48  23.70  1419    3.5
 56973 102.83  23.62  1309   0.01
 56982 103.29  23.70  1117    2.7
 56984 103.15  23.38  1720    0.3
 56987 103.23  22.78  1260    1.7
 56989 103.95  22.50   137    4.5
 56995 104.42  23.03  1332    0.6
 57308 105.38  31.22   421   0.01
 57407 105.03  30.28   462   0.01
 57408 105.35  30.12   338   0.01
 57409 105.80  30.18   297    0.1
 57505 105.58  29.42   338    0.1
 57506 105.90  29.37   353    0.7
 57507 105.30  29.33   385    0.6
 57508 105.37  29.15   301    0.1
 57509 106.92  28.99   599    0.6
 57510 106.07  29.85   326    0.2
 57511 106.45  29.85   240    0.4
 57513 106.62  29.73   464    0.7
 57514 106.22  29.58   331    1.6
 57518 106.50  29.33   506    2.2
 57519 107.11  29.16   698    2.3
 57525 107.75  29.32   277    0.9
 57600 105.06  28.71   420   0.01
 57609 105.70  28.58   317   0.01
 57708 105.60  27.15  1700    5.0
 57717 106.83  27.53   974   0.01
 57719 106.97  27.07  1275    1.1
 57728 107.47  27.07  1096   0.01
 57792 114.68  27.82    93    0.1
 57800 105.37  26.77  1457    0.3
 57811 106.60  26.83  1296    0.6
 57813 106.47  26.57  1261    0.2
 57818 106.45  26.03  1140    0.1
 57821 107.50  26.70   925   0.01
 57824 107.23  26.58  1001    1.0
 57828 107.58  26.50   983   0.01
 57837 108.07  26.40   839    0.1
 57886 113.80  26.48   268    0.2
 57887 113.12  26.12   167   0.01
 57895 114.78  26.47   101    0.2
 57899 114.92  26.80    71   0.01
 57900 105.22  25.83  1552   0.01
 57905 105.61  25.40  1184   0.01
 57909 105.82  24.98   584   0.01
 57911 106.65  26.67  1323    0.1
 57913 106.98  26.45  1093    0.1
 57914 106.67  26.42  1149    0.3
 57915 106.77  26.63  1104    0.3
 57923 107.87  25.98   419    0.1
 57949 110.00  24.98   156    0.5
 57958 110.32  25.08   151    0.1
 57964 111.15  25.50   263   0.01
 57966 111.96  25.59   244    0.7
 57969 111.31  25.28   269    2.2
 57973 112.72  25.75   329    2.8
 57975 112.20  25.38   277   12.2
 57976 112.94  25.41   222   11.2
 57978 112.55  25.27   292    2.3
 57988 113.33  25.10   143   0.01
 57989 113.77  25.07   112    4.4
 57990 114.30  25.70   246    1.8
 57991 114.55  25.80   140    8.3
 57992 114.75  25.67   127    9.7
 57994 114.35  25.40   215   20.5
 57995 114.93  25.40   164   20.7
 58623 117.92  28.47    90    0.1
 58647 119.13  28.08   222   0.01
 58664 121.37  28.37    35    0.1
 58735 118.75  27.52   260   0.01
 58736 118.82  27.38   262    2.4
 58746 119.70  27.55   538    0.6
 58747 119.35  27.15   899    2.0
 58748 119.65  27.10    50    0.3
 58749 119.88  27.23   684    2.9
 58750 120.08  27.78   105   0.01
 58751 120.57  27.67   254    1.4
 58804 115.35  26.35   151    4.0
 58814 116.35  26.35   247    0.9
 58819 116.82  26.18   336    1.2
 58821 117.47  26.73   173    0.5
 58822 116.85  26.83   342    0.1
 58823 117.80  26.80   175    0.1
 58824 117.15  26.40   357    2.5
 58826 117.80  26.40   120    7.2
 58828 117.62  26.27   208    8.5
 58836 118.73  26.58   361    1.6
 58839 118.85  26.23    40    3.1
 58845 119.53  26.50    60    0.6
 58850 120.23  26.92    92    1.2
 58903 116.03  25.90   210    6.8
 58905 115.42  25.97   133    4.7
 58906 115.80  25.60   167    4.1
 58907 115.40  25.15   305   27.8
 58912 116.73  25.72   404    6.6
 58917 116.10  25.08   307    3.4
 58923 117.83  25.70   400   0.01
 58928 117.53  25.02   166   0.01
 58932 118.93  25.87    85   0.01
 58934 118.27  25.33   183    0.1
 58940 119.33  26.08    25   0.01
 59004 105.10  24.50   725   0.01
 59012 106.55  24.78   972   0.01
 59044 109.38  24.47    97   0.01
 59045 109.75  24.48    94    0.1
 59053 110.64  24.65   157    0.1
 59055 110.40  24.50   165    0.1
 59057 110.18  24.13   830   0.01
 59059 110.80  24.18   105   0.01
 59061 111.27  24.82   193    1.0
 59063 111.45  25.18   265    0.3
 59064 111.32  24.55   136   0.01
 59071 112.28  24.73   174    0.7
 59074 112.15  24.57   300    0.1
 59075 112.63  24.48    70    0.4
 59081 113.29  24.78   131    2.0
 59090 114.07  24.95   103   10.1
 59091 114.52  24.75   277   10.7
 59093 115.03  24.78   253    0.1
 59094 114.12  24.35   184    1.2
 59124 117.38  24.52    53    9.8
 59125 117.30  24.38   108   0.01
 59130 118.15  24.73    30    0.1
 59205 105.63  23.65   685   0.01
 59213 106.92  23.73   110   0.01
 59215 106.63  23.33   680    0.2
 59224 107.12  23.60   111    0.4
 59227 107.13  23.12   454    3.8
 59229 107.70  23.17   125    3.6
 59230 108.17  23.72   168   0.01
 59235 108.62  23.43   115   0.01
 59237 108.28  23.17   111    1.4
 59238 108.80  23.22   122   0.01
 59241 109.68  23.97    90   0.01
 59246 109.67  23.60    70   0.01
 59255 110.38  23.55    32   0.01
 59264 111.50  23.40    83   0.01
 59266 111.23  23.42    42   0.01
 59270 112.18  23.92    84    1.4
 59276 112.65  23.35    40    3.6
 59279 112.87  23.18    24    0.8
 59284 113.24  23.42    38    5.1
 59285 113.60  23.57    38   26.5
 59290 114.25  23.78    85   32.0
 59297 114.28  23.17    17    3.6
 59419 106.73  22.07   348   23.0
 59421 107.20  22.83   255    5.2
 59425 107.35  22.40   107    8.3
 59426 107.92  22.62   146   13.1
 59427 107.07  22.12   163   12.1
 59429 108.01  22.18   216   12.1
 59432 108.40  22.80   194    1.2
 59435 108.48  22.77    74    3.0
 59448 109.55  22.27    69   23.7
 59449 109.98  22.30    85    2.5
 59454 111.00  22.95   202    4.9
 59457 110.27  22.32   121   40.3
 59492 114.73  22.97    47    1.2
 59500 115.32  22.97     6    0.2
 59635 108.35  21.62    31   50.7
