diamond  3 2015年06月04日08点6小时降雨量                     
  15  06  04  08    -1 3 10 25 50 1 0
 39 122.7  37.3 122.5  36.7 120.8  36.2 119.3  35.0 120.4  34.3
 121.1  32.7 122.3  30.9 122.5  30.1 121.5  28.0 119.8  25.0
 116.1  22.6 111.0  21.0 111.0  18.6 109.6  18.1 108.3  18.5
 108.9  19.9 109.3  21.0 106.4  21.6 104.1  22.2 101.6  20.8
  98.7  22.0  97.1  24.1  97.7  27.0  91.7  26.6  85.7  27.7
  78.9  30.6  73.3  37.1  74.1  40.7  87.6  49.8  98.5  43.9
 110.4  44.3 122.0  54.7 135.7  48.3 131.5  42.2 125.2  39.4
 121.3  38.5 121.2  40.3 118.5  38.6 120.8  38.1
 1     551
 50525 119.75  49.15   620    0.3
 50674 129.43  48.57   404    0.7
 52607 106.65  39.43  1252    0.1
 52863 101.95  36.82  2480    0.1
 52874 102.41  36.49  2021    0.1
 52980 103.30  35.97  1648    0.9
 52981 103.38  35.68  2421    0.4
 52982 103.55  35.48  1953    0.3
 52985 103.33  35.42  2162    1.3
 52988 103.72  35.37  2015    0.9
 52993 105.07  35.68  1739    0.5
 52995 104.62  35.58  1897    0.3
 52996 105.02  35.38  2450    1.1
 52998 104.20  35.13  2111    2.2
 53272 112.63  42.75  1104    0.4
 53337 108.47  41.09  1023    1.3
 53343 109.97  41.77  1612    1.8
 53348 109.13  41.02  1078    4.1
 53357 110.05  41.03  1360    3.2
 53367 111.23  41.32  1602    2.7
 53368 111.47  41.08  1637    8.3
 53378 112.62  41.28  1737    1.0
 53384 113.18  41.45  1423    1.7
 53385 113.54  41.60  1420    0.9
 53397 113.98  41.10  1376    2.2
 53419 107.00  40.33  1055    0.1
 53420 107.12  40.85  1024    0.4
 53433 108.65  40.73  1020    0.9
 53455 110.53  40.55   998    8.3
 53457 110.03  40.40  1011    3.0
 53464 111.17  40.72  1042    0.6
 53466 111.70  40.75  1045    7.5
 53467 111.18  40.27  1016    1.9
 53469 111.82  40.40  1166    2.1
 53472 112.57  40.87  1451    1.9
 53475 112.47  40.52  1268    4.4
 53481 113.22  40.80  1316    2.9
 53483 113.83  40.87  1268    3.7
 53484 113.15  40.45  1191    3.6
 53486 113.77  40.37  1050    2.2
 53488 113.58  40.03  1034    5.8
 53491 114.38  40.67   837    4.6
 53498 115.03  40.57   629    3.8
 53499 114.73  40.77   755    5.6
 53512 106.80  39.80  1105    0.1
 53522 107.83  40.05  1180    0.7
 53533 108.71  39.81  1414    3.3
 53545 109.71  39.56  1367    1.6
 53547 109.03  39.10  1312    0.1
 53553 111.22  39.87  1221    4.6
 53562 111.66  39.92  1208    4.3
 53565 111.50  39.43  1051    7.3
 53567 111.00  39.02  1024    7.9
 53573 112.70  40.00  1336    0.9
 53574 112.27  39.52  1409    1.0
 53575 112.20  39.10  1525    1.0
 53576 112.82  39.50  1045    0.4
 53577 112.30  39.00  1437    0.4
 53579 112.90  39.02   859    0.2
 53580 113.10  39.82  1044    4.0
 53582 113.67  39.72  1079    2.0
 53584 113.17  39.57  1000    2.3
 53585 113.27  39.17   933    2.4
 53599 114.68  39.37   884    0.8
 53619 106.30  38.12  1115    0.1
 53658 110.48  38.03   894    3.1
 53659 111.00  37.97  1163    3.2
 53660 111.08  39.02   894 2146.6
 53662 111.58  38.72  1396    3.5
 53666 111.93  38.35  1212    0.1
 53676 112.98  38.50   759    1.6
 53678 112.65  38.07   897    0.6
 53679 112.54  37.75   776    0.2
 53681 113.37  38.83  1096    0.4
 53727 107.12  37.17  1712    0.2
 53730 107.48  38.18  1333    0.2
 53750 110.18  37.77   931    0.6
 53751 110.05  37.60   894    0.2
 53753 110.88  37.43   860    1.4
 53756 110.72  37.52   744    2.3
 53757 110.12  37.12   938    0.6
 53759 110.83  36.98  1109    0.2
 53760 111.23  37.88  1212    3.8
 53763 112.17  37.92  1006    1.5
 53767 111.17  37.33  1213    1.4
 53768 111.75  37.15   773    0.3
 53769 111.78  37.25   747    0.1
 53776 112.77  37.68   831    0.1
 53848 109.35  36.27  1005    0.1
 53850 110.18  36.88   804    0.8
 53852 110.63  36.77   916    0.1
 53860 111.17  36.98  1406    0.6
 53861 111.38  35.88   463    1.1
 53862 111.80  36.85   811    0.8
 53865 111.55  36.65  1011    0.2
 53866 111.67  36.23   462    0.7
 53869 111.70  36.58   550    0.7
 53871 112.85  36.83   964    0.1
 53874 111.90  36.25   648    0.1
 53879 112.88  36.32   952    0.4
 53881 106.48  37.28  1382    0.1
 53906 105.71  35.52  1656    0.6
 53908 105.23  35.22  1768    0.1
 53914 106.12  35.62  2078    0.7
 53916 106.32  35.50  1948    0.5
 53917 106.07  35.22  1631    0.1
 53924 107.62  35.07   966    0.5
 53925 107.18  35.68  1172    0.6
 53926 107.35  35.35  1028    0.6
 53927 106.62  35.20  1477    0.3
 53928 107.02  35.30  1149    0.5
 53931 109.37  36.00   984    0.1
 53934 107.98  35.78  1274    0.4
 53935 108.40  35.49  1481    0.1
 53937 107.92  35.52   979    0.2
 53938 108.30  35.17  1277    0.1
 53941 109.58  35.18   804    0.8
 53944 109.25  35.57   863    0.6
 53945 109.07  35.43  1395    0.9
 53946 109.82  35.60  1091    1.0
 53947 109.07  35.08   978    1.0
 53949 109.92  35.18   679    0.1
 53950 110.15  35.23   708    1.5
 53953 110.85  35.97   965    0.8
 53954 110.97  35.62   433    0.3
 53956 110.83  35.40   588    0.3
 53957 110.72  35.62   459    0.7
 53958 110.78  35.17   435    1.8
 53961 111.48  35.65   472    1.2
 53962 111.70  35.73   584    2.1
 53964 111.22  35.62   430    0.6
 53965 111.57  35.52   761    2.0
 53966 111.83  35.98   817    1.5
 53967 111.20  35.33   468    2.6
 53970 112.20  35.70   887    0.2
 53976 112.87  35.50   752    0.3
 53978 112.63  35.08   140    0.9
 54404 115.83  40.88   867    0.3
 54408 115.22  40.38   529    4.3
 54410 116.13  40.60  1224    0.9
 54412 116.63  40.73   331    0.1
 54501 115.68  39.97   440    0.3
 54597 115.74  39.73   407    0.2
 56071 102.50  34.59  3190    0.1
 56081 103.35  34.70  2810    0.2
 56082 103.50  34.58  2540    0.6
 56084 103.23  34.07  2374    0.6
 56091 104.47  34.85  1883    2.7
 56092 104.65  35.00  1728    3.4
 56094 104.37  33.78  1400    1.5
 56095 104.38  34.03  1753    2.0
 56097 104.25  33.27  1440    1.4
 56164 100.98  32.27  3284    0.5
 56168 102.07  31.48  2168    2.1
 56180 103.85  31.68  1590    3.1
 56181 103.70  30.68   541    1.7
 56183 103.62  31.50  1370    5.7
 56184 103.17  31.43  1896    4.8
 56185 102.98  32.08  2400    0.4
 56186 104.20  31.33   589    6.0
 56189 103.93  30.98   581    5.6
 56190 104.55  31.55   519    5.6
 56192 104.67  32.95  1014    1.5
 56193 104.52  32.42   893    0.5
 56194 104.45  31.63   597    3.9
 56195 104.73  31.80   543    0.5
 56197 104.17  31.15   535    9.4
 56198 104.50  31.32   525    7.9
 56199 104.68  31.03   423    5.6
 56263 101.88  30.88  1949    4.1
 56272 103.88  30.82   558    3.2
 56273 102.82  30.39  1022    2.4
 56276 103.82  30.45   467    1.2
 56278 102.77  30.07   755    1.7
 56279 102.93  30.15   682    7.6
 56280 103.12  30.08   691    3.5
 56281 103.50  30.18   510    3.6
 56284 103.43  30.45   518    2.0
 56285 103.52  30.60   523    1.1
 56286 104.26  30.61   505    3.4
 56288 103.92  30.58   494    1.2
 56289 103.87  30.20   437    1.7
 56290 104.18  30.78   514    3.8
 56291 104.28  30.93   469    4.8
 56295 104.55  30.38   448    3.7
 56296 104.43  30.85   448    4.0
 56297 104.15  30.02   436    1.1
 56298 104.60  30.13   417    4.0
 56373 102.85  29.78   763    7.9
 56380 103.35  29.88   571    4.0
 56381 103.50  30.07   630    3.2
 56382 103.55  29.75   475    2.4
 56383 103.87  29.83   455    1.0
 56384 103.48  29.60   446    3.4
 56387 103.27  29.23   642    4.5
 56389 103.95  29.20   387    0.2
 56390 104.07  29.67   404    0.9
 56391 103.82  30.08   415    2.1
 56393 104.85  29.77   369    0.1
 56394 104.43  29.45   384    0.3
 56395 104.67  29.52   351    0.6
 56396 104.77  29.35   352    0.4
 56399 104.98  29.18   306    0.5
 56480 103.53  28.82   564    0.6
 56483 103.95  28.58   496    0.6
 56490 103.90  28.95   424    2.4
 56491 104.57  28.70   287    7.5
 56493 104.97  28.85   292    1.0
 56494 104.33  28.84   386    5.6
 56496 105.23  28.32   358    0.1
 56499 104.78  28.38   368    5.7
 56582 103.90  27.75  1176    0.2
 56592 104.52  28.43   359    1.0
 56593 104.92  28.58   279    1.7
 56595 104.87  27.42  1645    2.6
 56596 105.05  27.85  1177    0.7
 56598 104.73  27.13  1535    8.5
 56978 102.42  23.00  1642   10.0
 56989 103.95  22.50   137    5.3
 57001 105.33  34.75  1271    0.3
 57003 106.83  34.90   924    0.7
 57004 104.88  34.73  1495    2.3
 57006 105.75  34.58  1141    0.1
 57007 105.18  34.18  1404    0.7
 57008 105.30  34.03  1579    1.2
 57011 106.15  34.75  1378    0.4
 57012 106.20  34.98  1664    0.3
 57016 107.13  34.35   612    3.3
 57020 107.40  34.37   563    2.0
 57021 107.13  34.65   751    0.6
 57022 107.78  34.68  1026    1.3
 57023 108.11  35.02   919    1.6
 57024 107.65  34.45   669    2.9
 57026 107.88  34.37   585    3.4
 57027 107.73  34.27   517    5.0
 57029 108.48  34.50   543    3.4
 57031 108.55  34.82  1012    1.3
 57032 108.20  34.13   436    6.8
 57033 108.82  34.55   428    2.0
 57035 108.23  34.55   636    2.6
 57038 108.45  34.28   410    7.2
 57039 108.88  34.08   445   11.1
 57040 109.08  34.52   377    3.0
 57041 108.92  34.63   424    1.7
 57042 109.18  34.78   470    1.2
 57043 109.97  34.80   351    4.0
 57044 109.23  34.40   424    8.4
 57045 109.48  34.52   349    5.1
 57047 109.32  34.17   540   12.2
 57053 110.72  34.70   505    4.5
 57054 110.23  34.55   556    4.0
 57055 110.13  34.59   342    3.4
 57056 110.86  34.54   484    7.2
 57057 110.15  34.10   963    4.9
 57060 111.23  35.17   402    4.5
 57061 111.20  34.83   410    6.2
 57063 111.77  34.77   523    4.5
 57065 112.13  34.55   317    2.5
 57066 111.67  34.40   408    2.8
 57070 112.12  34.73   364    3.7
 57072 112.75  34.92   127    0.4
 57074 112.40  34.42   252    0.9
 57076 112.78  34.73   189    0.1
 57102 105.72  33.75   970    3.1
 57105 105.60  33.33  1221    2.2
 57110 106.08  33.78   930    4.0
 57111 106.30  33.92   961    3.7
 57113 106.55  33.93   984    3.6
 57119 106.70  33.17   548    9.7
 57123 108.07  34.28   506    3.7
 57126 107.55  33.22   468   11.9
 57128 107.33  33.17   486   11.6
 57129 107.72  32.98   446   13.0
 57132 108.58  34.13   411    9.6
 57137 108.32  33.32   802   10.6
 57140 109.12  33.67   818    7.8
 57153 110.33  33.70   639    4.6
 57155 109.87  33.55   660    8.5
 57162 112.07  34.13   440    0.5
 57169 111.87  33.05   159    2.3
 57175 112.23  33.05   191    0.4
 57176 112.42  33.48   231    0.1
 57204 105.22  32.57   782    2.1
 57208 105.52  32.28   544    2.6
 57213 106.93  33.00   536   12.4
 57216 106.83  32.35   579   11.5
 57217 106.28  32.23   485    8.5
 57231 108.53  32.53   503   22.0
 57233 108.50  32.90   413   14.1
 57242 109.37  32.85   285   18.5
 57247 108.90  32.32   438   16.9
 57248 109.33  32.40   431   17.3
 57249 109.68  32.32   448    9.4
 57253 110.82  32.85   201   15.4
 57254 110.12  32.82   322   20.8
 57257 110.23  32.23   307   14.0
 57260 111.52  32.57   133    4.2
 57261 111.52  33.12   233    3.3
 57273 112.85  32.68   109    0.6
 57274 112.12  32.70   107    0.2
 57303 105.92  31.73   459   11.6
 57304 105.17  31.67   516    6.9
 57307 105.08  31.10   404   13.3
 57308 105.38  31.22   421   10.6
 57309 105.88  30.98   378   12.9
 57314 106.07  31.35   405   25.3
 57315 106.40  31.53   655    2.8
 57317 106.42  31.03   324   15.1
 57318 106.55  31.07   338   18.6
 57320 107.22  31.93   482   15.6
 57324 107.08  31.58   364    8.8
 57326 107.72  31.37   389   24.3
 57329 107.85  31.10   467   24.4
 57333 108.67  31.95   798   19.7
 57338 108.42  31.18   216   20.0
 57339 108.68  30.95   297    4.5
 57345 109.62  31.40   337    8.1
 57349 109.86  31.08   606    1.4
 57361 111.27  31.88   327    5.6
 57362 110.67  31.75   935    8.7
 57363 111.83  31.80   151    0.6
 57401 105.37  30.87   383   10.4
 57402 105.70  30.77   394   15.0
 57407 105.03  30.28   462    8.6
 57408 105.35  30.12   338    2.5
 57409 105.80  30.18   297   12.5
 57413 106.97  30.85   295   18.8
 57414 106.45  30.52   403   18.3
 57415 106.63  30.53   394   22.8
 57416 106.93  30.33   391   23.5
 57417 106.28  30.35   315   26.0
 57420 107.19  30.75   418   18.0
 57425 107.33  30.33   433   24.8
 57431 108.35  30.83   257    8.8
 57437 108.03  30.30   325   14.5
 57438 108.12  29.98   632    3.5
 57453 111.32  30.77   115    0.1
 57464 111.18  30.47   142    0.2
 57469 111.77  30.18    69    0.2
 57505 105.58  29.42   338    1.0
 57506 105.90  29.37   353    2.0
 57507 105.30  29.33   385    1.2
 57508 105.37  29.15   301    2.8
 57509 106.92  28.99   599    3.3
 57510 106.07  29.85   326    9.0
 57511 106.45  29.85   240   24.9
 57513 106.62  29.73   464   25.6
 57514 106.22  29.58   331    9.7
 57518 106.50  29.33   506    2.2
 57519 107.11  29.16   698    5.0
 57522 107.27  29.74   372   13.7
 57525 107.75  29.32   277    0.5
 57537 108.17  29.30   322    1.0
 57540 109.15  29.68   776    0.5
 57541 109.48  30.00   532    0.1
 57558 110.47  29.13   183    0.4
 57564 111.13  29.43   103    7.8
 57565 111.73  29.67    38    6.3
 57566 111.65  29.45    51   15.3
 57571 112.40  29.70    35   21.1
 57575 112.55  29.52    31   17.5
 57577 112.17  29.40    36   13.2
 57582 113.88  29.72    46    6.9
 57585 113.45  29.48    60    6.1
 57586 114.03  29.53    78    3.7
 57589 113.87  29.27   146    0.6
 57590 114.37  29.85    98    1.5
 57596 114.20  29.63   751    3.4
 57600 105.06  28.71   420    0.9
 57603 105.83  28.82   283    2.6
 57605 105.82  28.03   537    2.4
 57609 105.70  28.58   317    3.8
 57623 107.60  28.88   685    4.1
 57634 107.88  28.52   660    2.5
 57635 108.98  28.45   363    0.4
 57636 108.50  28.57   334    4.5
 57637 108.10  28.25   629    1.1
 57640 109.45  28.58   341    0.2
 57643 109.83  29.00   268    0.3
 57646 109.95  28.62   302    0.4
 57657 110.21  28.23   186    5.2
 57658 110.20  28.02   152    3.4
 57661 111.48  28.92    48   11.6
 57663 111.95  28.92    31   12.3
 57666 112.13  28.52    52    5.4
 57674 112.38  28.57    46   10.7
 57678 112.55  28.25    74    7.9
 57680 113.11  28.86    82    4.7
 57688 113.63  28.16   101   14.5
 57698 114.45  28.12    98   21.8
 57708 105.60  27.15  1700    3.8
 57714 106.23  27.47   942   15.5
 57717 106.83  27.53   974   17.6
 57719 106.97  27.07  1275    5.9
 57720 107.17  27.88   889   12.7
 57723 107.72  27.98   710    0.5
 57735 108.82  27.18   404    0.5
 57736 108.85  27.70   369    0.1
 57737 108.12  27.03   547    0.1
 57738 108.42  27.05   516    3.3
 57739 108.92  27.23   394    4.3
 57740 109.60  27.95   349    3.4
 57742 109.20  27.52   884    1.3
 57743 109.80  27.88   176    5.6
 57744 109.17  27.37   355    2.5
 57754 109.84  27.21   252    2.6
 57760 111.43  27.70   249    5.3
 57762 111.70  27.69   165    2.5
 57763 112.00  27.68   205    1.3
 57768 111.45  27.32   242    1.1
 57769 111.73  27.23   252    0.1
 57771 112.53  27.93    88    0.1
 57773 112.83  27.88    63    0.1
 57781 113.50  27.65    74    0.2
 57783 113.82  27.88   118    9.5
 57786 113.85  27.63   117    3.6
 57792 114.68  27.82    93    1.0
 57794 114.02  27.63   177    7.2
 57796 114.88  27.83   189    0.4
 57798 114.60  27.40    85   10.6
 57800 105.37  26.77  1457    1.4
 57807 105.47  26.21  1361    9.9
 57808 105.75  26.32  1274    8.2
 57809 105.75  26.07  1251    2.3
 57811 106.60  26.83  1296    9.1
 57813 106.47  26.57  1261    0.9
 57814 106.27  26.42  1298    9.2
 57822 107.90  26.90   835    0.1
 57824 107.23  26.58  1001    0.3
 57828 107.58  26.50   983    0.2
 57829 107.80  26.20   963    4.5
 57837 108.07  26.40   839   12.5
 57842 109.72  26.88   281    0.6
 57844 109.18  26.68   343   10.6
 57846 110.15  26.58   310    0.2
 57851 110.83  26.46   346    0.2
 57859 110.63  26.03   408    0.1
 57860 111.28  27.00   283    0.1
 57865 111.62  26.50   192    0.5
 57867 111.28  26.40   169    2.8
 57868 111.86  26.59   113    1.3
 57881 113.25  26.72   101    0.3
 57882 113.55  26.79   136    1.8
 57883 114.28  26.75   253    2.1
 57887 113.12  26.12   167    0.5
 57891 114.25  26.93   153    2.3
 57895 114.78  26.47   101    0.2
 57899 114.92  26.80    71    1.5
 57900 105.22  25.83  1552    0.2
 57903 105.60  25.94  1142    2.8
 57905 105.61  25.40  1184    0.5
 57909 105.82  24.98   584    0.1
 57911 106.65  26.67  1323    0.9
 57914 106.67  26.42  1149    5.8
 57915 106.77  26.63  1104    4.2
 57923 107.87  25.98   419    0.1
 57948 109.25  25.08   122    0.1
 57949 110.00  24.98   156    3.3
 57954 110.18  25.23   157    4.5
 57955 110.67  25.62   224    1.2
 57956 110.32  25.42   167    0.7
 57958 110.32  25.08   151    0.9
 57981 113.22  25.97   139    0.4
 58454 119.98  30.53   102    0.1
 58455 120.65  30.52     8    0.8
 58456 120.52  30.63     6    0.5
 58458 120.90  30.54     4    0.1
 58463 121.50  30.88     4    0.1
 58484 122.20  30.25    37    0.1
 58505 115.90  29.62    63    0.1
 58524 117.22  29.37    87    1.1
 58529 117.85  29.27   171    1.6
 58530 118.43  29.87   168    0.1
 58534 118.18  29.78   170    0.2
 58537 118.40  29.13   153    4.0
 58542 119.68  29.82    46    1.0
 58544 119.27  29.48    88   19.5
 58547 119.18  29.03    66   18.8
 58548 119.47  29.22    50   12.4
 58550 120.25  29.70    39    1.7
 58555 120.88  29.52   113    0.9
 58607 115.95  28.55    31    0.1
 58612 116.68  28.70    21    0.4
 58614 116.27  28.38    34    0.2
 58615 117.08  28.68    56    0.2
 58616 116.82  28.20    40    3.5
 58618 116.60  28.27    82    3.9
 58619 116.37  28.00    49    0.2
 58620 117.10  29.02    51    1.6
 58623 117.92  28.47    90   22.9
 58624 117.43  28.40    70   13.9
 58625 117.60  28.42    79   14.2
 58627 117.06  28.31    56    6.0
 58629 117.71  28.29   100   11.3
 58631 118.50  28.90   137   10.8
 58632 118.60  28.72   126   14.9
 58635 118.20  28.43    95   13.3
 58644 119.28  28.60   237    0.2
 58647 119.13  28.08   222    0.8
 58657 120.28  28.15    57    1.8
 58658 120.68  28.15    34    0.3
 58660 121.20  28.87     6    0.1
 58701 115.40  27.77    46    0.1
 58704 115.35  27.58   104    0.6
 58706 115.83  27.43   181    3.0
 58707 115.13  27.22    66    4.4
 58710 116.05  27.77    78   13.3
 58712 116.78  27.92   130    3.3
 58713 117.07  27.72   225    4.2
 58714 116.23  27.55   120    0.4
 58719 116.93  27.30   131    4.0
 58724 117.32  27.53   268    2.7
 58735 118.75  27.52   260   14.6
 58736 118.82  27.38   262   14.9
 58745 119.08  27.62   400    4.0
 58746 119.70  27.55   538    4.5
 58747 119.35  27.15   899    5.8
 58748 119.65  27.10    50    7.0
 58749 119.88  27.23   684    4.5
 58750 120.08  27.78   105    1.0
 58751 120.57  27.67   254    1.1
 58814 116.35  26.35   247    4.0
 58819 116.82  26.18   336    0.2
 58821 117.47  26.73   173   18.9
 58822 116.85  26.83   342    2.5
 58823 117.80  26.80   175   19.6
 58824 117.15  26.40   357    1.2
 58826 117.80  26.40   120    5.5
 58828 117.62  26.27   208    1.0
 58836 118.73  26.58   361    7.7
 58839 118.85  26.23    40   17.1
 58844 119.15  26.15    57   39.1
 58845 119.53  26.50    60   17.2
 58848 119.55  26.20    13   19.5
 58850 120.23  26.92    92   19.4
 58923 117.83  25.70   400    0.4
 58932 118.93  25.87    85    4.8
 58934 118.27  25.33   183   13.1
 58935 118.23  25.48   521    5.6
 58938 118.98  25.23    23    4.0
 58940 119.33  26.08    25   26.5
 58941 119.50  25.97    25   23.7
 58942 119.38  25.72    39   25.2
 58946 119.00  25.45    81   17.5
 59045 109.75  24.48    94    0.1
 59051 110.50  24.77   136    0.3
 59074 112.15  24.57   300    0.1
 59131 118.37  24.97    45    1.3
 59264 111.50  23.40    83    0.1
 59269 111.78  23.17    47    0.1
 59457 110.27  22.32   121    0.1
