diamond  3 2013年01月19日08点24小时降雨量                    
  13  01  19  08    -1 3 10 25 50 1 0
 39 122.7  37.3 122.5  36.7 120.8  36.2 119.3  35.0 120.4  34.3
 121.1  32.7 122.3  30.9 122.5  30.1 121.5  28.0 119.8  25.0
 116.1  22.6 111.0  21.0 111.0  18.6 109.6  18.1 108.3  18.5
 108.9  19.9 109.3  21.0 106.4  21.6 104.1  22.2 101.6  20.8
  98.7  22.0  97.1  24.1  97.7  27.0  91.7  26.6  85.7  27.7
  78.9  30.6  73.3  37.1  74.1  40.7  87.6  49.8  98.5  43.9
 110.4  44.3 122.0  54.7 135.7  48.3 131.5  42.2 125.2  39.4
 121.3  38.5 121.2  40.3 118.5  38.6 120.8  38.1
1         125
  50137 122.37  53.47  297   0.01
  50431 121.52  50.78  718    0.2
  50524 119.43  49.32  578    0.4
  50525 119.75  49.15  621    0.2
  50946 124.83  45.18  140   0.01
  51058  87.97  47.10  564    0.4
  51145  83.65  46.55  523   0.01
  51352  85.25  44.85  338   0.01
  51356  86.05  44.32  444   0.01
  51357  85.62  44.33  523   0.01
  51368  87.32  44.12  516   0.01
  51369  87.65  43.97  601   0.01
  51378  89.17  44.02  735   0.01
  52515  94.87  39.52 2138    0.3
  52993 104.07  35.68 1740   0.01
  52995 104.62  35.58 1898   0.01
  53908 105.23  35.22 1769   0.01
  53917 106.07  35.22 1633   0.01
  54069 125.80  44.17  175   0.01
  54076 126.93  44.42  254   0.01
  54252 124.75  42.73  198   0.01
  54261 125.52  42.68  343    0.3
  54345 123.07  41.20   29   0.01
  54362 125.73  41.67  388   0.01
  54371 126.43  41.93  521    0.5
  56181 103.70  30.68  543    0.2
  56186 104.20  31.33  589    0.6
  56190 104.55  31.55  518    0.8
  56193 104.52  32.42  894   0.01
  56194 104.45  31.82  679    1.1
  56195 104.73  31.78  531    1.3
  56197 104.18  31.13  537    0.5
  56198 104.50  31.32  523    0.2
  56272 103.88  30.82  560   0.01
  56273 102.82  30.38 1011   0.01
  56278 102.77  30.07  756   0.01
  56279 102.93  30.15  683   0.01
  56284 103.48  30.42  502    0.4
  56285 103.52  30.60  525    0.7
  56373 102.85  29.78  763    0.1
  56380 103.37  29.92  466   0.01
  56384 103.48  29.60  446    0.2
  56387 103.27  29.23  639    0.1
  56389 103.95  29.20  386   0.01
  56480 103.53  28.82  564   0.01
  56490 103.90  28.95  396    0.2
  56491 104.57  28.70  288    0.7
  56494 104.15  28.65  460    1.0
  56497 104.23  28.10  433    0.7
  56498 104.50  28.17  442    1.1
  56582 103.90  27.75 1177    0.3
  56585 103.53  27.18 1916   0.01
  56592 104.52  28.43  360    0.1
  56595 104.87  27.42 1644   0.01
  56697 104.08  26.22 1987   0.01
  56782 103.55  25.42 2064    0.2
  56783 103.80  25.50 1906   0.01
  56790 104.25  25.68 1920   0.01
  56873 102.90  24.67 1752   0.01
  56879 102.92  24.20 1610   0.01
  56881 103.27  24.75 1694    0.2
  56883 103.98  24.83 1846   0.01
  56889 104.17  24.05 1518    0.1
  56891 104.32  24.98 1482    0.4
  56978 102.42  23.00 1640   0.01
  56987 103.23  22.78 1261    0.2
  56992 104.70  23.45 1508    0.5
  56994 104.25  23.38 1277    0.2
  56995 104.42  23.03 1335    0.1
  56996 104.70  23.13 1094    0.1
  57001 105.33  34.75 1273   0.01
  57006 105.75  34.58 1142   0.01
  57007 105.18  34.18 1406   0.01
  57008 105.30  34.03 1578    0.1
  57012 106.20  34.98 1665   0.01
  57102 105.72  33.75  971    0.4
  57105 105.60  33.33 1219   0.01
  57110 106.08  33.78  930   0.01
  57111 106.30  33.92  967   0.01
  57204 105.23  32.58  801   0.01
  57208 105.47  32.02  538    0.1
  57216 106.83  32.35  577    0.1
  57304 105.17  31.67  517    0.5
  57307 105.08  31.10  408   0.01
  57719 106.97  27.07 1280   0.01
  57800 105.37  26.77 1458   0.01
  57807 105.47  26.20 1359    1.4
  57808 105.75  26.32 1272    0.5
  57809 105.75  26.07 1251    1.1
  57811 106.60  26.85 1242   0.01
  57813 106.47  26.57 1265    0.1
  57814 106.27  26.42 1285    0.2
  57818 106.45  26.03 1145    0.1
  57821 107.50  26.70  924   0.01
  57822 107.90  26.90  833   0.01
  57824 107.23  26.58 1005   0.01
  57828 107.58  26.50  983   0.01
  57829 107.80  26.20  964    0.3
  57837 108.07  26.40  838   0.01
  57900 105.22  25.83 1553    2.2
  57903 105.60  25.93 1138    1.9
  57905 105.63  25.40 1063    1.9
  57908 105.48  25.12 1393    1.9
  57909 105.82  24.98  584    0.9
  57911 106.65  26.67 1325   0.01
  57914 106.67  26.42 1143   0.01
  57915 106.77  26.63 1102   0.01
  57954 110.18  25.23  158   0.01
  59001 105.33  24.78  674    2.1
  59004 105.10  24.50  729    0.1
  59012 106.55  24.78  973    0.1
  59015 106.57  24.35  442    0.5
  59017 106.27  24.27  279    0.2
  59022 107.55  24.98  695    0.3
  59025 107.38  24.53  249    0.4
  59027 107.25  24.13  244    0.3
  59055 110.40  24.50  166    0.1
  59215 106.62  23.33  640    0.3
  59227 107.15  23.08  438   0.01
  59427 107.07  22.12  162   0.01
  59843 110.00  19.73   36   0.01
  59851 110.33  19.70   25   0.01
  59854 110.10  19.37  119   0.01
  59856 110.75  19.62   26    0.2
  59951 110.33  18.80   38    0.8
