diamond  3 2013年01月10日08点24小时降雨量                    
  13  01  10  08    -1 3 10 25 50 1 0
 39 122.7  37.3 122.5  36.7 120.8  36.2 119.3  35.0 120.4  34.3
 121.1  32.7 122.3  30.9 122.5  30.1 121.5  28.0 119.8  25.0
 116.1  22.6 111.0  21.0 111.0  18.6 109.6  18.1 108.3  18.5
 108.9  19.9 109.3  21.0 106.4  21.6 104.1  22.2 101.6  20.8
  98.7  22.0  97.1  24.1  97.7  27.0  91.7  26.6  85.7  27.7
  78.9  30.6  73.3  37.1  74.1  40.7  87.6  49.8  98.5  43.9
 110.4  44.3 122.0  54.7 135.7  48.3 131.5  42.2 125.2  39.4
 121.3  38.5 121.2  40.3 118.5  38.6 120.8  38.1
1         184
  50750 125.30  47.90  228    0.1
  51058  87.97  47.10  564   0.01
  51137  82.93  46.20  715    1.5
  51145  83.65  46.55  523    0.9
  51357  85.62  44.33  523   0.01
  51368  87.32  44.12  516   0.01
  51369  87.65  43.97  601    0.3
  51482  90.28  43.83 1271    0.5
  51559  86.40  42.32 1110   0.01
  51568  86.80  42.25 1086   0.01
  53892 114.47  36.62   67   0.01
  54568 121.70  39.08   40   0.01
  54752 120.77  37.80   64    0.1
  54755 120.38  37.37  113   0.01
  54765 121.43  37.48   57   0.01
  54766 121.62  37.38   23   0.01
  54777 122.07  37.20  112   0.01
  54778 122.48  37.17   60   0.01
  56045  99.90  33.97 4051    0.6
  56168 102.07  31.48 2170   0.01
  56184 103.17  31.43 1884   0.01
  56185 102.98  32.08 2400   0.01
  56190 104.55  31.55  518   0.01
  56194 104.45  31.82  679   0.01
  56278 102.77  30.07  756    0.1
  56280 103.12  30.08  692   0.01
  56567 100.85  27.30 2242   0.01
  56575 102.55  27.37 1429    0.7
  56580 102.80  27.72 2461    2.4
  56582 103.90  27.75 1177    0.1
  56584 103.25  27.70 1093    0.1
  56585 103.53  27.18 1916    0.3
  56594 104.05  27.63  884    0.1
  56595 104.87  27.42 1644    0.4
  56596 105.05  27.85 1176   0.01
  56598 104.73  27.13 1538   0.01
  56641  98.87  26.90 1191    0.2
  56669 101.67  26.05 1531    0.4
  56675 102.58  26.65 1695    0.4
  56697 104.08  26.22 1987    0.1
  56742  99.37  25.90 1663   0.01
  56756 100.58  25.48 1993   0.01
  56761 101.32  25.72 1873   0.01
  56781 103.27  25.55 1874    0.3
  56782 103.55  25.42 2064    0.1
  56783 103.80  25.50 1906   0.01
  56785 103.03  25.33 1925   0.01
  56788 103.67  25.03 1842    1.6
  56790 104.25  25.68 1920    1.0
  56842  99.18  24.73 1473   0.01
  56862 101.60  24.68 1966   0.01
  56871 102.60  24.65 1894    0.8
  56873 102.90  24.67 1752   0.01
  56876 102.77  24.28 1732    0.1
  56880 103.17  24.92 1532    0.9
  56881 103.27  24.75 1694    0.7
  56883 103.98  24.83 1846    2.5
  56885 103.45  24.40 1416   0.01
  56889 104.17  24.05 1518    0.1
  56891 104.32  24.98 1482    1.0
  56978 102.42  23.00 1640   0.01
  56982 103.25  23.70 1055   0.01
  56987 103.23  22.78 1261    0.5
  56989 103.95  22.50  138   0.01
  56992 104.70  23.45 1508   0.01
  56995 104.42  23.03 1335    0.1
  56996 104.70  23.13 1094    0.2
  57509 106.93  28.95  325    0.2
  57519 107.08  29.15  559   0.01
  57522 107.42  29.75  273    0.1
  57525 107.75  29.32  273    0.1
  57623 107.60  28.88  684    0.6
  57708 105.60  27.15 1704   0.01
  57713 106.88  27.70  844    0.3
  57714 106.23  27.47  942   0.01
  57717 106.83  27.53  974   0.01
  57719 106.97  27.07 1280    0.8
  57808 105.75  26.32 1272    0.8
  57811 106.60  26.85 1242   0.01
  57813 106.47  26.57 1265    0.5
  57814 106.27  26.42 1285    0.2
  57821 107.50  26.70  924   0.01
  57824 107.23  26.58 1005    0.2
  57828 107.58  26.50  983    0.1
  57837 108.07  26.40  838    0.1
  57900 105.22  25.83 1553   0.01
  57903 105.60  25.93 1138   0.01
  57905 105.63  25.40 1063    0.1
  57908 105.48  25.12 1393    0.2
  57911 106.65  26.67 1325    0.1
  57913 106.98  26.45 1095    0.2
  57914 106.67  26.42 1143    0.6
  57915 106.77  26.63 1102    0.2
  57973 112.72  25.75  328   0.01
  57975 112.20  25.38  278    0.1
  57976 112.95  25.42  226   0.01
  57978 112.55  25.28  291    0.1
  57994 114.35  25.40  208   0.01
  57995 114.93  25.40  166   0.01
  58468 121.17  30.05   10    0.1
  58555 120.88  29.52  112    0.3
  58558 120.22  29.27   89   0.01
  58566 121.88  29.47   14    0.1
  58568 121.38  29.12   35   0.01
  58643 120.03  28.90   99    0.3
  58654 120.08  28.67  184   0.01
  58656 120.97  28.12    7   0.01
  58657 120.28  28.15   59   0.01
  58659 120.65  28.03   29   0.01
  58660 121.13  28.85    8   0.01
  58664 121.37  28.37   33   0.01
  58745 119.07  27.62  368   0.01
  58746 119.70  27.55  514    0.1
  58747 119.35  27.15  900    0.4
  58749 119.88  27.23  680   0.01
  58750 120.08  27.78  106   0.01
  58822 116.85  26.83  341   0.01
  58826 117.80  26.40  120    0.1
  58836 118.73  26.58  359    0.5
  58839 118.85  26.23   42    0.9
  58844 119.15  26.15   49    0.3
  58845 119.53  26.50   57    0.6
  58848 119.55  26.20   12    0.1
  58932 118.93  25.87   85   0.01
  58941 119.50  25.97   11   0.01
  58942 119.38  25.72   39   0.01
  59004 105.10  24.50  729   0.01
  59012 106.55  24.78  973   0.01
  59015 106.57  24.35  442    0.1
  59025 107.38  24.53  249    0.8
  59034 108.67  24.48  149   0.01
  59044 109.38  24.47   99   0.01
  59052 110.82  24.83  167   0.01
  59053 110.67  24.62  108    0.3
  59055 110.40  24.50  166   0.01
  59059 110.80  24.18  107   0.01
  59061 111.27  24.82  198   0.01
  59063 111.45  25.18  262   0.01
  59064 111.32  24.55  141   0.01
  59071 112.28  24.73  175   0.01
  59074 112.15  24.57  300   0.01
  59075 112.63  24.48   70   0.01
  59081 113.27  24.78   98   0.01
  59122 117.75  24.62   42   0.01
  59125 117.30  24.38  105   0.01
  59205 105.63  23.65  688    0.2
  59249 109.62  23.12   56   0.01
  59256 110.92  23.37   56    0.1
  59264 111.50  23.40   79   0.01
  59266 111.23  23.42   46    0.1
  59268 111.53  23.25   31    0.1
  59269 111.77  23.15   27   0.01
  59270 112.18  23.92   78   0.01
  59279 112.87  23.18   18   0.01
  59419 106.75  22.10  243   0.01
  59425 107.35  22.40  107   0.01
  59427 107.07  22.12  162   0.01
  59429 107.97  22.15  183   0.01
  59435 108.48  22.77   75   0.01
  59441 109.25  22.70   78   0.01
  59448 109.55  22.27   70    0.1
  59449 109.98  22.30   80    0.3
  59451 110.35  22.70   99   0.01
  59452 110.53  22.85  100   0.01
  59454 111.00  22.92  104    0.3
  59457 110.27  22.32  120    0.1
  59469 111.78  22.17   33   0.01
  59470 112.22  22.72   33    0.1
  59471 112.05  22.93  102   0.01
  59475 112.65  22.40   24   0.01
  59477 112.30  22.18   25   0.01
  59481 113.32  22.93   16    0.1
  59635 108.35  21.62   26   0.01
  59640 109.18  21.67    6    0.1
  59654 110.30  21.63   28   0.01
  59750 110.10  20.92   25   0.01
  59842 109.68  19.90   31   0.01
  59843 110.00  19.73   36   0.01
  59847 109.05  19.27  101    5.3
  59848 109.43  19.23  219    1.2
  59851 110.33  19.70   25   0.01
  59854 110.10  19.37  119    0.7
  59856 110.75  19.62   26    0.2
  59940 109.17  18.75  156   0.01
