diamond  3 2013年01月06日08点24小时降雨量                    
  13  01  06  08    -1 3 10 25 50 1 0
 39 122.7  37.3 122.5  36.7 120.8  36.2 119.3  35.0 120.4  34.3
 121.1  32.7 122.3  30.9 122.5  30.1 121.5  28.0 119.8  25.0
 116.1  22.6 111.0  21.0 111.0  18.6 109.6  18.1 108.3  18.5
 108.9  19.9 109.3  21.0 106.4  21.6 104.1  22.2 101.6  20.8
  98.7  22.0  97.1  24.1  97.7  27.0  91.7  26.6  85.7  27.7
  78.9  30.6  73.3  37.1  74.1  40.7  87.6  49.8  98.5  43.9
 110.4  44.3 122.0  54.7 135.7  48.3 131.5  42.2 125.2  39.4
 121.3  38.5 121.2  40.3 118.5  38.6 120.8  38.1
1         492
  50566 128.47  49.55  117    0.1
  50673 130.40  48.88   92    0.2
  50772 129.23  48.10  299   0.01
  50779 134.28  48.37   41    0.2
  50787 131.85  47.28   63   0.01
  50880 131.12  46.73  104    0.1
  50884 131.15  46.63  176   0.01
  50892 134.00  46.80   57   0.01
  50971 131.02  45.77  226   0.01
  51058  87.97  47.10  564    0.3
  51137  82.93  46.20  715    1.6
  51145  83.65  46.55  523    2.3
  51328  80.42  44.20  774    0.5
  51329  80.85  44.05  641    1.3
  51356  86.05  44.32  444   0.01
  51357  85.62  44.33  523   0.01
  51359  86.20  44.32  473    0.3
  51368  87.32  44.12  516    0.6
  51369  87.65  43.97  601    1.4
  51377  87.92  44.17  547    1.0
  51378  89.17  44.02  735    0.7
  51430  81.15  43.83  605    1.0
  51434  81.53  43.97  771    1.6
  51435  82.23  43.47  776    1.1
  51436  83.25  43.45  929    2.6
  51438  81.77  43.18 1210    2.7
  51465  87.10  43.48 1874    0.2
  51482  90.28  43.83 1271    0.4
  51627  79.23  41.22 1397   0.01
  51629  80.23  41.27 1134   0.01
  51707  76.73  39.50 1209   0.01
  51708  75.95  39.15 1324   0.01
  51717  76.78  39.25 1207   0.01
  51722  80.40  40.65 1046   0.01
  51802  76.17  38.93 1299   0.01
  51814  77.40  37.92 1360   0.01
  51815  77.27  38.20 1275   0.01
  53908 105.23  35.22 1769   0.01
  54371 126.43  41.93  521   0.01
  54494 124.07  40.47   74   0.01
  56180 103.85  31.68 1591   0.01
  56181 103.70  30.68  543    0.3
  56183 103.58  31.47 1326    0.1
  56184 103.17  31.43 1884    0.1
  56185 102.98  32.08 2400   0.01
  56186 104.20  31.33  589    0.2
  56189 103.93  30.98  584    0.2
  56192 104.67  32.95 1016   0.01
  56193 104.52  32.42  894   0.01
  56194 104.45  31.82  679    0.1
  56197 104.18  31.13  537    0.3
  56198 104.50  31.32  523    0.3
  56199 104.68  31.03  424    0.7
  56272 103.88  30.82  560    0.3
  56273 102.82  30.38 1011   0.01
  56276 103.82  30.45  468    0.6
  56278 102.77  30.07  756    0.2
  56279 102.93  30.15  683    0.1
  56280 103.12  30.08  692    0.2
  56281 103.50  30.18  512    0.2
  56284 103.48  30.42  502    0.3
  56285 103.52  30.60  525    0.2
  56286 104.25  30.55  514    0.9
  56288 103.92  30.58  495    0.6
  56289 103.87  30.20  439    0.7
  56290 104.18  30.78  515    0.9
  56291 104.28  30.97  474    0.6
  56295 104.55  30.38  443    0.7
  56296 104.43  30.85  449    0.8
  56297 104.15  30.02  431    0.6
  56298 104.60  30.13  415    0.8
  56371 102.23  29.92 1322   0.01
  56373 102.85  29.78  763    0.1
  56380 103.37  29.92  466    0.1
  56381 103.52  30.02  497    0.1
  56382 103.60  29.73  408    0.2
  56383 103.87  29.83  454    0.6
  56384 103.48  29.60  446    0.1
  56387 103.27  29.23  639   0.01
  56389 103.95  29.20  386    0.1
  56390 104.07  29.67  403    0.4
  56391 103.82  30.08  416    0.9
  56393 104.85  29.77  370    0.8
  56394 104.43  29.45  382   0.01
  56395 104.67  29.52  349   0.01
  56396 104.77  29.35  352    0.1
  56399 104.98  29.18  307    0.4
  56480 103.53  28.82  564   0.01
  56483 103.95  28.60  412    0.2
  56489 103.63  28.23  876   0.01
  56490 103.90  28.95  396    0.1
  56491 104.57  28.70  288    0.1
  56493 104.97  28.85  297    0.3
  56496 105.23  28.32  330    0.2
  56497 104.23  28.10  433    0.2
  56498 104.50  28.17  442    0.1
  56499 104.78  28.38  368    0.6
  56582 103.90  27.75 1177    0.1
  56592 104.52  28.43  360    0.1
  56593 104.92  28.58  281    0.3
  56594 104.05  27.63  884   0.01
  56595 104.87  27.42 1644    0.1
  56596 105.05  27.85 1176    0.5
  56790 104.25  25.68 1920   0.01
  56889 104.17  24.05 1518    0.3
  56891 104.32  24.98 1482    0.4
  56987 103.23  22.78 1261    0.1
  56989 103.95  22.50  138   0.01
  56992 104.70  23.45 1508    0.2
  56995 104.42  23.03 1335    0.2
  56996 104.70  23.13 1094    0.3
  57001 105.33  34.75 1273   0.01
  57007 105.18  34.18 1406   0.01
  57008 105.30  34.03 1578   0.01
  57102 105.72  33.75  971   0.01
  57105 105.60  33.33 1219    0.1
  57110 106.08  33.78  930   0.01
  57111 106.30  33.92  967   0.01
  57204 105.23  32.58  801    0.2
  57208 105.47  32.02  538   0.01
  57217 106.28  32.23  493   0.01
  57304 105.17  31.67  517   0.01
  57307 105.08  31.10  408    0.4
  57308 105.38  31.22  421    0.3
  57309 105.88  30.98  375    0.1
  57401 105.37  30.87  380    0.5
  57402 105.70  30.77  395    0.3
  57407 105.03  30.28  464    1.3
  57408 105.35  30.12  333    1.3
  57409 105.80  30.18  295    0.8
  57413 106.97  30.85  295   0.01
  57414 106.45  30.55  396   0.01
  57415 106.63  30.47  336   0.01
  57416 106.93  30.33 3915    0.2
  57417 106.28  30.35  315    0.3
  57420 107.20  30.75  397   0.01
  57425 107.33  30.33  430   0.01
  57437 108.03  30.30  326   0.01
  57499 114.97  30.10   40   0.01
  57505 105.58  29.42  324    0.9
  57506 105.90  29.37  376    0.5
  57507 105.30  29.33  374    2.7
  57508 105.37  29.15  302    1.5
  57510 106.05  29.85  275    0.8
  57511 106.45  29.85  242    0.1
  57513 106.62  29.73  457   0.01
  57514 106.22  29.58  325   0.01
  57518 106.53  29.38  243   0.01
  57519 107.08  29.15  559   0.01
  57537 108.17  29.30  321   0.01
  57540 109.15  29.68  776    0.8
  57541 109.48  30.00  533   0.01
  57544 109.45  29.47  486    0.1
  57589 113.80  29.25  103    1.0
  57596 114.20  29.63    0    0.4
  57600 105.07  28.72  256    1.8
  57603 105.83  28.82  283    1.4
  57605 105.82  28.03  539   0.01
  57609 105.70  28.58  316    1.8
  57623 107.60  28.88  684   0.01
  57635 108.98  28.45  363    0.1
  57636 108.50  28.57  335   0.01
  57640 109.45  28.58  344   0.01
  57643 109.83  29.00  268   0.01
  57646 109.95  28.62  301   0.01
  57663 111.95  28.92   31   0.01
  57666 112.13  28.52   49   0.01
  57678 112.55  28.25   71    0.1
  57680 113.07  28.80   47    0.1
  57688 113.63  28.15  100    0.1
  57694 114.38  28.53  256   0.01
  57698 114.45  28.12   99   0.01
  57699 114.92  28.23   68   0.01
  57708 105.60  27.15 1704    0.3
  57713 106.88  27.70  844   0.01
  57714 106.23  27.47  942   0.01
  57717 106.83  27.53  974   0.01
  57719 106.97  27.07 1280    0.1
  57720 107.17  27.88  888    0.1
  57723 107.72  27.98  710   0.01
  57728 107.47  27.07 1095   0.01
  57732 108.40  28.02  458   0.01
  57734 108.23  27.57  468   0.01
  57735 108.82  27.18  396   0.01
  57736 108.85  27.70  376   0.01
  57737 108.12  27.03  546   0.01
  57742 109.20  27.52  883    0.1
  57754 110.15  27.35  170    0.1
  57760 111.43  27.70  247   0.01
  57762 111.70  27.68  163    0.5
  57763 112.00  27.73  151   0.01
  57767 111.03  27.12  266    0.1
  57768 111.45  27.32  242    1.0
  57769 111.73  27.23  257   0.01
  57771 112.52  27.93   89   0.01
  57772 112.50  27.75   84    0.2
  57773 112.82  27.87   63   0.01
  57777 112.87  27.23   65    0.2
  57778 112.95  27.10   68   0.01
  57781 113.50  27.65   71   0.01
  57786 113.85  27.65  110    0.1
  57792 114.68  27.82   93    0.3
  57796 114.93  27.80   79    0.2
  57798 114.60  27.40   89   0.01
  57808 105.75  26.32 1272    0.2
  57809 105.75  26.07 1251   0.01
  57811 106.60  26.85 1242   0.01
  57814 106.27  26.42 1285   0.01
  57818 106.45  26.03 1145   0.01
  57821 107.50  26.70  924   0.01
  57822 107.90  26.90  833   0.01
  57824 107.23  26.58 1005   0.01
  57828 107.58  26.50  983    0.2
  57829 107.80  26.20  964   0.01
  57834 108.30  26.68  642    0.1
  57837 108.07  26.40  838   0.01
  57842 109.72  26.88  281    0.3
  57844 109.18  26.68  344   0.01
  57846 110.15  26.58  307    0.1
  57851 110.85  26.45  307    0.1
  57859 110.63  26.03  409   0.01
  57860 111.28  27.00  282    0.1
  57865 111.58  26.47  166   0.01
  57867 111.28  26.40  169    0.3
  57868 111.87  26.60  113   0.01
  57870 112.10  26.80  151    1.8
  57875 112.50  26.88   71    0.1
  57876 112.83  26.43  118    1.4
  57881 113.25  26.72  105    0.6
  57882 113.55  26.78  135   0.01
  57883 114.28  26.75  257    0.8
  57886 113.78  26.50  226    1.3
  57887 113.12  26.13  124    0.2
  57891 114.25  26.93  144    0.4
  57895 114.78  26.47   96    2.9
  57899 114.92  26.80   66    0.1
  57900 105.22  25.83 1553    0.2
  57903 105.60  25.93 1138    0.2
  57905 105.63  25.40 1063    1.5
  57908 105.48  25.12 1393    0.3
  57909 105.82  24.98  584    0.1
  57913 106.98  26.45 1095   0.01
  57914 106.67  26.42 1143    0.2
  57915 106.77  26.63 1102    0.1
  57927 107.18  24.97  283   0.01
  57936 108.92  25.75  255    0.2
  57941 109.60  25.78  198   0.01
  57948 109.25  25.08  123    0.1
  57949 110.00  24.98  157    1.2
  57954 110.18  25.23  158    0.1
  57955 110.67  25.62  224    0.3
  57956 110.32  25.42  169   0.01
  57960 111.07  25.93  192   0.01
  57962 111.65  25.97  166    0.1
  57964 111.15  25.50  258    0.7
  57966 111.95  25.60  205    1.2
  57969 111.33  25.27  230    0.3
  57971 112.20  25.92  225    1.4
  57973 112.72  25.75  328    0.5
  57975 112.20  25.38  278    0.6
  57976 112.95  25.42  226    1.0
  57981 113.22  25.98  141    1.3
  57985 113.68  25.57  608    0.4
  57989 113.73  25.10   96    0.1
  57990 114.30  25.70  252   0.01
  57991 114.55  25.80  148    0.2
  57992 114.75  25.67  129    0.8
  57994 114.35  25.40  208    1.0
  58317 116.37  30.87  434   0.01
  58329 117.87  31.33   24   0.01
  58334 118.37  31.38   23    0.6
  58335 118.52  31.57   16    0.1
  58337 118.18  31.08   30    1.3
  58339 118.90  31.33   24    1.6
  58340 119.03  31.65   23    0.2
  58346 119.82  31.33   15    2.7
  58349 120.63  31.27    9    1.4
  58352 120.77  31.65    8   0.01
  58359 120.62  31.13    9    0.3
  58361 121.37  31.10   10    0.8
  58365 121.25  31.37    9   0.01
  58366 121.40  31.63    9    0.1
  58367 121.43  31.20   18    0.1
  58369 121.78  31.05    9    0.5
  58370 121.55  31.22   11    0.1
  58377 121.10  31.47    6    0.2
  58408 115.43  30.23   35    0.2
  58409 115.93  30.07   20    0.3
  58416 116.82  30.75   38   0.01
  58417 116.13  30.17   50    0.4
  58418 116.70  30.13   26    0.6
  58420 117.22  30.72   38    0.2
  58421 117.87  30.63   32    2.8
  58426 118.13  30.30  192    2.5
  58428 117.48  30.22  115    3.1
  58431 118.32  30.92   17    2.7
  58433 118.75  30.93   30   0.01
  58435 118.53  30.30  221    1.4
  58438 118.58  30.08  197    3.6
  58441 119.42  30.87   53    3.5
  58442 119.18  31.13   16    1.8
  58443 119.90  31.02   19    2.4
  58446 119.68  30.63   25    3.7
  58449 119.95  30.05   47    4.2
  58451 120.93  30.83    3    4.0
  58452 120.77  30.73    4    3.3
  58453 120.50  30.07   10    5.3
  58454 119.97  30.53    5    5.3
  58455 120.65  30.52    8    5.6
  58456 120.52  30.63    6    5.2
  58458 120.90  30.53    3    4.1
  58459 120.28  30.18   42    5.3
  58460 121.35  30.73    6    3.7
  58461 121.12  31.13    8    1.3
  58462 121.23  31.03    9    1.8
  58463 121.50  30.88    9    2.1
  58468 121.17  30.05   10    5.5
  58484 122.20  30.25    9    2.7
  58501 115.63  29.93   25    0.9
  58502 116.00  29.73   37    1.0
  58503 115.68  29.70   41    0.7
  58508 115.77  29.33   42    0.6
  58510 116.23  29.73   40    1.1
  58512 116.55  29.90   66    0.5
  58514 116.05  29.45   35    0.1
  58517 116.20  29.27   43    0.2
  58523 117.93  29.93  231    3.1
  58529 117.85  29.27   82    3.2
  58530 118.43  29.87  170    3.0
  58537 118.40  29.13  153    3.8
  58542 119.68  29.82   45    5.2
  58544 119.27  29.48   87    4.8
  58546 119.88  29.47  114    4.0
  58547 119.18  29.03   65    5.7
  58548 119.47  29.22   46    5.3
  58550 120.25  29.70   39    4.6
  58555 120.88  29.52  112    2.2
  58558 120.22  29.27   89    3.9
  58559 120.98  29.17   59    2.1
  58561 121.60  29.98    3    4.5
  58563 121.83  29.88    4    7.8
  58565 121.43  29.68    6    4.3
  58566 121.88  29.47   14    2.0
  58567 121.43  29.32   39    1.9
  58568 121.38  29.12   35    3.0
  58570 122.30  29.95   83    3.2
  58601 115.38  28.70   54    0.2
  58602 115.55  28.85   46    1.2
  58605 115.38  28.42   49   0.01
  58607 115.95  28.55   35   0.01
  58612 116.68  28.70   22    2.1
  58614 116.27  28.38   40    4.0
  58615 117.08  28.68   56    4.2
  58616 116.82  28.20   44    4.7
  58618 116.60  28.23   51    2.1
  58619 116.37  28.00   47    0.6
  58620 117.13  28.97   37    2.0
  58623 117.92  28.47   92    4.6
  58624 117.43  28.40   64    5.1
  58625 117.60  28.42   80    5.1
  58627 117.03  28.25   64    4.4
  58629 117.70  28.32   59    4.7
  58631 118.50  28.90  134    5.4
  58632 118.60  28.72  124    5.4
  58635 118.20  28.43   96    6.4
  58642 119.80  28.88  102    6.4
  58643 120.03  28.90   99    5.7
  58644 119.28  28.60  237    6.2
  58647 119.13  28.07  196    4.9
  58654 120.08  28.67  184    4.6
  58656 120.97  28.12    7    2.2
  58657 120.28  28.15   59    2.7
  58658 120.68  28.15   36    3.9
  58659 120.65  28.03   29    3.6
  58660 121.13  28.85    8    3.7
  58664 121.37  28.37   33    3.0
  58693 115.83  28.70   37    0.1
  58701 115.40  27.77   47    2.3
  58704 115.35  27.62   61    0.4
  58706 115.83  27.43  180    2.4
  58707 115.13  27.22   66    0.1
  58710 116.05  27.77   76   0.01
  58712 116.78  27.92  123    5.5
  58713 117.07  27.72  220    5.0
  58714 116.23  27.55  115    0.9
  58724 117.30  27.52  264    4.2
  58735 118.80  27.52  201    3.1
  58736 118.82  27.37  220    3.4
  58745 119.07  27.62  368    1.9
  58746 119.70  27.55  514    4.9
  58747 119.35  27.15  900    5.4
  58748 119.65  27.10   51    1.7
  58749 119.88  27.23  680    2.9
  58750 120.08  27.78  106    4.2
  58751 120.55  27.68    5    7.5
  58804 115.35  26.35  153    0.2
  58814 116.35  26.35  237    2.1
  58819 116.80  26.17  329    0.2
  58821 117.47  26.73  174    2.5
  58822 116.85  26.83  341    0.3
  58823 117.80  26.80  173    2.6
  58824 117.15  26.40  355    0.4
  58826 117.80  26.40  120    1.4
  58828 117.62  26.27  206    0.5
  58836 118.73  26.58  359    0.6
  58839 118.85  26.23   42   0.01
  58844 119.15  26.15   49    0.3
  58845 119.53  26.50   57    1.1
  58848 119.55  26.20   12    1.0
  58850 120.23  26.92   88    0.3
  58903 116.03  25.90  208    0.1
  58905 115.42  25.97  136    1.8
  58906 115.80  25.60  167    0.4
  58932 118.93  25.87   85    0.3
  58940 119.33  26.08   28    0.1
  58941 119.50  25.97   11    0.2
  58942 119.38  25.72   39   0.01
  59001 105.33  24.78  674    0.4
  59004 105.10  24.50  729    0.7
  59012 106.55  24.78  973    0.1
  59015 106.57  24.35  442   0.01
  59017 106.27  24.27  279    0.1
  59022 107.55  24.98  695    0.5
  59025 107.38  24.53  249    0.1
  59031 108.25  24.83  205    0.2
  59033 108.90  24.78  330    0.5
  59034 108.67  24.48  149    1.0
  59038 108.65  24.07  142    0.1
  59041 109.25  24.65  109    0.1
  59044 109.38  24.47   99    0.4
  59045 109.75  24.48   95   0.01
  59047 109.33  24.25  101    0.7
  59051 110.50  24.77  133    0.9
  59052 110.82  24.83  167    0.1
  59053 110.67  24.62  108    2.6
  59055 110.40  24.50  166    2.3
  59057 110.18  24.13  827    3.1
  59059 110.80  24.18  107    1.8
  59061 111.27  24.82  198    0.3
  59063 111.45  25.18  262    0.2
  59064 111.32  24.55  141    0.2
  59071 112.28  24.73  175    2.1
  59074 112.15  24.57  300    1.2
  59075 112.63  24.48   70    0.2
  59081 113.27  24.78   98    1.1
  59090 114.07  24.95  103    0.1
  59091 114.53  24.75  257    0.7
  59093 115.03  24.78  254   0.01
  59094 114.12  24.37  135    0.1
  59205 105.63  23.65  688    0.5
  59215 106.62  23.33  640    1.1
  59227 107.15  23.08  438    0.9
  59229 107.70  23.18  101   0.01
  59235 108.62  23.43  116    0.3
  59237 108.28  23.17  115    0.8
  59238 108.80  23.22  123    1.5
  59241 109.68  23.97   91    0.6
  59246 109.67  23.60   70    1.1
  59249 109.62  23.12   56    0.3
  59255 110.38  23.55   37    0.5
  59256 110.92  23.37   56    1.0
  59264 111.50  23.40   79    0.5
  59266 111.23  23.42   46    0.8
  59268 111.53  23.25   31    0.3
  59269 111.77  23.15   27    0.2
  59270 112.18  23.92   78    0.2
  59276 112.65  23.35   40    0.1
  59419 106.75  22.10  243    1.1
  59421 107.20  22.83  257    0.8
  59425 107.35  22.40  107    0.8
  59426 107.90  22.63   92    0.1
  59427 107.07  22.12  162    0.9
  59429 107.97  22.15  183    0.5
  59432 108.40  22.80  203    2.0
  59435 108.48  22.77   75    0.1
  59441 109.25  22.70   78    2.2
  59448 109.55  22.27   70    0.8
  59449 109.98  22.30   80    0.2
  59451 110.35  22.70   99    0.5
  59452 110.53  22.85  100    1.2
  59454 111.00  22.92  104    0.6
  59457 110.27  22.32  120    0.5
  59635 108.35  21.62   26   0.01
  59640 109.18  21.67    6    0.7
  59750 110.10  20.92   25   0.01
  59757 110.37  20.00   10    0.2
  59842 109.68  19.90   31    0.5
  59843 110.00  19.73   36    0.1
  59848 109.43  19.23  219    1.0
  59851 110.33  19.70   25   0.01
  59854 110.10  19.37  119    0.2
  59856 110.75  19.62   26   0.01
