diamond  3 2013年01月05日08点24小时降雨量                    
  13  01  05  08    -1 3 10 25 50 1 0
 39 122.7  37.3 122.5  36.7 120.8  36.2 119.3  35.0 120.4  34.3
 121.1  32.7 122.3  30.9 122.5  30.1 121.5  28.0 119.8  25.0
 116.1  22.6 111.0  21.0 111.0  18.6 109.6  18.1 108.3  18.5
 108.9  19.9 109.3  21.0 106.4  21.6 104.1  22.2 101.6  20.8
  98.7  22.0  97.1  24.1  97.7  27.0  91.7  26.6  85.7  27.7
  78.9  30.6  73.3  37.1  74.1  40.7  87.6  49.8  98.5  43.9
 110.4  44.3 122.0  54.7 135.7  48.3 131.5  42.2 125.2  39.4
 121.3  38.5 121.2  40.3 118.5  38.6 120.8  38.1
1         559
  50431 121.52  50.78  718   0.01
  50566 128.47  49.55  117    0.1
  50673 130.40  48.88   92    1.2
  50772 129.23  48.10  299    0.2
  50884 131.15  46.63  176   0.01
  51137  82.93  46.20  715    2.6
  51145  83.65  46.55  523    1.4
  51328  80.42  44.20  774    1.2
  51329  80.85  44.05  641    1.5
  51430  81.15  43.83  605    0.5
  51434  81.53  43.97  771    0.3
  51435  82.23  43.47  776   0.01
  51436  83.25  43.45  929    0.7
  51438  81.77  43.18 1210   0.01
  51627  79.23  41.22 1397   0.01
  51629  80.23  41.27 1134    0.2
  51707  76.73  39.50 1209   0.01
  52853 100.98  36.90 3011   0.01
  53906 105.72  35.52 1659   0.01
  53908 105.23  35.22 1769   0.01
  53914 106.12  35.62 2079   0.01
  53917 106.07  35.22 1633   0.01
  54252 124.75  42.73  198   0.01
  54274 126.07  42.68  300   0.01
  54362 125.73  41.67  388    0.1
  54371 126.43  41.93  521    0.2
  54494 124.07  40.47   74   0.01
  54568 121.70  39.08   40   0.01
  54569 121.97  39.40   35   0.01
  54590 124.17  39.88    5    0.1
  56045  99.90  33.97 4051    0.3
  56180 103.85  31.68 1591   0.01
  56181 103.70  30.68  543    0.4
  56183 103.58  31.47 1326   0.01
  56184 103.17  31.43 1884   0.01
  56185 102.98  32.08 2400   0.01
  56186 104.20  31.33  589    0.4
  56189 103.93  30.98  584    0.5
  56190 104.55  31.55  518    1.1
  56193 104.52  32.42  894   0.01
  56194 104.45  31.82  679    0.4
  56195 104.73  31.78  531    0.8
  56197 104.18  31.13  537    1.1
  56198 104.50  31.32  523    2.0
  56199 104.68  31.03  424    1.2
  56272 103.88  30.82  560    0.3
  56273 102.82  30.38 1011   0.01
  56276 103.82  30.45  468    1.0
  56278 102.77  30.07  756    0.3
  56279 102.93  30.15  683    0.6
  56280 103.12  30.08  692    0.8
  56281 103.50  30.18  512    0.4
  56284 103.48  30.42  502    0.7
  56285 103.52  30.60  525    0.6
  56286 104.25  30.55  514    1.5
  56288 103.92  30.58  495    0.8
  56289 103.87  30.20  439    1.1
  56290 104.18  30.78  515    1.3
  56291 104.28  30.97  474    1.0
  56295 104.55  30.38  443    1.6
  56296 104.43  30.85  449    1.1
  56297 104.15  30.02  431    0.1
  56298 104.60  30.13  415    1.2
  56373 102.85  29.78  763    0.1
  56380 103.37  29.92  466    0.3
  56381 103.52  30.02  497    0.3
  56382 103.60  29.73  408    0.7
  56383 103.87  29.83  454    0.9
  56384 103.48  29.60  446    0.5
  56389 103.95  29.20  386    0.1
  56390 104.07  29.67  403    0.2
  56391 103.82  30.08  416    1.1
  56393 104.85  29.77  370    0.1
  56394 104.43  29.45  382   0.01
  56395 104.67  29.52  349   0.01
  56396 104.77  29.35  352   0.01
  56399 104.98  29.18  307   0.01
  56480 103.53  28.82  564    0.2
  56483 103.95  28.60  412    0.1
  56490 103.90  28.95  396    1.5
  56494 104.15  28.65  460    0.7
  56496 105.23  28.32  330    0.7
  56497 104.23  28.10  433    0.3
  56498 104.50  28.17  442    0.2
  56582 103.90  27.75 1177    0.1
  56585 103.53  27.18 1916   0.01
  56592 104.52  28.43  360   0.01
  56594 104.05  27.63  884   0.01
  56595 104.87  27.42 1644    0.4
  56596 105.05  27.85 1176    0.1
  56697 104.08  26.22 1987   0.01
  56782 103.55  25.42 2064   0.01
  56870 102.17  24.67 1576   0.01
  56881 103.27  24.75 1694    0.1
  56883 103.98  24.83 1846    0.2
  56885 103.45  24.40 1416    0.1
  56889 104.17  24.05 1518    0.3
  56891 104.32  24.98 1482    0.9
  56987 103.23  22.78 1261    0.1
  56992 104.70  23.45 1508    0.5
  56995 104.42  23.03 1335   0.01
  56996 104.70  23.13 1094    0.1
  57007 105.18  34.18 1406   0.01
  57008 105.30  34.03 1578   0.01
  57012 106.20  34.98 1665   0.01
  57102 105.72  33.75  971   0.01
  57105 105.60  33.33 1219    0.1
  57110 106.08  33.78  930   0.01
  57111 106.30  33.92  967   0.01
  57204 105.23  32.58  801    0.5
  57208 105.47  32.02  538    0.7
  57213 106.93  33.00  537   0.01
  57216 106.83  32.35  577   0.01
  57217 106.28  32.23  493    0.4
  57247 108.90  32.32  442   0.01
  57249 109.68  32.32  453   0.01
  57303 105.92  31.73  460    1.0
  57304 105.17  31.67  517    1.1
  57307 105.08  31.10  408    1.3
  57308 105.38  31.22  421    1.4
  57309 105.88  30.98  375    1.8
  57314 106.07  31.35  385    0.6
  57315 106.40  31.53  658    0.9
  57317 106.42  31.03  323    0.8
  57318 106.55  31.07  339    0.4
  57320 107.22  31.93  483   0.01
  57329 107.85  31.10  462   0.01
  57333 108.67  31.95  800   0.01
  57338 108.42  31.18  213   0.01
  57339 108.68  30.95  296   0.01
  57345 109.62  31.40  339   0.01
  57349 109.87  31.07  270   0.01
  57362 110.67  31.75  939   0.01
  57401 105.37  30.87  380    2.6
  57402 105.70  30.77  395    1.6
  57407 105.03  30.28  464    0.7
  57408 105.35  30.12  333    1.4
  57409 105.80  30.18  295    0.8
  57413 106.97  30.85  295    0.4
  57414 106.45  30.55  396    0.4
  57415 106.63  30.47  336    0.4
  57416 106.93  30.33 3915    0.3
  57417 106.28  30.35  315    0.3
  57420 107.20  30.75  397    0.7
  57425 107.33  30.33  430    0.1
  57431 108.35  30.83  256   0.01
  57465 111.45  30.38   76   0.01
  57477 112.22  30.07   39    0.7
  57485 113.45  30.37   33   0.01
  57486 113.85  30.65   25   0.01
  57496 114.87  30.37   30    0.1
  57498 114.90  30.43   22   0.01
  57499 114.97  30.10   40    1.3
  57505 105.58  29.42  324    0.1
  57506 105.90  29.37  376    0.5
  57507 105.30  29.33  374    0.7
  57508 105.37  29.15  302    0.1
  57510 106.05  29.85  275    0.7
  57511 106.45  29.85  242   0.01
  57513 106.62  29.73  457    0.2
  57514 106.22  29.58  325    0.2
  57518 106.53  29.38  243    0.1
  57519 107.08  29.15  559   0.01
  57540 109.15  29.68  776   0.01
  57541 109.48  30.00  533   0.01
  57544 109.45  29.47  486   0.01
  57558 110.47  29.13  184   0.01
  57564 111.13  29.43  103   0.01
  57565 111.75  29.65   39   0.01
  57566 111.65  29.45   50   0.01
  57575 112.57  29.52   32   0.01
  57577 112.17  29.40   37   0.01
  57582 113.88  29.73   51    0.3
  57585 113.45  29.48   60    0.2
  57590 114.37  29.85   64    0.3
  57596 114.20  29.63    0    0.4
  57600 105.07  28.72  256    0.2
  57603 105.83  28.82  283    1.9
  57605 105.82  28.03  539    0.1
  57609 105.70  28.58  316    0.5
  57634 107.88  28.52  658    0.2
  57635 108.98  28.45  363   0.01
  57643 109.83  29.00  268    0.1
  57646 109.95  28.62  301   0.01
  57657 110.20  28.22  182   0.01
  57658 110.20  28.02  144    2.0
  57661 111.48  28.92   51    0.1
  57663 111.95  28.92   31   0.01
  57666 112.13  28.52   49    1.2
  57674 112.47  28.57   44    1.3
  57678 112.55  28.25   71    1.7
  57688 113.63  28.15  100    2.2
  57694 114.38  28.53  256    1.8
  57698 114.45  28.12   99    2.9
  57699 114.92  28.23   68   0.01
  57708 105.60  27.15 1704    0.7
  57717 106.83  27.53  974   0.01
  57719 106.97  27.07 1280   0.01
  57723 107.72  27.98  710   0.01
  57728 107.47  27.07 1095    0.2
  57735 108.82  27.18  396    0.3
  57736 108.85  27.70  376    0.1
  57737 108.12  27.03  546    0.5
  57739 108.88  27.23  375    0.3
  57740 109.60  27.95  349    0.8
  57742 109.20  27.52  883    0.7
  57743 109.80  27.88  176    1.2
  57754 110.15  27.35  170    1.1
  57760 111.43  27.70  247    0.8
  57762 111.70  27.68  163    1.5
  57763 112.00  27.73  151    1.3
  57768 111.45  27.32  242    1.6
  57769 111.73  27.23  257    4.4
  57771 112.52  27.93   89    2.0
  57772 112.50  27.75   84    2.4
  57773 112.82  27.87   63    2.8
  57777 112.87  27.23   65    0.6
  57778 112.95  27.10   68    1.5
  57781 113.50  27.65   71    1.8
  57786 113.85  27.65  110    6.6
  57792 114.68  27.82   93    1.8
  57798 114.60  27.40   89    6.8
  57800 105.37  26.77 1458    0.1
  57808 105.75  26.32 1272   0.01
  57809 105.75  26.07 1251   0.01
  57811 106.60  26.85 1242    0.2
  57814 106.27  26.42 1285    0.4
  57818 106.45  26.03 1145    0.1
  57821 107.50  26.70  924   0.01
  57822 107.90  26.90  833    0.3
  57824 107.23  26.58 1005   0.01
  57828 107.58  26.50  983    1.2
  57829 107.80  26.20  964    0.4
  57834 108.30  26.68  642    0.3
  57835 108.43  26.72  521   0.01
  57837 108.07  26.40  838    0.3
  57842 109.72  26.88  281    1.7
  57844 109.18  26.68  344    1.7
  57846 110.15  26.58  307    2.7
  57851 110.85  26.45  307    3.4
  57859 110.63  26.03  409    2.3
  57860 111.28  27.00  282    0.6
  57865 111.58  26.47  166    3.1
  57867 111.28  26.40  169    5.2
  57868 111.87  26.60  113    5.1
  57870 112.10  26.80  151    2.6
  57875 112.50  26.88   71    4.4
  57876 112.83  26.43  118    6.7
  57881 113.25  26.72  105    7.3
  57882 113.55  26.78  135    1.9
  57883 114.28  26.75  257    1.7
  57887 113.12  26.13  124    3.3
  57891 114.25  26.93  144    4.5
  57895 114.78  26.47   96    0.3
  57899 114.92  26.80   66    3.8
  57900 105.22  25.83 1553    1.3
  57903 105.60  25.93 1138    0.6
  57905 105.63  25.40 1063    3.3
  57908 105.48  25.12 1393    0.7
  57909 105.82  24.98  584    0.4
  57911 106.65  26.67 1325    0.1
  57913 106.98  26.45 1095    0.1
  57914 106.67  26.42 1143   0.01
  57915 106.77  26.63 1102    0.1
  57923 107.87  25.98  418   0.01
  57927 107.18  24.97  283   0.01
  57936 108.92  25.75  255    0.3
  57941 109.60  25.78  198    0.1
  57942 110.00  25.80  267    1.5
  57948 109.25  25.08  123    0.5
  57949 110.00  24.98  157    1.1
  57954 110.18  25.23  158    0.6
  57955 110.67  25.62  224    1.9
  57956 110.32  25.42  169    0.8
  57958 110.32  25.08  152    1.1
  57960 111.07  25.93  192    3.3
  57962 111.65  25.97  166    4.4
  57964 111.15  25.50  258    2.9
  57966 111.95  25.60  205    5.5
  57969 111.33  25.27  230    0.1
  57971 112.20  25.92  225    4.9
  57973 112.72  25.75  328    4.7
  57975 112.20  25.38  278    2.9
  57976 112.95  25.42  226    1.8
  57981 113.22  25.98  141    7.3
  57985 113.68  25.57  608    3.4
  57988 113.35  25.15  103    0.2
  57989 113.73  25.10   96    1.1
  57990 114.30  25.70  252    3.4
  57991 114.55  25.80  148    4.0
  57992 114.75  25.67  129    0.1
  57994 114.35  25.40  208    1.3
  57995 114.93  25.40  166    1.0
  58230 118.27  32.08   34   0.01
  58237 118.62  32.05   22   0.01
  58249 120.00  32.17    8    0.4
  58254 120.45  32.52    5   0.01
  58257 120.25  31.98   12    0.3
  58268 121.08  32.10    8    0.1
  58269 121.65  31.78   12    0.2
  58316 116.95  31.47   26    0.3
  58317 116.37  30.87  434    0.1
  58320 117.13  31.73   26    0.1
  58323 117.47  31.88   29   0.01
  58327 117.28  31.25   24    0.2
  58329 117.87  31.33   24    0.7
  58330 118.08  31.75   20   0.01
  58334 118.37  31.38   23    3.9
  58335 118.52  31.57   16    0.1
  58337 118.18  31.08   30    2.0
  58339 118.90  31.33   24    0.9
  58340 119.03  31.65   23    0.2
  58341 119.58  31.98   10    0.3
  58342 119.55  31.72    7   0.01
  58344 119.20  31.97   35   0.01
  58346 119.82  31.33   15    1.2
  58349 120.63  31.27    9    1.0
  58351 120.30  31.90   12    1.0
  58352 120.77  31.65    8    0.4
  58353 120.57  31.87    6    0.6
  58359 120.62  31.13    9    1.1
  58360 121.20  31.92    6    0.4
  58361 121.37  31.10   10    1.1
  58365 121.25  31.37    9    0.7
  58366 121.40  31.63    9    0.3
  58367 121.43  31.20   18    0.9
  58369 121.78  31.05    9    0.9
  58370 121.55  31.22   11    1.1
  58377 121.10  31.47    6    1.3
  58404 115.22  30.47   57   0.01
  58408 115.43  30.23   35    0.4
  58409 115.93  30.07   20    0.1
  58415 116.58  30.63   38   0.01
  58416 116.82  30.75   38    0.3
  58417 116.13  30.17   50    0.3
  58418 116.70  30.13   26    1.7
  58420 117.22  30.72   38    1.1
  58426 118.13  30.30  192    3.0
  58427 117.48  30.67   36    1.9
  58428 117.48  30.22  115    1.3
  58431 118.32  30.92   17    2.9
  58433 118.75  30.93   30    2.7
  58435 118.53  30.30  221    3.8
  58438 118.58  30.08  197    4.4
  58441 119.42  30.87   53    3.0
  58442 119.18  31.13   16    1.7
  58443 119.90  31.02   19    2.4
  58446 119.68  30.63   25    5.4
  58449 119.95  30.05   47    7.4
  58451 120.93  30.83    3    3.9
  58452 120.77  30.73    4    1.3
  58453 120.50  30.07   10    9.3
  58454 119.97  30.53    5    5.9
  58455 120.65  30.52    8    5.1
  58456 120.52  30.63    6    5.5
  58458 120.90  30.53    3    4.1
  58459 120.28  30.18   42    7.0
  58460 121.35  30.73    6    1.9
  58461 121.12  31.13    8    0.5
  58462 121.23  31.03    9    1.3
  58463 121.50  30.88    9    1.0
  58468 121.17  30.05   10    9.3
  58484 122.20  30.25    9    3.2
  58501 115.63  29.93   25    1.9
  58502 116.00  29.73   37    1.6
  58503 115.68  29.70   41    0.6
  58508 115.77  29.33   42   0.01
  58509 115.82  29.05   38    2.9
  58510 116.23  29.73   40    1.1
  58512 116.55  29.90   66    2.4
  58514 116.05  29.45   35    0.6
  58517 116.20  29.27   43    2.3
  58523 117.93  29.93  231    3.7
  58529 117.85  29.27   82    7.7
  58530 118.43  29.87  170    4.6
  58534 118.18  29.78  173    4.7
  58537 118.40  29.13  153    4.0
  58542 119.68  29.82   45    7.7
  58544 119.27  29.48   87    7.3
  58546 119.88  29.47  114    8.7
  58550 120.25  29.70   39    6.6
  58555 120.88  29.52  112    7.6
  58558 120.22  29.27   89   0.01
  58559 120.98  29.17   59    2.6
  58561 121.60  29.98    3    8.1
  58563 121.83  29.88    4   15.3
  58565 121.43  29.68    6    9.1
  58566 121.88  29.47   14    7.7
  58567 121.43  29.32   39    7.7
  58568 121.38  29.12   35    9.9
  58570 122.30  29.95   83    3.2
  58601 115.38  28.70   54    3.5
  58602 115.55  28.85   46    2.3
  58605 115.38  28.42   49    5.0
  58609 115.82  28.22   30    0.2
  58612 116.68  28.70   22    6.3
  58614 116.27  28.38   40    7.9
  58615 117.08  28.68   56    3.7
  58616 116.82  28.20   44    6.9
  58618 116.60  28.23   51    5.1
  58619 116.37  28.00   47   11.0
  58620 117.13  28.97   37    4.0
  58623 117.92  28.47   92    8.5
  58624 117.43  28.40   64    7.7
  58625 117.60  28.42   80    7.3
  58627 117.03  28.25   64    1.7
  58629 117.70  28.32   59   10.6
  58631 118.50  28.90  134    7.5
  58632 118.60  28.72  124    8.3
  58635 118.20  28.43   96    4.5
  58643 120.03  28.90   99   13.4
  58644 119.28  28.60  237    8.1
  58647 119.13  28.07  196    9.0
  58654 120.08  28.67  184    7.9
  58656 120.97  28.12    7   10.2
  58657 120.28  28.15   59    8.9
  58658 120.68  28.15   36   12.8
  58659 120.65  28.03   29   11.4
  58660 121.13  28.85    8    7.7
  58664 121.37  28.37   33    9.7
  58693 115.83  28.70   37    3.8
  58701 115.40  27.77   47    4.8
  58704 115.35  27.62   61    5.0
  58706 115.83  27.43  180    3.0
  58707 115.13  27.22   66    2.1
  58710 116.05  27.77   76    5.9
  58712 116.78  27.92  123    9.3
  58713 117.07  27.72  220    8.7
  58714 116.23  27.55  115    5.8
  58724 117.30  27.52  264   10.1
  58735 118.80  27.52  201    9.1
  58736 118.82  27.37  220   10.0
  58745 119.07  27.62  368    6.6
  58746 119.70  27.55  514   12.0
  58747 119.35  27.15  900   14.4
  58748 119.65  27.10   51    8.2
  58749 119.88  27.23  680   10.1
  58750 120.08  27.78  106    7.9
  58751 120.55  27.68    5   12.3
  58804 115.35  26.35  153    2.8
  58814 116.35  26.35  237    6.0
  58819 116.80  26.17  329    6.3
  58821 117.47  26.73  174   11.6
  58822 116.85  26.83  341    8.1
  58823 117.80  26.80  173   12.3
  58824 117.15  26.40  355    6.6
  58826 117.80  26.40  120    7.8
  58828 117.62  26.27  206    4.9
  58836 118.73  26.58  359    6.4
  58839 118.85  26.23   42    2.4
  58844 119.15  26.15   49    2.9
  58845 119.53  26.50   57    2.5
  58848 119.55  26.20   12    2.6
  58850 120.23  26.92   88    4.8
  58903 116.03  25.90  208    1.8
  58905 115.42  25.97  136    2.4
  58906 115.80  25.60  167    1.7
  58907 115.40  25.15  300    0.3
  58912 116.75  25.72  379    1.5
  58917 116.10  25.08  307    0.1
  58923 117.83  25.70  397    3.5
  58928 117.53  25.02  160    0.1
  58932 118.93  25.87   85    2.1
  58934 118.27  25.33  170   0.01
  58935 118.23  25.48  516    0.8
  58940 119.33  26.08   28    1.4
  58941 119.50  25.97   11    1.0
  58942 119.38  25.72   39   0.01
  59001 105.33  24.78  674    1.2
  59004 105.10  24.50  729    0.6
  59012 106.55  24.78  973    0.1
  59017 106.27  24.27  279    1.0
  59022 107.55  24.98  695   0.01
  59025 107.38  24.53  249    1.3
  59027 107.25  24.13  244    0.1
  59031 108.25  24.83  205    1.5
  59033 108.90  24.78  330    2.6
  59034 108.67  24.48  149    2.2
  59038 108.65  24.07  142    0.9
  59041 109.25  24.65  109    0.3
  59044 109.38  24.47   99    1.8
  59045 109.75  24.48   95   0.01
  59047 109.33  24.25  101    2.9
  59051 110.50  24.77  133    1.4
  59052 110.82  24.83  167    0.1
  59053 110.67  24.62  108    2.1
  59055 110.40  24.50  166    1.6
  59057 110.18  24.13  827    1.1
  59059 110.80  24.18  107    0.9
  59061 111.27  24.82  198    0.2
  59063 111.45  25.18  262    0.4
  59064 111.32  24.55  141    0.1
  59071 112.28  24.73  175    0.7
  59074 112.15  24.57  300    0.1
  59075 112.63  24.48   70   0.01
  59081 113.27  24.78   98    2.5
  59090 114.07  24.95  103    0.2
  59091 114.53  24.75  257    0.6
  59093 115.03  24.78  254   0.01
  59125 117.30  24.38  105   0.01
  59205 105.63  23.65  688    0.1
  59213 106.92  23.73  113    0.6
  59215 106.62  23.33  640    1.3
  59224 107.12  23.60  116    0.2
  59227 107.15  23.08  438    1.0
  59229 107.70  23.18  101   0.01
  59230 108.17  23.72  173    0.8
  59235 108.62  23.43  116    4.1
  59237 108.28  23.17  115    2.8
  59238 108.80  23.22  123    3.7
  59241 109.68  23.97   91    2.3
  59246 109.67  23.60   70    1.7
  59249 109.62  23.12   56    0.8
  59255 110.38  23.55   37    0.4
  59256 110.92  23.37   56    0.4
  59264 111.50  23.40   79    1.0
  59266 111.23  23.42   46   0.01
  59268 111.53  23.25   31    0.9
  59269 111.77  23.15   27    0.2
  59270 112.18  23.92   78   0.01
  59276 112.65  23.35   40   0.01
  59279 112.87  23.18   18   0.01
  59284 113.22  23.38    6    0.1
  59288 113.13  23.05    3    0.2
  59297 114.28  23.18   16   0.01
  59419 106.75  22.10  243    0.9
  59421 107.20  22.83  257    0.5
  59425 107.35  22.40  107    0.9
  59426 107.90  22.63   92    0.5
  59427 107.07  22.12  162    0.4
  59429 107.97  22.15  183    1.4
  59432 108.40  22.80  203    2.9
  59435 108.48  22.77   75    0.9
  59441 109.25  22.70   78    3.7
  59448 109.55  22.27   70    1.0
  59449 109.98  22.30   80    0.6
  59451 110.35  22.70   99    0.1
  59452 110.53  22.85  100    0.4
  59454 111.00  22.92  104    0.9
  59457 110.27  22.32  120    0.4
  59469 111.78  22.17   33   0.01
  59470 112.22  22.72   33    0.1
  59471 112.05  22.93  102    0.1
  59473 112.97  22.77   20    0.1
  59477 112.30  22.18   25    0.4
  59480 113.25  22.85   21   0.01
  59481 113.32  22.93   16    0.1
  59487 113.30  22.23   12   0.01
  59635 108.35  21.62   26    1.1
  59640 109.18  21.67    6    1.1
  59750 110.10  20.92   25   0.01
  59757 110.37  20.00   10    2.6
  59842 109.68  19.90   31    0.6
  59843 110.00  19.73   36    0.3
  59848 109.43  19.23  219    0.7
  59851 110.33  19.70   25   0.01
  59854 110.10  19.37  119    0.4
  59856 110.75  19.62   26   0.01
  59951 110.33  18.80   38   0.01
