diamond  3 2013年01月22日08点24小时降雨量                    
  13  01  22  08    -1 3 10 25 50 1 0
 39 122.7  37.3 122.5  36.7 120.8  36.2 119.3  35.0 120.4  34.3
 121.1  32.7 122.3  30.9 122.5  30.1 121.5  28.0 119.8  25.0
 116.1  22.6 111.0  21.0 111.0  18.6 109.6  18.1 108.3  18.5
 108.9  19.9 109.3  21.0 106.4  21.6 104.1  22.2 101.6  20.8
  98.7  22.0  97.1  24.1  97.7  27.0  91.7  26.6  85.7  27.7
  78.9  30.6  73.3  37.1  74.1  40.7  87.6  49.8  98.5  43.9
 110.4  44.3 122.0  54.7 135.7  48.3 131.5  42.2 125.2  39.4
 121.3  38.5 121.2  40.3 118.5  38.6 120.8  38.1
1         565
  50137 122.37  53.47  297    0.3
  50431 121.52  50.78  718    0.1
  50524 119.43  49.32  578   0.01
  50525 119.75  49.15  621   0.01
  50526 120.70  49.28  670   0.01
  50674 129.43  48.57  404    0.4
  50767 127.10  47.23  204    0.2
  50772 129.23  48.10  299    0.1
  50775 130.27  47.33  229   0.01
  50776 130.83  47.57   84   0.01
  50778 132.53  47.67   59    0.3
  50779 134.28  48.37   41    0.4
  50787 131.85  47.28   63    0.3
  50851 126.08  46.68  209    0.1
  50852 126.45  46.83  170    0.1
  50858 125.93  46.07  136    0.3
  50859 126.27  46.25  160   0.01
  50861 127.48  46.88  186    0.2
  50880 131.12  46.73  104   0.01
  50884 131.15  46.63  176   0.01
  50892 134.00  46.80   57    0.1
  50946 124.83  45.18  140   0.01
  50971 131.02  45.77  226   0.01
  51352  85.25  44.85  338   0.01
  51357  85.62  44.33  523   0.01
  51378  89.17  44.02  735   0.01
  51568  86.80  42.25 1086   0.01
  52515  94.87  39.52 2138    0.6
  52896 104.15  36.55 1739   0.01
  52980 103.30  35.97 1649   0.01
  53574 112.27  39.52 1408    0.1
  53662 111.58  38.72 1393   0.01
  53753 110.88  37.43  861    0.1
  53756 110.72  37.52  744    0.3
  53760 111.23  37.88 1212   0.01
  53767 111.17  37.33 1212    0.1
  53776 112.77  37.68  831   0.01
  53785 114.67  37.52   35   0.01
  53794 114.75  37.35   34   0.01
  53796 114.88  37.62   31   0.01
  53797 114.52  37.28   74    0.1
  53799 114.98  37.23   25   0.01
  53875 112.35  36.52 1001   0.01
  54047 123.28  44.13  146   0.01
  54132 121.07  42.40  400   0.01
  54172 126.60  43.78  199   0.01
  54223 120.65  42.85  364    0.1
  54225 119.92  42.28  589    0.1
  54231 122.35  42.97  249   0.01
  54234 121.75  42.73  300    0.1
  54252 124.75  42.73  198    0.1
  54313 118.70  41.93  734   0.01
  54316 118.75  41.52  680    0.1
  54323 120.78  41.82  253   0.01
  54345 123.07  41.20   29   0.01
  54347 123.17  41.23   25   0.01
  54362 125.73  41.67  388    0.5
  54371 126.43  41.93  521    0.4
  54437 118.65  39.50   19   0.01
  54438 118.88  39.88   61   0.01
  54474 122.35  40.42   27    0.2
  54475 122.48  40.62   15   0.01
  54483 123.90  40.88  239    0.4
  54494 124.07  40.47   74    0.4
  54531 118.72  39.73   43   0.01
  54535 118.47  39.28    3   0.01
  54540 119.17  39.72   14   0.01
  54541 119.23  39.90   23   0.01
  54568 121.70  39.08   40   0.01
  54569 121.97  39.40   35    0.1
  54575 122.37  39.42   44    0.4
  54590 124.17  39.88    5    1.5
  54632 115.03  37.07   34   0.01
  54633 115.23  37.52   27   0.01
  54706 115.67  37.08   32   0.01
  54709 116.07  37.22   30   0.01
  54712 116.82  37.20   23   0.01
  54714 116.33  37.45   24   0.01
  54716 116.80  37.67   17   0.01
  54722 117.63  37.75    7    0.2
  54723 117.57  37.65   11    0.2
  54724 117.13  37.32   21    0.2
  54726 117.18  37.70   12    0.2
  54728 117.38  37.77   16    0.2
  54729 117.87  37.17   11    0.9
  54730 118.13  37.70   11    0.7
  54731 118.22  37.48   16    0.4
  54732 118.52  37.87   13    0.7
  54734 118.00  37.35   12    0.5
  54736 118.67  37.43    9    0.3
  54737 118.15  37.15   17    0.8
  54738 118.40  37.05   20    1.2
  54749 119.95  37.18   48    0.3
  54752 120.77  37.80   64    0.7
  54755 120.38  37.37  113   0.01
  54759 120.83  37.30  172    0.7
  54765 121.43  37.48   57    1.0
  54766 121.62  37.38   23    0.9
  54777 122.07  37.20  112    1.0
  54778 122.48  37.17   60    0.7
  54801 115.48  36.85   36   0.01
  54803 116.02  36.98   28   0.01
  54811 116.62  36.93   22   0.01
  54812 116.75  36.78   23    0.1
  54816 116.80  36.52   82    0.2
  54820 115.17  36.82   38   0.01
  54821 117.20  37.00   21    0.3
  54822 117.73  36.87   46    1.4
  54824 117.95  36.63   95    1.3
  54825 117.85  36.52  195    0.8
  54827 117.15  36.17  137   0.01
  54828 117.68  36.23  228   0.01
  54829 117.87  36.77   88    1.5
  54830 117.93  36.82   35    1.6
  54831 118.50  36.65  102    1.5
  54832 118.73  36.88   29   0.01
  54833 118.08  36.97   19    1.7
  54834 118.28  36.87   46    1.6
  54835 118.55  36.50  110    0.8
  54837 118.83  36.68   76    0.6
  54841 119.40  36.87    8    0.5
  54844 119.18  36.42   67   0.01
  54846 119.75  36.38   37    0.2
  54848 119.42  35.98   81    0.2
  54849 120.00  36.27   16    0.8
  54851 120.57  36.90   81    0.4
  54852 120.73  36.97   53    0.5
  54853 120.42  36.17   43    0.4
  54855 120.47  36.38   30    0.7
  54861 121.53  36.93   47    0.3
  54871 122.48  36.93    9    1.6
  54907 116.65  34.98   38   0.01
  54912 116.48  35.70   47   0.01
  54913 116.82  35.75   67   0.01
  54927 117.20  35.10   79   0.01
  54938 118.40  35.05   66   0.01
  54939 118.82  35.17  116   0.01
  54940 119.20  35.75  147   0.01
  54943 120.00  35.88   13   0.01
  56045  99.90  33.97 4051    1.3
  56071 102.50  34.58 3107    0.9
  56082 103.50  34.58 2544   0.01
  56084 103.23  34.07 2376    0.2
  56094 104.37  33.78 1400    1.0
  56095 104.38  34.03 1754    0.1
  56180 103.85  31.68 1591   0.01
  56185 102.98  32.08 2400    0.2
  56443  99.80  28.93 2842   0.01
  56497 104.23  28.10  433    0.3
  56595 104.87  27.42 1644    0.1
  56596 105.05  27.85 1176    0.7
  56992 104.70  23.45 1508   0.01
  57008 105.30  34.03 1578    1.0
  57057 110.15  34.10  961    0.1
  57247 108.90  32.32  442   0.01
  57248 109.33  32.40  429   0.01
  57296 114.73  32.35   50    0.1
  57298 114.55  32.22   56    0.3
  57299 114.90  32.02   50    0.7
  57326 107.72  31.37  390    0.4
  57329 107.85  31.10  462    1.0
  57333 108.67  31.95  800    0.4
  57338 108.42  31.18  213    1.2
  57339 108.68  30.95  296    0.5
  57345 109.62  31.40  339    0.1
  57349 109.87  31.07  270    0.1
  57362 110.67  31.75  939   0.01
  57385 113.82  31.63   94    0.2
  57387 113.13  31.00   80    0.2
  57388 113.70  31.27   55    0.3
  57389 113.75  31.03   33    0.5
  57390 114.07  31.80  731   0.01
  57396 114.85  31.63  130    1.5
  57398 114.62  31.28   76    2.9
  57431 108.35  30.83  256    0.3
  57437 108.03  30.30  326    0.8
  57453 111.32  30.77  116   0.01
  57464 111.18  30.47  144   0.01
  57465 111.45  30.38   76   0.01
  57469 111.77  30.18   68   0.01
  57477 112.22  30.07   39   0.01
  57481 113.58  30.95   31    0.3
  57486 113.85  30.65   25    0.4
  57489 114.00  30.58   39    0.1
  57491 114.40  30.87   31    0.3
  57492 114.80  30.83   33    0.1
  57496 114.87  30.37   30    0.9
  57498 114.90  30.43   22    0.6
  57499 114.97  30.10   40    0.7
  57509 106.93  28.95  325    4.1
  57518 106.53  29.38  243   0.01
  57519 107.08  29.15  559    3.8
  57522 107.42  29.75  273    0.7
  57525 107.75  29.32  273    1.0
  57537 108.17  29.30  321    2.4
  57540 109.15  29.68  776    0.2
  57541 109.48  30.00  533    0.1
  57543 110.03  29.88  540    0.3
  57544 109.45  29.47  486    0.5
  57558 110.47  29.13  184    2.0
  57564 111.13  29.43  103    0.9
  57565 111.75  29.65   39   0.01
  57566 111.65  29.45   50    0.2
  57571 112.40  29.70   37   0.01
  57575 112.57  29.52   32   0.01
  57577 112.17  29.40   37    0.8
  57582 113.88  29.73   51    1.5
  57585 113.45  29.48   60    0.3
  57586 114.03  29.53   79    0.8
  57589 113.80  29.25  103    0.3
  57590 114.37  29.85   64    0.9
  57596 114.20  29.63    0    0.2
  57605 105.82  28.03  539    0.1
  57609 105.70  28.58  316    0.3
  57623 107.60  28.88  684    0.1
  57634 107.88  28.52  658    0.6
  57635 108.98  28.45  363    2.7
  57636 108.50  28.57  335    1.0
  57637 108.12  28.25  524    1.5
  57640 109.45  28.58  344    1.5
  57643 109.83  29.00  268    1.2
  57646 109.95  28.62  301    1.8
  57657 110.20  28.22  182   0.01
  57658 110.20  28.02  144    0.1
  57661 111.48  28.92   51    2.2
  57663 111.95  28.92   31    0.5
  57666 112.13  28.52   49    3.6
  57674 112.47  28.57   44    4.4
  57678 112.55  28.25   71   0.01
  57680 113.07  28.80   47    4.6
  57688 113.63  28.15  100    0.1
  57694 114.38  28.53  256    0.5
  57698 114.45  28.12   99    0.8
  57699 114.92  28.23   68    1.6
  57708 105.60  27.15 1704    1.1
  57713 106.88  27.70  844    1.1
  57714 106.23  27.47  942    4.9
  57717 106.83  27.53  974    1.3
  57719 106.97  27.07 1280    1.9
  57720 107.17  27.88  888    1.8
  57723 107.72  27.98  710    2.9
  57728 107.47  27.07 1095    1.0
  57732 108.40  28.02  458    0.7
  57734 108.23  27.57  468    0.1
  57735 108.82  27.18  396    0.6
  57736 108.85  27.70  376   0.01
  57737 108.12  27.03  546    0.5
  57738 108.42  27.05  517    0.5
  57739 108.88  27.23  375    0.5
  57740 109.60  27.95  349    0.1
  57742 109.20  27.52  883    0.3
  57743 109.80  27.88  176    0.2
  57744 109.17  27.37  356    0.3
  57754 110.15  27.35  170    0.1
  57760 111.43  27.70  247    0.1
  57762 111.70  27.68  163   0.01
  57763 112.00  27.73  151   0.01
  57767 111.03  27.12  266    1.1
  57768 111.45  27.32  242    0.5
  57769 111.73  27.23  257    0.2
  57772 112.50  27.75   84   0.01
  57773 112.82  27.87   63   0.01
  57777 112.87  27.23   65   0.01
  57778 112.95  27.10   68   0.01
  57781 113.50  27.65   71   0.01
  57786 113.85  27.65  110    0.1
  57792 114.68  27.82   93   0.01
  57796 114.93  27.80   79    0.5
  57800 105.37  26.77 1458    0.1
  57808 105.75  26.32 1272   0.01
  57809 105.75  26.07 1251   0.01
  57811 106.60  26.85 1242    1.0
  57813 106.47  26.57 1265    0.4
  57814 106.27  26.42 1285   0.01
  57821 107.50  26.70  924    0.6
  57822 107.90  26.90  833    0.8
  57824 107.23  26.58 1005    0.7
  57828 107.58  26.50  983    1.3
  57829 107.80  26.20  964    0.8
  57834 108.30  26.68  642    0.4
  57835 108.43  26.72  521    0.2
  57837 108.07  26.40  838    0.7
  57842 109.72  26.88  281    0.6
  57844 109.18  26.68  344    0.4
  57846 110.15  26.58  307    0.4
  57851 110.85  26.45  307    0.8
  57859 110.63  26.03  409    0.6
  57860 111.28  27.00  282    0.6
  57865 111.58  26.47  166    0.4
  57867 111.28  26.40  169    0.5
  57868 111.87  26.60  113    0.4
  57870 112.10  26.80  151    0.1
  57871 112.37  26.98   91   0.01
  57875 112.50  26.88   71   0.01
  57881 113.25  26.72  105   0.01
  57883 114.28  26.75  257   0.01
  57895 114.78  26.47   96   0.01
  57900 105.22  25.83 1553   0.01
  57903 105.60  25.93 1138   0.01
  57911 106.65  26.67 1325    0.5
  57913 106.98  26.45 1095    0.1
  57914 106.67  26.42 1143   0.01
  57915 106.77  26.63 1102    0.7
  57921 107.32  25.83  710   0.01
  57923 107.87  25.98  418    0.3
  57936 108.92  25.75  255   0.01
  57941 109.60  25.78  198   0.01
  57942 110.00  25.80  267   0.01
  57948 109.25  25.08  123    0.2
  57949 110.00  24.98  157    0.5
  57954 110.18  25.23  158    0.5
  57955 110.67  25.62  224    0.4
  57956 110.32  25.42  169    2.4
  57958 110.32  25.08  152    1.3
  57960 111.07  25.93  192    0.9
  57962 111.65  25.97  166   0.01
  57964 111.15  25.50  258   0.01
  57971 112.20  25.92  225   0.01
  57973 112.72  25.75  328   0.01
  57975 112.20  25.38  278   0.01
  57981 113.22  25.98  141    0.3
  57985 113.68  25.57  608   0.01
  57989 113.73  25.10   96   0.01
  57992 114.75  25.67  129    0.3
  57994 114.35  25.40  208    0.1
  57995 114.93  25.40  166    3.2
  58011 116.07  34.80   44   0.01
  58012 116.58  34.68   40   0.01
  58013 116.90  34.75   40    0.1
  58020 117.13  34.80   38    0.2
  58021 117.28  34.78   80    0.2
  58022 117.57  34.75   48   0.01
  58024 117.58  34.87   78   0.01
  58025 117.73  34.57   32   0.01
  58030 118.07  34.85   47    0.3
  58035 118.35  34.33   30    0.1
  58041 119.43  34.78   22    0.3
  58044 119.23  34.53    5    0.2
  58045 119.60  34.20    8   0.01
  58048 119.35  34.12    9   0.01
  58049 119.82  34.03    7   0.01
  58127 117.20  32.98   23   0.01
  58129 117.87  33.13   20   0.01
  58139 118.88  33.30   13    0.2
  58140 119.30  33.77   13    0.1
  58145 119.17  33.53    8   0.01
  58146 119.77  33.47    7    0.3
  58147 118.97  32.98   28    2.6
  58148 119.30  33.23   11    1.4
  58154 120.20  33.43    7    0.8
  58205 115.43  32.47   36    0.1
  58207 115.05  32.17   42    0.2
  58210 116.23  32.65   25   0.01
  58212 116.73  32.72   27    0.2
  58214 116.28  32.33   37   0.01
  58220 117.15  32.47   32    1.5
  58222 117.55  32.85   31    0.4
  58223 117.98  32.78   38    1.8
  58224 117.02  32.65   36    0.1
  58230 118.27  32.08   34    2.1
  58234 118.42  32.47   43    2.0
  58235 118.85  32.37   16    1.5
  58237 118.62  32.05   22    2.7
  58240 119.02  32.68   25    2.1
  58242 119.18  32.28   14    2.0
  58243 119.83  32.93    7    2.2
  58244 119.58  32.45   10    2.3
  58245 119.42  32.42   14    2.0
  58246 119.90  32.52   11    2.9
  58247 119.82  32.25    5    3.7
  58249 120.00  32.17    8    4.6
  58250 120.15  32.52   10    3.2
  58254 120.45  32.52    5    3.4
  58257 120.25  31.98   12    3.0
  58264 121.18  32.33   11    3.3
  58268 121.08  32.10    8    5.6
  58269 121.65  31.78   12    2.5
  58301 115.38  31.82   90    2.3
  58306 115.88  31.68   94    3.4
  58316 116.95  31.47   26    0.6
  58317 116.37  30.87  434    2.7
  58320 117.13  31.73   26    1.3
  58323 117.47  31.88   29    1.6
  58327 117.28  31.25   24    2.0
  58329 117.87  31.33   24    2.9
  58330 118.08  31.75   20    2.8
  58331 118.37  31.73   26    2.4
  58334 118.37  31.38   23    3.8
  58335 118.52  31.57   16    2.1
  58337 118.18  31.08   30    2.7
  58339 118.90  31.33   24    2.2
  58340 119.03  31.65   23    2.2
  58341 119.58  31.98   10    2.0
  58342 119.55  31.72    7    3.1
  58344 119.20  31.97   35    3.2
  58346 119.82  31.33   15    1.3
  58349 120.63  31.27    9    3.3
  58351 120.30  31.90   12    3.9
  58352 120.77  31.65    8    2.1
  58353 120.57  31.87    6    4.0
  58359 120.62  31.13    9    2.7
  58360 121.20  31.92    6    2.6
  58361 121.37  31.10   10    4.1
  58365 121.25  31.37    9    3.9
  58366 121.40  31.63    9    3.2
  58367 121.43  31.20   18    3.6
  58369 121.78  31.05    9    3.6
  58370 121.55  31.22   11    2.9
  58377 121.10  31.47    6    3.6
  58401 115.40  30.78  106    2.4
  58404 115.22  30.47   57    2.2
  58408 115.43  30.23   35    0.8
  58409 115.93  30.07   20    2.4
  58415 116.58  30.63   38    1.4
  58416 116.82  30.75   38    0.6
  58417 116.13  30.17   50    2.8
  58418 116.70  30.13   26    2.3
  58420 117.22  30.72   38    0.9
  58421 117.87  30.63   32    3.1
  58423 117.78  30.48  643    0.4
  58426 118.13  30.30  192    8.4
  58427 117.48  30.67   36    2.6
  58428 117.48  30.22  115    9.2
  58431 118.32  30.92   17    1.8
  58432 118.40  30.68   39    4.9
  58433 118.75  30.93   30    3.6
  58435 118.53  30.30  221    4.3
  58438 118.58  30.08  197    0.8
  58441 119.42  30.87   53    2.6
  58442 119.18  31.13   16    1.8
  58443 119.90  31.02   19    2.4
  58446 119.68  30.63   25    5.6
  58449 119.95  30.05   47    3.3
  58451 120.93  30.83    3    4.7
  58452 120.77  30.73    4    5.3
  58453 120.50  30.07   10    1.6
  58454 119.97  30.53    5    6.7
  58455 120.65  30.52    8    3.9
  58456 120.52  30.63    6    4.4
  58458 120.90  30.53    3    4.2
  58459 120.28  30.18   42    2.3
  58460 121.35  30.73    6    4.7
  58461 121.12  31.13    8    4.7
  58462 121.23  31.03    9    4.0
  58463 121.50  30.88    9    4.7
  58468 121.17  30.05   10    1.4
  58484 122.20  30.25    9    1.2
  58501 115.63  29.93   25    2.9
  58502 116.00  29.73   37    3.7
  58503 115.68  29.70   41    5.4
  58508 115.77  29.33   42    0.7
  58509 115.82  29.05   38   0.01
  58510 116.23  29.73   40    8.7
  58512 116.55  29.90   66    3.4
  58514 116.05  29.45   35    0.9
  58517 116.20  29.27   43   0.01
  58523 117.93  29.93  231    3.8
  58529 117.85  29.27   82    3.2
  58530 118.43  29.87  170    0.7
  58534 118.18  29.78  173    2.7
  58537 118.40  29.13  153    3.2
  58542 119.68  29.82   45    3.3
  58544 119.27  29.48   87    3.0
  58546 119.88  29.47  114    0.4
  58547 119.18  29.03   65    1.3
  58548 119.47  29.22   46    2.6
  58550 120.25  29.70   39    1.8
  58555 120.88  29.52  112    1.5
  58558 120.22  29.27   89    0.8
  58559 120.98  29.17   59    1.8
  58561 121.60  29.98    3    0.8
  58563 121.83  29.88    4   0.01
  58565 121.43  29.68    6    0.2
  58566 121.88  29.47   14    0.9
  58567 121.43  29.32   39    0.7
  58568 121.38  29.12   35    1.7
  58570 122.30  29.95   83   0.01
  58601 115.38  28.70   54   0.01
  58602 115.55  28.85   46   0.01
  58605 115.38  28.42   49    1.1
  58607 115.95  28.55   35    0.2
  58609 115.82  28.22   30    0.6
  58612 116.68  28.70   22    0.2
  58614 116.27  28.38   40    0.4
  58615 117.08  28.68   56    0.3
  58618 116.60  28.23   51    0.2
  58620 117.13  28.97   37    1.3
  58623 117.92  28.47   92   0.01
  58624 117.43  28.40   64    0.2
  58625 117.60  28.42   80    0.1
  58627 117.03  28.25   64   0.01
  58629 117.70  28.32   59   0.01
  58631 118.50  28.90  134    1.6
  58632 118.60  28.72  124    0.4
  58635 118.20  28.43   96   0.01
  58642 119.80  28.88  102   0.01
  58643 120.03  28.90   99    0.6
  58644 119.28  28.60  237    0.3
  58647 119.13  28.07  196    0.3
  58654 120.08  28.67  184    1.8
  58656 120.97  28.12    7    0.4
  58657 120.28  28.15   59   0.01
  58658 120.68  28.15   36   0.01
  58659 120.65  28.03   29    0.8
  58660 121.13  28.85    8    1.8
  58664 121.37  28.37   33    0.6
  58693 115.83  28.70   37   0.01
  58707 115.13  27.22   66   0.01
  58746 119.70  27.55  514   0.01
  58750 120.08  27.78  106   0.01
  58751 120.55  27.68    5   0.01
  58814 116.35  26.35  237    6.9
  58819 116.80  26.17  329    2.3
  58821 117.47  26.73  174    0.5
  58822 116.85  26.83  341   0.01
  58823 117.80  26.80  173    0.2
  58824 117.15  26.40  355    3.0
  58826 117.80  26.40  120    1.0
  58828 117.62  26.27  206    0.9
  58839 118.85  26.23   42    0.1
  58848 119.55  26.20   12   0.01
  58903 116.03  25.90  208    1.2
  58905 115.42  25.97  136    2.7
  58906 115.80  25.60  167   0.01
  58907 115.40  25.15  300    0.2
  58912 116.75  25.72  379   0.01
  58917 116.10  25.08  307    0.2
  58923 117.83  25.70  397   0.01
  58941 119.50  25.97   11    0.5
  58942 119.38  25.72   39    0.4
  59004 105.10  24.50  729   0.01
  59022 107.55  24.98  695    0.2
  59031 108.25  24.83  205   0.01
  59033 108.90  24.78  330   0.01
  59074 112.15  24.57  300   0.01
  59075 112.63  24.48   70   0.01
  59090 114.07  24.95  103    1.4
  59091 114.53  24.75  257    1.0
  59093 115.03  24.78  254    0.1
  59094 114.12  24.37  135    0.7
  59106 115.90  24.58  152   0.01
  59109 115.73  24.15  126   0.01
  59114 116.17  24.65  131   0.01
  59129 117.60  24.13   53   0.01
  59130 118.15  24.73   28   0.01
  59279 112.87  23.18   18    0.1
  59284 113.22  23.38    6    0.8
  59285 113.60  23.57   39    0.1
  59288 113.13  23.05    3    0.9
  59313 116.98  23.68   42    0.2
  59318 116.58  23.27   10   0.01
  59320 117.13  23.77   27    0.4
  59322 117.37  23.98   20    0.3
  59421 107.20  22.83  257   0.01
  59425 107.35  22.40  107   0.01
  59432 108.40  22.80  203    0.4
  59451 110.35  22.70   99   0.01
  59470 112.22  22.72   33   0.01
  59477 112.30  22.18   25   0.01
  59635 108.35  21.62   26    0.1
  59650 110.25  21.38   25   0.01
  59654 110.30  21.63   28   0.01
  59842 109.68  19.90   31   0.01
  59843 110.00  19.73   36   0.01
  59848 109.43  19.23  219   0.01
