diamond  3 2013年01月14日08点24小时降雨量                    
  13  01  14  08    -1 3 10 25 50 1 0
 39 122.7  37.3 122.5  36.7 120.8  36.2 119.3  35.0 120.4  34.3
 121.1  32.7 122.3  30.9 122.5  30.1 121.5  28.0 119.8  25.0
 116.1  22.6 111.0  21.0 111.0  18.6 109.6  18.1 108.3  18.5
 108.9  19.9 109.3  21.0 106.4  21.6 104.1  22.2 101.6  20.8
  98.7  22.0  97.1  24.1  97.7  27.0  91.7  26.6  85.7  27.7
  78.9  30.6  73.3  37.1  74.1  40.7  87.6  49.8  98.5  43.9
 110.4  44.3 122.0  54.7 135.7  48.3 131.5  42.2 125.2  39.4
 121.3  38.5 121.2  40.3 118.5  38.6 120.8  38.1
1         245
  50525 119.75  49.15  621    0.1
  50647 123.48  48.13  237   0.01
  50659 126.25  48.03  293   0.01
  50741 123.50  47.93  186    0.1
  50749 124.83  47.18  159    0.3
  50750 125.30  47.90  228    0.1
  50755 126.10  47.60  232    0.2
  50832 122.08  46.72  334    0.3
  50833 122.90  46.72  189   0.01
  50851 126.08  46.68  209    0.1
  50852 126.45  46.83  170   0.01
  50861 127.48  46.88  186    0.2
  50867 127.35  46.08  134   0.01
  50913 118.83  45.72  866    0.4
  50924 119.67  45.53  824    0.2
  50958 126.95  45.52  175   0.01
  50962 128.03  45.95  113   0.01
  50964 128.80  45.83  123    0.1
  50965 128.30  45.45  157    0.6
  50971 131.02  45.77  226    0.2
  50979 130.23  45.27  279    0.8
  50985 131.87  45.55  155    0.3
  50987 131.13  45.25  181    0.5
  51137  82.93  46.20  715    1.9
  51145  83.65  46.55  523    4.1
  51328  80.42  44.20  774    1.5
  51329  80.85  44.05  641    0.8
  51352  85.25  44.85  338   0.01
  51356  86.05  44.32  444    0.4
  51357  85.62  44.33  523    0.9
  51359  86.20  44.32  473    0.5
  51368  87.32  44.12  516    0.8
  51369  87.65  43.97  601    1.7
  51377  87.92  44.17  547    1.3
  51378  89.17  44.02  735    2.1
  51434  81.53  43.97  771    0.6
  51435  82.23  43.47  776   0.01
  51436  83.25  43.45  929    1.6
  51438  81.77  43.18 1210    0.2
  51465  87.10  43.48 1874    2.7
  51468  86.83  43.10 3543    0.5
  51482  90.28  43.83 1271    3.1
  52515  94.87  39.52 2138    0.8
  52656 100.82  38.43 2282   0.01
  53796 114.88  37.62   31   0.01
  53797 114.52  37.28   74   0.01
  53890 114.15  36.68  234    0.1
  53892 114.47  36.62   67    0.6
  53899 114.97  36.48   49    0.1
  54065 125.65  44.53  173    0.6
  54069 125.80  44.17  175    1.2
  54072 126.52  44.85  203    1.5
  54076 126.93  44.42  254    1.4
  54080 127.15  44.90  196    1.3
  54092 129.40  44.60  294    1.5
  54093 130.55  44.93  266    0.7
  54098 129.47  44.33  272    1.5
  54099 131.13  44.08  151    1.4
  54156 124.80  43.52  200    0.1
  54164 125.28  43.35  249    0.2
  54169 126.02  43.30  270    0.5
  54172 126.60  43.78  199    0.8
  54187 128.92  43.12  369    0.4
  54192 130.27  43.70  386    1.9
  54261 125.52  42.68  343    0.4
  54267 125.73  42.25  363    0.5
  54274 126.07  42.68  300    0.3
  54290 129.40  42.77  245    0.2
  54291 130.28  42.90   37    2.3
  54293 129.83  42.95  141    1.0
  54362 125.73  41.67  388    0.3
  54371 126.43  41.93  521    1.2
  54605 115.93  38.93    7   0.01
  54616 116.85  38.35    9   0.01
  54621 115.18  38.18   39    0.1
  54702 115.70  37.73   22   0.01
  54714 116.33  37.45   24   0.01
  54718 116.43  37.15   26   0.01
  54719 116.68  38.03   12   0.01
  54722 117.63  37.75    7   0.01
  54723 117.57  37.65   11   0.01
  54728 117.38  37.77   16   0.01
  54737 118.15  37.15   17    0.2
  54802 115.73  36.82   35   0.01
  54832 118.73  36.88   29   0.01
  54833 118.08  36.97   19    0.6
  54844 119.18  36.42   67   0.01
  54853 120.42  36.17   43   0.01
  54855 120.47  36.38   30    0.2
  56186 104.20  31.33  589   0.01
  56190 104.55  31.55  518   0.01
  56194 104.45  31.82  679   0.01
  56278 102.77  30.07  756    0.2
  56280 103.12  30.08  692    0.7
  56490 103.90  28.95  396   0.01
  56582 103.90  27.75 1177   0.01
  56595 104.87  27.42 1644    0.4
  56596 105.05  27.85 1176    0.5
  56788 103.67  25.03 1842   0.01
  56790 104.25  25.68 1920   0.01
  56891 104.32  24.98 1482    0.5
  56962 101.67  23.42 1315   0.01
  56975 102.43  23.37  975   0.01
  56978 102.42  23.00 1640   0.01
  56984 103.15  23.38 1717   0.01
  56992 104.70  23.45 1508   0.01
  56994 104.25  23.38 1277    0.1
  57708 105.60  27.15 1704    0.5
  57781 113.50  27.65   71    0.1
  57800 105.37  26.77 1458    0.1
  57807 105.47  26.20 1359   0.01
  57808 105.75  26.32 1272    0.3
  57809 105.75  26.07 1251   0.01
  57814 106.27  26.42 1285   0.01
  57900 105.22  25.83 1553    0.6
  57903 105.60  25.93 1138   0.01
  57905 105.63  25.40 1063   0.01
  57908 105.48  25.12 1393   0.01
  57923 107.87  25.98  418   0.01
  57990 114.30  25.70  252   0.01
  57994 114.35  25.40  208    0.1
  58257 120.25  31.98   12    0.4
  58264 121.18  32.33   11    1.0
  58268 121.08  32.10    8    4.5
  58269 121.65  31.78   12    4.8
  58329 117.87  31.33   24    0.1
  58330 118.08  31.75   20   0.01
  58331 118.37  31.73   26    0.1
  58334 118.37  31.38   23    0.1
  58335 118.52  31.57   16    0.1
  58337 118.18  31.08   30    0.2
  58340 119.03  31.65   23    0.5
  58341 119.58  31.98   10    0.8
  58342 119.55  31.72    7    0.7
  58344 119.20  31.97   35   0.01
  58346 119.82  31.33   15    0.7
  58349 120.63  31.27    9    1.6
  58351 120.30  31.90   12    2.7
  58352 120.77  31.65    8    3.0
  58353 120.57  31.87    6    2.6
  58359 120.62  31.13    9    1.4
  58360 121.20  31.92    6    4.0
  58361 121.37  31.10   10    3.1
  58365 121.25  31.37    9    4.0
  58366 121.40  31.63    9    4.4
  58367 121.43  31.20   18    3.5
  58369 121.78  31.05    9    5.7
  58370 121.55  31.22   11    4.8
  58377 121.10  31.47    6    2.5
  58415 116.58  30.63   38   0.01
  58416 116.82  30.75   38   0.01
  58421 117.87  30.63   32    0.4
  58423 117.78  30.48  643    0.4
  58426 118.13  30.30  192    0.1
  58427 117.48  30.67   36    0.8
  58428 117.48  30.22  115   0.01
  58431 118.32  30.92   17    0.8
  58432 118.40  30.68   39    1.1
  58433 118.75  30.93   30    0.8
  58438 118.58  30.08  197    0.1
  58441 119.42  30.87   53    0.5
  58442 119.18  31.13   16    0.2
  58443 119.90  31.02   19    1.4
  58446 119.68  30.63   25    0.3
  58449 119.95  30.05   47    0.8
  58451 120.93  30.83    3    2.2
  58452 120.77  30.73    4    2.7
  58453 120.50  30.07   10    2.4
  58454 119.97  30.53    5    0.6
  58455 120.65  30.52    8    2.8
  58456 120.52  30.63    6    2.5
  58458 120.90  30.53    3    3.5
  58459 120.28  30.18   42    1.8
  58460 121.35  30.73    6    6.3
  58461 121.12  31.13    8    3.3
  58462 121.23  31.03    9    2.7
  58463 121.50  30.88    9    5.9
  58468 121.17  30.05   10    3.9
  58484 122.20  30.25    9    4.2
  58530 118.43  29.87  170   0.01
  58542 119.68  29.82   45    0.2
  58544 119.27  29.48   87    0.1
  58546 119.88  29.47  114    0.6
  58547 119.18  29.03   65    0.1
  58548 119.47  29.22   46   0.01
  58550 120.25  29.70   39    1.1
  58555 120.88  29.52  112    0.6
  58558 120.22  29.27   89    0.2
  58559 120.98  29.17   59    0.8
  58561 121.60  29.98    3    4.4
  58563 121.83  29.88    4    5.9
  58565 121.43  29.68    6    3.4
  58566 121.88  29.47   14    3.1
  58567 121.43  29.32   39    2.2
  58568 121.38  29.12   35    1.1
  58570 122.30  29.95   83    4.1
  58607 115.95  28.55   35    0.1
  58612 116.68  28.70   22    0.2
  58615 117.08  28.68   56   0.01
  58616 116.82  28.20   44    0.1
  58624 117.43  28.40   64   0.01
  58625 117.60  28.42   80    0.1
  58627 117.03  28.25   64    0.1
  58632 118.60  28.72  124    0.1
  58642 119.80  28.88  102    0.1
  58643 120.03  28.90   99    0.6
  58644 119.28  28.60  237   0.01
  58647 119.13  28.07  196   0.01
  58654 120.08  28.67  184    0.6
  58656 120.97  28.12    7    2.0
  58657 120.28  28.15   59    0.3
  58658 120.68  28.15   36    0.2
  58659 120.65  28.03   29    0.5
  58660 121.13  28.85    8    1.3
  58664 121.37  28.37   33    3.5
  58713 117.07  27.72  220    0.1
  58724 117.30  27.52  264    0.1
  58735 118.80  27.52  201    0.2
  58736 118.82  27.37  220    0.1
  58745 119.07  27.62  368    0.1
  58746 119.70  27.55  514   0.01
  58749 119.88  27.23  680    0.1
  58750 120.08  27.78  106    0.6
  58751 120.55  27.68    5    0.6
  58822 116.85  26.83  341   0.01
  58826 117.80  26.40  120   0.01
  58828 117.62  26.27  206   0.01
  58836 118.73  26.58  359   0.01
  58850 120.23  26.92   88    1.3
  59001 105.33  24.78  674   0.01
  59004 105.10  24.50  729   0.01
  59027 107.25  24.13  244    0.1
  59038 108.65  24.07  142    0.1
  59052 110.82  24.83  167    0.1
  59059 110.80  24.18  107    0.1
  59063 111.45  25.18  262    0.1
  59074 112.15  24.57  300    0.3
  59213 106.92  23.73  113   0.01
  59237 108.28  23.17  115   0.01
  59238 108.80  23.22  123   0.01
  59246 109.67  23.60   70   0.01
  59255 110.38  23.55   37    0.2
  59268 111.53  23.25   31    0.1
  59449 109.98  22.30   80   0.01
  59640 109.18  21.67    6    0.1
