diamond  3 2013年01月18日08点24小时降雨量                    
  13  01  18  08    -1 3 10 25 50 1 0
 39 122.7  37.3 122.5  36.7 120.8  36.2 119.3  35.0 120.4  34.3
 121.1  32.7 122.3  30.9 122.5  30.1 121.5  28.0 119.8  25.0
 116.1  22.6 111.0  21.0 111.0  18.6 109.6  18.1 108.3  18.5
 108.9  19.9 109.3  21.0 106.4  21.6 104.1  22.2 101.6  20.8
  98.7  22.0  97.1  24.1  97.7  27.0  91.7  26.6  85.7  27.7
  78.9  30.6  73.3  37.1  74.1  40.7  87.6  49.8  98.5  43.9
 110.4  44.3 122.0  54.7 135.7  48.3 131.5  42.2 125.2  39.4
 121.3  38.5 121.2  40.3 118.5  38.6 120.8  38.1
1         229
  51058  87.97  47.10  564    0.3
  51137  82.93  46.20  715    0.1
  51145  83.65  46.55  523    0.6
  51328  80.42  44.20  774    0.5
  51329  80.85  44.05  641   0.01
  51352  85.25  44.85  338   0.01
  51356  86.05  44.32  444   0.01
  51357  85.62  44.33  523   0.01
  51368  87.32  44.12  516   0.01
  51369  87.65  43.97  601   0.01
  51430  81.15  43.83  605   0.01
  51434  81.53  43.97  771    0.7
  51435  82.23  43.47  776    0.2
  51436  83.25  43.45  929   0.01
  54752 120.77  37.80   64   0.01
  54755 120.38  37.37  113   0.01
  54759 120.83  37.30  172   0.01
  54765 121.43  37.48   57   0.01
  54803 116.02  36.98   28   0.01
  54852 120.73  36.97   53   0.01
  54855 120.47  36.38   30   0.01
  54861 121.53  36.93   47    0.2
  56186 104.20  31.33  589    7.3
  56189 103.93  30.98  584    0.9
  56190 104.55  31.55  518    1.1
  56194 104.45  31.82  679    3.8
  56195 104.73  31.78  531    0.9
  56197 104.18  31.13  537    3.4
  56198 104.50  31.32  523    0.7
  56199 104.68  31.03  424   0.01
  56272 103.88  30.82  560   0.01
  56285 103.52  30.60  525    0.2
  56580 102.80  27.72 2461   0.01
  56585 103.53  27.18 1916   0.01
  56595 104.87  27.42 1644    0.8
  56697 104.08  26.22 1987   0.01
  56781 103.27  25.55 1874    0.1
  56782 103.55  25.42 2064    0.3
  56783 103.80  25.50 1906   0.01
  56785 103.03  25.33 1925    0.1
  56788 103.67  25.03 1842   0.01
  56790 104.25  25.68 1920   0.01
  56873 102.90  24.67 1752   0.01
  56880 103.17  24.92 1532   0.01
  56881 103.27  24.75 1694    0.6
  56883 103.98  24.83 1846    0.7
  56885 103.45  24.40 1416   0.01
  56889 104.17  24.05 1518    0.3
  56891 104.32  24.98 1482    0.9
  56987 103.23  22.78 1261   0.01
  56989 103.95  22.50  138    0.8
  56992 104.70  23.45 1508    1.5
  56994 104.25  23.38 1277    1.4
  56995 104.42  23.03 1335    3.3
  56996 104.70  23.13 1094    1.6
  57105 105.60  33.33 1219   0.01
  57177 113.53  33.33   91   0.01
  57208 105.47  32.02  538   0.01
  57216 106.83  32.35  577    1.0
  57217 106.28  32.23  493    1.2
  57292 114.63  32.97   44   0.01
  57303 105.92  31.73  460    1.9
  57308 105.38  31.22  421    0.2
  57309 105.88  30.98  375    1.1
  57314 106.07  31.35  385    1.4
  57315 106.40  31.53  658    1.7
  57317 106.42  31.03  323    0.1
  57318 106.55  31.07  339    0.1
  57320 107.22  31.93  483    0.1
  57326 107.72  31.37  390   0.01
  57401 105.37  30.87  380   0.01
  57402 105.70  30.77  395   0.01
  57409 105.80  30.18  295   0.01
  57413 106.97  30.85  295   0.01
  57414 106.45  30.55  396   0.01
  57415 106.63  30.47  336   0.01
  57416 106.93  30.33 3915    1.0
  57417 106.28  30.35  315   0.01
  57420 107.20  30.75  397   0.01
  57509 106.93  28.95  325   0.01
  57513 106.62  29.73  457   0.01
  57518 106.53  29.38  243   0.01
  57519 107.08  29.15  559   0.01
  57537 108.17  29.30  321    0.1
  57634 107.88  28.52  658    0.1
  57708 105.60  27.15 1704    0.1
  57713 106.88  27.70  844    0.4
  57714 106.23  27.47  942   0.01
  57717 106.83  27.53  974    0.5
  57719 106.97  27.07 1280    0.1
  57728 107.47  27.07 1095   0.01
  57734 108.23  27.57  468    0.1
  57735 108.82  27.18  396    0.1
  57737 108.12  27.03  546   0.01
  57738 108.42  27.05  517   0.01
  57739 108.88  27.23  375   0.01
  57800 105.37  26.77 1458    1.3
  57811 106.60  26.85 1242    0.2
  57813 106.47  26.57 1265   0.01
  57814 106.27  26.42 1285   0.01
  57821 107.50  26.70  924    0.1
  57822 107.90  26.90  833   0.01
  57824 107.23  26.58 1005   0.01
  57828 107.58  26.50  983   0.01
  57842 109.72  26.88  281    0.1
  57844 109.18  26.68  344   0.01
  57851 110.85  26.45  307    0.4
  57859 110.63  26.03  409    0.5
  57867 111.28  26.40  169   0.01
  57887 113.12  26.13  124    0.1
  57900 105.22  25.83 1553    0.3
  57903 105.60  25.93 1138   0.01
  57905 105.63  25.40 1063    0.2
  57908 105.48  25.12 1393    0.1
  57911 106.65  26.67 1325    0.1
  57913 106.98  26.45 1095   0.01
  57914 106.67  26.42 1143   0.01
  57915 106.77  26.63 1102   0.01
  57936 108.92  25.75  255   0.01
  57941 109.60  25.78  198   0.01
  57942 110.00  25.80  267   0.01
  57949 110.00  24.98  157    0.2
  57954 110.18  25.23  158   0.01
  57955 110.67  25.62  224    0.4
  57958 110.32  25.08  152   0.01
  57960 111.07  25.93  192    0.2
  57962 111.65  25.97  166   0.01
  57964 111.15  25.50  258    0.2
  57966 111.95  25.60  205   0.01
  57969 111.33  25.27  230    0.8
  57971 112.20  25.92  225    0.2
  57973 112.72  25.75  328    0.4
  57975 112.20  25.38  278    0.1
  57976 112.95  25.42  226    0.1
  57985 113.68  25.57  608   0.01
  57988 113.35  25.15  103    0.1
  57989 113.73  25.10   96   0.01
  58207 115.05  32.17   42   0.01
  58212 116.73  32.72   27   0.01
  58301 115.38  31.82   90   0.01
  58468 121.17  30.05   10   0.01
  58555 120.88  29.52  112   0.01
  58629 117.70  28.32   59   0.01
  58735 118.80  27.52  201   0.01
  58736 118.82  27.37  220   0.01
  58746 119.70  27.55  514    0.1
  58747 119.35  27.15  900    2.2
  58748 119.65  27.10   51    0.8
  58749 119.88  27.23  680    0.5
  58751 120.55  27.68    5    0.2
  58819 116.80  26.17  329    0.1
  58821 117.47  26.73  174    0.1
  58823 117.80  26.80  173    0.3
  58824 117.15  26.40  355    0.3
  58826 117.80  26.40  120    0.3
  58828 117.62  26.27  206    0.2
  58836 118.73  26.58  359    0.6
  58839 118.85  26.23   42   0.01
  58844 119.15  26.15   49   0.01
  58845 119.53  26.50   57    0.9
  58848 119.55  26.20   12    0.2
  58850 120.23  26.92   88    0.9
  58912 116.75  25.72  379   0.01
  58923 117.83  25.70  397   0.01
  58932 118.93  25.87   85   0.01
  58934 118.27  25.33  170   0.01
  58940 119.33  26.08   28    0.5
  58941 119.50  25.97   11   0.01
  59001 105.33  24.78  674   0.01
  59012 106.55  24.78  973   0.01
  59017 106.27  24.27  279    0.3
  59034 108.67  24.48  149    0.2
  59038 108.65  24.07  142    0.7
  59041 109.25  24.65  109    0.2
  59044 109.38  24.47   99    0.7
  59045 109.75  24.48   95    0.7
  59047 109.33  24.25  101    0.9
  59051 110.50  24.77  133    0.2
  59052 110.82  24.83  167   0.01
  59053 110.67  24.62  108    0.5
  59055 110.40  24.50  166    0.9
  59057 110.18  24.13  827    3.1
  59059 110.80  24.18  107    2.0
  59061 111.27  24.82  198    1.4
  59064 111.32  24.55  141   0.01
  59071 112.28  24.73  175    0.3
  59074 112.15  24.57  300    0.3
  59075 112.63  24.48   70    0.3
  59081 113.27  24.78   98   0.01
  59091 114.53  24.75  257   0.01
  59093 115.03  24.78  254    0.5
  59094 114.12  24.37  135   0.01
  59109 115.73  24.15  126   0.01
  59122 117.75  24.62   42   0.01
  59124 117.37  24.52   31    0.1
  59125 117.30  24.38  105   0.01
  59205 105.63  23.65  688    0.2
  59215 106.62  23.33  640    0.5
  59227 107.15  23.08  438   0.01
  59229 107.70  23.18  101   0.01
  59230 108.17  23.72  173    0.1
  59235 108.62  23.43  116    1.5
  59237 108.28  23.17  115    0.1
  59238 108.80  23.22  123    1.8
  59241 109.68  23.97   91    1.8
  59246 109.67  23.60   70    1.1
  59249 109.62  23.12   56    0.1
  59255 110.38  23.55   37    1.1
  59256 110.92  23.37   56   0.01
  59264 111.50  23.40   79    0.9
  59266 111.23  23.42   46    0.3
  59268 111.53  23.25   31    0.9
  59269 111.77  23.15   27    1.3
  59270 112.18  23.92   78   0.01
  59290 114.23  23.73   71   0.01
  59419 106.75  22.10  243    3.1
  59421 107.20  22.83  257   0.01
  59425 107.35  22.40  107    1.3
  59426 107.90  22.63   92    0.1
  59427 107.07  22.12  162    0.9
  59429 107.97  22.15  183    4.2
  59432 108.40  22.80  203    0.9
  59435 108.48  22.77   75    0.4
  59441 109.25  22.70   78   0.01
  59451 110.35  22.70   99    0.1
  59454 111.00  22.92  104    0.1
  59471 112.05  22.93  102   0.01
  59656 110.77  21.43   29   0.01
  59951 110.33  18.80   38    1.1
