diamond  3 2013年02月07日08点24小时降雨量                    
  13  02  07  08    -1 3 10 25 50 1 0
 39 122.7  37.3 122.5  36.7 120.8  36.2 119.3  35.0 120.4  34.3
 121.1  32.7 122.3  30.9 122.5  30.1 121.5  28.0 119.8  25.0
 116.1  22.6 111.0  21.0 111.0  18.6 109.6  18.1 108.3  18.5
 108.9  19.9 109.3  21.0 106.4  21.6 104.1  22.2 101.6  20.8
  98.7  22.0  97.1  24.1  97.7  27.0  91.7  26.6  85.7  27.7
  78.9  30.6  73.3  37.1  74.1  40.7  87.6  49.8  98.5  43.9
 110.4  44.3 122.0  54.7 135.7  48.3 131.5  42.2 125.2  39.4
 121.3  38.5 121.2  40.3 118.5  38.6 120.8  38.1
1         614
  50137 122.37  53.47  297    0.2
  50431 121.52  50.78  718    0.2
  50445 123.73  50.58  424    0.1
  50524 119.43  49.32  578   0.01
  50525 119.75  49.15  621    0.1
  50645 124.48  48.48  196    0.1
  50646 124.85  48.48  204    0.3
  50647 123.48  48.13  237    0.2
  50655 126.18  48.50  267    0.8
  50659 126.25  48.03  293    0.6
  50674 129.43  48.57  404    0.4
  50741 123.50  47.93  186    0.3
  50749 124.83  47.18  159    0.8
  50750 125.30  47.90  228    1.2
  50755 126.10  47.60  232    0.1
  50772 129.23  48.10  299    0.3
  50775 130.27  47.33  229    0.1
  50776 130.83  47.57   84   0.01
  50779 134.28  48.37   41   0.01
  50833 122.90  46.72  189   0.01
  50842 124.42  46.83  145    0.1
  50851 126.08  46.68  209   0.01
  50858 125.93  46.07  136    0.2
  50861 127.48  46.88  186    0.5
  50867 127.35  46.08  134   0.01
  50871 129.88  46.73   96    1.0
  50878 130.72  47.00   80    0.3
  50879 130.55  46.22  187    1.4
  50880 131.12  46.73  104    0.2
  50884 131.15  46.63  176    0.7
  50913 118.83  45.72  866   0.01
  50924 119.67  45.53  824   0.01
  50940 123.17  45.85  142    0.3
  50946 124.83  45.18  140    0.3
  50954 125.08  45.50  129    0.1
  50958 126.95  45.52  175   0.01
  50960 127.45  45.78  192   0.01
  50962 128.03  45.95  113   0.01
  50964 128.80  45.83  123   0.01
  50965 128.30  45.45  157    0.4
  50971 131.02  45.77  226    0.1
  50979 130.23  45.27  279    0.4
  50985 131.87  45.55  155    0.1
  50987 131.13  45.25  181    0.4
  51058  87.97  47.10  564    1.2
  51137  82.93  46.20  715    2.7
  51145  83.65  46.55  523    2.8
  51328  80.42  44.20  774    3.5
  51329  80.85  44.05  641    4.3
  51352  85.25  44.85  338    1.1
  51353  86.10  45.02  347    0.8
  51356  86.05  44.32  444    2.7
  51357  85.62  44.33  523    2.3
  51359  86.20  44.32  473    3.5
  51368  87.32  44.12  516    2.3
  51369  87.65  43.97  601    3.5
  51377  87.92  44.17  547    3.0
  51378  89.17  44.02  735    3.4
  51430  81.15  43.83  605    5.5
  51434  81.53  43.97  771    5.1
  51435  82.23  43.47  776    6.6
  51436  83.25  43.45  929   10.1
  51438  81.77  43.18 1210    1.7
  51465  87.10  43.48 1874    5.0
  51482  90.28  43.83 1271    5.9
  51559  86.40  42.32 1110    0.4
  51568  86.80  42.25 1086    3.2
  51722  80.40  40.65 1046   0.01
  52515  94.87  39.52 2138    0.8
  53785 114.67  37.52   35   0.01
  53878 113.38  36.52  769   0.01
  53886 113.67  36.57  471    0.1
  53890 114.15  36.68  234    0.1
  53916 106.32  35.50 1949   0.01
  53917 106.07  35.22 1633   0.01
  53927 106.62  35.20 1478   0.01
  53935 108.35  35.48 1443   0.01
  53973 112.95  35.77  836   0.01
  53974 114.18  35.62   73   0.01
  53983 114.42  35.03   70   0.01
  53985 113.82  35.45   97   0.01
  53989 113.95  35.05   77   0.01
  53992 114.52  35.65   59   0.01
  53994 114.07  35.38   71   0.01
  53997 114.18  35.15   72   0.01
  54024 119.30  44.45  710   0.01
  54065 125.65  44.53  173   0.01
  54069 125.80  44.17  175    0.1
  54072 126.52  44.85  203    0.3
  54076 126.93  44.42  254    0.3
  54080 127.15  44.90  196    0.1
  54092 129.40  44.60  294   0.01
  54093 130.55  44.93  266    0.7
  54098 129.47  44.33  272   0.01
  54099 131.13  44.08  151    0.3
  54113 118.65  43.53  623    0.1
  54132 121.07  42.40  400    0.2
  54156 124.80  43.52  200   0.01
  54164 125.28  43.35  249   0.01
  54169 126.02  43.30  270    1.5
  54172 126.60  43.78  199    0.1
  54187 128.92  43.12  369    0.1
  54192 130.27  43.70  386    0.5
  54223 120.65  42.85  364    1.2
  54225 119.92  42.28  589    0.3
  54231 122.35  42.97  249    0.4
  54234 121.75  42.73  300    0.2
  54244 123.33  42.75  120    0.2
  54245 123.40  42.50   99    0.1
  54248 123.53  42.03   67    0.1
  54252 124.75  42.73  198    0.3
  54261 125.52  42.68  343    0.1
  54267 125.73  42.25  363    0.2
  54274 126.07  42.68  300    0.1
  54290 129.40  42.77  245   0.01
  54293 129.83  42.95  141    0.3
  54305 115.27  41.88 1468   0.01
  54325 120.35  41.18  183    0.1
  54332 122.72  41.52   13   0.01
  54340 123.32  41.67   47    0.2
  54348 123.32  41.42   43   0.01
  54362 125.73  41.67  388    0.1
  54371 126.43  41.93  521    0.1
  54434 118.30  40.17  103   0.01
  54453 120.88  40.78   43   0.01
  54522 117.73  39.88   19    0.2
  54568 121.70  39.08   40   0.01
  54645 117.47  38.85    3    0.1
  54716 116.80  37.67   17   0.01
  54726 117.18  37.70   12   0.01
  54729 117.87  37.17   11   0.01
  54730 118.13  37.70   11    0.2
  54731 118.22  37.48   16   0.01
  54734 118.00  37.35   12   0.01
  54749 119.95  37.18   48    0.1
  54752 120.77  37.80   64   0.01
  54755 120.38  37.37  113   0.01
  54759 120.83  37.30  172    0.2
  54765 121.43  37.48   57   0.01
  54766 121.62  37.38   23    0.2
  54778 122.48  37.17   60   0.01
  54822 117.73  36.87   46   0.01
  54828 117.68  36.23  228   0.01
  54833 118.08  36.97   19    0.2
  54837 118.83  36.68   76   0.01
  54841 119.40  36.87    8    0.2
  54844 119.18  36.42   67   0.01
  54846 119.75  36.38   37   0.01
  54848 119.42  35.98   81   0.01
  54853 120.42  36.17   43    0.1
  54855 120.47  36.38   30   0.01
  54861 121.53  36.93   47   0.01
  54871 122.48  36.93    9   0.01
  54932 118.65  35.77  184   0.01
  56045  99.90  33.97 4051    0.2
  56095 104.38  34.03 1754   0.01
  56279 102.93  30.15  683   0.01
  56280 103.12  30.08  692   0.01
  56373 102.85  29.78  763    0.8
  56382 103.60  29.73  408   0.01
  56384 103.48  29.60  446   0.01
  56387 103.27  29.23  639   0.01
  56480 103.53  28.82  564    0.8
  56493 104.97  28.85  297    0.1
  56497 104.23  28.10  433    0.1
  56596 105.05  27.85 1176    0.2
  56996 104.70  23.13 1094   0.01
  57007 105.18  34.18 1406   0.01
  57008 105.30  34.03 1578   0.01
  57012 106.20  34.98 1665   0.01
  57016 107.13  34.35  613   0.01
  57020 107.40  34.37  563   0.01
  57021 107.13  34.65  751   0.01
  57022 107.78  34.68 1026   0.01
  57024 107.65  34.45  671   0.01
  57029 108.48  34.50  544   0.01
  57031 108.55  34.82 1013   0.01
  57032 108.20  34.13  436   0.01
  57039 108.88  34.08  445    0.3
  57047 109.32  34.17  541    1.2
  57053 110.72  34.70  507   0.01
  57054 110.23  34.55  557    0.3
  57056 110.88  34.53  390   0.01
  57057 110.15  34.10  961    0.8
  57066 111.67  34.38  329    1.0
  57074 112.42  34.42  198    1.7
  57076 112.82  34.72  190    0.1
  57078 112.47  34.15  337    1.2
  57081 113.43  34.80  141   0.01
  57085 113.37  34.55  289   0.01
  57086 113.72  34.38  116   0.01
  57095 114.15  34.12   61   0.01
  57105 105.60  33.33 1219    0.2
  57110 106.08  33.78  930   0.01
  57129 107.72  32.98  447   0.01
  57132 108.62  34.12  415    0.1
  57137 108.32  33.32  801   0.01
  57140 109.12  33.67  818   0.01
  57153 110.33  33.68  584    0.2
  57155 109.87  33.55  661    0.3
  57162 112.08  34.15  327    2.5
  57173 112.88  33.75  147    0.1
  57179 113.00  33.28  161   0.01
  57182 113.50  33.85   81   0.01
  57188 114.03  33.37   56   0.01
  57189 113.95  33.13   65   0.01
  57194 114.27  33.28   60    0.1
  57197 114.33  33.00   54    0.2
  57208 105.47  32.02  538   0.01
  57216 106.83  32.35  577   0.01
  57217 106.28  32.23  493    0.3
  57231 108.53  32.53  504   0.01
  57247 108.90  32.32  442    0.1
  57248 109.33  32.40  429    0.9
  57249 109.68  32.32  453    0.8
  57253 110.82  32.85  204    0.5
  57254 110.12  32.82  324    0.1
  57257 110.23  32.23  309    1.2
  57260 111.52  32.55  143    0.3
  57261 111.50  33.13  196    0.4
  57268 111.63  32.27   87    1.4
  57271 112.38  32.55   89   0.01
  57273 112.85  32.68  110   0.01
  57274 112.12  32.70  108   0.01
  57281 113.30  32.70  142   0.01
  57292 114.63  32.97   44   0.01
  57293 114.98  32.73   39    0.3
  57294 114.02  32.83   84    0.1
  57295 114.35  32.62   83    0.5
  57296 114.73  32.35   50    0.2
  57298 114.55  32.22   56    0.1
  57299 114.90  32.02   50    1.3
  57303 105.92  31.73  460    0.3
  57308 105.38  31.22  421   0.01
  57317 106.42  31.03  323   0.01
  57320 107.22  31.93  483   0.01
  57333 108.67  31.95  800    0.4
  57339 108.68  30.95  296   0.01
  57345 109.62  31.40  339    0.1
  57349 109.87  31.07  270   0.01
  57361 111.27  31.88  331    1.6
  57362 110.67  31.75  939    1.9
  57363 111.83  31.80  146    3.6
  57368 111.63  31.05  138    7.6
  57370 112.22  31.73   68    0.4
  57377 112.22  31.00  184    2.3
  57385 113.82  31.63   94    1.0
  57387 113.13  31.00   80    0.4
  57388 113.70  31.27   55    0.8
  57389 113.75  31.03   33    1.7
  57390 114.07  31.80  731    1.9
  57396 114.85  31.63  130    1.8
  57398 114.62  31.28   76    0.1
  57415 106.63  30.47  336    0.1
  57417 106.28  30.35  315   0.01
  57431 108.35  30.83  256   0.01
  57453 111.32  30.77  116    3.9
  57460 111.78  30.82   91    2.3
  57462 111.08  30.87  104    3.3
  57464 111.18  30.47  144    5.1
  57465 111.45  30.38   76    4.1
  57466 111.77  30.43   50    3.2
  57469 111.77  30.18   68    4.9
  57475 112.90  30.40   33    1.4
  57477 112.22  30.07   39    3.6
  57481 113.58  30.95   31    2.0
  57485 113.45  30.37   33    1.9
  57486 113.85  30.65   25    1.3
  57489 114.00  30.58   39    1.7
  57491 114.40  30.87   31    0.8
  57492 114.80  30.83   33    0.8
  57496 114.87  30.37   30    4.7
  57498 114.90  30.43   22    5.2
  57499 114.97  30.10   40    7.6
  57508 105.37  29.15  302   0.01
  57510 106.05  29.85  275    0.7
  57511 106.45  29.85  242   0.01
  57514 106.22  29.58  325    0.1
  57518 106.53  29.38  243    1.8
  57525 107.75  29.32  273    0.5
  57537 108.17  29.30  321    1.5
  57540 109.15  29.68  776    1.7
  57541 109.48  30.00  533    0.7
  57543 110.03  29.88  540    2.5
  57544 109.45  29.47  486    0.5
  57558 110.47  29.13  184    2.8
  57564 111.13  29.43  103    6.2
  57565 111.75  29.65   39    3.2
  57566 111.65  29.45   50    4.4
  57571 112.40  29.70   37    6.5
  57575 112.57  29.52   32    5.6
  57577 112.17  29.40   37    6.1
  57582 113.88  29.73   51    9.2
  57585 113.45  29.48   60    5.3
  57586 114.03  29.53   79   12.1
  57589 113.80  29.25  103    8.7
  57590 114.37  29.85   64   13.5
  57596 114.20  29.63    0   17.0
  57603 105.83  28.82  283    1.0
  57609 105.70  28.58  316   0.01
  57634 107.88  28.52  658    0.3
  57635 108.98  28.45  363    2.5
  57636 108.50  28.57  335    1.0
  57637 108.12  28.25  524   0.01
  57640 109.45  28.58  344    1.0
  57643 109.83  29.00  268    2.0
  57646 109.95  28.62  301    3.0
  57657 110.20  28.22  182    2.3
  57658 110.20  28.02  144    1.2
  57661 111.48  28.92   51    7.0
  57663 111.95  28.92   31    8.2
  57666 112.13  28.52   49   12.5
  57674 112.47  28.57   44    7.1
  57678 112.55  28.25   71    5.2
  57680 113.07  28.80   47    9.4
  57688 113.63  28.15  100   19.9
  57694 114.38  28.53  256   33.6
  57698 114.45  28.12   99   37.7
  57699 114.92  28.23   68   36.7
  57708 105.60  27.15 1704    0.3
  57713 106.88  27.70  844    0.6
  57714 106.23  27.47  942    1.9
  57717 106.83  27.53  974    0.6
  57719 106.97  27.07 1280    0.4
  57720 107.17  27.88  888    0.3
  57723 107.72  27.98  710    0.7
  57728 107.47  27.07 1095    0.2
  57735 108.82  27.18  396    0.3
  57736 108.85  27.70  376    2.1
  57737 108.12  27.03  546   0.01
  57738 108.42  27.05  517   0.01
  57739 108.88  27.23  375    0.2
  57740 109.60  27.95  349    0.5
  57742 109.20  27.52  883    1.4
  57743 109.80  27.88  176    1.1
  57760 111.43  27.70  247    0.1
  57762 111.70  27.68  163    1.8
  57763 112.00  27.73  151    2.1
  57767 111.03  27.12  266    0.2
  57769 111.73  27.23  257    0.2
  57771 112.52  27.93   89    9.6
  57772 112.50  27.75   84    8.5
  57773 112.82  27.87   63   12.9
  57777 112.87  27.23   65    0.8
  57778 112.95  27.10   68    0.4
  57781 113.50  27.65   71    6.4
  57786 113.85  27.65  110    4.1
  57792 114.68  27.82   93   13.5
  57796 114.93  27.80   79   11.7
  57798 114.60  27.40   89    1.3
  57800 105.37  26.77 1458    0.2
  57811 106.60  26.85 1242   0.01
  57822 107.90  26.90  833    0.3
  57824 107.23  26.58 1005   0.01
  57828 107.58  26.50  983    0.3
  57829 107.80  26.20  964   0.01
  57834 108.30  26.68  642    0.1
  57835 108.43  26.72  521    0.1
  57842 109.72  26.88  281   0.01
  57844 109.18  26.68  344    0.5
  57851 110.85  26.45  307   0.01
  57859 110.63  26.03  409    3.7
  57860 111.28  27.00  282    0.2
  57865 111.58  26.47  166    0.4
  57867 111.28  26.40  169    1.5
  57868 111.87  26.60  113    0.1
  57870 112.10  26.80  151    0.1
  57871 112.37  26.98   91   0.01
  57875 112.50  26.88   71   0.01
  57876 112.83  26.43  118    0.2
  57881 113.25  26.72  105    0.1
  57882 113.55  26.78  135   0.01
  57883 114.28  26.75  257    0.1
  57886 113.78  26.50  226   0.01
  57887 113.12  26.13  124    0.1
  57891 114.25  26.93  144   0.01
  57895 114.78  26.47   96   0.01
  57899 114.92  26.80   66   0.01
  57941 109.60  25.78  198    1.0
  57942 110.00  25.80  267   0.01
  57949 110.00  24.98  157    0.1
  57954 110.18  25.23  158   0.01
  57955 110.67  25.62  224    0.9
  57956 110.32  25.42  169    0.2
  57960 111.07  25.93  192    0.1
  57962 111.65  25.97  166   0.01
  57966 111.95  25.60  205    0.2
  57969 111.33  25.27  230    0.1
  57971 112.20  25.92  225    0.1
  57973 112.72  25.75  328   0.01
  57975 112.20  25.38  278    0.7
  57976 112.95  25.42  226   0.01
  57978 112.55  25.28  291    1.6
  57981 113.22  25.98  141   0.01
  57985 113.68  25.57  608   0.01
  57988 113.35  25.15  103    0.6
  57989 113.73  25.10   96    0.3
  57990 114.30  25.70  252   0.01
  57991 114.55  25.80  148   0.01
  58205 115.43  32.47   36    0.2
  58207 115.05  32.17   42    0.1
  58210 116.23  32.65   25   0.01
  58212 116.73  32.72   27   0.01
  58222 117.55  32.85   31   0.01
  58223 117.98  32.78   38   0.01
  58224 117.02  32.65   36   0.01
  58237 118.62  32.05   22   0.01
  58242 119.18  32.28   14   0.01
  58249 120.00  32.17    8   0.01
  58301 115.38  31.82   90    1.8
  58306 115.88  31.68   94    4.6
  58316 116.95  31.47   26    1.9
  58317 116.37  30.87  434    0.4
  58320 117.13  31.73   26    1.7
  58323 117.47  31.88   29    0.4
  58327 117.28  31.25   24    0.6
  58329 117.87  31.33   24    1.1
  58330 118.08  31.75   20    1.9
  58331 118.37  31.73   26    0.6
  58334 118.37  31.38   23    1.2
  58335 118.52  31.57   16    1.8
  58337 118.18  31.08   30    1.2
  58339 118.90  31.33   24    0.9
  58340 119.03  31.65   23    0.8
  58342 119.55  31.72    7    0.5
  58344 119.20  31.97   35    0.1
  58346 119.82  31.33   15    0.3
  58349 120.63  31.27    9    0.6
  58351 120.30  31.90   12   0.01
  58352 120.77  31.65    8   0.01
  58359 120.62  31.13    9    0.2
  58361 121.37  31.10   10    0.3
  58365 121.25  31.37    9    0.1
  58366 121.40  31.63    9   0.01
  58367 121.43  31.20   18    0.1
  58369 121.78  31.05    9   0.01
  58370 121.55  31.22   11    0.1
  58377 121.10  31.47    6   0.01
  58401 115.40  30.78  106    0.2
  58404 115.22  30.47   57    1.5
  58408 115.43  30.23   35    3.2
  58409 115.93  30.07   20    1.9
  58415 116.58  30.63   38    0.5
  58416 116.82  30.75   38    0.9
  58417 116.13  30.17   50    2.0
  58418 116.70  30.13   26    2.0
  58420 117.22  30.72   38    0.6
  58421 117.87  30.63   32    0.8
  58423 117.78  30.48  643    1.9
  58426 118.13  30.30  192    3.7
  58427 117.48  30.67   36    0.3
  58428 117.48  30.22  115    2.4
  58431 118.32  30.92   17    1.3
  58432 118.40  30.68   39    2.4
  58433 118.75  30.93   30    1.4
  58435 118.53  30.30  221    4.1
  58438 118.58  30.08  197    3.2
  58441 119.42  30.87   53    1.4
  58442 119.18  31.13   16    0.6
  58443 119.90  31.02   19    0.8
  58446 119.68  30.63   25    2.0
  58449 119.95  30.05   47    2.5
  58451 120.93  30.83    3   0.01
  58452 120.77  30.73    4    0.2
  58453 120.50  30.07   10    0.8
  58454 119.97  30.53    5    1.7
  58455 120.65  30.52    8    0.6
  58456 120.52  30.63    6    0.5
  58458 120.90  30.53    3    0.7
  58459 120.28  30.18   42    1.1
  58460 121.35  30.73    6   0.01
  58461 121.12  31.13    8    0.1
  58462 121.23  31.03    9    0.5
  58463 121.50  30.88    9    0.2
  58468 121.17  30.05   10   0.01
  58501 115.63  29.93   25    3.3
  58502 116.00  29.73   37    6.2
  58503 115.68  29.70   41    4.8
  58508 115.77  29.33   42    6.4
  58509 115.82  29.05   38    9.2
  58510 116.23  29.73   40    2.1
  58512 116.55  29.90   66    2.1
  58514 116.05  29.45   35    4.8
  58517 116.20  29.27   43    9.2
  58523 117.93  29.93  231    2.0
  58529 117.85  29.27   82   10.4
  58530 118.43  29.87  170    5.0
  58534 118.18  29.78  173    3.6
  58537 118.40  29.13  153    9.3
  58542 119.68  29.82   45    2.9
  58544 119.27  29.48   87    4.0
  58546 119.88  29.47  114    1.9
  58547 119.18  29.03   65    6.8
  58548 119.47  29.22   46    2.9
  58550 120.25  29.70   39    1.5
  58555 120.88  29.52  112    1.1
  58558 120.22  29.27   89    1.8
  58559 120.98  29.17   59    1.0
  58561 121.60  29.98    3   0.01
  58563 121.83  29.88    4   0.01
  58565 121.43  29.68    6    1.1
  58566 121.88  29.47   14    0.6
  58567 121.43  29.32   39    1.2
  58568 121.38  29.12   35    0.8
  58570 122.30  29.95   83   0.01
  58601 115.38  28.70   54    8.8
  58602 115.55  28.85   46    9.1
  58605 115.38  28.42   49   23.3
  58607 115.95  28.55   35   28.0
  58609 115.82  28.22   30   37.1
  58612 116.68  28.70   22   14.4
  58614 116.27  28.38   40   28.4
  58615 117.08  28.68   56   20.2
  58616 116.82  28.20   44   33.0
  58618 116.60  28.23   51   41.4
  58619 116.37  28.00   47   27.3
  58620 117.13  28.97   37   17.7
  58623 117.92  28.47   92   26.7
  58624 117.43  28.40   64   39.7
  58625 117.60  28.42   80   34.4
  58627 117.03  28.25   64   39.6
  58629 117.70  28.32   59   27.7
  58631 118.50  28.90  134   12.6
  58632 118.60  28.72  124   14.1
  58635 118.20  28.43   96   23.2
  58642 119.80  28.88  102    3.5
  58643 120.03  28.90   99    0.9
  58644 119.28  28.60  237    3.5
  58647 119.13  28.07  196    5.7
  58654 120.08  28.67  184    1.3
  58656 120.97  28.12    7   0.01
  58657 120.28  28.15   59    1.3
  58658 120.68  28.15   36    0.5
  58659 120.65  28.03   29    0.8
  58660 121.13  28.85    8    0.2
  58664 121.37  28.37   33    0.5
  58693 115.83  28.70   37   12.7
  58701 115.40  27.77   47   12.4
  58704 115.35  27.62   61    8.7
  58706 115.83  27.43  180    1.3
  58707 115.13  27.22   66   0.01
  58710 116.05  27.77   76   15.1
  58712 116.78  27.92  123   23.6
  58713 117.07  27.72  220   10.9
  58714 116.23  27.55  115    2.0
  58719 116.93  27.30  123   14.4
  58724 117.30  27.52  264    9.3
  58735 118.80  27.52  201    1.3
  58736 118.82  27.37  220    0.1
  58745 119.07  27.62  368    3.9
  58746 119.70  27.55  514    1.7
  58747 119.35  27.15  900    5.0
  58748 119.65  27.10   51    6.1
  58749 119.88  27.23  680    4.3
  58750 120.08  27.78  106    0.6
  58751 120.55  27.68    5    5.6
  58822 116.85  26.83  341    0.1
  58824 117.15  26.40  355    0.7
  58826 117.80  26.40  120    2.1
  58828 117.62  26.27  206    2.3
  58836 118.73  26.58  359    0.4
  58839 118.85  26.23   42    0.4
  58844 119.15  26.15   49    0.9
  58845 119.53  26.50   57    3.9
  58848 119.55  26.20   12    1.0
  58850 120.23  26.92   88    3.4
  58903 116.03  25.90  208   0.01
  58917 116.10  25.08  307    0.2
  58929 118.15  25.07   66   0.01
  58932 118.93  25.87   85    0.1
  58940 119.33  26.08   28    0.3
  58946 119.00  25.45   84    0.2
  59051 110.50  24.77  133   0.01
  59057 110.18  24.13  827   0.01
  59059 110.80  24.18  107    0.6
  59061 111.27  24.82  198   0.01
  59063 111.45  25.18  262   0.01
  59064 111.32  24.55  141    1.4
  59071 112.28  24.73  175   0.01
  59074 112.15  24.57  300    0.5
  59075 112.63  24.48   70    0.2
  59081 113.27  24.78   98    0.8
  59090 114.07  24.95  103    0.2
  59093 115.03  24.78  254    0.2
  59094 114.12  24.37  135    0.1
  59106 115.90  24.58  152   0.01
  59109 115.73  24.15  126   0.01
  59122 117.75  24.62   42   0.01
  59124 117.37  24.52   31   0.01
  59125 117.30  24.38  105   0.01
  59127 117.83  24.43   14   0.01
  59131 118.37  24.97   44   0.01
  59238 108.80  23.22  123   0.01
  59241 109.68  23.97   91   0.01
  59246 109.67  23.60   70   0.01
  59249 109.62  23.12   56   0.01
  59255 110.38  23.55   37   0.01
  59269 111.77  23.15   27   0.01
  59270 112.18  23.92   78   0.01
  59279 112.87  23.18   18    0.1
  59290 114.23  23.73   71    0.6
  59310 116.18  23.77   39   0.01
  59314 116.13  23.30   27    0.4
  59318 116.58  23.27   10   0.01
  59441 109.25  22.70   78   0.01
  59448 109.55  22.27   70   0.01
  59449 109.98  22.30   80   0.01
  59457 110.27  22.32  120    1.8
  59469 111.78  22.17   33   0.01
  59635 108.35  21.62   26    0.7
  59640 109.18  21.67    6    2.4
  59650 110.25  21.38   25   0.01
  59654 110.30  21.63   28   0.01
  59656 110.77  21.43   29    0.3
