diamond  3 2013年02月06日08点24小时降雨量                    
  13  02  06  08    -1 3 10 25 50 1 0
 39 122.7  37.3 122.5  36.7 120.8  36.2 119.3  35.0 120.4  34.3
 121.1  32.7 122.3  30.9 122.5  30.1 121.5  28.0 119.8  25.0
 116.1  22.6 111.0  21.0 111.0  18.6 109.6  18.1 108.3  18.5
 108.9  19.9 109.3  21.0 106.4  21.6 104.1  22.2 101.6  20.8
  98.7  22.0  97.1  24.1  97.7  27.0  91.7  26.6  85.7  27.7
  78.9  30.6  73.3  37.1  74.1  40.7  87.6  49.8  98.5  43.9
 110.4  44.3 122.0  54.7 135.7  48.3 131.5  42.2 125.2  39.4
 121.3  38.5 121.2  40.3 118.5  38.6 120.8  38.1
1         693
  50137 122.37  53.47  297    0.3
  50431 121.52  50.78  718    0.2
  50445 123.73  50.58  424    0.1
  50524 119.43  49.32  578    0.6
  50525 119.75  49.15  621    0.5
  50526 120.70  49.28  670   0.01
  50647 123.48  48.13  237    1.0
  50741 123.50  47.93  186    0.4
  50749 124.83  47.18  159    0.3
  50750 125.30  47.90  228    0.2
  50842 124.42  46.83  145   0.01
  50851 126.08  46.68  209   0.01
  50861 127.48  46.88  186    0.7
  50867 127.35  46.08  134    0.1
  50913 118.83  45.72  866    0.1
  50924 119.67  45.53  824   0.01
  50956 126.57  45.93  117    0.2
  50958 126.95  45.52  175   0.01
  50971 131.02  45.77  226   0.01
  51137  82.93  46.20  715    1.6
  51145  83.65  46.55  523    1.6
  51328  80.42  44.20  774    5.5
  51329  80.85  44.05  641    4.1
  51356  86.05  44.32  444   0.01
  51378  89.17  44.02  735   0.01
  51430  81.15  43.83  605    3.3
  51434  81.53  43.97  771    2.9
  51435  82.23  43.47  776    2.2
  51436  83.25  43.45  929    0.6
  51438  81.77  43.18 1210    0.8
  51465  87.10  43.48 1874   0.01
  51482  90.28  43.83 1271   0.01
  53488 113.58  40.03 1035   0.01
  53492 114.15  40.10  939   0.01
  53576 112.82  39.50 1046   0.01
  53577 112.30  39.00 1441   0.01
  53579 112.90  39.02  861    0.1
  53582 113.68  39.72 1094    0.2
  53584 113.17  39.57 1001   0.01
  53585 113.27  39.17  934    0.1
  53590 114.27  39.75  979   0.01
  53596 115.13  38.85   53    1.5
  53599 114.68  39.37  885   0.01
  53662 111.58  38.72 1393   0.01
  53681 113.37  38.83 1097    0.1
  53682 114.68  38.63  105    0.7
  53688 114.55  38.45   98   0.01
  53690 114.18  38.85  283   0.01
  53692 114.98  38.73   68    0.9
  53693 114.13  38.03  256   0.01
  53696 115.00  38.52   55    0.3
  53774 112.33  37.62  774   0.01
  53776 112.77  37.68  831   0.01
  53785 114.67  37.52   35   0.01
  53796 114.88  37.62   31   0.01
  53874 111.90  36.25  650   0.01
  53880 113.23  36.33  948   0.01
  53896 114.95  36.35   51   0.01
  53899 114.97  36.48   49    0.1
  53973 112.95  35.77  836   0.01
  53980 114.80  36.55   51    0.1
  53981 113.27  35.78 1311   0.01
  53983 114.42  35.03   70   0.01
  53984 113.47  35.23   83   0.01
  53985 113.82  35.45   97   0.01
  53989 113.95  35.05   77   0.01
  53991 114.35  35.93   75   0.01
  53993 114.92  35.93   52   0.01
  53994 114.07  35.38   71   0.01
  53996 114.65  36.45   58   0.01
  53997 114.18  35.15   72   0.01
  53998 114.65  35.20   62   0.01
  54113 118.65  43.53  623    0.2
  54204 115.00  42.30 1347    0.2
  54205 116.00  42.23 1316   0.01
  54291 130.28  42.90   37    1.1
  54293 129.83  42.95  141   0.01
  54305 115.27  41.88 1468   0.01
  54371 126.43  41.93  521    0.1
  54398 116.62  40.13   29    0.6
  54399 116.28  39.98   46    0.8
  54424 117.12  40.17   33    0.3
  54425 117.48  40.42  584   0.01
  54428 117.40  40.03   19    0.4
  54431 116.63  39.92   40    1.0
  54433 116.50  39.95   36    1.3
  54437 118.65  39.50   19    1.5
  54438 118.88  39.88   61   0.01
  54439 118.72  40.02   51    0.2
  54474 122.35  40.42   27   0.01
  54494 124.07  40.47   74    0.1
  54499 116.22  40.22   75   0.01
  54502 116.03  39.48   30    1.5
  54503 115.82  39.07   13    0.7
  54505 116.12  39.92   94    0.7
  54506 115.88  39.32   29    1.4
  54507 115.50  39.35   52    0.9
  54510 116.98  39.90   18    0.5
  54512 116.28  39.42   22    0.6
  54513 116.20  39.95   67    1.3
  54514 116.25  39.87   56    1.5
  54515 116.70  39.50   14    0.7
  54517 117.20  39.07    5    1.0
  54519 116.48  39.30   13    0.3
  54520 117.08  39.97   19    0.4
  54521 116.98  39.77   14    0.5
  54522 117.73  39.88   19    0.7
  54526 117.33  39.08   10    0.8
  54529 117.82  39.35   12    1.2
  54530 117.77  39.23    6    1.5
  54531 118.72  39.73   43    0.2
  54532 118.10  39.80   35    0.6
  54533 118.10  39.58    9    0.6
  54535 118.47  39.28    3    1.4
  54540 119.17  39.72   14    0.1
  54541 119.23  39.90   23   0.01
  54568 121.70  39.08   40    0.5
  54569 121.97  39.40   35    1.0
  54575 122.37  39.42   44    1.2
  54590 124.17  39.88    5    0.7
  54594 116.35  39.72   38    0.8
  54596 116.13  39.68   40    1.3
  54597 115.73  39.73  409    0.5
  54601 115.65  38.98   14   0.01
  54603 115.77  38.72   10    0.5
  54604 115.33  38.42   31    0.2
  54605 115.93  38.93    7    0.6
  54607 115.12  38.72   45    0.8
  54609 115.50  38.25   25    0.2
  54610 116.10  38.73    9    0.3
  54611 115.32  38.93   45    1.6
  54612 116.45  38.87    7    0.3
  54613 116.62  38.70    8    0.2
  54614 116.08  38.45   13    0.1
  54615 116.83  38.58    8    0.2
  54616 116.85  38.35    9    0.2
  54617 116.12  38.18   13    0.3
  54619 116.92  38.92    8    0.7
  54620 115.57  38.48   19    0.2
  54621 115.18  38.18   39   0.01
  54622 117.37  38.98    3    0.7
  54626 115.82  38.42   15    0.2
  54627 117.23  38.03    8    0.1
  54628 117.48  38.15    7    0.2
  54632 115.03  37.07   34   0.01
  54633 115.23  37.52   27   0.01
  54636 116.10  39.02   12    0.6
  54640 114.87  36.92   37   0.01
  54644 117.12  38.05   11    0.1
  54645 117.47  38.85    3    0.2
  54700 115.93  38.03   16    0.2
  54702 115.70  37.73   22   0.01
  54703 115.88  37.80   25   0.01
  54704 115.57  37.55   23   0.01
  54706 115.67  37.08   32    0.3
  54707 115.98  37.35   28    0.1
  54708 115.73  37.50   24   0.01
  54709 116.07  37.22   30    0.3
  54710 116.17  37.87   19    0.2
  54711 116.28  37.70   19    0.2
  54712 116.82  37.20   23    0.6
  54713 116.53  37.88   15    0.3
  54714 116.33  37.45   24    0.3
  54716 116.80  37.67   17    0.6
  54717 116.40  37.63   18    1.0
  54718 116.43  37.15   26    0.4
  54719 116.68  38.03   12    0.4
  54722 117.63  37.75    7   0.01
  54723 117.57  37.65   11   0.01
  54724 117.13  37.32   21   0.01
  54726 117.18  37.70   12    0.1
  54728 117.38  37.77   16   0.01
  54729 117.87  37.17   11    0.5
  54730 118.13  37.70   11    0.9
  54731 118.22  37.48   16    0.8
  54732 118.52  37.87   13    0.8
  54734 118.00  37.35   12    0.4
  54736 118.67  37.43    9    1.6
  54737 118.15  37.15   17    0.8
  54738 118.40  37.05   20    1.0
  54749 119.95  37.18   48    0.7
  54752 120.77  37.80   64    0.2
  54755 120.38  37.37  113    0.5
  54759 120.83  37.30  172    0.2
  54765 121.43  37.48   57   0.01
  54766 121.62  37.38   23   0.01
  54777 122.07  37.20  112    0.5
  54778 122.48  37.17   60   0.01
  54800 115.25  36.98   35    0.1
  54801 115.48  36.85   36   0.01
  54802 115.73  36.82   35   0.01
  54803 116.02  36.98   28    0.2
  54804 115.13  36.30   46    0.3
  54805 115.45  36.48   41    0.1
  54806 115.97  36.42   39   0.01
  54807 115.80  36.13   44   0.01
  54809 115.28  36.55   42   0.01
  54810 116.27  36.87   28    0.3
  54811 116.62  36.93   22    0.5
  54812 116.75  36.78   23    0.3
  54814 116.23  36.58   32    0.2
  54815 116.27  36.38   33    0.2
  54816 116.80  36.52   82    0.5
  54817 115.87  35.98   43    0.1
  54818 116.42  36.25   72    0.3
  54819 116.80  36.18  118    0.5
  54820 115.17  36.82   38   0.01
  54821 117.20  37.00   21    0.6
  54822 117.73  36.87   46    0.2
  54824 117.95  36.63   95    1.7
  54825 117.85  36.52  195    1.3
  54827 117.15  36.17  137    1.5
  54828 117.68  36.23  228    1.8
  54829 117.87  36.77   88    0.5
  54830 117.93  36.82   35    0.7
  54831 118.50  36.65  102    1.4
  54832 118.73  36.88   29    2.3
  54833 118.08  36.97   19    1.0
  54834 118.28  36.87   46    2.0
  54835 118.55  36.50  110    0.8
  54837 118.83  36.68   76    2.5
  54841 119.40  36.87    8    1.2
  54844 119.18  36.42   67    2.1
  54846 119.75  36.38   37    1.5
  54848 119.42  35.98   81    4.2
  54849 120.00  36.27   16    2.1
  54851 120.57  36.90   81    1.4
  54852 120.73  36.97   53    0.3
  54853 120.42  36.17   43    2.4
  54855 120.47  36.38   30    1.3
  54861 121.53  36.93   47    0.5
  54871 122.48  36.93    9    0.3
  54900 115.02  35.70   54   0.01
  54901 115.17  36.08   47    0.2
  54903 115.48  35.85   50   0.01
  54904 115.52  35.58   51   0.01
  54905 115.93  35.58   53   0.01
  54906 115.42  35.25   51    0.2
  54907 116.65  34.98   38    0.2
  54910 116.05  35.82   45    0.2
  54911 116.45  35.93   51    0.2
  54912 116.48  35.70   47    0.3
  54913 116.82  35.75   67    0.5
  54914 116.08  35.42   44   0.01
  54915 116.60  35.43   34    0.9
  54917 116.32  35.10   41    0.2
  54918 116.97  35.60   66    1.9
  54919 116.98  35.42  111    1.4
  54920 117.28  35.65  110    0.9
  54921 116.33  35.42   39    0.9
  54922 117.78  35.88  223    2.2
  54923 117.93  35.72  202    3.2
  54925 117.63  35.52  170    1.4
  54927 117.20  35.10   79    0.3
  54932 118.65  35.77  184    3.5
  54935 118.43  35.53  120    1.4
  54938 118.40  35.05   66    0.8
  54939 118.82  35.17  116    1.1
  54940 119.20  35.75  147    2.7
  54943 120.00  35.88   13    1.9
  56186 104.20  31.33  589   0.01
  56194 104.45  31.82  679   0.01
  57043 109.97  34.80  352   0.01
  57054 110.23  34.55  557   0.01
  57066 111.67  34.38  329   0.01
  57070 112.12  34.73  358   0.01
  57074 112.42  34.42  198   0.01
  57078 112.47  34.15  337    0.1
  57082 113.02  34.47  428    0.1
  57086 113.72  34.38  116    0.1
  57087 113.80  34.20   88   0.01
  57088 113.50  34.15  117   0.01
  57090 113.97  34.72   79   0.01
  57095 114.15  34.12   61   0.01
  57096 114.78  34.53   60   0.01
  57098 114.40  34.08   59    0.2
  57099 114.85  34.07   53    0.3
  57177 113.53  33.33   91    0.1
  57182 113.50  33.85   81   0.01
  57183 113.92  33.80   61   0.01
  57184 113.37  33.63   84   0.01
  57185 113.58  33.45   92    0.4
  57186 114.05  33.60   59   0.01
  57188 114.03  33.37   56    0.1
  57189 113.95  33.13   65   0.01
  57190 114.40  33.75   51    0.6
  57191 114.48  34.48   64    1.0
  57192 114.85  33.73   47    0.1
  57194 114.27  33.28   60    0.1
  57195 114.62  33.62   47    0.1
  57196 114.87  33.47   42    0.2
  57198 114.62  33.55   47    0.1
  57231 108.53  32.53  504   0.01
  57274 112.12  32.70  108    0.4
  57292 114.63  32.97   44   0.01
  57293 114.98  32.73   39    0.1
  57294 114.02  32.83   84    0.1
  57295 114.35  32.62   83    0.1
  57298 114.55  32.22   56    0.1
  57299 114.90  32.02   50    0.2
  57333 108.67  31.95  800   0.01
  57388 113.70  31.27   55   0.01
  57389 113.75  31.03   33    0.1
  57390 114.07  31.80  731    0.1
  57396 114.85  31.63  130    0.5
  57398 114.62  31.28   76    0.2
  57431 108.35  30.83  256   0.01
  57453 111.32  30.77  116   0.01
  57485 113.45  30.37   33    0.1
  57486 113.85  30.65   25   0.01
  57489 114.00  30.58   39    0.2
  57491 114.40  30.87   31    0.1
  57492 114.80  30.83   33    0.8
  57496 114.87  30.37   30    0.2
  57498 114.90  30.43   22    1.3
  57499 114.97  30.10   40    0.3
  57508 105.37  29.15  302    0.2
  57537 108.17  29.30  321    1.3
  57540 109.15  29.68  776   0.01
  57541 109.48  30.00  533    0.1
  57543 110.03  29.88  540   0.01
  57566 111.65  29.45   50   0.01
  57571 112.40  29.70   37   0.01
  57575 112.57  29.52   32   0.01
  57582 113.88  29.73   51    0.4
  57585 113.45  29.48   60    0.5
  57586 114.03  29.53   79    0.2
  57589 113.80  29.25  103    0.4
  57590 114.37  29.85   64    0.4
  57596 114.20  29.63    0    0.4
  57635 108.98  28.45  363    1.2
  57637 108.12  28.25  524    0.1
  57640 109.45  28.58  344    0.2
  57657 110.20  28.22  182    0.1
  57658 110.20  28.02  144   0.01
  57674 112.47  28.57   44   0.01
  57680 113.07  28.80   47    0.1
  57688 113.63  28.15  100    0.1
  57694 114.38  28.53  256    3.3
  57698 114.45  28.12   99    1.5
  57699 114.92  28.23   68    4.2
  57713 106.88  27.70  844   0.01
  57714 106.23  27.47  942    0.2
  57717 106.83  27.53  974   0.01
  57720 107.17  27.88  888   0.01
  57723 107.72  27.98  710    0.8
  57735 108.82  27.18  396    0.3
  57736 108.85  27.70  376    0.2
  57739 108.88  27.23  375   0.01
  57740 109.60  27.95  349   0.01
  57742 109.20  27.52  883    0.4
  57760 111.43  27.70  247    0.4
  57762 111.70  27.68  163    0.1
  57763 112.00  27.73  151   0.01
  57767 111.03  27.12  266    0.7
  57768 111.45  27.32  242    0.1
  57769 111.73  27.23  257   0.01
  57772 112.50  27.75   84   0.01
  57773 112.82  27.87   63    0.1
  57781 113.50  27.65   71   0.01
  57786 113.85  27.65  110   0.01
  57792 114.68  27.82   93   0.01
  57796 114.93  27.80   79   0.01
  57822 107.90  26.90  833   0.01
  57844 109.18  26.68  344    0.2
  57851 110.85  26.45  307    0.2
  57860 111.28  27.00  282   0.01
  57865 111.58  26.47  166   0.01
  57867 111.28  26.40  169    0.3
  57870 112.10  26.80  151    0.1
  57875 112.50  26.88   71    0.1
  57881 113.25  26.72  105   0.01
  57882 113.55  26.78  135   0.01
  57883 114.28  26.75  257    0.1
  57886 113.78  26.50  226    0.3
  57887 113.12  26.13  124    0.3
  57895 114.78  26.47   96   0.01
  57966 111.95  25.60  205    0.1
  57971 112.20  25.92  225    0.3
  57973 112.72  25.75  328   0.01
  57975 112.20  25.38  278   0.01
  57981 113.22  25.98  141    0.7
  57988 113.35  25.15  103   0.01
  57989 113.73  25.10   96   0.01
  57992 114.75  25.67  129    0.6
  57994 114.35  25.40  208    0.2
  58001 115.10  34.43   57    0.1
  58002 115.58  34.85   53    0.2
  58003 115.88  34.95   48    0.1
  58004 115.15  34.65   61   0.01
  58006 115.88  34.38   47    0.3
  58007 115.30  34.07   53    0.3
  58008 115.33  34.47   55    0.4
  58011 116.07  34.80   44    0.8
  58012 116.58  34.68   40   0.01
  58016 116.97  34.18   39   0.01
  58017 116.13  34.25   42    0.4
  58020 117.13  34.80   38    0.3
  58021 117.28  34.78   80    0.2
  58022 117.57  34.75   48    0.9
  58024 117.58  34.87   78    0.7
  58025 117.73  34.57   32    1.1
  58030 118.07  34.85   47    1.2
  58032 118.65  34.93   75    0.9
  58035 118.35  34.33   30    0.7
  58036 118.73  34.52   39    2.4
  58041 119.43  34.78   22    1.5
  58044 119.23  34.53    5    1.7
  58045 119.60  34.20    8    0.1
  58048 119.35  34.12    9    1.4
  58049 119.82  34.03    7    3.4
  58100 115.17  33.65   42    0.2
  58101 115.48  33.87   42    0.2
  58104 115.07  33.40   42    0.2
  58108 115.33  33.23   46    0.2
  58109 115.62  33.18   37    0.2
  58114 116.18  33.48   29    0.1
  58125 117.55  33.55   28    2.3
  58126 117.87  33.47   24    1.2
  58127 117.20  32.98   23    0.4
  58128 117.30  33.32   23    0.1
  58129 117.87  33.13   20    0.8
  58131 118.27  33.98   28    2.3
  58132 118.68  33.72   19    1.9
  58139 118.88  33.30   13    1.1
  58140 119.30  33.77   13    2.9
  58145 119.17  33.53    8    2.7
  58146 119.77  33.47    7    1.1
  58147 118.97  32.98   28    3.3
  58148 119.30  33.23   11    1.6
  58154 120.20  33.43    7    2.8
  58202 115.58  32.63   37    0.1
  58205 115.43  32.47   36    0.2
  58207 115.05  32.17   42    0.2
  58210 116.23  32.65   25    0.1
  58212 116.73  32.72   27   0.01
  58214 116.28  32.33   37   0.01
  58220 117.15  32.47   32    0.2
  58222 117.55  32.85   31    0.4
  58223 117.98  32.78   38    0.5
  58224 117.02  32.65   36    0.6
  58230 118.27  32.08   34    0.6
  58234 118.42  32.47   43    2.1
  58235 118.85  32.37   16    1.7
  58237 118.62  32.05   22    0.9
  58240 119.02  32.68   25    1.2
  58242 119.18  32.28   14    1.4
  58243 119.83  32.93    7    4.6
  58244 119.58  32.45   10    3.1
  58245 119.42  32.42   14    2.4
  58246 119.90  32.52   11    3.5
  58247 119.82  32.25    5    3.1
  58249 120.00  32.17    8    3.7
  58250 120.15  32.52   10    2.7
  58254 120.45  32.52    5    3.5
  58257 120.25  31.98   12    8.4
  58264 121.18  32.33   11   13.3
  58268 121.08  32.10    8   15.6
  58269 121.65  31.78   12   13.2
  58301 115.38  31.82   90    1.1
  58306 115.88  31.68   94    1.7
  58316 116.95  31.47   26    0.5
  58317 116.37  30.87  434    0.5
  58320 117.13  31.73   26    1.0
  58323 117.47  31.88   29    0.9
  58327 117.28  31.25   24    3.5
  58329 117.87  31.33   24    1.7
  58330 118.08  31.75   20    1.3
  58331 118.37  31.73   26    2.1
  58334 118.37  31.38   23    3.0
  58335 118.52  31.57   16    2.5
  58337 118.18  31.08   30    1.2
  58339 118.90  31.33   24    7.7
  58340 119.03  31.65   23    2.1
  58341 119.58  31.98   10    2.0
  58342 119.55  31.72    7    2.8
  58344 119.20  31.97   35    2.7
  58346 119.82  31.33   15   11.0
  58349 120.63  31.27    9   10.0
  58351 120.30  31.90   12   12.0
  58352 120.77  31.65    8   15.6
  58353 120.57  31.87    6   11.9
  58359 120.62  31.13    9    6.1
  58360 121.20  31.92    6   15.1
  58361 121.37  31.10   10    4.0
  58365 121.25  31.37    9    8.2
  58366 121.40  31.63    9   17.8
  58367 121.43  31.20   18    5.9
  58369 121.78  31.05    9    2.9
  58370 121.55  31.22   11    7.7
  58377 121.10  31.47    6   17.2
  58401 115.40  30.78  106    0.2
  58404 115.22  30.47   57    0.3
  58408 115.43  30.23   35    0.1
  58409 115.93  30.07   20    1.0
  58415 116.58  30.63   38    1.1
  58416 116.82  30.75   38    0.2
  58417 116.13  30.17   50    0.5
  58418 116.70  30.13   26    0.1
  58420 117.22  30.72   38    1.3
  58421 117.87  30.63   32    4.1
  58423 117.78  30.48  643    7.0
  58426 118.13  30.30  192   11.2
  58427 117.48  30.67   36    2.5
  58428 117.48  30.22  115    2.1
  58431 118.32  30.92   17    1.8
  58432 118.40  30.68   39    2.5
  58433 118.75  30.93   30    3.3
  58435 118.53  30.30  221   12.1
  58438 118.58  30.08  197   13.6
  58441 119.42  30.87   53    5.8
  58442 119.18  31.13   16    4.1
  58443 119.90  31.02   19    6.1
  58446 119.68  30.63   25    6.0
  58449 119.95  30.05   47    5.6
  58451 120.93  30.83    3    5.6
  58452 120.77  30.73    4    5.1
  58453 120.50  30.07   10    1.6
  58454 119.97  30.53    5    5.5
  58455 120.65  30.52    8    3.4
  58456 120.52  30.63    6    4.2
  58458 120.90  30.53    3    3.0
  58459 120.28  30.18   42    4.1
  58460 121.35  30.73    6    4.0
  58461 121.12  31.13    8    6.0
  58462 121.23  31.03    9    3.8
  58463 121.50  30.88    9    3.6
  58468 121.17  30.05   10    3.9
  58484 122.20  30.25    9    0.8
  58502 116.00  29.73   37    0.4
  58503 115.68  29.70   41    0.3
  58508 115.77  29.33   42   0.01
  58509 115.82  29.05   38    1.0
  58510 116.23  29.73   40    0.2
  58512 116.55  29.90   66    0.6
  58514 116.05  29.45   35    0.3
  58517 116.20  29.27   43    1.0
  58523 117.93  29.93  231   17.5
  58529 117.85  29.27   82    4.2
  58530 118.43  29.87  170    7.5
  58534 118.18  29.78  173    6.2
  58537 118.40  29.13  153    2.1
  58542 119.68  29.82   45    2.3
  58544 119.27  29.48   87    8.8
  58546 119.88  29.47  114    3.9
  58547 119.18  29.03   65    0.8
  58548 119.47  29.22   46    1.9
  58550 120.25  29.70   39    0.9
  58555 120.88  29.52  112    0.5
  58558 120.22  29.27   89    4.5
  58559 120.98  29.17   59    2.2
  58561 121.60  29.98    3    0.7
  58563 121.83  29.88    4    0.5
  58565 121.43  29.68    6    0.5
  58566 121.88  29.47   14    0.2
  58567 121.43  29.32   39    0.6
  58568 121.38  29.12   35    1.4
  58570 122.30  29.95   83    0.9
  58601 115.38  28.70   54    2.0
  58602 115.55  28.85   46    2.6
  58605 115.38  28.42   49    8.6
  58607 115.95  28.55   35    3.6
  58609 115.82  28.22   30    7.1
  58612 116.68  28.70   22    4.9
  58614 116.27  28.38   40    7.8
  58615 117.08  28.68   56    6.5
  58616 116.82  28.20   44    4.5
  58618 116.60  28.23   51    4.0
  58619 116.37  28.00   47    1.0
  58620 117.13  28.97   37    1.0
  58623 117.92  28.47   92    4.0
  58624 117.43  28.40   64    3.2
  58625 117.60  28.42   80    3.8
  58627 117.03  28.25   64    5.8
  58629 117.70  28.32   59    3.4
  58631 118.50  28.90  134    2.4
  58632 118.60  28.72  124    7.4
  58635 118.20  28.43   96    2.8
  58642 119.80  28.88  102    1.3
  58643 120.03  28.90   99    0.7
  58644 119.28  28.60  237    2.5
  58647 119.13  28.07  196   11.6
  58654 120.08  28.67  184    4.7
  58656 120.97  28.12    7    1.7
  58657 120.28  28.15   59    3.7
  58658 120.68  28.15   36    2.6
  58659 120.65  28.03   29    2.1
  58660 121.13  28.85    8    0.9
  58664 121.37  28.37   33    2.4
  58693 115.83  28.70   37    1.7
  58710 116.05  27.77   76   0.01
  58712 116.78  27.92  123    0.3
  58713 117.07  27.72  220   0.01
  58719 116.93  27.30  123    4.7
  58724 117.30  27.52  264   12.2
  58735 118.80  27.52  201    6.8
  58736 118.82  27.37  220    1.8
  58745 119.07  27.62  368    1.2
  58746 119.70  27.55  514    1.8
  58747 119.35  27.15  900    2.8
  58748 119.65  27.10   51    4.9
  58749 119.88  27.23  680    5.0
  58750 120.08  27.78  106    6.1
  58751 120.55  27.68    5    4.0
  58814 116.35  26.35  237    0.3
  58819 116.80  26.17  329    0.1
  58821 117.47  26.73  174    3.7
  58822 116.85  26.83  341    8.6
  58823 117.80  26.80  173    2.4
  58824 117.15  26.40  355    0.6
  58826 117.80  26.40  120    1.1
  58828 117.62  26.27  206    1.4
  58836 118.73  26.58  359    4.2
  58839 118.85  26.23   42    4.7
  58844 119.15  26.15   49    6.4
  58845 119.53  26.50   57    5.7
  58848 119.55  26.20   12    7.3
  58850 120.23  26.92   88    5.9
  58903 116.03  25.90  208    0.4
  58906 115.80  25.60  167    3.8
  58912 116.75  25.72  379    4.6
  58917 116.10  25.08  307    0.2
  58923 117.83  25.70  397    2.5
  58928 117.53  25.02  160    4.0
  58929 118.15  25.07   66   11.3
  58932 118.93  25.87   85    6.2
  58934 118.27  25.33  170    6.3
  58935 118.23  25.48  516    4.3
  58938 118.98  25.23   22    8.2
  58940 119.33  26.08   28    7.4
  58941 119.50  25.97   11    7.4
  58942 119.38  25.72   39    8.2
  58946 119.00  25.45   84   10.9
  59015 106.57  24.35  442   0.01
  59022 107.55  24.98  695   0.01
  59034 108.67  24.48  149   0.01
  59041 109.25  24.65  109   0.01
  59044 109.38  24.47   99    0.1
  59047 109.33  24.25  101   0.01
  59061 111.27  24.82  198   0.01
  59071 112.28  24.73  175   0.01
  59074 112.15  24.57  300    0.1
  59075 112.63  24.48   70    1.8
  59081 113.27  24.78   98    0.1
  59090 114.07  24.95  103    0.8
  59091 114.53  24.75  257    1.1
  59093 115.03  24.78  254    1.8
  59094 114.12  24.37  135    0.2
  59099 114.93  24.45  175   10.7
  59106 115.90  24.58  152    0.8
  59109 115.73  24.15  126    8.5
  59114 116.17  24.65  131   20.1
  59122 117.75  24.62   42   14.7
  59124 117.37  24.52   31   15.8
  59125 117.30  24.38  105    4.3
  59127 117.83  24.43   14   11.1
  59129 117.60  24.13   53   17.3
  59130 118.15  24.73   28   11.9
  59131 118.37  24.97   44   16.1
  59137 118.57  24.82   55   11.1
  59255 110.38  23.55   37    0.1
  59276 112.65  23.35   40   0.01
  59279 112.87  23.18   18   0.01
  59288 113.13  23.05    3    0.2
  59290 114.23  23.73   71    2.5
  59297 114.28  23.18   16    0.8
  59310 116.18  23.77   39    7.9
  59312 116.63  23.67   11   11.8
  59313 116.98  23.68   42    1.7
  59314 116.13  23.30   27   0.01
  59315 116.38  23.58   25   18.4
  59318 116.58  23.27   10    0.1
  59319 116.77  23.47    9    1.9
  59320 117.13  23.77   27    5.4
  59322 117.37  23.98   20   12.0
  59449 109.98  22.30   80    0.1
  59451 110.35  22.70   99   0.01
  59457 110.27  22.32  120   0.01
  59470 112.22  22.72   33   0.01
  59473 112.97  22.77   20   0.01
  59481 113.32  22.93   16   0.01
  59492 114.70  22.92   43    0.7
  59500 115.32  22.97   10   0.01
  59502 115.65  22.95   11   0.01
  59635 108.35  21.62   26   0.01
  59650 110.25  21.38   25    0.2
  59654 110.30  21.63   28   0.01
  59655 110.62  21.65   35    0.1
  59656 110.77  21.43   29    0.2
  59750 110.10  20.92   25    0.1
  59848 109.43  19.23  219    0.1
  59856 110.75  19.62   26    0.1
  59945 109.70  18.65   65   0.01
