diamond  3 2013年02月18日08点24小时降雨量                    
  13  02  18  08    -1 3 10 25 50 1 0
 39 122.7  37.3 122.5  36.7 120.8  36.2 119.3  35.0 120.4  34.3
 121.1  32.7 122.3  30.9 122.5  30.1 121.5  28.0 119.8  25.0
 116.1  22.6 111.0  21.0 111.0  18.6 109.6  18.1 108.3  18.5
 108.9  19.9 109.3  21.0 106.4  21.6 104.1  22.2 101.6  20.8
  98.7  22.0  97.1  24.1  97.7  27.0  91.7  26.6  85.7  27.7
  78.9  30.6  73.3  37.1  74.1  40.7  87.6  49.8  98.5  43.9
 110.4  44.3 122.0  54.7 135.7  48.3 131.5  42.2 125.2  39.4
 121.3  38.5 121.2  40.3 118.5  38.6 120.8  38.1
1         703
  50137 122.37  53.47  297    1.1
  50431 121.52  50.78  718    0.9
  50445 123.73  50.58  424    1.1
  50525 119.75  49.15  621   0.01
  50566 128.47  49.55  117    1.6
  50645 124.48  48.48  196    0.3
  50646 124.85  48.48  204    0.5
  50647 123.48  48.13  237    0.1
  50655 126.18  48.50  267    1.4
  50659 126.25  48.03  293    1.1
  50673 130.40  48.88   92    1.2
  50674 129.43  48.57  404    2.4
  50741 123.50  47.93  186   0.01
  50749 124.83  47.18  159    0.3
  50750 125.30  47.90  228    0.3
  50755 126.10  47.60  232    2.1
  50767 127.10  47.23  204    2.1
  50772 129.23  48.10  299    1.1
  50775 130.27  47.33  229    5.3
  50776 130.83  47.57   84    2.0
  50778 132.53  47.67   59    1.1
  50787 131.85  47.28   63    2.3
  50833 122.90  46.72  189   0.01
  50842 124.42  46.83  145   0.01
  50851 126.08  46.68  209    2.1
  50852 126.45  46.83  170    3.3
  50858 125.93  46.07  136    2.3
  50859 126.27  46.25  160    3.7
  50861 127.48  46.88  186    7.2
  50867 127.35  46.08  134    2.2
  50871 129.88  46.73   96    3.2
  50878 130.72  47.00   80    0.8
  50879 130.55  46.22  187    2.6
  50880 131.12  46.73  104    2.0
  50884 131.15  46.63  176    2.3
  50892 134.00  46.80   57    1.1
  50913 118.83  45.72  866   0.01
  50939 122.82  45.33  154   0.01
  50940 123.17  45.85  142    0.2
  50946 124.83  45.18  140    1.1
  50954 125.08  45.50  129    0.7
  50956 126.57  45.93  117    1.9
  50958 126.95  45.52  175    1.3
  50960 127.45  45.78  192    4.7
  50962 128.03  45.95  113    5.3
  50964 128.80  45.83  123    4.4
  50965 128.30  45.45  157    3.6
  50971 131.02  45.77  226    2.2
  50979 130.23  45.27  279    1.7
  50985 131.87  45.55  155    3.5
  50987 131.13  45.25  181    0.6
  51356  86.05  44.32  444   0.01
  51357  85.62  44.33  523   0.01
  51368  87.32  44.12  516   0.01
  51436  83.25  43.45  929   0.01
  51627  79.23  41.22 1397   0.01
  52643  99.62  38.83 2311   0.01
  52656 100.82  38.43 2282   0.01
  52745  99.02  37.30 3417    0.1
  52784 102.90  37.47 2073    3.5
  52842  99.08  36.78 3088   0.01
  52853 100.98  36.90 3011    1.4
  52855 101.25  36.68 2676    1.3
  52862 101.68  36.95 2451    1.3
  52863 101.95  36.82 2480    2.3
  52869 101.58  36.50 2665    3.4
  52874 102.40  36.48 1981    1.6
  52875 102.10  36.50 2129    0.6
  52877 102.25  36.10 2835    5.7
  52881 103.18  36.98 2485    2.2
  52885 103.25  36.75 2119    3.2
  52896 104.15  36.55 1739    0.4
  52957 100.60  35.25 3149    4.1
  52963 102.02  35.93 2086    2.4
  52968 101.47  35.03 3663    9.7
  52972 102.47  35.85 1870    0.1
  52978 102.52  35.20 2930    9.5
  52980 103.30  35.97 1649    2.3
  52981 103.38  35.67 2429   11.1
  52982 103.55  35.48 1954   10.2
  52985 103.33  35.42 2164   14.7
  52988 103.72  35.37 2000   13.4
  52993 104.07  35.68 1740    9.2
  52995 104.62  35.58 1898   10.2
  52998 104.20  35.13 2111    8.9
  53505 105.40  37.88 1382   0.01
  53678 112.67  38.07  899   0.01
  53679 112.55  37.73  776   0.01
  53682 114.68  38.63  105   0.01
  53685 113.42  38.07  953    0.2
  53707 105.25  36.93 1699    3.2
  53727 107.12  37.17 1713    0.3
  53748 109.70  37.18 1064    2.6
  53751 110.05  37.60  897   0.01
  53753 110.88  37.43  861    0.5
  53756 110.72  37.52  744    0.3
  53757 110.12  37.12  938    1.8
  53759 110.83  36.98 1106    2.2
  53760 111.23  37.88 1212   0.01
  53767 111.17  37.33 1212    1.7
  53768 111.75  37.15  770    0.8
  53769 111.78  37.25  749    1.0
  53776 112.77  37.68  831   0.01
  53778 112.22  37.17  780   0.01
  53780 113.15  37.90 1066    0.2
  53782 113.55  37.85  743   0.01
  53786 113.37  37.08 1134    1.2
  53788 113.57  37.33 1267    0.4
  53829 107.90  35.98 1094    5.0
  53832 108.77  36.77 1220    3.8
  53841 109.32  36.88 1069    2.9
  53848 109.35  36.27 1005    2.2
  53850 110.18  36.88  801    2.2
  53852 110.63  36.77  917    1.0
  53856 110.75  36.47  756    0.1
  53857 110.18  36.07  840    0.5
  53860 111.17  36.98 1407    1.0
  53862 111.77  36.83  809    0.2
  53864 111.10  36.40 1030    0.1
  53865 111.55  36.65 1012   0.01
  53869 111.70  36.58  550   0.01
  53871 112.85  36.83  965    0.1
  53872 112.68  36.77  962   0.01
  53875 112.35  36.52 1001   0.01
  53881 106.48  37.28 1382    0.3
  53906 105.72  35.52 1659    5.1
  53908 105.23  35.22 1769    6.1
  53914 106.12  35.62 2079    4.1
  53916 106.32  35.50 1949    6.4
  53917 106.07  35.22 1633    3.2
  53924 107.62  35.07  967    0.4
  53925 107.18  35.68 1174    3.0
  53926 107.35  35.35 1630    1.7
  53927 106.62  35.20 1478    2.7
  53928 107.02  35.30 1150    2.5
  53930 107.98  36.45 1270    4.3
  53931 109.37  36.00  983    2.5
  53934 108.02  35.82 1299    4.2
  53935 108.35  35.48 1443    1.2
  53937 107.92  35.52  980    2.5
  53938 108.30  35.17 1277    1.1
  53944 109.25  35.57  857    1.1
  53945 109.07  35.43 1394    2.7
  53946 109.82  35.60 1091   0.01
  53947 109.07  35.08  979    0.3
  53954 110.97  35.62  433   0.01
  54039 122.02  44.03  182   0.01
  54047 123.28  44.13  146   0.01
  54065 125.65  44.53  173    1.6
  54069 125.80  44.17  175    1.2
  54072 126.52  44.85  203    2.7
  54076 126.93  44.42  254    1.6
  54080 127.15  44.90  196    1.8
  54092 129.40  44.60  294    1.5
  54093 130.55  44.93  266    3.3
  54098 129.47  44.33  272    0.4
  54099 131.13  44.08  151    0.4
  54154 124.30  43.35  163    0.9
  54155 124.23  43.67  145    0.6
  54156 124.80  43.52  200    3.3
  54164 125.28  43.35  249    1.2
  54169 126.02  43.30  270    1.0
  54172 126.60  43.78  199    2.5
  54187 128.92  43.12  369    2.3
  54192 130.27  43.70  386    0.5
  54205 116.00  42.23 1316   0.01
  54244 123.33  42.75  120    0.2
  54245 123.40  42.50   99    0.4
  54248 123.53  42.03   67    0.2
  54249 123.87  42.30   79    1.2
  54252 124.75  42.73  198    3.3
  54261 125.52  42.68  343    0.4
  54267 125.73  42.25  363    0.1
  54274 126.07  42.68  300    0.2
  54290 129.40  42.77  245    1.4
  54291 130.28  42.90   37    0.9
  54293 129.83  42.95  141    0.5
  54336 122.42  41.42   13   0.01
  54340 123.32  41.67   47    0.5
  54345 123.07  41.20   29   0.01
  54347 123.17  41.23   25   0.01
  54348 123.32  41.42   43   0.01
  54362 125.73  41.67  388    1.0
  54371 126.43  41.93  521    2.3
  54483 123.90  40.88  239    4.0
  54494 124.07  40.47   74    4.2
  54590 124.17  39.88    5    0.5
  54932 118.65  35.77  184   0.01
  54943 120.00  35.88   13   0.01
  56016  95.62  33.85 4181    2.8
  56045  99.90  33.97 4051    2.5
  56071 102.50  34.58 3107    3.8
  56081 103.35  34.70 2811    2.3
  56082 103.50  34.58 2544    2.7
  56084 103.23  34.07 2376   0.01
  56091 104.47  34.85 1884    3.4
  56092 104.65  35.00 1729    5.8
  56095 104.38  34.03 1754    0.6
  56180 103.85  31.68 1591   0.01
  56192 104.67  32.95 1016   0.01
  56273 102.82  30.38 1011   0.01
  56278 102.77  30.07  756    0.4
  56279 102.93  30.15  683   0.01
  56373 102.85  29.78  763   0.01
  56443  99.80  28.93 2842    0.1
  56480 103.53  28.82  564    0.2
  56483 103.95  28.60  412   0.01
  56497 104.23  28.10  433   0.01
  56567 100.85  27.30 2242   0.01
  56596 105.05  27.85 1176   0.01
  56641  98.87  26.90 1191   45.6
  56645  99.42  26.42 2345    5.9
  56646  99.92  26.53 2193    2.3
  56649  99.97  26.10 2059    4.0
  56652 100.75  26.68 2131    0.8
  56654 100.18  26.58 2196    0.9
  56669 101.67  26.05 1531   0.01
  56742  99.37  25.90 1663    4.2
  56745  99.95  25.68 1627    2.2
  56746  99.52  25.47 1618    0.4
  56752 100.57  25.83 1440   0.01
  56755 100.48  25.35 1670   0.01
  56756 100.58  25.48 1993   0.01
  56757 100.28  25.27 1744    0.2
  56835  97.82  24.07  958   0.01
  56836  97.95  24.70  828    0.1
  56840  98.30  24.82 1013   0.01
  56841  98.68  24.60 1527    0.1
  56843  99.62  24.83 1650    0.1
  56844  98.58  24.43  915   0.01
  56846  99.93  24.58 1569    2.7
  56849  99.23  24.03 1607   0.01
  56851 100.52  25.03 1378    1.5
  56854 100.13  24.45 1108   0.01
  56862 101.60  24.68 1966   0.01
  56869 101.97  24.07 1498   0.01
  56944  99.27  23.15 1280    2.9
  56948  99.60  22.63 1156    6.0
  56950  99.80  23.47 1044    1.6
  56952 100.70  23.50  914   0.01
  56958 100.42  21.92 1177   18.5
  56962 101.67  23.42 1315    1.6
  56970 102.48  23.70 1419    2.7
  56973 102.83  23.62 1310    0.4
  56975 102.43  23.37  975   0.01
  56976 102.83  23.23  229   22.6
  56978 102.42  23.00 1640   11.2
  56982 103.25  23.70 1055    0.4
  56984 103.15  23.38 1717   11.4
  56987 103.23  22.78 1261   17.3
  56989 103.95  22.50  138    0.1
  57001 105.33  34.75 1273    0.3
  57002 105.65  34.85 1217    0.7
  57004 104.88  34.73 1496    1.7
  57006 105.75  34.58 1142    0.3
  57007 105.18  34.18 1406    1.7
  57008 105.30  34.03 1578    2.8
  57012 106.20  34.98 1665    1.4
  57016 107.13  34.35  613   0.01
  57020 107.40  34.37  563   0.01
  57021 107.13  34.65  751   0.01
  57022 107.78  34.68 1026    0.3
  57023 108.10  35.03  841    0.2
  57024 107.65  34.45  671   0.01
  57026 107.88  34.37  586   0.01
  57027 107.73  34.27  518   0.01
  57029 108.48  34.50  544    0.2
  57031 108.55  34.82 1013    0.5
  57033 108.82  34.55  429   0.01
  57035 108.23  34.55  636    0.3
  57036 108.93  34.30  398    0.2
  57039 108.88  34.08  445    0.1
  57040 109.08  34.52  378   0.01
  57041 108.92  34.63  425   0.01
  57044 109.23  34.40  424   0.01
  57045 109.48  34.52  354   0.01
  57047 109.32  34.17  541   0.01
  57055 110.08  34.55  352    0.1
  57057 110.15  34.10  961    0.7
  57102 105.72  33.75  971    0.7
  57105 105.60  33.33 1219    0.4
  57110 106.08  33.78  930   0.01
  57111 106.30  33.92  967   0.01
  57119 106.70  33.17  551    0.7
  57123 108.07  34.28  510   0.01
  57126 107.55  33.22  470   0.01
  57128 107.33  33.17  487    0.1
  57129 107.72  32.98  447   0.01
  57132 108.62  34.12  415   0.01
  57137 108.32  33.32  801   0.01
  57140 109.12  33.67  818    1.1
  57153 110.33  33.68  584    1.0
  57155 109.87  33.55  661    2.5
  57175 112.23  33.05  192   0.01
  57176 112.42  33.48  230   0.01
  57213 106.93  33.00  537    2.6
  57231 108.53  32.53  504   0.01
  57233 108.50  32.90  413   0.01
  57242 109.37  32.85  285   0.01
  57248 109.33  32.40  429   0.01
  57249 109.68  32.32  453    0.5
  57253 110.82  32.85  204    2.0
  57254 110.12  32.82  324    1.5
  57257 110.23  32.23  309   0.01
  57260 111.52  32.55  143   0.01
  57261 111.50  33.13  196   0.01
  57268 111.63  32.27   87    2.7
  57295 114.35  32.62   83   0.01
  57298 114.55  32.22   56   0.01
  57299 114.90  32.02   50   0.01
  57329 107.85  31.10  462   0.01
  57361 111.27  31.88  331    0.3
  57362 110.67  31.75  939    0.7
  57363 111.83  31.80  146    0.5
  57368 111.63  31.05  138    0.4
  57370 112.22  31.73   68    1.2
  57377 112.22  31.00  184    0.2
  57385 113.82  31.63   94   0.01
  57387 113.13  31.00   80   0.01
  57388 113.70  31.27   55   0.01
  57389 113.75  31.03   33    0.2
  57396 114.85  31.63  130    0.1
  57398 114.62  31.28   76   0.01
  57453 111.32  30.77  116    1.3
  57460 111.78  30.82   91   0.01
  57462 111.08  30.87  104    0.4
  57464 111.18  30.47  144    1.2
  57465 111.45  30.38   76   0.01
  57466 111.77  30.43   50   0.01
  57469 111.77  30.18   68   0.01
  57475 112.90  30.40   33   0.01
  57477 112.22  30.07   39   0.01
  57481 113.58  30.95   31    0.1
  57485 113.45  30.37   33    0.3
  57486 113.85  30.65   25    0.1
  57489 114.00  30.58   39    0.6
  57491 114.40  30.87   31    0.3
  57492 114.80  30.83   33    0.7
  57496 114.87  30.37   30    5.0
  57498 114.90  30.43   22    3.7
  57499 114.97  30.10   40    7.3
  57519 107.08  29.15  559    0.1
  57525 107.75  29.32  273    0.7
  57537 108.17  29.30  321    1.1
  57540 109.15  29.68  776    0.4
  57541 109.48  30.00  533    2.4
  57543 110.03  29.88  540    0.3
  57544 109.45  29.47  486   0.01
  57558 110.47  29.13  184    1.4
  57564 111.13  29.43  103    0.7
  57565 111.75  29.65   39    0.7
  57566 111.65  29.45   50    1.0
  57571 112.40  29.70   37    0.4
  57575 112.57  29.52   32    1.7
  57577 112.17  29.40   37    1.0
  57582 113.88  29.73   51    7.3
  57585 113.45  29.48   60    5.1
  57586 114.03  29.53   79    6.0
  57589 113.80  29.25  103    7.2
  57590 114.37  29.85   64    7.7
  57596 114.20  29.63    0   10.0
  57623 107.60  28.88  684   0.01
  57634 107.88  28.52  658    1.3
  57635 108.98  28.45  363    0.7
  57636 108.50  28.57  335    0.7
  57637 108.12  28.25  524    0.5
  57640 109.45  28.58  344    2.4
  57643 109.83  29.00  268    1.6
  57646 109.95  28.62  301    4.5
  57657 110.20  28.22  182    4.8
  57658 110.20  28.02  144    4.2
  57661 111.48  28.92   51    4.4
  57663 111.95  28.92   31    4.4
  57666 112.13  28.52   49    6.9
  57674 112.47  28.57   44    6.4
  57678 112.55  28.25   71    5.8
  57680 113.07  28.80   47    6.2
  57688 113.63  28.15  100    6.5
  57694 114.38  28.53  256   11.4
  57698 114.45  28.12   99    2.2
  57699 114.92  28.23   68    1.2
  57713 106.88  27.70  844    0.4
  57714 106.23  27.47  942    0.4
  57717 106.83  27.53  974    0.2
  57719 106.97  27.07 1280    0.1
  57720 107.17  27.88  888    0.7
  57723 107.72  27.98  710    2.3
  57728 107.47  27.07 1095   0.01
  57732 108.40  28.02  458    0.3
  57734 108.23  27.57  468    1.4
  57735 108.82  27.18  396    0.5
  57736 108.85  27.70  376    4.2
  57737 108.12  27.03  546   0.01
  57738 108.42  27.05  517   0.01
  57739 108.88  27.23  375    0.6
  57740 109.60  27.95  349    4.8
  57742 109.20  27.52  883    5.5
  57743 109.80  27.88  176    5.9
  57744 109.17  27.37  356    1.5
  57754 110.15  27.35  170    8.6
  57760 111.43  27.70  247    3.8
  57762 111.70  27.68  163    5.4
  57763 112.00  27.73  151    5.1
  57767 111.03  27.12  266    1.2
  57768 111.45  27.32  242    0.4
  57769 111.73  27.23  257    1.6
  57771 112.52  27.93   89    4.7
  57772 112.50  27.75   84    6.2
  57773 112.82  27.87   63    5.5
  57777 112.87  27.23   65    6.3
  57778 112.95  27.10   68    3.4
  57781 113.50  27.65   71    4.0
  57786 113.85  27.65  110    1.7
  57792 114.68  27.82   93   0.01
  57796 114.93  27.80   79   0.01
  57798 114.60  27.40   89   0.01
  57807 105.47  26.20 1359    0.1
  57809 105.75  26.07 1251    0.1
  57811 106.60  26.85 1242   0.01
  57818 106.45  26.03 1145   0.01
  57821 107.50  26.70  924    0.1
  57822 107.90  26.90  833    0.8
  57824 107.23  26.58 1005   0.01
  57828 107.58  26.50  983    0.5
  57829 107.80  26.20  964    1.5
  57834 108.30  26.68  642   0.01
  57835 108.43  26.72  521   0.01
  57837 108.07  26.40  838   0.01
  57842 109.72  26.88  281    2.8
  57844 109.18  26.68  344    1.0
  57846 110.15  26.58  307    0.3
  57851 110.85  26.45  307    0.3
  57859 110.63  26.03  409    2.1
  57860 111.28  27.00  282    0.1
  57865 111.58  26.47  166    6.5
  57867 111.28  26.40  169    4.1
  57868 111.87  26.60  113    5.6
  57870 112.10  26.80  151    3.4
  57871 112.37  26.98   91    3.3
  57875 112.50  26.88   71    0.8
  57881 113.25  26.72  105   0.01
  57882 113.55  26.78  135   0.01
  57900 105.22  25.83 1553    0.1
  57914 106.67  26.42 1143   0.01
  57915 106.77  26.63 1102    0.1
  57921 107.32  25.83  710    0.2
  57923 107.87  25.98  418    0.1
  57927 107.18  24.97  283    0.6
  57941 109.60  25.78  198    0.8
  57942 110.00  25.80  267   0.01
  57948 109.25  25.08  123   13.0
  57949 110.00  24.98  157   10.8
  57954 110.18  25.23  158    9.9
  57955 110.67  25.62  224    0.8
  57956 110.32  25.42  169   12.5
  57958 110.32  25.08  152    1.3
  57960 111.07  25.93  192    0.4
  57962 111.65  25.97  166   0.01
  58030 118.07  34.85   47   0.01
  58045 119.60  34.20    8   0.01
  58117 116.20  33.13   33   0.01
  58127 117.20  32.98   23   0.01
  58129 117.87  33.13   20   0.01
  58146 119.77  33.47    7   0.01
  58148 119.30  33.23   11   0.01
  58154 120.20  33.43    7    0.8
  58212 116.73  32.72   27   0.01
  58214 116.28  32.33   37    0.8
  58220 117.15  32.47   32    1.3
  58222 117.55  32.85   31   0.01
  58223 117.98  32.78   38    0.3
  58224 117.02  32.65   36    0.1
  58230 118.27  32.08   34    0.7
  58234 118.42  32.47   43    0.6
  58235 118.85  32.37   16    0.7
  58237 118.62  32.05   22    1.2
  58240 119.02  32.68   25    0.9
  58242 119.18  32.28   14    1.0
  58243 119.83  32.93    7    0.4
  58244 119.58  32.45   10    0.3
  58245 119.42  32.42   14    0.4
  58246 119.90  32.52   11    0.7
  58247 119.82  32.25    5    0.8
  58249 120.00  32.17    8    1.1
  58250 120.15  32.52   10    1.5
  58254 120.45  32.52    5    1.7
  58257 120.25  31.98   12    1.8
  58264 121.18  32.33   11    1.8
  58268 121.08  32.10    8    1.7
  58269 121.65  31.78   12    2.0
  58301 115.38  31.82   90    0.1
  58306 115.88  31.68   94    2.5
  58316 116.95  31.47   26    1.5
  58317 116.37  30.87  434    4.5
  58320 117.13  31.73   26    1.6
  58323 117.47  31.88   29    1.5
  58327 117.28  31.25   24    1.6
  58329 117.87  31.33   24    1.4
  58330 118.08  31.75   20    0.6
  58331 118.37  31.73   26    0.9
  58334 118.37  31.38   23    2.2
  58335 118.52  31.57   16    1.1
  58337 118.18  31.08   30    6.4
  58339 118.90  31.33   24    2.3
  58340 119.03  31.65   23    1.1
  58341 119.58  31.98   10    0.7
  58342 119.55  31.72    7    1.9
  58344 119.20  31.97   35    0.9
  58346 119.82  31.33   15    2.7
  58349 120.63  31.27    9    0.6
  58351 120.30  31.90   12    1.4
  58352 120.77  31.65    8    2.7
  58353 120.57  31.87    6    2.0
  58359 120.62  31.13    9    1.1
  58360 121.20  31.92    6    2.5
  58361 121.37  31.10   10    2.4
  58365 121.25  31.37    9    1.3
  58366 121.40  31.63    9    2.2
  58367 121.43  31.20   18    2.1
  58369 121.78  31.05    9    3.9
  58370 121.55  31.22   11    2.8
  58377 121.10  31.47    6    1.5
  58401 115.40  30.78  106    1.5
  58404 115.22  30.47   57    3.6
  58408 115.43  30.23   35    7.6
  58409 115.93  30.07   20    3.4
  58415 116.58  30.63   38    5.0
  58416 116.82  30.75   38    6.9
  58417 116.13  30.17   50    4.6
  58418 116.70  30.13   26    7.7
  58420 117.22  30.72   38    6.5
  58421 117.87  30.63   32   11.2
  58423 117.78  30.48  643   10.5
  58426 118.13  30.30  192    8.4
  58427 117.48  30.67   36    9.8
  58428 117.48  30.22  115    9.3
  58431 118.32  30.92   17    3.9
  58432 118.40  30.68   39    9.9
  58433 118.75  30.93   30    6.2
  58435 118.53  30.30  221    5.3
  58438 118.58  30.08  197    8.8
  58441 119.42  30.87   53    5.6
  58442 119.18  31.13   16    3.3
  58443 119.90  31.02   19    2.0
  58446 119.68  30.63   25    2.8
  58449 119.95  30.05   47    4.5
  58451 120.93  30.83    3    3.6
  58452 120.77  30.73    4    3.6
  58453 120.50  30.07   10    3.1
  58454 119.97  30.53    5    3.1
  58455 120.65  30.52    8    3.7
  58456 120.52  30.63    6    3.1
  58458 120.90  30.53    3    2.8
  58459 120.28  30.18   42    3.2
  58460 121.35  30.73    6    4.1
  58461 121.12  31.13    8    2.5
  58462 121.23  31.03    9    3.1
  58463 121.50  30.88    9    3.9
  58468 121.17  30.05   10    1.5
  58484 122.20  30.25    9    4.8
  58501 115.63  29.93   25    4.9
  58502 116.00  29.73   37    7.3
  58503 115.68  29.70   41    6.7
  58508 115.77  29.33   42    2.8
  58509 115.82  29.05   38    6.4
  58510 116.23  29.73   40    3.6
  58512 116.55  29.90   66    4.8
  58514 116.05  29.45   35    1.4
  58517 116.20  29.27   43    3.1
  58523 117.93  29.93  231   15.7
  58529 117.85  29.27   82    3.4
  58530 118.43  29.87  170    7.7
  58534 118.18  29.78  173    9.4
  58537 118.40  29.13  153    2.0
  58542 119.68  29.82   45    6.3
  58544 119.27  29.48   87    2.4
  58546 119.88  29.47  114    3.0
  58547 119.18  29.03   65    0.7
  58548 119.47  29.22   46    0.7
  58550 120.25  29.70   39    3.3
  58555 120.88  29.52  112    0.2
  58558 120.22  29.27   89    0.1
  58559 120.98  29.17   59    0.9
  58561 121.60  29.98    3    0.5
  58563 121.83  29.88    4    3.5
  58565 121.43  29.68    6    0.7
  58566 121.88  29.47   14    2.8
  58567 121.43  29.32   39    2.2
  58568 121.38  29.12   35    3.4
  58570 122.30  29.95   83    5.7
  58601 115.38  28.70   54    4.9
  58602 115.55  28.85   46    0.3
  58605 115.38  28.42   49    0.9
  58607 115.95  28.55   35    0.2
  58609 115.82  28.22   30   0.01
  58612 116.68  28.70   22    0.4
  58614 116.27  28.38   40   0.01
  58615 117.08  28.68   56    0.1
  58616 116.82  28.20   44    0.7
  58618 116.60  28.23   51    0.5
  58619 116.37  28.00   47    0.5
  58620 117.13  28.97   37    0.8
  58623 117.92  28.47   92   0.01
  58624 117.43  28.40   64    0.2
  58625 117.60  28.42   80    0.2
  58627 117.03  28.25   64    1.2
  58631 118.50  28.90  134    0.6
  58632 118.60  28.72  124    0.8
  58642 119.80  28.88  102    0.1
  58644 119.28  28.60  237   0.01
  58656 120.97  28.12    7   0.01
  58658 120.68  28.15   36   0.01
  58660 121.13  28.85    8    2.5
  58693 115.83  28.70   37    2.0
  58701 115.40  27.77   47   0.01
  58710 116.05  27.77   76   0.01
  58746 119.70  27.55  514    0.4
  58748 119.65  27.10   51   0.01
  58749 119.88  27.23  680   0.01
  58814 116.35  26.35  237   0.01
  58839 118.85  26.23   42    0.4
  58845 119.53  26.50   57    0.3
  58917 116.10  25.08  307   0.01
  58923 117.83  25.70  397    1.3
  58928 117.53  25.02  160    0.9
  58929 118.15  25.07   66   0.01
  58932 118.93  25.87   85    0.1
  58934 118.27  25.33  170    0.1
  58935 118.23  25.48  516    0.4
  59001 105.33  24.78  674   0.01
  59004 105.10  24.50  729   0.01
  59022 107.55  24.98  695    0.4
  59025 107.38  24.53  249    0.1
  59027 107.25  24.13  244   0.01
  59031 108.25  24.83  205    1.8
  59033 108.90  24.78  330    9.9
  59034 108.67  24.48  149    0.6
  59038 108.65  24.07  142    0.6
  59041 109.25  24.65  109    6.3
  59044 109.38  24.47   99    2.4
  59045 109.75  24.48   95    0.5
  59047 109.33  24.25  101    1.7
  59051 110.50  24.77  133    0.1
  59052 110.82  24.83  167   0.01
  59057 110.18  24.13  827   0.01
  59059 110.80  24.18  107    7.8
  59061 111.27  24.82  198    1.0
  59063 111.45  25.18  262   0.01
  59064 111.32  24.55  141    1.2
  59071 112.28  24.73  175    0.2
  59074 112.15  24.57  300   0.01
  59075 112.63  24.48   70   0.01
  59106 115.90  24.58  152    0.3
  59114 116.17  24.65  131    0.1
  59122 117.75  24.62   42    0.1
  59124 117.37  24.52   31    0.8
  59125 117.30  24.38  105   0.01
  59127 117.83  24.43   14    0.3
  59129 117.60  24.13   53   0.01
  59130 118.15  24.73   28    0.1
  59227 107.15  23.08  438   0.01
  59229 107.70  23.18  101   0.01
  59230 108.17  23.72  173    2.1
  59235 108.62  23.43  116    0.6
  59237 108.28  23.17  115    0.8
  59238 108.80  23.22  123    0.6
  59246 109.67  23.60   70    0.1
  59249 109.62  23.12   56    0.1
  59255 110.38  23.55   37   0.01
  59270 112.18  23.92   78   0.01
  59276 112.65  23.35   40    0.1
  59290 114.23  23.73   71    0.2
  59297 114.28  23.18   16   0.01
  59310 116.18  23.77   39    2.7
  59313 116.98  23.68   42    0.1
  59314 116.13  23.30   27    0.3
  59318 116.58  23.27   10   0.01
  59319 116.77  23.47    9   0.01
  59320 117.13  23.77   27   0.01
  59322 117.37  23.98   20    0.1
  59419 106.75  22.10  243   0.01
  59421 107.20  22.83  257    0.2
  59425 107.35  22.40  107   0.01
  59426 107.90  22.63   92    0.1
  59429 107.97  22.15  183    0.1
  59432 108.40  22.80  203    0.2
  59435 108.48  22.77   75    0.4
  59441 109.25  22.70   78   0.01
  59448 109.55  22.27   70    0.9
  59449 109.98  22.30   80    0.1
  59451 110.35  22.70   99    0.3
  59457 110.27  22.32  120    0.1
  59469 111.78  22.17   33   0.01
  59470 112.22  22.72   33   0.01
  59471 112.05  22.93  102    0.3
  59477 112.30  22.18   25    0.1
  59500 115.32  22.97   10    0.4
  59502 115.65  22.95   11   0.01
  59635 108.35  21.62   26    1.2
  59640 109.18  21.67    6    0.1
  59650 110.25  21.38   25   0.01
  59750 110.10  20.92   25    0.1
  59951 110.33  18.80   38    0.2
