diamond  3 2013年02月15日08点24小时降雨量                    
  13  02  15  08    -1 3 10 25 50 1 0
 39 122.7  37.3 122.5  36.7 120.8  36.2 119.3  35.0 120.4  34.3
 121.1  32.7 122.3  30.9 122.5  30.1 121.5  28.0 119.8  25.0
 116.1  22.6 111.0  21.0 111.0  18.6 109.6  18.1 108.3  18.5
 108.9  19.9 109.3  21.0 106.4  21.6 104.1  22.2 101.6  20.8
  98.7  22.0  97.1  24.1  97.7  27.0  91.7  26.6  85.7  27.7
  78.9  30.6  73.3  37.1  74.1  40.7  87.6  49.8  98.5  43.9
 110.4  44.3 122.0  54.7 135.7  48.3 131.5  42.2 125.2  39.4
 121.3  38.5 121.2  40.3 118.5  38.6 120.8  38.1
1         500
  50566 128.47  49.55  117   0.01
  50779 134.28  48.37   41   0.01
  50880 131.12  46.73  104   0.01
  50884 131.15  46.63  176   0.01
  50892 134.00  46.80   57    0.1
  51356  86.05  44.32  444   0.01
  51357  85.62  44.33  523   0.01
  51359  86.20  44.32  473   0.01
  51368  87.32  44.12  516   0.01
  51369  87.65  43.97  601   0.01
  52784 102.90  37.47 2073   0.01
  53289 113.83  42.23 1322   0.01
  53384 113.18  41.45 1424   0.01
  53392 114.60  41.85 1424    0.1
  53397 113.98  41.10 1377   0.01
  53483 113.83  40.87 1269    0.1
  54204 115.00  42.30 1347   0.01
  54205 116.00  42.23 1316   0.01
  54305 115.27  41.88 1468   0.01
  54362 125.73  41.67  388    0.3
  54371 126.43  41.93  521    0.1
  54410 116.13  40.60 1216   0.01
  56016  95.62  33.85 4181   0.01
  56082 103.50  34.58 2544   0.01
  56091 104.47  34.85 1884   0.01
  56094 104.37  33.78 1400   0.01
  56095 104.38  34.03 1754    0.3
  56147  98.83  31.22 3261    0.1
  56164 100.98  32.27 3286    0.6
  56168 102.07  31.48 2170    0.2
  56183 103.58  31.47 1326    3.1
  56184 103.17  31.43 1884    4.7
  56185 102.98  32.08 2400   0.01
  56186 104.20  31.33  589    0.7
  56190 104.55  31.55  518    0.5
  56192 104.67  32.95 1016    0.5
  56193 104.52  32.42  894    1.5
  56194 104.45  31.82  679    0.7
  56195 104.73  31.78  531    0.3
  56197 104.18  31.13  537    0.3
  56198 104.50  31.32  523    0.7
  56273 102.82  30.38 1011   0.01
  56278 102.77  30.07  756    0.2
  56279 102.93  30.15  683    0.3
  56280 103.12  30.08  692   0.01
  56373 102.85  29.78  763   0.01
  56380 103.37  29.92  466   0.01
  56382 103.60  29.73  408   0.01
  56383 103.87  29.83  454   0.01
  56393 104.85  29.77  370   0.01
  56394 104.43  29.45  382   0.01
  56396 104.77  29.35  352    0.3
  56399 104.98  29.18  307    0.5
  56499 104.78  28.38  368    0.1
  56593 104.92  28.58  281    0.7
  56595 104.87  27.42 1644   0.01
  56596 105.05  27.85 1176    0.4
  56790 104.25  25.68 1920   0.01
  56891 104.32  24.98 1482    2.0
  56958 100.42  21.92 1177   0.01
  56976 102.83  23.23  229   0.01
  56978 102.42  23.00 1640    4.2
  56987 103.23  22.78 1261    1.1
  56992 104.70  23.45 1508   0.01
  57001 105.33  34.75 1273   0.01
  57002 105.65  34.85 1217   0.01
  57004 104.88  34.73 1496   0.01
  57006 105.75  34.58 1142    0.4
  57007 105.18  34.18 1406    0.5
  57008 105.30  34.03 1578    1.0
  57011 106.15  34.75 1379   0.01
  57012 106.20  34.98 1665   0.01
  57102 105.72  33.75  971    0.1
  57105 105.60  33.33 1219    0.6
  57110 106.08  33.78  930   0.01
  57111 106.30  33.92  967   0.01
  57119 106.70  33.17  551    0.4
  57129 107.72  32.98  447   0.01
  57204 105.23  32.58  801   0.01
  57208 105.47  32.02  538   0.01
  57213 106.93  33.00  537   0.01
  57216 106.83  32.35  577   0.01
  57303 105.92  31.73  460    0.1
  57402 105.70  30.77  395   0.01
  57407 105.03  30.28  464   0.01
  57415 106.63  30.47  336   0.01
  57475 112.90  30.40   33   0.01
  57477 112.22  30.07   39   0.01
  57481 113.58  30.95   31   0.01
  57485 113.45  30.37   33    1.1
  57486 113.85  30.65   25    0.7
  57489 114.00  30.58   39    1.4
  57491 114.40  30.87   31    1.1
  57492 114.80  30.83   33    1.3
  57496 114.87  30.37   30    3.6
  57498 114.90  30.43   22    2.5
  57499 114.97  30.10   40    4.8
  57506 105.90  29.37  376    0.1
  57507 105.30  29.33  374   0.01
  57508 105.37  29.15  302    0.2
  57510 106.05  29.85  275    0.2
  57511 106.45  29.85  242   0.01
  57518 106.53  29.38  243   0.01
  57525 107.75  29.32  273   0.01
  57537 108.17  29.30  321   0.01
  57566 111.65  29.45   50   0.01
  57571 112.40  29.70   37    0.4
  57575 112.57  29.52   32    0.3
  57577 112.17  29.40   37    0.4
  57582 113.88  29.73   51    2.0
  57585 113.45  29.48   60    1.0
  57586 114.03  29.53   79    1.1
  57589 113.80  29.25  103    1.4
  57590 114.37  29.85   64    3.4
  57596 114.20  29.63    0    3.0
  57605 105.82  28.03  539   0.01
  57609 105.70  28.58  316   0.01
  57623 107.60  28.88  684   0.01
  57635 108.98  28.45  363    0.1
  57657 110.20  28.22  182    0.4
  57658 110.20  28.02  144    1.0
  57661 111.48  28.92   51    0.3
  57663 111.95  28.92   31    0.6
  57666 112.13  28.52   49    1.7
  57674 112.47  28.57   44    1.4
  57678 112.55  28.25   71    1.0
  57680 113.07  28.80   47    0.6
  57688 113.63  28.15  100    0.8
  57694 114.38  28.53  256    0.7
  57698 114.45  28.12   99    2.3
  57699 114.92  28.23   68    1.8
  57708 105.60  27.15 1704    0.7
  57713 106.88  27.70  844    1.9
  57714 106.23  27.47  942    0.1
  57717 106.83  27.53  974    0.8
  57719 106.97  27.07 1280    1.4
  57720 107.17  27.88  888    2.0
  57728 107.47  27.07 1095    0.6
  57734 108.23  27.57  468    0.4
  57735 108.82  27.18  396    1.9
  57736 108.85  27.70  376    0.5
  57737 108.12  27.03  546    0.4
  57738 108.42  27.05  517    0.6
  57739 108.88  27.23  375    1.3
  57740 109.60  27.95  349    0.7
  57742 109.20  27.52  883    2.4
  57743 109.80  27.88  176    1.7
  57744 109.17  27.37  356    1.3
  57754 110.15  27.35  170    2.7
  57760 111.43  27.70  247    2.7
  57762 111.70  27.68  163    4.2
  57763 112.00  27.73  151    4.1
  57767 111.03  27.12  266    5.5
  57768 111.45  27.32  242    5.0
  57769 111.73  27.23  257    4.7
  57771 112.52  27.93   89    2.4
  57772 112.50  27.75   84    3.8
  57773 112.82  27.87   63    2.3
  57777 112.87  27.23   65    5.3
  57778 112.95  27.10   68    4.9
  57781 113.50  27.65   71    3.6
  57786 113.85  27.65  110    3.7
  57792 114.68  27.82   93    1.7
  57796 114.93  27.80   79    2.6
  57798 114.60  27.40   89    1.2
  57800 105.37  26.77 1458    0.9
  57807 105.47  26.20 1359    0.1
  57808 105.75  26.32 1272    0.1
  57809 105.75  26.07 1251    0.2
  57811 106.60  26.85 1242    0.3
  57813 106.47  26.57 1265    0.2
  57814 106.27  26.42 1285    0.2
  57818 106.45  26.03 1145    0.1
  57821 107.50  26.70  924    0.7
  57822 107.90  26.90  833    1.9
  57824 107.23  26.58 1005    0.2
  57828 107.58  26.50  983    1.2
  57829 107.80  26.20  964    1.1
  57834 108.30  26.68  642    2.0
  57835 108.43  26.72  521    1.0
  57837 108.07  26.40  838    0.4
  57842 109.72  26.88  281    2.2
  57844 109.18  26.68  344    1.4
  57846 110.15  26.58  307    5.5
  57851 110.85  26.45  307    3.8
  57859 110.63  26.03  409    0.8
  57860 111.28  27.00  282    5.7
  57865 111.58  26.47  166    5.1
  57867 111.28  26.40  169    3.8
  57868 111.87  26.60  113    5.0
  57870 112.10  26.80  151    4.9
  57871 112.37  26.98   91    4.1
  57875 112.50  26.88   71    6.2
  57876 112.83  26.43  118    5.7
  57881 113.25  26.72  105    4.9
  57882 113.55  26.78  135    2.3
  57883 114.28  26.75  257    3.4
  57886 113.78  26.50  226    4.6
  57887 113.12  26.13  124    4.2
  57891 114.25  26.93  144    3.6
  57895 114.78  26.47   96    0.3
  57899 114.92  26.80   66    0.7
  57900 105.22  25.83 1553    2.4
  57903 105.60  25.93 1138    0.6
  57905 105.63  25.40 1063    1.3
  57908 105.48  25.12 1393   0.01
  57909 105.82  24.98  584    0.6
  57911 106.65  26.67 1325    0.4
  57913 106.98  26.45 1095    0.2
  57914 106.67  26.42 1143    0.7
  57915 106.77  26.63 1102    0.8
  57921 107.32  25.83  710    0.1
  57923 107.87  25.98  418    0.1
  57927 107.18  24.97  283    0.2
  57936 108.92  25.75  255    1.7
  57941 109.60  25.78  198    1.3
  57942 110.00  25.80  267    1.9
  57948 109.25  25.08  123    1.9
  57949 110.00  24.98  157    9.2
  57954 110.18  25.23  158    5.3
  57955 110.67  25.62  224    5.3
  57956 110.32  25.42  169    4.2
  57958 110.32  25.08  152    6.6
  57960 111.07  25.93  192    2.8
  57962 111.65  25.97  166    2.3
  57964 111.15  25.50  258    5.1
  57966 111.95  25.60  205    1.8
  57969 111.33  25.27  230    1.4
  57971 112.20  25.92  225    2.1
  57973 112.72  25.75  328    3.9
  57975 112.20  25.38  278    3.1
  57976 112.95  25.42  226    2.9
  57978 112.55  25.28  291    0.7
  57981 113.22  25.98  141    5.8
  57985 113.68  25.57  608    1.3
  57989 113.73  25.10   96    2.5
  57990 114.30  25.70  252    0.4
  57994 114.35  25.40  208    0.1
  57995 114.93  25.40  166   0.01
  58045 119.60  34.20    8    0.1
  58049 119.82  34.03    7    0.9
  58140 119.30  33.77   13    0.1
  58145 119.17  33.53    8    0.1
  58146 119.77  33.47    7    1.0
  58147 118.97  32.98   28    0.2
  58148 119.30  33.23   11    0.6
  58154 120.20  33.43    7    0.2
  58230 118.27  32.08   34   0.01
  58235 118.85  32.37   16   0.01
  58237 118.62  32.05   22   0.01
  58240 119.02  32.68   25    0.8
  58242 119.18  32.28   14    0.4
  58243 119.83  32.93    7    0.7
  58244 119.58  32.45   10    1.9
  58245 119.42  32.42   14    1.1
  58246 119.90  32.52   11    2.9
  58247 119.82  32.25    5    2.6
  58249 120.00  32.17    8    3.2
  58250 120.15  32.52   10    3.6
  58254 120.45  32.52    5    3.7
  58257 120.25  31.98   12    7.0
  58264 121.18  32.33   11    5.4
  58268 121.08  32.10    8    6.6
  58269 121.65  31.78   12    9.8
  58317 116.37  30.87  434    1.7
  58329 117.87  31.33   24   0.01
  58330 118.08  31.75   20   0.01
  58331 118.37  31.73   26   0.01
  58334 118.37  31.38   23    0.1
  58335 118.52  31.57   16   0.01
  58337 118.18  31.08   30    2.0
  58339 118.90  31.33   24    1.3
  58340 119.03  31.65   23    0.6
  58341 119.58  31.98   10    2.1
  58342 119.55  31.72    7    3.6
  58344 119.20  31.97   35    0.3
  58346 119.82  31.33   15    7.9
  58349 120.63  31.27    9   13.3
  58351 120.30  31.90   12    6.5
  58352 120.77  31.65    8   11.5
  58353 120.57  31.87    6    8.9
  58359 120.62  31.13    9   11.5
  58360 121.20  31.92    6    7.1
  58361 121.37  31.10   10   12.5
  58365 121.25  31.37    9   13.5
  58366 121.40  31.63    9   12.2
  58367 121.43  31.20   18   12.4
  58369 121.78  31.05    9   15.9
  58370 121.55  31.22   11   15.3
  58377 121.10  31.47    6   11.6
  58401 115.40  30.78  106    2.0
  58404 115.22  30.47   57    2.8
  58408 115.43  30.23   35    4.6
  58409 115.93  30.07   20    6.3
  58415 116.58  30.63   38    1.8
  58416 116.82  30.75   38    1.2
  58417 116.13  30.17   50    5.6
  58418 116.70  30.13   26    5.4
  58420 117.22  30.72   38    2.0
  58421 117.87  30.63   32    8.0
  58423 117.78  30.48  643   10.2
  58426 118.13  30.30  192    7.5
  58427 117.48  30.67   36    6.1
  58428 117.48  30.22  115    8.7
  58431 118.32  30.92   17   10.3
  58432 118.40  30.68   39    7.6
  58433 118.75  30.93   30    3.6
  58435 118.53  30.30  221    5.2
  58438 118.58  30.08  197    5.6
  58441 119.42  30.87   53    5.5
  58442 119.18  31.13   16    3.2
  58443 119.90  31.02   19   10.1
  58446 119.68  30.63   25   10.3
  58449 119.95  30.05   47    6.5
  58451 120.93  30.83    3   15.2
  58452 120.77  30.73    4   14.4
  58453 120.50  30.07   10    6.4
  58454 119.97  30.53    5    8.4
  58455 120.65  30.52    8   12.7
  58456 120.52  30.63    6   12.6
  58458 120.90  30.53    3   13.2
  58459 120.28  30.18   42    7.4
  58460 121.35  30.73    6   17.4
  58461 121.12  31.13    8   13.0
  58462 121.23  31.03    9   14.5
  58463 121.50  30.88    9   15.9
  58468 121.17  30.05   10   10.0
  58484 122.20  30.25    9    9.9
  58501 115.63  29.93   25    6.1
  58502 116.00  29.73   37    6.3
  58503 115.68  29.70   41    6.2
  58508 115.77  29.33   42    5.3
  58509 115.82  29.05   38    3.2
  58510 116.23  29.73   40    6.2
  58512 116.55  29.90   66    7.3
  58514 116.05  29.45   35    4.2
  58517 116.20  29.27   43    5.4
  58523 117.93  29.93  231    8.7
  58529 117.85  29.27   82    7.6
  58530 118.43  29.87  170    5.4
  58534 118.18  29.78  173    6.9
  58537 118.40  29.13  153    4.8
  58542 119.68  29.82   45    4.9
  58544 119.27  29.48   87    2.7
  58546 119.88  29.47  114    4.3
  58547 119.18  29.03   65    4.3
  58548 119.47  29.22   46    1.6
  58550 120.25  29.70   39    4.5
  58555 120.88  29.52  112    3.6
  58558 120.22  29.27   89    3.0
  58559 120.98  29.17   59    0.2
  58561 121.60  29.98    3    9.1
  58563 121.83  29.88    4    8.2
  58565 121.43  29.68    6    3.9
  58566 121.88  29.47   14    3.1
  58567 121.43  29.32   39    0.9
  58568 121.38  29.12   35    0.7
  58570 122.30  29.95   83    6.3
  58601 115.38  28.70   54    1.4
  58602 115.55  28.85   46    1.8
  58605 115.38  28.42   49    0.7
  58607 115.95  28.55   35   0.01
  58609 115.82  28.22   30    0.4
  58612 116.68  28.70   22    1.0
  58614 116.27  28.38   40    0.5
  58615 117.08  28.68   56    1.6
  58616 116.82  28.20   44    1.5
  58618 116.60  28.23   51    1.3
  58619 116.37  28.00   47    1.5
  58620 117.13  28.97   37    2.9
  58623 117.92  28.47   92    2.4
  58624 117.43  28.40   64    2.5
  58625 117.60  28.42   80    1.6
  58627 117.03  28.25   64    1.7
  58629 117.70  28.32   59    1.5
  58631 118.50  28.90  134    5.8
  58632 118.60  28.72  124    5.3
  58635 118.20  28.43   96    3.4
  58642 119.80  28.88  102    1.5
  58643 120.03  28.90   99    2.2
  58644 119.28  28.60  237    0.2
  58654 120.08  28.67  184    1.3
  58656 120.97  28.12    7    0.2
  58657 120.28  28.15   59   0.01
  58658 120.68  28.15   36   0.01
  58659 120.65  28.03   29   0.01
  58660 121.13  28.85    8    0.1
  58664 121.37  28.37   33    1.2
  58693 115.83  28.70   37    0.4
  58701 115.40  27.77   47    1.0
  58704 115.35  27.62   61    1.8
  58706 115.83  27.43  180    0.9
  58707 115.13  27.22   66    0.4
  58710 116.05  27.77   76    1.3
  58712 116.78  27.92  123    2.4
  58713 117.07  27.72  220    1.2
  58714 116.23  27.55  115    1.6
  58719 116.93  27.30  123    0.1
  58724 117.30  27.52  264    1.1
  58745 119.07  27.62  368   0.01
  58746 119.70  27.55  514    0.2
  58749 119.88  27.23  680   0.01
  58750 120.08  27.78  106   0.01
  58751 120.55  27.68    5    0.3
  58804 115.35  26.35  153   0.01
  58814 116.35  26.35  237   0.01
  58822 116.85  26.83  341   0.01
  58828 117.62  26.27  206   0.01
  58848 119.55  26.20   12   0.01
  58850 120.23  26.92   88    0.1
  58906 115.80  25.60  167    0.2
  58912 116.75  25.72  379   0.01
  58917 116.10  25.08  307   0.01
  58923 117.83  25.70  397   0.01
  58928 117.53  25.02  160    0.3
  58929 118.15  25.07   66    0.3
  58941 119.50  25.97   11    0.3
  58942 119.38  25.72   39   0.01
  58946 119.00  25.45   84    0.2
  59001 105.33  24.78  674    0.9
  59004 105.10  24.50  729    1.8
  59012 106.55  24.78  973    0.8
  59015 106.57  24.35  442    0.4
  59017 106.27  24.27  279    0.2
  59022 107.55  24.98  695    1.0
  59025 107.38  24.53  249    2.6
  59027 107.25  24.13  244    4.1
  59031 108.25  24.83  205    2.7
  59033 108.90  24.78  330    4.6
  59034 108.67  24.48  149    4.8
  59038 108.65  24.07  142    3.2
  59041 109.25  24.65  109    5.0
  59044 109.38  24.47   99    6.0
  59045 109.75  24.48   95    4.3
  59047 109.33  24.25  101    5.8
  59051 110.50  24.77  133    5.0
  59052 110.82  24.83  167    2.7
  59053 110.67  24.62  108    5.1
  59055 110.40  24.50  166    3.7
  59057 110.18  24.13  827    2.6
  59059 110.80  24.18  107    5.8
  59061 111.27  24.82  198    4.7
  59063 111.45  25.18  262    2.8
  59064 111.32  24.55  141    0.1
  59071 112.28  24.73  175    1.3
  59074 112.15  24.57  300    0.8
  59075 112.63  24.48   70   0.01
  59081 113.27  24.78   98   0.01
  59090 114.07  24.95  103    0.3
  59205 105.63  23.65  688    1.0
  59213 106.92  23.73  113    1.4
  59215 106.62  23.33  640    1.2
  59224 107.12  23.60  116    1.0
  59227 107.15  23.08  438    3.0
  59229 107.70  23.18  101    2.2
  59230 108.17  23.72  173    5.9
  59235 108.62  23.43  116    5.6
  59237 108.28  23.17  115    4.0
  59238 108.80  23.22  123    5.0
  59241 109.68  23.97   91    4.9
  59246 109.67  23.60   70    4.1
  59249 109.62  23.12   56    1.7
  59255 110.38  23.55   37    1.4
  59256 110.92  23.37   56    1.6
  59264 111.50  23.40   79    0.6
  59266 111.23  23.42   46    1.2
  59268 111.53  23.25   31    0.3
  59269 111.77  23.15   27    0.4
  59270 112.18  23.92   78    0.4
  59285 113.60  23.57   39    0.1
  59310 116.18  23.77   39   0.01
  59314 116.13  23.30   27   0.01
  59318 116.58  23.27   10   0.01
  59419 106.75  22.10  243    2.3
  59421 107.20  22.83  257    4.8
  59425 107.35  22.40  107    2.6
  59426 107.90  22.63   92    2.5
  59427 107.07  22.12  162    1.8
  59429 107.97  22.15  183    0.9
  59432 108.40  22.80  203    3.8
  59435 108.48  22.77   75    2.5
  59441 109.25  22.70   78    2.4
  59448 109.55  22.27   70    1.8
  59449 109.98  22.30   80    1.7
  59451 110.35  22.70   99    2.5
  59452 110.53  22.85  100    1.8
  59454 111.00  22.92  104    0.8
  59457 110.27  22.32  120    1.5
  59471 112.05  22.93  102   0.01
  59487 113.30  22.23   12   0.01
  59500 115.32  22.97   10   0.01
  59635 108.35  21.62   26   0.01
  59640 109.18  21.67    6    0.4
  59650 110.25  21.38   25   0.01
  59654 110.30  21.63   28    0.2
  59750 110.10  20.92   25   0.01
  59757 110.37  20.00   10   0.01
  59851 110.33  19.70   25    0.4
  59856 110.75  19.62   26    0.2
  59951 110.33  18.80   38    0.4
