diamond  3 2013年02月17日08点24小时降雨量                    
  13  02  17  08    -1 3 10 25 50 1 0
 39 122.7  37.3 122.5  36.7 120.8  36.2 119.3  35.0 120.4  34.3
 121.1  32.7 122.3  30.9 122.5  30.1 121.5  28.0 119.8  25.0
 116.1  22.6 111.0  21.0 111.0  18.6 109.6  18.1 108.3  18.5
 108.9  19.9 109.3  21.0 106.4  21.6 104.1  22.2 101.6  20.8
  98.7  22.0  97.1  24.1  97.7  27.0  91.7  26.6  85.7  27.7
  78.9  30.6  73.3  37.1  74.1  40.7  87.6  49.8  98.5  43.9
 110.4  44.3 122.0  54.7 135.7  48.3 131.5  42.2 125.2  39.4
 121.3  38.5 121.2  40.3 118.5  38.6 120.8  38.1
1         465
  50431 121.52  50.78  718    0.5
  50445 123.73  50.58  424    1.2
  50524 119.43  49.32  578    0.2
  50525 119.75  49.15  621    0.2
  50526 120.70  49.28  670   0.01
  50645 124.48  48.48  196    1.6
  50646 124.85  48.48  204    0.9
  50647 123.48  48.13  237    1.9
  50655 126.18  48.50  267    0.1
  50659 126.25  48.03  293    0.2
  50741 123.50  47.93  186    0.2
  50749 124.83  47.18  159    0.1
  50750 125.30  47.90  228    0.3
  50755 126.10  47.60  232    0.5
  50767 127.10  47.23  204    0.8
  50833 122.90  46.72  189   0.01
  50842 124.42  46.83  145   0.01
  50851 126.08  46.68  209    0.1
  50858 125.93  46.07  136    0.8
  50859 126.27  46.25  160    0.9
  50861 127.48  46.88  186    0.5
  50867 127.35  46.08  134    0.3
  50913 118.83  45.72  866    0.1
  50924 119.67  45.53  824   0.01
  50937 121.47  45.05  250   0.01
  50939 122.82  45.33  154    0.1
  50940 123.17  45.85  142   0.01
  50946 124.83  45.18  140    0.1
  50954 125.08  45.50  129    0.3
  50956 126.57  45.93  117    0.5
  50958 126.95  45.52  175   0.01
  50960 127.45  45.78  192    0.2
  50962 128.03  45.95  113    0.4
  50964 128.80  45.83  123   0.01
  50965 128.30  45.45  157   0.01
  51137  82.93  46.20  715   0.01
  51328  80.42  44.20  774   0.01
  51352  85.25  44.85  338   0.01
  51356  86.05  44.32  444   0.01
  51357  85.62  44.33  523   0.01
  51368  87.32  44.12  516   0.01
  51369  87.65  43.97  601   0.01
  51377  87.92  44.17  547   0.01
  51378  89.17  44.02  735   0.01
  51434  81.53  43.97  771   0.01
  51436  83.25  43.45  929   0.01
  51438  81.77  43.18 1210   0.01
  51482  90.28  43.83 1271   0.01
  52978 102.52  35.20 2930   0.01
  52982 103.55  35.48 1954   0.01
  52993 104.07  35.68 1740   0.01
  52995 104.62  35.58 1898   0.01
  53596 115.13  38.85   53   0.01
  53692 114.98  38.73   68   0.01
  53696 115.00  38.52   55   0.01
  53781 114.47  36.87   69    0.1
  53785 114.67  37.52   35   0.01
  53794 114.75  37.35   34   0.01
  53796 114.88  37.62   31    0.3
  53799 114.98  37.23   25   0.01
  53883 114.70  37.13   36   0.01
  53890 114.15  36.68  234   0.01
  53906 105.72  35.52 1659    0.1
  53914 106.12  35.62 2079    0.1
  53917 106.07  35.22 1633   0.01
  54065 125.65  44.53  173   0.01
  54069 125.80  44.17  175    0.2
  54072 126.52  44.85  203    0.2
  54076 126.93  44.42  254    0.1
  54080 127.15  44.90  196   0.01
  54154 124.30  43.35  163    0.1
  54156 124.80  43.52  200    0.5
  54164 125.28  43.35  249    0.3
  54169 126.02  43.30  270    0.1
  54172 126.60  43.78  199    0.1
  54244 123.33  42.75  120    0.4
  54245 123.40  42.50   99    0.4
  54248 123.53  42.03   67    0.1
  54249 123.87  42.30   79    0.2
  54252 124.75  42.73  198    0.8
  54261 125.52  42.68  343    0.4
  54274 126.07  42.68  300    0.1
  54318 117.73  41.32  562   0.01
  54332 122.72  41.52   13    0.3
  54336 122.42  41.42   13   0.01
  54340 123.32  41.67   47    0.3
  54345 123.07  41.20   29   0.01
  54347 123.17  41.23   25    0.1
  54348 123.32  41.42   43   0.01
  54362 125.73  41.67  388    0.1
  54371 126.43  41.93  521    1.6
  54404 115.83  40.88  868   0.01
  54410 116.13  40.60 1216   0.01
  54412 116.63  40.73  334   0.01
  54428 117.40  40.03   19   0.01
  54434 118.30  40.17  103    0.6
  54437 118.65  39.50   19   0.01
  54438 118.88  39.88   61   0.01
  54439 118.72  40.02   51    0.3
  54474 122.35  40.42   27   0.01
  54475 122.48  40.62   15   0.01
  54483 123.90  40.88  239    3.1
  54494 124.07  40.47   74    4.8
  54510 116.98  39.90   18    0.3
  54515 116.70  39.50   14    0.1
  54517 117.20  39.07    5    0.1
  54519 116.48  39.30   13    0.2
  54520 117.08  39.97   19    0.3
  54521 116.98  39.77   14    0.2
  54522 117.73  39.88   19    0.6
  54526 117.33  39.08   10    0.1
  54531 118.72  39.73   43    0.1
  54532 118.10  39.80   35    0.1
  54533 118.10  39.58    9   0.01
  54535 118.47  39.28    3   0.01
  54540 119.17  39.72   14    0.1
  54541 119.23  39.90   23   0.01
  54568 121.70  39.08   40    0.1
  54575 122.37  39.42   44    0.1
  54590 124.17  39.88    5    2.3
  54601 115.65  38.98   14   0.01
  54603 115.77  38.72   10   0.01
  54604 115.33  38.42   31   0.01
  54605 115.93  38.93    7   0.01
  54608 115.55  38.00   27   0.01
  54609 115.50  38.25   25    0.3
  54611 115.32  38.93   45   0.01
  54612 116.45  38.87    7    0.1
  54616 116.85  38.35    9   0.01
  54617 116.12  38.18   13   0.01
  54619 116.92  38.92    8    0.1
  54620 115.57  38.48   19   0.01
  54622 117.37  38.98    3   0.01
  54633 115.23  37.52   27    0.2
  54636 116.10  39.02   12   0.01
  54732 118.52  37.87   13   0.01
  56095 104.38  34.03 1754   0.01
  56192 104.67  32.95 1016   0.01
  56194 104.45  31.82  679   0.01
  56195 104.73  31.78  531   0.01
  56280 103.12  30.08  692   0.01
  56284 103.48  30.42  502    0.1
  56380 103.37  29.92  466    0.5
  56382 103.60  29.73  408    0.2
  56384 103.48  29.60  446    0.1
  56480 103.53  28.82  564    0.1
  56490 103.90  28.95  396   0.01
  56596 105.05  27.85 1176    0.3
  56641  98.87  26.90 1191    0.4
  56839  98.82  23.77  994   0.01
  56849  99.23  24.03 1607   0.01
  56992 104.70  23.45 1508   0.01
  56995 104.42  23.03 1335   0.01
  56996 104.70  23.13 1094   0.01
  57001 105.33  34.75 1273   0.01
  57002 105.65  34.85 1217   0.01
  57007 105.18  34.18 1406   0.01
  57008 105.30  34.03 1578   0.01
  57012 106.20  34.98 1665   0.01
  57102 105.72  33.75  971    0.2
  57105 105.60  33.33 1219   0.01
  57111 106.30  33.92  967   0.01
  57204 105.23  32.58  801   0.01
  57208 105.47  32.02  538   0.01
  57389 113.75  31.03   33   0.01
  57398 114.62  31.28   76   0.01
  57485 113.45  30.37   33   0.01
  57492 114.80  30.83   33   0.01
  57498 114.90  30.43   22   0.01
  57499 114.97  30.10   40    0.2
  57575 112.57  29.52   32   0.01
  57582 113.88  29.73   51    0.3
  57585 113.45  29.48   60    0.8
  57586 114.03  29.53   79    0.1
  57589 113.80  29.25  103    0.8
  57590 114.37  29.85   64   0.01
  57596 114.20  29.63    0    0.8
  57636 108.50  28.57  335   0.01
  57637 108.12  28.25  524    0.3
  57646 109.95  28.62  301    0.1
  57657 110.20  28.22  182    1.5
  57658 110.20  28.02  144    1.4
  57661 111.48  28.92   51    0.8
  57663 111.95  28.92   31    0.5
  57666 112.13  28.52   49    0.2
  57674 112.47  28.57   44    0.3
  57678 112.55  28.25   71    2.0
  57680 113.07  28.80   47    2.2
  57688 113.63  28.15  100    0.8
  57694 114.38  28.53  256    0.9
  57698 114.45  28.12   99    0.4
  57699 114.92  28.23   68    0.9
  57713 106.88  27.70  844    0.5
  57714 106.23  27.47  942   0.01
  57717 106.83  27.53  974    0.7
  57719 106.97  27.07 1280    0.5
  57720 107.17  27.88  888    0.2
  57723 107.72  27.98  710    0.6
  57728 107.47  27.07 1095    0.9
  57732 108.40  28.02  458    0.1
  57734 108.23  27.57  468    0.5
  57735 108.82  27.18  396    0.9
  57736 108.85  27.70  376    1.1
  57737 108.12  27.03  546    0.2
  57738 108.42  27.05  517    0.1
  57739 108.88  27.23  375    1.1
  57740 109.60  27.95  349    0.9
  57742 109.20  27.52  883    1.9
  57743 109.80  27.88  176    1.4
  57744 109.17  27.37  356    1.9
  57754 110.15  27.35  170    3.4
  57760 111.43  27.70  247    1.3
  57762 111.70  27.68  163    0.7
  57763 112.00  27.73  151    0.6
  57769 111.73  27.23  257   0.01
  57771 112.52  27.93   89    1.0
  57772 112.50  27.75   84    0.2
  57773 112.82  27.87   63    0.5
  57777 112.87  27.23   65    1.8
  57778 112.95  27.10   68    0.1
  57781 113.50  27.65   71    0.4
  57786 113.85  27.65  110    0.4
  57792 114.68  27.82   93   0.01
  57796 114.93  27.80   79   0.01
  57798 114.60  27.40   89   0.01
  57807 105.47  26.20 1359    0.6
  57808 105.75  26.32 1272    0.4
  57809 105.75  26.07 1251   0.01
  57811 106.60  26.85 1242    0.6
  57813 106.47  26.57 1265    0.6
  57814 106.27  26.42 1285    0.2
  57818 106.45  26.03 1145    1.6
  57821 107.50  26.70  924    0.3
  57822 107.90  26.90  833    1.2
  57824 107.23  26.58 1005    0.1
  57828 107.58  26.50  983    1.0
  57829 107.80  26.20  964    2.8
  57834 108.30  26.68  642   0.01
  57835 108.43  26.72  521   0.01
  57837 108.07  26.40  838   0.01
  57842 109.72  26.88  281    3.4
  57844 109.18  26.68  344    2.3
  57846 110.15  26.58  307   0.01
  57859 110.63  26.03  409    0.9
  57865 111.58  26.47  166    0.5
  57867 111.28  26.40  169    1.0
  57868 111.87  26.60  113    0.1
  57871 112.37  26.98   91   0.01
  57900 105.22  25.83 1553    0.1
  57903 105.60  25.93 1138    0.7
  57905 105.63  25.40 1063    0.1
  57908 105.48  25.12 1393   0.01
  57909 105.82  24.98  584   0.01
  57911 106.65  26.67 1325    0.9
  57913 106.98  26.45 1095    0.2
  57914 106.67  26.42 1143    0.8
  57915 106.77  26.63 1102    0.6
  57921 107.32  25.83  710    2.3
  57923 107.87  25.98  418    0.6
  57927 107.18  24.97  283    2.1
  57941 109.60  25.78  198    1.0
  57942 110.00  25.80  267   0.01
  57948 109.25  25.08  123    5.2
  57949 110.00  24.98  157    6.4
  57954 110.18  25.23  158    7.1
  57955 110.67  25.62  224    4.8
  57956 110.32  25.42  169    7.5
  57958 110.32  25.08  152    2.1
  57960 111.07  25.93  192    0.8
  57964 111.15  25.50  258   0.01
  57971 112.20  25.92  225    0.1
  57973 112.72  25.75  328    0.1
  57976 112.95  25.42  226   0.01
  58147 118.97  32.98   28    0.1
  58148 119.30  33.23   11    0.1
  58234 118.42  32.47   43   0.01
  58235 118.85  32.37   16    0.2
  58237 118.62  32.05   22    0.1
  58240 119.02  32.68   25    0.2
  58247 119.82  32.25    5    0.1
  58249 120.00  32.17    8    0.3
  58250 120.15  32.52   10   0.01
  58257 120.25  31.98   12    0.2
  58264 121.18  32.33   11    0.2
  58268 121.08  32.10    8    0.1
  58269 121.65  31.78   12    0.4
  58317 116.37  30.87  434    1.7
  58327 117.28  31.25   24   0.01
  58329 117.87  31.33   24    0.2
  58330 118.08  31.75   20    0.3
  58331 118.37  31.73   26    0.2
  58334 118.37  31.38   23    0.6
  58335 118.52  31.57   16    0.6
  58337 118.18  31.08   30    0.3
  58339 118.90  31.33   24    1.7
  58340 119.03  31.65   23    0.3
  58341 119.58  31.98   10    0.4
  58342 119.55  31.72    7    1.0
  58344 119.20  31.97   35    0.3
  58346 119.82  31.33   15    1.1
  58349 120.63  31.27    9    1.0
  58351 120.30  31.90   12    0.2
  58352 120.77  31.65    8    0.3
  58353 120.57  31.87    6    0.2
  58359 120.62  31.13    9    1.9
  58360 121.20  31.92    6    0.1
  58361 121.37  31.10   10    1.5
  58365 121.25  31.37    9    0.6
  58366 121.40  31.63    9    0.3
  58367 121.43  31.20   18    1.8
  58369 121.78  31.05    9    1.9
  58370 121.55  31.22   11    1.7
  58377 121.10  31.47    6    0.4
  58401 115.40  30.78  106    0.2
  58404 115.22  30.47   57    0.3
  58408 115.43  30.23   35    0.5
  58409 115.93  30.07   20    0.8
  58415 116.58  30.63   38    1.9
  58416 116.82  30.75   38    1.9
  58417 116.13  30.17   50    1.7
  58418 116.70  30.13   26    0.3
  58420 117.22  30.72   38    0.1
  58421 117.87  30.63   32    1.1
  58423 117.78  30.48  643    2.6
  58426 118.13  30.30  192    0.4
  58427 117.48  30.67   36    1.5
  58428 117.48  30.22  115    0.5
  58431 118.32  30.92   17    0.4
  58432 118.40  30.68   39    2.3
  58433 118.75  30.93   30    0.8
  58435 118.53  30.30  221    0.2
  58438 118.58  30.08  197    2.0
  58441 119.42  30.87   53    2.0
  58442 119.18  31.13   16    0.9
  58443 119.90  31.02   19    2.0
  58446 119.68  30.63   25   0.01
  58449 119.95  30.05   47   0.01
  58451 120.93  30.83    3    3.3
  58452 120.77  30.73    4    1.4
  58454 119.97  30.53    5   0.01
  58455 120.65  30.52    8    0.1
  58456 120.52  30.63    6    0.3
  58458 120.90  30.53    3    0.1
  58459 120.28  30.18   42    0.6
  58460 121.35  30.73    6    2.9
  58461 121.12  31.13    8    1.6
  58462 121.23  31.03    9    1.8
  58463 121.50  30.88    9    3.8
  58468 121.17  30.05   10    0.2
  58484 122.20  30.25    9    2.8
  58501 115.63  29.93   25   0.01
  58502 116.00  29.73   37    0.2
  58503 115.68  29.70   41    0.1
  58512 116.55  29.90   66    0.6
  58514 116.05  29.45   35   0.01
  58517 116.20  29.27   43   0.01
  58523 117.93  29.93  231    2.2
  58529 117.85  29.27   82    0.6
  58530 118.43  29.87  170    0.5
  58534 118.18  29.78  173    0.5
  58537 118.40  29.13  153    0.9
  58544 119.27  29.48   87    0.2
  58546 119.88  29.47  114    1.1
  58547 119.18  29.03   65    0.2
  58548 119.47  29.22   46    0.8
  58550 120.25  29.70   39    0.3
  58555 120.88  29.52  112    2.4
  58558 120.22  29.27   89    2.4
  58559 120.98  29.17   59    7.5
  58561 121.60  29.98    3    2.0
  58563 121.83  29.88    4    2.6
  58565 121.43  29.68    6    0.8
  58566 121.88  29.47   14    0.9
  58567 121.43  29.32   39    5.6
  58568 121.38  29.12   35    2.8
  58570 122.30  29.95   83    4.0
  58601 115.38  28.70   54    1.4
  58602 115.55  28.85   46   0.01
  58605 115.38  28.42   49    2.0
  58607 115.95  28.55   35    1.4
  58612 116.68  28.70   22    1.4
  58614 116.27  28.38   40    0.1
  58615 117.08  28.68   56    0.2
  58618 116.60  28.23   51    0.1
  58619 116.37  28.00   47   0.01
  58620 117.13  28.97   37    1.6
  58629 117.70  28.32   59   0.01
  58658 120.68  28.15   36   0.01
  58659 120.65  28.03   29   0.01
  58660 121.13  28.85    8   0.01
  58693 115.83  28.70   37    3.5
  58746 119.70  27.55  514    0.2
  58747 119.35  27.15  900    0.2
  58749 119.88  27.23  680    0.1
  59001 105.33  24.78  674   0.01
  59004 105.10  24.50  729   0.01
  59012 106.55  24.78  973    0.2
  59015 106.57  24.35  442   0.01
  59022 107.55  24.98  695    1.4
  59025 107.38  24.53  249   0.01
  59027 107.25  24.13  244    0.7
  59031 108.25  24.83  205    0.7
  59033 108.90  24.78  330    5.3
  59034 108.67  24.48  149    2.4
  59038 108.65  24.07  142    2.3
  59041 109.25  24.65  109    4.2
  59044 109.38  24.47   99    4.0
  59045 109.75  24.48   95    4.2
  59047 109.33  24.25  101    5.6
  59051 110.50  24.77  133    0.9
  59052 110.82  24.83  167    1.2
  59053 110.67  24.62  108   0.01
  59057 110.18  24.13  827   0.01
  59059 110.80  24.18  107    7.4
  59061 111.27  24.82  198    0.2
  59063 111.45  25.18  262   0.01
  59064 111.32  24.55  141    1.1
  59071 112.28  24.73  175   0.01
  59074 112.15  24.57  300   0.01
  59106 115.90  24.58  152   0.01
  59125 117.30  24.38  105   0.01
  59215 106.62  23.33  640   0.01
  59227 107.15  23.08  438    0.2
  59229 107.70  23.18  101   0.01
  59230 108.17  23.72  173    4.0
  59235 108.62  23.43  116    4.3
  59237 108.28  23.17  115    2.2
  59238 108.80  23.22  123    4.8
  59241 109.68  23.97   91    2.7
  59246 109.67  23.60   70    0.8
  59249 109.62  23.12   56    2.1
  59255 110.38  23.55   37    2.4
  59270 112.18  23.92   78    0.8
  59276 112.65  23.35   40    0.9
  59279 112.87  23.18   18    0.1
  59285 113.60  23.57   39   0.01
  59290 114.23  23.73   71    1.5
  59310 116.18  23.77   39   0.01
  59315 116.38  23.58   25    0.1
  59419 106.75  22.10  243    0.3
  59421 107.20  22.83  257    1.0
  59425 107.35  22.40  107    0.1
  59426 107.90  22.63   92    0.2
  59432 108.40  22.80  203    3.5
  59435 108.48  22.77   75    3.7
  59441 109.25  22.70   78    3.2
  59448 109.55  22.27   70    1.1
  59449 109.98  22.30   80    0.1
  59451 110.35  22.70   99   0.01
  59457 110.27  22.32  120    0.6
  59469 111.78  22.17   33   0.01
  59470 112.22  22.72   33   0.01
  59471 112.05  22.93  102    0.2
  59475 112.65  22.40   24    0.1
  59477 112.30  22.18   25    0.8
  59487 113.30  22.23   12   0.01
  59635 108.35  21.62   26    1.4
  59640 109.18  21.67    6    0.2
  59650 110.25  21.38   25   0.01
  59654 110.30  21.63   28   0.01
  59750 110.10  20.92   25    0.1
  59842 109.68  19.90   31   0.01
  59843 110.00  19.73   36    0.2
  59941 109.52  18.77  328   0.01
  59945 109.70  18.65   65   0.01
