diamond  3 2013年03月03日08点24小时降雨量                    
  13  03  03  08    -1 3 10 25 50 1 0
 39 122.7  37.3 122.5  36.7 120.8  36.2 119.3  35.0 120.4  34.3
 121.1  32.7 122.3  30.9 122.5  30.1 121.5  28.0 119.8  25.0
 116.1  22.6 111.0  21.0 111.0  18.6 109.6  18.1 108.3  18.5
 108.9  19.9 109.3  21.0 106.4  21.6 104.1  22.2 101.6  20.8
  98.7  22.0  97.1  24.1  97.7  27.0  91.7  26.6  85.7  27.7
  78.9  30.6  73.3  37.1  74.1  40.7  87.6  49.8  98.5  43.9
 110.4  44.3 122.0  54.7 135.7  48.3 131.5  42.2 125.2  39.4
 121.3  38.5 121.2  40.3 118.5  38.6 120.8  38.1
1         263
  50779 134.28  48.37   41   0.01
  50971 131.02  45.77  226   0.01
  52745  99.02  37.30 3417    0.3
  52842  99.08  36.78 3088   0.01
  52881 103.18  36.98 2485    0.6
  56371 102.23  29.92 1322    0.7
  56393 104.85  29.77  370   0.01
  56489 103.63  28.23  876   0.01
  56580 102.80  27.72 2461   0.01
  56582 103.90  27.75 1177    0.2
  56595 104.87  27.42 1644    0.1
  56596 105.05  27.85 1176   0.01
  56598 104.73  27.13 1538    0.1
  56697 104.08  26.22 1987   0.01
  56782 103.55  25.42 2064    0.1
  56783 103.80  25.50 1906   0.01
  56788 103.67  25.03 1842   0.01
  56790 104.25  25.68 1920    0.7
  56883 103.98  24.83 1846    0.3
  56891 104.32  24.98 1482   0.01
  56992 104.70  23.45 1508   0.01
  57314 106.07  31.35  385    0.1
  57315 106.40  31.53  658    0.2
  57317 106.42  31.03  323    0.4
  57318 106.55  31.07  339    0.5
  57324 107.08  31.58  363    0.2
  57326 107.72  31.37  390    0.4
  57329 107.85  31.10  462    1.0
  57338 108.42  31.18  213   0.01
  57407 105.03  30.28  464   0.01
  57408 105.35  30.12  333    0.5
  57409 105.80  30.18  295    0.3
  57413 106.97  30.85  295    0.1
  57414 106.45  30.55  396   0.01
  57415 106.63  30.47  336    0.1
  57416 106.93  30.33 3915   0.01
  57417 106.28  30.35  315    0.1
  57420 107.20  30.75  397    0.2
  57425 107.33  30.33  430   0.01
  57431 108.35  30.83  256   0.01
  57505 105.58  29.42  324    0.2
  57506 105.90  29.37  376    0.5
  57507 105.30  29.33  374   0.01
  57508 105.37  29.15  302   0.01
  57510 106.05  29.85  275    3.1
  57511 106.45  29.85  242    1.7
  57513 106.62  29.73  457    0.4
  57514 106.22  29.58  325    0.3
  57518 106.53  29.38  243    0.8
  57522 107.42  29.75  273    0.7
  57541 109.48  30.00  533   0.01
  57543 110.03  29.88  540   0.01
  57603 105.83  28.82  283    1.2
  57605 105.82  28.03  539   0.01
  57609 105.70  28.58  316    0.8
  57657 110.20  28.22  182   0.01
  57658 110.20  28.02  144    0.3
  57666 112.13  28.52   49    0.1
  57674 112.47  28.57   44   0.01
  57688 113.63  28.15  100   0.01
  57698 114.45  28.12   99   0.01
  57708 105.60  27.15 1704    0.6
  57714 106.23  27.47  942   0.01
  57717 106.83  27.53  974    0.1
  57719 106.97  27.07 1280    0.1
  57737 108.12  27.03  546   0.01
  57738 108.42  27.05  517   0.01
  57739 108.88  27.23  375   0.01
  57740 109.60  27.95  349   0.01
  57742 109.20  27.52  883    1.1
  57743 109.80  27.88  176    0.1
  57744 109.17  27.37  356    0.8
  57754 110.15  27.35  170    1.4
  57760 111.43  27.70  247    2.1
  57762 111.70  27.68  163    1.6
  57763 112.00  27.73  151    1.4
  57767 111.03  27.12  266    2.7
  57768 111.45  27.32  242    6.6
  57769 111.73  27.23  257   11.4
  57771 112.52  27.93   89    0.1
  57772 112.50  27.75   84    1.7
  57773 112.82  27.87   63   0.01
  57777 112.87  27.23   65    7.0
  57778 112.95  27.10   68    7.6
  57781 113.50  27.65   71    0.8
  57786 113.85  27.65  110    0.1
  57798 114.60  27.40   89   0.01
  57800 105.37  26.77 1458    1.3
  57822 107.90  26.90  833   0.01
  57828 107.58  26.50  983   0.01
  57829 107.80  26.20  964    0.5
  57834 108.30  26.68  642    0.2
  57835 108.43  26.72  521    0.2
  57837 108.07  26.40  838    0.3
  57844 109.18  26.68  344   0.01
  57846 110.15  26.58  307    0.1
  57851 110.85  26.45  307    0.3
  57859 110.63  26.03  409    1.7
  57860 111.28  27.00  282    0.1
  57865 111.58  26.47  166   0.01
  57867 111.28  26.40  169    0.1
  57868 111.87  26.60  113   0.01
  57870 112.10  26.80  151    0.3
  57871 112.37  26.98   91    1.1
  57875 112.50  26.88   71    1.3
  57876 112.83  26.43  118    0.4
  57881 113.25  26.72  105    1.2
  57882 113.55  26.78  135    0.5
  57883 114.28  26.75  257    0.2
  57886 113.78  26.50  226    0.1
  57887 113.12  26.13  124    0.3
  57891 114.25  26.93  144    1.3
  57895 114.78  26.47   96    0.4
  57899 114.92  26.80   66   0.01
  57900 105.22  25.83 1553    1.2
  57923 107.87  25.98  418    0.2
  57936 108.92  25.75  255   0.01
  57941 109.60  25.78  198   0.01
  57942 110.00  25.80  267   0.01
  57960 111.07  25.93  192    0.8
  57962 111.65  25.97  166    0.2
  57964 111.15  25.50  258    0.2
  57966 111.95  25.60  205    0.5
  57969 111.33  25.27  230    0.5
  57971 112.20  25.92  225   0.01
  57973 112.72  25.75  328    1.2
  57975 112.20  25.38  278    4.6
  57976 112.95  25.42  226   0.01
  57978 112.55  25.28  291    2.0
  57981 113.22  25.98  141    1.0
  57985 113.68  25.57  608    0.1
  57989 113.73  25.10   96    0.4
  57994 114.35  25.40  208    0.2
  58484 122.20  30.25    9   0.01
  58502 116.00  29.73   37    0.1
  58550 120.25  29.70   39   0.01
  58558 120.22  29.27   89    0.1
  58570 122.30  29.95   83   0.01
  58659 120.65  28.03   29   0.01
  58704 115.35  27.62   61   0.01
  58706 115.83  27.43  180   0.01
  58707 115.13  27.22   66    0.2
  58719 116.93  27.30  123    0.1
  58745 119.07  27.62  368   0.01
  58746 119.70  27.55  514    0.1
  58747 119.35  27.15  900    0.5
  58748 119.65  27.10   51    0.7
  58749 119.88  27.23  680   0.01
  58804 115.35  26.35  153    0.2
  58814 116.35  26.35  237    0.2
  58819 116.80  26.17  329   0.01
  58821 117.47  26.73  174    0.3
  58822 116.85  26.83  341    0.1
  58823 117.80  26.80  173    0.6
  58824 117.15  26.40  355    0.1
  58826 117.80  26.40  120    0.4
  58828 117.62  26.27  206   0.01
  58836 118.73  26.58  359    0.9
  58845 119.53  26.50   57   0.01
  58903 116.03  25.90  208    0.1
  58905 115.42  25.97  136    0.1
  58907 115.40  25.15  300    0.4
  58912 116.75  25.72  379    0.1
  58917 116.10  25.08  307   0.01
  58923 117.83  25.70  397    0.4
  58928 117.53  25.02  160    0.2
  58929 118.15  25.07   66    0.6
  59012 106.55  24.78  973   0.01
  59017 106.27  24.27  279   0.01
  59027 107.25  24.13  244   0.01
  59041 109.25  24.65  109   0.01
  59047 109.33  24.25  101   0.01
  59055 110.40  24.50  166   0.01
  59057 110.18  24.13  827   0.01
  59059 110.80  24.18  107    0.2
  59061 111.27  24.82  198   0.01
  59063 111.45  25.18  262    0.4
  59064 111.32  24.55  141   0.01
  59071 112.28  24.73  175    0.2
  59074 112.15  24.57  300   0.01
  59075 112.63  24.48   70   0.01
  59081 113.27  24.78   98    0.1
  59091 114.53  24.75  257    0.2
  59093 115.03  24.78  254   0.01
  59094 114.12  24.37  135    0.3
  59106 115.90  24.58  152   0.01
  59109 115.73  24.15  126    0.6
  59114 116.17  24.65  131    1.7
  59122 117.75  24.62   42    0.2
  59124 117.37  24.52   31    2.6
  59125 117.30  24.38  105    1.9
  59127 117.83  24.43   14   0.01
  59129 117.60  24.13   53    0.3
  59130 118.15  24.73   28   0.01
  59131 118.37  24.97   44   0.01
  59205 105.63  23.65  688   0.01
  59215 106.62  23.33  640    0.1
  59224 107.12  23.60  116   0.01
  59227 107.15  23.08  438   0.01
  59229 107.70  23.18  101   0.01
  59230 108.17  23.72  173    0.2
  59237 108.28  23.17  115   0.01
  59249 109.62  23.12   56   0.01
  59264 111.50  23.40   79   0.01
  59268 111.53  23.25   31   0.01
  59270 112.18  23.92   78    0.1
  59284 113.22  23.38    6    0.3
  59285 113.60  23.57   39    0.1
  59288 113.13  23.05    3    0.1
  59290 114.23  23.73   71    0.3
  59297 114.28  23.18   16   0.01
  59310 116.18  23.77   39    4.4
  59312 116.63  23.67   11    1.0
  59313 116.98  23.68   42   0.01
  59314 116.13  23.30   27    0.2
  59315 116.38  23.58   25    0.3
  59318 116.58  23.27   10   0.01
  59319 116.77  23.47    9   0.01
  59320 117.13  23.77   27   0.01
  59322 117.37  23.98   20    0.2
  59419 106.75  22.10  243   0.01
  59421 107.20  22.83  257   0.01
  59426 107.90  22.63   92   0.01
  59429 107.97  22.15  183   0.01
  59432 108.40  22.80  203   0.01
  59441 109.25  22.70   78   0.01
  59449 109.98  22.30   80   0.01
  59451 110.35  22.70   99   0.01
  59454 111.00  22.92  104    0.2
  59457 110.27  22.32  120   0.01
  59469 111.78  22.17   33   0.01
  59470 112.22  22.72   33   0.01
  59471 112.05  22.93  102   0.01
  59473 112.97  22.77   20   0.01
  59475 112.65  22.40   24    5.5
  59476 113.03  22.53   35    0.2
  59477 112.30  22.18   25    0.3
  59480 113.25  22.85   21    0.1
  59481 113.32  22.93   16    0.1
  59487 113.30  22.23   12    0.2
  59492 114.70  22.92   43    1.0
  59500 115.32  22.97   10    0.1
  59502 115.65  22.95   11    0.5
  59640 109.18  21.67    6   0.01
  59650 110.25  21.38   25    0.5
  59653 110.85  21.93   35    3.2
  59654 110.30  21.63   28    0.2
  59655 110.62  21.65   35    0.8
  59656 110.77  21.43   29    2.6
  59659 110.92  21.75   32    1.3
  59750 110.10  20.92   25    1.9
  59757 110.37  20.00   10    7.9
  59842 109.68  19.90   31   80.2
  59843 110.00  19.73   36   32.6
  59847 109.05  19.27  101    9.2
  59848 109.43  19.23  219   13.4
  59851 110.33  19.70   25   11.2
  59854 110.10  19.37  119   10.0
  59856 110.75  19.62   26    6.4
  59940 109.17  18.75  156  115.8
  59941 109.52  18.77  328    8.7
  59945 109.70  18.65   65    0.9
  59951 110.33  18.80   38   19.8
