diamond  3 2013年03月13日08点24小时降雨量                    
  13  03  13  08    -1 3 10 25 50 1 0
 39 122.7  37.3 122.5  36.7 120.8  36.2 119.3  35.0 120.4  34.3
 121.1  32.7 122.3  30.9 122.5  30.1 121.5  28.0 119.8  25.0
 116.1  22.6 111.0  21.0 111.0  18.6 109.6  18.1 108.3  18.5
 108.9  19.9 109.3  21.0 106.4  21.6 104.1  22.2 101.6  20.8
  98.7  22.0  97.1  24.1  97.7  27.0  91.7  26.6  85.7  27.7
  78.9  30.6  73.3  37.1  74.1  40.7  87.6  49.8  98.5  43.9
 110.4  44.3 122.0  54.7 135.7  48.3 131.5  42.2 125.2  39.4
 121.3  38.5 121.2  40.3 118.5  38.6 120.8  38.1
1         848
  50566 128.47  49.55  117    0.1
  50673 130.40  48.88   92    0.1
  50772 129.23  48.10  299    0.2
  50775 130.27  47.33  229    0.3
  53488 113.58  40.03 1035   0.01
  53492 114.15  40.10  939    0.2
  53499 114.73  40.77  755   0.01
  53574 112.27  39.52 1408   0.01
  53577 112.30  39.00 1441   0.01
  53579 112.90  39.02  861   0.01
  53580 113.10  39.82 1045    0.1
  53582 113.68  39.72 1094    0.1
  53585 113.27  39.17  934   0.01
  53662 111.58  38.72 1393   0.01
  53682 114.68  38.63  105   0.01
  53689 115.07  38.02   43    0.2
  53696 115.00  38.52   55   0.01
  53773 114.62  36.33   66   0.01
  53785 114.67  37.52   35   0.01
  53790 114.62  37.60   50    0.5
  53792 114.48  37.45  113   0.01
  53794 114.75  37.35   34    0.1
  53796 114.88  37.62   31   0.01
  53797 114.52  37.28   74    0.1
  53799 114.98  37.23   25   0.01
  53878 113.38  36.52  769   0.01
  53880 113.23  36.33  948   0.01
  53885 113.20  36.13 1031   0.01
  53886 113.67  36.57  471   0.01
  53891 114.68  37.02   44    0.2
  53892 114.47  36.62   67   0.01
  53895 114.50  36.78   61    0.2
  53896 114.95  36.35   51   0.01
  53899 114.97  36.48   49   0.01
  53973 112.95  35.77  836   0.01
  53980 114.80  36.55   51   0.01
  53981 113.27  35.78 1311   0.01
  53982 113.27  35.23  113   0.01
  53984 113.47  35.23   83    0.1
  53991 114.35  35.93   75   0.01
  54024 119.30  44.45  710   0.01
  54132 121.07  42.40  400    0.6
  54156 124.80  43.52  200   0.01
  54164 125.28  43.35  249    0.2
  54169 126.02  43.30  270    0.2
  54187 128.92  43.12  369    0.1
  54214 118.42  42.58  961    0.3
  54225 119.92  42.28  589    0.7
  54231 122.35  42.97  249   0.01
  54234 121.75  42.73  300    0.1
  54244 123.33  42.75  120    0.6
  54245 123.40  42.50   99    0.6
  54248 123.53  42.03   67    9.9
  54249 123.87  42.30   79    4.4
  54252 124.75  42.73  198    2.0
  54261 125.52  42.68  343    1.4
  54267 125.73  42.25  363    7.6
  54274 126.07  42.68  300    2.0
  54290 129.40  42.77  245   0.01
  54301 115.67  41.67 1414   0.01
  54304 115.28  40.97 1249   0.01
  54313 118.70  41.93  734    0.1
  54318 117.73  41.32  562    1.1
  54319 118.67  41.00  509    7.1
  54320 119.30  41.60  546    0.1
  54323 120.78  41.82  253   0.01
  54325 120.35  41.18  183    6.2
  54327 119.35  41.23  421    5.3
  54328 119.72  41.08  300    8.7
  54330 121.37  41.17   61    5.7
  54331 121.77  41.58   83    6.6
  54332 122.72  41.52   13   10.3
  54336 122.42  41.42   13    9.7
  54338 121.95  41.28    4    8.8
  54340 123.32  41.67   47   11.0
  54345 123.07  41.20   29   10.7
  54347 123.17  41.23   25   14.1
  54348 123.32  41.42   43   14.8
  54362 125.73  41.67  388   10.2
  54371 126.43  41.93  521   10.5
  54398 116.62  40.13   29    0.7
  54399 116.28  39.98   46    0.5
  54404 115.83  40.88  868   0.01
  54408 115.22  40.38  531   0.01
  54410 116.13  40.60 1216    1.2
  54412 116.63  40.73  334    1.6
  54419 116.63  40.37   75    0.6
  54420 117.33  40.93  530    1.5
  54421 117.12  40.65  286    1.6
  54424 117.12  40.17   33    1.2
  54425 117.48  40.42  584    1.7
  54428 117.40  40.03   19    3.5
  54430 118.15  40.77  268    5.1
  54431 116.63  39.92   40    0.6
  54432 118.48  40.60  305    3.9
  54433 116.50  39.95   36    0.9
  54434 118.30  40.17  103    4.0
  54437 118.65  39.50   19    2.9
  54438 118.88  39.88   61    1.6
  54439 118.72  40.02   51    3.2
  54453 120.88  40.78   43   10.7
  54474 122.35  40.42   27   15.0
  54475 122.48  40.62   15   18.2
  54483 123.90  40.88  239   21.5
  54494 124.07  40.47   74   11.7
  54499 116.22  40.22   75    0.1
  54501 115.68  39.97  441   0.01
  54502 116.03  39.48   30    0.8
  54503 115.82  39.07   13   0.01
  54505 116.12  39.92   94    0.3
  54506 115.88  39.32   29    0.5
  54507 115.50  39.35   52    0.1
  54510 116.98  39.90   18    3.8
  54512 116.28  39.42   22    0.6
  54513 116.20  39.95   67    0.3
  54514 116.25  39.87   56    0.5
  54515 116.70  39.50   14    1.7
  54517 117.20  39.07    5    1.0
  54519 116.48  39.30   13    0.7
  54520 117.08  39.97   19    3.5
  54521 116.98  39.77   14    2.6
  54522 117.73  39.88   19    2.0
  54526 117.33  39.08   10    0.7
  54529 117.82  39.35   12    2.0
  54530 117.77  39.23    6    1.0
  54531 118.72  39.73   43    3.6
  54532 118.10  39.80   35    2.0
  54533 118.10  39.58    9    1.3
  54535 118.47  39.28    3    0.9
  54540 119.17  39.72   14    3.5
  54541 119.23  39.90   23    4.5
  54568 121.70  39.08   40   17.0
  54569 121.97  39.40   35   11.8
  54575 122.37  39.42   44   14.9
  54590 124.17  39.88    5   14.2
  54594 116.35  39.72   38    0.6
  54596 116.13  39.68   40    0.4
  54597 115.73  39.73  409    0.2
  54603 115.77  38.72   10    0.7
  54604 115.33  38.42   31    0.4
  54605 115.93  38.93    7    0.4
  54608 115.55  38.00   27    0.3
  54609 115.50  38.25   25    0.1
  54610 116.10  38.73    9    0.3
  54612 116.45  38.87    7    0.9
  54613 116.62  38.70    8    0.4
  54614 116.08  38.45   13    0.2
  54615 116.83  38.58    8    1.5
  54616 116.85  38.35    9    0.4
  54617 116.12  38.18   13    0.1
  54619 116.92  38.92    8    0.3
  54620 115.57  38.48   19    0.4
  54621 115.18  38.18   39   0.01
  54622 117.37  38.98    3    0.4
  54626 115.82  38.42   15    0.1
  54627 117.23  38.03    8    0.5
  54628 117.48  38.15    7    1.3
  54632 115.03  37.07   34   0.01
  54633 115.23  37.52   27   0.01
  54636 116.10  39.02   12    0.4
  54644 117.12  38.05   11    0.6
  54645 117.47  38.85    3    1.3
  54700 115.93  38.03   16    0.2
  54702 115.70  37.73   22    0.4
  54703 115.88  37.80   25    0.4
  54704 115.57  37.55   23    0.3
  54706 115.67  37.08   32   0.01
  54708 115.73  37.50   24    0.2
  54709 116.07  37.22   30   0.01
  54710 116.17  37.87   19    0.3
  54711 116.28  37.70   19    0.1
  54712 116.82  37.20   23   0.01
  54713 116.53  37.88   15    0.2
  54714 116.33  37.45   24   0.01
  54716 116.80  37.67   17   0.01
  54717 116.40  37.63   18   0.01
  54718 116.43  37.15   26    0.2
  54719 116.68  38.03   12    0.3
  54722 117.63  37.75    7    1.1
  54723 117.57  37.65   11    0.9
  54724 117.13  37.32   21    0.3
  54726 117.18  37.70   12   0.01
  54728 117.38  37.77   16   0.01
  54729 117.87  37.17   11    7.2
  54730 118.13  37.70   11    3.6
  54731 118.22  37.48   16    3.1
  54732 118.52  37.87   13    3.5
  54734 118.00  37.35   12    3.0
  54736 118.67  37.43    9    4.9
  54737 118.15  37.15   17    3.5
  54738 118.40  37.05   20    3.6
  54749 119.95  37.18   48   11.8
  54752 120.77  37.80   64   15.0
  54755 120.38  37.37  113   10.1
  54759 120.83  37.30  172    7.9
  54765 121.43  37.48   57    8.7
  54766 121.62  37.38   23    6.4
  54777 122.07  37.20  112    6.4
  54778 122.48  37.17   60    8.9
  54802 115.73  36.82   35   0.01
  54803 116.02  36.98   28   0.01
  54804 115.13  36.30   46   0.01
  54805 115.45  36.48   41    0.4
  54807 115.80  36.13   44   0.01
  54809 115.28  36.55   42   0.01
  54810 116.27  36.87   28   0.01
  54811 116.62  36.93   22    0.5
  54812 116.75  36.78   23    0.1
  54814 116.23  36.58   32    0.1
  54815 116.27  36.38   33   0.01
  54816 116.80  36.52   82   0.01
  54818 116.42  36.25   72    0.5
  54819 116.80  36.18  118    4.6
  54820 115.17  36.82   38   0.01
  54821 117.20  37.00   21    0.6
  54822 117.73  36.87   46    6.1
  54824 117.95  36.63   95    3.5
  54825 117.85  36.52  195    3.2
  54827 117.15  36.17  137    2.8
  54828 117.68  36.23  228    2.4
  54829 117.87  36.77   88    5.8
  54830 117.93  36.82   35    7.2
  54831 118.50  36.65  102    3.9
  54832 118.73  36.88   29    6.4
  54833 118.08  36.97   19    4.1
  54834 118.28  36.87   46    2.3
  54835 118.55  36.50  110    4.1
  54837 118.83  36.68   76    4.5
  54841 119.40  36.87    8    9.2
  54844 119.18  36.42   67    3.0
  54846 119.75  36.38   37    2.8
  54848 119.42  35.98   81    3.6
  54849 120.00  36.27   16    4.4
  54851 120.57  36.90   81    3.7
  54852 120.73  36.97   53    2.8
  54853 120.42  36.17   43    7.4
  54855 120.47  36.38   30    4.9
  54861 121.53  36.93   47    6.9
  54871 122.48  36.93    9    7.0
  54900 115.02  35.70   54   0.01
  54905 115.93  35.58   53    0.8
  54907 116.65  34.98   38    3.4
  54910 116.05  35.82   45    4.5
  54911 116.45  35.93   51    3.7
  54912 116.48  35.70   47    4.1
  54913 116.82  35.75   67    3.4
  54914 116.08  35.42   44    0.6
  54915 116.60  35.43   34    9.1
  54917 116.32  35.10   41   14.4
  54918 116.97  35.60   66    9.0
  54919 116.98  35.42  111    7.3
  54920 117.28  35.65  110    5.4
  54921 116.33  35.42   39    2.8
  54922 117.78  35.88  223    5.7
  54923 117.93  35.72  202    5.7
  54925 117.63  35.52  170    6.1
  54927 117.20  35.10   79   10.4
  54932 118.65  35.77  184    4.3
  54935 118.43  35.53  120    3.3
  54938 118.40  35.05   66   13.1
  54939 118.82  35.17  116   15.6
  54940 119.20  35.75  147    5.1
  54943 120.00  35.88   13   11.5
  56168 102.07  31.48 2170   0.01
  56180 103.85  31.68 1591   0.01
  56193 104.52  32.42  894    0.2
  56273 102.82  30.38 1011    0.6
  56278 102.77  30.07  756    0.6
  56298 104.60  30.13  415   0.01
  56371 102.23  29.92 1322    0.2
  56373 102.85  29.78  763   0.01
  56376 102.68  29.35 1098   0.01
  56378 102.35  29.23  891    1.2
  56384 103.48  29.60  446    0.1
  56387 103.27  29.23  639   0.01
  56473 102.77  28.95 1061    0.3
  56474 102.17  28.55 1775    3.3
  56478 102.43  28.30 1819   21.7
  56487 103.13  28.33 1945   10.1
  56490 103.90  28.95  396   0.01
  56493 104.97  28.85  297   0.01
  56575 102.55  27.37 1429    2.1
  56580 102.80  27.72 2461    3.6
  56584 103.25  27.70 1093   11.4
  56585 103.53  27.18 1916   23.4
  56596 105.05  27.85 1176   0.01
  56598 104.73  27.13 1538   0.01
  56641  98.87  26.90 1191   0.01
  56665 101.85  26.68 1140    0.1
  56670 102.12  26.90 1105   0.01
  56673 102.92  26.92  894    0.2
  56674 101.73  26.50 1107    2.3
  56675 102.58  26.65 1695   0.01
  56745  99.95  25.68 1627   0.01
  56746  99.52  25.47 1618    0.1
  56752 100.57  25.83 1440   0.01
  56755 100.48  25.35 1670   0.01
  56756 100.58  25.48 1993    1.7
  56761 101.32  25.72 1873   0.01
  56764 101.23  25.53 1875   0.01
  56788 103.67  25.03 1842   0.01
  56836  97.95  24.70  828   0.01
  56839  98.82  23.77  994    0.2
  56840  98.30  24.82 1013    3.7
  56841  98.68  24.60 1527   10.3
  56842  99.18  24.73 1473    2.8
  56843  99.62  24.83 1650    3.1
  56844  98.58  24.43  915    0.2
  56846  99.93  24.58 1569    6.3
  56849  99.23  24.03 1607    1.4
  56851 100.52  25.03 1378    1.7
  56854 100.13  24.45 1108    2.5
  56862 101.60  24.68 1966    2.3
  56863 102.48  24.93 1850    0.3
  56867 101.12  23.98 1107    3.8
  56869 101.97  24.07 1498    4.0
  56870 102.17  24.67 1576    1.3
  56871 102.60  24.65 1894    1.9
  56872 102.62  24.95 2360    0.3
  56873 102.90  24.67 1752    0.4
  56876 102.77  24.28 1732    6.9
  56878 102.75  24.13 1802    8.4
  56879 102.92  24.20 1610    5.9
  56880 103.17  24.92 1532    0.2
  56881 103.27  24.75 1694    1.4
  56882 102.80  24.88 1909    0.4
  56883 103.98  24.83 1846    3.3
  56885 103.45  24.40 1416    1.7
  56889 104.17  24.05 1518   0.01
  56891 104.32  24.98 1482    0.1
  56898 102.40  24.18 1542    9.6
  56944  99.27  23.15 1280   0.01
  56950  99.80  23.47 1044   0.01
  56952 100.70  23.50  914    1.0
  56970 102.48  23.70 1419    0.3
  56973 102.83  23.62 1310    0.8
  56975 102.43  23.37  975    0.1
  56976 102.83  23.23  229    4.4
  56978 102.42  23.00 1640   10.8
  56982 103.25  23.70 1055    0.1
  56984 103.15  23.38 1717    4.0
  56987 103.23  22.78 1261    8.9
  56992 104.70  23.45 1508   23.3
  56994 104.25  23.38 1277   12.1
  56995 104.42  23.03 1335    7.4
  56996 104.70  23.13 1094    9.1
  57072 112.75  34.92  128   0.01
  57078 112.47  34.15  337   0.01
  57086 113.72  34.38  116    0.3
  57087 113.80  34.20   88    0.6
  57088 113.50  34.15  117    0.4
  57093 114.82  34.85   74   0.01
  57094 114.22  34.40   71    0.9
  57095 114.15  34.12   61    1.6
  57096 114.78  34.53   60    0.4
  57098 114.40  34.08   59    3.3
  57099 114.85  34.07   53    2.7
  57129 107.72  32.98  447    0.1
  57132 108.62  34.12  415   0.01
  57137 108.32  33.32  801   0.01
  57155 109.87  33.55  661   0.01
  57162 112.08  34.15  327   0.01
  57169 111.87  33.05  160    2.6
  57173 112.88  33.75  147    0.3
  57175 112.23  33.05  192    1.2
  57176 112.42  33.48  230    0.4
  57177 113.53  33.33   91    0.3
  57179 113.00  33.28  161    0.7
  57180 113.20  33.98  118    0.9
  57182 113.50  33.85   81    0.4
  57183 113.92  33.80   61    2.8
  57184 113.37  33.63   84    1.9
  57185 113.58  33.45   92    0.2
  57186 114.05  33.60   59    1.9
  57187 112.93  33.07  119   0.01
  57188 114.03  33.37   56    0.1
  57189 113.95  33.13   65    0.4
  57190 114.40  33.75   51    3.2
  57191 114.48  34.48   64    0.9
  57192 114.85  33.73   47    1.5
  57194 114.27  33.28   60    1.0
  57195 114.62  33.62   47    0.5
  57196 114.87  33.47   42    2.7
  57197 114.33  33.00   54    3.9
  57198 114.62  33.55   47    0.2
  57216 106.83  32.35  577   0.01
  57217 106.28  32.23  493   0.01
  57231 108.53  32.53  504    0.6
  57233 108.50  32.90  413    0.9
  57242 109.37  32.85  285    0.2
  57247 108.90  32.32  442    6.1
  57248 109.33  32.40  429    5.4
  57249 109.68  32.32  453    7.6
  57253 110.82  32.85  204    1.2
  57254 110.12  32.82  324    1.4
  57257 110.23  32.23  309    5.0
  57260 111.52  32.55  143    1.3
  57261 111.50  33.13  196    1.4
  57268 111.63  32.27   87    0.5
  57271 112.38  32.55   89    0.8
  57273 112.85  32.68  110    0.4
  57274 112.12  32.70  108    0.5
  57281 113.30  32.70  142    1.7
  57292 114.63  32.97   44    3.2
  57293 114.98  32.73   39    4.7
  57294 114.02  32.83   84    2.1
  57295 114.35  32.62   83    3.3
  57296 114.73  32.35   50    4.0
  57298 114.55  32.22   56    2.8
  57299 114.90  32.02   50    4.9
  57303 105.92  31.73  460    0.5
  57308 105.38  31.22  421   0.01
  57309 105.88  30.98  375    1.8
  57314 106.07  31.35  385    0.2
  57315 106.40  31.53  658    1.9
  57317 106.42  31.03  323    3.0
  57318 106.55  31.07  339    7.3
  57324 107.08  31.58  363    3.4
  57326 107.72  31.37  390    5.8
  57329 107.85  31.10  462    3.1
  57333 108.67  31.95  800   22.6
  57338 108.42  31.18  213    5.0
  57339 108.68  30.95  296    4.2
  57345 109.62  31.40  339    3.7
  57349 109.87  31.07  270    0.1
  57361 111.27  31.88  331    1.2
  57362 110.67  31.75  939    2.1
  57363 111.83  31.80  146    0.2
  57370 112.22  31.73   68    0.9
  57377 112.22  31.00  184   0.01
  57385 113.82  31.63   94   0.01
  57387 113.13  31.00   80    0.5
  57388 113.70  31.27   55   0.01
  57389 113.75  31.03   33    1.0
  57390 114.07  31.80  731    2.4
  57396 114.85  31.63  130    2.0
  57398 114.62  31.28   76    1.9
  57401 105.37  30.87  380    1.2
  57402 105.70  30.77  395    1.3
  57407 105.03  30.28  464   0.01
  57409 105.80  30.18  295    0.1
  57413 106.97  30.85  295    3.2
  57414 106.45  30.55  396    0.3
  57415 106.63  30.47  336    0.4
  57416 106.93  30.33 3915    0.3
  57417 106.28  30.35  315   0.01
  57420 107.20  30.75  397    1.6
  57425 107.33  30.33  430   0.01
  57431 108.35  30.83  256    2.7
  57437 108.03  30.30  326    0.6
  57453 111.32  30.77  116   0.01
  57464 111.18  30.47  144   0.01
  57466 111.77  30.43   50    0.1
  57469 111.77  30.18   68   0.01
  57475 112.90  30.40   33   0.01
  57477 112.22  30.07   39   0.01
  57481 113.58  30.95   31    0.5
  57485 113.45  30.37   33    1.2
  57486 113.85  30.65   25    0.5
  57489 114.00  30.58   39    4.5
  57491 114.40  30.87   31    1.0
  57492 114.80  30.83   33    4.8
  57496 114.87  30.37   30    4.1
  57498 114.90  30.43   22    3.2
  57499 114.97  30.10   40    7.3
  57506 105.90  29.37  376    0.1
  57513 106.62  29.73  457   0.01
  57514 106.22  29.58  325   0.01
  57537 108.17  29.30  321    0.2
  57540 109.15  29.68  776    0.1
  57543 110.03  29.88  540    2.2
  57544 109.45  29.47  486    0.5
  57558 110.47  29.13  184   0.01
  57564 111.13  29.43  103    0.5
  57565 111.75  29.65   39    0.9
  57566 111.65  29.45   50    1.4
  57571 112.40  29.70   37    0.5
  57575 112.57  29.52   32    1.6
  57577 112.17  29.40   37    0.1
  57582 113.88  29.73   51    4.0
  57585 113.45  29.48   60    4.9
  57586 114.03  29.53   79   13.1
  57589 113.80  29.25  103    7.2
  57590 114.37  29.85   64    6.1
  57596 114.20  29.63    0   13.4
  57600 105.07  28.72  256   0.01
  57635 108.98  28.45  363    2.4
  57637 108.12  28.25  524    0.3
  57646 109.95  28.62  301    0.1
  57657 110.20  28.22  182   18.5
  57658 110.20  28.02  144   18.0
  57661 111.48  28.92   51    6.7
  57663 111.95  28.92   31    6.8
  57666 112.13  28.52   49   24.3
  57674 112.47  28.57   44   24.6
  57678 112.55  28.25   71   14.2
  57680 113.07  28.80   47   10.1
  57688 113.63  28.15  100    8.8
  57694 114.38  28.53  256   11.0
  57698 114.45  28.12   99    3.2
  57699 114.92  28.23   68    1.9
  57708 105.60  27.15 1704    2.8
  57713 106.88  27.70  844    2.3
  57714 106.23  27.47  942    4.6
  57717 106.83  27.53  974    2.0
  57719 106.97  27.07 1280    3.3
  57720 107.17  27.88  888    0.9
  57723 107.72  27.98  710    0.2
  57728 107.47  27.07 1095    8.9
  57732 108.40  28.02  458    6.0
  57734 108.23  27.57  468   15.9
  57735 108.82  27.18  396   47.4
  57736 108.85  27.70  376   13.7
  57737 108.12  27.03  546   36.8
  57738 108.42  27.05  517   61.7
  57739 108.88  27.23  375   32.4
  57740 109.60  27.95  349    9.3
  57742 109.20  27.52  883   50.9
  57743 109.80  27.88  176   17.1
  57744 109.17  27.37  356   19.9
  57754 110.15  27.35  170   28.0
  57760 111.43  27.70  247   26.4
  57762 111.70  27.68  163   21.8
  57763 112.00  27.73  151   22.8
  57767 111.03  27.12  266   23.5
  57768 111.45  27.32  242   26.3
  57769 111.73  27.23  257   12.5
  57771 112.52  27.93   89   20.1
  57772 112.50  27.75   84   12.2
  57773 112.82  27.87   63   16.8
  57777 112.87  27.23   65   11.1
  57778 112.95  27.10   68    7.0
  57781 113.50  27.65   71    5.7
  57786 113.85  27.65  110    5.1
  57792 114.68  27.82   93    2.1
  57796 114.93  27.80   79    2.9
  57798 114.60  27.40   89    5.7
  57800 105.37  26.77 1458    0.6
  57811 106.60  26.85 1242    1.1
  57813 106.47  26.57 1265    0.5
  57818 106.45  26.03 1145    8.3
  57821 107.50  26.70  924    4.2
  57822 107.90  26.90  833   17.8
  57824 107.23  26.58 1005    5.9
  57828 107.58  26.50  983   48.9
  57829 107.80  26.20  964   27.0
  57834 108.30  26.68  642   38.7
  57835 108.43  26.72  521   43.0
  57837 108.07  26.40  838   27.0
  57842 109.72  26.88  281   23.9
  57844 109.18  26.68  344   38.8
  57846 110.15  26.58  307   32.0
  57851 110.85  26.45  307   12.8
  57859 110.63  26.03  409   22.3
  57860 111.28  27.00  282   23.0
  57865 111.58  26.47  166   10.9
  57867 111.28  26.40  169   18.0
  57868 111.87  26.60  113   18.6
  57870 112.10  26.80  151   18.7
  57871 112.37  26.98   91   10.2
  57875 112.50  26.88   71   13.4
  57876 112.83  26.43  118    6.4
  57881 113.25  26.72  105    6.9
  57882 113.55  26.78  135    0.7
  57883 114.28  26.75  257    0.5
  57886 113.78  26.50  226    4.4
  57887 113.12  26.13  124   10.5
  57891 114.25  26.93  144    3.2
  57899 114.92  26.80   66   0.01
  57909 105.82  24.98  584    1.2
  57911 106.65  26.67 1325    0.7
  57913 106.98  26.45 1095    1.2
  57914 106.67  26.42 1143    0.1
  57915 106.77  26.63 1102    0.4
  57921 107.32  25.83  710    0.8
  57923 107.87  25.98  418   18.9
  57927 107.18  24.97  283    4.7
  57936 108.92  25.75  255   34.1
  57941 109.60  25.78  198   19.7
  57942 110.00  25.80  267   20.6
  57948 109.25  25.08  123    0.1
  57949 110.00  24.98  157    0.6
  57954 110.18  25.23  158    5.7
  57955 110.67  25.62  224    7.7
  57956 110.32  25.42  169   15.1
  57958 110.32  25.08  152    1.8
  57960 111.07  25.93  192   28.9
  57962 111.65  25.97  166   13.4
  57964 111.15  25.50  258    1.7
  57966 111.95  25.60  205   12.5
  57969 111.33  25.27  230    0.9
  57971 112.20  25.92  225   14.5
  57973 112.72  25.75  328    9.2
  57975 112.20  25.38  278    0.1
  57981 113.22  25.98  141    2.1
  58001 115.10  34.43   57    0.9
  58002 115.58  34.85   53    0.7
  58003 115.88  34.95   48    0.8
  58004 115.15  34.65   61    0.2
  58006 115.88  34.38   47    2.5
  58007 115.30  34.07   53    3.0
  58008 115.33  34.47   55    1.5
  58011 116.07  34.80   44    2.4
  58012 116.58  34.68   40    6.7
  58013 116.90  34.75   40    8.6
  58016 116.97  34.18   39   13.4
  58017 116.13  34.25   42    5.0
  58020 117.13  34.80   38    9.1
  58021 117.28  34.78   80    8.5
  58022 117.57  34.75   48   13.3
  58024 117.58  34.87   78   10.7
  58025 117.73  34.57   32   15.3
  58030 118.07  34.85   47   14.9
  58032 118.65  34.93   75   16.8
  58035 118.35  34.33   30    7.6
  58036 118.73  34.52   39   14.5
  58041 119.43  34.78   22   13.2
  58044 119.23  34.53    5   16.4
  58045 119.60  34.20    8   12.5
  58048 119.35  34.12    9   13.8
  58049 119.82  34.03    7   11.4
  58100 115.17  33.65   42    2.6
  58101 115.48  33.87   42    1.6
  58104 115.07  33.40   42    2.6
  58107 115.25  33.07   40   24.0
  58108 115.33  33.23   46    2.0
  58109 115.62  33.18   37   13.0
  58113 116.75  33.93   35    4.0
  58114 116.18  33.48   29    2.4
  58116 116.83  33.98   32    8.4
  58117 116.20  33.13   33   13.8
  58125 117.55  33.55   28   21.1
  58126 117.87  33.47   24   14.6
  58127 117.20  32.98   23    7.4
  58128 117.30  33.32   23    9.7
  58129 117.87  33.13   20   10.5
  58131 118.27  33.98   28   14.3
  58132 118.68  33.72   19   16.0
  58139 118.88  33.30   13   10.6
  58140 119.30  33.77   13   11.5
  58145 119.17  33.53    8   15.5
  58146 119.77  33.47    7   11.6
  58147 118.97  32.98   28   14.2
  58148 119.30  33.23   11    8.4
  58154 120.20  33.43    7    9.5
  58202 115.58  32.63   37    7.3
  58205 115.43  32.47   36    3.0
  58207 115.05  32.17   42    2.1
  58210 116.23  32.65   25    6.9
  58212 116.73  32.72   27    4.5
  58214 116.28  32.33   37    3.4
  58220 117.15  32.47   32    7.2
  58222 117.55  32.85   31    6.4
  58223 117.98  32.78   38    5.1
  58224 117.02  32.65   36    4.0
  58230 118.27  32.08   34    9.2
  58234 118.42  32.47   43    3.9
  58235 118.85  32.37   16    5.6
  58237 118.62  32.05   22    8.8
  58240 119.02  32.68   25    7.0
  58242 119.18  32.28   14   10.2
  58243 119.83  32.93    7   10.7
  58244 119.58  32.45   10    8.6
  58245 119.42  32.42   14    7.9
  58246 119.90  32.52   11    7.8
  58247 119.82  32.25    5   12.0
  58249 120.00  32.17    8    6.6
  58250 120.15  32.52   10   11.8
  58254 120.45  32.52    5   12.8
  58257 120.25  31.98   12    7.3
  58264 121.18  32.33   11    4.9
  58268 121.08  32.10    8    6.9
  58269 121.65  31.78   12    6.0
  58301 115.38  31.82   90    3.6
  58306 115.88  31.68   94    6.1
  58316 116.95  31.47   26    6.2
  58317 116.37  30.87  434    2.8
  58320 117.13  31.73   26    4.2
  58323 117.47  31.88   29    7.8
  58327 117.28  31.25   24   12.0
  58329 117.87  31.33   24   12.8
  58330 118.08  31.75   20    8.7
  58331 118.37  31.73   26    6.8
  58334 118.37  31.38   23   11.3
  58335 118.52  31.57   16    7.5
  58337 118.18  31.08   30   19.9
  58339 118.90  31.33   24   15.3
  58340 119.03  31.65   23   11.6
  58341 119.58  31.98   10    8.0
  58342 119.55  31.72    7   14.1
  58344 119.20  31.97   35    7.7
  58346 119.82  31.33   15   13.0
  58349 120.63  31.27    9   13.6
  58351 120.30  31.90   12   10.5
  58352 120.77  31.65    8   12.4
  58353 120.57  31.87    6    9.1
  58359 120.62  31.13    9   12.1
  58360 121.20  31.92    6    7.0
  58361 121.37  31.10   10    7.7
  58365 121.25  31.37    9    9.0
  58366 121.40  31.63    9    6.7
  58367 121.43  31.20   18    5.6
  58369 121.78  31.05    9   10.7
  58370 121.55  31.22   11    5.3
  58377 121.10  31.47    6   10.3
  58401 115.40  30.78  106    3.4
  58404 115.22  30.47   57    4.9
  58408 115.43  30.23   35    5.6
  58409 115.93  30.07   20   17.1
  58415 116.58  30.63   38   18.0
  58416 116.82  30.75   38   16.3
  58417 116.13  30.17   50   20.4
  58418 116.70  30.13   26   18.4
  58420 117.22  30.72   38   14.5
  58421 117.87  30.63   32   21.3
  58423 117.78  30.48  643   32.8
  58426 118.13  30.30  192   15.2
  58427 117.48  30.67   36   25.6
  58428 117.48  30.22  115   17.8
  58431 118.32  30.92   17   25.8
  58432 118.40  30.68   39   29.2
  58433 118.75  30.93   30   17.9
  58435 118.53  30.30  221   19.1
  58438 118.58  30.08  197   15.5
  58441 119.42  30.87   53   11.0
  58442 119.18  31.13   16   16.0
  58443 119.90  31.02   19   11.2
  58446 119.68  30.63   25   21.8
  58449 119.95  30.05   47    8.4
  58451 120.93  30.83    3   14.9
  58452 120.77  30.73    4   22.2
  58453 120.50  30.07   10    2.3
  58454 119.97  30.53    5   26.3
  58455 120.65  30.52    8   13.8
  58456 120.52  30.63    6   25.3
  58458 120.90  30.53    3   11.0
  58459 120.28  30.18   42    3.9
  58460 121.35  30.73    6    9.9
  58461 121.12  31.13    8    9.9
  58462 121.23  31.03    9    7.6
  58463 121.50  30.88    9   16.1
  58468 121.17  30.05   10    0.5
  58501 115.63  29.93   25    7.6
  58502 116.00  29.73   37   24.7
  58503 115.68  29.70   41   26.0
  58508 115.77  29.33   42   12.2
  58509 115.82  29.05   38   15.5
  58510 116.23  29.73   40   22.3
  58512 116.55  29.90   66   13.9
  58514 116.05  29.45   35   12.1
  58517 116.20  29.27   43    9.0
  58523 117.93  29.93  231   11.1
  58529 117.85  29.27   82   11.4
  58530 118.43  29.87  170   11.4
  58534 118.18  29.78  173    9.9
  58537 118.40  29.13  153    8.9
  58542 119.68  29.82   45    9.2
  58544 119.27  29.48   87    2.5
  58546 119.88  29.47  114    0.3
  58547 119.18  29.03   65    0.3
  58548 119.47  29.22   46    0.2
  58550 120.25  29.70   39   0.01
  58555 120.88  29.52  112    0.1
  58558 120.22  29.27   89    2.2
  58561 121.60  29.98    3    0.6
  58563 121.83  29.88    4    0.1
  58566 121.88  29.47   14   0.01
  58601 115.38  28.70   54   13.3
  58602 115.55  28.85   46   12.7
  58605 115.38  28.42   49    2.5
  58607 115.95  28.55   35    6.5
  58609 115.82  28.22   30    4.2
  58612 116.68  28.70   22    4.4
  58614 116.27  28.38   40    7.4
  58615 117.08  28.68   56    5.5
  58616 116.82  28.20   44    3.2
  58618 116.60  28.23   51    3.9
  58619 116.37  28.00   47    3.7
  58620 117.13  28.97   37    8.7
  58624 117.43  28.40   64   0.01
  58627 117.03  28.25   64    4.2
  58629 117.70  28.32   59   0.01
  58632 118.60  28.72  124   0.01
  58642 119.80  28.88  102   0.01
  58643 120.03  28.90   99   0.01
  58693 115.83  28.70   37   12.4
  58701 115.40  27.77   47    3.9
  58704 115.35  27.62   61    1.7
  58706 115.83  27.43  180    1.2
  58707 115.13  27.22   66    1.0
  58710 116.05  27.77   76    1.9
  58712 116.78  27.92  123    2.2
  58714 116.23  27.55  115    0.5
  58804 115.35  26.35  153   0.01
  58814 116.35  26.35  237   0.01
  58819 116.80  26.17  329   0.01
  58903 116.03  25.90  208    0.7
  59001 105.33  24.78  674    1.9
  59004 105.10  24.50  729    0.2
  59012 106.55  24.78  973    2.4
  59015 106.57  24.35  442    2.5
  59017 106.27  24.27  279    0.8
  59022 107.55  24.98  695    9.3
  59025 107.38  24.53  249    0.5
  59027 107.25  24.13  244    0.9
  59031 108.25  24.83  205    0.1
  59045 109.75  24.48   95   0.01
  59051 110.50  24.77  133   0.01
  59052 110.82  24.83  167    0.1
  59053 110.67  24.62  108   0.01
  59055 110.40  24.50  166   0.01
  59057 110.18  24.13  827   0.01
  59059 110.80  24.18  107   0.01
  59061 111.27  24.82  198   0.01
  59064 111.32  24.55  141   0.01
  59109 115.73  24.15  126   0.01
  59205 105.63  23.65  688    9.7
  59213 106.92  23.73  113    3.4
  59215 106.62  23.33  640    3.5
  59224 107.12  23.60  116    2.3
  59227 107.15  23.08  438    4.6
  59229 107.70  23.18  101    0.4
  59230 108.17  23.72  173    1.0
  59235 108.62  23.43  116   0.01
  59237 108.28  23.17  115    1.2
  59238 108.80  23.22  123   0.01
  59246 109.67  23.60   70    0.1
  59266 111.23  23.42   46   0.01
  59276 112.65  23.35   40   0.01
  59314 116.13  23.30   27   0.01
  59419 106.75  22.10  243   0.01
  59421 107.20  22.83  257   14.5
  59426 107.90  22.63   92    0.4
  59432 108.40  22.80  203   15.0
  59435 108.48  22.77   75    1.4
  59451 110.35  22.70   99   0.01
  59481 113.32  22.93   16   0.01
  59492 114.70  22.92   43   0.01
  59635 108.35  21.62   26   0.01
  59650 110.25  21.38   25   0.01
  59653 110.85  21.93   35    0.1
  59750 110.10  20.92   25   0.01
  59757 110.37  20.00   10   0.01
  59851 110.33  19.70   25   0.01
  59854 110.10  19.37  119   0.01
  59856 110.75  19.62   26   0.01
  59940 109.17  18.75  156    0.4
  59945 109.70  18.65   65   0.01
