diamond  3 2013年03月15日08点24小时降雨量                    
  13  03  15  08    -1 3 10 25 50 1 0
 39 122.7  37.3 122.5  36.7 120.8  36.2 119.3  35.0 120.4  34.3
 121.1  32.7 122.3  30.9 122.5  30.1 121.5  28.0 119.8  25.0
 116.1  22.6 111.0  21.0 111.0  18.6 109.6  18.1 108.3  18.5
 108.9  19.9 109.3  21.0 106.4  21.6 104.1  22.2 101.6  20.8
  98.7  22.0  97.1  24.1  97.7  27.0  91.7  26.6  85.7  27.7
  78.9  30.6  73.3  37.1  74.1  40.7  87.6  49.8  98.5  43.9
 110.4  44.3 122.0  54.7 135.7  48.3 131.5  42.2 125.2  39.4
 121.3  38.5 121.2  40.3 118.5  38.6 120.8  38.1
1         183
  50431 121.52  50.78  718    0.6
  50445 123.73  50.58  424   0.01
  50566 128.47  49.55  117    0.2
  50655 126.18  48.50  267   0.01
  50674 129.43  48.57  404    1.9
  50772 129.23  48.10  299    4.5
  50775 130.27  47.33  229    2.4
  50776 130.83  47.57   84    1.8
  50778 132.53  47.67   59    0.6
  50787 131.85  47.28   63    2.9
  50871 129.88  46.73   96    1.1
  50878 130.72  47.00   80    1.1
  50879 130.55  46.22  187   0.01
  50880 131.12  46.73  104    1.5
  50884 131.15  46.63  176    2.4
  50892 134.00  46.80   57    1.4
  51328  80.42  44.20  774    0.5
  51329  80.85  44.05  641    0.8
  51352  85.25  44.85  338   0.01
  51356  86.05  44.32  444   0.01
  51357  85.62  44.33  523   0.01
  51430  81.15  43.83  605    1.9
  51434  81.53  43.97  771    0.5
  51435  82.23  43.47  776    3.7
  51436  83.25  43.45  929    4.2
  51438  81.77  43.18 1210    3.5
  51465  87.10  43.48 1874    4.9
  56192 104.67  32.95 1016   0.01
  56384 103.48  29.60  446   0.01
  56387 103.27  29.23  639   0.01
  56473 102.77  28.95 1061    0.1
  56480 103.53  28.82  564    0.2
  56494 104.15  28.65  460    0.1
  57314 106.07  31.35  385    0.3
  57708 105.60  27.15 1704    1.1
  57713 106.88  27.70  844   0.01
  57714 106.23  27.47  942   0.01
  57719 106.97  27.07 1280    0.3
  57728 107.47  27.07 1095   0.01
  57735 108.82  27.18  396    0.1
  57738 108.42  27.05  517    2.3
  57739 108.88  27.23  375   0.01
  57740 109.60  27.95  349   0.01
  57800 105.37  26.77 1458   0.01
  57807 105.47  26.20 1359    1.4
  57808 105.75  26.32 1272    0.5
  57809 105.75  26.07 1251    0.6
  57811 106.60  26.85 1242   0.01
  57813 106.47  26.57 1265    0.3
  57814 106.27  26.42 1285    0.7
  57818 106.45  26.03 1145    1.4
  57824 107.23  26.58 1005   0.01
  57828 107.58  26.50  983    0.7
  57829 107.80  26.20  964    3.3
  57835 108.43  26.72  521    0.1
  57837 108.07  26.40  838    0.1
  57842 109.72  26.88  281   33.5
  57844 109.18  26.68  344    0.5
  57846 110.15  26.58  307    0.1
  57851 110.85  26.45  307    0.2
  57887 113.12  26.13  124    0.1
  57900 105.22  25.83 1553    0.4
  57903 105.60  25.93 1138    1.3
  57905 105.63  25.40 1063    0.7
  57908 105.48  25.12 1393   0.01
  57909 105.82  24.98  584    0.3
  57911 106.65  26.67 1325    0.2
  57913 106.98  26.45 1095   0.01
  57914 106.67  26.42 1143    0.1
  57921 107.32  25.83  710    0.1
  57923 107.87  25.98  418    1.0
  57936 108.92  25.75  255    0.3
  57941 109.60  25.78  198   0.01
  57948 109.25  25.08  123   0.01
  57954 110.18  25.23  158   0.01
  57956 110.32  25.42  169    0.4
  57958 110.32  25.08  152   0.01
  57962 111.65  25.97  166   0.01
  57964 111.15  25.50  258    0.7
  57969 111.33  25.27  230    0.9
  57975 112.20  25.38  278    0.1
  57978 112.55  25.28  291   0.01
  57988 113.35  25.15  103    2.3
  57989 113.73  25.10   96    8.5
  57994 114.35  25.40  208   0.01
  57995 114.93  25.40  166    0.3
  58714 116.23  27.55  115    0.1
  58747 119.35  27.15  900   0.01
  58814 116.35  26.35  237   0.01
  58822 116.85  26.83  341    0.1
  58824 117.15  26.40  355    0.4
  58845 119.53  26.50   57   0.01
  58906 115.80  25.60  167   0.01
  58907 115.40  25.15  300    6.7
  58912 116.75  25.72  379    0.3
  58917 116.10  25.08  307    4.3
  58928 117.53  25.02  160    3.0
  58934 118.27  25.33  170   0.01
  58941 119.50  25.97   11    0.1
  59012 106.55  24.78  973    1.4
  59015 106.57  24.35  442   0.01
  59022 107.55  24.98  695   0.01
  59025 107.38  24.53  249   0.01
  59027 107.25  24.13  244    2.7
  59031 108.25  24.83  205    0.3
  59033 108.90  24.78  330   0.01
  59038 108.65  24.07  142    0.7
  59045 109.75  24.48   95    0.1
  59051 110.50  24.77  133    1.3
  59052 110.82  24.83  167    0.2
  59053 110.67  24.62  108    7.4
  59055 110.40  24.50  166    8.8
  59059 110.80  24.18  107    1.6
  59061 111.27  24.82  198    4.0
  59064 111.32  24.55  141    9.8
  59071 112.28  24.73  175    1.9
  59074 112.15  24.57  300    8.2
  59075 112.63  24.48   70   21.3
  59081 113.27  24.78   98   10.1
  59090 114.07  24.95  103    8.6
  59091 114.53  24.75  257    4.1
  59093 115.03  24.78  254    7.9
  59094 114.12  24.37  135    5.6
  59099 114.93  24.45  175   12.4
  59106 115.90  24.58  152   17.4
  59109 115.73  24.15  126   10.6
  59114 116.17  24.65  131    7.4
  59122 117.75  24.62   42    5.0
  59124 117.37  24.52   31    5.0
  59125 117.30  24.38  105    6.3
  59127 117.83  24.43   14    1.1
  59129 117.60  24.13   53    4.1
  59130 118.15  24.73   28    0.1
  59137 118.57  24.82   55    1.6
  59215 106.62  23.33  640    0.3
  59229 107.70  23.18  101   0.01
  59230 108.17  23.72  173    2.2
  59235 108.62  23.43  116   0.01
  59241 109.68  23.97   91   0.01
  59255 110.38  23.55   37    0.1
  59256 110.92  23.37   56    0.1
  59264 111.50  23.40   79   0.01
  59269 111.77  23.15   27   0.01
  59270 112.18  23.92   78    0.3
  59276 112.65  23.35   40   0.01
  59279 112.87  23.18   18   0.01
  59284 113.22  23.38    6    0.6
  59285 113.60  23.57   39    0.1
  59290 114.23  23.73   71    1.3
  59310 116.18  23.77   39    3.6
  59312 116.63  23.67   11    1.2
  59313 116.98  23.68   42    1.6
  59314 116.13  23.30   27    0.9
  59315 116.38  23.58   25    2.7
  59318 116.58  23.27   10    0.9
  59319 116.77  23.47    9    0.2
  59320 117.13  23.77   27    2.1
  59322 117.37  23.98   20    8.3
  59419 106.75  22.10  243   0.01
  59421 107.20  22.83  257   0.01
  59432 108.40  22.80  203   0.01
  59435 108.48  22.77   75   0.01
  59448 109.55  22.27   70    0.2
  59457 110.27  22.32  120   0.01
  59469 111.78  22.17   33   0.01
  59480 113.25  22.85   21    0.3
  59487 113.30  22.23   12   0.01
  59500 115.32  22.97   10   0.01
  59635 108.35  21.62   26   0.01
  59650 110.25  21.38   25   0.01
  59656 110.77  21.43   29   0.01
  59659 110.92  21.75   32    0.1
  59750 110.10  20.92   25   0.01
  59843 110.00  19.73   36    0.1
  59847 109.05  19.27  101    0.1
  59848 109.43  19.23  219    1.1
  59851 110.33  19.70   25    0.1
  59854 110.10  19.37  119   16.6
  59856 110.75  19.62   26    0.2
  59940 109.17  18.75  156    0.3
  59941 109.52  18.77  328   0.01
  59945 109.70  18.65   65   0.01
  59951 110.33  18.80   38    7.4
