diamond  3 2013年03月01日08点24小时降雨量                    
  13  03  01  08    -1 3 10 25 50 1 0
 39 122.7  37.3 122.5  36.7 120.8  36.2 119.3  35.0 120.4  34.3
 121.1  32.7 122.3  30.9 122.5  30.1 121.5  28.0 119.8  25.0
 116.1  22.6 111.0  21.0 111.0  18.6 109.6  18.1 108.3  18.5
 108.9  19.9 109.3  21.0 106.4  21.6 104.1  22.2 101.6  20.8
  98.7  22.0  97.1  24.1  97.7  27.0  91.7  26.6  85.7  27.7
  78.9  30.6  73.3  37.1  74.1  40.7  87.6  49.8  98.5  43.9
 110.4  44.3 122.0  54.7 135.7  48.3 131.5  42.2 125.2  39.4
 121.3  38.5 121.2  40.3 118.5  38.6 120.8  38.1
1         743
  50431 121.52  50.78  718    0.1
  50445 123.73  50.58  424   0.01
  50524 119.43  49.32  578    0.1
  50525 119.75  49.15  621    0.4
  50526 120.70  49.28  670    1.1
  50566 128.47  49.55  117   0.01
  50645 124.48  48.48  196   0.01
  50646 124.85  48.48  204    0.1
  50647 123.48  48.13  237    0.7
  50655 126.18  48.50  267    0.1
  50659 126.25  48.03  293    0.2
  50741 123.50  47.93  186    0.6
  50749 124.83  47.18  159    1.9
  50750 125.30  47.90  228   0.01
  50755 126.10  47.60  232    0.9
  50767 127.10  47.23  204    1.0
  50772 129.23  48.10  299    0.1
  50775 130.27  47.33  229    6.4
  50776 130.83  47.57   84    1.5
  50778 132.53  47.67   59    0.5
  50779 134.28  48.37   41   0.01
  50787 131.85  47.28   63    2.5
  50832 122.08  46.72  334    6.6
  50833 122.90  46.72  189   10.4
  50842 124.42  46.83  145    4.1
  50851 126.08  46.68  209    4.0
  50852 126.45  46.83  170    1.5
  50858 125.93  46.07  136    6.3
  50859 126.27  46.25  160    8.9
  50861 127.48  46.88  186    4.2
  50867 127.35  46.08  134    3.4
  50871 129.88  46.73   96    2.7
  50878 130.72  47.00   80    3.4
  50879 130.55  46.22  187    2.2
  50880 131.12  46.73  104    2.6
  50884 131.15  46.63  176    2.6
  50892 134.00  46.80   57    0.7
  50913 118.83  45.72  866    3.3
  50924 119.67  45.53  824    2.7
  50928 120.33  45.07  629    0.4
  50934 121.58  45.38  309    4.0
  50937 121.47  45.05  250    3.0
  50939 122.82  45.33  154    5.7
  50940 123.17  45.85  142   10.4
  50946 124.83  45.18  140    8.4
  50954 125.08  45.50  129    8.3
  50956 126.57  45.93  117    2.6
  50958 126.95  45.52  175    3.7
  50960 127.45  45.78  192    6.6
  50962 128.03  45.95  113    3.2
  50964 128.80  45.83  123    5.2
  50965 128.30  45.45  157   11.1
  50971 131.02  45.77  226    4.1
  50979 130.23  45.27  279    6.6
  50985 131.87  45.55  155    5.2
  50987 131.13  45.25  181    2.1
  51328  80.42  44.20  774    2.6
  51329  80.85  44.05  641    2.8
  51430  81.15  43.83  605    2.9
  51434  81.53  43.97  771    3.3
  51435  82.23  43.47  776    2.3
  51436  83.25  43.45  929    0.9
  51438  81.77  43.18 1210   0.01
  51482  90.28  43.83 1271   0.01
  52995 104.62  35.58 1898   0.01
  52998 104.20  35.13 2111   0.01
  53272 112.63  42.75 1106    0.1
  53289 113.83  42.23 1322   0.01
  53378 112.62  41.28 1737   0.01
  53384 113.18  41.45 1424   0.01
  53392 114.60  41.85 1424    0.6
  54024 119.30  44.45  710    1.0
  54031 121.82  44.90  201    3.1
  54039 122.02  44.03  182    0.2
  54047 123.28  44.13  146    2.4
  54065 125.65  44.53  173    5.5
  54069 125.80  44.17  175    5.5
  54072 126.52  44.85  203    4.7
  54076 126.93  44.42  254    7.7
  54080 127.15  44.90  196    7.6
  54092 129.40  44.60  294   10.9
  54093 130.55  44.93  266    1.6
  54098 129.47  44.33  272    2.8
  54099 131.13  44.08  151    3.9
  54117 117.53  43.25 1004    0.7
  54122 120.05  43.88  375   0.01
  54132 121.07  42.40  400   0.01
  54154 124.30  43.35  163   13.9
  54155 124.23  43.67  145    5.0
  54156 124.80  43.52  200    8.6
  54164 125.28  43.35  249    5.2
  54169 126.02  43.30  270    4.0
  54172 126.60  43.78  199    6.8
  54187 128.92  43.12  369   10.4
  54192 130.27  43.70  386    1.9
  54204 115.00  42.30 1347    0.3
  54205 116.00  42.23 1316    0.1
  54231 122.35  42.97  249    2.7
  54234 121.75  42.73  300    0.5
  54244 123.33  42.75  120    3.7
  54245 123.40  42.50   99    4.4
  54248 123.53  42.03   67    7.8
  54249 123.87  42.30   79    5.9
  54252 124.75  42.73  198    6.1
  54261 125.52  42.68  343    5.2
  54267 125.73  42.25  363    4.3
  54274 126.07  42.68  300    6.7
  54290 129.40  42.77  245    4.2
  54291 130.28  42.90   37    4.6
  54293 129.83  42.95  141    5.7
  54305 115.27  41.88 1468   0.01
  54323 120.78  41.82  253    0.1
  54325 120.35  41.18  183   0.01
  54328 119.72  41.08  300   0.01
  54330 121.37  41.17   61    0.5
  54331 121.77  41.58   83    0.5
  54332 122.72  41.52   13    5.8
  54336 122.42  41.42   13    2.6
  54338 121.95  41.28    4    1.9
  54340 123.32  41.67   47   10.5
  54345 123.07  41.20   29    5.1
  54347 123.17  41.23   25    7.7
  54348 123.32  41.42   43    9.3
  54362 125.73  41.67  388    7.0
  54371 126.43  41.93  521   11.3
  54424 117.12  40.17   33   0.01
  54425 117.48  40.42  584   0.01
  54428 117.40  40.03   19   0.01
  54431 116.63  39.92   40   0.01
  54432 118.48  40.60  305   0.01
  54434 118.30  40.17  103    0.7
  54437 118.65  39.50   19    0.3
  54438 118.88  39.88   61    0.4
  54439 118.72  40.02   51    0.4
  54474 122.35  40.42   27    3.8
  54475 122.48  40.62   15    6.8
  54483 123.90  40.88  239   13.4
  54494 124.07  40.47   74    6.1
  54517 117.20  39.07    5    0.2
  54522 117.73  39.88   19    0.2
  54526 117.33  39.08   10   0.01
  54529 117.82  39.35   12   0.01
  54530 117.77  39.23    6   0.01
  54531 118.72  39.73   43    0.4
  54532 118.10  39.80   35    0.1
  54533 118.10  39.58    9   0.01
  54540 119.17  39.72   14    0.8
  54541 119.23  39.90   23    0.4
  54568 121.70  39.08   40    1.5
  54569 121.97  39.40   35    0.9
  54575 122.37  39.42   44    1.5
  54590 124.17  39.88    5    4.5
  54612 116.45  38.87    7   0.01
  54615 116.83  38.58    8    0.2
  54616 116.85  38.35    9    0.3
  54617 116.12  38.18   13   0.01
  54619 116.92  38.92    8    0.2
  54622 117.37  38.98    3   0.01
  54627 117.23  38.03    8    0.1
  54644 117.12  38.05   11    0.2
  54645 117.47  38.85    3    0.1
  54707 115.98  37.35   28   0.01
  54709 116.07  37.22   30   0.01
  54710 116.17  37.87   19   0.01
  54711 116.28  37.70   19   0.01
  54713 116.53  37.88   15   0.01
  54714 116.33  37.45   24   0.01
  54716 116.80  37.67   17   0.01
  54717 116.40  37.63   18   0.01
  54718 116.43  37.15   26   0.01
  54719 116.68  38.03   12    0.1
  54722 117.63  37.75    7   0.01
  54723 117.57  37.65   11   0.01
  54724 117.13  37.32   21   0.01
  54726 117.18  37.70   12   0.01
  54728 117.38  37.77   16   0.01
  54729 117.87  37.17   11   0.01
  54730 118.13  37.70   11   0.01
  54731 118.22  37.48   16   0.01
  54732 118.52  37.87   13   0.01
  54734 118.00  37.35   12   0.01
  54736 118.67  37.43    9   0.01
  54737 118.15  37.15   17   0.01
  54738 118.40  37.05   20   0.01
  54752 120.77  37.80   64   0.01
  54759 120.83  37.30  172   0.01
  54765 121.43  37.48   57   0.01
  54766 121.62  37.38   23   0.01
  54777 122.07  37.20  112   0.01
  54778 122.48  37.17   60   0.01
  54803 116.02  36.98   28   0.01
  54811 116.62  36.93   22   0.01
  54812 116.75  36.78   23    0.2
  54815 116.27  36.38   33    0.2
  54816 116.80  36.52   82    0.5
  54818 116.42  36.25   72    0.4
  54819 116.80  36.18  118   0.01
  54821 117.20  37.00   21   0.01
  54822 117.73  36.87   46    0.7
  54824 117.95  36.63   95    1.2
  54825 117.85  36.52  195    1.0
  54827 117.15  36.17  137   0.01
  54828 117.68  36.23  228   0.01
  54829 117.87  36.77   88    0.5
  54830 117.93  36.82   35    0.2
  54831 118.50  36.65  102   0.01
  54832 118.73  36.88   29   0.01
  54833 118.08  36.97   19   0.01
  54834 118.28  36.87   46   0.01
  54835 118.55  36.50  110   0.01
  54837 118.83  36.68   76   0.01
  54849 120.00  36.27   16   0.01
  54852 120.73  36.97   53   0.01
  54861 121.53  36.93   47   0.01
  54871 122.48  36.93    9   0.01
  54906 115.42  35.25   51   0.01
  54907 116.65  34.98   38   0.01
  54911 116.45  35.93   51    0.1
  54912 116.48  35.70   47    0.2
  54913 116.82  35.75   67   0.01
  54915 116.60  35.43   34   0.01
  54918 116.97  35.60   66    0.4
  54919 116.98  35.42  111   0.01
  54920 117.28  35.65  110    1.5
  54921 116.33  35.42   39   0.01
  54922 117.78  35.88  223   0.01
  54923 117.93  35.72  202   0.01
  54925 117.63  35.52  170    0.4
  54927 117.20  35.10   79    0.1
  54932 118.65  35.77  184   0.01
  54935 118.43  35.53  120    0.4
  54938 118.40  35.05   66   0.01
  54939 118.82  35.17  116    0.2
  56095 104.38  34.03 1754   0.01
  56097 104.23  33.27 1407   0.01
  56180 103.85  31.68 1591   0.01
  56190 104.55  31.55  518   0.01
  56273 102.82  30.38 1011    1.1
  56278 102.77  30.07  756    1.6
  56279 102.93  30.15  683    2.2
  56280 103.12  30.08  692   0.01
  56281 103.50  30.18  512    0.4
  56373 102.85  29.78  763    1.9
  56380 103.37  29.92  466    0.6
  56389 103.95  29.20  386    0.2
  56480 103.53  28.82  564    0.3
  56483 103.95  28.60  412    0.2
  56490 103.90  28.95  396   0.01
  56497 104.23  28.10  433    0.7
  56498 104.50  28.17  442    0.2
  56499 104.78  28.38  368    1.6
  56582 103.90  27.75 1177   0.01
  56592 104.52  28.43  360   0.01
  56595 104.87  27.42 1644   0.01
  56596 105.05  27.85 1176    0.3
  56989 103.95  22.50  138   0.01
  57006 105.75  34.58 1142   0.01
  57007 105.18  34.18 1406   0.01
  57008 105.30  34.03 1578   0.01
  57012 106.20  34.98 1665   0.01
  57102 105.72  33.75  971   0.01
  57105 105.60  33.33 1219   0.01
  57110 106.08  33.78  930    0.6
  57175 112.23  33.05  192    0.3
  57189 113.95  33.13   65    0.2
  57195 114.62  33.62   47   0.01
  57196 114.87  33.47   42    0.2
  57198 114.62  33.55   47   0.01
  57247 108.90  32.32  442   0.01
  57248 109.33  32.40  429    0.3
  57249 109.68  32.32  453    0.3
  57257 110.23  32.23  309    1.5
  57260 111.52  32.55  143   0.01
  57271 112.38  32.55   89    0.1
  57273 112.85  32.68  110    0.1
  57274 112.12  32.70  108    0.3
  57292 114.63  32.97   44    0.2
  57293 114.98  32.73   39    0.1
  57295 114.35  32.62   83    0.1
  57296 114.73  32.35   50    0.1
  57298 114.55  32.22   56    0.2
  57299 114.90  32.02   50    4.8
  57320 107.22  31.93  483   0.01
  57326 107.72  31.37  390   0.01
  57329 107.85  31.10  462    1.1
  57333 108.67  31.95  800    0.6
  57338 108.42  31.18  213    1.6
  57339 108.68  30.95  296    0.5
  57345 109.62  31.40  339    2.5
  57349 109.87  31.07  270    2.2
  57361 111.27  31.88  331   0.01
  57362 110.67  31.75  939    0.2
  57363 111.83  31.80  146    0.3
  57368 111.63  31.05  138    0.3
  57370 112.22  31.73   68    0.3
  57377 112.22  31.00  184   0.01
  57385 113.82  31.63   94    2.3
  57387 113.13  31.00   80    4.1
  57388 113.70  31.27   55    2.1
  57389 113.75  31.03   33    9.7
  57390 114.07  31.80  731    6.4
  57396 114.85  31.63  130   19.1
  57398 114.62  31.28   76   13.0
  57420 107.20  30.75  397    0.1
  57425 107.33  30.33  430    0.6
  57431 108.35  30.83  256    1.3
  57437 108.03  30.30  326    4.2
  57438 108.12  29.98  630    4.4
  57453 111.32  30.77  116   0.01
  57460 111.78  30.82   91   0.01
  57464 111.18  30.47  144    0.5
  57465 111.45  30.38   76    1.5
  57466 111.77  30.43   50    2.3
  57469 111.77  30.18   68    1.6
  57475 112.90  30.40   33   14.3
  57477 112.22  30.07   39    8.5
  57481 113.58  30.95   31    7.4
  57485 113.45  30.37   33    2.3
  57486 113.85  30.65   25    3.1
  57489 114.00  30.58   39    3.1
  57491 114.40  30.87   31    1.4
  57492 114.80  30.83   33    2.1
  57496 114.87  30.37   30    4.1
  57498 114.90  30.43   22    3.6
  57499 114.97  30.10   40    1.5
  57509 106.93  28.95  325    3.1
  57519 107.08  29.15  559    3.0
  57522 107.42  29.75  273    1.0
  57525 107.75  29.32  273    1.9
  57537 108.17  29.30  321    5.9
  57540 109.15  29.68  776   15.4
  57541 109.48  30.00  533    8.6
  57543 110.03  29.88  540    4.4
  57544 109.45  29.47  486    4.9
  57558 110.47  29.13  184    1.8
  57564 111.13  29.43  103    4.3
  57565 111.75  29.65   39   11.9
  57566 111.65  29.45   50    4.8
  57571 112.40  29.70   37    2.7
  57575 112.57  29.52   32    6.7
  57577 112.17  29.40   37    4.6
  57582 113.88  29.73   51   16.3
  57585 113.45  29.48   60    9.8
  57586 114.03  29.53   79   11.3
  57589 113.80  29.25  103    4.0
  57590 114.37  29.85   64   11.2
  57596 114.20  29.63    0   16.6
  57623 107.60  28.88  684    2.2
  57634 107.88  28.52  658    3.2
  57635 108.98  28.45  363    5.8
  57636 108.50  28.57  335    2.9
  57637 108.12  28.25  524    2.8
  57640 109.45  28.58  344    3.4
  57643 109.83  29.00  268    5.1
  57646 109.95  28.62  301   10.9
  57657 110.20  28.22  182    9.5
  57658 110.20  28.02  144    4.3
  57661 111.48  28.92   51    0.8
  57663 111.95  28.92   31    1.9
  57666 112.13  28.52   49    6.6
  57674 112.47  28.57   44    8.8
  57678 112.55  28.25   71    6.1
  57680 113.07  28.80   47    8.4
  57688 113.63  28.15  100    4.2
  57694 114.38  28.53  256    7.5
  57698 114.45  28.12   99   22.0
  57699 114.92  28.23   68    5.4
  57713 106.88  27.70  844   0.01
  57714 106.23  27.47  942   0.01
  57720 107.17  27.88  888    0.1
  57723 107.72  27.98  710    0.9
  57728 107.47  27.07 1095    0.5
  57732 108.40  28.02  458    1.0
  57734 108.23  27.57  468    0.8
  57735 108.82  27.18  396    3.4
  57736 108.85  27.70  376   13.4
  57737 108.12  27.03  546    1.2
  57738 108.42  27.05  517    3.1
  57739 108.88  27.23  375    3.8
  57740 109.60  27.95  349    4.3
  57742 109.20  27.52  883    3.9
  57743 109.80  27.88  176    5.5
  57744 109.17  27.37  356    3.9
  57754 110.15  27.35  170    0.9
  57760 111.43  27.70  247    3.2
  57762 111.70  27.68  163    2.4
  57763 112.00  27.73  151    0.7
  57767 111.03  27.12  266    0.1
  57768 111.45  27.32  242    3.6
  57769 111.73  27.23  257    3.2
  57771 112.52  27.93   89    1.3
  57772 112.50  27.75   84    0.2
  57773 112.82  27.87   63    1.6
  57777 112.87  27.23   65    7.9
  57778 112.95  27.10   68    3.3
  57781 113.50  27.65   71    9.9
  57786 113.85  27.65  110    4.7
  57792 114.68  27.82   93   11.8
  57796 114.93  27.80   79   12.6
  57798 114.60  27.40   89    4.6
  57821 107.50  26.70  924    0.1
  57822 107.90  26.90  833    0.1
  57824 107.23  26.58 1005   0.01
  57828 107.58  26.50  983    0.9
  57829 107.80  26.20  964    0.8
  57834 108.30  26.68  642    1.2
  57835 108.43  26.72  521    0.7
  57837 108.07  26.40  838    1.4
  57842 109.72  26.88  281    0.3
  57844 109.18  26.68  344    1.7
  57851 110.85  26.45  307    0.1
  57859 110.63  26.03  409    1.8
  57860 111.28  27.00  282    0.3
  57865 111.58  26.47  166    1.3
  57867 111.28  26.40  169    0.5
  57868 111.87  26.60  113    2.8
  57870 112.10  26.80  151    1.4
  57871 112.37  26.98   91    2.2
  57875 112.50  26.88   71    2.1
  57876 112.83  26.43  118   0.01
  57881 113.25  26.72  105    0.2
  57882 113.55  26.78  135    1.8
  57883 114.28  26.75  257   0.01
  57891 114.25  26.93  144    0.2
  57923 107.87  25.98  418    1.3
  57941 109.60  25.78  198    1.2
  57942 110.00  25.80  267   0.01
  57948 109.25  25.08  123   0.01
  57949 110.00  24.98  157   0.01
  57954 110.18  25.23  158    0.2
  57955 110.67  25.62  224   0.01
  57956 110.32  25.42  169    0.4
  57960 111.07  25.93  192    2.0
  57962 111.65  25.97  166    0.3
  57964 111.15  25.50  258   0.01
  57971 112.20  25.92  225   0.01
  57975 112.20  25.38  278   0.01
  57976 112.95  25.42  226   0.01
  57978 112.55  25.28  291    0.7
  57985 113.68  25.57  608   0.01
  57988 113.35  25.15  103    1.4
  57989 113.73  25.10   96    3.1
  57990 114.30  25.70  252    0.3
  57991 114.55  25.80  148    0.2
  57992 114.75  25.67  129   0.01
  57994 114.35  25.40  208    0.7
  57995 114.93  25.40  166    0.7
  58012 116.58  34.68   40   0.01
  58013 116.90  34.75   40    0.1
  58016 116.97  34.18   39    0.1
  58017 116.13  34.25   42   0.01
  58020 117.13  34.80   38   0.01
  58021 117.28  34.78   80   0.01
  58022 117.57  34.75   48   0.01
  58024 117.58  34.87   78   0.01
  58025 117.73  34.57   32    0.5
  58030 118.07  34.85   47   0.01
  58035 118.35  34.33   30    0.2
  58036 118.73  34.52   39    0.4
  58044 119.23  34.53    5   0.01
  58045 119.60  34.20    8    0.5
  58048 119.35  34.12    9    0.1
  58049 119.82  34.03    7    0.2
  58100 115.17  33.65   42    0.2
  58101 115.48  33.87   42   0.01
  58104 115.07  33.40   42    0.5
  58107 115.25  33.07   40    0.2
  58108 115.33  33.23   46   0.01
  58109 115.62  33.18   37    0.9
  58113 116.75  33.93   35    0.5
  58114 116.18  33.48   29    0.2
  58116 116.83  33.98   32    0.8
  58117 116.20  33.13   33    0.1
  58125 117.55  33.55   28    1.2
  58126 117.87  33.47   24    0.9
  58127 117.20  32.98   23    2.4
  58128 117.30  33.32   23    0.4
  58129 117.87  33.13   20    6.6
  58131 118.27  33.98   28    2.5
  58132 118.68  33.72   19    3.0
  58139 118.88  33.30   13    5.9
  58140 119.30  33.77   13    0.8
  58145 119.17  33.53    8    1.0
  58146 119.77  33.47    7    3.3
  58147 118.97  32.98   28    7.1
  58148 119.30  33.23   11    7.2
  58154 120.20  33.43    7    4.3
  58202 115.58  32.63   37    0.8
  58205 115.43  32.47   36    2.2
  58207 115.05  32.17   42    7.8
  58210 116.23  32.65   25    5.0
  58212 116.73  32.72   27    4.6
  58214 116.28  32.33   37    8.7
  58220 117.15  32.47   32    6.6
  58222 117.55  32.85   31    8.5
  58223 117.98  32.78   38    9.2
  58224 117.02  32.65   36    6.5
  58230 118.27  32.08   34    6.7
  58234 118.42  32.47   43   16.1
  58235 118.85  32.37   16    4.3
  58237 118.62  32.05   22    4.3
  58240 119.02  32.68   25    8.0
  58242 119.18  32.28   14    2.3
  58243 119.83  32.93    7    3.5
  58244 119.58  32.45   10    4.5
  58245 119.42  32.42   14    4.9
  58246 119.90  32.52   11    2.8
  58247 119.82  32.25    5    4.2
  58249 120.00  32.17    8    1.8
  58250 120.15  32.52   10    1.2
  58254 120.45  32.52    5    1.3
  58257 120.25  31.98   12    1.7
  58264 121.18  32.33   11    2.7
  58268 121.08  32.10    8    4.4
  58269 121.65  31.78   12    5.6
  58301 115.38  31.82   90   20.6
  58306 115.88  31.68   94   14.4
  58316 116.95  31.47   26    5.6
  58317 116.37  30.87  434   13.1
  58320 117.13  31.73   26    6.6
  58323 117.47  31.88   29    6.9
  58327 117.28  31.25   24   12.2
  58329 117.87  31.33   24   13.5
  58330 118.08  31.75   20    2.3
  58331 118.37  31.73   26    3.6
  58334 118.37  31.38   23    7.2
  58335 118.52  31.57   16    3.0
  58337 118.18  31.08   30   12.5
  58339 118.90  31.33   24    7.2
  58340 119.03  31.65   23    4.4
  58341 119.58  31.98   10    2.0
  58342 119.55  31.72    7    5.8
  58344 119.20  31.97   35    5.1
  58346 119.82  31.33   15    5.7
  58349 120.63  31.27    9    6.9
  58351 120.30  31.90   12    2.7
  58352 120.77  31.65    8    3.6
  58353 120.57  31.87    6    2.6
  58359 120.62  31.13    9   12.6
  58360 121.20  31.92    6    4.2
  58361 121.37  31.10   10   12.4
  58365 121.25  31.37    9    8.8
  58366 121.40  31.63    9    6.6
  58367 121.43  31.20   18   14.9
  58369 121.78  31.05    9   13.7
  58370 121.55  31.22   11   16.8
  58377 121.10  31.47    6    5.6
  58401 115.40  30.78  106    6.6
  58404 115.22  30.47   57    8.9
  58408 115.43  30.23   35    9.8
  58409 115.93  30.07   20   11.8
  58415 116.58  30.63   38    5.6
  58416 116.82  30.75   38    9.2
  58417 116.13  30.17   50   12.2
  58418 116.70  30.13   26   11.0
  58420 117.22  30.72   38   18.8
  58421 117.87  30.63   32   16.4
  58423 117.78  30.48  643   29.0
  58426 118.13  30.30  192   12.0
  58427 117.48  30.67   36   14.7
  58428 117.48  30.22  115    6.6
  58431 118.32  30.92   17   14.5
  58432 118.40  30.68   39   20.7
  58433 118.75  30.93   30   17.2
  58435 118.53  30.30  221    6.6
  58438 118.58  30.08  197   16.0
  58441 119.42  30.87   53   13.9
  58442 119.18  31.13   16    7.6
  58443 119.90  31.02   19   19.2
  58446 119.68  30.63   25   11.9
  58449 119.95  30.05   47   13.8
  58451 120.93  30.83    3   17.6
  58452 120.77  30.73    4   13.8
  58453 120.50  30.07   10   13.7
  58454 119.97  30.53    5   12.6
  58455 120.65  30.52    8    9.0
  58456 120.52  30.63    6   10.9
  58458 120.90  30.53    3   11.2
  58459 120.28  30.18   42   10.7
  58460 121.35  30.73    6   12.7
  58461 121.12  31.13    8   16.6
  58462 121.23  31.03    9   14.0
  58463 121.50  30.88    9   19.1
  58468 121.17  30.05   10    4.5
  58484 122.20  30.25    9    4.7
  58501 115.63  29.93   25   12.6
  58502 116.00  29.73   37    4.9
  58503 115.68  29.70   41    9.1
  58508 115.77  29.33   42    7.0
  58509 115.82  29.05   38   24.4
  58510 116.23  29.73   40    4.9
  58512 116.55  29.90   66    8.4
  58514 116.05  29.45   35   18.5
  58517 116.20  29.27   43   16.1
  58523 117.93  29.93  231   13.1
  58529 117.85  29.27   82   15.2
  58530 118.43  29.87  170   18.2
  58534 118.18  29.78  173   49.6
  58537 118.40  29.13  153    5.2
  58542 119.68  29.82   45   24.2
  58544 119.27  29.48   87   14.7
  58546 119.88  29.47  114    7.4
  58547 119.18  29.03   65    9.4
  58548 119.47  29.22   46    9.7
  58550 120.25  29.70   39   11.8
  58555 120.88  29.52  112    7.7
  58558 120.22  29.27   89    3.8
  58559 120.98  29.17   59    0.6
  58561 121.60  29.98    3    3.2
  58563 121.83  29.88    4    6.2
  58565 121.43  29.68    6    2.6
  58566 121.88  29.47   14    1.2
  58567 121.43  29.32   39    0.8
  58568 121.38  29.12   35   0.01
  58570 122.30  29.95   83    7.4
  58601 115.38  28.70   54   21.5
  58602 115.55  28.85   46   18.8
  58605 115.38  28.42   49    8.9
  58607 115.95  28.55   35   11.1
  58609 115.82  28.22   30    3.9
  58612 116.68  28.70   22   12.2
  58614 116.27  28.38   40    9.2
  58615 117.08  28.68   56    6.9
  58616 116.82  28.20   44    9.2
  58618 116.60  28.23   51   12.9
  58619 116.37  28.00   47   11.0
  58620 117.13  28.97   37   14.3
  58623 117.92  28.47   92    3.4
  58624 117.43  28.40   64    8.9
  58625 117.60  28.42   80    4.2
  58627 117.03  28.25   64    9.3
  58629 117.70  28.32   59    7.6
  58631 118.50  28.90  134   16.2
  58632 118.60  28.72  124   13.0
  58635 118.20  28.43   96    4.3
  58642 119.80  28.88  102    0.8
  58643 120.03  28.90   99    1.6
  58644 119.28  28.60  237    6.7
  58647 119.13  28.07  196    1.2
  58654 120.08  28.67  184    0.1
  58657 120.28  28.15   59   0.01
  58659 120.65  28.03   29    0.2
  58693 115.83  28.70   37   20.4
  58701 115.40  27.77   47   20.6
  58704 115.35  27.62   61    8.5
  58706 115.83  27.43  180    4.9
  58707 115.13  27.22   66    2.4
  58710 116.05  27.77   76    8.8
  58712 116.78  27.92  123    8.4
  58713 117.07  27.72  220    1.3
  58714 116.23  27.55  115   10.7
  58719 116.93  27.30  123    0.2
  58724 117.30  27.52  264    1.0
  58735 118.80  27.52  201    0.1
  58745 119.07  27.62  368   0.01
  58747 119.35  27.15  900    0.1
  58749 119.88  27.23  680   0.01
  58750 120.08  27.78  106   0.01
  58828 117.62  26.27  206    0.2
  58839 118.85  26.23   42    1.2
  58844 119.15  26.15   49    0.9
  58845 119.53  26.50   57    0.2
  58848 119.55  26.20   12    0.3
  58905 115.42  25.97  136   0.01
  58906 115.80  25.60  167   0.01
  58907 115.40  25.15  300   0.01
  58917 116.10  25.08  307    0.1
  58929 118.15  25.07   66   0.01
  58932 118.93  25.87   85    0.4
  58934 118.27  25.33  170    0.2
  58940 119.33  26.08   28    0.7
  58941 119.50  25.97   11    1.5
  58942 119.38  25.72   39   0.01
  58946 119.00  25.45   84   0.01
  59022 107.55  24.98  695   0.01
  59025 107.38  24.53  249   0.01
  59033 108.90  24.78  330   0.01
  59047 109.33  24.25  101   0.01
  59051 110.50  24.77  133   0.01
  59053 110.67  24.62  108   0.01
  59057 110.18  24.13  827   0.01
  59059 110.80  24.18  107    0.5
  59061 111.27  24.82  198    0.5
  59063 111.45  25.18  262    0.1
  59064 111.32  24.55  141    0.2
  59071 112.28  24.73  175   0.01
  59074 112.15  24.57  300   0.01
  59075 112.63  24.48   70    7.8
  59081 113.27  24.78   98    5.4
  59090 114.07  24.95  103    1.5
  59091 114.53  24.75  257    2.0
  59093 115.03  24.78  254    0.1
  59094 114.12  24.37  135    0.4
  59099 114.93  24.45  175    0.4
  59106 115.90  24.58  152    1.6
  59114 116.17  24.65  131    1.0
  59124 117.37  24.52   31    0.4
  59125 117.30  24.38  105    0.4
  59127 117.83  24.43   14    1.0
  59129 117.60  24.13   53    0.2
  59137 118.57  24.82   55   0.01
  59238 108.80  23.22  123   0.01
  59246 109.67  23.60   70   0.01
  59249 109.62  23.12   56    0.2
  59255 110.38  23.55   37   0.01
  59264 111.50  23.40   79   0.01
  59270 112.18  23.92   78    1.5
  59276 112.65  23.35   40    3.8
  59279 112.87  23.18   18    2.1
  59284 113.22  23.38    6    3.6
  59285 113.60  23.57   39    0.3
  59288 113.13  23.05    3    1.0
  59290 114.23  23.73   71    3.6
  59297 114.28  23.18   16    0.3
  59310 116.18  23.77   39   0.01
  59312 116.63  23.67   11    0.1
  59313 116.98  23.68   42    0.3
  59314 116.13  23.30   27    0.2
  59315 116.38  23.58   25   0.01
  59318 116.58  23.27   10    0.3
  59319 116.77  23.47    9    1.4
  59320 117.13  23.77   27    0.1
  59322 117.37  23.98   20    1.7
  59441 109.25  22.70   78   0.01
  59451 110.35  22.70   99   0.01
  59454 111.00  22.92  104    0.4
  59457 110.27  22.32  120    0.1
  59469 111.78  22.17   33    0.6
  59470 112.22  22.72   33   0.01
  59471 112.05  22.93  102    0.1
  59473 112.97  22.77   20   0.01
  59475 112.65  22.40   24    0.9
  59476 113.03  22.53   35   0.01
  59477 112.30  22.18   25    2.2
  59480 113.25  22.85   21   0.01
  59481 113.32  22.93   16   0.01
  59487 113.30  22.23   12    1.8
  59500 115.32  22.97   10    1.6
  59635 108.35  21.62   26    0.3
  59650 110.25  21.38   25   0.01
  59653 110.85  21.93   35   0.01
  59655 110.62  21.65   35   0.01
  59856 110.75  19.62   26   0.01
