diamond  3 2013年03月14日08点24小时降雨量                    
  13  03  14  08    -1 3 10 25 50 1 0
 39 122.7  37.3 122.5  36.7 120.8  36.2 119.3  35.0 120.4  34.3
 121.1  32.7 122.3  30.9 122.5  30.1 121.5  28.0 119.8  25.0
 116.1  22.6 111.0  21.0 111.0  18.6 109.6  18.1 108.3  18.5
 108.9  19.9 109.3  21.0 106.4  21.6 104.1  22.2 101.6  20.8
  98.7  22.0  97.1  24.1  97.7  27.0  91.7  26.6  85.7  27.7
  78.9  30.6  73.3  37.1  74.1  40.7  87.6  49.8  98.5  43.9
 110.4  44.3 122.0  54.7 135.7  48.3 131.5  42.2 125.2  39.4
 121.3  38.5 121.2  40.3 118.5  38.6 120.8  38.1
1         379
  50861 127.48  46.88  186   0.01
  51137  82.93  46.20  715   0.01
  53685 113.42  38.07  953   0.01
  53786 113.37  37.08 1134   0.01
  53788 113.57  37.33 1267   0.01
  53886 113.67  36.57  471   0.01
  54601 115.65  38.98   14    0.1
  56443  99.80  28.93 2842   0.01
  56578 102.75  27.07 1093    0.1
  56580 102.80  27.72 2461   0.01
  56585 103.53  27.18 1916    0.1
  56649  99.97  26.10 2059    0.6
  56652 100.75  26.68 2131   0.01
  56654 100.18  26.58 2196   0.01
  56665 101.85  26.68 1140    0.9
  56670 102.12  26.90 1105   0.01
  56673 102.92  26.92  894    0.5
  56674 101.73  26.50 1107    2.7
  56675 102.58  26.65 1695    0.3
  56697 104.08  26.22 1987    1.3
  56772 102.50  25.23 1694    0.2
  56781 103.27  25.55 1874   0.01
  56785 103.03  25.33 1925    0.8
  56788 103.67  25.03 1842    0.3
  56790 104.25  25.68 1920    0.2
  56846  99.93  24.58 1569    0.1
  56862 101.60  24.68 1966   0.01
  56863 102.48  24.93 1850   0.01
  56872 102.62  24.95 2360   0.01
  56880 103.17  24.92 1532    1.4
  56881 103.27  24.75 1694    5.7
  56882 102.80  24.88 1909    0.5
  56883 103.98  24.83 1846    1.0
  56889 104.17  24.05 1518   0.01
  56891 104.32  24.98 1482    0.9
  57396 114.85  31.63  130    0.1
  57540 109.15  29.68  776    0.3
  57590 114.37  29.85   64    0.1
  57688 113.63  28.15  100    0.7
  57694 114.38  28.53  256    5.0
  57698 114.45  28.12   99    4.8
  57699 114.92  28.23   68    5.2
  57708 105.60  27.15 1704   0.01
  57713 106.88  27.70  844    0.1
  57717 106.83  27.53  974    0.4
  57719 106.97  27.07 1280   0.01
  57723 107.72  27.98  710   0.01
  57728 107.47  27.07 1095    3.5
  57735 108.82  27.18  396    0.2
  57737 108.12  27.03  546    1.0
  57738 108.42  27.05  517    0.1
  57739 108.88  27.23  375    0.1
  57754 110.15  27.35  170    2.7
  57767 111.03  27.12  266    0.3
  57768 111.45  27.32  242    0.7
  57769 111.73  27.23  257    0.1
  57772 112.50  27.75   84   0.01
  57773 112.82  27.87   63    0.1
  57777 112.87  27.23   65    1.5
  57778 112.95  27.10   68    0.7
  57781 113.50  27.65   71    3.7
  57786 113.85  27.65  110    4.6
  57792 114.68  27.82   93    5.5
  57796 114.93  27.80   79    1.4
  57798 114.60  27.40   89    1.8
  57800 105.37  26.77 1458   0.01
  57808 105.75  26.32 1272   0.01
  57811 106.60  26.85 1242    0.1
  57813 106.47  26.57 1265   0.01
  57821 107.50  26.70  924    1.7
  57822 107.90  26.90  833    0.4
  57824 107.23  26.58 1005    0.3
  57828 107.58  26.50  983    0.7
  57829 107.80  26.20  964    4.5
  57834 108.30  26.68  642    6.2
  57835 108.43  26.72  521    6.5
  57837 108.07  26.40  838    5.1
  57842 109.72  26.88  281    4.1
  57844 109.18  26.68  344    1.5
  57846 110.15  26.58  307    0.1
  57851 110.85  26.45  307    0.1
  57860 111.28  27.00  282    0.1
  57870 112.10  26.80  151   0.01
  57871 112.37  26.98   91   0.01
  57875 112.50  26.88   71    0.2
  57876 112.83  26.43  118    2.5
  57881 113.25  26.72  105    2.4
  57882 113.55  26.78  135    3.5
  57883 114.28  26.75  257    1.1
  57886 113.78  26.50  226    3.0
  57887 113.12  26.13  124    4.5
  57891 114.25  26.93  144    2.9
  57899 114.92  26.80   66    0.4
  57914 106.67  26.42 1143   0.01
  57915 106.77  26.63 1102   0.01
  57923 107.87  25.98  418    2.9
  57936 108.92  25.75  255    1.1
  57948 109.25  25.08  123   0.01
  57962 111.65  25.97  166    0.1
  57966 111.95  25.60  205    0.2
  57971 112.20  25.92  225   0.01
  57973 112.72  25.75  328    0.2
  57975 112.20  25.38  278    0.7
  57976 112.95  25.42  226   0.01
  57978 112.55  25.28  291   0.01
  57981 113.22  25.98  141    7.7
  57985 113.68  25.57  608   0.01
  57989 113.73  25.10   96   0.01
  57990 114.30  25.70  252   0.01
  57994 114.35  25.40  208    0.2
  57995 114.93  25.40  166    0.2
  58212 116.73  32.72   27    0.1
  58220 117.15  32.47   32   0.01
  58224 117.02  32.65   36   0.01
  58249 120.00  32.17    8   0.01
  58254 120.45  32.52    5   0.01
  58268 121.08  32.10    8   0.01
  58269 121.65  31.78   12    0.8
  58301 115.38  31.82   90   0.01
  58316 116.95  31.47   26    0.2
  58320 117.13  31.73   26   0.01
  58334 118.37  31.38   23    0.4
  58335 118.52  31.57   16   0.01
  58337 118.18  31.08   30    0.1
  58339 118.90  31.33   24   0.01
  58340 119.03  31.65   23    0.1
  58344 119.20  31.97   35   0.01
  58349 120.63  31.27    9    0.7
  58352 120.77  31.65    8    0.1
  58359 120.62  31.13    9    2.9
  58360 121.20  31.92    6    0.2
  58361 121.37  31.10   10    6.4
  58365 121.25  31.37    9    2.1
  58366 121.40  31.63    9    1.5
  58367 121.43  31.20   18    5.5
  58369 121.78  31.05    9    7.5
  58370 121.55  31.22   11    6.0
  58377 121.10  31.47    6    1.0
  58408 115.43  30.23   35   0.01
  58409 115.93  30.07   20   0.01
  58416 116.82  30.75   38   0.01
  58418 116.70  30.13   26   0.01
  58420 117.22  30.72   38    0.1
  58421 117.87  30.63   32    1.0
  58423 117.78  30.48  643    3.7
  58426 118.13  30.30  192    4.4
  58427 117.48  30.67   36    0.1
  58428 117.48  30.22  115    1.8
  58431 118.32  30.92   17    0.3
  58432 118.40  30.68   39    5.1
  58433 118.75  30.93   30    1.1
  58435 118.53  30.30  221    7.2
  58438 118.58  30.08  197    8.2
  58441 119.42  30.87   53    3.0
  58442 119.18  31.13   16   0.01
  58443 119.90  31.02   19    2.5
  58446 119.68  30.63   25    7.0
  58449 119.95  30.05   47   13.2
  58451 120.93  30.83    3    6.3
  58452 120.77  30.73    4    5.4
  58453 120.50  30.07   10    9.9
  58454 119.97  30.53    5    7.9
  58455 120.65  30.52    8    8.4
  58456 120.52  30.63    6    6.7
  58458 120.90  30.53    3    7.6
  58459 120.28  30.18   42   12.0
  58460 121.35  30.73    6    8.3
  58461 121.12  31.13    8    3.3
  58462 121.23  31.03    9    5.0
  58463 121.50  30.88    9    5.9
  58468 121.17  30.05   10    8.3
  58484 122.20  30.25    9    7.2
  58501 115.63  29.93   25    0.4
  58502 116.00  29.73   37    0.5
  58503 115.68  29.70   41    1.9
  58508 115.77  29.33   42    2.0
  58509 115.82  29.05   38    3.4
  58510 116.23  29.73   40    0.4
  58512 116.55  29.90   66    0.1
  58514 116.05  29.45   35    0.8
  58517 116.20  29.27   43    0.3
  58523 117.93  29.93  231    2.6
  58529 117.85  29.27   82    9.3
  58530 118.43  29.87  170    5.6
  58534 118.18  29.78  173    7.8
  58537 118.40  29.13  153   12.3
  58542 119.68  29.82   45   19.9
  58544 119.27  29.48   87   16.9
  58546 119.88  29.47  114   15.1
  58547 119.18  29.03   65   10.2
  58548 119.47  29.22   46   10.3
  58550 120.25  29.70   39   10.9
  58555 120.88  29.52  112    3.0
  58558 120.22  29.27   89    3.8
  58559 120.98  29.17   59    4.8
  58561 121.60  29.98    3   10.3
  58563 121.83  29.88    4    2.7
  58565 121.43  29.68    6    2.9
  58566 121.88  29.47   14    2.9
  58567 121.43  29.32   39    2.8
  58568 121.38  29.12   35    5.5
  58570 122.30  29.95   83    0.7
  58601 115.38  28.70   54    1.9
  58602 115.55  28.85   46    4.6
  58605 115.38  28.42   49    1.0
  58607 115.95  28.55   35    0.7
  58609 115.82  28.22   30    0.3
  58612 116.68  28.70   22    3.8
  58614 116.27  28.38   40    1.5
  58615 117.08  28.68   56    2.0
  58616 116.82  28.20   44    0.6
  58618 116.60  28.23   51    0.3
  58619 116.37  28.00   47    0.2
  58620 117.13  28.97   37    7.2
  58623 117.92  28.47   92    7.9
  58624 117.43  28.40   64   10.7
  58625 117.60  28.42   80    6.3
  58627 117.03  28.25   64    1.6
  58629 117.70  28.32   59    5.5
  58631 118.50  28.90  134   14.9
  58632 118.60  28.72  124    7.1
  58635 118.20  28.43   96    8.8
  58642 119.80  28.88  102    9.0
  58643 120.03  28.90   99    6.7
  58644 119.28  28.60  237    9.2
  58647 119.13  28.07  196    3.9
  58654 120.08  28.67  184    7.4
  58656 120.97  28.12    7    0.8
  58657 120.28  28.15   59    3.0
  58658 120.68  28.15   36    0.5
  58659 120.65  28.03   29    3.9
  58660 121.13  28.85    8    5.5
  58664 121.37  28.37   33    2.3
  58693 115.83  28.70   37    1.8
  58701 115.40  27.77   47    0.7
  58704 115.35  27.62   61    0.5
  58706 115.83  27.43  180    0.7
  58707 115.13  27.22   66    1.7
  58710 116.05  27.77   76    0.1
  58712 116.78  27.92  123    1.9
  58713 117.07  27.72  220    0.3
  58714 116.23  27.55  115    1.9
  58719 116.93  27.30  123    0.8
  58724 117.30  27.52  264   0.01
  58736 118.82  27.37  220   0.01
  58745 119.07  27.62  368    0.9
  58746 119.70  27.55  514    6.1
  58747 119.35  27.15  900    8.9
  58748 119.65  27.10   51    9.4
  58749 119.88  27.23  680   10.2
  58750 120.08  27.78  106   11.9
  58751 120.55  27.68    5    2.2
  58804 115.35  26.35  153    0.1
  58814 116.35  26.35  237    0.4
  58819 116.80  26.17  329   0.01
  58821 117.47  26.73  174    0.2
  58822 116.85  26.83  341    0.5
  58824 117.15  26.40  355    0.2
  58826 117.80  26.40  120   0.01
  58836 118.73  26.58  359   0.01
  58839 118.85  26.23   42   0.01
  58844 119.15  26.15   49    4.0
  58845 119.53  26.50   57    2.2
  58848 119.55  26.20   12    2.7
  58850 120.23  26.92   88    7.9
  58903 116.03  25.90  208    0.1
  58905 115.42  25.97  136    0.5
  58906 115.80  25.60  167    0.8
  58907 115.40  25.15  300    0.9
  58912 116.75  25.72  379   0.01
  58917 116.10  25.08  307    3.5
  58923 117.83  25.70  397    0.2
  58928 117.53  25.02  160   0.01
  58929 118.15  25.07   66   0.01
  58932 118.93  25.87   85   18.7
  58934 118.27  25.33  170    1.0
  58935 118.23  25.48  516    0.1
  58940 119.33  26.08   28   17.5
  58941 119.50  25.97   11    5.7
  58942 119.38  25.72   39    1.7
  58946 119.00  25.45   84   15.2
  59001 105.33  24.78  674   0.01
  59004 105.10  24.50  729    2.5
  59015 106.57  24.35  442   0.01
  59017 106.27  24.27  279    0.9
  59025 107.38  24.53  249   0.01
  59027 107.25  24.13  244    3.8
  59031 108.25  24.83  205   0.01
  59033 108.90  24.78  330    0.1
  59034 108.67  24.48  149    0.9
  59038 108.65  24.07  142    1.1
  59045 109.75  24.48   95    0.9
  59047 109.33  24.25  101   12.5
  59057 110.18  24.13  827   13.5
  59059 110.80  24.18  107    4.4
  59061 111.27  24.82  198    2.3
  59064 111.32  24.55  141   0.01
  59071 112.28  24.73  175   0.01
  59074 112.15  24.57  300   0.01
  59075 112.63  24.48   70   0.01
  59081 113.27  24.78   98   0.01
  59090 114.07  24.95  103   0.01
  59091 114.53  24.75  257   0.01
  59093 115.03  24.78  254   0.01
  59094 114.12  24.37  135    4.6
  59099 114.93  24.45  175   0.01
  59106 115.90  24.58  152   0.01
  59109 115.73  24.15  126    1.1
  59114 116.17  24.65  131    2.2
  59122 117.75  24.62   42    1.1
  59124 117.37  24.52   31   0.01
  59130 118.15  24.73   28   0.01
  59131 118.37  24.97   44    0.1
  59137 118.57  24.82   55    0.6
  59205 105.63  23.65  688    0.7
  59213 106.92  23.73  113   11.7
  59215 106.62  23.33  640   61.4
  59224 107.12  23.60  116   35.5
  59227 107.15  23.08  438   20.8
  59229 107.70  23.18  101    7.1
  59230 108.17  23.72  173    1.4
  59235 108.62  23.43  116    4.1
  59237 108.28  23.17  115   17.9
  59238 108.80  23.22  123   13.9
  59241 109.68  23.97   91   0.01
  59246 109.67  23.60   70   0.01
  59249 109.62  23.12   56   0.01
  59255 110.38  23.55   37   0.01
  59264 111.50  23.40   79    1.1
  59268 111.53  23.25   31    1.0
  59269 111.77  23.15   27   0.01
  59270 112.18  23.92   78    1.5
  59276 112.65  23.35   40   0.01
  59284 113.22  23.38    6    4.4
  59285 113.60  23.57   39    2.4
  59290 114.23  23.73   71   11.5
  59310 116.18  23.77   39   0.01
  59312 116.63  23.67   11   0.01
  59313 116.98  23.68   42   0.01
  59314 116.13  23.30   27    0.1
  59315 116.38  23.58   25    0.2
  59318 116.58  23.27   10   0.01
  59419 106.75  22.10  243   20.0
  59421 107.20  22.83  257    6.1
  59425 107.35  22.40  107   28.2
  59426 107.90  22.63   92   10.4
  59429 107.97  22.15  183    0.1
  59432 108.40  22.80  203    5.2
  59435 108.48  22.77   75    6.6
  59441 109.25  22.70   78    1.9
  59448 109.55  22.27   70    0.9
  59449 109.98  22.30   80   20.6
  59451 110.35  22.70   99   10.5
  59452 110.53  22.85  100   26.8
  59454 111.00  22.92  104    7.7
  59457 110.27  22.32  120    0.2
  59470 112.22  22.72   33    1.8
  59471 112.05  22.93  102    1.3
  59481 113.32  22.93   16   0.01
  59500 115.32  22.97   10   0.01
  59635 108.35  21.62   26    3.7
  59640 109.18  21.67    6   0.01
  59650 110.25  21.38   25    0.2
  59653 110.85  21.93   35    4.6
  59655 110.62  21.65   35   0.01
  59656 110.77  21.43   29   0.01
  59659 110.92  21.75   32   14.9
  59757 110.37  20.00   10   0.01
  59842 109.68  19.90   31    0.5
  59843 110.00  19.73   36    7.2
  59847 109.05  19.27  101    4.9
  59848 109.43  19.23  219   13.5
  59851 110.33  19.70   25    1.0
  59854 110.10  19.37  119    1.8
  59856 110.75  19.62   26    2.3
  59940 109.17  18.75  156   11.3
  59941 109.52  18.77  328    5.4
  59945 109.70  18.65   65    1.2
  59951 110.33  18.80   38    0.7
