diamond  3 2013年03月06日08点24小时降雨量                    
  13  03  06  08    -1 3 10 25 50 1 0
 39 122.7  37.3 122.5  36.7 120.8  36.2 119.3  35.0 120.4  34.3
 121.1  32.7 122.3  30.9 122.5  30.1 121.5  28.0 119.8  25.0
 116.1  22.6 111.0  21.0 111.0  18.6 109.6  18.1 108.3  18.5
 108.9  19.9 109.3  21.0 106.4  21.6 104.1  22.2 101.6  20.8
  98.7  22.0  97.1  24.1  97.7  27.0  91.7  26.6  85.7  27.7
  78.9  30.6  73.3  37.1  74.1  40.7  87.6  49.8  98.5  43.9
 110.4  44.3 122.0  54.7 135.7  48.3 131.5  42.2 125.2  39.4
 121.3  38.5 121.2  40.3 118.5  38.6 120.8  38.1
1          16
  50137 122.37  53.47  297    0.4
  50524 119.43  49.32  578   0.01
  50871 129.88  46.73   96    0.1
  50878 130.72  47.00   80    0.3
  50880 131.12  46.73  104    2.0
  50884 131.15  46.63  176    1.0
  50913 118.83  45.72  866   0.01
  54080 127.15  44.90  196    0.1
  56487 103.13  28.33 1945   0.01
  56569 102.18  27.42 1381   0.01
  56575 102.55  27.37 1429   0.01
  57126 107.55  33.22  470   0.01
  57128 107.33  33.17  487   0.01
  57213 106.93  33.00  537    0.1
  59012 106.55  24.78  973   0.01
  59951 110.33  18.80   38   0.01
