diamond  3 2013年03月07日08点24小时降雨量                    
  13  03  07  08    -1 3 10 25 50 1 0
 39 122.7  37.3 122.5  36.7 120.8  36.2 119.3  35.0 120.4  34.3
 121.1  32.7 122.3  30.9 122.5  30.1 121.5  28.0 119.8  25.0
 116.1  22.6 111.0  21.0 111.0  18.6 109.6  18.1 108.3  18.5
 108.9  19.9 109.3  21.0 106.4  21.6 104.1  22.2 101.6  20.8
  98.7  22.0  97.1  24.1  97.7  27.0  91.7  26.6  85.7  27.7
  78.9  30.6  73.3  37.1  74.1  40.7  87.6  49.8  98.5  43.9
 110.4  44.3 122.0  54.7 135.7  48.3 131.5  42.2 125.2  39.4
 121.3  38.5 121.2  40.3 118.5  38.6 120.8  38.1
1         125
  50137 122.37  53.47  297   0.01
  50431 121.52  50.78  718    1.3
  50524 119.43  49.32  578    0.4
  50525 119.75  49.15  621    0.2
  50526 120.70  49.28  670    1.9
  50673 130.40  48.88   92    0.9
  50674 129.43  48.57  404   0.01
  50772 129.23  48.10  299    0.6
  50776 130.83  47.57   84   0.01
  50778 132.53  47.67   59    0.5
  50779 134.28  48.37   41    1.6
  50884 131.15  46.63  176   0.01
  50892 134.00  46.80   57    0.8
  50913 118.83  45.72  866   0.01
  50964 128.80  45.83  123   0.01
  50971 131.02  45.77  226    0.1
  50985 131.87  45.55  155   0.01
  54024 119.30  44.45  710    0.2
  54187 128.92  43.12  369    0.7
  54248 123.53  42.03   67    0.1
  54261 125.52  42.68  343    0.2
  54267 125.73  42.25  363   0.01
  54274 126.07  42.68  300    0.1
  54290 129.40  42.77  245    0.6
  54293 129.83  42.95  141   0.01
  54304 115.28  40.97 1249    0.1
  54362 125.73  41.67  388   0.01
  56371 102.23  29.92 1322   0.01
  56443  99.80  28.93 2842    2.7
  56474 102.17  28.55 1775    1.4
  56478 102.43  28.30 1819   0.01
  56580 102.80  27.72 2461   0.01
  56584 103.25  27.70 1093    0.2
  56598 104.73  27.13 1538    4.0
  56697 104.08  26.22 1987    9.4
  56790 104.25  25.68 1920    5.8
  57044 109.23  34.40  424   0.01
  57057 110.15  34.10  961   0.01
  57066 111.67  34.38  329   0.01
  57075 112.87  34.17  203    0.2
  57078 112.47  34.15  337    0.3
  57082 113.02  34.47  428   0.01
  57088 113.50  34.15  117   0.01
  57095 114.15  34.12   61   0.01
  57119 106.70  33.17  551   0.01
  57126 107.55  33.22  470    0.3
  57128 107.33  33.17  487    0.1
  57129 107.72  32.98  447    2.1
  57137 108.32  33.32  801    0.1
  57140 109.12  33.67  818    0.4
  57153 110.33  33.68  584    0.8
  57155 109.87  33.55  661    1.9
  57162 112.08  34.15  327    0.9
  57173 112.88  33.75  147   0.01
  57175 112.23  33.05  192   0.01
  57179 113.00  33.28  161   0.01
  57213 106.93  33.00  537    0.1
  57216 106.83  32.35  577    2.0
  57217 106.28  32.23  493    0.1
  57231 108.53  32.53  504    3.0
  57233 108.50  32.90  413    2.7
  57242 109.37  32.85  285    2.5
  57247 108.90  32.32  442    2.9
  57248 109.33  32.40  429    3.5
  57249 109.68  32.32  453    3.6
  57253 110.82  32.85  204    0.9
  57254 110.12  32.82  324    4.4
  57257 110.23  32.23  309    2.6
  57260 111.52  32.55  143    0.5
  57261 111.50  33.13  196    0.3
  57268 111.63  32.27   87   0.01
  57274 112.12  32.70  108   0.01
  57320 107.22  31.93  483    0.8
  57324 107.08  31.58  363    1.3
  57326 107.72  31.37  390    0.6
  57329 107.85  31.10  462    0.5
  57333 108.67  31.95  800    2.7
  57338 108.42  31.18  213    0.7
  57339 108.68  30.95  296    0.8
  57345 109.62  31.40  339    1.6
  57349 109.87  31.07  270    0.7
  57361 111.27  31.88  331    0.6
  57362 110.67  31.75  939    2.4
  57368 111.63  31.05  138    0.7
  57377 112.22  31.00  184   0.01
  57420 107.20  30.75  397   0.01
  57431 108.35  30.83  256    0.8
  57437 108.03  30.30  326   0.01
  57453 111.32  30.77  116    2.9
  57460 111.78  30.82   91    0.5
  57462 111.08  30.87  104    1.3
  57464 111.18  30.47  144    1.6
  57465 111.45  30.38   76    0.5
  57466 111.77  30.43   50    0.1
  57481 113.58  30.95   31   0.01
  57541 109.48  30.00  533   0.01
  57543 110.03  29.88  540   0.01
  57564 111.13  29.43  103    0.4
  57571 112.40  29.70   37   0.01
  57577 112.17  29.40   37   0.01
  57708 105.60  27.15 1704    0.4
  57800 105.37  26.77 1458    1.5
  57807 105.47  26.20 1359    2.8
  57808 105.75  26.32 1272    0.6
  57809 105.75  26.07 1251    3.5
  57813 106.47  26.57 1265    4.0
  57814 106.27  26.42 1285    4.4
  57900 105.22  25.83 1553   13.1
  57903 105.60  25.93 1138    3.9
  57905 105.63  25.40 1063    5.1
  57908 105.48  25.12 1393    6.9
  57909 105.82  24.98  584    1.3
  57914 106.67  26.42 1143    3.0
  58269 121.65  31.78   12   0.01
  58351 120.30  31.90   12   0.01
  58370 121.55  31.22   11   0.01
  58377 121.10  31.47    6   0.01
  58461 121.12  31.13    8   0.01
  59001 105.33  24.78  674    3.1
  59843 110.00  19.73   36   0.01
  59851 110.33  19.70   25    0.3
  59854 110.10  19.37  119   0.01
  59856 110.75  19.62   26   0.01
  59940 109.17  18.75  156   0.01
  59951 110.33  18.80   38    2.2
