diamond  3 2013年03月23日08点24小时降雨量                    
  13  03  23  08    -1 3 10 25 50 1 0
 39 122.7  37.3 122.5  36.7 120.8  36.2 119.3  35.0 120.4  34.3
 121.1  32.7 122.3  30.9 122.5  30.1 121.5  28.0 119.8  25.0
 116.1  22.6 111.0  21.0 111.0  18.6 109.6  18.1 108.3  18.5
 108.9  19.9 109.3  21.0 106.4  21.6 104.1  22.2 101.6  20.8
  98.7  22.0  97.1  24.1  97.7  27.0  91.7  26.6  85.7  27.7
  78.9  30.6  73.3  37.1  74.1  40.7  87.6  49.8  98.5  43.9
 110.4  44.3 122.0  54.7 135.7  48.3 131.5  42.2 125.2  39.4
 121.3  38.5 121.2  40.3 118.5  38.6 120.8  38.1
1         496
  50526 120.70  49.28  670    0.2
  50778 132.53  47.67   59   0.01
  50779 134.28  48.37   41    0.2
  50787 131.85  47.28   63   0.01
  50880 131.12  46.73  104    0.1
  50884 131.15  46.63  176   0.01
  50892 134.00  46.80   57   0.01
  51137  82.93  46.20  715    1.9
  51145  83.65  46.55  523    2.2
  53343 109.97  41.77 1612   0.01
  53367 111.23  41.32 1604   0.01
  54024 119.30  44.45  710    2.1
  54080 127.15  44.90  196   0.01
  54113 118.65  43.53  623    2.3
  54117 117.53  43.25 1004   0.01
  54122 120.05  43.88  375    1.7
  54132 121.07  42.40  400    0.5
  54225 119.92  42.28  589   0.01
  56045  99.90  33.97 4051    0.1
  56084 103.23  34.07 2376   0.01
  56097 104.23  33.27 1407   0.01
  56147  98.83  31.22 3261    1.1
  56158 100.67  31.40 3250    4.2
  56168 102.07  31.48 2170    8.3
  56171 101.70  32.90 3276    3.1
  56180 103.85  31.68 1591    3.4
  56181 103.70  30.68  543    1.9
  56183 103.58  31.47 1326    2.0
  56184 103.17  31.43 1884    1.0
  56185 102.98  32.08 2400   10.4
  56186 104.20  31.33  589    1.4
  56189 103.93  30.98  584    0.5
  56190 104.55  31.55  518    0.4
  56193 104.52  32.42  894    0.2
  56194 104.45  31.82  679    2.4
  56195 104.73  31.78  531    0.1
  56197 104.18  31.13  537    0.6
  56198 104.50  31.32  523   0.01
  56199 104.68  31.03  424   0.01
  56263 101.88  30.88 1948    6.9
  56272 103.88  30.82  560    2.1
  56273 102.82  30.38 1011    2.7
  56276 103.82  30.45  468    1.6
  56278 102.77  30.07  756    3.1
  56279 102.93  30.15  683    3.2
  56280 103.12  30.08  692    1.3
  56281 103.50  30.18  512    1.8
  56284 103.48  30.42  502    5.1
  56285 103.52  30.60  525    5.7
  56286 104.25  30.55  514    0.3
  56288 103.92  30.58  495    1.0
  56289 103.87  30.20  439    1.0
  56290 104.18  30.78  515    0.3
  56295 104.55  30.38  443   0.01
  56297 104.15  30.02  431   0.01
  56298 104.60  30.13  415   0.01
  56371 102.23  29.92 1322   0.01
  56373 102.85  29.78  763    0.3
  56376 102.68  29.35 1098   0.01
  56378 102.35  29.23  891   0.01
  56380 103.37  29.92  466    1.3
  56381 103.52  30.02  497    1.3
  56382 103.60  29.73  408    1.0
  56383 103.87  29.83  454    1.5
  56384 103.48  29.60  446    2.1
  56387 103.27  29.23  639    0.2
  56389 103.95  29.20  386    0.9
  56390 104.07  29.67  403   0.01
  56391 103.82  30.08  416    1.0
  56394 104.43  29.45  382   0.01
  56443  99.80  28.93 2842   0.01
  56473 102.77  28.95 1061   0.01
  56480 103.53  28.82  564    1.4
  56483 103.95  28.60  412    0.4
  56489 103.63  28.23  876    0.8
  56490 103.90  28.95  396   0.01
  56491 104.57  28.70  288    3.8
  56496 105.23  28.32  330    2.5
  56497 104.23  28.10  433    2.0
  56498 104.50  28.17  442   0.01
  56499 104.78  28.38  368    1.1
  56582 103.90  27.75 1177    0.1
  56585 103.53  27.18 1916    0.3
  56592 104.52  28.43  360   0.01
  56593 104.92  28.58  281   0.01
  56594 104.05  27.63  884   0.01
  56641  98.87  26.90 1191    9.5
  56645  99.42  26.42 2345    4.3
  56646  99.92  26.53 2193    0.2
  56649  99.97  26.10 2059    1.3
  56652 100.75  26.68 2131    1.1
  56654 100.18  26.58 2196    0.3
  56669 101.67  26.05 1531    0.4
  56673 102.92  26.92  894   0.01
  56675 102.58  26.65 1695    3.0
  56742  99.37  25.90 1663    2.2
  56745  99.95  25.68 1627    6.7
  56746  99.52  25.47 1618    5.4
  56752 100.57  25.83 1440    1.5
  56755 100.48  25.35 1670    0.9
  56756 100.58  25.48 1993    3.1
  56757 100.28  25.27 1744    1.4
  56761 101.32  25.72 1873   0.01
  56764 101.23  25.53 1875    0.5
  56766 101.52  25.33 1769    1.3
  56767 101.28  25.18 1858    1.2
  56772 102.50  25.23 1694    0.3
  56774 102.42  25.53 1712    0.3
  56775 102.45  25.55 1752    0.5
  56777 102.07  25.15 1566    0.9
  56782 103.55  25.42 2064   0.01
  56783 103.80  25.50 1906   0.01
  56785 103.03  25.33 1925    0.4
  56835  97.82  24.07  958    4.7
  56836  97.95  24.70  828    1.9
  56839  98.82  23.77  994   0.01
  56840  98.30  24.82 1013    0.7
  56841  98.68  24.60 1527    8.1
  56842  99.18  24.73 1473    4.5
  56843  99.62  24.83 1650    5.0
  56844  98.58  24.43  915    5.5
  56846  99.93  24.58 1569    7.7
  56849  99.23  24.03 1607    6.7
  56851 100.52  25.03 1378    1.4
  56854 100.13  24.45 1108    0.9
  56862 101.60  24.68 1966    0.1
  56863 102.48  24.93 1850    0.2
  56867 101.12  23.98 1107   0.01
  56870 102.17  24.67 1576   0.01
  56879 102.92  24.20 1610   0.01
  56882 102.80  24.88 1909   0.01
  56944  99.27  23.15 1280   0.01
  56950  99.80  23.47 1044    0.1
  56970 102.48  23.70 1419   0.01
  57129 107.72  32.98  447   0.01
  57162 112.08  34.15  327    0.1
  57173 112.88  33.75  147    0.4
  57183 113.92  33.80   61   0.01
  57208 105.47  32.02  538   0.01
  57216 106.83  32.35  577    5.3
  57217 106.28  32.23  493    0.4
  57249 109.68  32.32  453    0.5
  57257 110.23  32.23  309    3.6
  57260 111.52  32.55  143   0.01
  57268 111.63  32.27   87    2.4
  57271 112.38  32.55   89    0.2
  57273 112.85  32.68  110   0.01
  57303 105.92  31.73  460    0.6
  57304 105.17  31.67  517    0.1
  57314 106.07  31.35  385    1.4
  57318 106.55  31.07  339   0.01
  57320 107.22  31.93  483   0.01
  57329 107.85  31.10  462    0.6
  57333 108.67  31.95  800   0.01
  57338 108.42  31.18  213    4.2
  57339 108.68  30.95  296   13.6
  57345 109.62  31.40  339    8.3
  57349 109.87  31.07  270    8.7
  57361 111.27  31.88  331    8.1
  57362 110.67  31.75  939    5.9
  57363 111.83  31.80  146    0.3
  57368 111.63  31.05  138    1.8
  57370 112.22  31.73   68   0.01
  57377 112.22  31.00  184    3.3
  57385 113.82  31.63   94    0.1
  57387 113.13  31.00   80    4.0
  57388 113.70  31.27   55    2.5
  57389 113.75  31.03   33    2.4
  57390 114.07  31.80  731    0.1
  57396 114.85  31.63  130    0.1
  57398 114.62  31.28   76    2.3
  57407 105.03  30.28  464   0.01
  57409 105.80  30.18  295   0.01
  57413 106.97  30.85  295    0.1
  57416 106.93  30.33 3915    0.6
  57417 106.28  30.35  315    0.1
  57420 107.20  30.75  397    3.2
  57425 107.33  30.33  430   0.01
  57431 108.35  30.83  256   20.9
  57437 108.03  30.30  326    5.4
  57438 108.12  29.98  630    0.8
  57453 111.32  30.77  116    3.0
  57460 111.78  30.82   91    3.3
  57462 111.08  30.87  104    1.4
  57464 111.18  30.47  144    9.3
  57465 111.45  30.38   76   14.2
  57466 111.77  30.43   50    8.6
  57469 111.77  30.18   68   13.1
  57475 112.90  30.40   33    6.7
  57477 112.22  30.07   39   10.5
  57481 113.58  30.95   31    2.8
  57485 113.45  30.37   33    2.7
  57486 113.85  30.65   25    4.5
  57489 114.00  30.58   39    4.7
  57491 114.40  30.87   31    5.7
  57492 114.80  30.83   33    9.2
  57496 114.87  30.37   30    9.4
  57498 114.90  30.43   22    8.1
  57499 114.97  30.10   40    9.1
  57505 105.58  29.42  324    0.1
  57507 105.30  29.33  374   0.01
  57509 106.93  28.95  325    1.0
  57511 106.45  29.85  242   0.01
  57514 106.22  29.58  325    0.1
  57518 106.53  29.38  243    0.6
  57519 107.08  29.15  559    0.3
  57522 107.42  29.75  273   0.01
  57525 107.75  29.32  273    1.3
  57537 108.17  29.30  321    3.5
  57540 109.15  29.68  776   17.4
  57541 109.48  30.00  533   18.7
  57543 110.03  29.88  540   29.4
  57544 109.45  29.47  486   25.3
  57558 110.47  29.13  184   11.9
  57564 111.13  29.43  103   20.3
  57565 111.75  29.65   39   13.2
  57566 111.65  29.45   50   11.1
  57571 112.40  29.70   37   12.1
  57575 112.57  29.52   32   11.9
  57577 112.17  29.40   37   11.1
  57582 113.88  29.73   51   23.9
  57585 113.45  29.48   60   22.2
  57586 114.03  29.53   79   22.7
  57589 113.80  29.25  103   38.2
  57590 114.37  29.85   64   13.7
  57596 114.20  29.63    0   22.7
  57600 105.07  28.72  256   0.01
  57603 105.83  28.82  283    0.7
  57609 105.70  28.58  316    2.5
  57623 107.60  28.88  684    6.5
  57634 107.88  28.52  658    9.5
  57635 108.98  28.45  363   13.0
  57636 108.50  28.57  335   10.4
  57637 108.12  28.25  524   11.8
  57640 109.45  28.58  344   11.9
  57643 109.83  29.00  268   16.5
  57646 109.95  28.62  301    6.9
  57657 110.20  28.22  182   14.0
  57658 110.20  28.02  144   22.4
  57661 111.48  28.92   51   24.3
  57663 111.95  28.92   31   13.5
  57666 112.13  28.52   49   13.8
  57674 112.47  28.57   44   13.1
  57678 112.55  28.25   71   14.7
  57680 113.07  28.80   47   11.4
  57688 113.63  28.15  100   31.3
  57694 114.38  28.53  256   27.0
  57698 114.45  28.12   99   21.8
  57699 114.92  28.23   68   16.7
  57708 105.60  27.15 1704   12.7
  57713 106.88  27.70  844    8.9
  57714 106.23  27.47  942   12.8
  57717 106.83  27.53  974   40.9
  57719 106.97  27.07 1280   15.5
  57720 107.17  27.88  888   11.5
  57723 107.72  27.98  710   13.3
  57728 107.47  27.07 1095   22.2
  57732 108.40  28.02  458   19.7
  57734 108.23  27.57  468   38.7
  57735 108.82  27.18  396   38.0
  57736 108.85  27.70  376   23.4
  57737 108.12  27.03  546   25.2
  57738 108.42  27.05  517   25.7
  57739 108.88  27.23  375   30.8
  57740 109.60  27.95  349   16.9
  57742 109.20  27.52  883   57.1
  57743 109.80  27.88  176   25.3
  57744 109.17  27.37  356   36.0
  57754 110.15  27.35  170   29.8
  57760 111.43  27.70  247   31.2
  57762 111.70  27.68  163   27.0
  57763 112.00  27.73  151   36.6
  57767 111.03  27.12  266   52.7
  57768 111.45  27.32  242   14.3
  57769 111.73  27.23  257   16.4
  57771 112.52  27.93   89   14.9
  57772 112.50  27.75   84   16.0
  57773 112.82  27.87   63    8.3
  57777 112.87  27.23   65    2.1
  57778 112.95  27.10   68    8.2
  57781 113.50  27.65   71    4.3
  57786 113.85  27.65  110    0.7
  57792 114.68  27.82   93    5.3
  57796 114.93  27.80   79    7.8
  57798 114.60  27.40   89   14.1
  57811 106.60  26.85 1242    5.7
  57813 106.47  26.57 1265    3.4
  57814 106.27  26.42 1285    0.5
  57821 107.50  26.70  924   18.6
  57822 107.90  26.90  833   30.3
  57824 107.23  26.58 1005   38.1
  57828 107.58  26.50  983   37.9
  57834 108.30  26.68  642   41.8
  57835 108.43  26.72  521   32.4
  57837 108.07  26.40  838    5.7
  57842 109.72  26.88  281   23.6
  57844 109.18  26.68  344   20.2
  57846 110.15  26.58  307   17.1
  57851 110.85  26.45  307    8.0
  57859 110.63  26.03  409    5.1
  57860 111.28  27.00  282   16.6
  57865 111.58  26.47  166   11.2
  57867 111.28  26.40  169    5.3
  57868 111.87  26.60  113    6.0
  57870 112.10  26.80  151    4.4
  57871 112.37  26.98   91    1.7
  57875 112.50  26.88   71    5.2
  57876 112.83  26.43  118   12.6
  57881 113.25  26.72  105    5.0
  57882 113.55  26.78  135    1.5
  57883 114.28  26.75  257    0.1
  57891 114.25  26.93  144    0.7
  57899 114.92  26.80   66   0.01
  57911 106.65  26.67 1325   10.6
  57913 106.98  26.45 1095    9.6
  57914 106.67  26.42 1143    5.1
  57915 106.77  26.63 1102   20.3
  57923 107.87  25.98  418   0.01
  57936 108.92  25.75  255    1.9
  57941 109.60  25.78  198    0.7
  57942 110.00  25.80  267    1.0
  57948 109.25  25.08  123    0.2
  57949 110.00  24.98  157    1.5
  57960 111.07  25.93  192   24.8
  57962 111.65  25.97  166    2.9
  57964 111.15  25.50  258   0.01
  57969 111.33  25.27  230    1.1
  57971 112.20  25.92  225    1.6
  58035 118.35  34.33   30    0.1
  58044 119.23  34.53    5   0.01
  58146 119.77  33.47    7   0.01
  58222 117.55  32.85   31   0.01
  58245 119.42  32.42   14   0.01
  58250 120.15  32.52   10    0.1
  58306 115.88  31.68   94   0.01
  58316 116.95  31.47   26   0.01
  58317 116.37  30.87  434    4.0
  58320 117.13  31.73   26    0.2
  58335 118.52  31.57   16   0.01
  58337 118.18  31.08   30    0.1
  58349 120.63  31.27    9    0.1
  58351 120.30  31.90   12   0.01
  58352 120.77  31.65    8   0.01
  58359 120.62  31.13    9    0.1
  58361 121.37  31.10   10   0.01
  58366 121.40  31.63    9   0.01
  58367 121.43  31.20   18    0.1
  58369 121.78  31.05    9    0.7
  58370 121.55  31.22   11    0.2
  58377 121.10  31.47    6   0.01
  58401 115.40  30.78  106    4.2
  58404 115.22  30.47   57    8.3
  58408 115.43  30.23   35    8.2
  58409 115.93  30.07   20    5.8
  58415 116.58  30.63   38    4.4
  58416 116.82  30.75   38    5.2
  58417 116.13  30.17   50    4.0
  58418 116.70  30.13   26    7.1
  58420 117.22  30.72   38    3.2
  58421 117.87  30.63   32    0.3
  58423 117.78  30.48  643    6.2
  58426 118.13  30.30  192    1.7
  58427 117.48  30.67   36    2.1
  58428 117.48  30.22  115    1.8
  58431 118.32  30.92   17    1.5
  58432 118.40  30.68   39    0.3
  58433 118.75  30.93   30    0.6
  58435 118.53  30.30  221    5.1
  58438 118.58  30.08  197    3.0
  58441 119.42  30.87   53    0.7
  58443 119.90  31.02   19   0.01
  58446 119.68  30.63   25    0.7
  58449 119.95  30.05   47    6.4
  58451 120.93  30.83    3    1.0
  58452 120.77  30.73    4    1.2
  58453 120.50  30.07   10    8.8
  58454 119.97  30.53    5    3.5
  58455 120.65  30.52    8    1.8
  58456 120.52  30.63    6    1.5
  58458 120.90  30.53    3    0.5
  58459 120.28  30.18   42    6.2
  58460 121.35  30.73    6    0.8
  58461 121.12  31.13    8   0.01
  58462 121.23  31.03    9   0.01
  58463 121.50  30.88    9    0.7
  58468 121.17  30.05   10    5.3
  58484 122.20  30.25    9    3.9
  58501 115.63  29.93   25    4.2
  58502 116.00  29.73   37    4.5
  58503 115.68  29.70   41    6.6
  58508 115.77  29.33   42   11.4
  58509 115.82  29.05   38   17.7
  58510 116.23  29.73   40    8.5
  58512 116.55  29.90   66    6.6
  58514 116.05  29.45   35    9.4
  58517 116.20  29.27   43    7.8
  58523 117.93  29.93  231    2.9
  58529 117.85  29.27   82    8.7
  58530 118.43  29.87  170    8.5
  58534 118.18  29.78  173    7.7
  58537 118.40  29.13  153   15.5
  58542 119.68  29.82   45    9.7
  58544 119.27  29.48   87   14.3
  58546 119.88  29.47  114   11.1
  58547 119.18  29.03   65   29.6
  58548 119.47  29.22   46   25.1
  58550 120.25  29.70   39    7.5
  58555 120.88  29.52  112   16.1
  58558 120.22  29.27   89   25.5
  58559 120.98  29.17   59   24.1
  58561 121.60  29.98    3    6.5
  58563 121.83  29.88    4   11.0
  58565 121.43  29.68    6   11.5
  58566 121.88  29.47   14   13.5
  58567 121.43  29.32   39   13.9
  58568 121.38  29.12   35   29.2
  58570 122.30  29.95   83    5.9
  58601 115.38  28.70   54   94.8
  58602 115.55  28.85   46   61.6
  58605 115.38  28.42   49   74.8
  58607 115.95  28.55   35   59.6
  58609 115.82  28.22   30   71.9
  58612 116.68  28.70   22   29.6
  58614 116.27  28.38   40   66.7
  58615 117.08  28.68   56   56.3
  58616 116.82  28.20   44   56.5
  58618 116.60  28.23   51   41.0
  58619 116.37  28.00   47   23.3
  58620 117.13  28.97   37   11.5
  58623 117.92  28.47   92   47.7
  58624 117.43  28.40   64   89.6
  58625 117.60  28.42   80   42.4
  58627 117.03  28.25   64   80.9
  58629 117.70  28.32   59   82.2
  58631 118.50  28.90  134   41.0
  58632 118.60  28.72  124   48.7
  58635 118.20  28.43   96   46.1
  58642 119.80  28.88  102   36.6
  58643 120.03  28.90   99   41.3
  58644 119.28  28.60  237   55.3
  58647 119.13  28.07  196   52.8
  58654 120.08  28.67  184   51.2
  58656 120.97  28.12    7   19.5
  58657 120.28  28.15   59   23.6
  58658 120.68  28.15   36   19.4
  58659 120.65  28.03   29   18.7
  58660 121.13  28.85    8   49.9
  58664 121.37  28.37   33   25.0
  58693 115.83  28.70   37   46.3
  58704 115.35  27.62   61    8.2
  58706 115.83  27.43  180   0.01
  58707 115.13  27.22   66    0.5
  58710 116.05  27.77   76   40.3
  58712 116.78  27.92  123   56.8
  58713 117.07  27.72  220    5.2
  58714 116.23  27.55  115    3.6
  58724 117.30  27.52  264    0.7
  58735 118.80  27.52  201   0.01
  58736 118.82  27.37  220    0.5
  58745 119.07  27.62  368    0.8
  58746 119.70  27.55  514   17.3
  58747 119.35  27.15  900    0.1
  58749 119.88  27.23  680   0.01
  58750 120.08  27.78  106   22.8
  58751 120.55  27.68    5    5.4
  58850 120.23  26.92   88    0.1
  58917 116.10  25.08  307   0.01
  59051 110.50  24.77  133   0.01
  59052 110.82  24.83  167   0.01
  59053 110.67  24.62  108   0.01
  59059 110.80  24.18  107   0.01
  59061 111.27  24.82  198   0.01
  59063 111.45  25.18  262   0.01
  59064 111.32  24.55  141   0.01
  59075 112.63  24.48   70   0.01
  59246 109.67  23.60   70   0.01
  59249 109.62  23.12   56    0.1
  59266 111.23  23.42   46   0.01
  59268 111.53  23.25   31   0.01
  59270 112.18  23.92   78   0.01
  59297 114.28  23.18   16    0.3
  59441 109.25  22.70   78   0.01
  59448 109.55  22.27   70    1.1
  59449 109.98  22.30   80   0.01
  59452 110.53  22.85  100   0.01
  59457 110.27  22.32  120   0.01
  59469 111.78  22.17   33   0.01
  59470 112.22  22.72   33    0.1
  59471 112.05  22.93  102   0.01
  59473 112.97  22.77   20   0.01
  59477 112.30  22.18   25   0.01
  59480 113.25  22.85   21   0.01
  59650 110.25  21.38   25    0.2
  59653 110.85  21.93   35   0.01
  59654 110.30  21.63   28    0.6
  59655 110.62  21.65   35    0.1
