diamond  3 2013年03月19日08点24小时降雨量                    
  13  03  19  08    -1 3 10 25 50 1 0
 39 122.7  37.3 122.5  36.7 120.8  36.2 119.3  35.0 120.4  34.3
 121.1  32.7 122.3  30.9 122.5  30.1 121.5  28.0 119.8  25.0
 116.1  22.6 111.0  21.0 111.0  18.6 109.6  18.1 108.3  18.5
 108.9  19.9 109.3  21.0 106.4  21.6 104.1  22.2 101.6  20.8
  98.7  22.0  97.1  24.1  97.7  27.0  91.7  26.6  85.7  27.7
  78.9  30.6  73.3  37.1  74.1  40.7  87.6  49.8  98.5  43.9
 110.4  44.3 122.0  54.7 135.7  48.3 131.5  42.2 125.2  39.4
 121.3  38.5 121.2  40.3 118.5  38.6 120.8  38.1
1         579
  50431 121.52  50.78  718    0.2
  50524 119.43  49.32  578   0.01
  50525 119.75  49.15  621    0.2
  50772 129.23  48.10  299    0.1
  50775 130.27  47.33  229    1.9
  50776 130.83  47.57   84    0.8
  50778 132.53  47.67   59    0.5
  50779 134.28  48.37   41   0.01
  50787 131.85  47.28   63    1.0
  50859 126.27  46.25  160   0.01
  50861 127.48  46.88  186    0.2
  50867 127.35  46.08  134    0.2
  50871 129.88  46.73   96    0.2
  50878 130.72  47.00   80   0.01
  50879 130.55  46.22  187    0.6
  50880 131.12  46.73  104    3.2
  50884 131.15  46.63  176    3.6
  50892 134.00  46.80   57    1.7
  50913 118.83  45.72  866    0.2
  50956 126.57  45.93  117   0.01
  50958 126.95  45.52  175   0.01
  50960 127.45  45.78  192    0.9
  50962 128.03  45.95  113    0.3
  50964 128.80  45.83  123    0.3
  50965 128.30  45.45  157   0.01
  50971 131.02  45.77  226    1.5
  50979 130.23  45.27  279    0.4
  50985 131.87  45.55  155    0.8
  50987 131.13  45.25  181    2.8
  53272 112.63  42.75 1106    0.5
  53289 113.83  42.23 1322    0.6
  53343 109.97  41.77 1612    0.5
  53367 111.23  41.32 1604    2.3
  53368 111.47  41.08 1640    0.5
  53378 112.62  41.28 1737    0.6
  53384 113.18  41.45 1424    2.2
  53385 113.55  41.57 1387    1.5
  53392 114.60  41.85 1424    0.6
  53397 113.98  41.10 1377    2.9
  53472 112.57  40.87 1453   0.01
  53475 112.47  40.52 1272   0.01
  53483 113.83  40.87 1269    0.2
  53484 113.15  40.45 1192   0.01
  53492 114.15  40.10  939   0.01
  53573 112.70  40.00 1337   0.01
  53576 112.82  39.50 1046   0.01
  53582 113.68  39.72 1094   0.01
  53584 113.17  39.57 1001   0.01
  53590 114.27  39.75  979   0.01
  54069 125.80  44.17  175    0.3
  54072 126.52  44.85  203   0.01
  54076 126.93  44.42  254    0.3
  54080 127.15  44.90  196    0.2
  54092 129.40  44.60  294    0.2
  54093 130.55  44.93  266    1.8
  54098 129.47  44.33  272    1.2
  54113 118.65  43.53  623    3.7
  54117 117.53  43.25 1004    2.3
  54122 120.05  43.88  375    1.2
  54132 121.07  42.40  400    0.3
  54154 124.30  43.35  163    0.7
  54155 124.23  43.67  145   0.01
  54156 124.80  43.52  200    0.4
  54164 125.28  43.35  249    0.1
  54169 126.02  43.30  270    0.5
  54172 126.60  43.78  199   0.01
  54187 128.92  43.12  369    0.2
  54192 130.27  43.70  386    1.2
  54204 115.00  42.30 1347    1.2
  54205 116.00  42.23 1316    0.8
  54214 118.42  42.58  961    2.8
  54223 120.65  42.85  364    1.7
  54225 119.92  42.28  589    4.8
  54231 122.35  42.97  249    1.3
  54234 121.75  42.73  300    1.7
  54244 123.33  42.75  120    1.4
  54245 123.40  42.50   99   0.01
  54248 123.53  42.03   67    0.1
  54249 123.87  42.30   79   0.01
  54252 124.75  42.73  198    0.3
  54261 125.52  42.68  343    0.2
  54267 125.73  42.25  363    0.7
  54274 126.07  42.68  300   0.01
  54290 129.40  42.77  245    0.5
  54291 130.28  42.90   37   0.01
  54293 129.83  42.95  141   0.01
  54301 115.67  41.67 1414    1.2
  54304 115.28  40.97 1249    0.8
  54305 115.27  41.88 1468    2.1
  54313 118.70  41.93  734    1.1
  54316 118.75  41.52  680    0.1
  54318 117.73  41.32  562    0.9
  54319 118.67  41.00  509    0.2
  54320 119.30  41.60  546    0.1
  54340 123.32  41.67   47   0.01
  54362 125.73  41.67  388    0.5
  54371 126.43  41.93  521    1.5
  54398 116.62  40.13   29    0.4
  54399 116.28  39.98   46    0.1
  54404 115.83  40.88  868    1.0
  54408 115.22  40.38  531    0.5
  54410 116.13  40.60 1216   11.0
  54412 116.63  40.73  334    2.0
  54419 116.63  40.37   75    0.4
  54420 117.33  40.93  530    1.2
  54421 117.12  40.65  286    0.9
  54425 117.48  40.42  584    0.8
  54430 118.15  40.77  268   0.01
  54483 123.90  40.88  239    0.1
  54494 124.07  40.47   74    1.0
  54499 116.22  40.22   75    0.5
  54501 115.68  39.97  441    0.7
  54568 121.70  39.08   40    1.3
  54569 121.97  39.40   35    1.9
  54575 122.37  39.42   44    2.9
  54590 124.17  39.88    5    8.7
  54765 121.43  37.48   57   0.01
  54766 121.62  37.38   23   0.01
  54778 122.48  37.17   60   0.01
  54831 118.50  36.65  102    0.1
  54835 118.55  36.50  110   0.01
  56016  95.62  33.85 4181    0.2
  56097 104.23  33.27 1407    0.1
  56147  98.83  31.22 3261    0.6
  56158 100.67  31.40 3250    9.7
  56164 100.98  32.27 3286    5.2
  56168 102.07  31.48 2170   13.0
  56171 101.70  32.90 3276   0.01
  56180 103.85  31.68 1591    2.5
  56181 103.70  30.68  543    5.5
  56183 103.58  31.47 1326    3.5
  56184 103.17  31.43 1884    3.9
  56185 102.98  32.08 2400    1.9
  56186 104.20  31.33  589    9.5
  56189 103.93  30.98  584    7.4
  56190 104.55  31.55  518    9.8
  56192 104.67  32.95 1016    0.2
  56193 104.52  32.42  894    1.4
  56194 104.45  31.82  679    9.5
  56195 104.73  31.78  531   10.2
  56197 104.18  31.13  537    7.7
  56198 104.50  31.32  523    9.7
  56199 104.68  31.03  424    4.0
  56263 101.88  30.88 1948    3.5
  56272 103.88  30.82  560    5.7
  56273 102.82  30.38 1011    6.9
  56276 103.82  30.45  468    6.1
  56278 102.77  30.07  756    5.7
  56279 102.93  30.15  683    5.5
  56280 103.12  30.08  692    3.0
  56281 103.50  30.18  512    4.9
  56284 103.48  30.42  502    6.9
  56285 103.52  30.60  525    5.9
  56286 104.25  30.55  514    4.8
  56288 103.92  30.58  495    6.1
  56289 103.87  30.20  439    2.0
  56290 104.18  30.78  515    7.3
  56291 104.28  30.97  474    5.0
  56295 104.55  30.38  443    0.6
  56296 104.43  30.85  449    9.3
  56297 104.15  30.02  431    0.8
  56298 104.60  30.13  415    0.4
  56371 102.23  29.92 1322    1.4
  56373 102.85  29.78  763    3.3
  56376 102.68  29.35 1098    0.3
  56378 102.35  29.23  891    1.4
  56380 103.37  29.92  466    1.3
  56381 103.52  30.02  497    2.7
  56382 103.60  29.73  408    0.1
  56383 103.87  29.83  454    0.5
  56384 103.48  29.60  446    1.8
  56387 103.27  29.23  639    0.2
  56389 103.95  29.20  386   0.01
  56390 104.07  29.67  403   0.01
  56391 103.82  30.08  416    1.0
  56393 104.85  29.77  370   0.01
  56394 104.43  29.45  382    0.1
  56395 104.67  29.52  349    0.3
  56396 104.77  29.35  352    0.3
  56399 104.98  29.18  307    0.4
  56441  99.28  28.72 2424   0.01
  56473 102.77  28.95 1061   0.01
  56474 102.17  28.55 1775   0.01
  56478 102.43  28.30 1819    1.3
  56483 103.95  28.60  412   0.01
  56487 103.13  28.33 1945    0.5
  56489 103.63  28.23  876   0.01
  56490 103.90  28.95  396   0.01
  56491 104.57  28.70  288    0.4
  56493 104.97  28.85  297    0.3
  56496 105.23  28.32  330    1.5
  56497 104.23  28.10  433   0.01
  56498 104.50  28.17  442    0.2
  56499 104.78  28.38  368    0.9
  56567 100.85  27.30 2242    1.3
  56569 102.18  27.42 1381    0.4
  56578 102.75  27.07 1093   0.01
  56580 102.80  27.72 2461    0.8
  56582 103.90  27.75 1177    0.6
  56584 103.25  27.70 1093   0.01
  56585 103.53  27.18 1916    2.2
  56592 104.52  28.43  360    0.2
  56593 104.92  28.58  281    0.6
  56594 104.05  27.63  884   0.01
  56595 104.87  27.42 1644    1.7
  56596 105.05  27.85 1176    2.2
  56598 104.73  27.13 1538    1.3
  56641  98.87  26.90 1191   29.0
  56645  99.42  26.42 2345   13.6
  56646  99.92  26.53 2193    6.2
  56649  99.97  26.10 2059    2.0
  56652 100.75  26.68 2131    1.4
  56654 100.18  26.58 2196    1.7
  56665 101.85  26.68 1140   0.01
  56669 101.67  26.05 1531    2.0
  56670 102.12  26.90 1105   0.01
  56673 102.92  26.92  894   0.01
  56675 102.58  26.65 1695    1.5
  56688 103.17  26.10 1253    0.2
  56697 104.08  26.22 1987    5.3
  56742  99.37  25.90 1663    6.3
  56745  99.95  25.68 1627    6.7
  56746  99.52  25.47 1618    4.1
  56752 100.57  25.83 1440    1.8
  56755 100.48  25.35 1670    3.0
  56756 100.58  25.48 1993    1.9
  56757 100.28  25.27 1744    3.4
  56761 101.32  25.72 1873    4.0
  56764 101.23  25.53 1875    0.4
  56766 101.52  25.33 1769    2.0
  56767 101.28  25.18 1858    2.6
  56772 102.50  25.23 1694    1.5
  56774 102.42  25.53 1712   0.01
  56775 102.45  25.55 1752    0.1
  56777 102.07  25.15 1566   0.01
  56781 103.27  25.55 1874    1.4
  56782 103.55  25.42 2064    2.3
  56783 103.80  25.50 1906    0.9
  56785 103.03  25.33 1925    1.4
  56788 103.67  25.03 1842    1.4
  56790 104.25  25.68 1920    2.6
  56835  97.82  24.07  958   0.01
  56836  97.95  24.70  828   0.01
  56839  98.82  23.77  994    1.1
  56840  98.30  24.82 1013   0.01
  56841  98.68  24.60 1527    4.3
  56842  99.18  24.73 1473    5.4
  56843  99.62  24.83 1650    1.4
  56844  98.58  24.43  915    6.0
  56846  99.93  24.58 1569    7.3
  56849  99.23  24.03 1607    4.2
  56851 100.52  25.03 1378    3.9
  56854 100.13  24.45 1108    5.0
  56862 101.60  24.68 1966    0.2
  56863 102.48  24.93 1850    0.3
  56870 102.17  24.67 1576   0.01
  56871 102.60  24.65 1894    0.1
  56872 102.62  24.95 2360    0.1
  56873 102.90  24.67 1752    0.1
  56880 103.17  24.92 1532    0.1
  56881 103.27  24.75 1694    0.4
  56882 102.80  24.88 1909    0.1
  56883 103.98  24.83 1846    2.6
  56891 104.32  24.98 1482   10.7
  56989 103.95  22.50  138    0.3
  57129 107.72  32.98  447   0.01
  57204 105.23  32.58  801    2.9
  57208 105.47  32.02  538    8.2
  57216 106.83  32.35  577    1.4
  57217 106.28  32.23  493    9.3
  57249 109.68  32.32  453   0.01
  57303 105.92  31.73  460    9.4
  57304 105.17  31.67  517    4.1
  57307 105.08  31.10  408    5.7
  57308 105.38  31.22  421   10.4
  57309 105.88  30.98  375    4.7
  57314 106.07  31.35  385    7.7
  57315 106.40  31.53  658    3.5
  57317 106.42  31.03  323    6.6
  57318 106.55  31.07  339    3.2
  57320 107.22  31.93  483    0.1
  57324 107.08  31.58  363    0.2
  57326 107.72  31.37  390    0.7
  57329 107.85  31.10  462    5.8
  57333 108.67  31.95  800    0.2
  57338 108.42  31.18  213    4.1
  57339 108.68  30.95  296    0.6
  57345 109.62  31.40  339    0.1
  57349 109.87  31.07  270   0.01
  57368 111.63  31.05  138   0.01
  57377 112.22  31.00  184    0.1
  57387 113.13  31.00   80    0.1
  57389 113.75  31.03   33    0.4
  57396 114.85  31.63  130   0.01
  57401 105.37  30.87  380    8.1
  57402 105.70  30.77  395    5.5
  57407 105.03  30.28  464    2.0
  57408 105.35  30.12  333    2.6
  57409 105.80  30.18  295    5.9
  57413 106.97  30.85  295   10.1
  57414 106.45  30.55  396    8.3
  57415 106.63  30.47  336    5.7
  57416 106.93  30.33 3915    5.8
  57417 106.28  30.35  315    3.2
  57420 107.20  30.75  397    7.7
  57425 107.33  30.33  430    4.4
  57431 108.35  30.83  256    0.7
  57437 108.03  30.30  326    1.2
  57438 108.12  29.98  630    3.5
  57453 111.32  30.77  116    0.2
  57464 111.18  30.47  144    0.2
  57465 111.45  30.38   76    0.6
  57466 111.77  30.43   50    0.8
  57469 111.77  30.18   68    2.6
  57475 112.90  30.40   33    0.9
  57477 112.22  30.07   39    1.0
  57481 113.58  30.95   31    0.5
  57485 113.45  30.37   33    0.4
  57486 113.85  30.65   25    0.3
  57489 114.00  30.58   39    0.5
  57491 114.40  30.87   31   0.01
  57496 114.87  30.37   30   0.01
  57499 114.97  30.10   40    0.1
  57505 105.58  29.42  324    1.4
  57506 105.90  29.37  376    0.8
  57507 105.30  29.33  374    0.9
  57508 105.37  29.15  302    0.7
  57509 106.93  28.95  325    1.7
  57510 106.05  29.85  275    3.5
  57511 106.45  29.85  242    1.0
  57513 106.62  29.73  457    0.9
  57514 106.22  29.58  325    0.3
  57518 106.53  29.38  243    0.8
  57519 107.08  29.15  559    2.0
  57522 107.42  29.75  273    2.7
  57525 107.75  29.32  273    1.9
  57537 108.17  29.30  321    3.5
  57540 109.15  29.68  776    1.8
  57541 109.48  30.00  533    2.1
  57543 110.03  29.88  540    2.4
  57544 109.45  29.47  486    2.7
  57558 110.47  29.13  184    2.0
  57564 111.13  29.43  103    1.1
  57565 111.75  29.65   39    0.6
  57566 111.65  29.45   50    0.4
  57571 112.40  29.70   37   0.01
  57575 112.57  29.52   32    0.9
  57577 112.17  29.40   37    0.5
  57582 113.88  29.73   51    2.2
  57585 113.45  29.48   60    4.7
  57586 114.03  29.53   79    5.3
  57589 113.80  29.25  103    6.7
  57590 114.37  29.85   64    1.4
  57596 114.20  29.63    0    4.6
  57600 105.07  28.72  256    1.2
  57603 105.83  28.82  283    1.8
  57605 105.82  28.03  539    0.4
  57609 105.70  28.58  316    3.9
  57623 107.60  28.88  684    7.1
  57634 107.88  28.52  658    4.9
  57635 108.98  28.45  363    6.2
  57636 108.50  28.57  335    2.4
  57637 108.12  28.25  524    0.9
  57640 109.45  28.58  344    3.4
  57643 109.83  29.00  268    1.8
  57646 109.95  28.62  301    5.8
  57657 110.20  28.22  182   12.9
  57658 110.20  28.02  144   17.6
  57661 111.48  28.92   51    3.1
  57663 111.95  28.92   31    5.7
  57666 112.13  28.52   49   28.2
  57674 112.47  28.57   44   17.3
  57678 112.55  28.25   71    4.7
  57680 113.07  28.80   47   23.3
  57688 113.63  28.15  100    7.7
  57694 114.38  28.53  256    3.8
  57708 105.60  27.15 1704   0.01
  57713 106.88  27.70  844    1.9
  57714 106.23  27.47  942    1.6
  57717 106.83  27.53  974    3.2
  57719 106.97  27.07 1280    8.3
  57720 107.17  27.88  888    1.2
  57723 107.72  27.98  710    1.6
  57728 107.47  27.07 1095   14.5
  57732 108.40  28.02  458    6.9
  57734 108.23  27.57  468   11.3
  57735 108.82  27.18  396   20.6
  57736 108.85  27.70  376   14.9
  57737 108.12  27.03  546   14.9
  57738 108.42  27.05  517   10.6
  57739 108.88  27.23  375   30.5
  57740 109.60  27.95  349   12.5
  57742 109.20  27.52  883    0.3
  57743 109.80  27.88  176    9.5
  57744 109.17  27.37  356   38.9
  57754 110.15  27.35  170   12.9
  57760 111.43  27.70  247    7.6
  57762 111.70  27.68  163    9.2
  57763 112.00  27.73  151    7.8
  57767 111.03  27.12  266   18.1
  57768 111.45  27.32  242   13.9
  57769 111.73  27.23  257   10.1
  57771 112.52  27.93   89    8.4
  57772 112.50  27.75   84    9.6
  57773 112.82  27.87   63   10.6
  57777 112.87  27.23   65   14.6
  57778 112.95  27.10   68   15.1
  57781 113.50  27.65   71   10.3
  57786 113.85  27.65  110    0.2
  57796 114.93  27.80   79   0.01
  57800 105.37  26.77 1458    2.0
  57807 105.47  26.20 1359    6.3
  57808 105.75  26.32 1272    9.2
  57809 105.75  26.07 1251   14.7
  57811 106.60  26.85 1242   10.3
  57813 106.47  26.57 1265   13.3
  57814 106.27  26.42 1285   11.1
  57818 106.45  26.03 1145   31.6
  57821 107.50  26.70  924    9.4
  57822 107.90  26.90  833    8.7
  57824 107.23  26.58 1005    7.8
  57828 107.58  26.50  983   15.7
  57829 107.80  26.20  964   19.0
  57834 108.30  26.68  642   10.2
  57835 108.43  26.72  521   10.9
  57837 108.07  26.40  838   12.9
  57842 109.72  26.88  281   22.5
  57844 109.18  26.68  344   10.9
  57846 110.15  26.58  307   12.6
  57851 110.85  26.45  307   17.1
  57859 110.63  26.03  409   12.4
  57860 111.28  27.00  282   14.5
  57865 111.58  26.47  166   21.6
  57867 111.28  26.40  169   20.4
  57868 111.87  26.60  113   15.6
  57870 112.10  26.80  151   11.0
  57871 112.37  26.98   91   10.7
  57875 112.50  26.88   71    7.8
  57876 112.83  26.43  118    0.1
  57881 113.25  26.72  105   0.01
  57882 113.55  26.78  135   0.01
  57900 105.22  25.83 1553    9.5
  57903 105.60  25.93 1138   21.7
  57905 105.63  25.40 1063   11.6
  57908 105.48  25.12 1393   11.5
  57909 105.82  24.98  584    2.9
  57911 106.65  26.67 1325   14.7
  57913 106.98  26.45 1095    8.9
  57914 106.67  26.42 1143   10.3
  57915 106.77  26.63 1102   16.6
  57921 107.32  25.83  710   15.6
  57923 107.87  25.98  418   18.0
  57927 107.18  24.97  283    0.1
  57936 108.92  25.75  255   18.2
  57941 109.60  25.78  198   21.4
  57942 110.00  25.80  267   12.4
  57948 109.25  25.08  123   0.01
  57949 110.00  24.98  157   0.01
  57954 110.18  25.23  158    0.3
  57955 110.67  25.62  224    0.1
  57956 110.32  25.42  169    0.1
  57958 110.32  25.08  152   0.01
  57960 111.07  25.93  192    7.4
  57962 111.65  25.97  166    9.7
  57964 111.15  25.50  258   0.01
  57969 111.33  25.27  230    0.2
  57976 112.95  25.42  226   0.01
  57978 112.55  25.28  291   0.01
  57991 114.55  25.80  148   0.01
  57995 114.93  25.40  166   0.01
  58401 115.40  30.78  106   0.01
  58409 115.93  30.07   20   0.01
  58417 116.13  30.17   50   0.01
  58463 121.50  30.88    9   0.01
  58502 116.00  29.73   37   0.01
  58503 115.68  29.70   41   0.01
  58508 115.77  29.33   42   0.01
  58514 116.05  29.45   35   0.01
  58529 117.85  29.27   82    0.1
  58544 119.27  29.48   87    0.1
  58546 119.88  29.47  114    0.1
  58558 120.22  29.27   89    0.1
  58559 120.98  29.17   59   0.01
  58601 115.38  28.70   54    2.3
  58607 115.95  28.55   35    0.1
  58616 116.82  28.20   44    0.1
  58619 116.37  28.00   47   0.01
  58631 118.50  28.90  134    0.1
  58643 120.03  28.90   99   0.01
  58710 116.05  27.77   76   0.01
  58713 117.07  27.72  220    0.1
  58735 118.80  27.52  201   0.01
  58745 119.07  27.62  368    0.1
  58746 119.70  27.55  514   0.01
  58747 119.35  27.15  900   0.01
  58819 116.80  26.17  329   0.01
  58826 117.80  26.40  120   0.01
  58828 117.62  26.27  206   0.01
  58903 116.03  25.90  208   0.01
  58906 115.80  25.60  167   0.01
  58907 115.40  25.15  300   0.01
  58912 116.75  25.72  379   0.01
  58917 116.10  25.08  307    0.1
  58942 119.38  25.72   39   0.01
  59001 105.33  24.78  674    5.7
  59004 105.10  24.50  729    0.3
  59012 106.55  24.78  973    2.3
  59015 106.57  24.35  442    1.5
  59022 107.55  24.98  695    0.5
  59025 107.38  24.53  249    0.3
  59027 107.25  24.13  244    0.2
  59031 108.25  24.83  205    0.6
  59033 108.90  24.78  330   0.01
  59034 108.67  24.48  149   0.01
  59038 108.65  24.07  142    1.0
  59041 109.25  24.65  109   0.01
  59044 109.38  24.47   99    2.7
  59045 109.75  24.48   95    2.6
  59047 109.33  24.25  101    2.0
  59051 110.50  24.77  133   0.01
  59052 110.82  24.83  167    0.1
  59053 110.67  24.62  108   0.01
  59055 110.40  24.50  166    2.2
  59057 110.18  24.13  827    0.2
  59059 110.80  24.18  107    3.6
  59061 111.27  24.82  198    0.4
  59063 111.45  25.18  262   0.01
  59064 111.32  24.55  141    0.6
  59071 112.28  24.73  175    0.1
  59074 112.15  24.57  300   0.01
  59075 112.63  24.48   70   0.01
  59081 113.27  24.78   98   0.01
  59093 115.03  24.78  254   0.01
  59099 114.93  24.45  175   0.01
  59106 115.90  24.58  152   0.01
  59114 116.17  24.65  131    0.2
  59213 106.92  23.73  113   0.01
  59227 107.15  23.08  438    0.1
  59229 107.70  23.18  101    0.7
  59230 108.17  23.72  173    0.3
  59235 108.62  23.43  116    0.6
  59237 108.28  23.17  115    0.1
  59238 108.80  23.22  123    0.7
  59241 109.68  23.97   91    0.1
  59246 109.67  23.60   70    0.6
  59249 109.62  23.12   56    1.3
  59255 110.38  23.55   37    0.1
  59270 112.18  23.92   78   0.01
  59276 112.65  23.35   40   0.01
  59284 113.22  23.38    6    0.2
  59285 113.60  23.57   39    0.3
  59288 113.13  23.05    3    0.1
  59290 114.23  23.73   71    0.7
  59432 108.40  22.80  203   0.01
  59435 108.48  22.77   75   0.01
  59441 109.25  22.70   78   0.01
  59451 110.35  22.70   99    0.2
  59452 110.53  22.85  100   0.01
  59457 110.27  22.32  120   0.01
  59469 111.78  22.17   33    0.6
  59470 112.22  22.72   33    0.6
  59471 112.05  22.93  102   0.01
  59473 112.97  22.77   20    0.3
  59475 112.65  22.40   24    0.3
  59476 113.03  22.53   35    0.1
  59477 112.30  22.18   25    0.1
  59480 113.25  22.85   21    1.4
  59481 113.32  22.93   16   0.01
  59487 113.30  22.23   12   0.01
  59635 108.35  21.62   26    0.3
  59640 109.18  21.67    6   0.01
  59650 110.25  21.38   25   0.01
  59653 110.85  21.93   35   0.01
  59654 110.30  21.63   28   0.01
  59655 110.62  21.65   35    0.1
  59656 110.77  21.43   29   0.01
  59659 110.92  21.75   32    0.1
  59848 109.43  19.23  219    0.1
  59945 109.70  18.65   65    0.2
