diamond  3 2013年04月02日08点24小时降雨量                    
  13  04  02  08    -1 3 10 25 50 1 0
 39 122.7  37.3 122.5  36.7 120.8  36.2 119.3  35.0 120.4  34.3
 121.1  32.7 122.3  30.9 122.5  30.1 121.5  28.0 119.8  25.0
 116.1  22.6 111.0  21.0 111.0  18.6 109.6  18.1 108.3  18.5
 108.9  19.9 109.3  21.0 106.4  21.6 104.1  22.2 101.6  20.8
  98.7  22.0  97.1  24.1  97.7  27.0  91.7  26.6  85.7  27.7
  78.9  30.6  73.3  37.1  74.1  40.7  87.6  49.8  98.5  43.9
 110.4  44.3 122.0  54.7 135.7  48.3 131.5  42.2 125.2  39.4
 121.3  38.5 121.2  40.3 118.5  38.6 120.8  38.1
1         704
  50137 122.37  53.47  297   0.01
  51058  87.97  47.10  564    1.0
  51137  82.93  46.20  715    7.3
  51145  83.65  46.55  523    2.2
  51328  80.42  44.20  774    8.0
  51329  80.85  44.05  641   11.4
  51352  85.25  44.85  338    0.6
  51353  86.10  45.02  347    0.2
  51356  86.05  44.32  444   0.01
  51357  85.62  44.33  523    0.3
  51359  86.20  44.32  473   0.01
  51378  89.17  44.02  735   0.01
  51430  81.15  43.83  605    5.6
  51434  81.53  43.97  771    7.7
  51435  82.23  43.47  776    0.8
  51436  83.25  43.45  929    3.6
  51465  87.10  43.48 1874    1.8
  51482  90.28  43.83 1271   0.01
  52862 101.68  36.95 2451    0.2
  52863 101.95  36.82 2480   0.01
  52869 101.58  36.50 2665   0.01
  52875 102.10  36.50 2129   0.01
  52968 101.47  35.03 3663   0.01
  53397 113.98  41.10 1377   0.01
  54113 118.65  43.53  623    0.1
  54117 117.53  43.25 1004    0.3
  54132 121.07  42.40  400    0.3
  54187 128.92  43.12  369    0.1
  54204 115.00  42.30 1347   0.01
  54214 118.42  42.58  961    1.6
  54225 119.92  42.28  589    2.5
  54244 123.33  42.75  120   0.01
  54245 123.40  42.50   99    3.3
  54248 123.53  42.03   67    9.2
  54249 123.87  42.30   79    6.9
  54252 124.75  42.73  198    1.7
  54261 125.52  42.68  343    2.7
  54267 125.73  42.25  363    6.2
  54274 126.07  42.68  300    2.8
  54290 129.40  42.77  245    0.1
  54301 115.67  41.67 1414   0.01
  54304 115.28  40.97 1249   0.01
  54305 115.27  41.88 1468   0.01
  54313 118.70  41.93  734    1.7
  54319 118.67  41.00  509   0.01
  54320 119.30  41.60  546    3.2
  54323 120.78  41.82  253    2.2
  54325 120.35  41.18  183    1.9
  54327 119.35  41.23  421    0.2
  54328 119.72  41.08  300    3.7
  54330 121.37  41.17   61    8.3
  54331 121.77  41.58   83    0.2
  54332 122.72  41.52   13    6.7
  54336 122.42  41.42   13    2.3
  54338 121.95  41.28    4    9.2
  54340 123.32  41.67   47   11.1
  54345 123.07  41.20   29    9.1
  54347 123.17  41.23   25   10.0
  54348 123.32  41.42   43   11.5
  54362 125.73  41.67  388    7.6
  54371 126.43  41.93  521    9.4
  54420 117.33  40.93  530    1.2
  54421 117.12  40.65  286    0.2
  54424 117.12  40.17   33   0.01
  54425 117.48  40.42  584    2.7
  54428 117.40  40.03   19    0.5
  54430 118.15  40.77  268   0.01
  54437 118.65  39.50   19    0.7
  54438 118.88  39.88   61   0.01
  54453 120.88  40.78   43    9.5
  54474 122.35  40.42   27   10.9
  54475 122.48  40.62   15   13.1
  54483 123.90  40.88  239   12.9
  54494 124.07  40.47   74   13.0
  54522 117.73  39.88   19    0.7
  54526 117.33  39.08   10   0.01
  54530 117.77  39.23    6   0.01
  54531 118.72  39.73   43   0.01
  54533 118.10  39.58    9   0.01
  54535 118.47  39.28    3    0.1
  54540 119.17  39.72   14    5.4
  54541 119.23  39.90   23    3.1
  54568 121.70  39.08   40   15.1
  54569 121.97  39.40   35   14.6
  54575 122.37  39.42   44   17.1
  54590 124.17  39.88    5   14.8
  54622 117.37  38.98    3   0.01
  54628 117.48  38.15    7   0.01
  54729 117.87  37.17   11   0.01
  54730 118.13  37.70   11    0.1
  54731 118.22  37.48   16    0.1
  54732 118.52  37.87   13    0.5
  54734 118.00  37.35   12    0.1
  54736 118.67  37.43    9    0.4
  54738 118.40  37.05   20    0.1
  54749 119.95  37.18   48    1.9
  54752 120.77  37.80   64    3.2
  54755 120.38  37.37  113    3.5
  54759 120.83  37.30  172    1.2
  54765 121.43  37.48   57    1.4
  54766 121.62  37.38   23    1.4
  54777 122.07  37.20  112    0.5
  54778 122.48  37.17   60    0.2
  54821 117.20  37.00   21    0.1
  54824 117.95  36.63   95   0.01
  54825 117.85  36.52  195    0.1
  54827 117.15  36.17  137   0.01
  54830 117.93  36.82   35    0.1
  54831 118.50  36.65  102    0.1
  54832 118.73  36.88   29    1.8
  54834 118.28  36.87   46    0.6
  54835 118.55  36.50  110    0.3
  54837 118.83  36.68   76    0.4
  54841 119.40  36.87    8    2.1
  54844 119.18  36.42   67    0.2
  54846 119.75  36.38   37    0.4
  54848 119.42  35.98   81    0.6
  54849 120.00  36.27   16    1.7
  54851 120.57  36.90   81    0.9
  54852 120.73  36.97   53    1.2
  54853 120.42  36.17   43    2.9
  54855 120.47  36.38   30    1.0
  54861 121.53  36.93   47    0.1
  54871 122.48  36.93    9   0.01
  54920 117.28  35.65  110   0.01
  54922 117.78  35.88  223   0.01
  54923 117.93  35.72  202   0.01
  54932 118.65  35.77  184    0.1
  54935 118.43  35.53  120   0.01
  54938 118.40  35.05   66   0.01
  54939 118.82  35.17  116   0.01
  54940 119.20  35.75  147    0.1
  54943 120.00  35.88   13   0.01
  56016  95.62  33.85 4181   0.01
  56071 102.50  34.58 3107    1.3
  56084 103.23  34.07 2376    4.6
  56094 104.37  33.78 1400    1.2
  56095 104.38  34.03 1754    0.1
  56097 104.23  33.27 1407    1.3
  56147  98.83  31.22 3261    0.9
  56158 100.67  31.40 3250   0.01
  56171 101.70  32.90 3276    0.9
  56180 103.85  31.68 1591   0.01
  56181 103.70  30.68  543    1.7
  56183 103.58  31.47 1326   0.01
  56185 102.98  32.08 2400   0.01
  56186 104.20  31.33  589    2.9
  56189 103.93  30.98  584    2.1
  56190 104.55  31.55  518    2.6
  56192 104.67  32.95 1016    2.3
  56193 104.52  32.42  894   10.1
  56194 104.45  31.82  679    3.5
  56195 104.73  31.78  531    6.3
  56197 104.18  31.13  537    2.7
  56198 104.50  31.32  523    3.4
  56199 104.68  31.03  424   0.01
  56267 101.02  30.03 2598    1.4
  56272 103.88  30.82  560    1.2
  56273 102.82  30.38 1011    7.7
  56276 103.82  30.45  468    0.4
  56278 102.77  30.07  756    0.1
  56279 102.93  30.15  683    0.2
  56280 103.12  30.08  692   0.01
  56281 103.50  30.18  512    0.1
  56284 103.48  30.42  502    0.6
  56285 103.52  30.60  525    1.7
  56286 104.25  30.55  514    2.1
  56288 103.92  30.58  495   0.01
  56289 103.87  30.20  439    0.1
  56290 104.18  30.78  515    8.0
  56291 104.28  30.97  474    0.4
  56295 104.55  30.38  443    0.1
  56296 104.43  30.85  449    0.3
  56298 104.60  30.13  415    1.6
  56371 102.23  29.92 1322    0.2
  56373 102.85  29.78  763    1.6
  56376 102.68  29.35 1098    3.2
  56378 102.35  29.23  891    5.5
  56382 103.60  29.73  408    0.2
  56383 103.87  29.83  454    0.2
  56384 103.48  29.60  446    0.1
  56387 103.27  29.23  639    0.5
  56389 103.95  29.20  386   0.01
  56390 104.07  29.67  403   0.01
  56391 103.82  30.08  416   0.01
  56393 104.85  29.77  370   0.01
  56395 104.67  29.52  349   0.01
  56399 104.98  29.18  307    0.1
  56473 102.77  28.95 1061    0.2
  56480 103.53  28.82  564   0.01
  56487 103.13  28.33 1945   0.01
  56489 103.63  28.23  876   0.01
  56490 103.90  28.95  396    0.1
  56493 104.97  28.85  297    0.1
  56580 102.80  27.72 2461   0.01
  56592 104.52  28.43  360   0.01
  56595 104.87  27.42 1644    4.7
  56596 105.05  27.85 1176    7.2
  56641  98.87  26.90 1191    3.7
  56673 102.92  26.92  894   0.01
  56742  99.37  25.90 1663    1.1
  56757 100.28  25.27 1744   0.01
  56761 101.32  25.72 1873   0.01
  56772 102.50  25.23 1694    0.1
  56777 102.07  25.15 1566    0.9
  56790 104.25  25.68 1920   0.01
  56836  97.95  24.70  828    0.4
  56839  98.82  23.77  994    1.5
  56840  98.30  24.82 1013    1.9
  56841  98.68  24.60 1527    0.3
  56842  99.18  24.73 1473    0.2
  56843  99.62  24.83 1650    1.6
  56844  98.58  24.43  915   0.01
  56846  99.93  24.58 1569    1.8
  56849  99.23  24.03 1607    4.6
  56851 100.52  25.03 1378   0.01
  56854 100.13  24.45 1108    0.4
  56862 101.60  24.68 1966    0.3
  56867 101.12  23.98 1107    0.1
  56869 101.97  24.07 1498    0.5
  56870 102.17  24.67 1576   0.01
  56872 102.62  24.95 2360   0.01
  56873 102.90  24.67 1752   0.01
  56876 102.77  24.28 1732   0.01
  56878 102.75  24.13 1802    0.6
  56879 102.92  24.20 1610   0.01
  56883 103.98  24.83 1846    0.1
  56889 104.17  24.05 1518    0.5
  56891 104.32  24.98 1482   0.01
  56898 102.40  24.18 1542   0.01
  56944  99.27  23.15 1280    2.3
  56948  99.60  22.63 1156    0.8
  56949  99.60  22.32  946    1.1
  56950  99.80  23.47 1044    0.1
  56952 100.70  23.50  914   0.01
  56958 100.42  21.92 1177    2.5
  56961 101.05  23.03 1321    3.7
  56962 101.67  23.42 1315    1.6
  56970 102.48  23.70 1419    3.4
  56973 102.83  23.62 1310    4.8
  56975 102.43  23.37  975    3.0
  56976 102.83  23.23  229    7.4
  56978 102.42  23.00 1640    2.2
  56982 103.25  23.70 1055    5.2
  56984 103.15  23.38 1717    4.2
  56987 103.23  22.78 1261   26.3
  56989 103.95  22.50  138   18.4
  56992 104.70  23.45 1508   0.01
  56994 104.25  23.38 1277    1.8
  56995 104.42  23.03 1335    3.4
  56996 104.70  23.13 1094    2.2
  57002 105.65  34.85 1217   0.01
  57006 105.75  34.58 1142   0.01
  57007 105.18  34.18 1406    0.4
  57008 105.30  34.03 1578    1.5
  57102 105.72  33.75  971    0.5
  57105 105.60  33.33 1219    5.4
  57110 106.08  33.78  930   0.01
  57111 106.30  33.92  967   0.01
  57119 106.70  33.17  551   0.01
  57128 107.33  33.17  487   0.01
  57129 107.72  32.98  447   0.01
  57204 105.23  32.58  801    9.5
  57208 105.47  32.02  538   15.6
  57213 106.93  33.00  537    0.4
  57216 106.83  32.35  577   15.4
  57217 106.28  32.23  493   17.4
  57303 105.92  31.73  460   10.4
  57304 105.17  31.67  517    4.0
  57307 105.08  31.10  408    2.6
  57308 105.38  31.22  421    0.9
  57314 106.07  31.35  385    0.1
  57315 106.40  31.53  658    1.6
  57317 106.42  31.03  323    0.9
  57318 106.55  31.07  339    0.6
  57320 107.22  31.93  483   12.5
  57324 107.08  31.58  363   12.0
  57326 107.72  31.37  390   12.8
  57329 107.85  31.10  462    4.1
  57333 108.67  31.95  800    0.8
  57338 108.42  31.18  213   19.6
  57339 108.68  30.95  296    7.1
  57402 105.70  30.77  395   0.01
  57407 105.03  30.28  464   0.01
  57408 105.35  30.12  333    0.2
  57409 105.80  30.18  295    0.5
  57413 106.97  30.85  295   0.01
  57414 106.45  30.55  396   0.01
  57415 106.63  30.47  336    0.2
  57416 106.93  30.33 3915    0.1
  57417 106.28  30.35  315    0.2
  57425 107.33  30.33  430   0.01
  57431 108.35  30.83  256    0.6
  57437 108.03  30.30  326   0.01
  57462 111.08  30.87  104    0.3
  57505 105.58  29.42  324   0.01
  57508 105.37  29.15  302   0.01
  57509 106.93  28.95  325    0.1
  57518 106.53  29.38  243    0.1
  57519 107.08  29.15  559    0.2
  57525 107.75  29.32  273    0.1
  57537 108.17  29.30  321    0.5
  57540 109.15  29.68  776   0.01
  57541 109.48  30.00  533    2.1
  57543 110.03  29.88  540   0.01
  57544 109.45  29.47  486    1.3
  57558 110.47  29.13  184    0.1
  57564 111.13  29.43  103   0.01
  57566 111.65  29.45   50    0.6
  57571 112.40  29.70   37   0.01
  57575 112.57  29.52   32    0.7
  57577 112.17  29.40   37    0.9
  57582 113.88  29.73   51    0.2
  57585 113.45  29.48   60    0.3
  57586 114.03  29.53   79    0.8
  57589 113.80  29.25  103    5.3
  57590 114.37  29.85   64   0.01
  57596 114.20  29.63    0    0.6
  57603 105.83  28.82  283    0.1
  57605 105.82  28.03  539    1.7
  57609 105.70  28.58  316   0.01
  57623 107.60  28.88  684    1.2
  57634 107.88  28.52  658    0.2
  57635 108.98  28.45  363   0.01
  57636 108.50  28.57  335    0.1
  57637 108.12  28.25  524   0.01
  57640 109.45  28.58  344   0.01
  57643 109.83  29.00  268    0.2
  57646 109.95  28.62  301   0.01
  57657 110.20  28.22  182    0.3
  57658 110.20  28.02  144    1.1
  57663 111.95  28.92   31   0.01
  57666 112.13  28.52   49    0.2
  57674 112.47  28.57   44    0.3
  57678 112.55  28.25   71   0.01
  57680 113.07  28.80   47    1.8
  57688 113.63  28.15  100    0.5
  57694 114.38  28.53  256    0.2
  57698 114.45  28.12   99    1.7
  57699 114.92  28.23   68    1.5
  57713 106.88  27.70  844    9.7
  57714 106.23  27.47  942    0.7
  57717 106.83  27.53  974    1.9
  57719 106.97  27.07 1280    0.5
  57720 107.17  27.88  888    5.1
  57723 107.72  27.98  710    6.3
  57728 107.47  27.07 1095    1.5
  57732 108.40  28.02  458    0.6
  57734 108.23  27.57  468    3.3
  57735 108.82  27.18  396    3.8
  57736 108.85  27.70  376    0.7
  57737 108.12  27.03  546    3.7
  57738 108.42  27.05  517    4.9
  57739 108.88  27.23  375    3.8
  57740 109.60  27.95  349    3.7
  57742 109.20  27.52  883    4.6
  57743 109.80  27.88  176    3.8
  57744 109.17  27.37  356    3.2
  57754 110.15  27.35  170    5.7
  57760 111.43  27.70  247    0.9
  57762 111.70  27.68  163    0.4
  57763 112.00  27.73  151    0.2
  57767 111.03  27.12  266    4.9
  57768 111.45  27.32  242    1.1
  57769 111.73  27.23  257    0.7
  57771 112.52  27.93   89   0.01
  57772 112.50  27.75   84   0.01
  57773 112.82  27.87   63    0.2
  57777 112.87  27.23   65    0.8
  57778 112.95  27.10   68    0.7
  57781 113.50  27.65   71    2.1
  57786 113.85  27.65  110    3.2
  57792 114.68  27.82   93    2.1
  57796 114.93  27.80   79    3.3
  57798 114.60  27.40   89    4.7
  57800 105.37  26.77 1458    0.2
  57807 105.47  26.20 1359    0.1
  57809 105.75  26.07 1251   0.01
  57811 106.60  26.85 1242    0.8
  57813 106.47  26.57 1265    0.3
  57814 106.27  26.42 1285    0.4
  57818 106.45  26.03 1145    0.3
  57821 107.50  26.70  924    0.4
  57822 107.90  26.90  833    3.6
  57824 107.23  26.58 1005    1.2
  57828 107.58  26.50  983    0.4
  57829 107.80  26.20  964    0.3
  57834 108.30  26.68  642    0.5
  57835 108.43  26.72  521    1.2
  57837 108.07  26.40  838    0.5
  57842 109.72  26.88  281    5.8
  57844 109.18  26.68  344    3.8
  57846 110.15  26.58  307    3.8
  57851 110.85  26.45  307    4.4
  57859 110.63  26.03  409    7.1
  57860 111.28  27.00  282    3.2
  57865 111.58  26.47  166    2.1
  57867 111.28  26.40  169    1.9
  57868 111.87  26.60  113    1.6
  57870 112.10  26.80  151    1.5
  57871 112.37  26.98   91    0.4
  57875 112.50  26.88   71    1.4
  57876 112.83  26.43  118    4.9
  57881 113.25  26.72  105    2.3
  57882 113.55  26.78  135    5.4
  57883 114.28  26.75  257   13.1
  57886 113.78  26.50  226   11.3
  57887 113.12  26.13  124   15.6
  57891 114.25  26.93  144   10.3
  57895 114.78  26.47   96   16.3
  57899 114.92  26.80   66   15.4
  57900 105.22  25.83 1553    1.5
  57903 105.60  25.93 1138    0.1
  57905 105.63  25.40 1063    5.1
  57908 105.48  25.12 1393    2.7
  57909 105.82  24.98  584    1.7
  57911 106.65  26.67 1325    4.1
  57913 106.98  26.45 1095    1.0
  57914 106.67  26.42 1143    1.0
  57915 106.77  26.63 1102    3.4
  57921 107.32  25.83  710    0.2
  57923 107.87  25.98  418    0.1
  57927 107.18  24.97  283    2.6
  57936 108.92  25.75  255    0.4
  57941 109.60  25.78  198    2.0
  57942 110.00  25.80  267    2.1
  57948 109.25  25.08  123   0.01
  57949 110.00  24.98  157    7.0
  57954 110.18  25.23  158    5.8
  57955 110.67  25.62  224    3.3
  57956 110.32  25.42  169    6.1
  57958 110.32  25.08  152   42.1
  57960 111.07  25.93  192    8.0
  57962 111.65  25.97  166   13.0
  57964 111.15  25.50  258   10.1
  57966 111.95  25.60  205   23.2
  57969 111.33  25.27  230    3.0
  57971 112.20  25.92  225   15.1
  57975 112.20  25.38  278   18.2
  57976 112.95  25.42  226   28.8
  57978 112.55  25.28  291   15.8
  57981 113.22  25.98  141   17.4
  57985 113.68  25.57  608   19.7
  57988 113.35  25.15  103    8.5
  57989 113.73  25.10   96    8.3
  57990 114.30  25.70  252   20.4
  57991 114.55  25.80  148   15.2
  57992 114.75  25.67  129    7.9
  57994 114.35  25.40  208    7.8
  57995 114.93  25.40  166   10.5
  58011 116.07  34.80   44    0.2
  58013 116.90  34.75   40   0.01
  58020 117.13  34.80   38   0.01
  58021 117.28  34.78   80   0.01
  58022 117.57  34.75   48   0.01
  58024 117.58  34.87   78   0.01
  58030 118.07  34.85   47   0.01
  58032 118.65  34.93   75   0.01
  58306 115.88  31.68   94   0.01
  58317 116.37  30.87  434    2.8
  58337 118.18  31.08   30    0.2
  58370 121.55  31.22   11   0.01
  58408 115.43  30.23   35   0.01
  58409 115.93  30.07   20   0.01
  58417 116.13  30.17   50   0.01
  58418 116.70  30.13   26   0.01
  58420 117.22  30.72   38   0.01
  58423 117.78  30.48  643   0.01
  58426 118.13  30.30  192    0.1
  58427 117.48  30.67   36    0.7
  58428 117.48  30.22  115    0.7
  58435 118.53  30.30  221   0.01
  58449 119.95  30.05   47   0.01
  58454 119.97  30.53    5   0.01
  58459 120.28  30.18   42   0.01
  58468 121.17  30.05   10   0.01
  58484 122.20  30.25    9   0.01
  58501 115.63  29.93   25    0.3
  58502 116.00  29.73   37    0.2
  58503 115.68  29.70   41    0.1
  58508 115.77  29.33   42    7.6
  58509 115.82  29.05   38    7.2
  58510 116.23  29.73   40    0.4
  58512 116.55  29.90   66   0.01
  58514 116.05  29.45   35    7.6
  58517 116.20  29.27   43    9.9
  58523 117.93  29.93  231   0.01
  58529 117.85  29.27   82   11.8
  58530 118.43  29.87  170   0.01
  58534 118.18  29.78  173    0.5
  58537 118.40  29.13  153   18.2
  58542 119.68  29.82   45   0.01
  58544 119.27  29.48   87    2.9
  58546 119.88  29.47  114    2.7
  58547 119.18  29.03   65    6.6
  58548 119.47  29.22   46    8.5
  58550 120.25  29.70   39   0.01
  58555 120.88  29.52  112    0.7
  58558 120.22  29.27   89    3.3
  58559 120.98  29.17   59    2.3
  58561 121.60  29.98    3   0.01
  58563 121.83  29.88    4   0.01
  58565 121.43  29.68    6   0.01
  58566 121.88  29.47   14    1.7
  58567 121.43  29.32   39    2.1
  58568 121.38  29.12   35    1.6
  58570 122.30  29.95   83    0.3
  58601 115.38  28.70   54    6.6
  58602 115.55  28.85   46    7.5
  58605 115.38  28.42   49    4.3
  58607 115.95  28.55   35    5.8
  58609 115.82  28.22   30    4.9
  58612 116.68  28.70   22   11.6
  58614 116.27  28.38   40    5.0
  58615 117.08  28.68   56   11.4
  58616 116.82  28.20   44    8.3
  58618 116.60  28.23   51    6.5
  58619 116.37  28.00   47    7.8
  58620 117.13  28.97   37   12.6
  58623 117.92  28.47   92   10.2
  58624 117.43  28.40   64   14.0
  58625 117.60  28.42   80   11.2
  58627 117.03  28.25   64   10.7
  58629 117.70  28.32   59   11.7
  58631 118.50  28.90  134    9.6
  58632 118.60  28.72  124   13.2
  58635 118.20  28.43   96   10.1
  58642 119.80  28.88  102    3.5
  58643 120.03  28.90   99    4.9
  58644 119.28  28.60  237    5.8
  58647 119.13  28.07  196    9.5
  58654 120.08  28.67  184    4.0
  58656 120.97  28.12    7    8.5
  58657 120.28  28.15   59    2.7
  58658 120.68  28.15   36    5.4
  58659 120.65  28.03   29    7.0
  58660 121.13  28.85    8    2.9
  58664 121.37  28.37   33    5.9
  58693 115.83  28.70   37    6.3
  58701 115.40  27.77   47    4.0
  58704 115.35  27.62   61    5.6
  58706 115.83  27.43  180   11.5
  58707 115.13  27.22   66   12.4
  58710 116.05  27.77   76   10.0
  58712 116.78  27.92  123   11.5
  58713 117.07  27.72  220    9.8
  58714 116.23  27.55  115   17.6
  58719 116.93  27.30  123   15.1
  58724 117.30  27.52  264   12.2
  58735 118.80  27.52  201   10.3
  58736 118.82  27.37  220    7.1
  58745 119.07  27.62  368    6.6
  58746 119.70  27.55  514    2.9
  58747 119.35  27.15  900    6.6
  58748 119.65  27.10   51    7.4
  58749 119.88  27.23  680    3.6
  58750 120.08  27.78  106    5.7
  58751 120.55  27.68    5    5.5
  58804 115.35  26.35  153   26.2
  58814 116.35  26.35  237   14.5
  58819 116.80  26.17  329   12.2
  58821 117.47  26.73  174    9.3
  58822 116.85  26.83  341   11.7
  58823 117.80  26.80  173   11.2
  58824 117.15  26.40  355   20.7
  58826 117.80  26.40  120   14.0
  58828 117.62  26.27  206   18.3
  58836 118.73  26.58  359   10.7
  58839 118.85  26.23   42   16.2
  58844 119.15  26.15   49    8.8
  58845 119.53  26.50   57    7.2
  58848 119.55  26.20   12    8.3
  58850 120.23  26.92   88    6.4
  58903 116.03  25.90  208    5.0
  58905 115.42  25.97  136   11.4
  58906 115.80  25.60  167   10.3
  58907 115.40  25.15  300   12.2
  58912 116.75  25.72  379   10.7
  58917 116.10  25.08  307   19.8
  58923 117.83  25.70  397    5.8
  58928 117.53  25.02  160    8.8
  58929 118.15  25.07   66    1.5
  58932 118.93  25.87   85   11.9
  58934 118.27  25.33  170    2.8
  58935 118.23  25.48  516    4.0
  58938 118.98  25.23   22    0.8
  58940 119.33  26.08   28    9.6
  58941 119.50  25.97   11   12.4
  58942 119.38  25.72   39    7.8
  58946 119.00  25.45   84    3.6
  59001 105.33  24.78  674    9.4
  59004 105.10  24.50  729    0.2
  59012 106.55  24.78  973    8.2
  59015 106.57  24.35  442    0.6
  59017 106.27  24.27  279   35.9
  59022 107.55  24.98  695    1.3
  59025 107.38  24.53  249    0.6
  59027 107.25  24.13  244    0.3
  59031 108.25  24.83  205    0.2
  59033 108.90  24.78  330    0.4
  59034 108.67  24.48  149    0.5
  59038 108.65  24.07  142    1.7
  59041 109.25  24.65  109    0.3
  59044 109.38  24.47   99    4.5
  59045 109.75  24.48   95    8.4
  59047 109.33  24.25  101    7.1
  59051 110.50  24.77  133    7.4
  59052 110.82  24.83  167    4.3
  59053 110.67  24.62  108   20.2
  59055 110.40  24.50  166   25.6
  59057 110.18  24.13  827    2.2
  59059 110.80  24.18  107   14.2
  59061 111.27  24.82  198    8.7
  59063 111.45  25.18  262    4.6
  59064 111.32  24.55  141   12.4
  59071 112.28  24.73  175   12.4
  59074 112.15  24.57  300    7.3
  59075 112.63  24.48   70    7.5
  59081 113.27  24.78   98   13.0
  59090 114.07  24.95  103   12.4
  59091 114.53  24.75  257    9.7
  59093 115.03  24.78  254    9.0
  59094 114.12  24.37  135   10.2
  59099 114.93  24.45  175    1.0
  59106 115.90  24.58  152    2.7
  59114 116.17  24.65  131    8.2
  59122 117.75  24.62   42    9.0
  59124 117.37  24.52   31    0.5
  59127 117.83  24.43   14    4.5
  59129 117.60  24.13   53    0.8
  59130 118.15  24.73   28    3.3
  59131 118.37  24.97   44    2.2
  59137 118.57  24.82   55    3.2
  59213 106.92  23.73  113    0.6
  59215 106.62  23.33  640    3.1
  59224 107.12  23.60  116    0.7
  59227 107.15  23.08  438    3.4
  59229 107.70  23.18  101    2.3
  59230 108.17  23.72  173    7.0
  59235 108.62  23.43  116   13.6
  59237 108.28  23.17  115    9.4
  59238 108.80  23.22  123   11.1
  59241 109.68  23.97   91    3.4
  59246 109.67  23.60   70    1.8
  59249 109.62  23.12   56    7.4
  59255 110.38  23.55   37    1.8
  59256 110.92  23.37   56    2.2
  59264 111.50  23.40   79    3.4
  59266 111.23  23.42   46    2.4
  59268 111.53  23.25   31   0.01
  59269 111.77  23.15   27    0.2
  59270 112.18  23.92   78    2.7
  59276 112.65  23.35   40    0.6
  59279 112.87  23.18   18    0.6
  59284 113.22  23.38    6   0.01
  59285 113.60  23.57   39    1.6
  59288 113.13  23.05    3    0.2
  59290 114.23  23.73   71   25.7
  59312 116.63  23.67   11    0.1
  59313 116.98  23.68   42    0.8
  59318 116.58  23.27   10   0.01
  59319 116.77  23.47    9   0.01
  59320 117.13  23.77   27    0.2
  59322 117.37  23.98   20    4.0
  59419 106.75  22.10  243   22.1
  59421 107.20  22.83  257   14.4
  59425 107.35  22.40  107   19.1
  59426 107.90  22.63   92   18.8
  59427 107.07  22.12  162   27.6
  59429 107.97  22.15  183   21.4
  59432 108.40  22.80  203   58.3
  59435 108.48  22.77   75   20.7
  59441 109.25  22.70   78   55.2
  59448 109.55  22.27   70   36.9
  59449 109.98  22.30   80   18.2
  59451 110.35  22.70   99    8.1
  59452 110.53  22.85  100    6.1
  59454 111.00  22.92  104    5.9
  59457 110.27  22.32  120    5.4
  59469 111.78  22.17   33    0.3
  59470 112.22  22.72   33    2.0
  59471 112.05  22.93  102    1.6
  59473 112.97  22.77   20    1.1
  59475 112.65  22.40   24    2.2
  59476 113.03  22.53   35    1.0
  59477 112.30  22.18   25    0.6
  59480 113.25  22.85   21    0.4
  59481 113.32  22.93   16    0.3
  59487 113.30  22.23   12    0.2
  59635 108.35  21.62   26   48.8
  59640 109.18  21.67    6   23.6
  59650 110.25  21.38   25    2.5
  59653 110.85  21.93   35   0.01
  59654 110.30  21.63   28    0.3
  59655 110.62  21.65   35    0.4
  59656 110.77  21.43   29    1.7
  59659 110.92  21.75   32    0.6
  59750 110.10  20.92   25    1.5
  59842 109.68  19.90   31   0.01
  59848 109.43  19.23  219   0.01
  59851 110.33  19.70   25   0.01
  59856 110.75  19.62   26    0.2
  59940 109.17  18.75  156    1.5
  59945 109.70  18.65   65   0.01
