diamond  3 2013年04月15日08点24小时降雨量                    
  13  04  15  08    -1 3 10 25 50 1 0
 39 122.7  37.3 122.5  36.7 120.8  36.2 119.3  35.0 120.4  34.3
 121.1  32.7 122.3  30.9 122.5  30.1 121.5  28.0 119.8  25.0
 116.1  22.6 111.0  21.0 111.0  18.6 109.6  18.1 108.3  18.5
 108.9  19.9 109.3  21.0 106.4  21.6 104.1  22.2 101.6  20.8
  98.7  22.0  97.1  24.1  97.7  27.0  91.7  26.6  85.7  27.7
  78.9  30.6  73.3  37.1  74.1  40.7  87.6  49.8  98.5  43.9
 110.4  44.3 122.0  54.7 135.7  48.3 131.5  42.2 125.2  39.4
 121.3  38.5 121.2  40.3 118.5  38.6 120.8  38.1
1         152
  50137 122.37  53.47  297   0.01
  50566 128.47  49.55  117    1.2
  50645 124.48  48.48  196    0.2
  50646 124.85  48.48  204    0.1
  50655 126.18  48.50  267    0.3
  50659 126.25  48.03  293    0.3
  50673 130.40  48.88   92    0.2
  50674 129.43  48.57  404    0.2
  50749 124.83  47.18  159    0.6
  50750 125.30  47.90  228   0.01
  50755 126.10  47.60  232    0.3
  50767 127.10  47.23  204    0.3
  50772 129.23  48.10  299    0.1
  50775 130.27  47.33  229   0.01
  50776 130.83  47.57   84   0.01
  50779 134.28  48.37   41    0.3
  50787 131.85  47.28   63   0.01
  50851 126.08  46.68  209   0.01
  50852 126.45  46.83  170    0.2
  50858 125.93  46.07  136    0.4
  50859 126.27  46.25  160    0.1
  50861 127.48  46.88  186    0.8
  50867 127.35  46.08  134    0.4
  50871 129.88  46.73   96    0.2
  50878 130.72  47.00   80    0.1
  50879 130.55  46.22  187    1.9
  50880 131.12  46.73  104   0.01
  50884 131.15  46.63  176   0.01
  50892 134.00  46.80   57    0.2
  50946 124.83  45.18  140   0.01
  50954 125.08  45.50  129   0.01
  50956 126.57  45.93  117    0.2
  50958 126.95  45.52  175    0.8
  50960 127.45  45.78  192    2.6
  50962 128.03  45.95  113    1.6
  50964 128.80  45.83  123    0.5
  50965 128.30  45.45  157    0.6
  50971 131.02  45.77  226    1.0
  50979 130.23  45.27  279    0.1
  50987 131.13  45.25  181    0.3
  51058  87.97  47.10  564   0.01
  51137  82.93  46.20  715   0.01
  51145  83.65  46.55  523   0.01
  51352  85.25  44.85  338    1.1
  51353  86.10  45.02  347    1.1
  51356  86.05  44.32  444    1.6
  51357  85.62  44.33  523    5.1
  51359  86.20  44.32  473    2.6
  51368  87.32  44.12  516    2.8
  51369  87.65  43.97  601    5.9
  51377  87.92  44.17  547    4.8
  51378  89.17  44.02  735    8.0
  51465  87.10  43.48 1874    4.7
  51468  86.83  43.10 3543    2.6
  51482  90.28  43.83 1271   16.5
  54065 125.65  44.53  173   0.01
  54072 126.52  44.85  203    1.2
  54076 126.93  44.42  254    1.0
  54080 127.15  44.90  196    0.8
  54092 129.40  44.60  294    1.2
  54098 129.47  44.33  272    0.7
  54099 131.13  44.08  151    0.8
  54172 126.60  43.78  199   0.01
  54192 130.27  43.70  386    0.2
  54371 126.43  41.93  521    0.1
  54778 122.48  37.17   60    0.1
  56016  95.62  33.85 4181   0.01
  56147  98.83  31.22 3261    6.8
  56158 100.67  31.40 3250    7.8
  56164 100.98  32.27 3286    0.8
  56168 102.07  31.48 2170    5.5
  56171 101.70  32.90 3276    0.2
  56263 101.88  30.88 1948    1.0
  56378 102.35  29.23  891   0.01
  56396 104.77  29.35  352   0.01
  56441  99.28  28.72 2424    0.4
  56443  99.80  28.93 2842    0.4
  56474 102.17  28.55 1775    0.4
  56478 102.43  28.30 1819    0.2
  56580 102.80  27.72 2461    0.1
  56641  98.87  26.90 1191    5.0
  56645  99.42  26.42 2345    1.9
  56646  99.92  26.53 2193    0.3
  56649  99.97  26.10 2059    0.1
  56675 102.58  26.65 1695   0.01
  56742  99.37  25.90 1663    4.9
  56745  99.95  25.68 1627    6.0
  56746  99.52  25.47 1618    6.2
  56752 100.57  25.83 1440    0.3
  56755 100.48  25.35 1670    0.2
  56756 100.58  25.48 1993    1.1
  56757 100.28  25.27 1744    1.0
  56772 102.50  25.23 1694    1.6
  56785 103.03  25.33 1925    0.1
  56788 103.67  25.03 1842    4.9
  56835  97.82  24.07  958    2.3
  56836  97.95  24.70  828   10.4
  56839  98.82  23.77  994    1.9
  56840  98.30  24.82 1013   12.2
  56841  98.68  24.60 1527    4.7
  56842  99.18  24.73 1473    3.2
  56843  99.62  24.83 1650    0.4
  56844  98.58  24.43  915    3.2
  56846  99.93  24.58 1569   0.01
  56849  99.23  24.03 1607    1.0
  56851 100.52  25.03 1378   0.01
  56854 100.13  24.45 1108   0.01
  56863 102.48  24.93 1850   0.01
  56867 101.12  23.98 1107   0.01
  56869 101.97  24.07 1498   0.01
  56873 102.90  24.67 1752   0.01
  56876 102.77  24.28 1732    0.2
  56879 102.92  24.20 1610    0.4
  56883 103.98  24.83 1846    0.4
  56944  99.27  23.15 1280   0.01
  56958 100.42  21.92 1177   57.4
  56976 102.83  23.23  229    0.1
  56978 102.42  23.00 1640    5.3
  56987 103.23  22.78 1261    5.5
  56994 104.25  23.38 1277   0.01
  56996 104.70  23.13 1094    0.1
  57314 106.07  31.35  385   0.01
  57317 106.42  31.03  323   0.01
  57318 106.55  31.07  339   0.01
  57413 106.97  30.85  295   0.01
  57414 106.45  30.55  396   0.01
  57415 106.63  30.47  336   0.01
  57416 106.93  30.33 3915    0.3
  57420 107.20  30.75  397   0.01
  57425 107.33  30.33  430    0.1
  57438 108.12  29.98  630   0.01
  57509 106.93  28.95  325   0.01
  57623 107.60  28.88  684   0.01
  57713 106.88  27.70  844   0.01
  57717 106.83  27.53  974    0.7
  57720 107.17  27.88  888    1.5
  57723 107.72  27.98  710    0.5
  57734 108.23  27.57  468   0.01
  57808 105.75  26.32 1272    0.2
  57809 105.75  26.07 1251    0.1
  57818 106.45  26.03 1145    0.3
  57903 105.60  25.93 1138    0.9
  58749 119.88  27.23  680   0.01
  59318 116.58  23.27   10    0.1
  59319 116.77  23.47    9   0.01
  59322 117.37  23.98   20   0.01
  59750 110.10  20.92   25   0.01
  59842 109.68  19.90   31   0.01
  59940 109.17  18.75  156    1.2
  59941 109.52  18.77  328    0.2
  59945 109.70  18.65   65    3.1
  59951 110.33  18.80   38    0.3
