diamond  3 2013年04月07日08点24小时降雨量                    
  13  04  07  08    -1 3 10 25 50 1 0
 39 122.7  37.3 122.5  36.7 120.8  36.2 119.3  35.0 120.4  34.3
 121.1  32.7 122.3  30.9 122.5  30.1 121.5  28.0 119.8  25.0
 116.1  22.6 111.0  21.0 111.0  18.6 109.6  18.1 108.3  18.5
 108.9  19.9 109.3  21.0 106.4  21.6 104.1  22.2 101.6  20.8
  98.7  22.0  97.1  24.1  97.7  27.0  91.7  26.6  85.7  27.7
  78.9  30.6  73.3  37.1  74.1  40.7  87.6  49.8  98.5  43.9
 110.4  44.3 122.0  54.7 135.7  48.3 131.5  42.2 125.2  39.4
 121.3  38.5 121.2  40.3 118.5  38.6 120.8  38.1
1         339
  50524 119.43  49.32  578   0.01
  50778 132.53  47.67   59   0.01
  50779 134.28  48.37   41    0.9
  50787 131.85  47.28   63   0.01
  50871 129.88  46.73   96   0.01
  50880 131.12  46.73  104   0.01
  50884 131.15  46.63  176   0.01
  50892 134.00  46.80   57    2.8
  50946 124.83  45.18  140   0.01
  50971 131.02  45.77  226   0.01
  50985 131.87  45.55  155    0.5
  50987 131.13  45.25  181    0.4
  54093 130.55  44.93  266   0.01
  54098 129.47  44.33  272   0.01
  54099 131.13  44.08  151    0.9
  54187 128.92  43.12  369    0.7
  54192 130.27  43.70  386    0.6
  54290 129.40  42.77  245    3.0
  54291 130.28  42.90   37    2.2
  54293 129.83  42.95  141    0.7
  54313 118.70  41.93  734   0.01
  56016  95.62  33.85 4181    0.1
  56147  98.83  31.22 3261    1.6
  56158 100.67  31.40 3250    0.8
  56164 100.98  32.27 3286    1.5
  56168 102.07  31.48 2170    0.6
  56183 103.58  31.47 1326    0.1
  56184 103.17  31.43 1884   0.01
  56185 102.98  32.08 2400    1.3
  56267 101.02  30.03 2598    2.2
  56278 102.77  30.07  756    0.1
  56279 102.93  30.15  683    0.1
  56281 103.50  30.18  512    0.1
  56371 102.23  29.92 1322    6.5
  56378 102.35  29.23  891   0.01
  56478 102.43  28.30 1819   0.01
  56487 103.13  28.33 1945   0.01
  56567 100.85  27.30 2242    1.2
  56569 102.18  27.42 1381   0.01
  56575 102.55  27.37 1429    0.3
  56578 102.75  27.07 1093    1.2
  56580 102.80  27.72 2461    0.5
  56584 103.25  27.70 1093   0.01
  56585 103.53  27.18 1916    0.4
  56641  98.87  26.90 1191    0.2
  56645  99.42  26.42 2345   0.01
  56646  99.92  26.53 2193    0.1
  56652 100.75  26.68 2131    0.2
  56654 100.18  26.58 2196   0.01
  56665 101.85  26.68 1140    0.2
  56669 101.67  26.05 1531   0.01
  56670 102.12  26.90 1105    0.6
  56673 102.92  26.92  894    0.2
  56675 102.58  26.65 1695   0.01
  56688 103.17  26.10 1253    0.2
  56742  99.37  25.90 1663   0.01
  56745  99.95  25.68 1627   0.01
  56752 100.57  25.83 1440   0.01
  56755 100.48  25.35 1670   0.01
  56756 100.58  25.48 1993   0.01
  56761 101.32  25.72 1873    2.3
  56764 101.23  25.53 1875   0.01
  56766 101.52  25.33 1769    0.8
  56767 101.28  25.18 1858   0.01
  56772 102.50  25.23 1694   0.01
  56774 102.42  25.53 1712    1.0
  56775 102.45  25.55 1752    1.5
  56777 102.07  25.15 1566   0.01
  56781 103.27  25.55 1874    0.8
  56782 103.55  25.42 2064    0.4
  56783 103.80  25.50 1906    0.6
  56785 103.03  25.33 1925    0.2
  56788 103.67  25.03 1842    0.7
  56790 104.25  25.68 1920    0.1
  56842  99.18  24.73 1473    0.3
  56843  99.62  24.83 1650    2.2
  56844  98.58  24.43  915   0.01
  56846  99.93  24.58 1569    1.8
  56851 100.52  25.03 1378    0.1
  56854 100.13  24.45 1108    1.5
  56862 101.60  24.68 1966   0.01
  56863 102.48  24.93 1850    0.5
  56867 101.12  23.98 1107   0.01
  56869 101.97  24.07 1498   0.01
  56870 102.17  24.67 1576   0.01
  56871 102.60  24.65 1894    0.2
  56872 102.62  24.95 2360    0.5
  56873 102.90  24.67 1752    0.3
  56876 102.77  24.28 1732   0.01
  56878 102.75  24.13 1802    0.2
  56879 102.92  24.20 1610    0.6
  56880 103.17  24.92 1532   0.01
  56881 103.27  24.75 1694   0.01
  56882 102.80  24.88 1909    1.3
  56883 103.98  24.83 1846   0.01
  56885 103.45  24.40 1416    0.3
  56889 104.17  24.05 1518   0.01
  56891 104.32  24.98 1482    0.2
  56898 102.40  24.18 1542    0.2
  56952 100.70  23.50  914   0.01
  56962 101.67  23.42 1315   0.01
  56970 102.48  23.70 1419   0.01
  56973 102.83  23.62 1310   0.01
  56987 103.23  22.78 1261    0.3
  56995 104.42  23.03 1335   0.01
  57635 108.98  28.45  363   0.01
  57637 108.12  28.25  524    0.1
  57713 106.88  27.70  844    0.2
  57717 106.83  27.53  974    0.1
  57719 106.97  27.07 1280    0.4
  57728 107.47  27.07 1095    1.3
  57732 108.40  28.02  458    0.3
  57734 108.23  27.57  468   0.01
  57735 108.82  27.18  396    0.1
  57737 108.12  27.03  546   0.01
  57792 114.68  27.82   93    0.2
  57796 114.93  27.80   79    0.8
  57798 114.60  27.40   89    0.2
  57811 106.60  26.85 1242   0.01
  57813 106.47  26.57 1265    0.2
  57821 107.50  26.70  924    0.1
  57822 107.90  26.90  833    0.3
  57824 107.23  26.58 1005    0.4
  57828 107.58  26.50  983    0.2
  57837 108.07  26.40  838    0.1
  57881 113.25  26.72  105   0.01
  57882 113.55  26.78  135   0.01
  57883 114.28  26.75  257   0.01
  57886 113.78  26.50  226    0.3
  57887 113.12  26.13  124    0.4
  57891 114.25  26.93  144    1.7
  57895 114.78  26.47   96    0.6
  57899 114.92  26.80   66    0.3
  57900 105.22  25.83 1553    0.1
  57903 105.60  25.93 1138   0.01
  57905 105.63  25.40 1063   0.01
  57908 105.48  25.12 1393    1.1
  57909 105.82  24.98  584   0.01
  57911 106.65  26.67 1325    0.2
  57913 106.98  26.45 1095    0.2
  57914 106.67  26.42 1143    0.1
  57915 106.77  26.63 1102    0.2
  57921 107.32  25.83  710    0.2
  57923 107.87  25.98  418    0.1
  57927 107.18  24.97  283    0.7
  57936 108.92  25.75  255   0.01
  57948 109.25  25.08  123    0.1
  57960 111.07  25.93  192    0.1
  57962 111.65  25.97  166   0.01
  57966 111.95  25.60  205   0.01
  57971 112.20  25.92  225   0.01
  57973 112.72  25.75  328    0.1
  57975 112.20  25.38  278    0.1
  57976 112.95  25.42  226    0.4
  57978 112.55  25.28  291   0.01
  57981 113.22  25.98  141    0.1
  57985 113.68  25.57  608    0.4
  57988 113.35  25.15  103    1.4
  57989 113.73  25.10   96    0.2
  57990 114.30  25.70  252    0.3
  57991 114.55  25.80  148    0.3
  57992 114.75  25.67  129   0.01
  57994 114.35  25.40  208    0.1
  57995 114.93  25.40  166    0.1
  58249 120.00  32.17    8    0.1
  58269 121.65  31.78   12   0.01
  58339 118.90  31.33   24    0.1
  58342 119.55  31.72    7   0.01
  58360 121.20  31.92    6    0.1
  58361 121.37  31.10   10   0.01
  58365 121.25  31.37    9    0.1
  58366 121.40  31.63    9    0.1
  58367 121.43  31.20   18    0.1
  58369 121.78  31.05    9   0.01
  58370 121.55  31.22   11   0.01
  58377 121.10  31.47    6   0.01
  58428 117.48  30.22  115   0.01
  58441 119.42  30.87   53    0.1
  58446 119.68  30.63   25   0.01
  58449 119.95  30.05   47    0.3
  58451 120.93  30.83    3   0.01
  58452 120.77  30.73    4   0.01
  58453 120.50  30.07   10    0.3
  58454 119.97  30.53    5    0.1
  58455 120.65  30.52    8    0.1
  58456 120.52  30.63    6    0.1
  58458 120.90  30.53    3    0.1
  58459 120.28  30.18   42    0.2
  58460 121.35  30.73    6   0.01
  58461 121.12  31.13    8   0.01
  58462 121.23  31.03    9   0.01
  58463 121.50  30.88    9   0.01
  58468 121.17  30.05   10    3.1
  58484 122.20  30.25    9    1.0
  58502 116.00  29.73   37   0.01
  58509 115.82  29.05   38    0.1
  58537 118.40  29.13  153   0.01
  58542 119.68  29.82   45    0.5
  58544 119.27  29.48   87    0.2
  58546 119.88  29.47  114    0.8
  58547 119.18  29.03   65    0.4
  58548 119.47  29.22   46    0.3
  58550 120.25  29.70   39    0.4
  58555 120.88  29.52  112    0.1
  58558 120.22  29.27   89   0.01
  58559 120.98  29.17   59   0.01
  58561 121.60  29.98    3    0.1
  58563 121.83  29.88    4    1.6
  58566 121.88  29.47   14   0.01
  58570 122.30  29.95   83    0.2
  58615 117.08  28.68   56    0.1
  58623 117.92  28.47   92    0.1
  58625 117.60  28.42   80   0.01
  58629 117.70  28.32   59    0.1
  58631 118.50  28.90  134   0.01
  58632 118.60  28.72  124   0.01
  58635 118.20  28.43   96    0.1
  58642 119.80  28.88  102    0.8
  58643 120.03  28.90   99    0.4
  58644 119.28  28.60  237   0.01
  58647 119.13  28.07  196    0.7
  58654 120.08  28.67  184    1.6
  58657 120.28  28.15   59   0.01
  58701 115.40  27.77   47    0.1
  58704 115.35  27.62   61   0.01
  58707 115.13  27.22   66   0.01
  58712 116.78  27.92  123    0.1
  58713 117.07  27.72  220   0.01
  58714 116.23  27.55  115    0.8
  58745 119.07  27.62  368   0.01
  58748 119.65  27.10   51    0.5
  58749 119.88  27.23  680   0.01
  58804 115.35  26.35  153   0.01
  58814 116.35  26.35  237   0.01
  58819 116.80  26.17  329   0.01
  58821 117.47  26.73  174   0.01
  58822 116.85  26.83  341    0.3
  58824 117.15  26.40  355   0.01
  58826 117.80  26.40  120    0.1
  58828 117.62  26.27  206    0.8
  58836 118.73  26.58  359   0.01
  58839 118.85  26.23   42    1.5
  58844 119.15  26.15   49    3.6
  58845 119.53  26.50   57    2.6
  58848 119.55  26.20   12    1.7
  58850 120.23  26.92   88    1.2
  58903 116.03  25.90  208    0.3
  58905 115.42  25.97  136   0.01
  58906 115.80  25.60  167    0.4
  58907 115.40  25.15  300    0.1
  58912 116.75  25.72  379    1.6
  58917 116.10  25.08  307    0.1
  58923 117.83  25.70  397    0.5
  58928 117.53  25.02  160   0.01
  58929 118.15  25.07   66    0.4
  58932 118.93  25.87   85    3.7
  58934 118.27  25.33  170    1.1
  58935 118.23  25.48  516    0.4
  58938 118.98  25.23   22   0.01
  58940 119.33  26.08   28    1.2
  58941 119.50  25.97   11    1.7
  58942 119.38  25.72   39    0.6
  58946 119.00  25.45   84    0.5
  59004 105.10  24.50  729    0.4
  59012 106.55  24.78  973    0.9
  59015 106.57  24.35  442    5.1
  59017 106.27  24.27  279    1.0
  59022 107.55  24.98  695    0.7
  59025 107.38  24.53  249    2.0
  59027 107.25  24.13  244    2.4
  59031 108.25  24.83  205    0.7
  59033 108.90  24.78  330    0.3
  59034 108.67  24.48  149    0.7
  59038 108.65  24.07  142    1.4
  59041 109.25  24.65  109    0.2
  59044 109.38  24.47   99    0.1
  59045 109.75  24.48   95   0.01
  59047 109.33  24.25  101    0.5
  59051 110.50  24.77  133   0.01
  59053 110.67  24.62  108   0.01
  59055 110.40  24.50  166    0.2
  59057 110.18  24.13  827    0.4
  59059 110.80  24.18  107   0.01
  59075 112.63  24.48   70   0.01
  59081 113.27  24.78   98    0.2
  59090 114.07  24.95  103    1.0
  59091 114.53  24.75  257    0.2
  59093 115.03  24.78  254    0.3
  59094 114.12  24.37  135    0.1
  59099 114.93  24.45  175    0.5
  59106 115.90  24.58  152   0.01
  59114 116.17  24.65  131    0.1
  59122 117.75  24.62   42   0.01
  59124 117.37  24.52   31   0.01
  59125 117.30  24.38  105   0.01
  59127 117.83  24.43   14   0.01
  59129 117.60  24.13   53   0.01
  59131 118.37  24.97   44    0.3
  59137 118.57  24.82   55    0.3
  59230 108.17  23.72  173    0.7
  59241 109.68  23.97   91    0.2
  59246 109.67  23.60   70    0.3
  59249 109.62  23.12   56   0.01
  59255 110.38  23.55   37   0.01
  59264 111.50  23.40   79   0.01
  59266 111.23  23.42   46   0.01
  59270 112.18  23.92   78    0.1
  59284 113.22  23.38    6   0.01
  59285 113.60  23.57   39    0.6
  59290 114.23  23.73   71    0.2
  59313 116.98  23.68   42    0.2
  59319 116.77  23.47    9    0.1
  59320 117.13  23.77   27    0.1
  59322 117.37  23.98   20   0.01
  59419 106.75  22.10  243   0.01
  59432 108.40  22.80  203   0.01
  59469 111.78  22.17   33    0.4
  59471 112.05  22.93  102   0.01
  59477 112.30  22.18   25    0.3
  59481 113.32  22.93   16   0.01
  59502 115.65  22.95   11   0.01
  59640 109.18  21.67    6    0.1
  59653 110.85  21.93   35   0.01
  59654 110.30  21.63   28   0.01
  59655 110.62  21.65   35    0.1
  59656 110.77  21.43   29    0.1
  59659 110.92  21.75   32    0.9
  59757 110.37  20.00   10   11.7
  59842 109.68  19.90   31    0.2
  59843 110.00  19.73   36    1.8
  59847 109.05  19.27  101   22.0
  59848 109.43  19.23  219   13.8
  59851 110.33  19.70   25   13.0
  59854 110.10  19.37  119    5.0
  59856 110.75  19.62   26    1.5
  59940 109.17  18.75  156    0.2
  59941 109.52  18.77  328    0.2
  59945 109.70  18.65   65   0.01
  59951 110.33  18.80   38   11.6
