diamond  3 2013年04月10日08点24小时降雨量                    
  13  04  10  08    -1 3 10 25 50 1 0
 39 122.7  37.3 122.5  36.7 120.8  36.2 119.3  35.0 120.4  34.3
 121.1  32.7 122.3  30.9 122.5  30.1 121.5  28.0 119.8  25.0
 116.1  22.6 111.0  21.0 111.0  18.6 109.6  18.1 108.3  18.5
 108.9  19.9 109.3  21.0 106.4  21.6 104.1  22.2 101.6  20.8
  98.7  22.0  97.1  24.1  97.7  27.0  91.7  26.6  85.7  27.7
  78.9  30.6  73.3  37.1  74.1  40.7  87.6  49.8  98.5  43.9
 110.4  44.3 122.0  54.7 135.7  48.3 131.5  42.2 125.2  39.4
 121.3  38.5 121.2  40.3 118.5  38.6 120.8  38.1
1         538
  50431 121.52  50.78  718    0.2
  50445 123.73  50.58  424    0.1
  50566 128.47  49.55  117    3.1
  50646 124.85  48.48  204   0.01
  50655 126.18  48.50  267    0.2
  50659 126.25  48.03  293    0.2
  50673 130.40  48.88   92    1.7
  50674 129.43  48.57  404    2.7
  50749 124.83  47.18  159   0.01
  50750 125.30  47.90  228    0.2
  50755 126.10  47.60  232    0.1
  50767 127.10  47.23  204    0.5
  50772 129.23  48.10  299    0.9
  50775 130.27  47.33  229   0.01
  50776 130.83  47.57   84   0.01
  50778 132.53  47.67   59    2.9
  50779 134.28  48.37   41    4.6
  50787 131.85  47.28   63    0.2
  50861 127.48  46.88  186    0.2
  50867 127.35  46.08  134   0.01
  50871 129.88  46.73   96   0.01
  50878 130.72  47.00   80    0.1
  50879 130.55  46.22  187    0.4
  50880 131.12  46.73  104    0.4
  50884 131.15  46.63  176    0.5
  50892 134.00  46.80   57    1.6
  50913 118.83  45.72  866    0.1
  50958 126.95  45.52  175   0.01
  50960 127.45  45.78  192   0.01
  50962 128.03  45.95  113   0.01
  50964 128.80  45.83  123    0.1
  50965 128.30  45.45  157   0.01
  50971 131.02  45.77  226    2.5
  50979 130.23  45.27  279    0.2
  50985 131.87  45.55  155   0.01
  50987 131.13  45.25  181    0.9
  51468  86.83  43.10 3543    6.6
  53272 112.63  42.75 1106    0.1
  53289 113.83  42.23 1322    0.3
  53343 109.97  41.77 1612   0.01
  53367 111.23  41.32 1604   0.01
  53378 112.62  41.28 1737    1.6
  53385 113.55  41.57 1387    0.2
  53392 114.60  41.85 1424    1.2
  53397 113.98  41.10 1377    0.3
  53472 112.57  40.87 1453   0.01
  53481 113.22  40.80 1317   0.01
  53484 113.15  40.45 1192   0.01
  53488 113.58  40.03 1035   0.01
  54072 126.52  44.85  203   0.01
  54076 126.93  44.42  254    0.3
  54080 127.15  44.90  196   0.01
  54092 129.40  44.60  294    0.1
  54093 130.55  44.93  266    0.9
  54098 129.47  44.33  272   0.01
  54099 131.13  44.08  151    0.4
  54113 118.65  43.53  623    0.3
  54169 126.02  43.30  270   0.01
  54172 126.60  43.78  199    0.1
  54187 128.92  43.12  369    1.1
  54192 130.27  43.70  386    0.2
  54204 115.00  42.30 1347    1.4
  54205 116.00  42.23 1316   0.01
  54267 125.73  42.25  363   0.01
  54274 126.07  42.68  300   0.01
  54290 129.40  42.77  245    0.5
  54291 130.28  42.90   37   0.01
  54293 129.83  42.95  141   0.01
  54301 115.67  41.67 1414    0.1
  54304 115.28  40.97 1249    0.2
  54305 115.27  41.88 1468    0.1
  54348 123.32  41.42   43   0.01
  54362 125.73  41.67  388    0.1
  54371 126.43  41.93  521    1.2
  54408 115.22  40.38  531   0.01
  54420 117.33  40.93  530    0.3
  54425 117.48  40.42  584   0.01
  54483 123.90  40.88  239    0.8
  54494 124.07  40.47   74   0.01
  54535 118.47  39.28    3   0.01
  54861 121.53  36.93   47   0.01
  56097 104.23  33.27 1407    1.0
  56147  98.83  31.22 3261   0.01
  56158 100.67  31.40 3250    0.8
  56180 103.85  31.68 1591    0.4
  56181 103.70  30.68  543    0.1
  56183 103.58  31.47 1326    0.3
  56184 103.17  31.43 1884    0.4
  56185 102.98  32.08 2400    1.9
  56186 104.20  31.33  589    0.2
  56189 103.93  30.98  584   0.01
  56190 104.55  31.55  518    1.2
  56193 104.52  32.42  894   0.01
  56194 104.45  31.82  679    1.4
  56195 104.73  31.78  531   0.01
  56197 104.18  31.13  537   0.01
  56198 104.50  31.32  523    0.6
  56199 104.68  31.03  424    1.1
  56263 101.88  30.88 1948   0.01
  56272 103.88  30.82  560    0.1
  56273 102.82  30.38 1011    0.2
  56276 103.82  30.45  468    0.1
  56278 102.77  30.07  756    1.3
  56279 102.93  30.15  683    0.8
  56280 103.12  30.08  692    0.3
  56281 103.50  30.18  512    0.3
  56285 103.52  30.60  525    0.4
  56286 104.25  30.55  514    0.3
  56288 103.92  30.58  495    0.1
  56289 103.87  30.20  439   0.01
  56290 104.18  30.78  515   0.01
  56291 104.28  30.97  474    0.1
  56295 104.55  30.38  443    0.6
  56296 104.43  30.85  449    0.1
  56297 104.15  30.02  431    3.0
  56298 104.60  30.13  415    7.0
  56371 102.23  29.92 1322    0.2
  56373 102.85  29.78  763    0.3
  56376 102.68  29.35 1098    2.2
  56378 102.35  29.23  891    2.8
  56380 103.37  29.92  466   0.01
  56381 103.52  30.02  497    0.2
  56382 103.60  29.73  408    0.2
  56383 103.87  29.83  454    0.6
  56384 103.48  29.60  446    0.4
  56387 103.27  29.23  639   13.7
  56389 103.95  29.20  386   16.6
  56390 104.07  29.67  403    3.2
  56391 103.82  30.08  416    0.9
  56393 104.85  29.77  370   15.0
  56394 104.43  29.45  382   17.8
  56395 104.67  29.52  349   24.1
  56396 104.77  29.35  352   17.4
  56399 104.98  29.18  307   24.5
  56473 102.77  28.95 1061   21.9
  56474 102.17  28.55 1775    2.0
  56478 102.43  28.30 1819    2.7
  56480 103.53  28.82  564   19.3
  56483 103.95  28.60  412   10.6
  56487 103.13  28.33 1945    4.4
  56489 103.63  28.23  876    4.7
  56490 103.90  28.95  396   15.1
  56491 104.57  28.70  288   22.5
  56493 104.97  28.85  297   35.5
  56494 104.15  28.65  460   14.2
  56496 105.23  28.32  330   31.9
  56497 104.23  28.10  433   10.6
  56498 104.50  28.17  442   13.2
  56499 104.78  28.38  368   19.1
  56575 102.55  27.37 1429    0.8
  56578 102.75  27.07 1093    0.3
  56580 102.80  27.72 2461    1.1
  56582 103.90  27.75 1177    4.4
  56584 103.25  27.70 1093    3.0
  56585 103.53  27.18 1916    0.9
  56592 104.52  28.43  360   14.9
  56593 104.92  28.58  281   29.8
  56594 104.05  27.63  884    3.4
  56595 104.87  27.42 1644    3.9
  56596 105.05  27.85 1176    9.4
  56598 104.73  27.13 1538    3.2
  56673 102.92  26.92  894   0.01
  56697 104.08  26.22 1987    1.2
  56782 103.55  25.42 2064   0.01
  56783 103.80  25.50 1906    2.6
  56790 104.25  25.68 1920    6.7
  56889 104.17  24.05 1518    3.2
  56891 104.32  24.98 1482    4.7
  56989 103.95  22.50  138   0.01
  56992 104.70  23.45 1508    0.1
  56995 104.42  23.03 1335   0.01
  57216 106.83  32.35  577   0.01
  57247 108.90  32.32  442    0.8
  57248 109.33  32.40  429   0.01
  57249 109.68  32.32  453   0.01
  57257 110.23  32.23  309   0.01
  57307 105.08  31.10  408   0.01
  57318 106.55  31.07  339   0.01
  57326 107.72  31.37  390    2.9
  57329 107.85  31.10  462   10.6
  57333 108.67  31.95  800    4.2
  57338 108.42  31.18  213   14.3
  57339 108.68  30.95  296    7.0
  57345 109.62  31.40  339    6.7
  57349 109.87  31.07  270    1.5
  57361 111.27  31.88  331   0.01
  57362 110.67  31.75  939    3.8
  57407 105.03  30.28  464    1.6
  57408 105.35  30.12  333    1.6
  57409 105.80  30.18  295    1.5
  57413 106.97  30.85  295    0.6
  57414 106.45  30.55  396   0.01
  57415 106.63  30.47  336    0.1
  57416 106.93  30.33 3915    2.4
  57417 106.28  30.35  315    2.6
  57420 107.20  30.75  397    3.0
  57425 107.33  30.33  430    7.3
  57431 108.35  30.83  256    7.8
  57437 108.03  30.30  326   10.1
  57438 108.12  29.98  630    5.1
  57505 105.58  29.42  324   10.4
  57506 105.90  29.37  376   10.9
  57507 105.30  29.33  374   13.1
  57508 105.37  29.15  302   21.5
  57509 106.93  28.95  325   21.5
  57510 106.05  29.85  275    1.4
  57511 106.45  29.85  242    1.0
  57513 106.62  29.73  457    1.9
  57514 106.22  29.58  325    2.0
  57518 106.53  29.38  243    8.3
  57519 107.08  29.15  559   13.8
  57522 107.42  29.75  273    7.0
  57525 107.75  29.32  273    5.8
  57537 108.17  29.30  321    4.1
  57540 109.15  29.68  776    2.9
  57541 109.48  30.00  533    9.1
  57543 110.03  29.88  540    2.1
  57544 109.45  29.47  486    1.4
  57558 110.47  29.13  184   0.01
  57564 111.13  29.43  103   0.01
  57600 105.07  28.72  256   30.0
  57603 105.83  28.82  283   32.6
  57605 105.82  28.03  539   18.3
  57609 105.70  28.58  316   32.7
  57623 107.60  28.88  684   18.1
  57634 107.88  28.52  658   23.4
  57635 108.98  28.45  363   13.3
  57636 108.50  28.57  335   11.6
  57637 108.12  28.25  524   20.2
  57640 109.45  28.58  344    4.3
  57643 109.83  29.00  268    1.9
  57646 109.95  28.62  301    2.3
  57657 110.20  28.22  182    2.2
  57658 110.20  28.02  144    5.0
  57663 111.95  28.92   31   0.01
  57666 112.13  28.52   49    0.3
  57674 112.47  28.57   44   0.01
  57678 112.55  28.25   71    2.7
  57680 113.07  28.80   47   0.01
  57688 113.63  28.15  100    7.6
  57694 114.38  28.53  256    0.5
  57698 114.45  28.12   99    1.1
  57708 105.60  27.15 1704    5.1
  57713 106.88  27.70  844   10.2
  57714 106.23  27.47  942    7.3
  57717 106.83  27.53  974    9.7
  57719 106.97  27.07 1280    9.8
  57720 107.17  27.88  888   21.2
  57723 107.72  27.98  710   17.4
  57728 107.47  27.07 1095    4.2
  57732 108.40  28.02  458   11.4
  57734 108.23  27.57  468    7.5
  57735 108.82  27.18  396    5.0
  57736 108.85  27.70  376    5.0
  57737 108.12  27.03  546    1.1
  57738 108.42  27.05  517    1.4
  57739 108.88  27.23  375    5.2
  57740 109.60  27.95  349    8.1
  57742 109.20  27.52  883    4.5
  57743 109.80  27.88  176    4.9
  57744 109.17  27.37  356    3.7
  57754 110.15  27.35  170    1.9
  57760 111.43  27.70  247    1.3
  57762 111.70  27.68  163    0.9
  57763 112.00  27.73  151    1.3
  57767 111.03  27.12  266    0.7
  57768 111.45  27.32  242    1.9
  57769 111.73  27.23  257    0.3
  57771 112.52  27.93   89    1.9
  57772 112.50  27.75   84    1.2
  57773 112.82  27.87   63    3.0
  57777 112.87  27.23   65    2.7
  57778 112.95  27.10   68    1.2
  57781 113.50  27.65   71    0.8
  57786 113.85  27.65  110    0.2
  57792 114.68  27.82   93   0.01
  57796 114.93  27.80   79   0.01
  57798 114.60  27.40   89   0.01
  57800 105.37  26.77 1458    2.9
  57807 105.47  26.20 1359    2.5
  57808 105.75  26.32 1272    4.3
  57809 105.75  26.07 1251    4.2
  57811 106.60  26.85 1242    3.9
  57813 106.47  26.57 1265    5.7
  57814 106.27  26.42 1285    7.8
  57818 106.45  26.03 1145    6.5
  57821 107.50  26.70  924    1.7
  57822 107.90  26.90  833    1.0
  57824 107.23  26.58 1005    3.3
  57828 107.58  26.50  983    4.6
  57829 107.80  26.20  964    1.8
  57834 108.30  26.68  642    0.6
  57835 108.43  26.72  521    0.3
  57837 108.07  26.40  838    1.7
  57842 109.72  26.88  281   0.01
  57844 109.18  26.68  344   0.01
  57846 110.15  26.58  307   0.01
  57851 110.85  26.45  307    0.6
  57859 110.63  26.03  409   0.01
  57860 111.28  27.00  282    1.0
  57865 111.58  26.47  166    2.8
  57867 111.28  26.40  169    3.4
  57868 111.87  26.60  113    0.5
  57870 112.10  26.80  151    0.5
  57871 112.37  26.98   91    0.4
  57875 112.50  26.88   71    0.7
  57876 112.83  26.43  118    1.0
  57881 113.25  26.72  105    0.9
  57882 113.55  26.78  135    0.2
  57883 114.28  26.75  257    0.1
  57886 113.78  26.50  226    0.7
  57887 113.12  26.13  124    0.4
  57891 114.25  26.93  144    0.3
  57895 114.78  26.47   96    1.9
  57899 114.92  26.80   66    0.2
  57900 105.22  25.83 1553    7.6
  57903 105.60  25.93 1138    5.1
  57905 105.63  25.40 1063    6.2
  57908 105.48  25.12 1393    1.9
  57909 105.82  24.98  584    0.4
  57911 106.65  26.67 1325    3.6
  57913 106.98  26.45 1095    8.4
  57914 106.67  26.42 1143    7.3
  57915 106.77  26.63 1102    2.5
  57921 107.32  25.83  710    0.7
  57923 107.87  25.98  418    0.2
  57936 108.92  25.75  255   0.01
  57941 109.60  25.78  198   0.01
  57942 110.00  25.80  267    0.1
  57948 109.25  25.08  123   0.01
  57949 110.00  24.98  157    9.1
  57954 110.18  25.23  158   0.01
  57955 110.67  25.62  224    0.5
  57956 110.32  25.42  169    0.8
  57958 110.32  25.08  152    7.6
  57960 111.07  25.93  192    0.3
  57962 111.65  25.97  166    2.0
  57964 111.15  25.50  258    4.0
  57966 111.95  25.60  205    1.7
  57969 111.33  25.27  230    0.6
  57971 112.20  25.92  225    0.1
  57973 112.72  25.75  328    0.8
  57976 112.95  25.42  226   0.01
  57978 112.55  25.28  291    0.8
  57981 113.22  25.98  141    0.5
  57985 113.68  25.57  608    0.7
  57988 113.35  25.15  103    4.2
  57989 113.73  25.10   96    6.9
  57990 114.30  25.70  252    1.1
  57991 114.55  25.80  148    0.4
  57992 114.75  25.67  129    1.5
  57994 114.35  25.40  208   0.01
  57995 114.93  25.40  166   0.01
  58546 119.88  29.47  114   0.01
  58558 120.22  29.27   89   0.01
  58559 120.98  29.17   59   0.01
  58609 115.82  28.22   30   0.01
  58616 116.82  28.20   44    0.7
  58618 116.60  28.23   51    0.4
  58619 116.37  28.00   47    0.1
  58623 117.92  28.47   92    0.8
  58624 117.43  28.40   64    1.0
  58625 117.60  28.42   80    1.7
  58627 117.03  28.25   64    0.6
  58629 117.70  28.32   59    3.3
  58642 119.80  28.88  102   0.01
  58643 120.03  28.90   99   0.01
  58644 119.28  28.60  237    1.5
  58647 119.13  28.07  196    2.7
  58654 120.08  28.67  184   0.01
  58657 120.28  28.15   59    1.7
  58658 120.68  28.15   36    0.3
  58659 120.65  28.03   29    0.7
  58701 115.40  27.77   47   0.01
  58704 115.35  27.62   61   0.01
  58706 115.83  27.43  180    0.1
  58707 115.13  27.22   66    0.2
  58710 116.05  27.77   76   0.01
  58712 116.78  27.92  123    0.3
  58713 117.07  27.72  220    0.6
  58714 116.23  27.55  115    0.9
  58719 116.93  27.30  123    1.6
  58724 117.30  27.52  264    1.2
  58735 118.80  27.52  201   13.0
  58736 118.82  27.37  220    3.8
  58745 119.07  27.62  368    6.5
  58746 119.70  27.55  514    1.9
  58747 119.35  27.15  900    0.8
  58748 119.65  27.10   51   0.01
  58749 119.88  27.23  680    0.2
  58750 120.08  27.78  106    0.4
  58804 115.35  26.35  153    2.2
  58814 116.35  26.35  237    3.7
  58819 116.80  26.17  329    5.1
  58821 117.47  26.73  174   0.01
  58822 116.85  26.83  341    0.1
  58823 117.80  26.80  173    0.5
  58824 117.15  26.40  355    6.9
  58826 117.80  26.40  120    3.0
  58828 117.62  26.27  206    4.8
  58836 118.73  26.58  359    0.1
  58839 118.85  26.23   42    1.0
  58844 119.15  26.15   49    0.2
  58845 119.53  26.50   57    0.2
  58848 119.55  26.20   12   0.01
  58903 116.03  25.90  208    0.9
  58905 115.42  25.97  136    1.0
  58906 115.80  25.60  167    0.6
  58907 115.40  25.15  300    5.5
  58912 116.75  25.72  379    0.6
  58917 116.10  25.08  307    2.2
  58923 117.83  25.70  397    1.2
  58928 117.53  25.02  160    7.5
  58929 118.15  25.07   66    2.4
  58932 118.93  25.87   85    0.7
  58934 118.27  25.33  170    0.1
  58935 118.23  25.48  516    0.2
  58938 118.98  25.23   22    0.7
  58940 119.33  26.08   28    0.4
  58941 119.50  25.97   11    0.5
  58942 119.38  25.72   39   0.01
  58946 119.00  25.45   84    0.1
  59001 105.33  24.78  674    2.5
  59004 105.10  24.50  729    1.3
  59012 106.55  24.78  973    1.0
  59022 107.55  24.98  695   0.01
  59027 107.25  24.13  244   0.01
  59033 108.90  24.78  330   0.01
  59041 109.25  24.65  109    1.0
  59044 109.38  24.47   99    0.1
  59045 109.75  24.48   95    0.1
  59052 110.82  24.83  167    0.6
  59053 110.67  24.62  108    0.1
  59055 110.40  24.50  166    1.1
  59057 110.18  24.13  827   11.4
  59059 110.80  24.18  107    9.2
  59061 111.27  24.82  198    1.2
  59063 111.45  25.18  262    4.3
  59064 111.32  24.55  141    0.7
  59071 112.28  24.73  175    2.2
  59074 112.15  24.57  300    1.9
  59075 112.63  24.48   70    3.7
  59081 113.27  24.78   98   10.4
  59090 114.07  24.95  103    7.0
  59091 114.53  24.75  257   27.8
  59093 115.03  24.78  254   17.2
  59094 114.12  24.37  135    0.1
  59099 114.93  24.45  175    3.9
  59106 115.90  24.58  152   11.5
  59109 115.73  24.15  126   11.3
  59114 116.17  24.65  131   12.2
  59122 117.75  24.62   42    8.1
  59124 117.37  24.52   31   16.8
  59125 117.30  24.38  105   22.3
  59127 117.83  24.43   14   13.9
  59129 117.60  24.13   53   17.5
  59130 118.15  24.73   28    5.0
  59131 118.37  24.97   44    1.2
  59137 118.57  24.82   55    6.0
  59215 106.62  23.33  640    1.0
  59224 107.12  23.60  116   0.01
  59227 107.15  23.08  438    1.8
  59229 107.70  23.18  101    0.7
  59235 108.62  23.43  116    1.2
  59237 108.28  23.17  115    0.9
  59238 108.80  23.22  123   19.8
  59241 109.68  23.97   91    0.8
  59246 109.67  23.60   70   11.4
  59249 109.62  23.12   56   19.6
  59255 110.38  23.55   37    6.6
  59256 110.92  23.37   56   50.7
  59264 111.50  23.40   79    8.0
  59266 111.23  23.42   46   16.2
  59268 111.53  23.25   31   21.2
  59269 111.77  23.15   27    8.3
  59270 112.18  23.92   78    3.0
  59276 112.65  23.35   40   10.1
  59279 112.87  23.18   18    0.6
  59284 113.22  23.38    6    3.0
  59285 113.60  23.57   39    1.7
  59288 113.13  23.05    3    4.8
  59290 114.23  23.73   71    1.0
  59297 114.28  23.18   16   22.9
  59310 116.18  23.77   39   21.7
  59312 116.63  23.67   11   17.1
  59313 116.98  23.68   42   13.6
  59314 116.13  23.30   27   64.1
  59315 116.38  23.58   25   25.8
  59318 116.58  23.27   10   45.3
  59319 116.77  23.47    9   20.7
  59320 117.13  23.77   27   13.1
  59322 117.37  23.98   20   19.7
  59419 106.75  22.10  243    6.4
  59421 107.20  22.83  257    1.7
  59425 107.35  22.40  107    4.4
  59426 107.90  22.63   92   14.4
  59427 107.07  22.12  162   10.8
  59429 107.97  22.15  183   10.0
  59432 108.40  22.80  203   25.4
  59435 108.48  22.77   75   23.5
  59441 109.25  22.70   78    8.2
  59448 109.55  22.27   70    9.6
  59449 109.98  22.30   80   23.6
  59451 110.35  22.70   99    6.7
  59452 110.53  22.85  100   18.7
  59454 111.00  22.92  104    9.5
  59457 110.27  22.32  120   30.7
  59469 111.78  22.17   33   10.6
  59470 112.22  22.72   33    5.1
  59471 112.05  22.93  102   14.3
  59473 112.97  22.77   20    4.8
  59475 112.65  22.40   24    6.3
  59476 113.03  22.53   35   14.3
  59477 112.30  22.18   25    5.0
  59480 113.25  22.85   21    3.6
  59481 113.32  22.93   16    8.0
  59487 113.30  22.23   12   33.3
  59492 114.70  22.92   43    7.8
  59500 115.32  22.97   10   23.7
  59502 115.65  22.95   11   26.3
  59635 108.35  21.62   26    8.9
  59640 109.18  21.67    6    1.5
  59650 110.25  21.38   25    1.4
  59653 110.85  21.93   35    0.6
  59654 110.30  21.63   28    1.6
  59655 110.62  21.65   35    2.0
  59656 110.77  21.43   29    2.6
  59659 110.92  21.75   32    1.2
  59750 110.10  20.92   25    0.5
  59757 110.37  20.00   10    6.2
  59842 109.68  19.90   31   0.01
  59843 110.00  19.73   36    0.6
  59847 109.05  19.27  101   0.01
  59848 109.43  19.23  219   0.01
  59851 110.33  19.70   25    1.6
  59854 110.10  19.37  119    0.1
  59856 110.75  19.62   26    0.9
  59951 110.33  18.80   38   0.01
