diamond  3 2013年04月06日08点24小时降雨量                    
  13  04  06  08    -1 3 10 25 50 1 0
 39 122.7  37.3 122.5  36.7 120.8  36.2 119.3  35.0 120.4  34.3
 121.1  32.7 122.3  30.9 122.5  30.1 121.5  28.0 119.8  25.0
 116.1  22.6 111.0  21.0 111.0  18.6 109.6  18.1 108.3  18.5
 108.9  19.9 109.3  21.0 106.4  21.6 104.1  22.2 101.6  20.8
  98.7  22.0  97.1  24.1  97.7  27.0  91.7  26.6  85.7  27.7
  78.9  30.6  73.3  37.1  74.1  40.7  87.6  49.8  98.5  43.9
 110.4  44.3 122.0  54.7 135.7  48.3 131.5  42.2 125.2  39.4
 121.3  38.5 121.2  40.3 118.5  38.6 120.8  38.1
1        1074
  50775 130.27  47.33  229   0.01
  50776 130.83  47.57   84    0.2
  50778 132.53  47.67   59    2.5
  50779 134.28  48.37   41    2.6
  50787 131.85  47.28   63    2.3
  50832 122.08  46.72  334    0.4
  50858 125.93  46.07  136    0.6
  50859 126.27  46.25  160    0.1
  50867 127.35  46.08  134    1.9
  50871 129.88  46.73   96   0.01
  50878 130.72  47.00   80    0.2
  50879 130.55  46.22  187   12.4
  50880 131.12  46.73  104    3.8
  50884 131.15  46.63  176    5.0
  50892 134.00  46.80   57    6.3
  50924 119.67  45.53  824   0.01
  50928 120.33  45.07  629    2.5
  50934 121.58  45.38  309    2.5
  50937 121.47  45.05  250    2.0
  50939 122.82  45.33  154    0.2
  50940 123.17  45.85  142    0.1
  50946 124.83  45.18  140    2.5
  50954 125.08  45.50  129    0.8
  50956 126.57  45.93  117    0.2
  50958 126.95  45.52  175    1.4
  50960 127.45  45.78  192    3.8
  50962 128.03  45.95  113    2.3
  50964 128.80  45.83  123    6.0
  50965 128.30  45.45  157    6.4
  50971 131.02  45.77  226    8.7
  50979 130.23  45.27  279   13.1
  50985 131.87  45.55  155   10.6
  50987 131.13  45.25  181    9.7
  52862 101.68  36.95 2451   0.01
  52863 101.95  36.82 2480   0.01
  52869 101.58  36.50 2665   0.01
  52874 102.40  36.48 1981   0.01
  52875 102.10  36.50 2129   0.01
  52877 102.25  36.10 2835   0.01
  52985 103.33  35.42 2164   0.01
  52988 103.72  35.37 2000   0.01
  53272 112.63  42.75 1106   0.01
  53289 113.83  42.23 1322    0.5
  53343 109.97  41.77 1612    0.5
  53367 111.23  41.32 1604    0.1
  53368 111.47  41.08 1640   0.01
  53378 112.62  41.28 1737    0.5
  53384 113.18  41.45 1424   0.01
  53385 113.55  41.57 1387   0.01
  53392 114.60  41.85 1424    0.4
  53397 113.98  41.10 1377   0.01
  53481 113.22  40.80 1317   0.01
  53889 113.82  36.07  308    0.1
  53893 114.95  36.77   40   0.01
  53894 114.22  36.42  128    0.2
  53896 114.95  36.35   51   0.01
  53899 114.97  36.48   49   0.01
  53965 111.57  35.52  761    0.1
  53972 112.92  35.12  121    0.3
  53974 114.18  35.62   73   0.01
  53976 112.87  35.50  751    0.1
  53978 112.63  35.08  140    0.1
  53979 113.08  35.15  121    0.2
  53981 113.27  35.78 1311   0.01
  53982 113.27  35.23  113    0.3
  53983 114.42  35.03   70    1.5
  53984 113.47  35.23   83    1.1
  53985 113.82  35.45   97    0.4
  53987 113.42  35.10   91    1.6
  53988 113.67  35.27   78    2.2
  53989 113.95  35.05   77    1.6
  53991 114.35  35.93   75   0.01
  53992 114.52  35.65   59    0.4
  53993 114.92  35.93   52    0.3
  53994 114.07  35.38   71    0.6
  53995 114.50  35.55   64    0.4
  53996 114.65  36.45   58   0.01
  53997 114.18  35.15   72    1.4
  53998 114.65  35.20   62    0.5
  54031 121.82  44.90  201    2.2
  54039 122.02  44.03  182    1.8
  54047 123.28  44.13  146    1.0
  54065 125.65  44.53  173    3.3
  54069 125.80  44.17  175    3.4
  54072 126.52  44.85  203    4.5
  54076 126.93  44.42  254    5.9
  54080 127.15  44.90  196    4.7
  54092 129.40  44.60  294   11.2
  54093 130.55  44.93  266    6.4
  54098 129.47  44.33  272   11.5
  54099 131.13  44.08  151    4.7
  54117 117.53  43.25 1004   0.01
  54122 120.05  43.88  375    0.3
  54132 121.07  42.40  400    0.1
  54154 124.30  43.35  163    3.4
  54155 124.23  43.67  145    3.8
  54156 124.80  43.52  200    4.4
  54164 125.28  43.35  249    4.3
  54169 126.02  43.30  270    2.9
  54172 126.60  43.78  199    7.6
  54187 128.92  43.12  369    6.8
  54192 130.27  43.70  386    3.8
  54204 115.00  42.30 1347    0.1
  54205 116.00  42.23 1316   0.01
  54214 118.42  42.58  961    0.1
  54223 120.65  42.85  364    0.4
  54225 119.92  42.28  589    0.2
  54231 122.35  42.97  249    2.3
  54234 121.75  42.73  300    1.0
  54244 123.33  42.75  120    3.3
  54245 123.40  42.50   99    3.1
  54248 123.53  42.03   67    2.8
  54249 123.87  42.30   79    3.3
  54252 124.75  42.73  198    4.1
  54261 125.52  42.68  343    3.1
  54267 125.73  42.25  363    6.8
  54274 126.07  42.68  300    4.0
  54290 129.40  42.77  245    4.2
  54291 130.28  42.90   37    2.8
  54293 129.83  42.95  141    2.4
  54301 115.67  41.67 1414   0.01
  54304 115.28  40.97 1249    0.1
  54305 115.27  41.88 1468    0.2
  54313 118.70  41.93  734    0.2
  54319 118.67  41.00  509    0.6
  54320 119.30  41.60  546   0.01
  54323 120.78  41.82  253    0.3
  54328 119.72  41.08  300    0.5
  54330 121.37  41.17   61    1.4
  54331 121.77  41.58   83   0.01
  54332 122.72  41.52   13    1.7
  54336 122.42  41.42   13    0.7
  54338 121.95  41.28    4    3.2
  54340 123.32  41.67   47    1.7
  54345 123.07  41.20   29    2.1
  54347 123.17  41.23   25    2.2
  54348 123.32  41.42   43    1.8
  54362 125.73  41.67  388    3.7
  54371 126.43  41.93  521    3.4
  54430 118.15  40.77  268   0.01
  54434 118.30  40.17  103    3.5
  54437 118.65  39.50   19    2.8
  54438 118.88  39.88   61    1.8
  54439 118.72  40.02   51    0.3
  54453 120.88  40.78   43    0.6
  54474 122.35  40.42   27    3.7
  54475 122.48  40.62   15    2.2
  54483 123.90  40.88  239    0.5
  54494 124.07  40.47   74    1.3
  54499 116.22  40.22   75   0.01
  54503 115.82  39.07   13    0.1
  54522 117.73  39.88   19   0.01
  54529 117.82  39.35   12    4.3
  54530 117.77  39.23    6    1.8
  54531 118.72  39.73   43    1.7
  54532 118.10  39.80   35   11.7
  54533 118.10  39.58    9   13.7
  54535 118.47  39.28    3    1.4
  54540 119.17  39.72   14    3.0
  54541 119.23  39.90   23    2.1
  54568 121.70  39.08   40    0.3
  54569 121.97  39.40   35    0.1
  54575 122.37  39.42   44    0.2
  54590 124.17  39.88    5    0.3
  54605 115.93  38.93    7    0.2
  54607 115.12  38.72   45   0.01
  54609 115.50  38.25   25   0.01
  54611 115.32  38.93   45    0.1
  54612 116.45  38.87    7    0.4
  54613 116.62  38.70    8    0.8
  54615 116.83  38.58    8    0.1
  54616 116.85  38.35    9    0.2
  54627 117.23  38.03    8    0.1
  54628 117.48  38.15    7    0.2
  54631 115.15  37.07   33   0.01
  54632 115.03  37.07   34   0.01
  54636 116.10  39.02   12    0.1
  54644 117.12  38.05   11   0.01
  54645 117.47  38.85    3    0.5
  54706 115.67  37.08   32   0.01
  54709 116.07  37.22   30    0.1
  54712 116.82  37.20   23    0.3
  54714 116.33  37.45   24   0.01
  54716 116.80  37.67   17   0.01
  54718 116.43  37.15   26    0.3
  54722 117.63  37.75    7    1.5
  54723 117.57  37.65   11    1.6
  54724 117.13  37.32   21    0.8
  54726 117.18  37.70   12    0.4
  54728 117.38  37.77   16    0.8
  54729 117.87  37.17   11    1.3
  54730 118.13  37.70   11    1.5
  54731 118.22  37.48   16    0.6
  54732 118.52  37.87   13    0.6
  54734 118.00  37.35   12    0.7
  54736 118.67  37.43    9    0.1
  54737 118.15  37.15   17    0.7
  54738 118.40  37.05   20    0.4
  54749 119.95  37.18   48    0.1
  54752 120.77  37.80   64    1.6
  54755 120.38  37.37  113    0.4
  54759 120.83  37.30  172    1.2
  54765 121.43  37.48   57    1.4
  54766 121.62  37.38   23    1.0
  54777 122.07  37.20  112    0.4
  54778 122.48  37.17   60    0.1
  54801 115.48  36.85   36   0.01
  54802 115.73  36.82   35   0.01
  54803 116.02  36.98   28    0.2
  54804 115.13  36.30   46    0.1
  54805 115.45  36.48   41    0.1
  54806 115.97  36.42   39   0.01
  54807 115.80  36.13   44   0.01
  54809 115.28  36.55   42    0.1
  54810 116.27  36.87   28    0.2
  54811 116.62  36.93   22    0.5
  54812 116.75  36.78   23    0.7
  54814 116.23  36.58   32    0.1
  54815 116.27  36.38   33    0.2
  54816 116.80  36.52   82    0.4
  54817 115.87  35.98   43    0.1
  54818 116.42  36.25   72    0.1
  54819 116.80  36.18  118   0.01
  54820 115.17  36.82   38   0.01
  54821 117.20  37.00   21    1.3
  54822 117.73  36.87   46    2.4
  54824 117.95  36.63   95    2.2
  54825 117.85  36.52  195    1.4
  54827 117.15  36.17  137    0.2
  54828 117.68  36.23  228    0.6
  54829 117.87  36.77   88    1.7
  54830 117.93  36.82   35    1.3
  54831 118.50  36.65  102    0.5
  54832 118.73  36.88   29    0.2
  54833 118.08  36.97   19    1.0
  54834 118.28  36.87   46    0.7
  54835 118.55  36.50  110    0.4
  54837 118.83  36.68   76    0.7
  54841 119.40  36.87    8    0.1
  54844 119.18  36.42   67   0.01
  54846 119.75  36.38   37   0.01
  54849 120.00  36.27   16   0.01
  54851 120.57  36.90   81    0.1
  54852 120.73  36.97   53   0.01
  54855 120.47  36.38   30    0.1
  54861 121.53  36.93   47    0.1
  54871 122.48  36.93    9   0.01
  54900 115.02  35.70   54    0.5
  54901 115.17  36.08   47    0.3
  54902 115.12  35.90   49    0.4
  54903 115.48  35.85   50    0.3
  54904 115.52  35.58   51    0.2
  54905 115.93  35.58   53   0.01
  54906 115.42  35.25   51   0.01
  54907 116.65  34.98   38   0.01
  54908 115.10  35.27   57    0.5
  54910 116.05  35.82   45    0.1
  54912 116.48  35.70   47   0.01
  54913 116.82  35.75   67    0.2
  54914 116.08  35.42   44   0.01
  54920 117.28  35.65  110   0.01
  54921 116.33  35.42   39   0.01
  54922 117.78  35.88  223   0.01
  54923 117.93  35.72  202   0.01
  54925 117.63  35.52  170   0.01
  54927 117.20  35.10   79    0.3
  54932 118.65  35.77  184   0.01
  54935 118.43  35.53  120    0.3
  54938 118.40  35.05   66    0.2
  54939 118.82  35.17  116   0.01
  54940 119.20  35.75  147   0.01
  56082 103.50  34.58 2544   0.01
  56094 104.37  33.78 1400   0.01
  56097 104.23  33.27 1407    0.1
  56147  98.83  31.22 3261   0.01
  56180 103.85  31.68 1591    2.9
  56181 103.70  30.68  543    9.8
  56183 103.58  31.47 1326    2.6
  56184 103.17  31.43 1884    0.7
  56185 102.98  32.08 2400    1.0
  56186 104.20  31.33  589    1.3
  56189 103.93  30.98  584    4.2
  56190 104.55  31.55  518    1.4
  56192 104.67  32.95 1016   0.01
  56193 104.52  32.42  894   0.01
  56194 104.45  31.82  679    0.7
  56195 104.73  31.78  531    1.3
  56197 104.18  31.13  537    1.7
  56198 104.50  31.32  523    1.9
  56199 104.68  31.03  424    2.6
  56267 101.02  30.03 2598    4.1
  56272 103.88  30.82  560    6.7
  56273 102.82  30.38 1011    7.1
  56276 103.82  30.45  468    4.1
  56278 102.77  30.07  756   13.8
  56279 102.93  30.15  683    9.6
  56280 103.12  30.08  692   14.1
  56281 103.50  30.18  512   10.4
  56284 103.48  30.42  502   14.1
  56285 103.52  30.60  525   10.5
  56286 104.25  30.55  514    2.6
  56288 103.92  30.58  495    3.3
  56289 103.87  30.20  439    3.9
  56290 104.18  30.78  515    1.8
  56291 104.28  30.97  474    1.7
  56295 104.55  30.38  443    2.3
  56296 104.43  30.85  449    1.1
  56297 104.15  30.02  431    2.2
  56298 104.60  30.13  415    2.4
  56371 102.23  29.92 1322    7.2
  56373 102.85  29.78  763    7.3
  56376 102.68  29.35 1098   11.6
  56378 102.35  29.23  891    9.9
  56380 103.37  29.92  466    8.9
  56381 103.52  30.02  497    7.8
  56382 103.60  29.73  408    7.9
  56383 103.87  29.83  454    3.3
  56384 103.48  29.60  446   12.3
  56387 103.27  29.23  639    8.0
  56389 103.95  29.20  386    4.4
  56390 104.07  29.67  403    1.7
  56391 103.82  30.08  416    4.5
  56393 104.85  29.77  370    2.9
  56394 104.43  29.45  382    3.9
  56395 104.67  29.52  349    3.8
  56396 104.77  29.35  352    3.4
  56399 104.98  29.18  307    1.1
  56473 102.77  28.95 1061   15.7
  56474 102.17  28.55 1775    0.4
  56478 102.43  28.30 1819    0.9
  56480 103.53  28.82  564    3.3
  56483 103.95  28.60  412    2.6
  56487 103.13  28.33 1945    1.0
  56489 103.63  28.23  876    3.0
  56490 103.90  28.95  396    4.6
  56491 104.57  28.70  288    4.5
  56493 104.97  28.85  297    3.4
  56494 104.15  28.65  460    3.0
  56496 105.23  28.32  330   14.7
  56497 104.23  28.10  433   11.3
  56498 104.50  28.17  442    9.2
  56499 104.78  28.38  368    9.7
  56567 100.85  27.30 2242   0.01
  56575 102.55  27.37 1429    6.0
  56578 102.75  27.07 1093    4.3
  56580 102.80  27.72 2461    9.2
  56582 103.90  27.75 1177   18.0
  56584 103.25  27.70 1093    1.7
  56585 103.53  27.18 1916    1.3
  56592 104.52  28.43  360    3.7
  56593 104.92  28.58  281    7.6
  56594 104.05  27.63  884    7.2
  56595 104.87  27.42 1644    2.3
  56596 105.05  27.85 1176   23.4
  56598 104.73  27.13 1538    2.2
  56641  98.87  26.90 1191   11.5
  56645  99.42  26.42 2345    0.2
  56646  99.92  26.53 2193   0.01
  56652 100.75  26.68 2131   0.01
  56654 100.18  26.58 2196    0.1
  56665 101.85  26.68 1140   0.01
  56670 102.12  26.90 1105   0.01
  56673 102.92  26.92  894    1.7
  56675 102.58  26.65 1695   0.01
  56688 103.17  26.10 1253    0.4
  56697 104.08  26.22 1987    0.2
  56742  99.37  25.90 1663   0.01
  56745  99.95  25.68 1627   0.01
  56746  99.52  25.47 1618    0.1
  56756 100.58  25.48 1993   0.01
  56766 101.52  25.33 1769   0.01
  56782 103.55  25.42 2064   0.01
  56790 104.25  25.68 1920   0.01
  56835  97.82  24.07  958   0.01
  56836  97.95  24.70  828    5.7
  56840  98.30  24.82 1013    4.8
  56841  98.68  24.60 1527    2.1
  56842  99.18  24.73 1473    0.8
  56844  98.58  24.43  915    1.8
  56846  99.93  24.58 1569   0.01
  56849  99.23  24.03 1607    0.3
  56851 100.52  25.03 1378   0.01
  56854 100.13  24.45 1108    0.1
  56867 101.12  23.98 1107   0.01
  56869 101.97  24.07 1498   0.01
  56898 102.40  24.18 1542    0.1
  56944  99.27  23.15 1280   0.01
  56952 100.70  23.50  914   0.01
  56984 103.15  23.38 1717   0.01
  57032 108.20  34.13  436   0.01
  57065 112.18  34.50  196    0.2
  57066 111.67  34.38  329   0.01
  57070 112.12  34.73  358    0.1
  57072 112.75  34.92  128    0.6
  57074 112.42  34.42  198    0.8
  57075 112.87  34.17  203    0.7
  57076 112.82  34.72  190    1.4
  57078 112.47  34.15  337    1.3
  57079 113.03  34.95  106    0.8
  57080 112.97  34.73  166    1.8
  57081 113.43  34.80  141    2.8
  57082 113.02  34.47  428    3.7
  57085 113.37  34.55  289    1.4
  57086 113.72  34.38  116    5.7
  57087 113.80  34.20   88    5.9
  57088 113.50  34.15  117    5.8
  57090 113.97  34.72   79    2.0
  57093 114.82  34.85   74    0.9
  57094 114.22  34.40   71    3.0
  57095 114.15  34.12   61    4.0
  57096 114.78  34.53   60    0.8
  57098 114.40  34.08   59    2.4
  57099 114.85  34.07   53    0.8
  57105 105.60  33.33 1219   0.01
  57119 106.70  33.17  551   0.01
  57126 107.55  33.22  470    1.8
  57128 107.33  33.17  487    2.1
  57129 107.72  32.98  447    3.8
  57140 109.12  33.67  818   0.01
  57162 112.08  34.15  327    0.1
  57169 111.87  33.05  160    0.1
  57173 112.88  33.75  147    0.8
  57175 112.23  33.05  192    1.0
  57176 112.42  33.48  230   0.01
  57177 113.53  33.33   91    7.8
  57179 113.00  33.28  161    0.7
  57180 113.20  33.98  118    3.4
  57182 113.50  33.85   81    7.0
  57183 113.92  33.80   61    4.3
  57184 113.37  33.63   84    5.8
  57185 113.58  33.45   92    7.3
  57186 114.05  33.60   59    6.9
  57187 112.93  33.07  119    1.3
  57188 114.03  33.37   56    4.6
  57189 113.95  33.13   65    4.6
  57190 114.40  33.75   51    4.2
  57191 114.48  34.48   64    2.3
  57192 114.85  33.73   47    1.5
  57194 114.27  33.28   60    3.2
  57195 114.62  33.62   47    2.5
  57196 114.87  33.47   42    0.6
  57197 114.33  33.00   54    1.7
  57198 114.62  33.55   47    1.9
  57208 105.47  32.02  538   0.01
  57213 106.93  33.00  537    1.0
  57216 106.83  32.35  577    1.1
  57217 106.28  32.23  493    3.1
  57231 108.53  32.53  504    6.6
  57233 108.50  32.90  413    6.6
  57242 109.37  32.85  285    1.7
  57247 108.90  32.32  442    4.1
  57248 109.33  32.40  429    7.0
  57249 109.68  32.32  453    5.7
  57253 110.82  32.85  204    0.1
  57254 110.12  32.82  324    0.1
  57257 110.23  32.23  309    5.6
  57260 111.52  32.55  143    2.7
  57261 111.50  33.13  196    0.6
  57268 111.63  32.27   87    5.6
  57271 112.38  32.55   89    2.8
  57273 112.85  32.68  110    3.4
  57274 112.12  32.70  108    3.2
  57281 113.30  32.70  142    4.3
  57292 114.63  32.97   44    0.7
  57293 114.98  32.73   39    2.0
  57294 114.02  32.83   84    3.9
  57295 114.35  32.62   83    2.0
  57296 114.73  32.35   50    2.1
  57298 114.55  32.22   56    2.2
  57299 114.90  32.02   50    3.0
  57303 105.92  31.73  460    4.3
  57304 105.17  31.67  517    3.1
  57307 105.08  31.10  408    4.2
  57308 105.38  31.22  421    4.4
  57309 105.88  30.98  375   10.1
  57314 106.07  31.35  385    5.1
  57315 106.40  31.53  658   11.3
  57317 106.42  31.03  323    9.4
  57318 106.55  31.07  339   10.1
  57320 107.22  31.93  483   10.1
  57324 107.08  31.58  363   11.6
  57326 107.72  31.37  390    6.3
  57329 107.85  31.10  462   10.6
  57333 108.67  31.95  800    2.9
  57338 108.42  31.18  213   13.5
  57339 108.68  30.95  296    8.5
  57345 109.62  31.40  339    1.0
  57349 109.87  31.07  270    4.9
  57361 111.27  31.88  331   16.6
  57362 110.67  31.75  939    9.6
  57363 111.83  31.80  146    4.4
  57368 111.63  31.05  138    5.8
  57370 112.22  31.73   68    7.4
  57377 112.22  31.00  184    6.5
  57385 113.82  31.63   94    3.2
  57387 113.13  31.00   80    6.1
  57388 113.70  31.27   55    7.2
  57389 113.75  31.03   33    7.1
  57390 114.07  31.80  731   12.1
  57396 114.85  31.63  130    7.4
  57398 114.62  31.28   76    6.0
  57401 105.37  30.87  380    8.8
  57402 105.70  30.77  395    8.1
  57407 105.03  30.28  464    3.3
  57408 105.35  30.12  333    5.1
  57409 105.80  30.18  295    7.0
  57413 106.97  30.85  295    9.7
  57414 106.45  30.55  396   10.5
  57415 106.63  30.47  336   11.9
  57416 106.93  30.33 3915   11.1
  57417 106.28  30.35  315   13.6
  57420 107.20  30.75  397    9.6
  57425 107.33  30.33  430   14.2
  57431 108.35  30.83  256   16.2
  57437 108.03  30.30  326   19.0
  57438 108.12  29.98  630   41.5
  57453 111.32  30.77  116    7.0
  57460 111.78  30.82   91    8.0
  57462 111.08  30.87  104    6.9
  57464 111.18  30.47  144   12.6
  57465 111.45  30.38   76   10.4
  57466 111.77  30.43   50    8.9
  57469 111.77  30.18   68   12.0
  57475 112.90  30.40   33    6.7
  57477 112.22  30.07   39    9.5
  57481 113.58  30.95   31    9.6
  57485 113.45  30.37   33    6.0
  57486 113.85  30.65   25    6.8
  57489 114.00  30.58   39    6.3
  57491 114.40  30.87   31    3.6
  57492 114.80  30.83   33    5.7
  57496 114.87  30.37   30   12.0
  57498 114.90  30.43   22   12.2
  57499 114.97  30.10   40    7.8
  57505 105.58  29.42  324    1.4
  57506 105.90  29.37  376    5.2
  57507 105.30  29.33  374    1.9
  57508 105.37  29.15  302    0.2
  57509 106.93  28.95  325   30.0
  57510 106.05  29.85  275   13.0
  57511 106.45  29.85  242   14.0
  57513 106.62  29.73  457    6.6
  57514 106.22  29.58  325   11.6
  57518 106.53  29.38  243   11.9
  57519 107.08  29.15  559   23.6
  57522 107.42  29.75  273   24.3
  57525 107.75  29.32  273   33.6
  57537 108.17  29.30  321   51.4
  57540 109.15  29.68  776   37.1
  57541 109.48  30.00  533   16.5
  57543 110.03  29.88  540   12.9
  57544 109.45  29.47  486   18.0
  57558 110.47  29.13  184   10.1
  57564 111.13  29.43  103    6.6
  57565 111.75  29.65   39    8.3
  57566 111.65  29.45   50   12.3
  57571 112.40  29.70   37    9.9
  57575 112.57  29.52   32   11.5
  57577 112.17  29.40   37   12.9
  57582 113.88  29.73   51   20.3
  57585 113.45  29.48   60   17.1
  57586 114.03  29.53   79    8.4
  57589 113.80  29.25  103    6.8
  57590 114.37  29.85   64   29.2
  57596 114.20  29.63    0   26.5
  57600 105.07  28.72  256    5.4
  57603 105.83  28.82  283    8.9
  57605 105.82  28.03  539    1.9
  57609 105.70  28.58  316    9.3
  57623 107.60  28.88  684   30.8
  57634 107.88  28.52  658   32.2
  57635 108.98  28.45  363   37.8
  57636 108.50  28.57  335   26.4
  57637 108.12  28.25  524   35.7
  57640 109.45  28.58  344   11.9
  57643 109.83  29.00  268   17.2
  57646 109.95  28.62  301   10.1
  57657 110.20  28.22  182    8.8
  57658 110.20  28.02  144    3.3
  57661 111.48  28.92   51   15.6
  57663 111.95  28.92   31   11.2
  57666 112.13  28.52   49   45.1
  57674 112.47  28.57   44   25.4
  57678 112.55  28.25   71   33.4
  57680 113.07  28.80   47    5.2
  57688 113.63  28.15  100   13.4
  57694 114.38  28.53  256   12.9
  57698 114.45  28.12   99   19.0
  57699 114.92  28.23   68   12.0
  57708 105.60  27.15 1704    8.3
  57713 106.88  27.70  844    7.7
  57714 106.23  27.47  942    5.1
  57717 106.83  27.53  974    8.1
  57719 106.97  27.07 1280   11.6
  57720 107.17  27.88  888   10.9
  57723 107.72  27.98  710   17.2
  57728 107.47  27.07 1095   15.7
  57732 108.40  28.02  458   14.1
  57734 108.23  27.57  468   13.2
  57735 108.82  27.18  396    5.0
  57736 108.85  27.70  376    7.7
  57737 108.12  27.03  546    5.1
  57738 108.42  27.05  517    4.0
  57739 108.88  27.23  375    4.5
  57740 109.60  27.95  349    7.1
  57742 109.20  27.52  883    7.7
  57743 109.80  27.88  176    7.9
  57744 109.17  27.37  356    4.1
  57754 110.15  27.35  170    4.9
  57760 111.43  27.70  247   19.2
  57762 111.70  27.68  163   17.3
  57763 112.00  27.73  151   17.1
  57767 111.03  27.12  266    4.2
  57768 111.45  27.32  242   11.1
  57769 111.73  27.23  257    8.9
  57771 112.52  27.93   89   18.1
  57772 112.50  27.75   84   12.0
  57773 112.82  27.87   63   23.7
  57777 112.87  27.23   65   23.0
  57778 112.95  27.10   68    7.3
  57781 113.50  27.65   71   25.6
  57786 113.85  27.65  110   29.9
  57792 114.68  27.82   93   34.1
  57796 114.93  27.80   79    8.1
  57798 114.60  27.40   89   22.7
  57800 105.37  26.77 1458    4.6
  57807 105.47  26.20 1359    0.3
  57808 105.75  26.32 1272    0.1
  57809 105.75  26.07 1251    3.1
  57811 106.60  26.85 1242    7.0
  57813 106.47  26.57 1265    2.4
  57814 106.27  26.42 1285    0.7
  57818 106.45  26.03 1145    7.4
  57821 107.50  26.70  924    3.2
  57822 107.90  26.90  833   10.5
  57824 107.23  26.58 1005    6.4
  57828 107.58  26.50  983    7.9
  57829 107.80  26.20  964    4.3
  57834 108.30  26.68  642    6.9
  57835 108.43  26.72  521    5.0
  57837 108.07  26.40  838    7.8
  57842 109.72  26.88  281    8.3
  57844 109.18  26.68  344    6.9
  57846 110.15  26.58  307    4.0
  57851 110.85  26.45  307    8.9
  57859 110.63  26.03  409    0.6
  57860 111.28  27.00  282    5.5
  57865 111.58  26.47  166    3.0
  57867 111.28  26.40  169    2.6
  57868 111.87  26.60  113    2.5
  57870 112.10  26.80  151    4.5
  57871 112.37  26.98   91    4.8
  57875 112.50  26.88   71    6.0
  57876 112.83  26.43  118    5.7
  57881 113.25  26.72  105    8.2
  57882 113.55  26.78  135   16.8
  57883 114.28  26.75  257   31.7
  57886 113.78  26.50  226   16.3
  57887 113.12  26.13  124   18.3
  57891 114.25  26.93  144   36.2
  57895 114.78  26.47   96   14.5
  57899 114.92  26.80   66   23.3
  57900 105.22  25.83 1553    5.3
  57903 105.60  25.93 1138    3.1
  57905 105.63  25.40 1063    1.4
  57908 105.48  25.12 1393    3.4
  57909 105.82  24.98  584    0.9
  57911 106.65  26.67 1325    4.6
  57913 106.98  26.45 1095    5.8
  57914 106.67  26.42 1143    5.6
  57915 106.77  26.63 1102    4.7
  57921 107.32  25.83  710    1.0
  57923 107.87  25.98  418    1.0
  57927 107.18  24.97  283    0.9
  57936 108.92  25.75  255    0.7
  57941 109.60  25.78  198    0.2
  57942 110.00  25.80  267    0.2
  57948 109.25  25.08  123    3.9
  57949 110.00  24.98  157   19.7
  57954 110.18  25.23  158    6.3
  57955 110.67  25.62  224    1.8
  57956 110.32  25.42  169    2.1
  57958 110.32  25.08  152    9.4
  57960 111.07  25.93  192    2.0
  57962 111.65  25.97  166    1.7
  57964 111.15  25.50  258    5.0
  57966 111.95  25.60  205    9.0
  57969 111.33  25.27  230    5.1
  57971 112.20  25.92  225    5.3
  57973 112.72  25.75  328    8.1
  57975 112.20  25.38  278   20.5
  57976 112.95  25.42  226   14.2
  57978 112.55  25.28  291   18.9
  57981 113.22  25.98  141   15.4
  57985 113.68  25.57  608   18.0
  57988 113.35  25.15  103    7.1
  57989 113.73  25.10   96    5.2
  57990 114.30  25.70  252   23.1
  57991 114.55  25.80  148   20.2
  57992 114.75  25.67  129   22.2
  57994 114.35  25.40  208   18.7
  57995 114.93  25.40  166   10.9
  58001 115.10  34.43   57   0.01
  58003 115.88  34.95   48   0.01
  58004 115.15  34.65   61   0.01
  58007 115.30  34.07   53   0.01
  58008 115.33  34.47   55   0.01
  58012 116.58  34.68   40    0.3
  58013 116.90  34.75   40    0.5
  58016 116.97  34.18   39    0.4
  58017 116.13  34.25   42    0.1
  58020 117.13  34.80   38    0.2
  58021 117.28  34.78   80    0.2
  58022 117.57  34.75   48    1.8
  58024 117.58  34.87   78    0.8
  58025 117.73  34.57   32    0.6
  58030 118.07  34.85   47    0.3
  58032 118.65  34.93   75   0.01
  58036 118.73  34.52   39   0.01
  58041 119.43  34.78   22   0.01
  58045 119.60  34.20    8    7.4
  58048 119.35  34.12    9    3.0
  58049 119.82  34.03    7   13.0
  58100 115.17  33.65   42    0.1
  58101 115.48  33.87   42   0.01
  58104 115.07  33.40   42   0.01
  58107 115.25  33.07   40    0.5
  58108 115.33  33.23   46    0.5
  58109 115.62  33.18   37    0.4
  58113 116.75  33.93   35    0.7
  58114 116.18  33.48   29    0.8
  58116 116.83  33.98   32    0.5
  58117 116.20  33.13   33    1.1
  58125 117.55  33.55   28    0.5
  58127 117.20  32.98   23    0.8
  58128 117.30  33.32   23    0.9
  58129 117.87  33.13   20   0.01
  58132 118.68  33.72   19    0.4
  58139 118.88  33.30   13    5.3
  58140 119.30  33.77   13    8.8
  58145 119.17  33.53    8   10.3
  58146 119.77  33.47    7   14.4
  58147 118.97  32.98   28    9.6
  58148 119.30  33.23   11    3.6
  58154 120.20  33.43    7   20.1
  58202 115.58  32.63   37    0.7
  58205 115.43  32.47   36    0.8
  58207 115.05  32.17   42    2.5
  58210 116.23  32.65   25    0.9
  58212 116.73  32.72   27    1.1
  58214 116.28  32.33   37    1.7
  58220 117.15  32.47   32    0.5
  58222 117.55  32.85   31    0.3
  58223 117.98  32.78   38   0.01
  58224 117.02  32.65   36    1.7
  58230 118.27  32.08   34    1.6
  58234 118.42  32.47   43    1.2
  58235 118.85  32.37   16    7.1
  58237 118.62  32.05   22    4.7
  58240 119.02  32.68   25   12.5
  58242 119.18  32.28   14    9.6
  58243 119.83  32.93    7   44.4
  58244 119.58  32.45   10   19.6
  58245 119.42  32.42   14   16.1
  58246 119.90  32.52   11   30.3
  58247 119.82  32.25    5   16.6
  58249 120.00  32.17    8   13.6
  58250 120.15  32.52   10   29.1
  58254 120.45  32.52    5   14.6
  58257 120.25  31.98   12   10.7
  58264 121.18  32.33   11   23.8
  58268 121.08  32.10    8   23.1
  58269 121.65  31.78   12   43.5
  58301 115.38  31.82   90    2.3
  58306 115.88  31.68   94    2.7
  58316 116.95  31.47   26    4.8
  58317 116.37  30.87  434    2.4
  58320 117.13  31.73   26    2.8
  58323 117.47  31.88   29    0.9
  58327 117.28  31.25   24    5.1
  58329 117.87  31.33   24    2.4
  58330 118.08  31.75   20    2.3
  58331 118.37  31.73   26    3.2
  58334 118.37  31.38   23    9.6
  58335 118.52  31.57   16    6.2
  58337 118.18  31.08   30   10.0
  58339 118.90  31.33   24   16.2
  58340 119.03  31.65   23    8.2
  58341 119.58  31.98   10   12.0
  58342 119.55  31.72    7    9.7
  58344 119.20  31.97   35    6.3
  58346 119.82  31.33   15   17.6
  58349 120.63  31.27    9   15.8
  58351 120.30  31.90   12   11.7
  58352 120.77  31.65    8   28.8
  58353 120.57  31.87    6   35.0
  58359 120.62  31.13    9   11.9
  58360 121.20  31.92    6   21.5
  58361 121.37  31.10   10    9.2
  58365 121.25  31.37    9   21.1
  58366 121.40  31.63    9   40.7
  58367 121.43  31.20   18    9.1
  58369 121.78  31.05    9   10.8
  58370 121.55  31.22   11   14.7
  58377 121.10  31.47    6   30.6
  58401 115.40  30.78  106    2.7
  58404 115.22  30.47   57    3.6
  58408 115.43  30.23   35   11.9
  58409 115.93  30.07   20    2.6
  58415 116.58  30.63   38    3.0
  58416 116.82  30.75   38    3.4
  58417 116.13  30.17   50    3.9
  58418 116.70  30.13   26    2.2
  58420 117.22  30.72   38    4.3
  58421 117.87  30.63   32   15.2
  58423 117.78  30.48  643   43.4
  58426 118.13  30.30  192   11.7
  58427 117.48  30.67   36    8.9
  58428 117.48  30.22  115   10.3
  58431 118.32  30.92   17   18.4
  58432 118.40  30.68   39   20.6
  58433 118.75  30.93   30   17.7
  58435 118.53  30.30  221    8.7
  58438 118.58  30.08  197    1.7
  58441 119.42  30.87   53   15.0
  58442 119.18  31.13   16   13.7
  58443 119.90  31.02   19    6.5
  58446 119.68  30.63   25   22.5
  58449 119.95  30.05   47    0.9
  58451 120.93  30.83    3   18.2
  58452 120.77  30.73    4   11.0
  58453 120.50  30.07   10    5.0
  58454 119.97  30.53    5    6.9
  58455 120.65  30.52    8    7.3
  58456 120.52  30.63    6    6.6
  58458 120.90  30.53    3    6.5
  58459 120.28  30.18   42    4.3
  58460 121.35  30.73    6    5.8
  58461 121.12  31.13    8   15.5
  58462 121.23  31.03    9    8.7
  58463 121.50  30.88    9    4.2
  58468 121.17  30.05   10   28.1
  58484 122.20  30.25    9   21.1
  58501 115.63  29.93   25   20.8
  58502 116.00  29.73   37    7.6
  58503 115.68  29.70   41   25.0
  58508 115.77  29.33   42    4.2
  58509 115.82  29.05   38    9.7
  58510 116.23  29.73   40    5.7
  58512 116.55  29.90   66    1.3
  58514 116.05  29.45   35    1.5
  58517 116.20  29.27   43    3.1
  58523 117.93  29.93  231    1.2
  58529 117.85  29.27   82    2.8
  58530 118.43  29.87  170    2.3
  58534 118.18  29.78  173    2.4
  58537 118.40  29.13  153    4.0
  58542 119.68  29.82   45    5.1
  58544 119.27  29.48   87    7.0
  58546 119.88  29.47  114    5.5
  58547 119.18  29.03   65   11.1
  58548 119.47  29.22   46    7.4
  58550 120.25  29.70   39    3.6
  58555 120.88  29.52  112    3.7
  58558 120.22  29.27   89    4.6
  58559 120.98  29.17   59    2.4
  58561 121.60  29.98    3    8.0
  58563 121.83  29.88    4    8.6
  58565 121.43  29.68    6    4.0
  58566 121.88  29.47   14    2.6
  58567 121.43  29.32   39    2.8
  58568 121.38  29.12   35    1.4
  58570 122.30  29.95   83    6.3
  58601 115.38  28.70   54    4.8
  58602 115.55  28.85   46    2.2
  58605 115.38  28.42   49    6.2
  58607 115.95  28.55   35    4.2
  58609 115.82  28.22   30   14.2
  58612 116.68  28.70   22   13.0
  58614 116.27  28.38   40   14.2
  58615 117.08  28.68   56   18.8
  58616 116.82  28.20   44   12.8
  58618 116.60  28.23   51   18.2
  58619 116.37  28.00   47   16.3
  58620 117.13  28.97   37   12.8
  58623 117.92  28.47   92   31.3
  58624 117.43  28.40   64   22.3
  58625 117.60  28.42   80   19.7
  58627 117.03  28.25   64   19.7
  58629 117.70  28.32   59   31.5
  58631 118.50  28.90  134    8.0
  58632 118.60  28.72  124   19.7
  58635 118.20  28.43   96   40.9
  58642 119.80  28.88  102   10.7
  58643 120.03  28.90   99    6.7
  58644 119.28  28.60  237   12.3
  58647 119.13  28.07  196    4.4
  58654 120.08  28.67  184   13.1
  58656 120.97  28.12    7    5.5
  58657 120.28  28.15   59    2.5
  58658 120.68  28.15   36    5.6
  58659 120.65  28.03   29    3.8
  58660 121.13  28.85    8    1.8
  58664 121.37  28.37   33    5.0
  58693 115.83  28.70   37    3.9
  58701 115.40  27.77   47    6.5
  58704 115.35  27.62   61    9.3
  58706 115.83  27.43  180   21.2
  58707 115.13  27.22   66   22.0
  58710 116.05  27.77   76   18.4
  58712 116.78  27.92  123   28.1
  58713 117.07  27.72  220    8.6
  58714 116.23  27.55  115   26.4
  58719 116.93  27.30  123    5.3
  58724 117.30  27.52  264    5.6
  58735 118.80  27.52  201    7.3
  58736 118.82  27.37  220    5.9
  58745 119.07  27.62  368   10.2
  58746 119.70  27.55  514   10.6
  58747 119.35  27.15  900    4.5
  58748 119.65  27.10   51   11.1
  58749 119.88  27.23  680    4.2
  58750 120.08  27.78  106   11.6
  58751 120.55  27.68    5   12.0
  58804 115.35  26.35  153   24.9
  58814 116.35  26.35  237   15.9
  58819 116.80  26.17  329   29.3
  58821 117.47  26.73  174    9.5
  58822 116.85  26.83  341   17.3
  58823 117.80  26.80  173    9.2
  58824 117.15  26.40  355   27.2
  58826 117.80  26.40  120   32.1
  58828 117.62  26.27  206   23.5
  58836 118.73  26.58  359   17.2
  58839 118.85  26.23   42   15.6
  58844 119.15  26.15   49    5.6
  58845 119.53  26.50   57    7.1
  58848 119.55  26.20   12    6.1
  58850 120.23  26.92   88   13.5
  58903 116.03  25.90  208   11.1
  58905 115.42  25.97  136   15.7
  58906 115.80  25.60  167   16.1
  58907 115.40  25.15  300    1.3
  58912 116.75  25.72  379   10.3
  58917 116.10  25.08  307    6.1
  58923 117.83  25.70  397    6.6
  58928 117.53  25.02  160    5.3
  58929 118.15  25.07   66    6.3
  58932 118.93  25.87   85    4.0
  58934 118.27  25.33  170    4.1
  58935 118.23  25.48  516    4.4
  58938 118.98  25.23   22   14.8
  58940 119.33  26.08   28    5.1
  58941 119.50  25.97   11    5.7
  58942 119.38  25.72   39    5.6
  58946 119.00  25.45   84    7.1
  59001 105.33  24.78  674   0.01
  59004 105.10  24.50  729   0.01
  59012 106.55  24.78  973    2.0
  59015 106.57  24.35  442    3.8
  59017 106.27  24.27  279    8.4
  59022 107.55  24.98  695    1.4
  59025 107.38  24.53  249    0.8
  59027 107.25  24.13  244    1.3
  59031 108.25  24.83  205    1.5
  59033 108.90  24.78  330    2.2
  59034 108.67  24.48  149    3.1
  59038 108.65  24.07  142    3.0
  59041 109.25  24.65  109    0.5
  59044 109.38  24.47   99    4.0
  59045 109.75  24.48   95    2.1
  59047 109.33  24.25  101    3.3
  59051 110.50  24.77  133    9.1
  59052 110.82  24.83  167   20.8
  59053 110.67  24.62  108    1.6
  59055 110.40  24.50  166    5.6
  59057 110.18  24.13  827    0.4
  59059 110.80  24.18  107    1.6
  59061 111.27  24.82  198   29.4
  59063 111.45  25.18  262   16.9
  59064 111.32  24.55  141    8.8
  59071 112.28  24.73  175   11.7
  59074 112.15  24.57  300    8.7
  59075 112.63  24.48   70    9.6
  59081 113.27  24.78   98    6.8
  59090 114.07  24.95  103    3.1
  59091 114.53  24.75  257    2.2
  59093 115.03  24.78  254    1.7
  59094 114.12  24.37  135   12.0
  59099 114.93  24.45  175    8.1
  59106 115.90  24.58  152   18.2
  59109 115.73  24.15  126   83.7
  59114 116.17  24.65  131   12.7
  59122 117.75  24.62   42   16.2
  59124 117.37  24.52   31   34.4
  59125 117.30  24.38  105   32.2
  59127 117.83  24.43   14   22.9
  59129 117.60  24.13   53   13.1
  59130 118.15  24.73   28   13.6
  59131 118.37  24.97   44    7.9
  59137 118.57  24.82   55   16.6
  59205 105.63  23.65  688   0.01
  59213 106.92  23.73  113   17.9
  59215 106.62  23.33  640    4.4
  59224 107.12  23.60  116   10.7
  59227 107.15  23.08  438   34.8
  59229 107.70  23.18  101    4.7
  59230 108.17  23.72  173    1.7
  59235 108.62  23.43  116    3.6
  59237 108.28  23.17  115   16.5
  59238 108.80  23.22  123    4.9
  59241 109.68  23.97   91    0.2
  59246 109.67  23.60   70    0.2
  59249 109.62  23.12   56    7.8
  59255 110.38  23.55   37    1.3
  59256 110.92  23.37   56    9.6
  59264 111.50  23.40   79    1.7
  59266 111.23  23.42   46    2.5
  59268 111.53  23.25   31    6.0
  59269 111.77  23.15   27   35.5
  59270 112.18  23.92   78    2.0
  59276 112.65  23.35   40    3.0
  59279 112.87  23.18   18   10.8
  59284 113.22  23.38    6   51.3
  59285 113.60  23.57   39   25.4
  59288 113.13  23.05    3   13.6
  59290 114.23  23.73   71   51.8
  59297 114.28  23.18   16   65.3
  59310 116.18  23.77   39   17.4
  59312 116.63  23.67   11   24.0
  59313 116.98  23.68   42   20.8
  59314 116.13  23.30   27   52.9
  59315 116.38  23.58   25   17.5
  59318 116.58  23.27   10   72.5
  59319 116.77  23.47    9   40.3
  59320 117.13  23.77   27   19.1
  59322 117.37  23.98   20   18.2
  59421 107.20  22.83  257    1.3
  59425 107.35  22.40  107    0.3
  59426 107.90  22.63   92    4.7
  59427 107.07  22.12  162    0.7
  59429 107.97  22.15  183    1.1
  59432 108.40  22.80  203    7.3
  59435 108.48  22.77   75    6.6
  59441 109.25  22.70   78    2.8
  59449 109.98  22.30   80    9.4
  59454 111.00  22.92  104    8.7
  59457 110.27  22.32  120   11.3
  59469 111.78  22.17   33   22.0
  59470 112.22  22.72   33   10.7
  59471 112.05  22.93  102   26.9
  59473 112.97  22.77   20    8.7
  59475 112.65  22.40   24   25.8
  59476 113.03  22.53   35   17.1
  59477 112.30  22.18   25    6.7
  59480 113.25  22.85   21   16.0
  59481 113.32  22.93   16    4.5
  59487 113.30  22.23   12    5.9
  59492 114.70  22.92   43   85.4
  59500 115.32  22.97   10   68.4
  59502 115.65  22.95   11   78.5
  59635 108.35  21.62   26   0.01
  59650 110.25  21.38   25   0.01
  59653 110.85  21.93   35   16.4
  59654 110.30  21.63   28    1.3
  59655 110.62  21.65   35    0.5
  59656 110.77  21.43   29    0.5
  59659 110.92  21.75   32    0.4
  59750 110.10  20.92   25   0.01
  59842 109.68  19.90   31   0.01
  59843 110.00  19.73   36   0.01
  59847 109.05  19.27  101    3.0
  59848 109.43  19.23  219    8.7
  59940 109.17  18.75  156    0.1
