diamond  3 2013年04月18日08点24小时降雨量                    
  13  04  18  08    -1 3 10 25 50 1 0
 39 122.7  37.3 122.5  36.7 120.8  36.2 119.3  35.0 120.4  34.3
 121.1  32.7 122.3  30.9 122.5  30.1 121.5  28.0 119.8  25.0
 116.1  22.6 111.0  21.0 111.0  18.6 109.6  18.1 108.3  18.5
 108.9  19.9 109.3  21.0 106.4  21.6 104.1  22.2 101.6  20.8
  98.7  22.0  97.1  24.1  97.7  27.0  91.7  26.6  85.7  27.7
  78.9  30.6  73.3  37.1  74.1  40.7  87.6  49.8  98.5  43.9
 110.4  44.3 122.0  54.7 135.7  48.3 131.5  42.2 125.2  39.4
 121.3  38.5 121.2  40.3 118.5  38.6 120.8  38.1
1         425
  50431 121.52  50.78  718   0.01
  50445 123.73  50.58  424    0.3
  50524 119.43  49.32  578    0.5
  50525 119.75  49.15  621    0.2
  50526 120.70  49.28  670   0.01
  50566 128.47  49.55  117    0.2
  50645 124.48  48.48  196   0.01
  50646 124.85  48.48  204    1.2
  50647 123.48  48.13  237   0.01
  50655 126.18  48.50  267    1.1
  50659 126.25  48.03  293    0.2
  50673 130.40  48.88   92    2.0
  50674 129.43  48.57  404    2.1
  50749 124.83  47.18  159    0.6
  50750 125.30  47.90  228   0.01
  50755 126.10  47.60  232    2.2
  50772 129.23  48.10  299    2.4
  50775 130.27  47.33  229    0.7
  50776 130.83  47.57   84   0.01
  50778 132.53  47.67   59   0.01
  50779 134.28  48.37   41    4.1
  50787 131.85  47.28   63   0.01
  50842 124.42  46.83  145    0.3
  50852 126.45  46.83  170   0.01
  50884 131.15  46.63  176   0.01
  50892 134.00  46.80   57   0.01
  50913 118.83  45.72  866   0.01
  50946 124.83  45.18  140    0.3
  50954 125.08  45.50  129   0.01
  51058  87.97  47.10  564   0.01
  51137  82.93  46.20  715    2.1
  51145  83.65  46.55  523   0.01
  51328  80.42  44.20  774    1.4
  51329  80.85  44.05  641    1.6
  51353  86.10  45.02  347    0.1
  51356  86.05  44.32  444   0.01
  51359  86.20  44.32  473   0.01
  51368  87.32  44.12  516    0.4
  51369  87.65  43.97  601    0.6
  51377  87.92  44.17  547    1.6
  51378  89.17  44.02  735    2.3
  51434  81.53  43.97  771    0.1
  51435  82.23  43.47  776    0.1
  51436  83.25  43.45  929   0.01
  51438  81.77  43.18 1210   0.01
  51465  87.10  43.48 1874    0.2
  51468  86.83  43.10 3543   13.1
  51482  90.28  43.83 1271    6.5
  51559  86.40  42.32 1110   18.5
  51568  86.80  42.25 1086   12.2
  51571  88.63  42.80    2   0.01
  51572  89.25  42.83  -47    0.4
  51629  80.23  41.27 1134   0.01
  51636  82.62  41.53 1014   0.01
  53272 112.63  42.75 1106    0.3
  53289 113.83  42.23 1322    0.6
  53378 112.62  41.28 1737   0.01
  53384 113.18  41.45 1424   0.01
  53392 114.60  41.85 1424    1.6
  54024 119.30  44.45  710    0.6
  54065 125.65  44.53  173   0.01
  54072 126.52  44.85  203   0.01
  54113 118.65  43.53  623    6.3
  54117 117.53  43.25 1004    5.9
  54122 120.05  43.88  375    0.5
  54132 121.07  42.40  400    2.4
  54204 115.00  42.30 1347    1.1
  54205 116.00  42.23 1316    0.4
  54214 118.42  42.58  961    5.6
  54223 120.65  42.85  364    4.6
  54225 119.92  42.28  589   10.2
  54231 122.35  42.97  249    0.5
  54234 121.75  42.73  300    2.2
  54244 123.33  42.75  120    0.1
  54245 123.40  42.50   99    1.1
  54248 123.53  42.03   67    1.1
  54267 125.73  42.25  363    0.4
  54301 115.67  41.67 1414   0.01
  54305 115.27  41.88 1468    0.5
  54313 118.70  41.93  734    4.2
  54319 118.67  41.00  509   0.01
  54320 119.30  41.60  546    1.0
  54321 119.63  41.87  661    1.0
  54323 120.78  41.82  253    3.0
  54325 120.35  41.18  183    0.3
  54327 119.35  41.23  421    0.3
  54328 119.72  41.08  300    0.6
  54330 121.37  41.17   61    0.1
  54332 122.72  41.52   13    0.3
  54336 122.42  41.42   13    0.1
  54340 123.32  41.67   47    0.5
  54347 123.17  41.23   25   0.01
  54348 123.32  41.42   43    0.3
  54362 125.73  41.67  388    0.3
  54371 126.43  41.93  521    2.7
  54404 115.83  40.88  868   0.01
  54430 118.15  40.77  268   0.01
  56016  95.62  33.85 4181    2.3
  56185 102.98  32.08 2400   0.01
  56267 101.02  30.03 2598    0.4
  56443  99.80  28.93 2842    0.5
  56474 102.17  28.55 1775    4.6
  56487 103.13  28.33 1945   0.01
  56569 102.18  27.42 1381   0.01
  56578 102.75  27.07 1093    0.3
  56582 103.90  27.75 1177    7.4
  56595 104.87  27.42 1644   0.01
  56641  98.87  26.90 1191    2.7
  56645  99.42  26.42 2345    0.5
  56652 100.75  26.68 2131    1.3
  56654 100.18  26.58 2196   0.01
  56665 101.85  26.68 1140   0.01
  56673 102.92  26.92  894   0.01
  56674 101.73  26.50 1107   0.01
  56675 102.58  26.65 1695   0.01
  56835  97.82  24.07  958    1.5
  56836  97.95  24.70  828    3.2
  56840  98.30  24.82 1013   0.01
  56841  98.68  24.60 1527   0.01
  56844  98.58  24.43  915   0.01
  56851 100.52  25.03 1378   0.01
  56995 104.42  23.03 1335   0.01
  57066 111.67  34.38  329   0.01
  57363 111.83  31.80  146   0.01
  57537 108.17  29.30  321    0.3
  57558 110.47  29.13  184    0.4
  57564 111.13  29.43  103   0.01
  57577 112.17  29.40   37    3.4
  57582 113.88  29.73   51   0.01
  57589 113.80  29.25  103   0.01
  57596 114.20  29.63    0    7.2
  57634 107.88  28.52  658    1.1
  57635 108.98  28.45  363    1.5
  57636 108.50  28.57  335    7.8
  57637 108.12  28.25  524    0.4
  57640 109.45  28.58  344   12.6
  57643 109.83  29.00  268    0.2
  57646 109.95  28.62  301    1.7
  57657 110.20  28.22  182    6.2
  57658 110.20  28.02  144   0.01
  57661 111.48  28.92   51    0.3
  57663 111.95  28.92   31    0.2
  57666 112.13  28.52   49   0.01
  57680 113.07  28.80   47    0.6
  57688 113.63  28.15  100    0.2
  57694 114.38  28.53  256   11.9
  57698 114.45  28.12   99   0.01
  57699 114.92  28.23   68    4.6
  57708 105.60  27.15 1704    0.3
  57713 106.88  27.70  844   0.01
  57714 106.23  27.47  942    0.7
  57717 106.83  27.53  974   10.5
  57719 106.97  27.07 1280   22.1
  57723 107.72  27.98  710    4.1
  57728 107.47  27.07 1095    4.0
  57732 108.40  28.02  458    3.7
  57734 108.23  27.57  468    2.6
  57735 108.82  27.18  396    5.0
  57736 108.85  27.70  376    5.2
  57737 108.12  27.03  546   10.5
  57738 108.42  27.05  517   30.1
  57739 108.88  27.23  375    5.0
  57740 109.60  27.95  349    0.1
  57742 109.20  27.52  883    0.1
  57743 109.80  27.88  176    0.5
  57744 109.17  27.37  356    3.1
  57754 110.15  27.35  170    4.9
  57760 111.43  27.70  247   11.3
  57762 111.70  27.68  163    5.6
  57763 112.00  27.73  151    5.9
  57767 111.03  27.12  266    8.3
  57768 111.45  27.32  242    4.3
  57769 111.73  27.23  257   19.4
  57771 112.52  27.93   89    0.3
  57772 112.50  27.75   84    0.1
  57773 112.82  27.87   63   0.01
  57777 112.87  27.23   65   11.6
  57778 112.95  27.10   68   20.1
  57781 113.50  27.65   71    1.7
  57786 113.85  27.65  110    0.8
  57796 114.93  27.80   79   0.01
  57798 114.60  27.40   89    0.3
  57800 105.37  26.77 1458    0.2
  57809 105.75  26.07 1251   14.8
  57818 106.45  26.03 1145    3.4
  57822 107.90  26.90  833    7.9
  57829 107.80  26.20  964   0.01
  57842 109.72  26.88  281   12.7
  57846 110.15  26.58  307    0.4
  57859 110.63  26.03  409    0.3
  57860 111.28  27.00  282   10.6
  57865 111.58  26.47  166    0.3
  57868 111.87  26.60  113   23.3
  57870 112.10  26.80  151   12.8
  57871 112.37  26.98   91   17.3
  57875 112.50  26.88   71   20.3
  57876 112.83  26.43  118   0.01
  57881 113.25  26.72  105   13.1
  57882 113.55  26.78  135    8.6
  57883 114.28  26.75  257    0.1
  57886 113.78  26.50  226   0.01
  57891 114.25  26.93  144    2.9
  57899 114.92  26.80   66   0.01
  57903 105.60  25.93 1138   0.01
  57913 106.98  26.45 1095   0.01
  57914 106.67  26.42 1143   0.01
  57921 107.32  25.83  710   15.4
  57923 107.87  25.98  418   0.01
  57941 109.60  25.78  198    0.2
  57942 110.00  25.80  267    0.3
  57948 109.25  25.08  123    2.4
  57949 110.00  24.98  157   17.5
  57954 110.18  25.23  158    1.8
  57955 110.67  25.62  224    3.9
  57956 110.32  25.42  169    3.0
  57958 110.32  25.08  152   31.8
  57960 111.07  25.93  192    0.2
  57962 111.65  25.97  166   0.01
  57964 111.15  25.50  258    3.7
  57966 111.95  25.60  205    0.9
  57969 111.33  25.27  230   15.8
  57971 112.20  25.92  225   0.01
  57973 112.72  25.75  328    1.0
  57975 112.20  25.38  278   10.4
  57976 112.95  25.42  226   11.7
  57978 112.55  25.28  291   0.01
  57981 113.22  25.98  141   0.01
  57985 113.68  25.57  608   13.8
  57990 114.30  25.70  252    6.8
  57991 114.55  25.80  148    2.1
  57992 114.75  25.67  129   14.7
  57994 114.35  25.40  208    0.9
  57995 114.93  25.40  166    5.1
  58408 115.43  30.23   35   0.01
  58409 115.93  30.07   20   0.01
  58417 116.13  30.17   50   0.01
  58418 116.70  30.13   26   0.01
  58423 117.78  30.48  643   0.01
  58501 115.63  29.93   25    0.2
  58503 115.68  29.70   41   0.01
  58508 115.77  29.33   42    0.6
  58509 115.82  29.05   38   27.4
  58510 116.23  29.73   40   0.01
  58512 116.55  29.90   66   0.01
  58514 116.05  29.45   35    0.3
  58517 116.20  29.27   43    7.8
  58523 117.93  29.93  231   0.01
  58529 117.85  29.27   82    1.0
  58537 118.40  29.13  153    5.7
  58547 119.18  29.03   65    0.1
  58548 119.47  29.22   46   0.01
  58558 120.22  29.27   89    0.5
  58559 120.98  29.17   59    0.5
  58567 121.43  29.32   39   0.01
  58568 121.38  29.12   35    0.6
  58570 122.30  29.95   83   0.01
  58601 115.38  28.70   54   16.2
  58602 115.55  28.85   46   20.5
  58605 115.38  28.42   49   19.2
  58607 115.95  28.55   35   36.6
  58609 115.82  28.22   30   25.2
  58612 116.68  28.70   22   17.6
  58614 116.27  28.38   40   15.0
  58615 117.08  28.68   56   48.2
  58616 116.82  28.20   44   22.6
  58618 116.60  28.23   51   43.9
  58619 116.37  28.00   47   11.1
  58620 117.13  28.97   37    0.8
  58623 117.92  28.47   92   34.9
  58624 117.43  28.40   64   16.4
  58625 117.60  28.42   80   23.7
  58627 117.03  28.25   64    9.8
  58629 117.70  28.32   59   21.2
  58631 118.50  28.90  134    1.0
  58632 118.60  28.72  124    3.1
  58635 118.20  28.43   96   24.8
  58642 119.80  28.88  102    0.5
  58643 120.03  28.90   99    1.4
  58644 119.28  28.60  237    4.0
  58647 119.13  28.07  196    4.3
  58654 120.08  28.67  184    2.3
  58656 120.97  28.12    7   11.8
  58657 120.28  28.15   59    8.4
  58658 120.68  28.15   36    8.6
  58659 120.65  28.03   29   15.5
  58660 121.13  28.85    8    2.9
  58664 121.37  28.37   33   12.1
  58693 115.83  28.70   37   14.8
  58701 115.40  27.77   47   0.01
  58704 115.35  27.62   61    1.3
  58706 115.83  27.43  180    1.4
  58712 116.78  27.92  123    3.3
  58713 117.07  27.72  220    9.2
  58719 116.93  27.30  123   13.0
  58724 117.30  27.52  264    2.4
  58735 118.80  27.52  201    3.0
  58736 118.82  27.37  220    7.3
  58745 119.07  27.62  368    2.2
  58746 119.70  27.55  514    0.4
  58747 119.35  27.15  900   10.8
  58748 119.65  27.10   51    7.4
  58749 119.88  27.23  680    3.4
  58750 120.08  27.78  106    5.2
  58751 120.55  27.68    5   0.01
  58804 115.35  26.35  153    2.7
  58814 116.35  26.35  237    0.9
  58819 116.80  26.17  329    0.5
  58821 117.47  26.73  174    0.8
  58822 116.85  26.83  341    0.4
  58823 117.80  26.80  173    0.7
  58824 117.15  26.40  355   14.6
  58826 117.80  26.40  120    3.3
  58828 117.62  26.27  206    4.9
  58836 118.73  26.58  359   20.8
  58839 118.85  26.23   42    3.5
  58844 119.15  26.15   49    0.5
  58845 119.53  26.50   57    0.1
  58848 119.55  26.20   12    0.2
  58850 120.23  26.92   88    0.7
  58903 116.03  25.90  208   0.01
  58905 115.42  25.97  136    0.9
  58906 115.80  25.60  167    5.5
  58907 115.40  25.15  300   0.01
  58912 116.75  25.72  379   24.6
  58923 117.83  25.70  397    6.4
  58929 118.15  25.07   66   0.01
  58932 118.93  25.87   85   0.01
  58934 118.27  25.33  170    0.3
  58935 118.23  25.48  516    0.5
  58938 118.98  25.23   22    0.9
  58940 119.33  26.08   28    0.5
  58941 119.50  25.97   11   0.01
  58942 119.38  25.72   39   0.01
  58946 119.00  25.45   84    0.4
  59031 108.25  24.83  205   0.01
  59047 109.33  24.25  101   0.01
  59051 110.50  24.77  133   0.01
  59052 110.82  24.83  167    8.2
  59053 110.67  24.62  108    4.5
  59055 110.40  24.50  166   0.01
  59059 110.80  24.18  107   0.01
  59061 111.27  24.82  198   0.01
  59063 111.45  25.18  262    3.5
  59071 112.28  24.73  175   0.01
  59074 112.15  24.57  300    0.2
  59075 112.63  24.48   70   0.01
  59081 113.27  24.78   98   0.01
  59091 114.53  24.75  257   0.01
  59093 115.03  24.78  254   0.01
  59094 114.12  24.37  135    0.4
  59099 114.93  24.45  175    1.3
  59109 115.73  24.15  126    0.2
  59114 116.17  24.65  131   0.01
  59122 117.75  24.62   42    0.3
  59124 117.37  24.52   31    0.3
  59125 117.30  24.38  105   0.01
  59127 117.83  24.43   14    0.2
  59129 117.60  24.13   53    0.2
  59130 118.15  24.73   28    0.2
  59131 118.37  24.97   44   0.01
  59137 118.57  24.82   55    0.3
  59235 108.62  23.43  116    4.5
  59237 108.28  23.17  115    3.8
  59241 109.68  23.97   91   0.01
  59246 109.67  23.60   70   0.01
  59249 109.62  23.12   56   0.01
  59255 110.38  23.55   37   0.01
  59256 110.92  23.37   56   0.01
  59264 111.50  23.40   79    4.7
  59266 111.23  23.42   46    6.1
  59268 111.53  23.25   31    1.5
  59269 111.77  23.15   27    3.9
  59270 112.18  23.92   78    0.4
  59276 112.65  23.35   40   10.2
  59279 112.87  23.18   18    0.4
  59284 113.22  23.38    6   31.5
  59285 113.60  23.57   39   16.8
  59290 114.23  23.73   71   10.1
  59297 114.28  23.18   16    2.0
  59310 116.18  23.77   39    0.1
  59312 116.63  23.67   11    0.4
  59313 116.98  23.68   42    0.2
  59314 116.13  23.30   27    3.8
  59315 116.38  23.58   25    0.9
  59318 116.58  23.27   10    1.5
  59319 116.77  23.47    9    1.5
  59320 117.13  23.77   27    0.3
  59322 117.37  23.98   20    0.3
  59426 107.90  22.63   92   11.1
  59432 108.40  22.80  203    0.4
  59435 108.48  22.77   75    1.4
  59449 109.98  22.30   80   0.01
  59451 110.35  22.70   99   0.01
  59454 111.00  22.92  104    2.2
  59469 111.78  22.17   33    0.2
  59470 112.22  22.72   33    5.4
  59471 112.05  22.93  102    0.1
  59473 112.97  22.77   20    2.7
  59475 112.65  22.40   24    2.8
  59476 113.03  22.53   35    2.3
  59477 112.30  22.18   25    2.9
  59480 113.25  22.85   21    3.6
  59481 113.32  22.93   16    2.9
  59487 113.30  22.23   12   32.3
  59492 114.70  22.92   43    4.4
  59500 115.32  22.97   10    4.7
  59502 115.65  22.95   11   22.7
  59635 108.35  21.62   26   0.01
  59640 109.18  21.67    6   0.01
  59650 110.25  21.38   25   0.01
  59654 110.30  21.63   28   0.01
  59656 110.77  21.43   29    0.3
  59750 110.10  20.92   25    0.4
  59757 110.37  20.00   10    7.6
  59842 109.68  19.90   31   10.8
  59843 110.00  19.73   36   13.8
  59847 109.05  19.27  101    0.7
  59848 109.43  19.23  219   22.3
  59851 110.33  19.70   25    3.7
  59854 110.10  19.37  119    7.7
  59856 110.75  19.62   26    3.1
  59940 109.17  18.75  156   78.5
  59941 109.52  18.77  328   28.2
  59945 109.70  18.65   65    8.0
  59951 110.33  18.80   38    1.6
