diamond  3 2013年04月05日08点24小时降雨量                    
  13  04  05  08    -1 3 10 25 50 1 0
 39 122.7  37.3 122.5  36.7 120.8  36.2 119.3  35.0 120.4  34.3
 121.1  32.7 122.3  30.9 122.5  30.1 121.5  28.0 119.8  25.0
 116.1  22.6 111.0  21.0 111.0  18.6 109.6  18.1 108.3  18.5
 108.9  19.9 109.3  21.0 106.4  21.6 104.1  22.2 101.6  20.8
  98.7  22.0  97.1  24.1  97.7  27.0  91.7  26.6  85.7  27.7
  78.9  30.6  73.3  37.1  74.1  40.7  87.6  49.8  98.5  43.9
 110.4  44.3 122.0  54.7 135.7  48.3 131.5  42.2 125.2  39.4
 121.3  38.5 121.2  40.3 118.5  38.6 120.8  38.1
1        1144
  50913 118.83  45.72  866    0.7
  50924 119.67  45.53  824    2.6
  50928 120.33  45.07  629    2.7
  50934 121.58  45.38  309   0.01
  50937 121.47  45.05  250    0.8
  50939 122.82  45.33  154   0.01
  50946 124.83  45.18  140    0.1
  50954 125.08  45.50  129   0.01
  51378  89.17  44.02  735   0.01
  51465  87.10  43.48 1874   0.01
  51482  90.28  43.83 1271   0.01
  52515  94.87  39.52 2138    0.9
  52557 100.17  39.15 1458   0.01
  52575 102.78  39.42 1240   0.01
  52607 106.65  39.43 1253    0.3
  52643  99.62  38.83 2311    2.6
  52656 100.82  38.43 2282    1.5
  52745  99.02  37.30 3417    0.1
  52784 102.90  37.47 2073    4.0
  52853 100.98  36.90 3011   0.01
  52862 101.68  36.95 2451   0.01
  52863 101.95  36.82 2480    0.6
  52869 101.58  36.50 2665    0.2
  52874 102.40  36.48 1981    0.2
  52875 102.10  36.50 2129    0.3
  52877 102.25  36.10 2835    0.6
  52881 103.18  36.98 2485   0.01
  52885 103.25  36.75 2119   0.01
  52896 104.15  36.55 1739   0.01
  52963 102.02  35.93 2086   0.01
  52972 102.47  35.85 1870   0.01
  52978 102.52  35.20 2930    2.6
  52980 103.30  35.97 1649    0.1
  52981 103.38  35.67 2429    0.4
  52982 103.55  35.48 1954    1.5
  52985 103.33  35.42 2164    3.0
  52988 103.72  35.37 2000    0.5
  52993 104.07  35.68 1740   0.01
  52995 104.62  35.58 1898   0.01
  52998 104.20  35.13 2111    0.7
  53272 112.63  42.75 1106    0.5
  53289 113.83  42.23 1322    0.5
  53343 109.97  41.77 1612    0.3
  53357 110.05  42.03 1361   0.01
  53367 111.23  41.32 1604    0.1
  53378 112.62  41.28 1737    0.1
  53384 113.18  41.45 1424    0.1
  53385 113.55  41.57 1387   0.01
  53484 113.15  40.45 1192    0.9
  53486 113.77  40.37 1050    1.1
  53488 113.58  40.03 1035    9.4
  53491 114.38  40.67  837    0.1
  53492 114.15  40.10  939    2.4
  53498 115.03  40.57  630    1.8
  53499 114.73  40.77  755    1.5
  53505 105.40  37.88 1382   0.01
  53512 106.80  39.80 1105    0.3
  53517 106.33  39.27 1466    1.1
  53518 106.35  39.03 1118   0.01
  53562 111.67  39.92 1192   0.01
  53565 111.50  39.43 1050    0.4
  53567 111.08  39.03  980    3.5
  53573 112.70  40.00 1337   0.01
  53574 112.27  39.52 1408    1.7
  53575 112.20  39.10 1526   12.5
  53576 112.82  39.50 1046    2.6
  53577 112.30  39.00 1441    3.9
  53579 112.90  39.02  861    3.5
  53580 113.10  39.82 1045    3.9
  53582 113.68  39.72 1094    5.7
  53584 113.17  39.57 1001    3.4
  53585 113.27  39.17  934    4.2
  53590 114.27  39.75  979    6.0
  53596 115.13  38.85   53    3.4
  53599 114.68  39.37  885    4.6
  53644 108.83  38.60 1309   0.01
  53658 110.48  38.03  895    2.5
  53659 111.00  37.97 1164    3.4
  53660 111.08  39.02  893    2.5
  53662 111.58  38.72 1393   12.4
  53665 111.65  38.28 1183    6.8
  53666 111.93  38.35 1213    7.1
  53669 111.80  38.08 1151    2.7
  53674 112.70  38.42  799    2.5
  53676 112.98  38.50  760    2.7
  53677 112.48  37.93  808    2.5
  53678 112.67  38.07  899    1.6
  53679 112.55  37.73  776    2.4
  53680 114.38  38.30  109    3.4
  53681 113.37  38.83 1097    0.6
  53682 114.68  38.63  105    3.7
  53685 113.42  38.07  953    2.6
  53688 114.55  38.45   98    3.3
  53689 115.07  38.02   43    2.1
  53690 114.18  38.85  283    0.9
  53691 114.57  38.15   76    2.9
  53692 114.98  38.73   68    4.3
  53693 114.13  38.03  256    3.6
  53694 114.22  38.27  134    5.0
  53695 114.68  38.35   72    2.9
  53696 115.00  38.52   55    3.9
  53697 114.83  38.03   54    2.3
  53699 114.95  38.18   46    2.1
  53727 107.12  37.17 1713    2.3
  53732 108.72  37.85 1211    0.7
  53748 109.70  37.18 1064    3.2
  53750 110.18  37.77  931    0.8
  53751 110.05  37.60  897    0.9
  53753 110.88  37.43  861    1.4
  53756 110.72  37.52  744    2.3
  53757 110.12  37.12  938    3.5
  53760 111.23  37.88 1212    2.0
  53763 112.17  37.92 1008    3.0
  53767 111.17  37.33 1212    3.9
  53768 111.75  37.15  770    5.2
  53769 111.78  37.25  749    4.5
  53770 112.35  37.35  769    9.0
  53771 112.05  37.42  751    3.3
  53773 114.62  36.33   66    3.5
  53774 112.33  37.62  774    1.9
  53776 112.77  37.68  831    3.1
  53777 112.15  37.53  760    1.6
  53778 112.22  37.17  780    8.4
  53780 113.15  37.90 1066    3.0
  53781 114.47  36.87   69    2.5
  53782 113.55  37.85  743    3.6
  53783 113.70  37.60  880    2.7
  53784 114.78  37.75   39    2.1
  53785 114.67  37.52   35    3.1
  53786 113.37  37.08 1134    2.7
  53788 113.57  37.33 1267    1.2
  53789 114.63  37.88   57    3.3
  53790 114.62  37.60   50    3.2
  53791 114.52  37.77   67    3.7
  53792 114.48  37.45  113    2.2
  53794 114.75  37.35   34    1.9
  53795 114.37  37.65  137    1.6
  53796 114.88  37.62   31    2.9
  53797 114.52  37.28   74    1.7
  53799 114.98  37.23   25    3.2
  53829 107.90  35.98 1094    1.9
  53832 108.77  36.77 1220    1.7
  53841 109.32  36.88 1069    3.6
  53848 109.35  36.27 1005    9.0
  53850 110.18  36.88  801    5.9
  53852 110.63  36.77  917    4.1
  53856 110.75  36.47  756    3.9
  53857 110.18  36.07  840   10.4
  53860 111.17  36.98 1407    3.1
  53861 111.42  35.88  425    7.0
  53862 111.77  36.83  809   10.6
  53864 111.10  36.40 1030    8.8
  53865 111.55  36.65 1012    8.9
  53866 111.67  36.23  464    5.4
  53869 111.70  36.58  550    4.9
  53871 112.85  36.83  965    9.1
  53872 112.68  36.77  962    8.9
  53873 112.87  36.12  951    6.6
  53874 111.90  36.25  650    7.9
  53875 112.35  36.52 1001   12.9
  53878 113.38  36.52  769    2.6
  53879 112.88  36.32  953    8.5
  53880 113.23  36.33  948    4.6
  53881 106.48  37.28 1382   0.01
  53883 114.70  37.13   36    2.1
  53885 113.20  36.13 1031    6.7
  53886 113.67  36.57  471    2.5
  53888 113.43  36.20 1088    4.2
  53889 113.82  36.07  308    4.1
  53890 114.15  36.68  234    4.7
  53891 114.68  37.02   44    3.8
  53892 114.47  36.62   67    2.4
  53893 114.95  36.77   40    2.9
  53894 114.22  36.42  128    4.0
  53895 114.50  36.78   61    3.1
  53896 114.95  36.35   51    3.0
  53897 114.38  36.38   71    2.4
  53899 114.97  36.48   49    3.3
  53906 105.72  35.52 1659    1.0
  53914 106.12  35.62 2079    2.2
  53916 106.32  35.50 1949    1.6
  53917 106.07  35.22 1633    4.7
  53924 107.62  35.07  967    1.2
  53925 107.18  35.68 1174    1.3
  53926 107.35  35.35 1630    1.4
  53927 106.62  35.20 1478    2.4
  53928 107.02  35.30 1150    1.9
  53930 107.98  36.45 1270    0.6
  53931 109.37  36.00  983   11.5
  53934 108.02  35.82 1299    4.5
  53935 108.35  35.48 1443    5.1
  53937 107.92  35.52  980    4.5
  53938 108.30  35.17 1277    3.3
  53941 109.58  35.18  807    9.5
  53944 109.25  35.57  857    7.6
  53945 109.07  35.43 1394    7.8
  53946 109.82  35.60 1091    9.5
  53947 109.07  35.08  979   12.6
  53949 109.92  35.18  680    9.3
  53950 110.15  35.23  710   11.2
  53953 110.85  35.97  966    8.0
  53954 110.97  35.62  433    6.9
  53956 110.83  35.40  589   11.1
  53957 110.72  35.62  459    5.7
  53958 110.78  35.13  389    7.0
  53961 111.48  35.65  473   13.6
  53962 111.70  35.73  585    9.7
  53964 111.22  35.62  431    6.8
  53965 111.57  35.52  761   10.9
  53966 111.83  35.98  818    8.1
  53967 111.20  35.33  469    6.5
  53970 112.20  35.70  887    8.8
  53972 112.92  35.12  121    3.7
  53973 112.95  35.77  836    5.1
  53974 114.18  35.62   73    2.8
  53976 112.87  35.50  751    7.0
  53978 112.63  35.08  140    5.8
  53979 113.08  35.15  121    0.6
  53980 114.80  36.55   51    2.8
  53981 113.27  35.78 1311    4.7
  53982 113.27  35.23  113    4.4
  53983 114.42  35.03   70    0.4
  53984 113.47  35.23   83    5.8
  53985 113.82  35.45   97    1.1
  53987 113.42  35.10   91    4.4
  53988 113.67  35.27   78    4.0
  53989 113.95  35.05   77    2.6
  53991 114.35  35.93   75    2.9
  53992 114.52  35.65   59    2.1
  53993 114.92  35.93   52    1.1
  53994 114.07  35.38   71    2.4
  53995 114.50  35.55   64    1.2
  53996 114.65  36.45   58    2.4
  53997 114.18  35.15   72    1.9
  53998 114.65  35.20   62    0.4
  54024 119.30  44.45  710    3.0
  54031 121.82  44.90  201    1.3
  54039 122.02  44.03  182    9.6
  54047 123.28  44.13  146    4.9
  54065 125.65  44.53  173    1.2
  54069 125.80  44.17  175    3.1
  54072 126.52  44.85  203    1.4
  54076 126.93  44.42  254    2.9
  54080 127.15  44.90  196    0.9
  54092 129.40  44.60  294    0.6
  54093 130.55  44.93  266   0.01
  54098 129.47  44.33  272    1.2
  54113 118.65  43.53  623    7.8
  54117 117.53  43.25 1004    4.8
  54122 120.05  43.88  375    7.6
  54132 121.07  42.40  400    9.7
  54154 124.30  43.35  163    2.4
  54155 124.23  43.67  145    5.3
  54156 124.80  43.52  200    5.0
  54164 125.28  43.35  249    3.6
  54169 126.02  43.30  270    1.5
  54172 126.60  43.78  199    5.6
  54204 115.00  42.30 1347    0.1
  54205 116.00  42.23 1316    0.2
  54214 118.42  42.58  961    3.8
  54223 120.65  42.85  364   15.2
  54225 119.92  42.28  589   13.1
  54231 122.35  42.97  249    8.7
  54234 121.75  42.73  300   10.1
  54244 123.33  42.75  120    6.6
  54245 123.40  42.50   99    5.3
  54248 123.53  42.03   67    0.2
  54249 123.87  42.30   79    0.1
  54252 124.75  42.73  198    0.6
  54301 115.67  41.67 1414    0.5
  54304 115.28  40.97 1249    4.2
  54305 115.27  41.88 1468    0.1
  54313 118.70  41.93  734    5.4
  54316 118.75  41.52  680    8.2
  54318 117.73  41.32  562   11.2
  54319 118.67  41.00  509    8.1
  54320 119.30  41.60  546   11.1
  54323 120.78  41.82  253   11.9
  54325 120.35  41.18  183    1.9
  54327 119.35  41.23  421    5.3
  54328 119.72  41.08  300    3.9
  54330 121.37  41.17   61   0.01
  54331 121.77  41.58   83   0.01
  54398 116.62  40.13   29    9.1
  54399 116.28  39.98   46   10.6
  54404 115.83  40.88  868    2.5
  54408 115.22  40.38  531    4.9
  54410 116.13  40.60 1216    7.0
  54412 116.63  40.73  334   11.4
  54419 116.63  40.37   75   11.1
  54420 117.33  40.93  530   12.0
  54421 117.12  40.65  286   13.7
  54424 117.12  40.17   33    6.3
  54425 117.48  40.42  584    9.2
  54428 117.40  40.03   19    1.2
  54430 118.15  40.77  268    7.3
  54431 116.63  39.92   40    3.9
  54432 118.48  40.60  305    3.3
  54433 116.50  39.95   36    7.7
  54434 118.30  40.17  103    0.8
  54437 118.65  39.50   19    1.5
  54438 118.88  39.88   61    2.2
  54439 118.72  40.02   51    0.7
  54499 116.22  40.22   75   10.6
  54501 115.68  39.97  441    9.5
  54502 116.03  39.48   30    3.4
  54503 115.82  39.07   13    4.3
  54505 116.12  39.92   94    9.0
  54506 115.88  39.32   29    3.3
  54507 115.50  39.35   52    6.9
  54510 116.98  39.90   18    1.9
  54512 116.28  39.42   22    2.9
  54513 116.20  39.95   67    9.5
  54514 116.25  39.87   56    9.5
  54515 116.70  39.50   14    0.8
  54517 117.20  39.07    5    0.1
  54519 116.48  39.30   13    1.1
  54520 117.08  39.97   19    1.9
  54521 116.98  39.77   14    1.2
  54522 117.73  39.88   19    0.3
  54526 117.33  39.08   10   0.01
  54529 117.82  39.35   12    0.6
  54530 117.77  39.23    6    0.6
  54531 118.72  39.73   43    2.5
  54532 118.10  39.80   35    1.0
  54533 118.10  39.58    9    1.1
  54535 118.47  39.28    3   0.01
  54540 119.17  39.72   14    1.7
  54541 119.23  39.90   23    0.9
  54594 116.35  39.72   38    4.9
  54596 116.13  39.68   40    4.3
  54597 115.73  39.73  409    8.6
  54601 115.65  38.98   14    6.1
  54603 115.77  38.72   10    1.9
  54604 115.33  38.42   31    2.6
  54605 115.93  38.93    7    2.3
  54607 115.12  38.72   45    4.7
  54608 115.55  38.00   27    2.2
  54609 115.50  38.25   25    1.5
  54610 116.10  38.73    9    1.5
  54611 115.32  38.93   45    4.9
  54612 116.45  38.87    7    0.1
  54613 116.62  38.70    8    0.2
  54614 116.08  38.45   13    0.7
  54615 116.83  38.58    8    1.1
  54616 116.85  38.35    9    1.7
  54617 116.12  38.18   13    1.1
  54619 116.92  38.92    8   0.01
  54620 115.57  38.48   19    2.8
  54621 115.18  38.18   39    2.6
  54622 117.37  38.98    3    0.1
  54626 115.82  38.42   15    1.0
  54627 117.23  38.03    8    4.7
  54628 117.48  38.15    7    4.2
  54631 115.15  37.07   33    3.2
  54632 115.03  37.07   34    3.7
  54633 115.23  37.52   27    2.1
  54636 116.10  39.02   12    1.3
  54640 114.87  36.92   37    3.3
  54644 117.12  38.05   11    5.1
  54645 117.47  38.85    3    2.5
  54700 115.93  38.03   16    1.3
  54701 115.20  37.93   41    2.3
  54702 115.70  37.73   22    2.2
  54703 115.88  37.80   25    2.4
  54704 115.57  37.55   23    2.4
  54706 115.67  37.08   32    2.2
  54707 115.98  37.35   28    1.5
  54708 115.73  37.50   24    2.4
  54709 116.07  37.22   30    0.8
  54710 116.17  37.87   19    0.9
  54711 116.28  37.70   19    0.6
  54712 116.82  37.20   23    3.3
  54713 116.53  37.88   15    0.8
  54714 116.33  37.45   24    1.0
  54716 116.80  37.67   17    3.2
  54717 116.40  37.63   18    0.2
  54718 116.43  37.15   26    2.9
  54719 116.68  38.03   12    1.8
  54722 117.63  37.75    7    2.0
  54723 117.57  37.65   11    2.9
  54724 117.13  37.32   21    3.7
  54726 117.18  37.70   12    3.3
  54728 117.38  37.77   16    3.5
  54777 122.07  37.20  112    0.9
  54800 115.25  36.98   35    4.0
  54801 115.48  36.85   36    1.6
  54802 115.73  36.82   35    1.6
  54803 116.02  36.98   28    1.4
  54804 115.13  36.30   46    1.3
  54805 115.45  36.48   41    1.1
  54806 115.97  36.42   39    0.8
  54807 115.80  36.13   44    0.3
  54809 115.28  36.55   42    2.4
  54810 116.27  36.87   28    0.9
  54811 116.62  36.93   22    1.1
  54812 116.75  36.78   23    0.3
  54814 116.23  36.58   32    0.5
  54815 116.27  36.38   33    0.2
  54817 115.87  35.98   43    0.3
  54818 116.42  36.25   72   0.01
  54819 116.80  36.18  118   0.01
  54820 115.17  36.82   38    2.6
  54821 117.20  37.00   21    0.7
  54851 120.57  36.90   81   0.01
  54852 120.73  36.97   53   0.01
  54853 120.42  36.17   43   0.01
  54855 120.47  36.38   30    0.1
  54861 121.53  36.93   47   0.01
  54900 115.02  35.70   54    0.4
  54901 115.17  36.08   47    0.7
  54902 115.12  35.90   49    0.5
  54903 115.48  35.85   50    0.3
  54904 115.52  35.58   51    0.3
  54905 115.93  35.58   53   0.01
  54906 115.42  35.25   51   0.01
  54908 115.10  35.27   57   0.01
  54921 116.33  35.42   39   0.01
  56016  95.62  33.85 4181   0.01
  56071 102.50  34.58 3107    2.4
  56081 103.35  34.70 2811    1.3
  56082 103.50  34.58 2544    5.8
  56084 103.23  34.07 2376    6.4
  56091 104.47  34.85 1884    1.3
  56094 104.37  33.78 1400    4.9
  56095 104.38  34.03 1754   10.9
  56097 104.23  33.27 1407    5.9
  56147  98.83  31.22 3261    2.1
  56158 100.67  31.40 3250    0.7
  56164 100.98  32.27 3286    5.7
  56168 102.07  31.48 2170    1.8
  56171 101.70  32.90 3276    1.9
  56180 103.85  31.68 1591    6.9
  56181 103.70  30.68  543   17.0
  56183 103.58  31.47 1326   10.4
  56184 103.17  31.43 1884    7.1
  56185 102.98  32.08 2400    9.7
  56186 104.20  31.33  589   13.6
  56189 103.93  30.98  584   11.7
  56190 104.55  31.55  518    7.8
  56192 104.67  32.95 1016    4.0
  56193 104.52  32.42  894    6.0
  56194 104.45  31.82  679    7.3
  56195 104.73  31.78  531    2.1
  56197 104.18  31.13  537    9.7
  56198 104.50  31.32  523   10.1
  56199 104.68  31.03  424    5.1
  56263 101.88  30.88 1948    2.6
  56272 103.88  30.82  560   11.1
  56273 102.82  30.38 1011   16.8
  56276 103.82  30.45  468   22.1
  56278 102.77  30.07  756   26.6
  56279 102.93  30.15  683   20.0
  56280 103.12  30.08  692   23.3
  56281 103.50  30.18  512   45.6
  56284 103.48  30.42  502   28.0
  56285 103.52  30.60  525   26.0
  56286 104.25  30.55  514   17.5
  56288 103.92  30.58  495   14.6
  56289 103.87  30.20  439   41.5
  56290 104.18  30.78  515    8.0
  56291 104.28  30.97  474    7.3
  56295 104.55  30.38  443   19.1
  56296 104.43  30.85  449    9.1
  56297 104.15  30.02  431   34.3
  56298 104.60  30.13  415   18.5
  56371 102.23  29.92 1322    7.0
  56373 102.85  29.78  763   25.6
  56376 102.68  29.35 1098    2.8
  56378 102.35  29.23  891    0.2
  56380 103.37  29.92  466   50.8
  56381 103.52  30.02  497   31.1
  56382 103.60  29.73  408   38.7
  56383 103.87  29.83  454   55.8
  56384 103.48  29.60  446   72.8
  56387 103.27  29.23  639    6.0
  56389 103.95  29.20  386   53.3
  56390 104.07  29.67  403   54.3
  56391 103.82  30.08  416   43.7
  56393 104.85  29.77  370   18.7
  56394 104.43  29.45  382   36.2
  56395 104.67  29.52  349   31.5
  56396 104.77  29.35  352   30.8
  56399 104.98  29.18  307   19.0
  56441  99.28  28.72 2424   0.01
  56443  99.80  28.93 2842   0.01
  56473 102.77  28.95 1061    0.7
  56478 102.43  28.30 1819   0.01
  56480 103.53  28.82  564   10.6
  56483 103.95  28.60  412    9.8
  56489 103.63  28.23  876    0.1
  56490 103.90  28.95  396   33.2
  56491 104.57  28.70  288   15.3
  56493 104.97  28.85  297   17.5
  56494 104.15  28.65  460    7.4
  56496 105.23  28.32  330   18.5
  56497 104.23  28.10  433    5.1
  56498 104.50  28.17  442    9.7
  56499 104.78  28.38  368   15.8
  56582 103.90  27.75 1177    0.3
  56592 104.52  28.43  360    9.7
  56593 104.92  28.58  281   14.7
  56594 104.05  27.63  884    0.1
  56595 104.87  27.42 1644    1.8
  56596 105.05  27.85 1176    2.9
  56598 104.73  27.13 1538    0.4
  56641  98.87  26.90 1191   19.3
  56645  99.42  26.42 2345    7.5
  56646  99.92  26.53 2193   0.01
  56742  99.37  25.90 1663   0.01
  56746  99.52  25.47 1618   0.01
  56755 100.48  25.35 1670   0.01
  56757 100.28  25.27 1744    0.1
  56835  97.82  24.07  958    0.2
  56836  97.95  24.70  828    0.1
  56839  98.82  23.77  994    0.8
  56840  98.30  24.82 1013   0.01
  56841  98.68  24.60 1527    1.5
  56842  99.18  24.73 1473   0.01
  56843  99.62  24.83 1650    0.8
  56844  98.58  24.43  915   0.01
  56846  99.93  24.58 1569    0.1
  56849  99.23  24.03 1607    0.7
  56851 100.52  25.03 1378   0.01
  56854 100.13  24.45 1108   0.01
  56862 101.60  24.68 1966   0.01
  56944  99.27  23.15 1280   0.01
  56950  99.80  23.47 1044   0.01
  57001 105.33  34.75 1273    0.2
  57002 105.65  34.85 1217    0.8
  57004 104.88  34.73 1496    0.9
  57006 105.75  34.58 1142    2.2
  57007 105.18  34.18 1406    2.6
  57008 105.30  34.03 1578    0.9
  57011 106.15  34.75 1379    8.4
  57012 106.20  34.98 1665    5.6
  57016 107.13  34.35  613    4.8
  57020 107.40  34.37  563    3.5
  57021 107.13  34.65  751    4.2
  57022 107.78  34.68 1026    2.6
  57023 108.10  35.03  841    2.1
  57024 107.65  34.45  671    2.8
  57026 107.88  34.37  586    3.6
  57027 107.73  34.27  518    5.3
  57029 108.48  34.50  544    5.1
  57031 108.55  34.82 1013    8.5
  57032 108.20  34.13  436    4.6
  57033 108.82  34.55  429    9.9
  57035 108.23  34.55  636    5.0
  57036 108.93  34.30  398    5.3
  57038 108.45  34.28  411    2.0
  57039 108.88  34.08  445    8.7
  57040 109.08  34.52  378   11.2
  57041 108.92  34.63  425   11.8
  57042 109.18  34.78  473   11.1
  57043 109.97  34.80  352   13.1
  57044 109.23  34.40  424   10.7
  57045 109.48  34.52  354   10.4
  57047 109.32  34.17  541   17.6
  57053 110.72  34.70  507    6.5
  57054 110.23  34.55  557   12.0
  57055 110.08  34.55  352   10.5
  57056 110.88  34.53  390   13.6
  57057 110.15  34.10  961    7.7
  57060 111.23  35.17  404   13.7
  57061 111.20  34.83  411   12.4
  57063 111.77  34.77  524    5.9
  57065 112.18  34.50  196   12.2
  57066 111.67  34.38  329    9.6
  57070 112.12  34.73  358    7.6
  57072 112.75  34.92  128    6.0
  57074 112.42  34.42  198    9.3
  57075 112.87  34.17  203    3.6
  57076 112.82  34.72  190    6.9
  57078 112.47  34.15  337    6.7
  57079 113.03  34.95  106    5.1
  57080 112.97  34.73  166    4.6
  57081 113.43  34.80  141    3.4
  57082 113.02  34.47  428    2.1
  57085 113.37  34.55  289    1.1
  57086 113.72  34.38  116    1.1
  57087 113.80  34.20   88    0.5
  57088 113.50  34.15  117    1.1
  57090 113.97  34.72   79    1.2
  57093 114.82  34.85   74   0.01
  57095 114.15  34.12   61   0.01
  57098 114.40  34.08   59   0.01
  57102 105.72  33.75  971    8.1
  57105 105.60  33.33 1219   11.8
  57110 106.08  33.78  930    6.3
  57111 106.30  33.92  967    9.2
  57113 106.53  33.90  990   10.2
  57119 106.70  33.17  551    1.9
  57123 108.07  34.28  510    1.4
  57126 107.55  33.22  470   11.0
  57128 107.33  33.17  487    2.1
  57129 107.72  32.98  447    9.4
  57132 108.62  34.12  415    6.2
  57137 108.32  33.32  801    2.8
  57140 109.12  33.67  818    5.2
  57153 110.33  33.68  584   10.7
  57155 109.87  33.55  661   10.4
  57162 112.08  34.15  327    7.4
  57169 111.87  33.05  160    2.0
  57173 112.88  33.75  147    1.5
  57175 112.23  33.05  192    4.5
  57176 112.42  33.48  230   0.01
  57177 113.53  33.33   91    2.0
  57179 113.00  33.28  161    4.0
  57180 113.20  33.98  118    1.5
  57182 113.50  33.85   81    2.4
  57183 113.92  33.80   61    0.8
  57184 113.37  33.63   84    3.3
  57185 113.58  33.45   92    1.4
  57186 114.05  33.60   59    0.4
  57187 112.93  33.07  119    4.9
  57188 114.03  33.37   56   0.01
  57189 113.95  33.13   65   0.01
  57190 114.40  33.75   51    0.1
  57191 114.48  34.48   64   0.01
  57194 114.27  33.28   60   0.01
  57198 114.62  33.55   47   0.01
  57204 105.23  32.58  801    2.7
  57208 105.47  32.02  538    2.3
  57213 106.93  33.00  537    3.5
  57216 106.83  32.35  577    0.6
  57217 106.28  32.23  493    1.7
  57231 108.53  32.53  504    3.6
  57233 108.50  32.90  413    5.8
  57242 109.37  32.85  285    1.9
  57247 108.90  32.32  442    6.6
  57248 109.33  32.40  429   11.1
  57249 109.68  32.32  453   19.2
  57253 110.82  32.85  204   19.0
  57254 110.12  32.82  324   16.6
  57257 110.23  32.23  309   15.5
  57260 111.52  32.55  143    8.8
  57261 111.50  33.13  196   17.2
  57268 111.63  32.27   87    6.5
  57271 112.38  32.55   89    6.8
  57273 112.85  32.68  110    3.5
  57274 112.12  32.70  108    6.3
  57281 113.30  32.70  142    1.0
  57303 105.92  31.73  460    0.4
  57304 105.17  31.67  517    5.9
  57307 105.08  31.10  408    0.4
  57308 105.38  31.22  421    0.6
  57309 105.88  30.98  375   0.01
  57314 106.07  31.35  385   0.01
  57315 106.40  31.53  658    0.3
  57317 106.42  31.03  323    0.2
  57318 106.55  31.07  339    1.6
  57320 107.22  31.93  483    1.5
  57324 107.08  31.58  363    3.0
  57326 107.72  31.37  390    6.8
  57329 107.85  31.10  462    5.4
  57333 108.67  31.95  800    4.1
  57338 108.42  31.18  213    7.0
  57339 108.68  30.95  296    6.1
  57345 109.62  31.40  339    4.3
  57349 109.87  31.07  270    6.7
  57361 111.27  31.88  331   12.6
  57362 110.67  31.75  939   13.5
  57363 111.83  31.80  146   17.2
  57368 111.63  31.05  138   11.9
  57370 112.22  31.73   68    8.9
  57377 112.22  31.00  184    4.2
  57387 113.13  31.00   80   11.2
  57388 113.70  31.27   55   16.5
  57389 113.75  31.03   33    6.4
  57390 114.07  31.80  731    0.6
  57396 114.85  31.63  130    0.7
  57398 114.62  31.28   76   16.7
  57401 105.37  30.87  380    0.3
  57402 105.70  30.77  395    1.5
  57407 105.03  30.28  464    8.8
  57408 105.35  30.12  333    7.4
  57409 105.80  30.18  295   10.1
  57413 106.97  30.85  295    4.5
  57414 106.45  30.55  396    5.3
  57415 106.63  30.47  336    7.7
  57416 106.93  30.33 3915   10.4
  57417 106.28  30.35  315    6.2
  57420 107.20  30.75  397    4.8
  57425 107.33  30.33  430    6.5
  57431 108.35  30.83  256    2.6
  57437 108.03  30.30  326    5.4
  57438 108.12  29.98  630    8.2
  57453 111.32  30.77  116    4.8
  57460 111.78  30.82   91    7.5
  57462 111.08  30.87  104    4.1
  57464 111.18  30.47  144    9.5
  57465 111.45  30.38   76   10.3
  57466 111.77  30.43   50    5.4
  57469 111.77  30.18   68    9.2
  57475 112.90  30.40   33   10.8
  57477 112.22  30.07   39   10.5
  57481 113.58  30.95   31    3.7
  57485 113.45  30.37   33   14.9
  57486 113.85  30.65   25    4.7
  57489 114.00  30.58   39    3.6
  57491 114.40  30.87   31   16.1
  57492 114.80  30.83   33    8.4
  57496 114.87  30.37   30    6.2
  57498 114.90  30.43   22    6.1
  57499 114.97  30.10   40   16.6
  57505 105.58  29.42  324   17.3
  57506 105.90  29.37  376   16.1
  57507 105.30  29.33  374   17.4
  57508 105.37  29.15  302   12.5
  57509 106.93  28.95  325    3.8
  57510 106.05  29.85  275   18.2
  57511 106.45  29.85  242   16.5
  57513 106.62  29.73  457   14.2
  57514 106.22  29.58  325   13.3
  57518 106.53  29.38  243   23.3
  57519 107.08  29.15  559   23.3
  57522 107.42  29.75  273   14.4
  57525 107.75  29.32  273   11.3
  57537 108.17  29.30  321   10.9
  57540 109.15  29.68  776   18.7
  57541 109.48  30.00  533    6.3
  57543 110.03  29.88  540   11.6
  57544 109.45  29.47  486   19.1
  57558 110.47  29.13  184   28.1
  57564 111.13  29.43  103   16.5
  57565 111.75  29.65   39   15.6
  57566 111.65  29.45   50   18.7
  57571 112.40  29.70   37    9.0
  57575 112.57  29.52   32   13.0
  57577 112.17  29.40   37   12.4
  57582 113.88  29.73   51    9.6
  57585 113.45  29.48   60   26.4
  57586 114.03  29.53   79   10.5
  57589 113.80  29.25  103   10.2
  57590 114.37  29.85   64    8.9
  57596 114.20  29.63    0   12.0
  57600 105.07  28.72  256   13.9
  57603 105.83  28.82  283   15.1
  57605 105.82  28.03  539    0.5
  57609 105.70  28.58  316   14.4
  57623 107.60  28.88  684    4.0
  57634 107.88  28.52  658    3.8
  57635 108.98  28.45  363   46.5
  57636 108.50  28.57  335   17.1
  57637 108.12  28.25  524   27.0
  57640 109.45  28.58  344   26.4
  57643 109.83  29.00  268   20.4
  57646 109.95  28.62  301   26.0
  57657 110.20  28.22  182   37.3
  57658 110.20  28.02  144   84.8
  57661 111.48  28.92   51   36.8
  57663 111.95  28.92   31   27.5
  57666 112.13  28.52   49   52.1
  57674 112.47  28.57   44   42.4
  57678 112.55  28.25   71   62.8
  57680 113.07  28.80   47   25.3
  57688 113.63  28.15  100   63.4
  57694 114.38  28.53  256   23.7
  57698 114.45  28.12   99   76.6
  57699 114.92  28.23   68   59.0
  57708 105.60  27.15 1704    2.5
  57713 106.88  27.70  844    9.4
  57714 106.23  27.47  942    2.4
  57717 106.83  27.53  974    7.2
  57719 106.97  27.07 1280    7.7
  57720 107.17  27.88  888   10.8
  57723 107.72  27.98  710    5.0
  57728 107.47  27.07 1095   16.2
  57732 108.40  28.02  458   16.8
  57734 108.23  27.57  468   13.7
  57735 108.82  27.18  396   22.2
  57736 108.85  27.70  376   17.8
  57737 108.12  27.03  546   16.1
  57738 108.42  27.05  517   16.7
  57739 108.88  27.23  375   26.8
  57740 109.60  27.95  349   22.8
  57742 109.20  27.52  883   23.1
  57743 109.80  27.88  176   44.4
  57744 109.17  27.37  356   17.0
  57754 110.15  27.35  170   17.7
  57760 111.43  27.70  247   18.2
  57762 111.70  27.68  163   10.1
  57763 112.00  27.73  151   16.5
  57767 111.03  27.12  266   20.0
  57768 111.45  27.32  242    6.7
  57769 111.73  27.23  257   30.4
  57771 112.52  27.93   89   49.3
  57772 112.50  27.75   84   26.1
  57773 112.82  27.87   63   38.8
  57777 112.87  27.23   65    3.6
  57778 112.95  27.10   68   13.6
  57781 113.50  27.65   71   46.7
  57786 113.85  27.65  110   53.2
  57792 114.68  27.82   93   70.2
  57796 114.93  27.80   79   11.5
  57798 114.60  27.40   89   58.1
  57800 105.37  26.77 1458    5.9
  57811 106.60  26.85 1242   19.6
  57813 106.47  26.57 1265   35.0
  57814 106.27  26.42 1285    0.7
  57818 106.45  26.03 1145   21.9
  57821 107.50  26.70  924    8.5
  57822 107.90  26.90  833    3.0
  57824 107.23  26.58 1005    6.9
  57828 107.58  26.50  983   13.0
  57829 107.80  26.20  964   15.8
  57834 108.30  26.68  642    9.1
  57835 108.43  26.72  521    6.8
  57837 108.07  26.40  838   45.0
  57842 109.72  26.88  281   14.9
  57844 109.18  26.68  344   14.4
  57846 110.15  26.58  307   25.4
  57851 110.85  26.45  307   11.4
  57859 110.63  26.03  409   24.9
  57860 111.28  27.00  282   33.4
  57865 111.58  26.47  166   42.8
  57867 111.28  26.40  169   26.2
  57868 111.87  26.60  113   51.0
  57870 112.10  26.80  151    4.4
  57871 112.37  26.98   91   11.2
  57875 112.50  26.88   71   25.2
  57876 112.83  26.43  118    3.7
  57881 113.25  26.72  105   29.4
  57882 113.55  26.78  135   40.7
  57883 114.28  26.75  257   57.3
  57886 113.78  26.50  226   10.3
  57887 113.12  26.13  124   14.1
  57891 114.25  26.93  144   79.6
  57895 114.78  26.47   96    3.9
  57899 114.92  26.80   66   93.9
  57911 106.65  26.67 1325    9.6
  57913 106.98  26.45 1095   14.7
  57914 106.67  26.42 1143   21.9
  57915 106.77  26.63 1102    3.0
  57921 107.32  25.83  710    1.4
  57923 107.87  25.98  418   38.5
  57936 108.92  25.75  255   24.1
  57941 109.60  25.78  198   21.8
  57942 110.00  25.80  267   15.2
  57948 109.25  25.08  123    0.4
  57949 110.00  24.98  157    0.6
  57954 110.18  25.23  158   38.1
  57955 110.67  25.62  224   58.6
  57956 110.32  25.42  169   19.5
  57958 110.32  25.08  152   14.8
  57960 111.07  25.93  192   27.2
  57962 111.65  25.97  166   14.2
  57964 111.15  25.50  258   22.4
  57966 111.95  25.60  205   43.6
  57969 111.33  25.27  230   22.0
  57971 112.20  25.92  225   14.0
  57973 112.72  25.75  328   22.0
  57975 112.20  25.38  278   13.7
  57976 112.95  25.42  226    4.4
  57978 112.55  25.28  291    8.2
  57981 113.22  25.98  141   10.1
  57985 113.68  25.57  608    2.3
  57988 113.35  25.15  103    6.2
  57989 113.73  25.10   96    3.7
  57990 114.30  25.70  252    1.2
  57991 114.55  25.80  148    1.4
  57992 114.75  25.67  129    0.9
  57994 114.35  25.40  208    1.1
  57995 114.93  25.40  166    2.0
  58030 118.07  34.85   47   0.01
  58036 118.73  34.52   39   0.01
  58041 119.43  34.78   22   0.01
  58048 119.35  34.12    9   0.01
  58147 118.97  32.98   28   0.01
  58148 119.30  33.23   11   0.01
  58154 120.20  33.43    7   0.01
  58235 118.85  32.37   16   0.01
  58237 118.62  32.05   22   0.01
  58240 119.02  32.68   25   0.01
  58244 119.58  32.45   10   0.01
  58247 119.82  32.25    5   0.01
  58249 120.00  32.17    8   0.01
  58254 120.45  32.52    5   0.01
  58257 120.25  31.98   12   0.01
  58264 121.18  32.33   11   0.01
  58268 121.08  32.10    8   0.01
  58269 121.65  31.78   12    0.6
  58301 115.38  31.82   90    0.5
  58306 115.88  31.68   94    1.4
  58316 116.95  31.47   26    0.2
  58317 116.37  30.87  434    6.0
  58327 117.28  31.25   24    0.8
  58329 117.87  31.33   24    1.1
  58334 118.37  31.38   23    1.8
  58337 118.18  31.08   30   20.5
  58339 118.90  31.33   24    3.3
  58340 119.03  31.65   23   0.01
  58341 119.58  31.98   10   0.01
  58342 119.55  31.72    7    1.4
  58344 119.20  31.97   35    0.2
  58346 119.82  31.33   15    1.4
  58349 120.63  31.27    9    3.2
  58351 120.30  31.90   12    0.2
  58352 120.77  31.65    8   17.8
  58353 120.57  31.87    6    7.1
  58359 120.62  31.13    9    2.2
  58360 121.20  31.92    6    0.5
  58361 121.37  31.10   10    8.1
  58365 121.25  31.37    9   12.5
  58366 121.40  31.63    9    3.0
  58367 121.43  31.20   18   13.5
  58369 121.78  31.05    9   13.9
  58370 121.55  31.22   11   12.6
  58377 121.10  31.47    6    6.8
  58401 115.40  30.78  106    6.2
  58404 115.22  30.47   57    6.4
  58408 115.43  30.23   35    9.0
  58409 115.93  30.07   20   37.4
  58415 116.58  30.63   38    5.8
  58416 116.82  30.75   38    4.1
  58417 116.13  30.17   50   24.3
  58418 116.70  30.13   26   27.8
  58420 117.22  30.72   38    7.9
  58421 117.87  30.63   32    5.2
  58423 117.78  30.48  643    3.5
  58426 118.13  30.30  192    0.4
  58427 117.48  30.67   36    6.8
  58428 117.48  30.22  115    5.0
  58431 118.32  30.92   17   14.4
  58432 118.40  30.68   39    4.4
  58433 118.75  30.93   30   13.7
  58435 118.53  30.30  221    2.1
  58438 118.58  30.08  197    8.2
  58441 119.42  30.87   53    1.1
  58442 119.18  31.13   16    1.6
  58443 119.90  31.02   19    1.3
  58446 119.68  30.63   25    2.1
  58449 119.95  30.05   47    9.0
  58451 120.93  30.83    3    4.3
  58452 120.77  30.73    4    3.2
  58453 120.50  30.07   10    3.8
  58454 119.97  30.53    5    7.1
  58455 120.65  30.52    8    1.6
  58456 120.52  30.63    6    1.6
  58458 120.90  30.53    3    1.9
  58459 120.28  30.18   42    7.0
  58460 121.35  30.73    6    4.7
  58461 121.12  31.13    8    7.7
  58462 121.23  31.03    9    9.4
  58463 121.50  30.88    9   10.0
  58468 121.17  30.05   10    4.0
  58484 122.20  30.25    9   15.7
  58501 115.63  29.93   25   12.6
  58502 116.00  29.73   37   14.9
  58503 115.68  29.70   41   27.4
  58508 115.77  29.33   42   17.1
  58509 115.82  29.05   38   26.5
  58510 116.23  29.73   40   17.1
  58512 116.55  29.90   66   12.2
  58514 116.05  29.45   35   21.2
  58517 116.20  29.27   43   16.0
  58523 117.93  29.93  231    2.0
  58529 117.85  29.27   82    7.2
  58530 118.43  29.87  170    7.7
  58534 118.18  29.78  173    4.5
  58537 118.40  29.13  153    9.1
  58542 119.68  29.82   45    4.0
  58544 119.27  29.48   87    4.5
  58546 119.88  29.47  114    3.3
  58547 119.18  29.03   65    6.7
  58548 119.47  29.22   46    4.1
  58550 120.25  29.70   39    5.7
  58555 120.88  29.52  112   10.3
  58558 120.22  29.27   89    9.1
  58559 120.98  29.17   59   15.8
  58561 121.60  29.98    3    4.2
  58563 121.83  29.88    4    5.8
  58565 121.43  29.68    6   10.1
  58566 121.88  29.47   14   14.1
  58567 121.43  29.32   39   15.9
  58568 121.38  29.12   35   12.5
  58570 122.30  29.95   83   16.6
  58601 115.38  28.70   54   25.0
  58602 115.55  28.85   46   24.7
  58605 115.38  28.42   49   60.0
  58607 115.95  28.55   35   36.6
  58609 115.82  28.22   30   37.8
  58612 116.68  28.70   22   21.6
  58614 116.27  28.38   40   28.9
  58615 117.08  28.68   56   13.4
  58616 116.82  28.20   44   24.8
  58618 116.60  28.23   51   29.2
  58619 116.37  28.00   47   33.2
  58620 117.13  28.97   37   15.8
  58623 117.92  28.47   92   17.3
  58624 117.43  28.40   64   19.7
  58625 117.60  28.42   80   20.0
  58627 117.03  28.25   64   19.8
  58629 117.70  28.32   59   20.3
  58631 118.50  28.90  134    7.8
  58632 118.60  28.72  124   11.0
  58635 118.20  28.43   96   20.9
  58642 119.80  28.88  102   12.8
  58643 120.03  28.90   99   15.5
  58644 119.28  28.60  237   10.4
  58647 119.13  28.07  196   12.9
  58654 120.08  28.67  184    9.2
  58656 120.97  28.12    7   10.4
  58657 120.28  28.15   59    5.6
  58658 120.68  28.15   36   10.0
  58659 120.65  28.03   29   11.2
  58660 121.13  28.85    8   12.5
  58664 121.37  28.37   33   13.7
  58693 115.83  28.70   37   34.2
  58701 115.40  27.77   47   32.9
  58704 115.35  27.62   61   39.5
  58706 115.83  27.43  180   68.7
  58707 115.13  27.22   66   53.0
  58710 116.05  27.77   76   38.7
  58712 116.78  27.92  123   31.4
  58713 117.07  27.72  220   47.3
  58714 116.23  27.55  115   62.9
  58719 116.93  27.30  123   31.2
  58724 117.30  27.52  264   32.0
  58735 118.80  27.52  201   22.2
  58736 118.82  27.37  220   24.0
  58745 119.07  27.62  368   17.1
  58746 119.70  27.55  514   22.3
  58747 119.35  27.15  900   40.9
  58748 119.65  27.10   51   38.8
  58749 119.88  27.23  680   39.2
  58750 120.08  27.78  106   15.0
  58751 120.55  27.68    5   21.6
  58804 115.35  26.35  153   21.8
  58814 116.35  26.35  237   22.8
  58819 116.80  26.17  329   24.4
  58821 117.47  26.73  174   34.3
  58822 116.85  26.83  341   58.7
  58823 117.80  26.80  173   36.7
  58824 117.15  26.40  355   32.8
  58826 117.80  26.40  120   13.3
  58828 117.62  26.27  206   10.7
  58836 118.73  26.58  359   14.4
  58839 118.85  26.23   42    5.8
  58844 119.15  26.15   49   11.7
  58845 119.53  26.50   57    3.4
  58848 119.55  26.20   12   15.0
  58850 120.23  26.92   88   12.1
  58903 116.03  25.90  208   30.6
  58905 115.42  25.97  136    9.3
  58906 115.80  25.60  167   16.7
  58907 115.40  25.15  300    7.4
  58912 116.75  25.72  379   33.3
  58917 116.10  25.08  307   13.0
  58923 117.83  25.70  397   14.3
  58928 117.53  25.02  160   19.8
  58929 118.15  25.07   66   19.1
  58932 118.93  25.87   85   12.6
  58934 118.27  25.33  170   26.0
  58935 118.23  25.48  516   23.6
  58938 118.98  25.23   22   14.1
  58940 119.33  26.08   28   14.4
  58941 119.50  25.97   11   13.1
  58942 119.38  25.72   39   26.2
  58946 119.00  25.45   84   11.1
  59022 107.55  24.98  695    0.1
  59031 108.25  24.83  205   0.01
  59033 108.90  24.78  330    0.1
  59034 108.67  24.48  149   0.01
  59041 109.25  24.65  109    0.1
  59044 109.38  24.47   99    0.3
  59045 109.75  24.48   95    0.2
  59051 110.50  24.77  133    0.4
  59052 110.82  24.83  167    2.1
  59053 110.67  24.62  108   0.01
  59055 110.40  24.50  166   0.01
  59057 110.18  24.13  827    0.2
  59059 110.80  24.18  107    2.8
  59061 111.27  24.82  198    0.3
  59063 111.45  25.18  262    4.4
  59064 111.32  24.55  141   0.01
  59071 112.28  24.73  175    3.2
  59074 112.15  24.57  300    6.9
  59075 112.63  24.48   70    5.6
  59081 113.27  24.78   98    4.1
  59090 114.07  24.95  103    3.5
  59091 114.53  24.75  257    4.4
  59093 115.03  24.78  254    9.3
  59094 114.12  24.37  135   35.8
  59099 114.93  24.45  175   36.8
  59106 115.90  24.58  152   39.8
  59109 115.73  24.15  126    8.8
  59114 116.17  24.65  131   33.6
  59122 117.75  24.62   42   29.1
  59124 117.37  24.52   31   21.9
  59125 117.30  24.38  105   18.7
  59127 117.83  24.43   14   30.8
  59129 117.60  24.13   53   47.8
  59130 118.15  24.73   28   37.7
  59131 118.37  24.97   44   22.8
  59137 118.57  24.82   55   38.7
  59227 107.15  23.08  438   0.01
  59230 108.17  23.72  173   0.01
  59249 109.62  23.12   56   0.01
  59266 111.23  23.42   46    2.5
  59268 111.53  23.25   31   0.01
  59269 111.77  23.15   27    0.2
  59270 112.18  23.92   78    4.3
  59276 112.65  23.35   40   50.6
  59279 112.87  23.18   18    4.6
  59284 113.22  23.38    6   32.0
  59285 113.60  23.57   39   27.4
  59288 113.13  23.05    3    0.9
  59290 114.23  23.73   71   24.7
  59297 114.28  23.18   16    5.2
  59310 116.18  23.77   39   25.4
  59312 116.63  23.67   11   20.5
  59313 116.98  23.68   42   27.8
  59314 116.13  23.30   27   14.3
  59315 116.38  23.58   25   17.7
  59318 116.58  23.27   10   19.8
  59319 116.77  23.47    9   17.7
  59320 117.13  23.77   27   27.5
  59322 117.37  23.98   20   50.5
  59421 107.20  22.83  257   0.01
  59451 110.35  22.70   99    0.9
  59452 110.53  22.85  100   0.01
  59454 111.00  22.92  104    0.1
  59469 111.78  22.17   33    6.6
  59470 112.22  22.72   33    0.2
  59471 112.05  22.93  102    0.1
  59473 112.97  22.77   20    1.8
  59475 112.65  22.40   24   33.8
  59476 113.03  22.53   35   35.2
  59477 112.30  22.18   25    8.5
  59480 113.25  22.85   21    1.1
  59481 113.32  22.93   16    0.6
  59487 113.30  22.23   12    5.5
  59492 114.70  22.92   43    0.2
  59500 115.32  22.97   10   18.6
  59502 115.65  22.95   11   27.2
  59635 108.35  21.62   26   0.01
  59650 110.25  21.38   25    0.2
  59653 110.85  21.93   35    3.1
  59654 110.30  21.63   28    0.1
  59655 110.62  21.65   35    0.5
  59656 110.77  21.43   29    7.4
  59750 110.10  20.92   25    4.5
