diamond  3 2013年04月20日08点24小时降雨量                    
  13  04  20  08    -1 3 10 25 50 1 0
 39 122.7  37.3 122.5  36.7 120.8  36.2 119.3  35.0 120.4  34.3
 121.1  32.7 122.3  30.9 122.5  30.1 121.5  28.0 119.8  25.0
 116.1  22.6 111.0  21.0 111.0  18.6 109.6  18.1 108.3  18.5
 108.9  19.9 109.3  21.0 106.4  21.6 104.1  22.2 101.6  20.8
  98.7  22.0  97.1  24.1  97.7  27.0  91.7  26.6  85.7  27.7
  78.9  30.6  73.3  37.1  74.1  40.7  87.6  49.8  98.5  43.9
 110.4  44.3 122.0  54.7 135.7  48.3 131.5  42.2 125.2  39.4
 121.3  38.5 121.2  40.3 118.5  38.6 120.8  38.1
1        1160
  50445 123.73  50.58  424   0.01
  50674 129.43  48.57  404   0.01
  50750 125.30  47.90  228   0.01
  50775 130.27  47.33  229   0.01
  50778 132.53  47.67   59    0.5
  50779 134.28  48.37   41    2.5
  50787 131.85  47.28   63   0.01
  50867 127.35  46.08  134   0.01
  50871 129.88  46.73   96   0.01
  50879 130.55  46.22  187    2.4
  50880 131.12  46.73  104   0.01
  50884 131.15  46.63  176    0.1
  50892 134.00  46.80   57    0.7
  50956 126.57  45.93  117   0.01
  50958 126.95  45.52  175   0.01
  50960 127.45  45.78  192   0.01
  50971 131.02  45.77  226   0.01
  50979 130.23  45.27  279    0.2
  50985 131.87  45.55  155    1.1
  50987 131.13  45.25  181    0.7
  51058  87.97  47.10  564    0.8
  51137  82.93  46.20  715    2.6
  51145  83.65  46.55  523    6.7
  51329  80.85  44.05  641   0.01
  51352  85.25  44.85  338   0.01
  51356  86.05  44.32  444   0.01
  51357  85.62  44.33  523   0.01
  51359  86.20  44.32  473    0.1
  51368  87.32  44.12  516   0.01
  51369  87.65  43.97  601    2.7
  51377  87.92  44.17  547    1.4
  51378  89.17  44.02  735    1.9
  51434  81.53  43.97  771    0.1
  51435  82.23  43.47  776    0.6
  51436  83.25  43.45  929    6.0
  51438  81.77  43.18 1210    1.5
  51465  87.10  43.48 1874    6.1
  51468  86.83  43.10 3543    3.7
  51482  90.28  43.83 1271    3.3
  51559  86.40  42.32 1110    0.2
  51568  86.80  42.25 1086    0.3
  51571  88.63  42.80    2   0.01
  51572  89.25  42.83  -47   0.01
  52607 106.65  39.43 1253   0.01
  52978 102.52  35.20 2930    0.6
  52980 103.30  35.97 1649   0.01
  52981 103.38  35.67 2429    1.7
  52982 103.55  35.48 1954    1.5
  52985 103.33  35.42 2164    1.7
  52988 103.72  35.37 2000    1.8
  52993 104.07  35.68 1740    0.2
  52995 104.62  35.58 1898    0.9
  52998 104.20  35.13 2111    2.6
  53343 109.97  41.77 1612   0.01
  53357 110.05  42.03 1361   0.01
  53367 111.23  41.32 1604   0.01
  53368 111.47  41.08 1640    0.2
  53378 112.62  41.28 1737   0.01
  53385 113.55  41.57 1387    0.6
  53392 114.60  41.85 1424   0.01
  53455 110.53  40.55 1000    0.4
  53457 110.03  40.40 1012    0.6
  53464 111.17  40.72 1047    0.1
  53466 111.70  40.75 1046    0.3
  53467 111.18  40.27 1017    0.7
  53469 111.82  40.40 1164    0.6
  53472 112.57  40.87 1453   0.01
  53475 112.47  40.52 1272    0.9
  53481 113.22  40.80 1317    0.2
  53483 113.83  40.87 1269   0.01
  53484 113.15  40.45 1192   0.01
  53486 113.77  40.37 1050    0.4
  53488 113.58  40.03 1035    0.3
  53491 114.38  40.67  837   0.01
  53533 108.73  39.85 1390    0.1
  53545 109.73  39.57 1330    1.0
  53547 109.03  39.10 1312    0.1
  53553 111.22  39.87 1222    2.0
  53562 111.67  39.92 1192    2.0
  53565 111.50  39.43 1050    0.8
  53567 111.08  39.03  980    3.2
  53573 112.70  40.00 1337    0.8
  53574 112.27  39.52 1408    3.3
  53575 112.20  39.10 1526    1.6
  53576 112.82  39.50 1046    1.2
  53577 112.30  39.00 1441    3.5
  53579 112.90  39.02  861    2.9
  53580 113.10  39.82 1045    0.9
  53582 113.68  39.72 1094   0.01
  53584 113.17  39.57 1001   0.01
  53585 113.27  39.17  934    3.4
  53590 114.27  39.75  979    0.2
  53596 115.13  38.85   53    5.5
  53599 114.68  39.37  885    1.9
  53617 106.08  38.03 1119   0.01
  53644 108.83  38.60 1309    0.6
  53658 110.48  38.03  895   14.7
  53659 111.00  37.97 1164   17.0
  53660 111.08  39.02  893    3.2
  53665 111.65  38.28 1183   12.1
  53666 111.93  38.35 1213    7.1
  53669 111.80  38.08 1151    7.1
  53674 112.70  38.42  799    9.7
  53676 112.98  38.50  760   10.1
  53677 112.48  37.93  808   24.0
  53678 112.67  38.07  899   15.6
  53679 112.55  37.73  776   14.3
  53680 114.38  38.30  109   10.6
  53681 113.37  38.83 1097    3.8
  53682 114.68  38.63  105    8.4
  53685 113.42  38.07  953   16.2
  53688 114.55  38.45   98   10.1
  53689 115.07  38.02   43   21.3
  53690 114.18  38.85  283    4.5
  53691 114.57  38.15   76   14.6
  53692 114.98  38.73   68    6.1
  53693 114.13  38.03  256   16.9
  53694 114.22  38.27  134   15.5
  53695 114.68  38.35   72   10.4
  53696 115.00  38.52   55   11.2
  53697 114.83  38.03   54   22.4
  53699 114.95  38.18   46    7.7
  53727 107.12  37.17 1713   0.01
  53732 108.72  37.85 1211    8.0
  53748 109.70  37.18 1064   12.3
  53750 110.18  37.77  931   10.8
  53751 110.05  37.60  897    8.9
  53756 110.72  37.52  744   15.2
  53757 110.12  37.12  938    9.8
  53759 110.83  36.98 1106    3.9
  53760 111.23  37.88 1212    4.1
  53763 112.17  37.92 1008   11.8
  53767 111.17  37.33 1212    7.6
  53768 111.75  37.15  770   16.3
  53769 111.78  37.25  749   12.7
  53770 112.35  37.35  769   13.0
  53771 112.05  37.42  751   12.3
  53773 114.62  36.33   66    1.5
  53774 112.33  37.62  774   12.1
  53776 112.77  37.68  831   11.0
  53777 112.15  37.53  760    7.8
  53778 112.22  37.17  780   14.8
  53780 113.15  37.90 1066   19.2
  53781 114.47  36.87   69   12.6
  53782 113.55  37.85  743   19.3
  53783 113.70  37.60  880   22.2
  53784 114.78  37.75   39   18.7
  53785 114.67  37.52   35   16.9
  53786 113.37  37.08 1134   10.3
  53788 113.57  37.33 1267   18.5
  53789 114.63  37.88   57   27.0
  53790 114.62  37.60   50   22.9
  53791 114.52  37.77   67   12.8
  53792 114.48  37.45  113   17.2
  53794 114.75  37.35   34   12.3
  53795 114.37  37.65  137   21.6
  53796 114.88  37.62   31   23.6
  53797 114.52  37.28   74    5.3
  53799 114.98  37.23   25   13.5
  53829 107.90  35.98 1094    9.1
  53832 108.77  36.77 1220    6.2
  53841 109.32  36.88 1069   11.6
  53848 109.35  36.27 1005    6.9
  53850 110.18  36.88  801   10.5
  53852 110.63  36.77  917    7.9
  53856 110.75  36.47  756    6.8
  53857 110.18  36.07  840    8.9
  53860 111.17  36.98 1407   15.7
  53861 111.42  35.88  425    4.1
  53862 111.77  36.83  809   15.2
  53864 111.10  36.40 1030    7.7
  53865 111.55  36.65 1012   13.2
  53866 111.67  36.23  464    6.5
  53869 111.70  36.58  550    9.9
  53871 112.85  36.83  965   10.5
  53872 112.68  36.77  962    8.7
  53873 112.87  36.12  951    8.4
  53874 111.90  36.25  650    7.7
  53875 112.35  36.52 1001    5.4
  53878 113.38  36.52  769    9.9
  53879 112.88  36.32  953   11.9
  53880 113.23  36.33  948   10.8
  53881 106.48  37.28 1382    0.1
  53883 114.70  37.13   36   12.8
  53885 113.20  36.13 1031    7.8
  53886 113.67  36.57  471    8.5
  53888 113.43  36.20 1088    8.5
  53889 113.82  36.07  308    2.3
  53890 114.15  36.68  234    2.0
  53891 114.68  37.02   44   11.9
  53892 114.47  36.62   67    5.5
  53893 114.95  36.77   40    0.9
  53894 114.22  36.42  128    3.7
  53895 114.50  36.78   61    6.8
  53896 114.95  36.35   51    1.4
  53897 114.38  36.38   71    5.4
  53899 114.97  36.48   49    3.0
  53906 105.72  35.52 1659    0.2
  53908 105.23  35.22 1769    1.9
  53914 106.12  35.62 2079    0.1
  53916 106.32  35.50 1949    1.7
  53917 106.07  35.22 1633    0.7
  53924 107.62  35.07  967    7.1
  53925 107.18  35.68 1174    4.8
  53926 107.35  35.35 1630    6.2
  53927 106.62  35.20 1478    2.0
  53928 107.02  35.30 1150    3.9
  53930 107.98  36.45 1270    1.7
  53931 109.37  36.00  983    7.4
  53934 108.02  35.82 1299    8.2
  53935 108.35  35.48 1443   10.0
  53937 107.92  35.52  980    5.6
  53938 108.30  35.17 1277    9.8
  53941 109.58  35.18  807    4.8
  53944 109.25  35.57  857    8.8
  53945 109.07  35.43 1394   10.4
  53946 109.82  35.60 1091    7.2
  53947 109.07  35.08  979    4.8
  53949 109.92  35.18  680    5.7
  53950 110.15  35.23  710    6.5
  53953 110.85  35.97  966    8.9
  53954 110.97  35.62  433    4.5
  53956 110.83  35.40  589    5.0
  53957 110.72  35.62  459    4.8
  53958 110.78  35.13  389    4.7
  53961 111.48  35.65  473   11.1
  53962 111.70  35.73  585    7.7
  53964 111.22  35.62  431    6.2
  53965 111.57  35.52  761   10.8
  53966 111.83  35.98  818    9.0
  53967 111.20  35.33  469    9.2
  53970 112.20  35.70  887   10.1
  53972 112.92  35.12  121   11.7
  53973 112.95  35.77  836    3.0
  53974 114.18  35.62   73    6.2
  53976 112.87  35.50  751    5.9
  53978 112.63  35.08  140    8.2
  53979 113.08  35.15  121   12.1
  53980 114.80  36.55   51    2.8
  53981 113.27  35.78 1311    3.9
  53982 113.27  35.23  113   15.1
  53983 114.42  35.03   70    8.0
  53984 113.47  35.23   83    8.1
  53985 113.82  35.45   97    7.4
  53987 113.42  35.10   91    7.6
  53988 113.67  35.27   78    7.7
  53989 113.95  35.05   77    6.8
  53991 114.35  35.93   75    0.5
  53992 114.52  35.65   59    3.8
  53993 114.92  35.93   52    5.4
  53994 114.07  35.38   71    5.1
  53995 114.50  35.55   64    5.3
  53996 114.65  36.45   58    3.1
  53997 114.18  35.15   72    6.8
  53998 114.65  35.20   62    9.9
  54072 126.52  44.85  203   0.01
  54076 126.93  44.42  254   0.01
  54093 130.55  44.93  266    0.2
  54099 131.13  44.08  151    0.2
  54293 129.83  42.95  141   0.01
  54398 116.62  40.13   29   0.01
  54399 116.28  39.98   46    0.3
  54404 115.83  40.88  868   0.01
  54408 115.22  40.38  531   0.01
  54410 116.13  40.60 1216    0.2
  54412 116.63  40.73  334    1.8
  54421 117.12  40.65  286    2.2
  54425 117.48  40.42  584    2.2
  54499 116.22  40.22   75   0.01
  54501 115.68  39.97  441    1.0
  54502 116.03  39.48   30    1.0
  54503 115.82  39.07   13    1.6
  54505 116.12  39.92   94    0.8
  54506 115.88  39.32   29    2.2
  54507 115.50  39.35   52    1.2
  54512 116.28  39.42   22    4.1
  54513 116.20  39.95   67    0.5
  54514 116.25  39.87   56    0.7
  54515 116.70  39.50   14    0.7
  54517 117.20  39.07    5    2.2
  54519 116.48  39.30   13    2.9
  54520 117.08  39.97   19   0.01
  54521 116.98  39.77   14   0.01
  54526 117.33  39.08   10    2.6
  54529 117.82  39.35   12   0.01
  54530 117.77  39.23    6    0.5
  54535 118.47  39.28    3    0.1
  54594 116.35  39.72   38    0.6
  54596 116.13  39.68   40    1.8
  54597 115.73  39.73  409    0.9
  54601 115.65  38.98   14    2.7
  54603 115.77  38.72   10    7.4
  54604 115.33  38.42   31   12.5
  54605 115.93  38.93    7    2.8
  54607 115.12  38.72   45    6.2
  54608 115.55  38.00   27   16.7
  54609 115.50  38.25   25   17.6
  54610 116.10  38.73    9    7.0
  54611 115.32  38.93   45    3.7
  54612 116.45  38.87    7    6.0
  54613 116.62  38.70    8    7.1
  54614 116.08  38.45   13    5.4
  54615 116.83  38.58    8    9.3
  54616 116.85  38.35    9    7.6
  54617 116.12  38.18   13   12.9
  54619 116.92  38.92    8    7.8
  54620 115.57  38.48   19   11.6
  54621 115.18  38.18   39   12.2
  54622 117.37  38.98    3    2.8
  54626 115.82  38.42   15   10.3
  54627 117.23  38.03    8   12.5
  54628 117.48  38.15    7    3.7
  54631 115.15  37.07   33   13.9
  54632 115.03  37.07   34    4.0
  54633 115.23  37.52   27   20.6
  54636 116.10  39.02   12    2.8
  54640 114.87  36.92   37   10.2
  54644 117.12  38.05   11    9.4
  54645 117.47  38.85    3    3.1
  54700 115.93  38.03   16    5.6
  54701 115.20  37.93   41   20.7
  54702 115.70  37.73   22   24.0
  54703 115.88  37.80   25   23.4
  54704 115.57  37.55   23    6.4
  54706 115.67  37.08   32    2.3
  54707 115.98  37.35   28   13.4
  54708 115.73  37.50   24   18.6
  54709 116.07  37.22   30   13.1
  54710 116.17  37.87   19   18.1
  54711 116.28  37.70   19   23.0
  54712 116.82  37.20   23    4.5
  54713 116.53  37.88   15   16.2
  54714 116.33  37.45   24   22.1
  54716 116.80  37.67   17   23.9
  54717 116.40  37.63   18   23.4
  54718 116.43  37.15   26   24.0
  54719 116.68  38.03   12   14.6
  54722 117.63  37.75    7   21.1
  54723 117.57  37.65   11   18.0
  54724 117.13  37.32   21   20.8
  54726 117.18  37.70   12   26.1
  54728 117.38  37.77   16   19.8
  54729 117.87  37.17   11   16.7
  54730 118.13  37.70   11   20.8
  54731 118.22  37.48   16   22.4
  54732 118.52  37.87   13   10.2
  54734 118.00  37.35   12   23.1
  54736 118.67  37.43    9   20.4
  54737 118.15  37.15   17   19.5
  54738 118.40  37.05   20   14.3
  54749 119.95  37.18   48    4.7
  54752 120.77  37.80   64   10.5
  54755 120.38  37.37  113   13.9
  54759 120.83  37.30  172    0.1
  54765 121.43  37.48   57   12.6
  54766 121.62  37.38   23   15.7
  54777 122.07  37.20  112   11.5
  54778 122.48  37.17   60   10.3
  54800 115.25  36.98   35    2.3
  54801 115.48  36.85   36    2.8
  54802 115.73  36.82   35    4.9
  54803 116.02  36.98   28    6.3
  54804 115.13  36.30   46    6.8
  54805 115.45  36.48   41    5.9
  54806 115.97  36.42   39    7.2
  54807 115.80  36.13   44    5.1
  54809 115.28  36.55   42    5.5
  54810 116.27  36.87   28    2.6
  54811 116.62  36.93   22    9.6
  54812 116.75  36.78   23    9.1
  54814 116.23  36.58   32    4.6
  54815 116.27  36.38   33    2.2
  54816 116.80  36.52   82    6.3
  54817 115.87  35.98   43    1.9
  54818 116.42  36.25   72    4.0
  54819 116.80  36.18  118    7.6
  54820 115.17  36.82   38    4.5
  54821 117.20  37.00   21    9.7
  54822 117.73  36.87   46   17.1
  54824 117.95  36.63   95   12.5
  54825 117.85  36.52  195   10.0
  54827 117.15  36.17  137    7.1
  54828 117.68  36.23  228    6.8
  54829 117.87  36.77   88   14.8
  54830 117.93  36.82   35   16.0
  54831 118.50  36.65  102   13.7
  54832 118.73  36.88   29    4.7
  54833 118.08  36.97   19   16.1
  54834 118.28  36.87   46    8.5
  54835 118.55  36.50  110   13.4
  54837 118.83  36.68   76   13.1
  54841 119.40  36.87    8   13.3
  54844 119.18  36.42   67   12.6
  54846 119.75  36.38   37    8.8
  54848 119.42  35.98   81   11.4
  54849 120.00  36.27   16    5.0
  54851 120.57  36.90   81   12.3
  54852 120.73  36.97   53   11.2
  54853 120.42  36.17   43    7.0
  54855 120.47  36.38   30   10.0
  54861 121.53  36.93   47    7.8
  54871 122.48  36.93    9   12.2
  54900 115.02  35.70   54    8.4
  54901 115.17  36.08   47    7.9
  54902 115.12  35.90   49    5.8
  54903 115.48  35.85   50    8.1
  54904 115.52  35.58   51    8.2
  54905 115.93  35.58   53    8.2
  54906 115.42  35.25   51   11.8
  54907 116.65  34.98   38    7.5
  54908 115.10  35.27   57   11.3
  54910 116.05  35.82   45    8.5
  54911 116.45  35.93   51    6.5
  54912 116.48  35.70   47    7.5
  54913 116.82  35.75   67    9.2
  54914 116.08  35.42   44    9.7
  54915 116.60  35.43   34    9.3
  54917 116.32  35.10   41    9.4
  54918 116.97  35.60   66    8.8
  54919 116.98  35.42  111    7.9
  54920 117.28  35.65  110    7.7
  54921 116.33  35.42   39    9.4
  54922 117.78  35.88  223    6.3
  54923 117.93  35.72  202    8.6
  54925 117.63  35.52  170    8.0
  54927 117.20  35.10   79    6.8
  54932 118.65  35.77  184    6.4
  54935 118.43  35.53  120    7.7
  54938 118.40  35.05   66    7.5
  54939 118.82  35.17  116    8.1
  54940 119.20  35.75  147    8.0
  54943 120.00  35.88   13    6.2
  56071 102.50  34.58 3107    1.3
  56081 103.35  34.70 2811    2.7
  56082 103.50  34.58 2544    1.5
  56084 103.23  34.07 2376    2.5
  56091 104.47  34.85 1884    3.0
  56092 104.65  35.00 1729    2.0
  56094 104.37  33.78 1400    4.8
  56095 104.38  34.03 1754    4.9
  56097 104.23  33.27 1407    5.2
  56147  98.83  31.22 3261   0.01
  56164 100.98  32.27 3286    2.8
  56168 102.07  31.48 2170   0.01
  56171 101.70  32.90 3276   14.5
  56180 103.85  31.68 1591    1.7
  56181 103.70  30.68  543    5.3
  56183 103.58  31.47 1326   10.0
  56184 103.17  31.43 1884   11.6
  56185 102.98  32.08 2400    9.2
  56186 104.20  31.33  589    3.9
  56189 103.93  30.98  584    5.1
  56190 104.55  31.55  518    2.5
  56192 104.67  32.95 1016    0.3
  56193 104.52  32.42  894    1.4
  56194 104.45  31.82  679    3.6
  56195 104.73  31.78  531    4.4
  56197 104.18  31.13  537    3.2
  56198 104.50  31.32  523    1.9
  56199 104.68  31.03  424    0.3
  56272 103.88  30.82  560    6.6
  56276 103.82  30.45  468    5.8
  56278 102.77  30.07  756   31.4
  56279 102.93  30.15  683   20.2
  56280 103.12  30.08  692   16.7
  56281 103.50  30.18  512    1.2
  56284 103.48  30.42  502   13.3
  56285 103.52  30.60  525    9.7
  56286 104.25  30.55  514    4.1
  56288 103.92  30.58  495    3.2
  56289 103.87  30.20  439    3.6
  56290 104.18  30.78  515    2.5
  56291 104.28  30.97  474    2.5
  56295 104.55  30.38  443    3.4
  56296 104.43  30.85  449    2.4
  56297 104.15  30.02  431    2.4
  56298 104.60  30.13  415    0.1
  56371 102.23  29.92 1322    7.6
  56373 102.85  29.78  763    9.6
  56376 102.68  29.35 1098   0.01
  56378 102.35  29.23  891   0.01
  56380 103.37  29.92  466   18.1
  56381 103.52  30.02  497    6.9
  56382 103.60  29.73  408    3.3
  56383 103.87  29.83  454    3.0
  56384 103.48  29.60  446    1.5
  56387 103.27  29.23  639    0.8
  56389 103.95  29.20  386   0.01
  56390 104.07  29.67  403   0.01
  56391 103.82  30.08  416    4.2
  56393 104.85  29.77  370   0.01
  56394 104.43  29.45  382    0.9
  56395 104.67  29.52  349    0.4
  56396 104.77  29.35  352    2.8
  56399 104.98  29.18  307    2.2
  56473 102.77  28.95 1061   0.01
  56483 103.95  28.60  412    0.4
  56489 103.63  28.23  876    1.4
  56490 103.90  28.95  396   0.01
  56494 104.15  28.65  460    0.1
  56596 105.05  27.85 1176   0.01
  56641  98.87  26.90 1191   0.01
  57001 105.33  34.75 1273    1.1
  57002 105.65  34.85 1217    1.3
  57004 104.88  34.73 1496    2.7
  57006 105.75  34.58 1142    0.3
  57007 105.18  34.18 1406    2.9
  57008 105.30  34.03 1578    0.9
  57011 106.15  34.75 1379    0.1
  57012 106.20  34.98 1665    0.2
  57016 107.13  34.35  613    1.6
  57020 107.40  34.37  563    2.7
  57021 107.13  34.65  751    3.1
  57022 107.78  34.68 1026    5.5
  57023 108.10  35.03  841    8.3
  57024 107.65  34.45  671    4.8
  57026 107.88  34.37  586    1.5
  57027 107.73  34.27  518    3.8
  57029 108.48  34.50  544    3.9
  57031 108.55  34.82 1013    4.7
  57032 108.20  34.13  436    2.1
  57033 108.82  34.55  429    3.0
  57035 108.23  34.55  636    3.1
  57036 108.93  34.30  398    3.1
  57038 108.45  34.28  411    1.7
  57039 108.88  34.08  445    4.5
  57040 109.08  34.52  378    1.7
  57041 108.92  34.63  425    2.7
  57042 109.18  34.78  473    1.7
  57043 109.97  34.80  352    1.9
  57044 109.23  34.40  424    4.5
  57045 109.48  34.52  354    3.6
  57047 109.32  34.17  541    8.3
  57053 110.72  34.70  507    5.1
  57054 110.23  34.55  557    5.5
  57055 110.08  34.55  352    4.1
  57056 110.88  34.53  390    3.3
  57057 110.15  34.10  961   11.5
  57060 111.23  35.17  404    7.2
  57061 111.20  34.83  411    7.3
  57063 111.77  34.77  524    9.0
  57065 112.18  34.50  196   19.7
  57066 111.67  34.38  329   14.5
  57070 112.12  34.73  358   13.9
  57072 112.75  34.92  128   19.2
  57074 112.42  34.42  198    8.3
  57075 112.87  34.17  203   10.9
  57076 112.82  34.72  190   15.6
  57079 113.03  34.95  106   10.7
  57080 112.97  34.73  166   11.8
  57081 113.43  34.80  141   11.9
  57082 113.02  34.47  428    8.7
  57085 113.37  34.55  289   10.3
  57086 113.72  34.38  116   12.7
  57087 113.80  34.20   88   16.2
  57088 113.50  34.15  117   14.2
  57090 113.97  34.72   79   10.5
  57093 114.82  34.85   74    8.5
  57094 114.22  34.40   71    4.8
  57095 114.15  34.12   61   18.0
  57096 114.78  34.53   60   13.3
  57098 114.40  34.08   59    7.3
  57099 114.85  34.07   53    6.1
  57102 105.72  33.75  971   0.01
  57105 105.60  33.33 1219    0.5
  57110 106.08  33.78  930    1.1
  57111 106.30  33.92  967    0.3
  57113 106.53  33.90  990    1.5
  57119 106.70  33.17  551   16.1
  57123 108.07  34.28  510    3.4
  57126 107.55  33.22  470   17.5
  57128 107.33  33.17  487   22.2
  57129 107.72  32.98  447   20.0
  57132 108.62  34.12  415    4.5
  57137 108.32  33.32  801   16.1
  57140 109.12  33.67  818   19.1
  57153 110.33  33.68  584   16.8
  57155 109.87  33.55  661   21.0
  57162 112.08  34.15  327   14.7
  57169 111.87  33.05  160   19.0
  57173 112.88  33.75  147   28.0
  57175 112.23  33.05  192   15.6
  57176 112.42  33.48  230   27.9
  57177 113.53  33.33   91   22.2
  57179 113.00  33.28  161   22.2
  57180 113.20  33.98  118   10.7
  57182 113.50  33.85   81   18.0
  57183 113.92  33.80   61   22.0
  57184 113.37  33.63   84   23.4
  57185 113.58  33.45   92   21.0
  57186 114.05  33.60   59   22.8
  57187 112.93  33.07  119   22.3
  57188 114.03  33.37   56   21.0
  57189 113.95  33.13   65   14.9
  57190 114.40  33.75   51   23.5
  57191 114.48  34.48   64   12.2
  57192 114.85  33.73   47   19.3
  57194 114.27  33.28   60   14.8
  57195 114.62  33.62   47   19.8
  57196 114.87  33.47   42   14.0
  57197 114.33  33.00   54   15.0
  57198 114.62  33.55   47   16.7
  57204 105.23  32.58  801   0.01
  57208 105.47  32.02  538   11.4
  57213 106.93  33.00  537   24.6
  57216 106.83  32.35  577    3.7
  57217 106.28  32.23  493    0.1
  57231 108.53  32.53  504   36.5
  57233 108.50  32.90  413   36.8
  57242 109.37  32.85  285   40.4
  57247 108.90  32.32  442   24.8
  57248 109.33  32.40  429   19.1
  57253 110.82  32.85  204   30.4
  57254 110.12  32.82  324   19.7
  57257 110.23  32.23  309    7.8
  57260 111.52  32.55  143   11.5
  57261 111.50  33.13  196   46.9
  57268 111.63  32.27   87    6.7
  57271 112.38  32.55   89    9.4
  57273 112.85  32.68  110    9.1
  57274 112.12  32.70  108   21.7
  57281 113.30  32.70  142    7.2
  57292 114.63  32.97   44   13.7
  57293 114.98  32.73   39    7.8
  57294 114.02  32.83   84   16.7
  57295 114.35  32.62   83    6.0
  57296 114.73  32.35   50   13.4
  57298 114.55  32.22   56   10.4
  57299 114.90  32.02   50   13.6
  57303 105.92  31.73  460   0.01
  57304 105.17  31.67  517    1.5
  57307 105.08  31.10  408    0.1
  57308 105.38  31.22  421    0.2
  57309 105.88  30.98  375    0.5
  57314 106.07  31.35  385    3.0
  57315 106.40  31.53  658    4.5
  57317 106.42  31.03  323    7.8
  57318 106.55  31.07  339   17.9
  57320 107.22  31.93  483   16.0
  57324 107.08  31.58  363   11.1
  57326 107.72  31.37  390    9.6
  57329 107.85  31.10  462   13.9
  57333 108.67  31.95  800   21.7
  57338 108.42  31.18  213   17.3
  57339 108.68  30.95  296    0.1
  57345 109.62  31.40  339    4.8
  57349 109.87  31.07  270    2.0
  57361 111.27  31.88  331    1.7
  57362 110.67  31.75  939    3.7
  57363 111.83  31.80  146    4.5
  57368 111.63  31.05  138    1.3
  57370 112.22  31.73   68    5.2
  57377 112.22  31.00  184    5.9
  57385 113.82  31.63   94   14.1
  57387 113.13  31.00   80    4.1
  57388 113.70  31.27   55    3.9
  57389 113.75  31.03   33    2.6
  57390 114.07  31.80  731   19.9
  57396 114.85  31.63  130    6.3
  57398 114.62  31.28   76    3.5
  57401 105.37  30.87  380    1.1
  57402 105.70  30.77  395    1.6
  57407 105.03  30.28  464   0.01
  57408 105.35  30.12  333   0.01
  57409 105.80  30.18  295    0.8
  57413 106.97  30.85  295    1.2
  57414 106.45  30.55  396   11.7
  57415 106.63  30.47  336    8.5
  57416 106.93  30.33 3915   17.1
  57417 106.28  30.35  315    5.6
  57420 107.20  30.75  397    8.7
  57425 107.33  30.33  430   30.9
  57431 108.35  30.83  256    2.2
  57437 108.03  30.30  326    3.0
  57438 108.12  29.98  630    8.2
  57453 111.32  30.77  116    5.8
  57460 111.78  30.82   91    6.2
  57462 111.08  30.87  104    0.2
  57464 111.18  30.47  144    8.1
  57465 111.45  30.38   76   13.1
  57466 111.77  30.43   50    5.8
  57469 111.77  30.18   68    8.1
  57475 112.90  30.40   33   15.1
  57477 112.22  30.07   39    7.4
  57481 113.58  30.95   31    4.9
  57485 113.45  30.37   33    3.2
  57486 113.85  30.65   25   10.3
  57489 114.00  30.58   39   10.9
  57491 114.40  30.87   31   15.0
  57492 114.80  30.83   33   12.1
  57496 114.87  30.37   30   11.2
  57498 114.90  30.43   22   13.0
  57499 114.97  30.10   40   26.0
  57505 105.58  29.42  324   0.01
  57506 105.90  29.37  376   0.01
  57507 105.30  29.33  374    1.4
  57508 105.37  29.15  302   0.01
  57509 106.93  28.95  325    9.6
  57510 106.05  29.85  275    0.5
  57511 106.45  29.85  242    0.1
  57513 106.62  29.73  457    0.1
  57519 107.08  29.15  559    6.6
  57522 107.42  29.75  273    2.2
  57525 107.75  29.32  273    1.5
  57537 108.17  29.30  321    2.0
  57540 109.15  29.68  776    0.2
  57541 109.48  30.00  533    1.0
  57543 110.03  29.88  540    1.4
  57544 109.45  29.47  486   0.01
  57558 110.47  29.13  184   26.6
  57564 111.13  29.43  103   28.1
  57565 111.75  29.65   39    9.3
  57566 111.65  29.45   50   40.5
  57571 112.40  29.70   37    7.4
  57575 112.57  29.52   32   18.1
  57577 112.17  29.40   37   25.3
  57582 113.88  29.73   51   10.7
  57585 113.45  29.48   60    7.8
  57586 114.03  29.53   79   10.0
  57589 113.80  29.25  103   11.3
  57590 114.37  29.85   64   23.2
  57596 114.20  29.63    0   19.8
  57609 105.70  28.58  316    0.5
  57623 107.60  28.88  684    0.5
  57634 107.88  28.52  658   0.01
  57635 108.98  28.45  363   44.6
  57636 108.50  28.57  335    0.5
  57637 108.12  28.25  524   26.1
  57640 109.45  28.58  344   19.5
  57643 109.83  29.00  268   14.0
  57646 109.95  28.62  301   16.6
  57657 110.20  28.22  182   32.4
  57658 110.20  28.02  144   43.8
  57661 111.48  28.92   51   21.9
  57663 111.95  28.92   31   24.9
  57666 112.13  28.52   49    7.5
  57674 112.47  28.57   44    5.2
  57678 112.55  28.25   71   11.3
  57680 113.07  28.80   47   11.9
  57688 113.63  28.15  100   25.3
  57694 114.38  28.53  256   17.2
  57698 114.45  28.12   99   21.7
  57699 114.92  28.23   68   35.0
  57713 106.88  27.70  844    3.0
  57714 106.23  27.47  942    0.1
  57717 106.83  27.53  974    2.0
  57719 106.97  27.07 1280    4.6
  57720 107.17  27.88  888    3.4
  57723 107.72  27.98  710   32.4
  57728 107.47  27.07 1095    8.9
  57732 108.40  28.02  458   28.6
  57734 108.23  27.57  468    3.3
  57735 108.82  27.18  396    5.3
  57736 108.85  27.70  376   12.2
  57737 108.12  27.03  546   11.5
  57738 108.42  27.05  517    5.1
  57739 108.88  27.23  375    7.1
  57740 109.60  27.95  349   64.7
  57742 109.20  27.52  883    6.0
  57743 109.80  27.88  176   56.6
  57744 109.17  27.37  356    5.5
  57754 110.15  27.35  170    3.9
  57760 111.43  27.70  247   14.8
  57762 111.70  27.68  163   12.7
  57763 112.00  27.73  151   15.9
  57767 111.03  27.12  266    0.6
  57768 111.45  27.32  242   12.2
  57769 111.73  27.23  257    6.3
  57771 112.52  27.93   89   18.9
  57772 112.50  27.75   84   10.2
  57773 112.82  27.87   63   12.4
  57777 112.87  27.23   65    4.5
  57778 112.95  27.10   68    5.8
  57781 113.50  27.65   71   10.1
  57786 113.85  27.65  110    2.4
  57792 114.68  27.82   93   21.5
  57796 114.93  27.80   79   10.7
  57798 114.60  27.40   89    5.3
  57813 106.47  26.57 1265    1.3
  57821 107.50  26.70  924    0.2
  57822 107.90  26.90  833    1.2
  57824 107.23  26.58 1005    6.4
  57828 107.58  26.50  983   10.7
  57829 107.80  26.20  964   0.01
  57834 108.30  26.68  642   0.01
  57835 108.43  26.72  521   0.01
  57837 108.07  26.40  838    0.4
  57842 109.72  26.88  281   0.01
  57844 109.18  26.68  344   0.01
  57846 110.15  26.58  307    0.4
  57851 110.85  26.45  307    0.1
  57859 110.63  26.03  409   0.01
  57860 111.28  27.00  282    0.2
  57865 111.58  26.47  166    0.7
  57867 111.28  26.40  169   0.01
  57868 111.87  26.60  113   0.01
  57870 112.10  26.80  151    0.8
  57871 112.37  26.98   91    2.3
  57875 112.50  26.88   71   0.01
  57876 112.83  26.43  118    0.3
  57881 113.25  26.72  105    0.1
  57882 113.55  26.78  135   0.01
  57883 114.28  26.75  257    0.7
  57886 113.78  26.50  226   0.01
  57887 113.12  26.13  124    1.2
  57891 114.25  26.93  144   0.01
  57895 114.78  26.47   96    0.2
  57899 114.92  26.80   66    0.1
  57911 106.65  26.67 1325    0.4
  57913 106.98  26.45 1095   0.01
  57914 106.67  26.42 1143   0.01
  57915 106.77  26.63 1102    4.7
  57923 107.87  25.98  418    2.2
  57941 109.60  25.78  198    2.2
  57942 110.00  25.80  267    6.2
  57949 110.00  24.98  157    7.7
  57954 110.18  25.23  158    0.5
  57955 110.67  25.62  224   11.7
  57956 110.32  25.42  169    0.8
  57958 110.32  25.08  152    2.7
  57962 111.65  25.97  166    2.7
  57964 111.15  25.50  258    2.6
  57966 111.95  25.60  205    3.6
  57969 111.33  25.27  230    3.8
  57973 112.72  25.75  328   0.01
  57975 112.20  25.38  278    0.1
  57976 112.95  25.42  226    0.4
  57978 112.55  25.28  291    0.7
  57981 113.22  25.98  141    1.0
  57989 113.73  25.10   96    0.1
  57990 114.30  25.70  252    0.6
  57991 114.55  25.80  148    0.9
  57992 114.75  25.67  129   0.01
  57994 114.35  25.40  208    0.1
  57995 114.93  25.40  166   10.6
  58001 115.10  34.43   57   15.3
  58002 115.58  34.85   53   11.7
  58003 115.88  34.95   48   12.6
  58004 115.15  34.65   61    7.1
  58006 115.88  34.38   47   13.9
  58007 115.30  34.07   53   14.2
  58008 115.33  34.47   55   15.4
  58011 116.07  34.80   44    9.1
  58012 116.58  34.68   40   11.1
  58013 116.90  34.75   40   11.4
  58016 116.97  34.18   39    7.7
  58017 116.13  34.25   42   14.9
  58020 117.13  34.80   38   10.1
  58021 117.28  34.78   80    8.0
  58022 117.57  34.75   48    8.6
  58024 117.58  34.87   78    8.7
  58025 117.73  34.57   32    9.5
  58030 118.07  34.85   47   12.2
  58032 118.65  34.93   75    8.0
  58035 118.35  34.33   30    7.8
  58036 118.73  34.52   39    6.1
  58041 119.43  34.78   22    4.2
  58044 119.23  34.53    5    3.6
  58045 119.60  34.20    8    3.5
  58048 119.35  34.12    9    2.9
  58049 119.82  34.03    7    2.3
  58100 115.17  33.65   42   17.0
  58101 115.48  33.87   42   21.3
  58104 115.07  33.40   42   11.0
  58107 115.25  33.07   40    6.1
  58108 115.33  33.23   46    9.3
  58109 115.62  33.18   37    8.3
  58113 116.75  33.93   35    9.9
  58114 116.18  33.48   29    9.0
  58116 116.83  33.98   32    8.8
  58117 116.20  33.13   33    3.0
  58125 117.55  33.55   28    4.3
  58126 117.87  33.47   24    2.1
  58127 117.20  32.98   23    3.3
  58128 117.30  33.32   23    1.2
  58129 117.87  33.13   20    2.6
  58131 118.27  33.98   28    2.4
  58132 118.68  33.72   19    2.8
  58139 118.88  33.30   13    4.7
  58140 119.30  33.77   13    2.1
  58145 119.17  33.53    8    1.5
  58146 119.77  33.47    7    4.5
  58147 118.97  32.98   28    3.8
  58148 119.30  33.23   11    4.1
  58154 120.20  33.43    7    5.1
  58202 115.58  32.63   37    6.9
  58205 115.43  32.47   36    3.9
  58207 115.05  32.17   42   18.2
  58210 116.23  32.65   25    3.1
  58212 116.73  32.72   27    0.9
  58214 116.28  32.33   37    2.6
  58220 117.15  32.47   32    1.9
  58222 117.55  32.85   31    1.0
  58223 117.98  32.78   38    0.7
  58224 117.02  32.65   36    1.7
  58230 118.27  32.08   34   11.6
  58234 118.42  32.47   43    9.4
  58235 118.85  32.37   16    9.8
  58237 118.62  32.05   22    6.5
  58240 119.02  32.68   25   11.8
  58242 119.18  32.28   14   18.6
  58243 119.83  32.93    7    4.9
  58244 119.58  32.45   10   11.1
  58245 119.42  32.42   14   11.5
  58246 119.90  32.52   11   11.1
  58247 119.82  32.25    5   11.9
  58249 120.00  32.17    8   10.6
  58250 120.15  32.52   10   17.2
  58254 120.45  32.52    5   15.9
  58257 120.25  31.98   12    8.5
  58264 121.18  32.33   11   25.4
  58268 121.08  32.10    8   18.5
  58269 121.65  31.78   12   16.3
  58301 115.38  31.82   90    4.4
  58306 115.88  31.68   94    2.2
  58316 116.95  31.47   26    9.6
  58317 116.37  30.87  434   12.2
  58320 117.13  31.73   26    5.5
  58323 117.47  31.88   29    4.9
  58327 117.28  31.25   24    7.7
  58329 117.87  31.33   24    8.0
  58330 118.08  31.75   20    5.7
  58331 118.37  31.73   26    6.8
  58334 118.37  31.38   23    6.6
  58335 118.52  31.57   16   10.5
  58337 118.18  31.08   30    7.6
  58339 118.90  31.33   24    6.7
  58340 119.03  31.65   23    6.1
  58341 119.58  31.98   10    7.7
  58342 119.55  31.72    7    7.2
  58344 119.20  31.97   35    6.7
  58346 119.82  31.33   15    9.8
  58349 120.63  31.27    9   11.4
  58351 120.30  31.90   12    8.7
  58352 120.77  31.65    8   10.1
  58353 120.57  31.87    6   14.0
  58359 120.62  31.13    9   16.7
  58360 121.20  31.92    6   15.9
  58361 121.37  31.10   10   16.9
  58365 121.25  31.37    9   16.8
  58366 121.40  31.63    9   13.9
  58367 121.43  31.20   18   15.8
  58369 121.78  31.05    9   27.4
  58370 121.55  31.22   11   17.8
  58377 121.10  31.47    6   18.2
  58401 115.40  30.78  106   10.3
  58404 115.22  30.47   57   19.1
  58408 115.43  30.23   35    9.9
  58409 115.93  30.07   20   29.4
  58415 116.58  30.63   38    4.9
  58416 116.82  30.75   38    3.6
  58417 116.13  30.17   50   20.9
  58418 116.70  30.13   26   19.6
  58420 117.22  30.72   38    6.4
  58421 117.87  30.63   32   21.5
  58423 117.78  30.48  643   12.8
  58426 118.13  30.30  192    9.1
  58427 117.48  30.67   36   17.8
  58428 117.48  30.22  115   21.0
  58431 118.32  30.92   17   14.8
  58432 118.40  30.68   39   15.5
  58433 118.75  30.93   30   10.7
  58435 118.53  30.30  221   10.6
  58438 118.58  30.08  197   19.7
  58441 119.42  30.87   53   17.4
  58442 119.18  31.13   16   11.5
  58443 119.90  31.02   19   15.6
  58446 119.68  30.63   25    6.0
  58449 119.95  30.05   47    7.9
  58451 120.93  30.83    3   13.6
  58452 120.77  30.73    4    9.1
  58453 120.50  30.07   10    9.0
  58454 119.97  30.53    5    8.9
  58455 120.65  30.52    8   11.6
  58456 120.52  30.63    6    6.8
  58458 120.90  30.53    3    8.2
  58459 120.28  30.18   42   10.2
  58460 121.35  30.73    6   10.3
  58461 121.12  31.13    8   15.3
  58462 121.23  31.03    9   16.5
  58463 121.50  30.88    9   18.2
  58468 121.17  30.05   10    8.6
  58484 122.20  30.25    9    4.1
  58501 115.63  29.93   25   20.6
  58502 116.00  29.73   37    9.9
  58503 115.68  29.70   41    8.7
  58508 115.77  29.33   42    3.4
  58509 115.82  29.05   38    9.5
  58510 116.23  29.73   40    6.3
  58512 116.55  29.90   66   16.0
  58514 116.05  29.45   35    3.7
  58517 116.20  29.27   43    7.5
  58523 117.93  29.93  231   24.8
  58529 117.85  29.27   82    3.6
  58530 118.43  29.87  170   18.5
  58534 118.18  29.78  173   26.2
  58537 118.40  29.13  153   20.3
  58542 119.68  29.82   45   15.5
  58544 119.27  29.48   87   13.5
  58546 119.88  29.47  114    8.2
  58547 119.18  29.03   65    5.2
  58548 119.47  29.22   46    7.3
  58550 120.25  29.70   39   32.1
  58555 120.88  29.52  112   12.3
  58558 120.22  29.27   89    3.9
  58559 120.98  29.17   59    6.4
  58561 121.60  29.98    3   10.7
  58563 121.83  29.88    4   13.7
  58565 121.43  29.68    6   18.4
  58566 121.88  29.47   14    6.7
  58567 121.43  29.32   39    5.8
  58568 121.38  29.12   35    7.6
  58570 122.30  29.95   83   10.0
  58601 115.38  28.70   54   19.0
  58602 115.55  28.85   46    9.4
  58605 115.38  28.42   49   37.5
  58607 115.95  28.55   35   17.3
  58609 115.82  28.22   30   59.4
  58612 116.68  28.70   22   25.8
  58614 116.27  28.38   40   58.8
  58615 117.08  28.68   56   14.4
  58616 116.82  28.20   44   40.0
  58618 116.60  28.23   51   41.0
  58619 116.37  28.00   47   20.4
  58620 117.13  28.97   37    9.6
  58623 117.92  28.47   92   38.4
  58624 117.43  28.40   64   44.5
  58625 117.60  28.42   80   41.6
  58627 117.03  28.25   64   35.5
  58629 117.70  28.32   59   25.6
  58631 118.50  28.90  134   18.3
  58632 118.60  28.72  124   16.9
  58635 118.20  28.43   96   41.7
  58642 119.80  28.88  102    6.8
  58643 120.03  28.90   99    5.9
  58644 119.28  28.60  237   13.7
  58647 119.13  28.07  196    3.4
  58654 120.08  28.67  184    5.1
  58656 120.97  28.12    7   0.01
  58657 120.28  28.15   59   0.01
  58659 120.65  28.03   29    0.1
  58660 121.13  28.85    8    1.7
  58664 121.37  28.37   33   0.01
  58693 115.83  28.70   37   11.2
  58701 115.40  27.77   47   16.9
  58704 115.35  27.62   61   20.5
  58706 115.83  27.43  180    3.7
  58707 115.13  27.22   66    1.0
  58710 116.05  27.77   76   15.9
  58712 116.78  27.92  123   11.6
  58713 117.07  27.72  220    6.2
  58714 116.23  27.55  115    7.8
  58719 116.93  27.30  123    1.3
  58724 117.30  27.52  264    4.4
  58735 118.80  27.52  201    0.4
  58736 118.82  27.37  220    0.2
  58745 119.07  27.62  368    0.6
  58746 119.70  27.55  514    0.4
  58747 119.35  27.15  900    0.3
  58748 119.65  27.10   51    0.2
  58750 120.08  27.78  106    0.9
  58751 120.55  27.68    5   0.01
  58804 115.35  26.35  153   0.01
  58814 116.35  26.35  237   21.0
  58819 116.80  26.17  329    7.5
  58821 117.47  26.73  174    4.9
  58822 116.85  26.83  341    8.1
  58823 117.80  26.80  173    1.3
  58824 117.15  26.40  355    0.4
  58826 117.80  26.40  120    1.8
  58828 117.62  26.27  206    4.5
  58839 118.85  26.23   42    1.5
  58844 119.15  26.15   49    2.3
  58845 119.53  26.50   57    0.2
  58848 119.55  26.20   12    0.5
  58903 116.03  25.90  208    0.6
  58905 115.42  25.97  136    1.5
  58906 115.80  25.60  167    0.1
  58907 115.40  25.15  300   0.01
  58912 116.75  25.72  379    1.7
  58917 116.10  25.08  307   15.3
  58923 117.83  25.70  397    1.6
  58928 117.53  25.02  160    5.4
  58929 118.15  25.07   66    2.2
  58932 118.93  25.87   85    3.3
  58934 118.27  25.33  170    8.9
  58935 118.23  25.48  516    4.1
  58938 118.98  25.23   22    1.7
  58941 119.50  25.97   11    0.9
  58942 119.38  25.72   39    3.7
  58946 119.00  25.45   84    1.3
  59033 108.90  24.78  330   0.01
  59034 108.67  24.48  149   0.01
  59051 110.50  24.77  133    2.0
  59061 111.27  24.82  198    3.0
  59064 111.32  24.55  141    0.1
  59071 112.28  24.73  175   0.01
  59074 112.15  24.57  300   0.01
  59075 112.63  24.48   70    3.6
  59090 114.07  24.95  103    0.6
  59091 114.53  24.75  257   29.0
  59093 115.03  24.78  254   12.6
  59094 114.12  24.37  135   20.3
  59099 114.93  24.45  175   15.9
  59106 115.90  24.58  152   30.6
  59109 115.73  24.15  126    6.8
  59114 116.17  24.65  131   21.8
  59122 117.75  24.62   42    6.6
  59124 117.37  24.52   31   13.7
  59125 117.30  24.38  105   17.4
  59127 117.83  24.43   14    4.6
  59129 117.60  24.13   53   13.6
  59130 118.15  24.73   28    1.0
  59131 118.37  24.97   44    0.6
  59137 118.57  24.82   55    0.2
  59264 111.50  23.40   79    0.5
  59268 111.53  23.25   31    5.2
  59269 111.77  23.15   27    6.5
  59270 112.18  23.92   78   44.1
  59276 112.65  23.35   40    4.3
  59279 112.87  23.18   18    4.1
  59284 113.22  23.38    6    3.7
  59285 113.60  23.57   39    0.1
  59288 113.13  23.05    3    5.3
  59290 114.23  23.73   71   16.1
  59297 114.28  23.18   16   32.4
  59310 116.18  23.77   39   23.7
  59312 116.63  23.67   11    9.6
  59313 116.98  23.68   42    9.1
  59314 116.13  23.30   27   18.5
  59315 116.38  23.58   25   17.6
  59318 116.58  23.27   10   18.2
  59319 116.77  23.47    9    5.4
  59320 117.13  23.77   27    7.0
  59322 117.37  23.98   20   21.9
  59449 109.98  22.30   80   0.01
  59451 110.35  22.70   99    1.1
  59452 110.53  22.85  100    0.1
  59457 110.27  22.32  120   13.3
  59469 111.78  22.17   33   23.5
  59470 112.22  22.72   33    9.3
  59473 112.97  22.77   20   0.01
  59475 112.65  22.40   24   10.4
  59476 113.03  22.53   35   13.4
  59477 112.30  22.18   25    8.3
  59480 113.25  22.85   21    0.6
  59481 113.32  22.93   16    0.4
  59487 113.30  22.23   12   11.8
  59492 114.70  22.92   43    5.0
  59500 115.32  22.97   10   41.9
  59502 115.65  22.95   11   19.5
  59650 110.25  21.38   25    6.4
  59654 110.30  21.63   28    0.1
  59656 110.77  21.43   29   10.4
  59659 110.92  21.75   32    6.3
  59750 110.10  20.92   25    5.6
  59757 110.37  20.00   10   17.7
  59842 109.68  19.90   31    0.3
  59843 110.00  19.73   36   17.2
  59945 109.70  18.65   65    0.6
