diamond  3 2013年04月19日08点24小时降雨量                    
  13  04  19  08    -1 3 10 25 50 1 0
 39 122.7  37.3 122.5  36.7 120.8  36.2 119.3  35.0 120.4  34.3
 121.1  32.7 122.3  30.9 122.5  30.1 121.5  28.0 119.8  25.0
 116.1  22.6 111.0  21.0 111.0  18.6 109.6  18.1 108.3  18.5
 108.9  19.9 109.3  21.0 106.4  21.6 104.1  22.2 101.6  20.8
  98.7  22.0  97.1  24.1  97.7  27.0  91.7  26.6  85.7  27.7
  78.9  30.6  73.3  37.1  74.1  40.7  87.6  49.8  98.5  43.9
 110.4  44.3 122.0  54.7 135.7  48.3 131.5  42.2 125.2  39.4
 121.3  38.5 121.2  40.3 118.5  38.6 120.8  38.1
1         724
  50445 123.73  50.58  424   0.01
  50566 128.47  49.55  117    0.1
  50647 123.48  48.13  237    0.1
  50655 126.18  48.50  267    0.7
  50659 126.25  48.03  293    0.1
  50673 130.40  48.88   92    0.1
  50674 129.43  48.57  404    0.4
  50749 124.83  47.18  159   0.01
  50750 125.30  47.90  228   0.01
  50755 126.10  47.60  232   0.01
  50772 129.23  48.10  299   0.01
  50775 130.27  47.33  229    0.5
  50776 130.83  47.57   84    0.8
  50778 132.53  47.67   59    2.6
  50779 134.28  48.37   41   0.01
  50787 131.85  47.28   63    0.3
  50858 125.93  46.07  136   0.01
  50859 126.27  46.25  160   0.01
  50861 127.48  46.88  186    0.7
  50867 127.35  46.08  134   0.01
  50871 129.88  46.73   96    3.8
  50879 130.55  46.22  187    1.2
  50880 131.12  46.73  104   0.01
  50884 131.15  46.63  176    1.2
  50892 134.00  46.80   57    3.4
  50946 124.83  45.18  140   0.01
  50956 126.57  45.93  117   0.01
  50958 126.95  45.52  175   0.01
  50960 127.45  45.78  192    0.8
  50962 128.03  45.95  113    1.3
  50964 128.80  45.83  123   0.01
  50965 128.30  45.45  157    0.2
  50971 131.02  45.77  226    0.8
  50979 130.23  45.27  279    0.1
  50985 131.87  45.55  155   0.01
  50987 131.13  45.25  181   0.01
  51058  87.97  47.10  564    2.1
  51137  82.93  46.20  715    3.3
  51145  83.65  46.55  523    5.3
  51328  80.42  44.20  774    1.0
  51329  80.85  44.05  641    3.8
  51352  85.25  44.85  338    4.3
  51353  86.10  45.02  347    1.8
  51356  86.05  44.32  444    5.5
  51357  85.62  44.33  523    5.2
  51359  86.20  44.32  473    4.6
  51368  87.32  44.12  516    1.7
  51369  87.65  43.97  601   16.5
  51377  87.92  44.17  547   25.1
  51378  89.17  44.02  735    8.4
  51430  81.15  43.83  605    4.2
  51434  81.53  43.97  771   16.5
  51435  82.23  43.47  776   0.01
  51436  83.25  43.45  929    7.9
  51438  81.77  43.18 1210    6.2
  51465  87.10  43.48 1874   18.3
  51468  86.83  43.10 3543    3.4
  51482  90.28  43.83 1271    6.0
  51559  86.40  42.32 1110    5.3
  51568  86.80  42.25 1086   10.0
  51571  88.63  42.80    2    3.4
  51572  89.25  42.83  -47    3.0
  51627  79.23  41.22 1397   0.01
  51629  80.23  41.27 1134   0.01
  51636  82.62  41.53 1014    3.8
  52874 102.40  36.48 1981   0.01
  52875 102.10  36.50 2129   0.01
  52877 102.25  36.10 2835    3.1
  52881 103.18  36.98 2485   0.01
  52885 103.25  36.75 2119    2.7
  52896 104.15  36.55 1739   0.01
  52957 100.60  35.25 3149   0.01
  52963 102.02  35.93 2086    1.1
  52968 101.47  35.03 3663    1.2
  52972 102.47  35.85 1870    5.7
  52978 102.52  35.20 2930    5.5
  52981 103.38  35.67 2429    5.3
  52982 103.55  35.48 1954    4.9
  52985 103.33  35.42 2164   10.4
  52988 103.72  35.37 2000    7.7
  52993 104.07  35.68 1740   10.5
  52995 104.62  35.58 1898    6.1
  52998 104.20  35.13 2111    6.6
  53343 109.97  41.77 1612    1.0
  53368 111.47  41.08 1640   0.01
  53392 114.60  41.85 1424   0.01
  53419 107.00  40.33 1060   0.01
  53433 108.65  40.73 1022    0.4
  53455 110.53  40.55 1000    2.8
  53457 110.03  40.40 1012    0.5
  53464 111.17  40.72 1047    0.2
  53466 111.70  40.75 1046    0.5
  53467 111.18  40.27 1017    2.0
  53469 111.82  40.40 1164    6.6
  53472 112.57  40.87 1453    0.3
  53475 112.47  40.52 1272    4.9
  53481 113.22  40.80 1317    0.5
  53484 113.15  40.45 1192    4.0
  53486 113.77  40.37 1050    3.7
  53488 113.58  40.03 1035    3.6
  53492 114.15  40.10  939    5.4
  53505 105.40  37.88 1382    3.6
  53517 106.33  39.27 1466   0.01
  53533 108.73  39.85 1390    1.8
  53545 109.73  39.57 1330   0.01
  53547 109.03  39.10 1312    6.8
  53553 111.22  39.87 1222    2.6
  53562 111.67  39.92 1192    3.1
  53565 111.50  39.43 1050    2.5
  53567 111.08  39.03  980   11.7
  53573 112.70  40.00 1337    1.0
  53574 112.27  39.52 1408    4.0
  53575 112.20  39.10 1526    6.0
  53576 112.82  39.50 1046    4.8
  53577 112.30  39.00 1441    7.1
  53579 112.90  39.02  861    5.2
  53580 113.10  39.82 1045    1.6
  53582 113.68  39.72 1094    0.2
  53584 113.17  39.57 1001    1.5
  53585 113.27  39.17  934    2.4
  53590 114.27  39.75  979   0.01
  53596 115.13  38.85   53    0.1
  53599 114.68  39.37  885    1.8
  53610 106.35  38.57 1106    1.8
  53611 106.55  38.88 1099    0.7
  53617 106.08  38.03 1119    8.9
  53618 106.25  38.28 1115    5.5
  53619 106.30  38.12 1117    8.1
  53644 108.83  38.60 1309    4.0
  53658 110.48  38.03  895   18.8
  53659 111.00  37.97 1164   27.5
  53660 111.08  39.02  893    9.8
  53662 111.58  38.72 1393   12.5
  53665 111.65  38.28 1183   14.2
  53666 111.93  38.35 1213    9.5
  53669 111.80  38.08 1151   14.2
  53674 112.70  38.42  799    5.8
  53676 112.98  38.50  760    7.2
  53677 112.48  37.93  808   10.6
  53678 112.67  38.07  899   10.4
  53679 112.55  37.73  776    9.9
  53680 114.38  38.30  109    1.6
  53681 113.37  38.83 1097    7.6
  53682 114.68  38.63  105    1.3
  53685 113.42  38.07  953    6.6
  53688 114.55  38.45   98    1.7
  53690 114.18  38.85  283    2.5
  53691 114.57  38.15   76    0.7
  53692 114.98  38.73   68    0.6
  53693 114.13  38.03  256    4.0
  53694 114.22  38.27  134    1.0
  53695 114.68  38.35   72    0.4
  53696 115.00  38.52   55   0.01
  53697 114.83  38.03   54   0.01
  53699 114.95  38.18   46    0.1
  53727 107.12  37.17 1713    2.6
  53730 107.48  38.18 1335    0.5
  53732 108.72  37.85 1211    8.2
  53748 109.70  37.18 1064    2.0
  53750 110.18  37.77  931    3.9
  53751 110.05  37.60  897    0.6
  53753 110.88  37.43  861    0.9
  53756 110.72  37.52  744    0.9
  53757 110.12  37.12  938    4.0
  53759 110.83  36.98 1106    2.6
  53760 111.23  37.88 1212   29.3
  53763 112.17  37.92 1008   10.9
  53767 111.17  37.33 1212    5.9
  53768 111.75  37.15  770   0.01
  53769 111.78  37.25  749    0.2
  53770 112.35  37.35  769    2.9
  53771 112.05  37.42  751    8.7
  53773 114.62  36.33   66   0.01
  53774 112.33  37.62  774    7.9
  53776 112.77  37.68  831    7.5
  53777 112.15  37.53  760    2.8
  53778 112.22  37.17  780    2.8
  53780 113.15  37.90 1066   14.3
  53782 113.55  37.85  743    6.1
  53783 113.70  37.60  880    5.6
  53785 114.67  37.52   35    0.1
  53786 113.37  37.08 1134    1.1
  53788 113.57  37.33 1267    1.5
  53789 114.63  37.88   57    1.0
  53790 114.62  37.60   50   0.01
  53791 114.52  37.77   67    0.5
  53792 114.48  37.45  113    0.2
  53794 114.75  37.35   34    0.2
  53795 114.37  37.65  137    0.7
  53796 114.88  37.62   31   0.01
  53797 114.52  37.28   74    0.6
  53799 114.98  37.23   25    0.3
  53829 107.90  35.98 1094    8.2
  53832 108.77  36.77 1220    3.0
  53841 109.32  36.88 1069    1.8
  53848 109.35  36.27 1005    5.3
  53850 110.18  36.88  801    2.1
  53852 110.63  36.77  917    6.8
  53856 110.75  36.47  756    1.5
  53857 110.18  36.07  840    1.1
  53860 111.17  36.98 1407    0.8
  53861 111.42  35.88  425    0.2
  53862 111.77  36.83  809    3.3
  53864 111.10  36.40 1030    0.7
  53865 111.55  36.65 1012    4.8
  53869 111.70  36.58  550    2.6
  53871 112.85  36.83  965    1.1
  53872 112.68  36.77  962    0.8
  53873 112.87  36.12  951    0.1
  53875 112.35  36.52 1001    2.2
  53878 113.38  36.52  769    0.3
  53879 112.88  36.32  953    0.1
  53880 113.23  36.33  948   0.01
  53881 106.48  37.28 1382   0.01
  53883 114.70  37.13   36    1.0
  53885 113.20  36.13 1031    0.2
  53886 113.67  36.57  471   0.01
  53888 113.43  36.20 1088    0.5
  53889 113.82  36.07  308   0.01
  53891 114.68  37.02   44    0.1
  53892 114.47  36.62   67   0.01
  53896 114.95  36.35   51   0.01
  53897 114.38  36.38   71   0.01
  53899 114.97  36.48   49   0.01
  53906 105.72  35.52 1659   13.8
  53908 105.23  35.22 1769    8.4
  53914 106.12  35.62 2079   17.0
  53916 106.32  35.50 1949   21.9
  53917 106.07  35.22 1633   18.9
  53924 107.62  35.07  967    2.9
  53925 107.18  35.68 1174   11.7
  53926 107.35  35.35 1630    4.8
  53927 106.62  35.20 1478   11.3
  53928 107.02  35.30 1150    4.1
  53930 107.98  36.45 1270    3.8
  53931 109.37  36.00  983    6.8
  53934 108.02  35.82 1299    8.5
  53935 108.35  35.48 1443    2.7
  53937 107.92  35.52  980    3.9
  53938 108.30  35.17 1277    1.9
  53941 109.58  35.18  807    3.1
  53944 109.25  35.57  857    3.1
  53945 109.07  35.43 1394    3.0
  53946 109.82  35.60 1091    1.4
  53947 109.07  35.08  979    0.7
  53949 109.92  35.18  680    4.3
  53950 110.15  35.23  710    4.7
  53953 110.85  35.97  966   0.01
  53954 110.97  35.62  433    0.9
  53956 110.83  35.40  589    4.2
  53957 110.72  35.62  459    5.2
  53958 110.78  35.13  389    0.4
  53961 111.48  35.65  473    8.9
  53962 111.70  35.73  585    0.7
  53964 111.22  35.62  431    4.9
  53965 111.57  35.52  761    0.4
  53966 111.83  35.98  818    2.8
  53967 111.20  35.33  469    0.1
  53973 112.95  35.77  836    0.3
  53980 114.80  36.55   51   0.01
  53981 113.27  35.78 1311    0.1
  53983 114.42  35.03   70    0.2
  53988 113.67  35.27   78   0.01
  53993 114.92  35.93   52   0.01
  53994 114.07  35.38   71   0.01
  53996 114.65  36.45   58   0.01
  53997 114.18  35.15   72   0.01
  54065 125.65  44.53  173   0.01
  54069 125.80  44.17  175    0.1
  54072 126.52  44.85  203    0.2
  54076 126.93  44.42  254    0.9
  54080 127.15  44.90  196    1.0
  54092 129.40  44.60  294   0.01
  54098 129.47  44.33  272    0.1
  54132 121.07  42.40  400    0.2
  54169 126.02  43.30  270    0.3
  54172 126.60  43.78  199    1.4
  54274 126.07  42.68  300   0.01
  54290 129.40  42.77  245   0.01
  54293 129.83  42.95  141    1.1
  54371 126.43  41.93  521    0.4
  54404 115.83  40.88  868   0.01
  54408 115.22  40.38  531   0.01
  54412 116.63  40.73  334   0.01
  54421 117.12  40.65  286   0.01
  54425 117.48  40.42  584    0.1
  54501 115.68  39.97  441    0.3
  54502 116.03  39.48   30    0.4
  54512 116.28  39.42   22    0.4
  54514 116.25  39.87   56   0.01
  54519 116.48  39.30   13   0.01
  54596 116.13  39.68   40   0.01
  54597 115.73  39.73  409    1.2
  54604 115.33  38.42   31   0.01
  54607 115.12  38.72   45    0.5
  54619 116.92  38.92    8   0.01
  54632 115.03  37.07   34   0.01
  54710 116.17  37.87   19   0.01
  54713 116.53  37.88   15   0.01
  54716 116.80  37.67   17   0.01
  56016  95.62  33.85 4181    0.5
  56071 102.50  34.58 3107    4.8
  56081 103.35  34.70 2811   11.3
  56082 103.50  34.58 2544   12.9
  56084 103.23  34.07 2376   12.2
  56091 104.47  34.85 1884    7.0
  56092 104.65  35.00 1729    4.0
  56095 104.38  34.03 1754    0.9
  56199 104.68  31.03  424    0.4
  56280 103.12  30.08  692   0.01
  56376 102.68  29.35 1098   0.01
  56378 102.35  29.23  891    0.6
  56443  99.80  28.93 2842    0.1
  56641  98.87  26.90 1191    0.6
  56645  99.42  26.42 2345   0.01
  56840  98.30  24.82 1013   0.01
  56841  98.68  24.60 1527    0.8
  56842  99.18  24.73 1473   0.01
  56844  98.58  24.43  915    2.9
  56849  99.23  24.03 1607    0.1
  56944  99.27  23.15 1280   0.01
  57001 105.33  34.75 1273   10.2
  57002 105.65  34.85 1217    9.7
  57004 104.88  34.73 1496    8.3
  57006 105.75  34.58 1142    5.6
  57007 105.18  34.18 1406    4.4
  57008 105.30  34.03 1578    1.1
  57011 106.15  34.75 1379    6.3
  57012 106.20  34.98 1665   11.8
  57016 107.13  34.35  613    2.0
  57020 107.40  34.37  563   0.01
  57021 107.13  34.65  751    4.7
  57022 107.78  34.68 1026    0.3
  57023 108.10  35.03  841    1.9
  57024 107.65  34.45  671    0.1
  57026 107.88  34.37  586   0.01
  57027 107.73  34.27  518   0.01
  57031 108.55  34.82 1013    2.0
  57032 108.20  34.13  436    0.1
  57033 108.82  34.55  429    0.9
  57035 108.23  34.55  636   0.01
  57036 108.93  34.30  398    0.6
  57038 108.45  34.28  411    0.2
  57039 108.88  34.08  445    0.2
  57040 109.08  34.52  378    1.5
  57041 108.92  34.63  425    5.7
  57042 109.18  34.78  473    2.2
  57044 109.23  34.40  424    0.4
  57045 109.48  34.52  354    1.0
  57047 109.32  34.17  541    3.0
  57053 110.72  34.70  507    0.7
  57057 110.15  34.10  961    0.1
  57060 111.23  35.17  404    0.8
  57061 111.20  34.83  411   0.01
  57063 111.77  34.77  524    0.1
  57065 112.18  34.50  196    4.1
  57066 111.67  34.38  329    1.2
  57070 112.12  34.73  358   0.01
  57072 112.75  34.92  128   0.01
  57076 112.82  34.72  190    1.4
  57080 112.97  34.73  166    0.7
  57081 113.43  34.80  141   0.01
  57082 113.02  34.47  428   0.01
  57085 113.37  34.55  289   0.01
  57087 113.80  34.20   88   0.01
  57090 113.97  34.72   79   0.01
  57093 114.82  34.85   74   0.01
  57095 114.15  34.12   61   0.01
  57098 114.40  34.08   59   0.01
  57102 105.72  33.75  971   0.01
  57105 105.60  33.33 1219    0.4
  57110 106.08  33.78  930    1.8
  57111 106.30  33.92  967    1.1
  57113 106.53  33.90  990    6.2
  57119 106.70  33.17  551   15.8
  57123 108.07  34.28  510    0.1
  57126 107.55  33.22  470   25.9
  57128 107.33  33.17  487   19.1
  57129 107.72  32.98  447   23.7
  57132 108.62  34.12  415    1.5
  57137 108.32  33.32  801   15.3
  57140 109.12  33.67  818    1.4
  57153 110.33  33.68  584   0.01
  57162 112.08  34.15  327    0.9
  57169 111.87  33.05  160    0.1
  57175 112.23  33.05  192    0.8
  57176 112.42  33.48  230    1.4
  57179 113.00  33.28  161    0.1
  57197 114.33  33.00   54    0.8
  57198 114.62  33.55   47   0.01
  57208 105.47  32.02  538   0.01
  57213 106.93  33.00  537   21.9
  57216 106.83  32.35  577   12.3
  57217 106.28  32.23  493   26.3
  57231 108.53  32.53  504    6.5
  57233 108.50  32.90  413    5.3
  57242 109.37  32.85  285   0.01
  57247 108.90  32.32  442    4.2
  57248 109.33  32.40  429    0.1
  57249 109.68  32.32  453   0.01
  57253 110.82  32.85  204   0.01
  57254 110.12  32.82  324   0.01
  57257 110.23  32.23  309   0.01
  57260 111.52  32.55  143   0.01
  57261 111.50  33.13  196    1.9
  57268 111.63  32.27   87   0.01
  57273 112.85  32.68  110   0.01
  57303 105.92  31.73  460    2.0
  57307 105.08  31.10  408   0.01
  57308 105.38  31.22  421    2.2
  57309 105.88  30.98  375    0.4
  57314 106.07  31.35  385   24.2
  57315 106.40  31.53  658   34.4
  57318 106.55  31.07  339   0.01
  57320 107.22  31.93  483   16.1
  57324 107.08  31.58  363    1.3
  57326 107.72  31.37  390   0.01
  57329 107.85  31.10  462    0.1
  57333 108.67  31.95  800    8.5
  57338 108.42  31.18  213    0.2
  57339 108.68  30.95  296    0.3
  57345 109.62  31.40  339    2.0
  57349 109.87  31.07  270    4.4
  57361 111.27  31.88  331   0.01
  57362 110.67  31.75  939    1.5
  57363 111.83  31.80  146    0.5
  57368 111.63  31.05  138   14.8
  57377 112.22  31.00  184    0.6
  57389 113.75  31.03   33   0.01
  57390 114.07  31.80  731   0.01
  57401 105.37  30.87  380   68.4
  57402 105.70  30.77  395   0.01
  57425 107.33  30.33  430    1.2
  57431 108.35  30.83  256   0.01
  57453 111.32  30.77  116   34.8
  57460 111.78  30.82   91    2.1
  57462 111.08  30.87  104    9.7
  57464 111.18  30.47  144   11.0
  57465 111.45  30.38   76   54.0
  57466 111.77  30.43   50   26.8
  57469 111.77  30.18   68    6.0
  57475 112.90  30.40   33   36.0
  57477 112.22  30.07   39   18.0
  57481 113.58  30.95   31    0.3
  57485 113.45  30.37   33   48.9
  57486 113.85  30.65   25   0.01
  57489 114.00  30.58   39    1.6
  57492 114.80  30.83   33   0.01
  57496 114.87  30.37   30    0.7
  57498 114.90  30.43   22   0.01
  57499 114.97  30.10   40    4.3
  57505 105.58  29.42  324   0.01
  57540 109.15  29.68  776    1.1
  57541 109.48  30.00  533   0.01
  57543 110.03  29.88  540    2.3
  57544 109.45  29.47  486    0.1
  57558 110.47  29.13  184    0.7
  57564 111.13  29.43  103    2.7
  57565 111.75  29.65   39    5.8
  57566 111.65  29.45   50    1.6
  57571 112.40  29.70   37    2.2
  57575 112.57  29.52   32    5.4
  57577 112.17  29.40   37    6.1
  57582 113.88  29.73   51   31.9
  57585 113.45  29.48   60    4.3
  57586 114.03  29.53   79   46.6
  57589 113.80  29.25  103    0.1
  57590 114.37  29.85   64   23.2
  57596 114.20  29.63    0   22.2
  57635 108.98  28.45  363    0.1
  57640 109.45  28.58  344    7.7
  57643 109.83  29.00  268    3.4
  57646 109.95  28.62  301    2.1
  57657 110.20  28.22  182   26.0
  57658 110.20  28.02  144   13.5
  57661 111.48  28.92   51   11.4
  57663 111.95  28.92   31   13.9
  57666 112.13  28.52   49   32.3
  57674 112.47  28.57   44   39.2
  57678 112.55  28.25   71   15.9
  57680 113.07  28.80   47    9.2
  57688 113.63  28.15  100    8.6
  57694 114.38  28.53  256   21.5
  57698 114.45  28.12   99    8.5
  57699 114.92  28.23   68   20.9
  57734 108.23  27.57  468   0.01
  57735 108.82  27.18  396   0.01
  57736 108.85  27.70  376   13.6
  57738 108.42  27.05  517   0.01
  57739 108.88  27.23  375   0.01
  57740 109.60  27.95  349    3.1
  57742 109.20  27.52  883   23.7
  57743 109.80  27.88  176    3.3
  57744 109.17  27.37  356    0.1
  57754 110.15  27.35  170    9.1
  57760 111.43  27.70  247   22.7
  57762 111.70  27.68  163   52.8
  57763 112.00  27.73  151   30.9
  57767 111.03  27.12  266   0.01
  57768 111.45  27.32  242   61.9
  57769 111.73  27.23  257    0.7
  57771 112.52  27.93   89    7.0
  57772 112.50  27.75   84    6.1
  57773 112.82  27.87   63   16.1
  57777 112.87  27.23   65    8.0
  57778 112.95  27.10   68    5.1
  57781 113.50  27.65   71    0.9
  57786 113.85  27.65  110    7.0
  57792 114.68  27.82   93    7.3
  57796 114.93  27.80   79    6.4
  57798 114.60  27.40   89   20.1
  57851 110.85  26.45  307   0.01
  57859 110.63  26.03  409   0.01
  57860 111.28  27.00  282   0.01
  57865 111.58  26.47  166   0.01
  57867 111.28  26.40  169    0.3
  57868 111.87  26.60  113   0.01
  57870 112.10  26.80  151   29.6
  57871 112.37  26.98   91   0.01
  57881 113.25  26.72  105   12.9
  57882 113.55  26.78  135   20.7
  57883 114.28  26.75  257   28.5
  57891 114.25  26.93  144   37.7
  57895 114.78  26.47   96   11.8
  57899 114.92  26.80   66   21.0
  57964 111.15  25.50  258   0.01
  58205 115.43  32.47   36   0.01
  58207 115.05  32.17   42   0.01
  58317 116.37  30.87  434   0.01
  58401 115.40  30.78  106    0.9
  58404 115.22  30.47   57    0.3
  58408 115.43  30.23   35   0.01
  58409 115.93  30.07   20   0.01
  58418 116.70  30.13   26   0.01
  58438 118.58  30.08  197    1.3
  58453 120.50  30.07   10   0.01
  58468 121.17  30.05   10   0.01
  58484 122.20  30.25    9   0.01
  58501 115.63  29.93   25   39.1
  58502 116.00  29.73   37    3.5
  58503 115.68  29.70   41    4.6
  58508 115.77  29.33   42    2.9
  58509 115.82  29.05   38    4.9
  58510 116.23  29.73   40    5.6
  58512 116.55  29.90   66    4.7
  58514 116.05  29.45   35    1.4
  58517 116.20  29.27   43    6.3
  58529 117.85  29.27   82    8.8
  58530 118.43  29.87  170   0.01
  58534 118.18  29.78  173    0.1
  58537 118.40  29.13  153   23.3
  58542 119.68  29.82   45   0.01
  58544 119.27  29.48   87    5.7
  58546 119.88  29.47  114    6.7
  58547 119.18  29.03   65   47.7
  58548 119.47  29.22   46   50.2
  58550 120.25  29.70   39   0.01
  58555 120.88  29.52  112    0.7
  58558 120.22  29.27   89   16.9
  58559 120.98  29.17   59   27.8
  58561 121.60  29.98    3    0.2
  58563 121.83  29.88    4   0.01
  58565 121.43  29.68    6    0.3
  58566 121.88  29.47   14    0.1
  58567 121.43  29.32   39    0.3
  58568 121.38  29.12   35    3.6
  58570 122.30  29.95   83   0.01
  58601 115.38  28.70   54   11.1
  58602 115.55  28.85   46    5.6
  58605 115.38  28.42   49   23.8
  58607 115.95  28.55   35    8.9
  58609 115.82  28.22   30   50.0
  58612 116.68  28.70   22    8.7
  58614 116.27  28.38   40   12.6
  58615 117.08  28.68   56   43.8
  58616 116.82  28.20   44   30.5
  58618 116.60  28.23   51   19.4
  58619 116.37  28.00   47    8.4
  58620 117.13  28.97   37    7.1
  58623 117.92  28.47   92   28.0
  58624 117.43  28.40   64   38.2
  58625 117.60  28.42   80   60.3
  58627 117.03  28.25   64   51.3
  58629 117.70  28.32   59   27.3
  58631 118.50  28.90  134   44.7
  58632 118.60  28.72  124   11.8
  58635 118.20  28.43   96   25.2
  58642 119.80  28.88  102   10.3
  58643 120.03  28.90   99    8.4
  58644 119.28  28.60  237   19.2
  58647 119.13  28.07  196   21.3
  58654 120.08  28.67  184    7.9
  58656 120.97  28.12    7   12.8
  58657 120.28  28.15   59   13.2
  58658 120.68  28.15   36    7.0
  58659 120.65  28.03   29   19.7
  58660 121.13  28.85    8   14.2
  58664 121.37  28.37   33    4.4
  58693 115.83  28.70   37   10.5
  58701 115.40  27.77   47    2.5
  58704 115.35  27.62   61    5.4
  58706 115.83  27.43  180    1.1
  58707 115.13  27.22   66   10.3
  58710 116.05  27.77   76    3.2
  58712 116.78  27.92  123   19.3
  58713 117.07  27.72  220   26.7
  58714 116.23  27.55  115    9.5
  58719 116.93  27.30  123   14.9
  58724 117.30  27.52  264   12.5
  58735 118.80  27.52  201   28.3
  58736 118.82  27.37  220   16.5
  58745 119.07  27.62  368   21.1
  58746 119.70  27.55  514   27.2
  58747 119.35  27.15  900   39.3
  58748 119.65  27.10   51   31.0
  58749 119.88  27.23  680   22.1
  58750 120.08  27.78  106   44.6
  58751 120.55  27.68    5   17.9
  58804 115.35  26.35  153   18.6
  58814 116.35  26.35  237   51.9
  58819 116.80  26.17  329   33.1
  58821 117.47  26.73  174   49.9
  58822 116.85  26.83  341   17.9
  58823 117.80  26.80  173   40.4
  58824 117.15  26.40  355   65.2
  58826 117.80  26.40  120   22.8
  58828 117.62  26.27  206   34.9
  58836 118.73  26.58  359   14.6
  58839 118.85  26.23   42   54.5
  58844 119.15  26.15   49   47.9
  58845 119.53  26.50   57   43.4
  58848 119.55  26.20   12   35.3
  58850 120.23  26.92   88   24.1
  58912 116.75  25.72  379    0.3
  58917 116.10  25.08  307    0.1
  58923 117.83  25.70  397   16.6
  58928 117.53  25.02  160    2.4
  58929 118.15  25.07   66    9.6
  58932 118.93  25.87   85   12.6
  58934 118.27  25.33  170    4.3
  58935 118.23  25.48  516   29.0
  58938 118.98  25.23   22    5.0
  58940 119.33  26.08   28   51.7
  58941 119.50  25.97   11   29.6
  58942 119.38  25.72   39   20.1
  58946 119.00  25.45   84   31.5
  59071 112.28  24.73  175   0.01
  59074 112.15  24.57  300   0.01
  59081 113.27  24.78   98   0.01
  59091 114.53  24.75  257    0.1
  59093 115.03  24.78  254   0.01
  59094 114.12  24.37  135    0.1
  59099 114.93  24.45  175   0.01
  59106 115.90  24.58  152    9.5
  59109 115.73  24.15  126    0.4
  59114 116.17  24.65  131    0.4
  59122 117.75  24.62   42   11.2
  59124 117.37  24.52   31    6.6
  59125 117.30  24.38  105    7.2
  59127 117.83  24.43   14    3.9
  59129 117.60  24.13   53   0.01
  59130 118.15  24.73   28   16.0
  59131 118.37  24.97   44    2.1
  59137 118.57  24.82   55    4.3
  59255 110.38  23.55   37   0.01
  59264 111.50  23.40   79   0.01
  59266 111.23  23.42   46   0.01
  59268 111.53  23.25   31   0.01
  59269 111.77  23.15   27   0.01
  59270 112.18  23.92   78    0.1
  59276 112.65  23.35   40    0.2
  59279 112.87  23.18   18    1.4
  59284 113.22  23.38    6   10.0
  59285 113.60  23.57   39    2.6
  59288 113.13  23.05    3    1.0
  59290 114.23  23.73   71   17.5
  59297 114.28  23.18   16    3.4
  59310 116.18  23.77   39   13.6
  59312 116.63  23.67   11    4.4
  59313 116.98  23.68   42    1.8
  59314 116.13  23.30   27   40.5
  59315 116.38  23.58   25    9.5
  59318 116.58  23.27   10    3.1
  59319 116.77  23.47    9    3.6
  59320 117.13  23.77   27    0.1
  59322 117.37  23.98   20    0.5
  59441 109.25  22.70   78   0.01
  59448 109.55  22.27   70   0.01
  59451 110.35  22.70   99    0.1
  59452 110.53  22.85  100   0.01
  59454 111.00  22.92  104   0.01
  59457 110.27  22.32  120   0.01
  59469 111.78  22.17   33   0.01
  59470 112.22  22.72   33    9.9
  59471 112.05  22.93  102   0.01
  59473 112.97  22.77   20    0.1
  59475 112.65  22.40   24    1.4
  59476 113.03  22.53   35    1.0
  59477 112.30  22.18   25   12.3
  59480 113.25  22.85   21    0.5
  59481 113.32  22.93   16    0.4
  59487 113.30  22.23   12   54.3
  59492 114.70  22.92   43    0.4
  59500 115.32  22.97   10   17.2
  59502 115.65  22.95   11    8.1
  59635 108.35  21.62   26   0.01
  59650 110.25  21.38   25   0.01
  59653 110.85  21.93   35   0.01
  59654 110.30  21.63   28   0.01
  59655 110.62  21.65   35   0.01
  59656 110.77  21.43   29    0.2
  59659 110.92  21.75   32    0.2
  59750 110.10  20.92   25    0.1
  59757 110.37  20.00   10    0.6
  59842 109.68  19.90   31   0.01
  59843 110.00  19.73   36    0.8
  59847 109.05  19.27  101   0.01
  59848 109.43  19.23  219    2.1
  59851 110.33  19.70   25    4.0
  59854 110.10  19.37  119   20.4
  59856 110.75  19.62   26    0.6
  59941 109.52  18.77  328    3.0
  59945 109.70  18.65   65    0.6
  59951 110.33  18.80   38   0.01
