diamond  3 2013年04月17日08点24小时降雨量                    
  13  04  17  08    -1 3 10 25 50 1 0
 39 122.7  37.3 122.5  36.7 120.8  36.2 119.3  35.0 120.4  34.3
 121.1  32.7 122.3  30.9 122.5  30.1 121.5  28.0 119.8  25.0
 116.1  22.6 111.0  21.0 111.0  18.6 109.6  18.1 108.3  18.5
 108.9  19.9 109.3  21.0 106.4  21.6 104.1  22.2 101.6  20.8
  98.7  22.0  97.1  24.1  97.7  27.0  91.7  26.6  85.7  27.7
  78.9  30.6  73.3  37.1  74.1  40.7  87.6  49.8  98.5  43.9
 110.4  44.3 122.0  54.7 135.7  48.3 131.5  42.2 125.2  39.4
 121.3  38.5 121.2  40.3 118.5  38.6 120.8  38.1
1         389
  50137 122.37  53.47  297   0.01
  50431 121.52  50.78  718    0.1
  50673 130.40  48.88   92   0.01
  50750 125.30  47.90  228   0.01
  50775 130.27  47.33  229   0.01
  50776 130.83  47.57   84   0.01
  50779 134.28  48.37   41   0.01
  50787 131.85  47.28   63    0.1
  50880 131.12  46.73  104    0.5
  50884 131.15  46.63  176    0.6
  50985 131.87  45.55  155    0.3
  51058  87.97  47.10  564    0.3
  51137  82.93  46.20  715   16.8
  51145  83.65  46.55  523    4.5
  51328  80.42  44.20  774   14.8
  51329  80.85  44.05  641   12.7
  51352  85.25  44.85  338    9.6
  51353  86.10  45.02  347    6.5
  51356  86.05  44.32  444   14.3
  51357  85.62  44.33  523   10.6
  51359  86.20  44.32  473   17.4
  51368  87.32  44.12  516   14.8
  51369  87.65  43.97  601   15.0
  51377  87.92  44.17  547   14.4
  51378  89.17  44.02  735    2.8
  51430  81.15  43.83  605   13.5
  51434  81.53  43.97  771   19.0
  51435  82.23  43.47  776    9.3
  51436  83.25  43.45  929   19.1
  51438  81.77  43.18 1210   12.6
  51465  87.10  43.48 1874   29.7
  51468  86.83  43.10 3543    1.4
  51482  90.28  43.83 1271    2.4
  53272 112.63  42.75 1106   0.01
  53289 113.83  42.23 1322    0.3
  54113 118.65  43.53  623    1.6
  54117 117.53  43.25 1004    5.5
  54204 115.00  42.30 1347    2.3
  54205 116.00  42.23 1316    2.5
  54214 118.42  42.58  961    2.1
  54223 120.65  42.85  364   0.01
  54225 119.92  42.28  589    2.4
  54248 123.53  42.03   67   0.01
  54252 124.75  42.73  198   0.01
  54261 125.52  42.68  343   0.01
  54267 125.73  42.25  363   0.01
  54274 126.07  42.68  300    0.2
  54290 129.40  42.77  245    0.4
  54291 130.28  42.90   37   0.01
  54313 118.70  41.93  734    0.1
  54316 118.75  41.52  680    0.3
  54318 117.73  41.32  562    2.1
  54320 119.30  41.60  546   0.01
  54321 119.63  41.87  661    0.2
  54328 119.72  41.08  300   0.01
  54362 125.73  41.67  388    0.5
  54371 126.43  41.93  521    0.7
  54404 115.83  40.88  868    0.2
  54410 116.13  40.60 1216   0.01
  54430 118.15  40.77  268    0.2
  54432 118.48  40.60  305    0.6
  56147  98.83  31.22 3261   0.01
  56371 102.23  29.92 1322   0.01
  56378 102.35  29.23  891    4.6
  56441  99.28  28.72 2424    0.2
  56443  99.80  28.93 2842    2.6
  56473 102.77  28.95 1061    0.1
  56474 102.17  28.55 1775    3.4
  56478 102.43  28.30 1819    0.2
  56487 103.13  28.33 1945    1.8
  56489 103.63  28.23  876   0.01
  56567 100.85  27.30 2242    0.1
  56569 102.18  27.42 1381    0.4
  56575 102.55  27.37 1429    4.4
  56578 102.75  27.07 1093    0.5
  56582 103.90  27.75 1177    0.6
  56584 103.25  27.70 1093    2.6
  56585 103.53  27.18 1916    3.7
  56594 104.05  27.63  884   0.01
  56598 104.73  27.13 1538    1.0
  56641  98.87  26.90 1191    2.1
  56645  99.42  26.42 2345    0.9
  56649  99.97  26.10 2059    1.9
  56652 100.75  26.68 2131   0.01
  56665 101.85  26.68 1140    4.9
  56669 101.67  26.05 1531   0.01
  56670 102.12  26.90 1105    7.3
  56673 102.92  26.92  894    3.1
  56674 101.73  26.50 1107    1.2
  56675 102.58  26.65 1695    4.0
  56688 103.17  26.10 1253   0.01
  56697 104.08  26.22 1987    1.2
  56742  99.37  25.90 1663    0.3
  56745  99.95  25.68 1627   0.01
  56756 100.58  25.48 1993   0.01
  56757 100.28  25.27 1744    0.2
  56761 101.32  25.72 1873   0.01
  56764 101.23  25.53 1875    0.2
  56767 101.28  25.18 1858   0.01
  56772 102.50  25.23 1694   0.01
  56781 103.27  25.55 1874   0.01
  56782 103.55  25.42 2064    1.7
  56783 103.80  25.50 1906    0.1
  56785 103.03  25.33 1925    0.2
  56788 103.67  25.03 1842   0.01
  56790 104.25  25.68 1920    2.5
  56835  97.82  24.07  958    0.5
  56836  97.95  24.70  828    2.2
  56839  98.82  23.77  994    3.5
  56840  98.30  24.82 1013    0.7
  56841  98.68  24.60 1527    4.8
  56842  99.18  24.73 1473    1.8
  56843  99.62  24.83 1650    1.4
  56844  98.58  24.43  915    3.3
  56846  99.93  24.58 1569    1.4
  56849  99.23  24.03 1607    1.0
  56851 100.52  25.03 1378    0.5
  56854 100.13  24.45 1108    3.6
  56862 101.60  24.68 1966    2.2
  56863 102.48  24.93 1850    0.4
  56867 101.12  23.98 1107    0.1
  56869 101.97  24.07 1498    0.1
  56870 102.17  24.67 1576    0.4
  56871 102.60  24.65 1894    0.1
  56872 102.62  24.95 2360    1.1
  56876 102.77  24.28 1732   0.01
  56878 102.75  24.13 1802    1.3
  56879 102.92  24.20 1610    0.9
  56880 103.17  24.92 1532   0.01
  56881 103.27  24.75 1694    0.2
  56882 102.80  24.88 1909   0.01
  56885 103.45  24.40 1416    0.2
  56898 102.40  24.18 1542   0.01
  56944  99.27  23.15 1280    8.3
  56949  99.60  22.32  946    2.1
  56950  99.80  23.47 1044    3.1
  56952 100.70  23.50  914    2.7
  56958 100.42  21.92 1177    0.2
  56961 101.05  23.03 1321   0.01
  56962 101.67  23.42 1315    2.0
  56970 102.48  23.70 1419    0.1
  56973 102.83  23.62 1310    0.2
  56975 102.43  23.37  975    3.8
  56976 102.83  23.23  229    7.2
  56978 102.42  23.00 1640    6.8
  56982 103.25  23.70 1055    0.1
  56984 103.15  23.38 1717    4.7
  56987 103.23  22.78 1261   15.4
  56989 103.95  22.50  138   11.2
  56992 104.70  23.45 1508    0.1
  56994 104.25  23.38 1277   0.01
  56995 104.42  23.03 1335    3.9
  56996 104.70  23.13 1094    0.9
  57388 113.70  31.27   55   0.01
  57465 111.45  30.38   76   0.01
  57491 114.40  30.87   31   0.01
  57492 114.80  30.83   33   0.01
  57496 114.87  30.37   30    0.3
  57498 114.90  30.43   22   0.01
  57499 114.97  30.10   40   0.01
  57544 109.45  29.47  486   0.01
  57558 110.47  29.13  184   0.01
  57571 112.40  29.70   37   0.01
  57575 112.57  29.52   32   0.01
  57643 109.83  29.00  268    0.1
  57646 109.95  28.62  301    0.1
  57663 111.95  28.92   31    0.1
  57688 113.63  28.15  100   0.01
  57694 114.38  28.53  256    4.4
  57698 114.45  28.12   99    2.6
  57699 114.92  28.23   68   15.1
  57708 105.60  27.15 1704   0.01
  57762 111.70  27.68  163   0.01
  57786 113.85  27.65  110    0.4
  57798 114.60  27.40   89    1.7
  57800 105.37  26.77 1458   0.01
  57807 105.47  26.20 1359    4.7
  57808 105.75  26.32 1272   27.3
  57809 105.75  26.07 1251    2.2
  57813 106.47  26.57 1265    5.0
  57814 106.27  26.42 1285    9.5
  57818 106.45  26.03 1145    3.4
  57824 107.23  26.58 1005    0.5
  57828 107.58  26.50  983    0.1
  57829 107.80  26.20  964    9.6
  57859 110.63  26.03  409    0.1
  57865 111.58  26.47  166   0.01
  57883 114.28  26.75  257   0.01
  57900 105.22  25.83 1553    2.1
  57903 105.60  25.93 1138    1.9
  57905 105.63  25.40 1063    2.6
  57908 105.48  25.12 1393   0.01
  57911 106.65  26.67 1325   0.01
  57913 106.98  26.45 1095    1.8
  57914 106.67  26.42 1143    5.9
  57915 106.77  26.63 1102    0.5
  57921 107.32  25.83  710    2.7
  57923 107.87  25.98  418    1.2
  57927 107.18  24.97  283    6.5
  57936 108.92  25.75  255   10.1
  57941 109.60  25.78  198    5.9
  57942 110.00  25.80  267    3.6
  57948 109.25  25.08  123   12.2
  57949 110.00  24.98  157    0.3
  57954 110.18  25.23  158   48.0
  57955 110.67  25.62  224    0.6
  57956 110.32  25.42  169    3.1
  57958 110.32  25.08  152   15.7
  57960 111.07  25.93  192    0.4
  57964 111.15  25.50  258   0.01
  57976 112.95  25.42  226   0.01
  58317 116.37  30.87  434   0.01
  58346 119.82  31.33   15   0.01
  58359 120.62  31.13    9   0.01
  58365 121.25  31.37    9   0.01
  58409 115.93  30.07   20    0.7
  58415 116.58  30.63   38   0.01
  58416 116.82  30.75   38   0.01
  58417 116.13  30.17   50    0.3
  58418 116.70  30.13   26    0.3
  58420 117.22  30.72   38   0.01
  58421 117.87  30.63   32   0.01
  58423 117.78  30.48  643    1.7
  58426 118.13  30.30  192    0.6
  58427 117.48  30.67   36   0.01
  58428 117.48  30.22  115    0.3
  58432 118.40  30.68   39   0.01
  58433 118.75  30.93   30   0.01
  58435 118.53  30.30  221    0.3
  58438 118.58  30.08  197    0.1
  58443 119.90  31.02   19   0.01
  58449 119.95  30.05   47   0.01
  58453 120.50  30.07   10    0.1
  58455 120.65  30.52    8   0.01
  58456 120.52  30.63    6   0.01
  58458 120.90  30.53    3   0.01
  58459 120.28  30.18   42   0.01
  58460 121.35  30.73    6   0.01
  58461 121.12  31.13    8   0.01
  58463 121.50  30.88    9   0.01
  58468 121.17  30.05   10   0.01
  58484 122.20  30.25    9    0.1
  58501 115.63  29.93   25    0.9
  58508 115.77  29.33   42   0.01
  58512 116.55  29.90   66    0.9
  58514 116.05  29.45   35    0.2
  58517 116.20  29.27   43   0.01
  58523 117.93  29.93  231    0.2
  58529 117.85  29.27   82    2.5
  58530 118.43  29.87  170    0.8
  58534 118.18  29.78  173    0.8
  58537 118.40  29.13  153    7.6
  58542 119.68  29.82   45   0.01
  58544 119.27  29.48   87    5.3
  58546 119.88  29.47  114    1.4
  58547 119.18  29.03   65   12.3
  58548 119.47  29.22   46    3.7
  58550 120.25  29.70   39    0.4
  58555 120.88  29.52  112    3.0
  58558 120.22  29.27   89    1.9
  58559 120.98  29.17   59    3.4
  58561 121.60  29.98    3   0.01
  58563 121.83  29.88    4    0.1
  58565 121.43  29.68    6    0.3
  58566 121.88  29.47   14    1.9
  58567 121.43  29.32   39    1.3
  58568 121.38  29.12   35    8.7
  58570 122.30  29.95   83    0.2
  58601 115.38  28.70   54   0.01
  58605 115.38  28.42   49    0.3
  58607 115.95  28.55   35    0.2
  58609 115.82  28.22   30   33.7
  58612 116.68  28.70   22    0.2
  58614 116.27  28.38   40    3.2
  58615 117.08  28.68   56    5.4
  58616 116.82  28.20   44   15.2
  58618 116.60  28.23   51    1.1
  58619 116.37  28.00   47   37.6
  58620 117.13  28.97   37   57.5
  58623 117.92  28.47   92   11.2
  58624 117.43  28.40   64    5.9
  58625 117.60  28.42   80    8.4
  58627 117.03  28.25   64    6.7
  58629 117.70  28.32   59   10.1
  58631 118.50  28.90  134   12.1
  58632 118.60  28.72  124   26.9
  58635 118.20  28.43   96   18.1
  58642 119.80  28.88  102    8.0
  58643 120.03  28.90   99    6.3
  58644 119.28  28.60  237   37.6
  58647 119.13  28.07  196    6.5
  58654 120.08  28.67  184   15.2
  58656 120.97  28.12    7   0.01
  58657 120.28  28.15   59    1.3
  58658 120.68  28.15   36    0.9
  58659 120.65  28.03   29    0.1
  58660 121.13  28.85    8   15.4
  58664 121.37  28.37   33    6.9
  58704 115.35  27.62   61   0.01
  58712 116.78  27.92  123   23.4
  58713 117.07  27.72  220   0.01
  58735 118.80  27.52  201   0.01
  58745 119.07  27.62  368   0.01
  58746 119.70  27.55  514   0.01
  58748 119.65  27.10   51   0.01
  58750 120.08  27.78  106    0.1
  58751 120.55  27.68    5   0.01
  58823 117.80  26.80  173    0.5
  58826 117.80  26.40  120   0.01
  58836 118.73  26.58  359   0.01
  58848 119.55  26.20   12   0.01
  58942 119.38  25.72   39   0.01
  58946 119.00  25.45   84   0.01
  59001 105.33  24.78  674   0.01
  59004 105.10  24.50  729   0.01
  59012 106.55  24.78  973    0.1
  59015 106.57  24.35  442   0.01
  59017 106.27  24.27  279   0.01
  59022 107.55  24.98  695   37.7
  59031 108.25  24.83  205   0.01
  59033 108.90  24.78  330   0.01
  59051 110.50  24.77  133    0.8
  59055 110.40  24.50  166   0.01
  59057 110.18  24.13  827   0.01
  59059 110.80  24.18  107    0.1
  59061 111.27  24.82  198   0.01
  59064 111.32  24.55  141   0.01
  59071 112.28  24.73  175   0.01
  59074 112.15  24.57  300   0.01
  59075 112.63  24.48   70   0.01
  59094 114.12  24.37  135   0.01
  59114 116.17  24.65  131   0.01
  59131 118.37  24.97   44   0.01
  59205 105.63  23.65  688   0.01
  59213 106.92  23.73  113   0.01
  59215 106.62  23.33  640   0.01
  59224 107.12  23.60  116   0.01
  59229 107.70  23.18  101   0.01
  59255 110.38  23.55   37    0.2
  59264 111.50  23.40   79   0.01
  59266 111.23  23.42   46   0.01
  59269 111.77  23.15   27   0.01
  59270 112.18  23.92   78    3.0
  59276 112.65  23.35   40    0.4
  59279 112.87  23.18   18    1.0
  59284 113.22  23.38    6    1.8
  59285 113.60  23.57   39    1.6
  59288 113.13  23.05    3    0.3
  59290 114.23  23.73   71    2.8
  59297 114.28  23.18   16    1.0
  59313 116.98  23.68   42    0.1
  59314 116.13  23.30   27   0.01
  59315 116.38  23.58   25    0.2
  59318 116.58  23.27   10    0.8
  59319 116.77  23.47    9    0.1
  59421 107.20  22.83  257   0.01
  59448 109.55  22.27   70    0.1
  59449 109.98  22.30   80   0.01
  59451 110.35  22.70   99    0.8
  59452 110.53  22.85  100    0.9
  59457 110.27  22.32  120    0.6
  59469 111.78  22.17   33    0.6
  59470 112.22  22.72   33    0.1
  59471 112.05  22.93  102    1.5
  59473 112.97  22.77   20    0.2
  59475 112.65  22.40   24    0.1
  59476 113.03  22.53   35    0.4
  59477 112.30  22.18   25    1.0
  59480 113.25  22.85   21    0.2
  59481 113.32  22.93   16    0.3
  59487 113.30  22.23   12    2.4
  59492 114.70  22.92   43   0.01
  59500 115.32  22.97   10    1.1
  59502 115.65  22.95   11    0.8
  59635 108.35  21.62   26    0.3
  59640 109.18  21.67    6    1.4
  59650 110.25  21.38   25    0.2
  59653 110.85  21.93   35   0.01
  59654 110.30  21.63   28   0.01
  59656 110.77  21.43   29    0.2
  59659 110.92  21.75   32    0.3
  59750 110.10  20.92   25    0.3
  59757 110.37  20.00   10   0.01
  59842 109.68  19.90   31    0.1
  59843 110.00  19.73   36   0.01
  59847 109.05  19.27  101    0.2
  59848 109.43  19.23  219    0.6
  59856 110.75  19.62   26   0.01
  59945 109.70  18.65   65   0.01
