diamond  3 2013年04月30日08点24小时降雨量                    
  13  04  30  08    -1 3 10 25 50 1 0
 39 122.7  37.3 122.5  36.7 120.8  36.2 119.3  35.0 120.4  34.3
 121.1  32.7 122.3  30.9 122.5  30.1 121.5  28.0 119.8  25.0
 116.1  22.6 111.0  21.0 111.0  18.6 109.6  18.1 108.3  18.5
 108.9  19.9 109.3  21.0 106.4  21.6 104.1  22.2 101.6  20.8
  98.7  22.0  97.1  24.1  97.7  27.0  91.7  26.6  85.7  27.7
  78.9  30.6  73.3  37.1  74.1  40.7  87.6  49.8  98.5  43.9
 110.4  44.3 122.0  54.7 135.7  48.3 131.5  42.2 125.2  39.4
 121.3  38.5 121.2  40.3 118.5  38.6 120.8  38.1
1         870
  50137 122.37  53.47  297    3.3
  50431 121.52  50.78  718    0.2
  50524 119.43  49.32  578   11.2
  50525 119.75  49.15  621   10.8
  50526 120.70  49.28  670    2.9
  50749 124.83  47.18  159    0.3
  50832 122.08  46.72  334   20.6
  50833 122.90  46.72  189   17.9
  50842 124.42  46.83  145    4.8
  50851 126.08  46.68  209    1.7
  50858 125.93  46.07  136    9.4
  50859 126.27  46.25  160    2.9
  50861 127.48  46.88  186   0.01
  50867 127.35  46.08  134    3.7
  50884 131.15  46.63  176   0.01
  50924 119.67  45.53  824   0.01
  50928 120.33  45.07  629    0.3
  50934 121.58  45.38  309    8.0
  50937 121.47  45.05  250   11.7
  50939 122.82  45.33  154    8.3
  50940 123.17  45.85  142    9.0
  50946 124.83  45.18  140    7.2
  50954 125.08  45.50  129    4.6
  50956 126.57  45.93  117    3.7
  50958 126.95  45.52  175    3.8
  50960 127.45  45.78  192    2.1
  50962 128.03  45.95  113    0.9
  50964 128.80  45.83  123    5.1
  50965 128.30  45.45  157    4.0
  50971 131.02  45.77  226    1.3
  50979 130.23  45.27  279   11.8
  50987 131.13  45.25  181   13.4
  51359  86.20  44.32  473    0.1
  51368  87.32  44.12  516    1.9
  51369  87.65  43.97  601    4.3
  51377  87.92  44.17  547    7.1
  51378  89.17  44.02  735    1.1
  51435  82.23  43.47  776    0.3
  51436  83.25  43.45  929    0.5
  51438  81.77  43.18 1210   0.01
  51465  87.10  43.48 1874    7.3
  51468  86.83  43.10 3543    8.2
  51482  90.28  43.83 1271    2.0
  51627  79.23  41.22 1397   11.8
  51629  80.23  41.27 1134   0.01
  51636  82.62  41.53 1014   0.01
  51707  76.73  39.50 1209    0.7
  51708  75.95  39.15 1324    1.7
  51717  76.78  39.25 1207    7.3
  51802  76.17  38.93 1299    7.2
  52745  99.02  37.30 3417    0.3
  52842  99.08  36.78 3088   0.01
  52855 101.25  36.68 2676   0.01
  52863 101.95  36.82 2480    0.1
  52869 101.58  36.50 2665   0.01
  52875 102.10  36.50 2129   0.01
  52877 102.25  36.10 2835   0.01
  52881 103.18  36.98 2485   0.01
  52885 103.25  36.75 2119    1.0
  52896 104.15  36.55 1739    0.4
  52963 102.02  35.93 2086   0.01
  52968 101.47  35.03 3663    0.2
  52978 102.52  35.20 2930   0.01
  52980 103.30  35.97 1649    0.4
  52981 103.38  35.67 2429    4.0
  52982 103.55  35.48 1954    0.5
  52985 103.33  35.42 2164    0.2
  52988 103.72  35.37 2000    1.3
  52993 104.07  35.68 1740    0.2
  52995 104.62  35.58 1898   0.01
  52998 104.20  35.13 2111    0.5
  53906 105.72  35.52 1659    1.8
  53908 105.23  35.22 1769   0.01
  53914 106.12  35.62 2079    0.6
  53916 106.32  35.50 1949    4.4
  53917 106.07  35.22 1633    1.1
  53924 107.62  35.07  967    2.2
  53925 107.18  35.68 1174    2.5
  53926 107.35  35.35 1630    5.8
  53927 106.62  35.20 1478    2.9
  53928 107.02  35.30 1150    4.9
  53934 108.02  35.82 1299    0.5
  53935 108.35  35.48 1443    9.2
  53937 107.92  35.52  980   10.2
  53938 108.30  35.17 1277    3.7
  53941 109.58  35.18  807    2.9
  53945 109.07  35.43 1394    3.0
  53947 109.07  35.08  979    4.5
  53949 109.92  35.18  680    0.4
  53950 110.15  35.23  710    0.1
  53958 110.78  35.13  389   0.01
  54031 121.82  44.90  201   12.5
  54039 122.02  44.03  182   19.7
  54047 123.28  44.13  146    2.6
  54065 125.65  44.53  173    3.2
  54069 125.80  44.17  175    2.1
  54072 126.52  44.85  203    5.9
  54076 126.93  44.42  254    4.9
  54080 127.15  44.90  196   17.9
  54092 129.40  44.60  294   29.4
  54093 130.55  44.93  266   16.8
  54098 129.47  44.33  272   18.4
  54099 131.13  44.08  151   18.5
  54132 121.07  42.40  400    0.6
  54154 124.30  43.35  163    5.0
  54155 124.23  43.67  145    0.3
  54156 124.80  43.52  200    4.5
  54164 125.28  43.35  249    3.1
  54169 126.02  43.30  270    4.0
  54172 126.60  43.78  199    6.6
  54187 128.92  43.12  369   14.2
  54192 130.27  43.70  386   23.3
  54223 120.65  42.85  364    0.5
  54231 122.35  42.97  249    2.3
  54234 121.75  42.73  300    6.1
  54244 123.33  42.75  120    4.8
  54245 123.40  42.50   99    6.7
  54248 123.53  42.03   67    3.0
  54249 123.87  42.30   79    7.6
  54252 124.75  42.73  198    4.1
  54261 125.52  42.68  343    3.1
  54267 125.73  42.25  363    1.2
  54274 126.07  42.68  300    2.7
  54290 129.40  42.77  245   16.4
  54291 130.28  42.90   37   20.0
  54293 129.83  42.95  141   20.9
  54332 122.72  41.52   13    0.1
  54340 123.32  41.67   47    0.8
  54345 123.07  41.20   29    0.1
  54347 123.17  41.23   25    0.3
  54348 123.32  41.42   43    0.2
  54362 125.73  41.67  388    2.3
  54371 126.43  41.93  521    2.9
  56016  95.62  33.85 4181    1.9
  56071 102.50  34.58 3107   0.01
  56082 103.50  34.58 2544   0.01
  56091 104.47  34.85 1884    0.3
  56092 104.65  35.00 1729   0.01
  56095 104.38  34.03 1754   0.01
  56097 104.23  33.27 1407   0.01
  56147  98.83  31.22 3261   0.01
  56158 100.67  31.40 3250   0.01
  56164 100.98  32.27 3286   0.01
  56168 102.07  31.48 2170    0.9
  56171 101.70  32.90 3276    5.3
  56180 103.85  31.68 1591    7.6
  56181 103.70  30.68  543   0.01
  56183 103.58  31.47 1326    6.5
  56184 103.17  31.43 1884    2.2
  56185 102.98  32.08 2400    3.0
  56186 104.20  31.33  589   0.01
  56192 104.67  32.95 1016   0.01
  56193 104.52  32.42  894    8.9
  56263 101.88  30.88 1948    0.3
  56273 102.82  30.38 1011    6.1
  56278 102.77  30.07  756    9.4
  56279 102.93  30.15  683    5.1
  56280 103.12  30.08  692    6.5
  56281 103.50  30.18  512    0.5
  56284 103.48  30.42  502    1.6
  56285 103.52  30.60  525    0.2
  56289 103.87  30.20  439    0.4
  56297 104.15  30.02  431    1.4
  56298 104.60  30.13  415    1.2
  56371 102.23  29.92 1322    2.3
  56373 102.85  29.78  763    5.7
  56376 102.68  29.35 1098    0.5
  56378 102.35  29.23  891    2.1
  56380 103.37  29.92  466    2.9
  56381 103.52  30.02  497    0.7
  56382 103.60  29.73  408    0.1
  56383 103.87  29.83  454    2.1
  56384 103.48  29.60  446    3.4
  56387 103.27  29.23  639    1.5
  56389 103.95  29.20  386    2.7
  56390 104.07  29.67  403    1.0
  56391 103.82  30.08  416    0.4
  56393 104.85  29.77  370   0.01
  56394 104.43  29.45  382    1.2
  56395 104.67  29.52  349    1.6
  56396 104.77  29.35  352    2.2
  56399 104.98  29.18  307    0.7
  56443  99.80  28.93 2842    0.1
  56473 102.77  28.95 1061    4.5
  56474 102.17  28.55 1775    1.6
  56478 102.43  28.30 1819    3.3
  56480 103.53  28.82  564    1.7
  56483 103.95  28.60  412    5.3
  56487 103.13  28.33 1945    2.7
  56489 103.63  28.23  876    1.3
  56490 103.90  28.95  396    2.5
  56491 104.57  28.70  288    2.4
  56493 104.97  28.85  297    3.7
  56494 104.15  28.65  460    0.7
  56496 105.23  28.32  330    7.1
  56497 104.23  28.10  433   18.5
  56498 104.50  28.17  442   17.6
  56499 104.78  28.38  368    0.9
  56569 102.18  27.42 1381    8.6
  56575 102.55  27.37 1429   10.1
  56578 102.75  27.07 1093   14.3
  56580 102.80  27.72 2461   20.9
  56582 103.90  27.75 1177   10.1
  56584 103.25  27.70 1093    6.1
  56585 103.53  27.18 1916   29.3
  56592 104.52  28.43  360    1.8
  56593 104.92  28.58  281    9.2
  56594 104.05  27.63  884    6.3
  56595 104.87  27.42 1644    8.4
  56596 105.05  27.85 1176    6.7
  56598 104.73  27.13 1538   13.2
  56670 102.12  26.90 1105   25.9
  56673 102.92  26.92  894   21.1
  56675 102.58  26.65 1695    9.5
  56688 103.17  26.10 1253    0.9
  56697 104.08  26.22 1987   24.8
  56742  99.37  25.90 1663    0.2
  56790 104.25  25.68 1920    6.1
  56836  97.95  24.70  828   0.01
  56842  99.18  24.73 1473    5.2
  56843  99.62  24.83 1650    0.1
  56846  99.93  24.58 1569   0.01
  56849  99.23  24.03 1607   0.01
  56889 104.17  24.05 1518   0.01
  56891 104.32  24.98 1482   0.01
  56976 102.83  23.23  229    0.1
  56984 103.15  23.38 1717   0.01
  56989 103.95  22.50  138    0.2
  56992 104.70  23.45 1508   0.01
  56994 104.25  23.38 1277   0.01
  56995 104.42  23.03 1335    0.1
  56996 104.70  23.13 1094    0.3
  57001 105.33  34.75 1273    0.2
  57002 105.65  34.85 1217   0.01
  57007 105.18  34.18 1406    0.1
  57008 105.30  34.03 1578   0.01
  57011 106.15  34.75 1379   0.01
  57012 106.20  34.98 1665    0.1
  57016 107.13  34.35  613    4.4
  57020 107.40  34.37  563    4.0
  57021 107.13  34.65  751    3.0
  57022 107.78  34.68 1026    3.1
  57023 108.10  35.03  841    1.3
  57024 107.65  34.45  671    4.5
  57026 107.88  34.37  586    4.9
  57027 107.73  34.27  518    4.4
  57029 108.48  34.50  544    2.9
  57031 108.55  34.82 1013    4.8
  57032 108.20  34.13  436    5.8
  57033 108.82  34.55  429    4.4
  57035 108.23  34.55  636    2.7
  57036 108.93  34.30  398    1.7
  57038 108.45  34.28  411    3.2
  57039 108.88  34.08  445    3.4
  57040 109.08  34.52  378    2.5
  57041 108.92  34.63  425    3.0
  57042 109.18  34.78  473    4.8
  57043 109.97  34.80  352    0.5
  57044 109.23  34.40  424    1.7
  57045 109.48  34.52  354    0.3
  57047 109.32  34.17  541    4.5
  57053 110.72  34.70  507   0.01
  57054 110.23  34.55  557    0.1
  57055 110.08  34.55  352   0.01
  57057 110.15  34.10  961    8.4
  57061 111.20  34.83  411   0.01
  57065 112.18  34.50  196   0.01
  57066 111.67  34.38  329   0.01
  57070 112.12  34.73  358   0.01
  57075 112.87  34.17  203   0.01
  57082 113.02  34.47  428   0.01
  57088 113.50  34.15  117   0.01
  57102 105.72  33.75  971   0.01
  57105 105.60  33.33 1219   0.01
  57110 106.08  33.78  930   0.01
  57111 106.30  33.92  967   0.01
  57113 106.53  33.90  990    1.5
  57119 106.70  33.17  551    0.7
  57123 108.07  34.28  510    5.1
  57126 107.55  33.22  470    5.3
  57128 107.33  33.17  487    1.8
  57129 107.72  32.98  447    3.2
  57132 108.62  34.12  415    2.8
  57137 108.32  33.32  801    4.5
  57140 109.12  33.67  818    7.9
  57153 110.33  33.68  584   10.9
  57155 109.87  33.55  661   15.1
  57169 111.87  33.05  160    3.8
  57173 112.88  33.75  147   0.01
  57175 112.23  33.05  192    0.7
  57176 112.42  33.48  230    1.4
  57177 113.53  33.33   91    0.8
  57179 113.00  33.28  161    1.0
  57180 113.20  33.98  118   0.01
  57182 113.50  33.85   81   0.01
  57183 113.92  33.80   61   0.01
  57184 113.37  33.63   84   0.01
  57185 113.58  33.45   92    0.2
  57187 112.93  33.07  119    0.9
  57188 114.03  33.37   56   0.01
  57189 113.95  33.13   65    0.7
  57194 114.27  33.28   60    6.4
  57197 114.33  33.00   54    0.8
  57198 114.62  33.55   47   0.01
  57204 105.23  32.58  801    0.1
  57213 106.93  33.00  537    1.8
  57216 106.83  32.35  577    1.2
  57217 106.28  32.23  493    0.1
  57231 108.53  32.53  504    8.2
  57233 108.50  32.90  413    5.3
  57242 109.37  32.85  285    9.5
  57247 108.90  32.32  442   12.2
  57248 109.33  32.40  429   21.6
  57249 109.68  32.32  453   42.0
  57253 110.82  32.85  204    8.8
  57254 110.12  32.82  324    4.8
  57257 110.23  32.23  309   26.1
  57260 111.52  32.55  143   27.1
  57261 111.50  33.13  196    5.4
  57268 111.63  32.27   87   39.1
  57271 112.38  32.55   89    4.7
  57273 112.85  32.68  110    2.2
  57274 112.12  32.70  108    2.7
  57281 113.30  32.70  142   12.5
  57292 114.63  32.97   44    0.2
  57293 114.98  32.73   39    2.8
  57294 114.02  32.83   84    1.4
  57295 114.35  32.62   83    3.6
  57296 114.73  32.35   50   15.3
  57298 114.55  32.22   56    8.3
  57299 114.90  32.02   50   10.4
  57317 106.42  31.03  323   0.01
  57318 106.55  31.07  339    0.1
  57320 107.22  31.93  483    1.7
  57324 107.08  31.58  363    2.7
  57326 107.72  31.37  390   0.01
  57329 107.85  31.10  462    0.4
  57333 108.67  31.95  800    4.6
  57338 108.42  31.18  213    0.5
  57345 109.62  31.40  339   12.9
  57349 109.87  31.07  270   18.2
  57361 111.27  31.88  331   15.5
  57362 110.67  31.75  939   19.2
  57363 111.83  31.80  146   36.6
  57368 111.63  31.05  138   93.2
  57370 112.22  31.73   68   28.7
  57377 112.22  31.00  184   64.9
  57385 113.82  31.63   94    9.8
  57387 113.13  31.00   80   41.7
  57388 113.70  31.27   55   36.5
  57389 113.75  31.03   33   36.8
  57390 114.07  31.80  731   11.4
  57396 114.85  31.63  130   15.6
  57398 114.62  31.28   76   36.0
  57407 105.03  30.28  464    0.1
  57408 105.35  30.12  333   0.01
  57409 105.80  30.18  295    0.2
  57413 106.97  30.85  295    0.2
  57414 106.45  30.55  396    0.1
  57415 106.63  30.47  336   0.01
  57416 106.93  30.33 3915    0.2
  57417 106.28  30.35  315    0.1
  57420 107.20  30.75  397    1.4
  57425 107.33  30.33  430    0.4
  57431 108.35  30.83  256    1.5
  57437 108.03  30.30  326    0.5
  57438 108.12  29.98  630    1.6
  57453 111.32  30.77  116   59.1
  57460 111.78  30.82   91   52.9
  57462 111.08  30.87  104   31.0
  57464 111.18  30.47  144   41.9
  57465 111.45  30.38   76   45.9
  57466 111.77  30.43   50   36.8
  57469 111.77  30.18   68   38.6
  57475 112.90  30.40   33   51.4
  57477 112.22  30.07   39   27.3
  57481 113.58  30.95   31   52.0
  57485 113.45  30.37   33   47.4
  57486 113.85  30.65   25   69.6
  57489 114.00  30.58   39   60.6
  57491 114.40  30.87   31   70.8
  57492 114.80  30.83   33   58.1
  57496 114.87  30.37   30   38.2
  57498 114.90  30.43   22   35.9
  57499 114.97  30.10   40   35.0
  57505 105.58  29.42  324    4.1
  57506 105.90  29.37  376    2.7
  57507 105.30  29.33  374    2.3
  57508 105.37  29.15  302    1.1
  57509 106.93  28.95  325    9.8
  57510 106.05  29.85  275    0.1
  57511 106.45  29.85  242    7.1
  57513 106.62  29.73  457    7.2
  57514 106.22  29.58  325    4.5
  57518 106.53  29.38  243    5.4
  57519 107.08  29.15  559    7.6
  57522 107.42  29.75  273    2.0
  57525 107.75  29.32  273   21.8
  57537 108.17  29.30  321    7.3
  57540 109.15  29.68  776   13.8
  57541 109.48  30.00  533    9.3
  57543 110.03  29.88  540   13.9
  57544 109.45  29.47  486   21.1
  57558 110.47  29.13  184   49.4
  57564 111.13  29.43  103   26.7
  57565 111.75  29.65   39   25.8
  57566 111.65  29.45   50   29.0
  57571 112.40  29.70   37    8.8
  57575 112.57  29.52   32   19.0
  57577 112.17  29.40   37   32.2
  57582 113.88  29.73   51   81.6
  57585 113.45  29.48   60   39.9
  57586 114.03  29.53   79   65.3
  57589 113.80  29.25  103   67.7
  57590 114.37  29.85   64   83.3
  57596 114.20  29.63    0   89.6
  57600 105.07  28.72  256   12.3
  57603 105.83  28.82  283    5.0
  57605 105.82  28.03  539    3.5
  57609 105.70  28.58  316    6.4
  57623 107.60  28.88  684   0.01
  57634 107.88  28.52  658   21.3
  57635 108.98  28.45  363   29.6
  57636 108.50  28.57  335   33.8
  57637 108.12  28.25  524   14.6
  57640 109.45  28.58  344   24.9
  57643 109.83  29.00  268   27.3
  57646 109.95  28.62  301   13.5
  57657 110.20  28.22  182   20.8
  57658 110.20  28.02  144   75.0
  57661 111.48  28.92   51   48.5
  57663 111.95  28.92   31   25.3
  57666 112.13  28.52   49   55.3
  57674 112.47  28.57   44   59.0
  57678 112.55  28.25   71   65.7
  57680 113.07  28.80   47   42.0
  57688 113.63  28.15  100   42.1
  57694 114.38  28.53  256   93.7
  57698 114.45  28.12   99   18.7
  57699 114.92  28.23   68   21.4
  57708 105.60  27.15 1704    6.7
  57713 106.88  27.70  844    0.1
  57714 106.23  27.47  942    1.4
  57717 106.83  27.53  974   0.01
  57719 106.97  27.07 1280   17.1
  57720 107.17  27.88  888    2.7
  57723 107.72  27.98  710    1.3
  57728 107.47  27.07 1095   21.1
  57732 108.40  28.02  458    2.8
  57734 108.23  27.57  468    9.3
  57735 108.82  27.18  396   21.6
  57736 108.85  27.70  376   20.4
  57737 108.12  27.03  546   15.4
  57738 108.42  27.05  517   36.2
  57739 108.88  27.23  375   11.5
  57740 109.60  27.95  349   43.5
  57742 109.20  27.52  883   19.9
  57743 109.80  27.88  176   31.2
  57744 109.17  27.37  356   22.2
  57754 110.15  27.35  170   34.7
  57760 111.43  27.70  247   38.8
  57762 111.70  27.68  163   44.3
  57763 112.00  27.73  151   46.9
  57767 111.03  27.12  266   57.2
  57768 111.45  27.32  242   51.6
  57769 111.73  27.23  257   30.9
  57771 112.52  27.93   89   51.2
  57772 112.50  27.75   84   50.8
  57773 112.82  27.87   63   43.4
  57777 112.87  27.23   65   24.6
  57778 112.95  27.10   68   37.3
  57781 113.50  27.65   71    9.3
  57786 113.85  27.65  110   35.9
  57792 114.68  27.82   93    9.0
  57796 114.93  27.80   79    8.8
  57798 114.60  27.40   89   14.0
  57800 105.37  26.77 1458   11.8
  57807 105.47  26.20 1359   24.7
  57808 105.75  26.32 1272    5.9
  57809 105.75  26.07 1251   19.1
  57811 106.60  26.85 1242    1.6
  57813 106.47  26.57 1265    1.1
  57814 106.27  26.42 1285    4.7
  57818 106.45  26.03 1145    3.7
  57821 107.50  26.70  924    2.8
  57822 107.90  26.90  833   21.2
  57824 107.23  26.58 1005    0.1
  57828 107.58  26.50  983    5.4
  57829 107.80  26.20  964   22.3
  57834 108.30  26.68  642   22.4
  57835 108.43  26.72  521   29.6
  57837 108.07  26.40  838   24.5
  57842 109.72  26.88  281   39.1
  57844 109.18  26.68  344   20.7
  57846 110.15  26.58  307   32.2
  57851 110.85  26.45  307   18.0
  57859 110.63  26.03  409   85.8
  57860 111.28  27.00  282   10.8
  57865 111.58  26.47  166   68.8
  57867 111.28  26.40  169   63.9
  57868 111.87  26.60  113   41.7
  57870 112.10  26.80  151   25.0
  57871 112.37  26.98   91   16.5
  57875 112.50  26.88   71   30.7
  57876 112.83  26.43  118   38.7
  57881 113.25  26.72  105   42.7
  57882 113.55  26.78  135   27.9
  57883 114.28  26.75  257   22.3
  57886 113.78  26.50  226   30.8
  57887 113.12  26.13  124   32.2
  57891 114.25  26.93  144   38.6
  57895 114.78  26.47   96   10.7
  57899 114.92  26.80   66   13.4
  57900 105.22  25.83 1553   31.3
  57903 105.60  25.93 1138   16.9
  57905 105.63  25.40 1063   15.2
  57908 105.48  25.12 1393   32.6
  57909 105.82  24.98  584   11.9
  57911 106.65  26.67 1325    0.1
  57913 106.98  26.45 1095   21.8
  57914 106.67  26.42 1143    2.1
  57915 106.77  26.63 1102   0.01
  57921 107.32  25.83  710    7.8
  57923 107.87  25.98  418   25.8
  57927 107.18  24.97  283    8.7
  57936 108.92  25.75  255   16.9
  57941 109.60  25.78  198    5.2
  57942 110.00  25.80  267   38.7
  57948 109.25  25.08  123  135.2
  57949 110.00  24.98  157   82.3
  57954 110.18  25.23  158  174.5
  57955 110.67  25.62  224  136.9
  57956 110.32  25.42  169  137.9
  57958 110.32  25.08  152   82.8
  57960 111.07  25.93  192  113.4
  57962 111.65  25.97  166   42.9
  57964 111.15  25.50  258   53.9
  57966 111.95  25.60  205   34.9
  57969 111.33  25.27  230   61.2
  57971 112.20  25.92  225   39.8
  57973 112.72  25.75  328   37.6
  57975 112.20  25.38  278   13.8
  57976 112.95  25.42  226   14.8
  57978 112.55  25.28  291   17.2
  57981 113.22  25.98  141   21.0
  57985 113.68  25.57  608   12.2
  57988 113.35  25.15  103   25.3
  57989 113.73  25.10   96   48.3
  57990 114.30  25.70  252   34.7
  57991 114.55  25.80  148   31.3
  57992 114.75  25.67  129   17.1
  57994 114.35  25.40  208   38.7
  57995 114.93  25.40  166    2.3
  58048 119.35  34.12    9   0.01
  58049 119.82  34.03    7    0.3
  58104 115.07  33.40   42   0.01
  58107 115.25  33.07   40    0.6
  58114 116.18  33.48   29   0.01
  58117 116.20  33.13   33    0.5
  58126 117.87  33.47   24    0.1
  58127 117.20  32.98   23    0.1
  58129 117.87  33.13   20    0.1
  58139 118.88  33.30   13    0.5
  58145 119.17  33.53    8   0.01
  58146 119.77  33.47    7   0.01
  58147 118.97  32.98   28    2.3
  58148 119.30  33.23   11    0.1
  58202 115.58  32.63   37   15.4
  58205 115.43  32.47   36   10.5
  58207 115.05  32.17   42   20.9
  58210 116.23  32.65   25    3.9
  58212 116.73  32.72   27    0.8
  58214 116.28  32.33   37    9.8
  58220 117.15  32.47   32    0.2
  58222 117.55  32.85   31    0.6
  58223 117.98  32.78   38    0.3
  58224 117.02  32.65   36    1.7
  58230 118.27  32.08   34    5.3
  58235 118.85  32.37   16   0.01
  58237 118.62  32.05   22    3.3
  58242 119.18  32.28   14   0.01
  58243 119.83  32.93    7    0.2
  58244 119.58  32.45   10   0.01
  58245 119.42  32.42   14   0.01
  58246 119.90  32.52   11   0.01
  58247 119.82  32.25    5    1.4
  58249 120.00  32.17    8    1.4
  58257 120.25  31.98   12    0.8
  58264 121.18  32.33   11    0.5
  58268 121.08  32.10    8    0.6
  58269 121.65  31.78   12   0.01
  58301 115.38  31.82   90    9.4
  58306 115.88  31.68   94    8.8
  58316 116.95  31.47   26   14.9
  58317 116.37  30.87  434   33.9
  58320 117.13  31.73   26    5.8
  58323 117.47  31.88   29   10.7
  58327 117.28  31.25   24   21.8
  58329 117.87  31.33   24   31.2
  58330 118.08  31.75   20    4.9
  58331 118.37  31.73   26    7.0
  58334 118.37  31.38   23   20.3
  58335 118.52  31.57   16   12.0
  58337 118.18  31.08   30   31.1
  58339 118.90  31.33   24   42.0
  58340 119.03  31.65   23    6.0
  58341 119.58  31.98   10    0.1
  58342 119.55  31.72    7    1.6
  58344 119.20  31.97   35    4.5
  58346 119.82  31.33   15    5.4
  58349 120.63  31.27    9    5.8
  58351 120.30  31.90   12    0.8
  58352 120.77  31.65    8    1.0
  58353 120.57  31.87    6    0.1
  58359 120.62  31.13    9    5.0
  58360 121.20  31.92    6   0.01
  58361 121.37  31.10   10    7.5
  58365 121.25  31.37    9    4.1
  58366 121.40  31.63    9    0.5
  58367 121.43  31.20   18    5.8
  58369 121.78  31.05    9   13.2
  58370 121.55  31.22   11    6.5
  58377 121.10  31.47    6    3.0
  58401 115.40  30.78  106   91.5
  58404 115.22  30.47   57   46.0
  58408 115.43  30.23   35   49.9
  58409 115.93  30.07   20   19.0
  58415 116.58  30.63   38   30.3
  58416 116.82  30.75   38   24.7
  58417 116.13  30.17   50   25.9
  58418 116.70  30.13   26   64.8
  58420 117.22  30.72   38   28.5
  58421 117.87  30.63   32   52.4
  58423 117.78  30.48  643   57.4
  58426 118.13  30.30  192   48.0
  58427 117.48  30.67   36   44.9
  58428 117.48  30.22  115   63.5
  58431 118.32  30.92   17   20.5
  58432 118.40  30.68   39   28.8
  58433 118.75  30.93   30   23.0
  58435 118.53  30.30  221   61.2
  58438 118.58  30.08  197   79.8
  58441 119.42  30.87   53   33.1
  58442 119.18  31.13   16   31.6
  58443 119.90  31.02   19    9.0
  58446 119.68  30.63   25   26.7
  58449 119.95  30.05   47   78.2
  58451 120.93  30.83    3    8.6
  58452 120.77  30.73    4   12.8
  58453 120.50  30.07   10   78.5
  58454 119.97  30.53    5   30.4
  58455 120.65  30.52    8   22.2
  58456 120.52  30.63    6   44.5
  58458 120.90  30.53    3   27.6
  58459 120.28  30.18   42   53.9
  58460 121.35  30.73    6   11.2
  58461 121.12  31.13    8    3.2
  58462 121.23  31.03    9    5.9
  58463 121.50  30.88    9   10.5
  58468 121.17  30.05   10   87.8
  58484 122.20  30.25    9   62.5
  58501 115.63  29.93   25   37.6
  58502 116.00  29.73   37   29.8
  58503 115.68  29.70   41   52.7
  58508 115.77  29.33   42   66.9
  58509 115.82  29.05   38   94.7
  58510 116.23  29.73   40   60.2
  58512 116.55  29.90   66   86.8
  58514 116.05  29.45   35   62.0
  58517 116.20  29.27   43  130.4
  58523 117.93  29.93  231   81.6
  58529 117.85  29.27   82   88.7
  58530 118.43  29.87  170   84.0
  58534 118.18  29.78  173   88.8
  58537 118.40  29.13  153   82.3
  58542 119.68  29.82   45   64.4
  58544 119.27  29.48   87  113.9
  58546 119.88  29.47  114  120.8
  58547 119.18  29.03   65   58.1
  58548 119.47  29.22   46   82.2
  58550 120.25  29.70   39  105.0
  58555 120.88  29.52  112   43.7
  58558 120.22  29.27   89   45.0
  58559 120.98  29.17   59   25.5
  58561 121.60  29.98    3   83.4
  58563 121.83  29.88    4   52.9
  58565 121.43  29.68    6   39.8
  58566 121.88  29.47   14   23.1
  58567 121.43  29.32   39   25.4
  58568 121.38  29.12   35   22.0
  58570 122.30  29.95   83   61.0
  58601 115.38  28.70   54   61.0
  58602 115.55  28.85   46   95.9
  58605 115.38  28.42   49   31.3
  58607 115.95  28.55   35   38.3
  58609 115.82  28.22   30   20.9
  58612 116.68  28.70   22   35.8
  58614 116.27  28.38   40   48.7
  58615 117.08  28.68   56   39.1
  58616 116.82  28.20   44   20.7
  58618 116.60  28.23   51   17.8
  58619 116.37  28.00   47   21.8
  58620 117.13  28.97   37   78.5
  58623 117.92  28.47   92   37.8
  58624 117.43  28.40   64   50.6
  58625 117.60  28.42   80   43.6
  58627 117.03  28.25   64   26.2
  58629 117.70  28.32   59   71.1
  58631 118.50  28.90  134   41.1
  58632 118.60  28.72  124   28.6
  58635 118.20  28.43   96   34.2
  58642 119.80  28.88  102   43.5
  58643 120.03  28.90   99   46.3
  58644 119.28  28.60  237   41.1
  58647 119.13  28.07  196   51.5
  58654 120.08  28.67  184   37.2
  58656 120.97  28.12    7    7.8
  58657 120.28  28.15   59   12.3
  58658 120.68  28.15   36   10.6
  58659 120.65  28.03   29    7.0
  58660 121.13  28.85    8   13.3
  58664 121.37  28.37   33    6.7
  58693 115.83  28.70   37   97.3
  58701 115.40  27.77   47   39.4
  58704 115.35  27.62   61   18.7
  58706 115.83  27.43  180    9.6
  58707 115.13  27.22   66   26.5
  58710 116.05  27.77   76   20.1
  58712 116.78  27.92  123   25.2
  58713 117.07  27.72  220   34.8
  58714 116.23  27.55  115   28.2
  58719 116.93  27.30  123    9.1
  58724 117.30  27.52  264   22.1
  58735 118.80  27.52  201   11.0
  58736 118.82  27.37  220   34.9
  58745 119.07  27.62  368   14.6
  58746 119.70  27.55  514   15.6
  58747 119.35  27.15  900    4.2
  58748 119.65  27.10   51   0.01
  58749 119.88  27.23  680    0.6
  58750 120.08  27.78  106   12.7
  58751 120.55  27.68    5    3.6
  58804 115.35  26.35  153   17.3
  58814 116.35  26.35  237    3.8
  58819 116.80  26.17  329    2.6
  58821 117.47  26.73  174    1.1
  58822 116.85  26.83  341    7.9
  58823 117.80  26.80  173   19.6
  58824 117.15  26.40  355    0.5
  58826 117.80  26.40  120    4.6
  58828 117.62  26.27  206    0.6
  58836 118.73  26.58  359    4.1
  58839 118.85  26.23   42    0.1
  58903 116.03  25.90  208    6.3
  58905 115.42  25.97  136   10.5
  58906 115.80  25.60  167    5.6
  58907 115.40  25.15  300    3.5
  58912 116.75  25.72  379    1.4
  58917 116.10  25.08  307   30.0
  58923 117.83  25.70  397    0.1
  59001 105.33  24.78  674   22.3
  59012 106.55  24.78  973   17.1
  59015 106.57  24.35  442    8.2
  59017 106.27  24.27  279    3.5
  59022 107.55  24.98  695   18.8
  59025 107.38  24.53  249    8.8
  59027 107.25  24.13  244   18.4
  59031 108.25  24.83  205   19.4
  59033 108.90  24.78  330   21.8
  59034 108.67  24.48  149   10.2
  59038 108.65  24.07  142   16.3
  59041 109.25  24.65  109   53.0
  59044 109.38  24.47   99   22.5
  59045 109.75  24.48   95   26.3
  59047 109.33  24.25  101   26.9
  59051 110.50  24.77  133   48.9
  59052 110.82  24.83  167   45.4
  59053 110.67  24.62  108   35.7
  59055 110.40  24.50  166   44.6
  59057 110.18  24.13  827   45.3
  59059 110.80  24.18  107  101.9
  59061 111.27  24.82  198   45.5
  59063 111.45  25.18  262   32.3
  59064 111.32  24.55  141   65.7
  59071 112.28  24.73  175   12.5
  59074 112.15  24.57  300   20.3
  59075 112.63  24.48   70   11.8
  59081 113.27  24.78   98   17.4
  59090 114.07  24.95  103   15.2
  59091 114.53  24.75  257   19.3
  59093 115.03  24.78  254   14.1
  59094 114.12  24.37  135    9.9
  59099 114.93  24.45  175    2.5
  59106 115.90  24.58  152    4.9
  59109 115.73  24.15  126   0.01
  59114 116.17  24.65  131    1.7
  59127 117.83  24.43   14   0.01
  59137 118.57  24.82   55   0.01
  59213 106.92  23.73  113   15.1
  59215 106.62  23.33  640    2.0
  59224 107.12  23.60  116    6.3
  59227 107.15  23.08  438    4.9
  59229 107.70  23.18  101   33.8
  59230 108.17  23.72  173    1.8
  59235 108.62  23.43  116   39.8
  59237 108.28  23.17  115   11.5
  59238 108.80  23.22  123   10.1
  59241 109.68  23.97   91   63.8
  59246 109.67  23.60   70   38.4
  59249 109.62  23.12   56   30.1
  59255 110.38  23.55   37   11.0
  59256 110.92  23.37   56   48.6
  59264 111.50  23.40   79    8.8
  59266 111.23  23.42   46   27.4
  59268 111.53  23.25   31   10.0
  59269 111.77  23.15   27    5.8
  59270 112.18  23.92   78   10.9
  59276 112.65  23.35   40    1.3
  59279 112.87  23.18   18    7.6
  59284 113.22  23.38    6    8.7
  59285 113.60  23.57   39    3.2
  59288 113.13  23.05    3    3.7
  59290 114.23  23.73   71   14.5
  59297 114.28  23.18   16    0.2
  59310 116.18  23.77   39    1.9
  59312 116.63  23.67   11    0.1
  59313 116.98  23.68   42    0.1
  59314 116.13  23.30   27   0.01
  59318 116.58  23.27   10    0.4
  59319 116.77  23.47    9   0.01
  59320 117.13  23.77   27    1.2
  59322 117.37  23.98   20   0.01
  59419 106.75  22.10  243   0.01
  59421 107.20  22.83  257    3.2
  59425 107.35  22.40  107    1.3
  59426 107.90  22.63   92    4.7
  59429 107.97  22.15  183    6.7
  59432 108.40  22.80  203   34.1
  59435 108.48  22.77   75   11.6
  59441 109.25  22.70   78   54.5
  59448 109.55  22.27   70   40.0
  59449 109.98  22.30   80  118.2
  59451 110.35  22.70   99  122.3
  59452 110.53  22.85  100   53.2
  59454 111.00  22.92  104   49.3
  59457 110.27  22.32  120   24.1
  59469 111.78  22.17   33  117.7
  59470 112.22  22.72   33    7.2
  59471 112.05  22.93  102    3.7
  59473 112.97  22.77   20    3.6
  59475 112.65  22.40   24    1.3
  59476 113.03  22.53   35   21.1
  59477 112.30  22.18   25    1.6
  59480 113.25  22.85   21   11.6
  59481 113.32  22.93   16   15.5
  59487 113.30  22.23   12   18.6
  59500 115.32  22.97   10   0.01
  59502 115.65  22.95   11    4.0
  59635 108.35  21.62   26    5.3
  59650 110.25  21.38   25   50.5
  59653 110.85  21.93   35    2.1
  59654 110.30  21.63   28    7.7
  59655 110.62  21.65   35   12.2
  59656 110.77  21.43   29   42.3
  59659 110.92  21.75   32   17.1
  59750 110.10  20.92   25    5.2
  59757 110.37  20.00   10    7.0
  59843 110.00  19.73   36    5.0
  59851 110.33  19.70   25   0.01
  59856 110.75  19.62   26   0.01
