diamond  3 2013年05月12日08点24小时降雨量                    
  13  05  12  08    -1 3 10 25 50 1 0
 39 122.7  37.3 122.5  36.7 120.8  36.2 119.3  35.0 120.4  34.3
 121.1  32.7 122.3  30.9 122.5  30.1 121.5  28.0 119.8  25.0
 116.1  22.6 111.0  21.0 111.0  18.6 109.6  18.1 108.3  18.5
 108.9  19.9 109.3  21.0 106.4  21.6 104.1  22.2 101.6  20.8
  98.7  22.0  97.1  24.1  97.7  27.0  91.7  26.6  85.7  27.7
  78.9  30.6  73.3  37.1  74.1  40.7  87.6  49.8  98.5  43.9
 110.4  44.3 122.0  54.7 135.7  48.3 131.5  42.2 125.2  39.4
 121.3  38.5 121.2  40.3 118.5  38.6 120.8  38.1
1         283
  50137 122.37  53.47  297   12.4
  50431 121.52  50.78  718    2.9
  50445 123.73  50.58  424   12.1
  50524 119.43  49.32  578    1.5
  50525 119.75  49.15  621    9.3
  50526 120.70  49.28  670   12.8
  50566 128.47  49.55  117    1.9
  50645 124.48  48.48  196    1.7
  50646 124.85  48.48  204    6.6
  50655 126.18  48.50  267    4.6
  50659 126.25  48.03  293    2.2
  50673 130.40  48.88   92    5.9
  50674 129.43  48.57  404    1.3
  50741 123.50  47.93  186   0.01
  50749 124.83  47.18  159   0.01
  50750 125.30  47.90  228   10.6
  50755 126.10  47.60  232    7.9
  50767 127.10  47.23  204   13.1
  50772 129.23  48.10  299    0.6
  50775 130.27  47.33  229    7.6
  50776 130.83  47.57   84    6.8
  50778 132.53  47.67   59    1.4
  50779 134.28  48.37   41    0.3
  50787 131.85  47.28   63    1.9
  50851 126.08  46.68  209   14.0
  50852 126.45  46.83  170    7.7
  50858 125.93  46.07  136    5.8
  50859 126.27  46.25  160    3.9
  50861 127.48  46.88  186    6.4
  50867 127.35  46.08  134    4.7
  50871 129.88  46.73   96   11.5
  50878 130.72  47.00   80    1.8
  50879 130.55  46.22  187    1.7
  50880 131.12  46.73  104    1.1
  50884 131.15  46.63  176    1.3
  50913 118.83  45.72  866    1.2
  50924 119.67  45.53  824    1.4
  50928 120.33  45.07  629    1.3
  50937 121.47  45.05  250    1.7
  50940 123.17  45.85  142    0.1
  50946 124.83  45.18  140   0.01
  50954 125.08  45.50  129    1.1
  50956 126.57  45.93  117   11.9
  50958 126.95  45.52  175    5.9
  50960 127.45  45.78  192   13.9
  50962 128.03  45.95  113    8.5
  50964 128.80  45.83  123   11.6
  50965 128.30  45.45  157   13.8
  50971 131.02  45.77  226    2.0
  50979 130.23  45.27  279    0.2
  50985 131.87  45.55  155   0.01
  50987 131.13  45.25  181    1.2
  51436  83.25  43.45  929    4.9
  51438  81.77  43.18 1210    0.6
  51465  87.10  43.48 1874    1.4
  51468  86.83  43.10 3543    3.4
  51722  80.40  40.65 1046    0.3
  51814  77.40  37.92 1360   0.01
  51827  79.72  37.28 1326   0.01
  54024 119.30  44.45  710    0.5
  54031 121.82  44.90  201    0.7
  54047 123.28  44.13  146   0.01
  54065 125.65  44.53  173    1.9
  54069 125.80  44.17  175    1.6
  54072 126.52  44.85  203    4.8
  54076 126.93  44.42  254   17.2
  54080 127.15  44.90  196    6.0
  54092 129.40  44.60  294   0.01
  54093 130.55  44.93  266    2.5
  54099 131.13  44.08  151    5.4
  54156 124.80  43.52  200   0.01
  54169 126.02  43.30  270    0.2
  54172 126.60  43.78  199    3.2
  54187 128.92  43.12  369    6.8
  54192 130.27  43.70  386    4.2
  54252 124.75  42.73  198   0.01
  54267 125.73  42.25  363    3.3
  54290 129.40  42.77  245    1.5
  54291 130.28  42.90   37    2.5
  54293 129.83  42.95  141    3.7
  54340 123.32  41.67   47   0.01
  54345 123.07  41.20   29   0.01
  54347 123.17  41.23   25   0.01
  54348 123.32  41.42   43   0.01
  54362 125.73  41.67  388    1.8
  54371 126.43  41.93  521    3.4
  54483 123.90  40.88  239   0.01
  56016  95.62  33.85 4181    0.1
  56147  98.83  31.22 3261    0.1
  56158 100.67  31.40 3250    6.2
  56180 103.85  31.68 1591    0.3
  56184 103.17  31.43 1884    1.3
  56263 101.88  30.88 1948    0.4
  56267 101.02  30.03 2598    0.3
  56273 102.82  30.38 1011   0.01
  56278 102.77  30.07  756   0.01
  56279 102.93  30.15  683   0.01
  56371 102.23  29.92 1322    2.0
  56376 102.68  29.35 1098    0.4
  56378 102.35  29.23  891    3.7
  56391 103.82  30.08  416   0.01
  56441  99.28  28.72 2424    1.7
  56443  99.80  28.93 2842    2.6
  56473 102.77  28.95 1061    1.3
  56474 102.17  28.55 1775    5.6
  56478 102.43  28.30 1819    1.0
  56480 103.53  28.82  564   0.01
  56487 103.13  28.33 1945    0.3
  56489 103.63  28.23  876   0.01
  56567 100.85  27.30 2242    0.2
  56569 102.18  27.42 1381    0.2
  56575 102.55  27.37 1429    4.2
  56578 102.75  27.07 1093    6.3
  56580 102.80  27.72 2461    0.8
  56585 103.53  27.18 1916    1.9
  56595 104.87  27.42 1644    0.1
  56641  98.87  26.90 1191    1.2
  56645  99.42  26.42 2345    8.7
  56646  99.92  26.53 2193    3.5
  56649  99.97  26.10 2059    1.6
  56652 100.75  26.68 2131    5.4
  56654 100.18  26.58 2196    5.9
  56665 101.85  26.68 1140   0.01
  56669 101.67  26.05 1531   0.01
  56670 102.12  26.90 1105    5.1
  56673 102.92  26.92  894    0.3
  56675 102.58  26.65 1695   10.7
  56688 103.17  26.10 1253    1.8
  56697 104.08  26.22 1987    0.1
  56742  99.37  25.90 1663    0.7
  56745  99.95  25.68 1627    1.3
  56746  99.52  25.47 1618    1.1
  56755 100.48  25.35 1670    1.4
  56756 100.58  25.48 1993    0.1
  56757 100.28  25.27 1744    1.5
  56761 101.32  25.72 1873    3.4
  56764 101.23  25.53 1875    0.3
  56766 101.52  25.33 1769    1.9
  56767 101.28  25.18 1858    6.7
  56772 102.50  25.23 1694   13.0
  56774 102.42  25.53 1712    1.6
  56775 102.45  25.55 1752    2.7
  56777 102.07  25.15 1566    1.6
  56781 103.27  25.55 1874   16.7
  56782 103.55  25.42 2064   11.2
  56783 103.80  25.50 1906   12.0
  56785 103.03  25.33 1925   12.0
  56788 103.67  25.03 1842   10.9
  56790 104.25  25.68 1920    1.7
  56835  97.82  24.07  958    2.7
  56836  97.95  24.70  828   22.4
  56839  98.82  23.77  994    5.4
  56840  98.30  24.82 1013   17.5
  56841  98.68  24.60 1527   18.9
  56842  99.18  24.73 1473   20.5
  56843  99.62  24.83 1650    4.9
  56844  98.58  24.43  915    3.6
  56846  99.93  24.58 1569    7.1
  56849  99.23  24.03 1607    5.6
  56851 100.52  25.03 1378    0.1
  56854 100.13  24.45 1108    2.8
  56862 101.60  24.68 1966    2.6
  56863 102.48  24.93 1850    0.2
  56867 101.12  23.98 1107    0.2
  56869 101.97  24.07 1498    0.1
  56870 102.17  24.67 1576    6.6
  56871 102.60  24.65 1894    2.3
  56872 102.62  24.95 2360    1.1
  56873 102.90  24.67 1752    5.8
  56876 102.77  24.28 1732    0.5
  56878 102.75  24.13 1802    0.5
  56879 102.92  24.20 1610    2.0
  56880 103.17  24.92 1532    5.9
  56881 103.27  24.75 1694    4.8
  56882 102.80  24.88 1909    1.3
  56883 103.98  24.83 1846    8.6
  56885 103.45  24.40 1416    0.5
  56889 104.17  24.05 1518    3.3
  56891 104.32  24.98 1482    1.2
  56898 102.40  24.18 1542    0.7
  56944  99.27  23.15 1280    0.6
  56948  99.60  22.63 1156   13.2
  56949  99.60  22.32  946    5.6
  56950  99.80  23.47 1044    1.8
  56952 100.70  23.50  914    5.2
  56958 100.42  21.92 1177    1.5
  56961 101.05  23.03 1321   13.3
  56962 101.67  23.42 1315    2.3
  56970 102.48  23.70 1419    4.1
  56973 102.83  23.62 1310    3.5
  56975 102.43  23.37  975    0.6
  56976 102.83  23.23  229    0.8
  56978 102.42  23.00 1640    8.1
  56982 103.25  23.70 1055   33.2
  56984 103.15  23.38 1717    0.9
  56987 103.23  22.78 1261   23.3
  56989 103.95  22.50  138    3.3
  56992 104.70  23.45 1508    1.6
  56994 104.25  23.38 1277    3.4
  56995 104.42  23.03 1335    4.5
  56996 104.70  23.13 1094    0.3
  57140 109.12  33.67  818   0.01
  57875 112.50  26.88   71    0.1
  57908 105.48  25.12 1393   0.01
  57960 111.07  25.93  192    0.1
  57976 112.95  25.42  226   0.01
  57989 113.73  25.10   96    0.1
  57994 114.35  25.40  208   0.01
  58735 118.80  27.52  201   0.01
  58746 119.70  27.55  514    0.1
  58747 119.35  27.15  900    1.8
  58748 119.65  27.10   51    2.5
  58749 119.88  27.23  680   0.01
  58823 117.80  26.80  173    0.1
  58828 117.62  26.27  206   0.01
  58839 118.85  26.23   42    0.5
  58845 119.53  26.50   57    0.5
  58848 119.55  26.20   12   0.01
  58903 116.03  25.90  208   0.01
  58907 115.40  25.15  300   0.01
  58912 116.75  25.72  379   0.01
  58923 117.83  25.70  397    0.1
  58928 117.53  25.02  160    1.7
  58929 118.15  25.07   66   16.3
  58932 118.93  25.87   85    1.0
  58934 118.27  25.33  170    3.8
  58935 118.23  25.48  516    3.3
  58938 118.98  25.23   22   12.2
  58940 119.33  26.08   28   0.01
  58941 119.50  25.97   11    0.1
  58942 119.38  25.72   39    0.1
  58946 119.00  25.45   84    2.7
  59001 105.33  24.78  674   0.01
  59004 105.10  24.50  729   0.01
  59081 113.27  24.78   98   0.01
  59091 114.53  24.75  257   0.01
  59094 114.12  24.37  135   0.01
  59099 114.93  24.45  175    0.1
  59122 117.75  24.62   42    0.2
  59124 117.37  24.52   31    5.7
  59125 117.30  24.38  105    4.2
  59127 117.83  24.43   14    5.7
  59129 117.60  24.13   53    2.5
  59130 118.15  24.73   28    4.3
  59131 118.37  24.97   44   31.1
  59137 118.57  24.82   55   11.7
  59205 105.63  23.65  688    0.1
  59288 113.13  23.05    3   0.01
  59290 114.23  23.73   71    0.2
  59297 114.28  23.18   16    2.7
  59310 116.18  23.77   39    0.5
  59312 116.63  23.67   11   21.0
  59313 116.98  23.68   42   18.7
  59314 116.13  23.30   27    9.5
  59315 116.38  23.58   25    7.1
  59318 116.58  23.27   10   15.2
  59319 116.77  23.47    9    8.0
  59320 117.13  23.77   27   24.5
  59322 117.37  23.98   20    6.4
  59419 106.75  22.10  243    0.4
  59469 111.78  22.17   33    2.4
  59471 112.05  22.93  102    0.1
  59475 112.65  22.40   24   33.1
  59476 113.03  22.53   35   10.4
  59477 112.30  22.18   25   22.4
  59480 113.25  22.85   21   0.01
  59481 113.32  22.93   16   0.01
  59487 113.30  22.23   12   13.2
  59492 114.70  22.92   43    3.3
  59500 115.32  22.97   10   39.0
  59502 115.65  22.95   11   15.1
  59757 110.37  20.00   10    0.2
  59842 109.68  19.90   31   0.01
  59843 110.00  19.73   36    1.5
  59847 109.05  19.27  101    5.3
  59848 109.43  19.23  219   33.6
  59851 110.33  19.70   25    4.4
  59854 110.10  19.37  119    4.5
  59856 110.75  19.62   26   63.9
  59940 109.17  18.75  156    1.3
  59941 109.52  18.77  328    0.1
  59945 109.70  18.65   65    3.4
  59951 110.33  18.80   38    6.0
