diamond  3 2013年05月31日08点24小时降雨量                    
  13  05  31  08    -1 3 10 25 50 1 0
 39 122.7  37.3 122.5  36.7 120.8  36.2 119.3  35.0 120.4  34.3
 121.1  32.7 122.3  30.9 122.5  30.1 121.5  28.0 119.8  25.0
 116.1  22.6 111.0  21.0 111.0  18.6 109.6  18.1 108.3  18.5
 108.9  19.9 109.3  21.0 106.4  21.6 104.1  22.2 101.6  20.8
  98.7  22.0  97.1  24.1  97.7  27.0  91.7  26.6  85.7  27.7
  78.9  30.6  73.3  37.1  74.1  40.7  87.6  49.8  98.5  43.9
 110.4  44.3 122.0  54.7 135.7  48.3 131.5  42.2 125.2  39.4
 121.3  38.5 121.2  40.3 118.5  38.6 120.8  38.1
1         694
  50524 119.43  49.32  578    0.5
  50525 119.75  49.15  621   0.01
  50526 120.70  49.28  670    0.8
  50566 128.47  49.55  117    0.8
  50655 126.18  48.50  267   0.01
  50673 130.40  48.88   92    2.1
  50778 132.53  47.67   59   0.01
  50779 134.28  48.37   41    2.8
  50787 131.85  47.28   63   0.01
  50884 131.15  46.63  176   0.01
  50892 134.00  46.80   57    6.6
  51352  85.25  44.85  338    0.3
  51353  86.10  45.02  347    0.6
  51357  85.62  44.33  523   0.01
  51359  86.20  44.32  473   0.01
  51465  87.10  43.48 1874   0.01
  51572  89.25  42.83  -47   0.01
  52656 100.82  38.43 2282    0.8
  52745  99.02  37.30 3417    7.0
  52842  99.08  36.78 3088    2.3
  52853 100.98  36.90 3011    3.2
  52855 101.25  36.68 2676    2.8
  52862 101.68  36.95 2451   0.01
  52869 101.58  36.50 2665    1.2
  52875 102.10  36.50 2129   0.01
  52957 100.60  35.25 3149    5.8
  52968 101.47  35.03 3663    0.5
  52985 103.33  35.42 2164   0.01
  52988 103.72  35.37 2000   0.01
  53958 110.78  35.13  389   0.01
  53978 112.63  35.08  140   0.01
  54907 116.65  34.98   38    0.3
  54917 116.32  35.10   41   0.01
  54927 117.20  35.10   79    0.2
  54932 118.65  35.77  184   0.01
  54935 118.43  35.53  120   0.01
  54938 118.40  35.05   66   0.01
  54939 118.82  35.17  116   0.01
  56016  95.62  33.85 4181   13.3
  56045  99.90  33.97 4051   22.2
  56071 102.50  34.58 3107    0.1
  56081 103.35  34.70 2811   0.01
  56082 103.50  34.58 2544   0.01
  56084 103.23  34.07 2376    4.3
  56095 104.38  34.03 1754   0.01
  56097 104.23  33.27 1407    3.7
  56147  98.83  31.22 3261   0.01
  56164 100.98  32.27 3286    4.3
  56168 102.07  31.48 2170   0.01
  56171 101.70  32.90 3276    2.7
  56180 103.85  31.68 1591    0.1
  56184 103.17  31.43 1884    0.2
  56185 102.98  32.08 2400   22.9
  56186 104.20  31.33  589   0.01
  56192 104.67  32.95 1016    2.2
  56193 104.52  32.42  894    7.8
  56267 101.02  30.03 2598   0.01
  56279 102.93  30.15  683   0.01
  56376 102.68  29.35 1098   0.01
  56441  99.28  28.72 2424   0.01
  56473 102.77  28.95 1061   0.01
  56489 103.63  28.23  876   0.01
  56580 102.80  27.72 2461   0.01
  56595 104.87  27.42 1644    0.4
  56641  98.87  26.90 1191    2.6
  56645  99.42  26.42 2345    3.5
  56646  99.92  26.53 2193   0.01
  56652 100.75  26.68 2131   0.01
  56654 100.18  26.58 2196    0.1
  56669 101.67  26.05 1531   0.01
  56697 104.08  26.22 1987   0.01
  56742  99.37  25.90 1663   0.01
  56745  99.95  25.68 1627   0.01
  56746  99.52  25.47 1618    2.0
  56757 100.28  25.27 1744   0.01
  56775 102.45  25.55 1752    0.5
  56777 102.07  25.15 1566   0.01
  56782 103.55  25.42 2064   0.01
  56783 103.80  25.50 1906   0.01
  56785 103.03  25.33 1925   17.2
  56790 104.25  25.68 1920   0.01
  56835  97.82  24.07  958    1.7
  56836  97.95  24.70  828    1.1
  56839  98.82  23.77  994   0.01
  56840  98.30  24.82 1013    0.9
  56841  98.68  24.60 1527   31.1
  56842  99.18  24.73 1473    0.9
  56843  99.62  24.83 1650    0.1
  56844  98.58  24.43  915    0.7
  56846  99.93  24.58 1569    1.1
  56849  99.23  24.03 1607    0.3
  56854 100.13  24.45 1108    0.9
  56863 102.48  24.93 1850    3.0
  56869 101.97  24.07 1498   0.01
  56872 102.62  24.95 2360    1.3
  56873 102.90  24.67 1752    8.8
  56876 102.77  24.28 1732   0.01
  56878 102.75  24.13 1802   0.01
  56879 102.92  24.20 1610    0.3
  56880 103.17  24.92 1532    1.3
  56881 103.27  24.75 1694    0.2
  56882 102.80  24.88 1909    2.7
  56885 103.45  24.40 1416   0.01
  56889 104.17  24.05 1518   12.5
  56891 104.32  24.98 1482    0.2
  56898 102.40  24.18 1542   0.01
  56944  99.27  23.15 1280    0.6
  56948  99.60  22.63 1156    0.7
  56949  99.60  22.32  946    1.5
  56950  99.80  23.47 1044    3.4
  56952 100.70  23.50  914   26.7
  56958 100.42  21.92 1177    0.6
  56961 101.05  23.03 1321    7.1
  56962 101.67  23.42 1315   14.5
  56970 102.48  23.70 1419    0.4
  56973 102.83  23.62 1310   16.1
  56975 102.43  23.37  975   13.2
  56976 102.83  23.23  229   10.6
  56978 102.42  23.00 1640   33.6
  56982 103.25  23.70 1055   0.01
  56984 103.15  23.38 1717   24.1
  56987 103.23  22.78 1261    5.5
  56989 103.95  22.50  138    0.7
  56992 104.70  23.45 1508   12.7
  56994 104.25  23.38 1277    0.9
  56995 104.42  23.03 1335    4.3
  56996 104.70  23.13 1094    5.4
  57007 105.18  34.18 1406   0.01
  57008 105.30  34.03 1578   0.01
  57043 109.97  34.80  352   0.01
  57057 110.15  34.10  961    0.2
  57060 111.23  35.17  404   0.01
  57066 111.67  34.38  329   0.01
  57070 112.12  34.73  358   0.01
  57075 112.87  34.17  203    0.3
  57078 112.47  34.15  337    0.4
  57082 113.02  34.47  428   0.01
  57086 113.72  34.38  116   0.01
  57087 113.80  34.20   88   0.01
  57088 113.50  34.15  117   0.01
  57095 114.15  34.12   61    0.5
  57098 114.40  34.08   59    1.1
  57099 114.85  34.07   53    1.5
  57102 105.72  33.75  971   0.01
  57105 105.60  33.33 1219   0.01
  57110 106.08  33.78  930   0.01
  57111 106.30  33.92  967   0.01
  57113 106.53  33.90  990    0.1
  57119 106.70  33.17  551    1.9
  57126 107.55  33.22  470    2.6
  57128 107.33  33.17  487    2.2
  57129 107.72  32.98  447    3.2
  57132 108.62  34.12  415   0.01
  57137 108.32  33.32  801    2.1
  57140 109.12  33.67  818    1.1
  57153 110.33  33.68  584    0.8
  57155 109.87  33.55  661    1.5
  57162 112.08  34.15  327    0.4
  57169 111.87  33.05  160    0.7
  57173 112.88  33.75  147    0.8
  57175 112.23  33.05  192    0.9
  57176 112.42  33.48  230    1.0
  57177 113.53  33.33   91    2.8
  57179 113.00  33.28  161    1.2
  57180 113.20  33.98  118    0.4
  57182 113.50  33.85   81    1.1
  57183 113.92  33.80   61    1.4
  57184 113.37  33.63   84    0.8
  57185 113.58  33.45   92    1.6
  57186 114.05  33.60   59    2.5
  57187 112.93  33.07  119    1.0
  57188 114.03  33.37   56    3.9
  57189 113.95  33.13   65    2.6
  57190 114.40  33.75   51    1.7
  57192 114.85  33.73   47    2.1
  57194 114.27  33.28   60    3.8
  57195 114.62  33.62   47    3.9
  57196 114.87  33.47   42    8.6
  57197 114.33  33.00   54    0.7
  57198 114.62  33.55   47    5.2
  57204 105.23  32.58  801    2.0
  57213 106.93  33.00  537    1.7
  57216 106.83  32.35  577    0.1
  57231 108.53  32.53  504    0.6
  57233 108.50  32.90  413    3.6
  57242 109.37  32.85  285    0.4
  57247 108.90  32.32  442   0.01
  57248 109.33  32.40  429    0.2
  57249 109.68  32.32  453   0.01
  57253 110.82  32.85  204   0.01
  57254 110.12  32.82  324    0.8
  57257 110.23  32.23  309   0.01
  57260 111.52  32.55  143   0.01
  57261 111.50  33.13  196    0.7
  57268 111.63  32.27   87   0.01
  57273 112.85  32.68  110   0.01
  57274 112.12  32.70  108   0.01
  57281 113.30  32.70  142   0.01
  57292 114.63  32.97   44    2.5
  57293 114.98  32.73   39    0.5
  57294 114.02  32.83   84    0.4
  57295 114.35  32.62   83   0.01
  57307 105.08  31.10  408   0.01
  57314 106.07  31.35  385   0.01
  57317 106.42  31.03  323   0.01
  57318 106.55  31.07  339   0.01
  57320 107.22  31.93  483    0.8
  57324 107.08  31.58  363    0.2
  57326 107.72  31.37  390   0.01
  57329 107.85  31.10  462    0.3
  57333 108.67  31.95  800    0.3
  57338 108.42  31.18  213    0.1
  57339 108.68  30.95  296    0.1
  57345 109.62  31.40  339    0.1
  57349 109.87  31.07  270   0.01
  57361 111.27  31.88  331   0.01
  57362 110.67  31.75  939   0.01
  57398 114.62  31.28   76    0.1
  57413 106.97  30.85  295   0.01
  57414 106.45  30.55  396   0.01
  57416 106.93  30.33 3915    0.1
  57420 107.20  30.75  397    0.9
  57425 107.33  30.33  430    0.1
  57431 108.35  30.83  256    0.5
  57437 108.03  30.30  326    0.6
  57438 108.12  29.98  630    0.1
  57453 111.32  30.77  116    0.1
  57460 111.78  30.82   91   0.01
  57462 111.08  30.87  104    0.1
  57464 111.18  30.47  144   0.01
  57485 113.45  30.37   33    0.1
  57486 113.85  30.65   25    0.6
  57489 114.00  30.58   39    0.4
  57491 114.40  30.87   31    0.3
  57492 114.80  30.83   33    0.2
  57496 114.87  30.37   30    0.1
  57498 114.90  30.43   22    0.3
  57499 114.97  30.10   40    0.3
  57505 105.58  29.42  324   0.01
  57511 106.45  29.85  242   0.01
  57513 106.62  29.73  457    0.1
  57514 106.22  29.58  325   0.01
  57540 109.15  29.68  776   0.01
  57543 110.03  29.88  540   0.01
  57544 109.45  29.47  486   0.01
  57582 113.88  29.73   51    0.1
  57585 113.45  29.48   60    0.1
  57589 113.80  29.25  103    0.2
  57590 114.37  29.85   64    0.5
  57596 114.20  29.63    0    0.8
  57634 107.88  28.52  658    0.6
  57657 110.20  28.22  182   0.01
  57666 112.13  28.52   49   0.01
  57674 112.47  28.57   44   0.01
  57678 112.55  28.25   71   0.01
  57680 113.07  28.80   47   0.01
  57694 114.38  28.53  256    0.7
  57698 114.45  28.12   99    2.8
  57699 114.92  28.23   68    2.8
  57708 105.60  27.15 1704    2.2
  57713 106.88  27.70  844   0.01
  57714 106.23  27.47  942    0.1
  57717 106.83  27.53  974   0.01
  57719 106.97  27.07 1280    0.3
  57728 107.47  27.07 1095   0.01
  57737 108.12  27.03  546   0.01
  57744 109.17  27.37  356    0.1
  57754 110.15  27.35  170    0.6
  57760 111.43  27.70  247    0.6
  57762 111.70  27.68  163    0.1
  57767 111.03  27.12  266    0.3
  57769 111.73  27.23  257    0.1
  57771 112.52  27.93   89   0.01
  57777 112.87  27.23   65   0.01
  57778 112.95  27.10   68   0.01
  57781 113.50  27.65   71    0.8
  57786 113.85  27.65  110    1.2
  57792 114.68  27.82   93    0.5
  57796 114.93  27.80   79    0.3
  57798 114.60  27.40   89    1.3
  57800 105.37  26.77 1458    0.9
  57807 105.47  26.20 1359    1.1
  57808 105.75  26.32 1272    1.3
  57809 105.75  26.07 1251    1.6
  57811 106.60  26.85 1242    0.7
  57813 106.47  26.57 1265    2.3
  57814 106.27  26.42 1285    1.5
  57818 106.45  26.03 1145    2.5
  57821 107.50  26.70  924    0.4
  57822 107.90  26.90  833    0.2
  57824 107.23  26.58 1005    0.5
  57828 107.58  26.50  983    0.9
  57829 107.80  26.20  964    0.2
  57834 108.30  26.68  642   0.01
  57837 108.07  26.40  838    0.1
  57842 109.72  26.88  281    1.0
  57846 110.15  26.58  307    0.6
  57859 110.63  26.03  409    0.2
  57860 111.28  27.00  282    0.2
  57865 111.58  26.47  166    0.3
  57867 111.28  26.40  169   0.01
  57868 111.87  26.60  113    0.1
  57870 112.10  26.80  151    0.1
  57871 112.37  26.98   91   0.01
  57875 112.50  26.88   71    0.6
  57876 112.83  26.43  118    1.3
  57881 113.25  26.72  105    0.3
  57882 113.55  26.78  135    1.0
  57883 114.28  26.75  257    0.9
  57886 113.78  26.50  226    0.2
  57887 113.12  26.13  124   0.01
  57891 114.25  26.93  144    0.4
  57895 114.78  26.47   96    0.2
  57899 114.92  26.80   66    0.1
  57900 105.22  25.83 1553    0.8
  57903 105.60  25.93 1138    1.4
  57905 105.63  25.40 1063    0.4
  57908 105.48  25.12 1393    0.3
  57909 105.82  24.98  584    0.6
  57911 106.65  26.67 1325    1.7
  57913 106.98  26.45 1095    0.1
  57914 106.67  26.42 1143    0.5
  57915 106.77  26.63 1102    2.0
  57921 107.32  25.83  710   0.01
  57923 107.87  25.98  418    0.6
  57927 107.18  24.97  283    0.4
  57936 108.92  25.75  255    1.5
  57941 109.60  25.78  198    0.8
  57942 110.00  25.80  267    0.9
  57948 109.25  25.08  123    1.7
  57949 110.00  24.98  157    9.7
  57954 110.18  25.23  158    6.6
  57955 110.67  25.62  224    4.3
  57956 110.32  25.42  169    8.0
  57958 110.32  25.08  152    7.7
  57960 111.07  25.93  192    0.4
  57962 111.65  25.97  166    0.1
  57964 111.15  25.50  258    0.4
  57966 111.95  25.60  205    0.1
  57969 111.33  25.27  230   0.01
  57971 112.20  25.92  225    1.3
  57973 112.72  25.75  328   0.01
  57975 112.20  25.38  278   0.01
  57976 112.95  25.42  226   0.01
  57985 113.68  25.57  608   0.01
  57988 113.35  25.15  103    0.1
  57989 113.73  25.10   96    0.4
  57990 114.30  25.70  252    0.6
  57991 114.55  25.80  148    0.2
  57992 114.75  25.67  129    0.1
  57995 114.93  25.40  166   40.0
  58006 115.88  34.38   47    1.7
  58007 115.30  34.07   53    2.9
  58008 115.33  34.47   55    0.1
  58012 116.58  34.68   40    1.1
  58013 116.90  34.75   40    0.5
  58016 116.97  34.18   39    7.4
  58017 116.13  34.25   42    3.8
  58020 117.13  34.80   38    1.2
  58021 117.28  34.78   80    1.2
  58022 117.57  34.75   48    0.4
  58024 117.58  34.87   78   0.01
  58025 117.73  34.57   32    4.6
  58030 118.07  34.85   47    0.6
  58032 118.65  34.93   75   0.01
  58035 118.35  34.33   30    5.0
  58036 118.73  34.52   39    0.7
  58044 119.23  34.53    5    1.5
  58045 119.60  34.20    8    1.8
  58048 119.35  34.12    9    6.2
  58049 119.82  34.03    7    3.8
  58100 115.17  33.65   42    7.5
  58101 115.48  33.87   42    8.9
  58104 115.07  33.40   42   12.2
  58107 115.25  33.07   40    9.5
  58108 115.33  33.23   46   14.3
  58109 115.62  33.18   37   15.1
  58113 116.75  33.93   35   11.6
  58114 116.18  33.48   29   13.9
  58116 116.83  33.98   32   12.3
  58117 116.20  33.13   33   18.4
  58125 117.55  33.55   28   26.5
  58126 117.87  33.47   24   32.5
  58127 117.20  32.98   23   15.6
  58128 117.30  33.32   23   20.2
  58129 117.87  33.13   20   19.0
  58131 118.27  33.98   28   11.9
  58132 118.68  33.72   19    9.3
  58139 118.88  33.30   13   19.7
  58140 119.30  33.77   13    8.2
  58145 119.17  33.53    8   13.7
  58146 119.77  33.47    7   15.4
  58147 118.97  32.98   28   14.1
  58148 119.30  33.23   11   14.0
  58154 120.20  33.43    7   15.5
  58202 115.58  32.63   37    0.4
  58210 116.23  32.65   25    1.4
  58212 116.73  32.72   27    5.1
  58214 116.28  32.33   37    0.1
  58220 117.15  32.47   32    0.7
  58222 117.55  32.85   31   17.7
  58223 117.98  32.78   38   19.3
  58224 117.02  32.65   36    4.6
  58230 118.27  32.08   34   11.9
  58234 118.42  32.47   43    5.1
  58235 118.85  32.37   16    4.2
  58237 118.62  32.05   22    8.5
  58240 119.02  32.68   25   17.0
  58242 119.18  32.28   14    9.8
  58243 119.83  32.93    7   13.1
  58244 119.58  32.45   10   15.4
  58245 119.42  32.42   14   11.9
  58246 119.90  32.52   11   17.1
  58247 119.82  32.25    5    8.6
  58249 120.00  32.17    8   15.2
  58250 120.15  32.52   10   15.5
  58254 120.45  32.52    5   13.3
  58257 120.25  31.98   12   13.4
  58264 121.18  32.33   11    9.3
  58268 121.08  32.10    8   24.7
  58269 121.65  31.78   12   15.5
  58306 115.88  31.68   94    0.1
  58316 116.95  31.47   26    1.2
  58317 116.37  30.87  434    0.8
  58320 117.13  31.73   26    2.2
  58323 117.47  31.88   29    2.1
  58327 117.28  31.25   24    3.5
  58329 117.87  31.33   24    1.2
  58330 118.08  31.75   20    3.7
  58331 118.37  31.73   26    3.1
  58334 118.37  31.38   23    1.8
  58335 118.52  31.57   16    2.7
  58337 118.18  31.08   30    1.8
  58339 118.90  31.33   24    6.6
  58340 119.03  31.65   23    9.7
  58341 119.58  31.98   10    7.8
  58342 119.55  31.72    7   14.0
  58344 119.20  31.97   35    6.8
  58346 119.82  31.33   15   17.5
  58349 120.63  31.27    9   12.7
  58351 120.30  31.90   12   15.2
  58352 120.77  31.65    8   14.6
  58353 120.57  31.87    6   18.9
  58359 120.62  31.13    9   11.0
  58360 121.20  31.92    6   14.4
  58361 121.37  31.10   10    8.4
  58365 121.25  31.37    9   13.3
  58366 121.40  31.63    9   16.7
  58367 121.43  31.20   18    6.5
  58369 121.78  31.05    9    4.7
  58370 121.55  31.22   11    7.1
  58377 121.10  31.47    6   26.3
  58401 115.40  30.78  106    0.7
  58404 115.22  30.47   57    0.1
  58408 115.43  30.23   35    0.5
  58409 115.93  30.07   20    0.1
  58415 116.58  30.63   38    0.8
  58416 116.82  30.75   38    2.2
  58417 116.13  30.17   50   0.01
  58418 116.70  30.13   26    0.9
  58420 117.22  30.72   38    1.1
  58421 117.87  30.63   32    2.6
  58423 117.78  30.48  643    2.2
  58426 118.13  30.30  192   10.5
  58427 117.48  30.67   36    1.6
  58428 117.48  30.22  115    2.3
  58431 118.32  30.92   17    2.4
  58432 118.40  30.68   39    2.2
  58433 118.75  30.93   30    4.4
  58435 118.53  30.30  221   14.3
  58438 118.58  30.08  197   23.5
  58441 119.42  30.87   53    8.3
  58442 119.18  31.13   16    5.8
  58443 119.90  31.02   19   14.6
  58446 119.68  30.63   25    6.7
  58449 119.95  30.05   47    3.6
  58451 120.93  30.83    3    8.7
  58452 120.77  30.73    4    5.0
  58453 120.50  30.07   10    5.5
  58454 119.97  30.53    5    7.4
  58455 120.65  30.52    8    3.1
  58456 120.52  30.63    6    5.0
  58458 120.90  30.53    3    9.4
  58459 120.28  30.18   42    3.9
  58460 121.35  30.73    6    9.4
  58461 121.12  31.13    8   10.3
  58462 121.23  31.03    9   12.7
  58463 121.50  30.88    9    5.8
  58468 121.17  30.05   10    0.9
  58484 122.20  30.25    9    5.1
  58501 115.63  29.93   25    0.9
  58502 116.00  29.73   37    1.5
  58503 115.68  29.70   41    0.5
  58508 115.77  29.33   42    0.1
  58509 115.82  29.05   38    0.2
  58510 116.23  29.73   40    0.1
  58512 116.55  29.90   66    0.6
  58514 116.05  29.45   35    1.6
  58517 116.20  29.27   43   0.01
  58523 117.93  29.93  231    9.1
  58529 117.85  29.27   82    1.9
  58530 118.43  29.87  170    9.2
  58534 118.18  29.78  173    5.1
  58537 118.40  29.13  153    5.3
  58542 119.68  29.82   45    5.1
  58544 119.27  29.48   87    1.9
  58546 119.88  29.47  114    1.6
  58547 119.18  29.03   65    1.7
  58548 119.47  29.22   46    1.9
  58550 120.25  29.70   39    5.9
  58555 120.88  29.52  112    1.4
  58558 120.22  29.27   89    0.1
  58559 120.98  29.17   59    0.8
  58561 121.60  29.98    3    1.0
  58563 121.83  29.88    4    3.2
  58565 121.43  29.68    6    3.2
  58566 121.88  29.47   14    2.1
  58567 121.43  29.32   39    0.7
  58568 121.38  29.12   35    0.7
  58570 122.30  29.95   83    0.7
  58601 115.38  28.70   54    0.4
  58602 115.55  28.85   46    0.9
  58605 115.38  28.42   49    1.3
  58607 115.95  28.55   35    0.2
  58609 115.82  28.22   30    1.3
  58612 116.68  28.70   22    0.4
  58614 116.27  28.38   40    0.2
  58615 117.08  28.68   56    0.2
  58616 116.82  28.20   44    0.8
  58618 116.60  28.23   51    1.2
  58619 116.37  28.00   47    1.6
  58620 117.13  28.97   37    1.5
  58624 117.43  28.40   64    1.1
  58625 117.60  28.42   80    1.3
  58627 117.03  28.25   64    0.6
  58629 117.70  28.32   59    0.1
  58631 118.50  28.90  134    1.6
  58632 118.60  28.72  124    0.1
  58635 118.20  28.43   96    0.1
  58643 120.03  28.90   99    1.9
  58644 119.28  28.60  237    1.2
  58647 119.13  28.07  196    1.9
  58654 120.08  28.67  184    6.1
  58656 120.97  28.12    7    6.6
  58657 120.28  28.15   59   17.6
  58658 120.68  28.15   36   14.4
  58659 120.65  28.03   29    6.0
  58660 121.13  28.85    8    1.3
  58664 121.37  28.37   33   10.2
  58693 115.83  28.70   37    0.4
  58701 115.40  27.77   47    0.2
  58704 115.35  27.62   61    0.3
  58706 115.83  27.43  180    0.1
  58707 115.13  27.22   66    0.4
  58710 116.05  27.77   76    0.4
  58712 116.78  27.92  123    1.6
  58713 117.07  27.72  220    1.3
  58714 116.23  27.55  115    3.2
  58719 116.93  27.30  123    0.7
  58724 117.30  27.52  264    1.8
  58736 118.82  27.37  220    2.3
  58745 119.07  27.62  368    1.3
  58746 119.70  27.55  514  164.1
  58747 119.35  27.15  900   10.6
  58748 119.65  27.10   51   10.8
  58749 119.88  27.23  680   26.5
  58750 120.08  27.78  106    1.9
  58751 120.55  27.68    5    4.4
  58804 115.35  26.35  153    1.9
  58814 116.35  26.35  237    2.8
  58819 116.80  26.17  329    2.6
  58821 117.47  26.73  174    0.2
  58822 116.85  26.83  341   25.7
  58823 117.80  26.80  173   36.8
  58824 117.15  26.40  355    3.1
  58826 117.80  26.40  120    0.8
  58828 117.62  26.27  206   17.3
  58839 118.85  26.23   42   17.2
  58844 119.15  26.15   49   31.5
  58845 119.53  26.50   57    4.2
  58848 119.55  26.20   12    3.2
  58850 120.23  26.92   88    1.8
  58903 116.03  25.90  208   12.8
  58905 115.42  25.97  136    6.8
  58906 115.80  25.60  167    3.5
  58907 115.40  25.15  300    9.2
  58912 116.75  25.72  379    5.6
  58917 116.10  25.08  307    5.8
  58923 117.83  25.70  397   15.3
  58928 117.53  25.02  160   23.6
  58929 118.15  25.07   66   31.1
  58932 118.93  25.87   85   22.7
  58934 118.27  25.33  170   25.1
  58935 118.23  25.48  516    8.9
  58938 118.98  25.23   22    2.4
  58940 119.33  26.08   28    9.1
  58941 119.50  25.97   11   21.8
  58942 119.38  25.72   39   26.0
  58946 119.00  25.45   84   18.4
  59012 106.55  24.78  973    0.3
  59015 106.57  24.35  442   0.01
  59022 107.55  24.98  695    3.7
  59025 107.38  24.53  249    7.5
  59027 107.25  24.13  244   10.1
  59031 108.25  24.83  205    2.1
  59033 108.90  24.78  330   10.7
  59034 108.67  24.48  149   18.2
  59038 108.65  24.07  142   31.6
  59041 109.25  24.65  109    7.8
  59044 109.38  24.47   99   20.7
  59045 109.75  24.48   95   12.6
  59047 109.33  24.25  101   40.5
  59051 110.50  24.77  133    1.3
  59052 110.82  24.83  167    0.1
  59053 110.67  24.62  108    0.3
  59055 110.40  24.50  166    0.6
  59057 110.18  24.13  827    0.1
  59061 111.27  24.82  198    0.1
  59063 111.45  25.18  262   0.01
  59064 111.32  24.55  141   0.01
  59071 112.28  24.73  175    6.4
  59074 112.15  24.57  300    6.9
  59075 112.63  24.48   70   14.7
  59081 113.27  24.78   98   0.01
  59090 114.07  24.95  103    2.3
  59091 114.53  24.75  257    0.4
  59093 115.03  24.78  254    2.7
  59094 114.12  24.37  135   31.4
  59099 114.93  24.45  175   0.01
  59109 115.73  24.15  126    0.5
  59114 116.17  24.65  131   0.01
  59122 117.75  24.62   42   0.01
  59124 117.37  24.52   31    4.5
  59131 118.37  24.97   44    8.7
  59205 105.63  23.65  688    0.1
  59213 106.92  23.73  113   11.1
  59215 106.62  23.33  640   16.1
  59224 107.12  23.60  116   24.2
  59227 107.15  23.08  438   41.4
  59229 107.70  23.18  101    3.5
  59230 108.17  23.72  173   17.7
  59235 108.62  23.43  116    0.3
  59237 108.28  23.17  115    9.4
  59238 108.80  23.22  123    2.6
  59241 109.68  23.97   91    0.3
  59246 109.67  23.60   70   0.01
  59249 109.62  23.12   56   25.3
  59255 110.38  23.55   37    0.1
  59256 110.92  23.37   56   14.8
  59264 111.50  23.40   79    1.4
  59266 111.23  23.42   46   13.3
  59268 111.53  23.25   31    5.0
  59269 111.77  23.15   27    0.1
  59270 112.18  23.92   78   14.2
  59276 112.65  23.35   40    0.6
  59285 113.60  23.57   39    0.2
  59288 113.13  23.05    3   0.01
  59290 114.23  23.73   71    4.3
  59297 114.28  23.18   16    1.3
  59310 116.18  23.77   39   0.01
  59315 116.38  23.58   25   24.7
  59322 117.37  23.98   20   0.01
  59419 106.75  22.10  243    1.1
  59421 107.20  22.83  257   23.9
  59425 107.35  22.40  107    0.8
  59426 107.90  22.63   92    9.2
  59427 107.07  22.12  162    3.0
  59429 107.97  22.15  183    0.6
  59432 108.40  22.80  203   63.2
  59435 108.48  22.77   75    4.6
  59441 109.25  22.70   78   10.0
  59448 109.55  22.27   70    0.6
  59451 110.35  22.70   99    2.6
  59454 111.00  22.92  104    4.1
  59469 111.78  22.17   33    0.6
  59470 112.22  22.72   33    7.6
  59475 112.65  22.40   24   0.01
  59476 113.03  22.53   35   11.1
  59480 113.25  22.85   21   0.01
  59481 113.32  22.93   16    9.7
  59635 108.35  21.62   26    1.5
  59650 110.25  21.38   25    2.5
  59654 110.30  21.63   28    0.1
  59655 110.62  21.65   35    0.1
  59750 110.10  20.92   25   0.01
  59757 110.37  20.00   10   19.3
  59843 110.00  19.73   36   0.01
  59847 109.05  19.27  101   45.2
  59848 109.43  19.23  219   42.0
  59851 110.33  19.70   25   16.5
  59854 110.10  19.37  119    4.9
  59940 109.17  18.75  156   31.2
  59941 109.52  18.77  328    0.3
  59945 109.70  18.65   65   0.01
