diamond  3 2013年05月20日08点24小时降雨量                    
  13  05  20  08    -1 3 10 25 50 1 0
 39 122.7  37.3 122.5  36.7 120.8  36.2 119.3  35.0 120.4  34.3
 121.1  32.7 122.3  30.9 122.5  30.1 121.5  28.0 119.8  25.0
 116.1  22.6 111.0  21.0 111.0  18.6 109.6  18.1 108.3  18.5
 108.9  19.9 109.3  21.0 106.4  21.6 104.1  22.2 101.6  20.8
  98.7  22.0  97.1  24.1  97.7  27.0  91.7  26.6  85.7  27.7
  78.9  30.6  73.3  37.1  74.1  40.7  87.6  49.8  98.5  43.9
 110.4  44.3 122.0  54.7 135.7  48.3 131.5  42.2 125.2  39.4
 121.3  38.5 121.2  40.3 118.5  38.6 120.8  38.1
1         636
  50137 122.37  53.47  297   10.4
  50431 121.52  50.78  718    6.4
  50445 123.73  50.58  424    7.2
  50526 120.70  49.28  670    4.2
  50566 128.47  49.55  117   0.01
  50645 124.48  48.48  196   11.2
  50646 124.85  48.48  204   10.0
  50647 123.48  48.13  237    5.8
  50655 126.18  48.50  267    3.1
  50659 126.25  48.03  293    1.0
  50674 129.43  48.57  404    1.9
  50741 123.50  47.93  186    3.7
  50749 124.83  47.18  159   13.1
  50750 125.30  47.90  228    3.2
  50755 126.10  47.60  232    1.3
  50767 127.10  47.23  204    3.3
  50775 130.27  47.33  229    1.7
  50776 130.83  47.57   84    0.5
  50787 131.85  47.28   63   0.01
  50832 122.08  46.72  334    7.1
  50833 122.90  46.72  189    1.7
  50842 124.42  46.83  145    7.0
  50851 126.08  46.68  209    2.7
  50852 126.45  46.83  170    5.4
  50858 125.93  46.07  136   15.1
  50859 126.27  46.25  160   11.9
  50861 127.48  46.88  186    0.4
  50867 127.35  46.08  134    6.2
  50871 129.88  46.73   96    0.2
  50878 130.72  47.00   80    1.4
  50879 130.55  46.22  187    0.3
  50880 131.12  46.73  104   0.01
  50884 131.15  46.63  176   0.01
  50928 120.33  45.07  629    0.2
  50934 121.58  45.38  309    2.9
  50937 121.47  45.05  250    1.6
  50939 122.82  45.33  154    4.6
  50940 123.17  45.85  142    0.8
  50946 124.83  45.18  140    2.6
  50954 125.08  45.50  129    3.2
  50956 126.57  45.93  117    4.7
  50958 126.95  45.52  175   10.8
  50960 127.45  45.78  192    2.1
  50962 128.03  45.95  113    5.1
  50964 128.80  45.83  123    5.9
  50965 128.30  45.45  157    3.0
  50971 131.02  45.77  226    0.2
  50979 130.23  45.27  279    2.4
  50985 131.87  45.55  155    0.8
  50987 131.13  45.25  181    5.1
  51058  87.97  47.10  564    0.1
  51137  82.93  46.20  715    0.2
  51145  83.65  46.55  523    7.0
  51328  80.42  44.20  774    7.5
  51329  80.85  44.05  641    8.8
  51353  86.10  45.02  347    0.3
  51357  85.62  44.33  523   0.01
  51359  86.20  44.32  473   0.01
  51430  81.15  43.83  605    4.7
  51434  81.53  43.97  771    4.0
  51435  82.23  43.47  776    0.3
  51436  83.25  43.45  929    0.9
  51438  81.77  43.18 1210    0.4
  51627  79.23  41.22 1397    0.2
  51802  76.17  38.93 1299   0.01
  52842  99.08  36.78 3088   0.01
  52862 101.68  36.95 2451    0.3
  52863 101.95  36.82 2480   0.01
  52869 101.58  36.50 2665    0.4
  52874 102.40  36.48 1981   0.01
  52875 102.10  36.50 2129    1.0
  52877 102.25  36.10 2835   0.01
  52881 103.18  36.98 2485    0.3
  52885 103.25  36.75 2119   0.01
  52957 100.60  35.25 3149    2.3
  52963 102.02  35.93 2086    1.1
  52968 101.47  35.03 3663   0.01
  52972 102.47  35.85 1870    1.1
  52978 102.52  35.20 2930    1.2
  52982 103.55  35.48 1954    2.3
  52988 103.72  35.37 2000    0.2
  53906 105.72  35.52 1659    1.7
  54031 121.82  44.90  201    1.8
  54039 122.02  44.03  182   15.7
  54047 123.28  44.13  146   34.5
  54065 125.65  44.53  173   13.3
  54069 125.80  44.17  175   15.7
  54072 126.52  44.85  203    7.1
  54076 126.93  44.42  254    6.6
  54080 127.15  44.90  196    4.2
  54092 129.40  44.60  294   10.2
  54093 130.55  44.93  266    2.3
  54098 129.47  44.33  272    4.5
  54099 131.13  44.08  151    7.7
  54113 118.65  43.53  623   0.01
  54117 117.53  43.25 1004    0.4
  54122 120.05  43.88  375    3.0
  54132 121.07  42.40  400    9.3
  54154 124.30  43.35  163   19.9
  54155 124.23  43.67  145   10.8
  54156 124.80  43.52  200    6.9
  54164 125.28  43.35  249   11.2
  54169 126.02  43.30  270   33.1
  54172 126.60  43.78  199   15.7
  54187 128.92  43.12  369    6.1
  54192 130.27  43.70  386   12.2
  54214 118.42  42.58  961   0.01
  54223 120.65  42.85  364    3.2
  54225 119.92  42.28  589    7.1
  54231 122.35  42.97  249   21.3
  54234 121.75  42.73  300   16.0
  54244 123.33  42.75  120   12.1
  54245 123.40  42.50   99    2.0
  54248 123.53  42.03   67    8.0
  54249 123.87  42.30   79    5.5
  54252 124.75  42.73  198    9.4
  54261 125.52  42.68  343   13.5
  54267 125.73  42.25  363    9.1
  54274 126.07  42.68  300    6.2
  54290 129.40  42.77  245    7.0
  54291 130.28  42.90   37   15.7
  54293 129.83  42.95  141   10.9
  54313 118.70  41.93  734    0.7
  54316 118.75  41.52  680    4.7
  54318 117.73  41.32  562    0.4
  54319 118.67  41.00  509    9.0
  54320 119.30  41.60  546    2.0
  54321 119.63  41.87  661    0.9
  54323 120.78  41.82  253    0.6
  54325 120.35  41.18  183    2.0
  54327 119.35  41.23  421    3.1
  54328 119.72  41.08  300    3.3
  54330 121.37  41.17   61    0.7
  54331 121.77  41.58   83    3.8
  54332 122.72  41.52   13   0.01
  54336 122.42  41.42   13   0.01
  54338 121.95  41.28    4    0.1
  54340 123.32  41.67   47    3.6
  54345 123.07  41.20   29    4.1
  54347 123.17  41.23   25    5.4
  54348 123.32  41.42   43    2.0
  54362 125.73  41.67  388    7.1
  54371 126.43  41.93  521    7.3
  54412 116.63  40.73  334    1.3
  54420 117.33  40.93  530    0.1
  54421 117.12  40.65  286    3.4
  54424 117.12  40.17   33   0.01
  54425 117.48  40.42  584    0.9
  54428 117.40  40.03   19   0.01
  54430 118.15  40.77  268    7.8
  54432 118.48  40.60  305    9.6
  54434 118.30  40.17  103    0.2
  54437 118.65  39.50   19    0.2
  54438 118.88  39.88   61    0.2
  54439 118.72  40.02   51    1.7
  54453 120.88  40.78   43    3.0
  54474 122.35  40.42   27    0.2
  54475 122.48  40.62   15    0.8
  54483 123.90  40.88  239   17.5
  54494 124.07  40.47   74    1.0
  54531 118.72  39.73   43    0.9
  54532 118.10  39.80   35    0.6
  54540 119.17  39.72   14   0.01
  54541 119.23  39.90   23    0.6
  54568 121.70  39.08   40   0.01
  54569 121.97  39.40   35    0.1
  54590 124.17  39.88    5    0.2
  54627 117.23  38.03    8    0.1
  54628 117.48  38.15    7    2.3
  54709 116.07  37.22   30   0.01
  54712 116.82  37.20   23   0.01
  54716 116.80  37.67   17    0.3
  54718 116.43  37.15   26   0.01
  54722 117.63  37.75    7   0.01
  54723 117.57  37.65   11    3.8
  54724 117.13  37.32   21    8.8
  54726 117.18  37.70   12    3.0
  54728 117.38  37.77   16    0.6
  54729 117.87  37.17   11    2.6
  54730 118.13  37.70   11   0.01
  54731 118.22  37.48   16   0.01
  54734 118.00  37.35   12    4.1
  54736 118.67  37.43    9   0.01
  54737 118.15  37.15   17    1.9
  54738 118.40  37.05   20    7.0
  54752 120.77  37.80   64   0.01
  54755 120.38  37.37  113    0.4
  54759 120.83  37.30  172   0.01
  54765 121.43  37.48   57   0.01
  54811 116.62  36.93   22   0.01
  54821 117.20  37.00   21    0.1
  54822 117.73  36.87   46    8.3
  54824 117.95  36.63   95    1.8
  54825 117.85  36.52  195    2.1
  54827 117.15  36.17  137    1.8
  54828 117.68  36.23  228    0.1
  54829 117.87  36.77   88    7.5
  54830 117.93  36.82   35    5.3
  54831 118.50  36.65  102    0.3
  54832 118.73  36.88   29    2.0
  54833 118.08  36.97   19    2.7
  54834 118.28  36.87   46    1.4
  54835 118.55  36.50  110    3.1
  54837 118.83  36.68   76    0.5
  54841 119.40  36.87    8    0.7
  54844 119.18  36.42   67    0.1
  54846 119.75  36.38   37   0.01
  54848 119.42  35.98   81    0.3
  54851 120.57  36.90   81   0.01
  54855 120.47  36.38   30    0.1
  54922 117.78  35.88  223    0.2
  54932 118.65  35.77  184    0.1
  54935 118.43  35.53  120    1.2
  56016  95.62  33.85 4181    0.2
  56045  99.90  33.97 4051    3.1
  56071 102.50  34.58 3107    3.9
  56081 103.35  34.70 2811    0.4
  56082 103.50  34.58 2544   0.01
  56084 103.23  34.07 2376    8.2
  56091 104.47  34.85 1884   0.01
  56094 104.37  33.78 1400    0.1
  56095 104.38  34.03 1754   0.01
  56097 104.23  33.27 1407    9.2
  56147  98.83  31.22 3261    6.8
  56158 100.67  31.40 3250    1.7
  56164 100.98  32.27 3286    1.0
  56168 102.07  31.48 2170    4.0
  56171 101.70  32.90 3276    9.3
  56180 103.85  31.68 1591    6.4
  56183 103.58  31.47 1326    0.4
  56184 103.17  31.43 1884    1.8
  56185 102.98  32.08 2400    2.1
  56192 104.67  32.95 1016   10.0
  56193 104.52  32.42  894    6.8
  56263 101.88  30.88 1948    3.3
  56267 101.02  30.03 2598    3.5
  56273 102.82  30.38 1011    0.1
  56371 102.23  29.92 1322    0.8
  56376 102.68  29.35 1098    0.4
  56378 102.35  29.23  891    3.4
  56387 103.27  29.23  639   0.01
  56390 104.07  29.67  403   0.01
  56441  99.28  28.72 2424   0.01
  56443  99.80  28.93 2842    2.8
  56473 102.77  28.95 1061    5.9
  56474 102.17  28.55 1775   14.9
  56478 102.43  28.30 1819    8.1
  56480 103.53  28.82  564    1.1
  56483 103.95  28.60  412    2.0
  56487 103.13  28.33 1945   10.3
  56489 103.63  28.23  876    9.5
  56490 103.90  28.95  396    2.0
  56491 104.57  28.70  288    1.4
  56493 104.97  28.85  297    0.6
  56494 104.15  28.65  460    1.4
  56496 105.23  28.32  330    3.8
  56497 104.23  28.10  433   12.1
  56498 104.50  28.17  442    8.8
  56499 104.78  28.38  368    5.9
  56575 102.55  27.37 1429    3.2
  56578 102.75  27.07 1093    1.5
  56580 102.80  27.72 2461    8.8
  56582 103.90  27.75 1177    5.3
  56584 103.25  27.70 1093    5.8
  56585 103.53  27.18 1916    5.4
  56592 104.52  28.43  360    4.6
  56593 104.92  28.58  281    1.7
  56594 104.05  27.63  884    4.9
  56595 104.87  27.42 1644    8.8
  56596 105.05  27.85 1176    6.8
  56598 104.73  27.13 1538    2.4
  56641  98.87  26.90 1191    0.8
  56646  99.92  26.53 2193   0.01
  56652 100.75  26.68 2131   0.01
  56669 101.67  26.05 1531   0.01
  56670 102.12  26.90 1105   0.01
  56673 102.92  26.92  894    1.5
  56697 104.08  26.22 1987   0.01
  56746  99.52  25.47 1618   0.01
  56766 101.52  25.33 1769   0.01
  56781 103.27  25.55 1874   0.01
  56782 103.55  25.42 2064   0.01
  56783 103.80  25.50 1906   0.01
  56790 104.25  25.68 1920   0.01
  56835  97.82  24.07  958    5.3
  56836  97.95  24.70  828    4.5
  56839  98.82  23.77  994    1.0
  56840  98.30  24.82 1013    0.1
  56841  98.68  24.60 1527    2.5
  56843  99.62  24.83 1650   0.01
  56844  98.58  24.43  915    0.6
  56846  99.93  24.58 1569   0.01
  56849  99.23  24.03 1607   0.01
  56944  99.27  23.15 1280   0.01
  56948  99.60  22.63 1156    1.3
  56949  99.60  22.32  946    2.6
  56976 102.83  23.23  229   0.01
  56978 102.42  23.00 1640   0.01
  56984 103.15  23.38 1717    0.8
  56987 103.23  22.78 1261    1.7
  56989 103.95  22.50  138   17.4
  56995 104.42  23.03 1335    1.0
  57001 105.33  34.75 1273   0.01
  57007 105.18  34.18 1406   0.01
  57008 105.30  34.03 1578   0.01
  57060 111.23  35.17  404   0.01
  57407 105.03  30.28  464   0.01
  57414 106.45  30.55  396   0.01
  57415 106.63  30.47  336   0.01
  57509 106.93  28.95  325    0.3
  57519 107.08  29.15  559   0.01
  57537 108.17  29.30  321    0.3
  57544 109.45  29.47  486   0.01
  57558 110.47  29.13  184   0.01
  57600 105.07  28.72  256    0.2
  57603 105.83  28.82  283    0.8
  57605 105.82  28.03  539    2.2
  57609 105.70  28.58  316    1.4
  57623 107.60  28.88  684    0.7
  57634 107.88  28.52  658    1.4
  57635 108.98  28.45  363    1.2
  57636 108.50  28.57  335    0.8
  57637 108.12  28.25  524    0.4
  57640 109.45  28.58  344    1.0
  57646 109.95  28.62  301    0.5
  57657 110.20  28.22  182    1.9
  57658 110.20  28.02  144    3.2
  57663 111.95  28.92   31   0.01
  57666 112.13  28.52   49   0.01
  57674 112.47  28.57   44   0.01
  57678 112.55  28.25   71    0.1
  57688 113.63  28.15  100    0.2
  57694 114.38  28.53  256    0.3
  57698 114.45  28.12   99   0.01
  57699 114.92  28.23   68    0.2
  57708 105.60  27.15 1704    3.4
  57713 106.88  27.70  844    7.3
  57714 106.23  27.47  942   19.7
  57717 106.83  27.53  974   10.9
  57719 106.97  27.07 1280    6.8
  57720 107.17  27.88  888    2.9
  57723 107.72  27.98  710    3.3
  57728 107.47  27.07 1095   11.3
  57732 108.40  28.02  458    4.4
  57734 108.23  27.57  468   10.3
  57735 108.82  27.18  396   20.9
  57736 108.85  27.70  376    7.9
  57737 108.12  27.03  546   13.7
  57738 108.42  27.05  517   16.8
  57739 108.88  27.23  375   17.7
  57740 109.60  27.95  349    4.2
  57742 109.20  27.52  883    7.6
  57743 109.80  27.88  176    4.8
  57744 109.17  27.37  356   14.4
  57754 110.15  27.35  170   19.0
  57760 111.43  27.70  247    3.4
  57762 111.70  27.68  163    3.3
  57763 112.00  27.73  151    2.3
  57767 111.03  27.12  266    3.6
  57768 111.45  27.32  242    2.9
  57769 111.73  27.23  257    3.3
  57771 112.52  27.93   89    0.5
  57772 112.50  27.75   84    1.3
  57773 112.82  27.87   63    0.6
  57777 112.87  27.23   65    4.7
  57778 112.95  27.10   68    5.4
  57781 113.50  27.65   71    0.7
  57786 113.85  27.65  110   0.01
  57792 114.68  27.82   93   0.01
  57796 114.93  27.80   79   0.01
  57798 114.60  27.40   89    1.4
  57800 105.37  26.77 1458    8.0
  57807 105.47  26.20 1359    1.5
  57808 105.75  26.32 1272    4.8
  57809 105.75  26.07 1251    1.0
  57811 106.60  26.85 1242    3.1
  57813 106.47  26.57 1265    4.8
  57814 106.27  26.42 1285    4.9
  57818 106.45  26.03 1145    4.0
  57821 107.50  26.70  924    8.5
  57822 107.90  26.90  833    8.6
  57824 107.23  26.58 1005    5.2
  57828 107.58  26.50  983   14.7
  57829 107.80  26.20  964   14.1
  57834 108.30  26.68  642   10.8
  57835 108.43  26.72  521    8.9
  57837 108.07  26.40  838    7.9
  57842 109.72  26.88  281   22.2
  57844 109.18  26.68  344   16.7
  57846 110.15  26.58  307   33.2
  57851 110.85  26.45  307   43.5
  57859 110.63  26.03  409   48.4
  57860 111.28  27.00  282    6.8
  57865 111.58  26.47  166   45.0
  57867 111.28  26.40  169   40.9
  57868 111.87  26.60  113   18.5
  57870 112.10  26.80  151   21.6
  57871 112.37  26.98   91   12.5
  57875 112.50  26.88   71   10.1
  57876 112.83  26.43  118   29.0
  57881 113.25  26.72  105    7.0
  57882 113.55  26.78  135    5.2
  57883 114.28  26.75  257    4.7
  57886 113.78  26.50  226   18.0
  57887 113.12  26.13  124   14.6
  57891 114.25  26.93  144    1.1
  57895 114.78  26.47   96    0.1
  57899 114.92  26.80   66    1.1
  57900 105.22  25.83 1553   0.01
  57903 105.60  25.93 1138   0.01
  57905 105.63  25.40 1063   0.01
  57908 105.48  25.12 1393   0.01
  57909 105.82  24.98  584    1.7
  57911 106.65  26.67 1325    7.2
  57913 106.98  26.45 1095    3.5
  57914 106.67  26.42 1143    7.3
  57915 106.77  26.63 1102    7.2
  57921 107.32  25.83  710    1.8
  57923 107.87  25.98  418   10.9
  57927 107.18  24.97  283   15.6
  57936 108.92  25.75  255    6.5
  57941 109.60  25.78  198   13.1
  57942 110.00  25.80  267   17.9
  57948 109.25  25.08  123   16.6
  57949 110.00  24.98  157   29.4
  57954 110.18  25.23  158   22.6
  57955 110.67  25.62  224   11.8
  57956 110.32  25.42  169   14.7
  57958 110.32  25.08  152   30.1
  57960 111.07  25.93  192   34.7
  57962 111.65  25.97  166   25.2
  57964 111.15  25.50  258   19.5
  57966 111.95  25.60  205   32.4
  57969 111.33  25.27  230   27.6
  57971 112.20  25.92  225   17.0
  57973 112.72  25.75  328    7.6
  57975 112.20  25.38  278   18.7
  57976 112.95  25.42  226   26.5
  57978 112.55  25.28  291   57.0
  57981 113.22  25.98  141   24.5
  57985 113.68  25.57  608    9.1
  57988 113.35  25.15  103    1.6
  57989 113.73  25.10   96    4.9
  57990 114.30  25.70  252   12.6
  57991 114.55  25.80  148   16.4
  57992 114.75  25.67  129    7.7
  57994 114.35  25.40  208    8.4
  57995 114.93  25.40  166    5.9
  58045 119.60  34.20    8    0.1
  58451 120.93  30.83    3   0.01
  58460 121.35  30.73    6   0.01
  58559 120.98  29.17   59   0.01
  58601 115.38  28.70   54    0.3
  58605 115.38  28.42   49   0.01
  58607 115.95  28.55   35    0.4
  58612 116.68  28.70   22    0.1
  58614 116.27  28.38   40   0.01
  58615 117.08  28.68   56    0.1
  58616 116.82  28.20   44   0.01
  58618 116.60  28.23   51    0.1
  58619 116.37  28.00   47   0.01
  58623 117.92  28.47   92   0.01
  58624 117.43  28.40   64    0.1
  58625 117.60  28.42   80   0.01
  58627 117.03  28.25   64   0.01
  58629 117.70  28.32   59   0.01
  58632 118.60  28.72  124   0.01
  58635 118.20  28.43   96   0.01
  58644 119.28  28.60  237   0.01
  58647 119.13  28.07  196   0.01
  58656 120.97  28.12    7    3.2
  58657 120.28  28.15   59   0.01
  58658 120.68  28.15   36    0.1
  58659 120.65  28.03   29    2.0
  58701 115.40  27.77   47    0.5
  58704 115.35  27.62   61    0.6
  58706 115.83  27.43  180    1.0
  58707 115.13  27.22   66    1.1
  58710 116.05  27.77   76   0.01
  58712 116.78  27.92  123   0.01
  58713 117.07  27.72  220    0.9
  58714 116.23  27.55  115    1.9
  58719 116.93  27.30  123    1.4
  58724 117.30  27.52  264    0.1
  58735 118.80  27.52  201    1.3
  58736 118.82  27.37  220   25.8
  58745 119.07  27.62  368    6.7
  58746 119.70  27.55  514    5.4
  58747 119.35  27.15  900    3.4
  58748 119.65  27.10   51   10.3
  58749 119.88  27.23  680    8.2
  58750 120.08  27.78  106    0.5
  58751 120.55  27.68    5   10.3
  58804 115.35  26.35  153    4.5
  58814 116.35  26.35  237   15.8
  58819 116.80  26.17  329    9.8
  58821 117.47  26.73  174    3.9
  58822 116.85  26.83  341    2.8
  58823 117.80  26.80  173    4.6
  58824 117.15  26.40  355    8.5
  58826 117.80  26.40  120   14.8
  58828 117.62  26.27  206    5.5
  58836 118.73  26.58  359   32.2
  58839 118.85  26.23   42   14.8
  58844 119.15  26.15   49    5.6
  58845 119.53  26.50   57   21.2
  58848 119.55  26.20   12    5.2
  58850 120.23  26.92   88   36.0
  58903 116.03  25.90  208   10.5
  58905 115.42  25.97  136   30.9
  58906 115.80  25.60  167    9.1
  58907 115.40  25.15  300   25.8
  58912 116.75  25.72  379    3.8
  58917 116.10  25.08  307   37.9
  58923 117.83  25.70  397    4.0
  58928 117.53  25.02  160   24.1
  58929 118.15  25.07   66    9.2
  58932 118.93  25.87   85   18.3
  58934 118.27  25.33  170   10.0
  58935 118.23  25.48  516    2.5
  58938 118.98  25.23   22    1.0
  58940 119.33  26.08   28   12.9
  58941 119.50  25.97   11    6.7
  58942 119.38  25.72   39   24.0
  58946 119.00  25.45   84    2.6
  59001 105.33  24.78  674    4.0
  59004 105.10  24.50  729    0.7
  59012 106.55  24.78  973   19.5
  59015 106.57  24.35  442   39.9
  59017 106.27  24.27  279    5.2
  59022 107.55  24.98  695   26.9
  59025 107.38  24.53  249    7.0
  59027 107.25  24.13  244    1.3
  59031 108.25  24.83  205   29.1
  59033 108.90  24.78  330   32.7
  59034 108.67  24.48  149    8.7
  59038 108.65  24.07  142    7.1
  59041 109.25  24.65  109    7.2
  59044 109.38  24.47   99    5.8
  59045 109.75  24.48   95    6.1
  59047 109.33  24.25  101    5.0
  59051 110.50  24.77  133   31.7
  59052 110.82  24.83  167   14.2
  59053 110.67  24.62  108    3.7
  59055 110.40  24.50  166    8.8
  59057 110.18  24.13  827    2.4
  59059 110.80  24.18  107   19.2
  59061 111.27  24.82  198    2.7
  59063 111.45  25.18  262   19.2
  59064 111.32  24.55  141   0.01
  59071 112.28  24.73  175    1.3
  59074 112.15  24.57  300    7.4
  59075 112.63  24.48   70   16.6
  59081 113.27  24.78   98    0.2
  59090 114.07  24.95  103    7.4
  59091 114.53  24.75  257   28.6
  59093 115.03  24.78  254   12.6
  59094 114.12  24.37  135   24.6
  59099 114.93  24.45  175   49.0
  59106 115.90  24.58  152   27.0
  59109 115.73  24.15  126   22.2
  59114 116.17  24.65  131   49.4
  59122 117.75  24.62   42    8.3
  59124 117.37  24.52   31   11.8
  59125 117.30  24.38  105   16.2
  59127 117.83  24.43   14    7.1
  59129 117.60  24.13   53   21.9
  59130 118.15  24.73   28    4.4
  59131 118.37  24.97   44    2.4
  59137 118.57  24.82   55    1.0
  59205 105.63  23.65  688   20.6
  59213 106.92  23.73  113    0.3
  59215 106.62  23.33  640    3.9
  59224 107.12  23.60  116   0.01
  59227 107.15  23.08  438    0.3
  59229 107.70  23.18  101    4.1
  59230 108.17  23.72  173   10.2
  59235 108.62  23.43  116    2.8
  59237 108.28  23.17  115    0.1
  59238 108.80  23.22  123    0.6
  59241 109.68  23.97   91    1.3
  59246 109.67  23.60   70    0.3
  59249 109.62  23.12   56    0.8
  59256 110.92  23.37   56    8.6
  59264 111.50  23.40   79   19.8
  59266 111.23  23.42   46   12.7
  59268 111.53  23.25   31   47.5
  59269 111.77  23.15   27   78.6
  59270 112.18  23.92   78    4.3
  59276 112.65  23.35   40   83.1
  59279 112.87  23.18   18   10.3
  59284 113.22  23.38    6    9.3
  59285 113.60  23.57   39   47.9
  59288 113.13  23.05    3   17.3
  59290 114.23  23.73   71   17.1
  59297 114.28  23.18   16   24.8
  59310 116.18  23.77   39   27.5
  59312 116.63  23.67   11   52.3
  59313 116.98  23.68   42   42.2
  59314 116.13  23.30   27  100.7
  59315 116.38  23.58   25   87.8
  59318 116.58  23.27   10   68.3
  59319 116.77  23.47    9   72.4
  59320 117.13  23.77   27   46.1
  59322 117.37  23.98   20   23.4
  59419 106.75  22.10  243   0.01
  59421 107.20  22.83  257   11.9
  59425 107.35  22.40  107    6.1
  59426 107.90  22.63   92   10.8
  59429 107.97  22.15  183    0.6
  59432 108.40  22.80  203   31.7
  59435 108.48  22.77   75   17.9
  59441 109.25  22.70   78   68.7
  59449 109.98  22.30   80   0.01
  59451 110.35  22.70   99   23.2
  59452 110.53  22.85  100   17.1
  59454 111.00  22.92  104    2.3
  59457 110.27  22.32  120    8.3
  59469 111.78  22.17   33    9.6
  59470 112.22  22.72   33   0.01
  59471 112.05  22.93  102    8.1
  59473 112.97  22.77   20    6.1
  59475 112.65  22.40   24   0.01
  59477 112.30  22.18   25    8.5
  59480 113.25  22.85   21   16.6
  59481 113.32  22.93   16   36.8
  59487 113.30  22.23   12   0.01
  59492 114.70  22.92   43   31.7
  59500 115.32  22.97   10   43.7
  59502 115.65  22.95   11   64.6
  59653 110.85  21.93   35   0.01
  59656 110.77  21.43   29   0.01
  59659 110.92  21.75   32    0.4
  59757 110.37  20.00   10    0.3
  59842 109.68  19.90   31    0.3
  59843 110.00  19.73   36   0.01
