diamond  3 2013年05月19日08点24小时降雨量                    
  13  05  19  08    -1 3 10 25 50 1 0
 39 122.7  37.3 122.5  36.7 120.8  36.2 119.3  35.0 120.4  34.3
 121.1  32.7 122.3  30.9 122.5  30.1 121.5  28.0 119.8  25.0
 116.1  22.6 111.0  21.0 111.0  18.6 109.6  18.1 108.3  18.5
 108.9  19.9 109.3  21.0 106.4  21.6 104.1  22.2 101.6  20.8
  98.7  22.0  97.1  24.1  97.7  27.0  91.7  26.6  85.7  27.7
  78.9  30.6  73.3  37.1  74.1  40.7  87.6  49.8  98.5  43.9
 110.4  44.3 122.0  54.7 135.7  48.3 131.5  42.2 125.2  39.4
 121.3  38.5 121.2  40.3 118.5  38.6 120.8  38.1
1         772
  50741 123.50  47.93  186   0.01
  50879 130.55  46.22  187    0.1
  50928 120.33  45.07  629   0.01
  50937 121.47  45.05  250   0.01
  51722  80.40  40.65 1046   0.01
  52869 101.58  36.50 2665   0.01
  52885 103.25  36.75 2119   0.01
  52896 104.15  36.55 1739    2.6
  52978 102.52  35.20 2930   0.01
  52980 103.30  35.97 1649   0.01
  52993 104.07  35.68 1740   0.01
  53272 112.63  42.75 1106   0.01
  53289 113.83  42.23 1322    0.1
  53343 109.97  41.77 1612    2.5
  53367 111.23  41.32 1604    0.1
  53368 111.47  41.08 1640    0.1
  53378 112.62  41.28 1737    1.4
  53455 110.53  40.55 1000   0.01
  53457 110.03  40.40 1012    1.0
  53464 111.17  40.72 1047   0.01
  53472 112.57  40.87 1453    0.6
  53475 112.47  40.52 1272   0.01
  53483 113.83  40.87 1269   0.01
  53499 114.73  40.77  755    0.3
  53518 106.35  39.03 1118   0.01
  53533 108.73  39.85 1390    0.7
  53545 109.73  39.57 1330   0.01
  53562 111.67  39.92 1192   0.01
  53575 112.20  39.10 1526   0.01
  53576 112.82  39.50 1046   0.01
  53577 112.30  39.00 1441    0.8
  53611 106.55  38.88 1099   0.01
  53644 108.83  38.60 1309   0.01
  53658 110.48  38.03  895   0.01
  53659 111.00  37.97 1164   0.01
  53662 111.58  38.72 1393    0.3
  53666 111.93  38.35 1213   0.01
  53669 111.80  38.08 1151   0.01
  53681 113.37  38.83 1097    0.5
  53690 114.18  38.85  283   0.01
  53760 111.23  37.88 1212   0.01
  53769 111.78  37.25  749   0.01
  53841 109.32  36.88 1069   0.01
  53906 105.72  35.52 1659    0.8
  53908 105.23  35.22 1769    7.0
  53917 106.07  35.22 1633    0.3
  53925 107.18  35.68 1174   0.01
  53930 107.98  36.45 1270    2.2
  53998 114.65  35.20   62   0.01
  54024 119.30  44.45  710    0.4
  54117 117.53  43.25 1004    0.3
  54132 121.07  42.40  400    0.1
  54204 115.00  42.30 1347   0.01
  54223 120.65  42.85  364   0.01
  54291 130.28  42.90   37   0.01
  54293 129.83  42.95  141   0.01
  54301 115.67  41.67 1414    0.2
  54304 115.28  40.97 1249    2.4
  54305 115.27  41.88 1468    0.2
  54323 120.78  41.82  253    0.4
  54371 126.43  41.93  521    0.4
  54404 115.83  40.88  868    2.4
  54408 115.22  40.38  531    0.1
  54410 116.13  40.60 1216    0.5
  54412 116.63  40.73  334    1.0
  54420 117.33  40.93  530    0.1
  54421 117.12  40.65  286    0.2
  54425 117.48  40.42  584   0.01
  54494 124.07  40.47   74   0.01
  54501 115.68  39.97  441    0.6
  54533 118.10  39.58    9   0.01
  54568 121.70  39.08   40   13.3
  54569 121.97  39.40   35    9.2
  54575 122.37  39.42   44   11.2
  54590 124.17  39.88    5    6.7
  54627 117.23  38.03    8    0.4
  54628 117.48  38.15    7    0.2
  54644 117.12  38.05   11    0.1
  54709 116.07  37.22   30   0.01
  54712 116.82  37.20   23    0.2
  54714 116.33  37.45   24   0.01
  54716 116.80  37.67   17    0.2
  54717 116.40  37.63   18    0.1
  54718 116.43  37.15   26   0.01
  54722 117.63  37.75    7    1.1
  54723 117.57  37.65   11    0.9
  54724 117.13  37.32   21    0.3
  54726 117.18  37.70   12    0.2
  54728 117.38  37.77   16    0.3
  54729 117.87  37.17   11    1.8
  54730 118.13  37.70   11    1.6
  54731 118.22  37.48   16    1.5
  54732 118.52  37.87   13    3.1
  54734 118.00  37.35   12    1.2
  54736 118.67  37.43    9    9.2
  54737 118.15  37.15   17    2.5
  54738 118.40  37.05   20    3.8
  54749 119.95  37.18   48   15.5
  54752 120.77  37.80   64   29.9
  54755 120.38  37.37  113   25.4
  54759 120.83  37.30  172   31.2
  54765 121.43  37.48   57   30.1
  54766 121.62  37.38   23   29.5
  54777 122.07  37.20  112   32.3
  54778 122.48  37.17   60   22.9
  54800 115.25  36.98   35    0.1
  54801 115.48  36.85   36   0.01
  54802 115.73  36.82   35    0.1
  54803 116.02  36.98   28   0.01
  54807 115.80  36.13   44   0.01
  54810 116.27  36.87   28   0.01
  54811 116.62  36.93   22    0.1
  54812 116.75  36.78   23    0.3
  54814 116.23  36.58   32   0.01
  54815 116.27  36.38   33    0.2
  54816 116.80  36.52   82    0.4
  54818 116.42  36.25   72    0.1
  54819 116.80  36.18  118    0.1
  54821 117.20  37.00   21    0.9
  54822 117.73  36.87   46    1.7
  54824 117.95  36.63   95    0.5
  54825 117.85  36.52  195    0.7
  54827 117.15  36.17  137   0.01
  54828 117.68  36.23  228   0.01
  54829 117.87  36.77   88    0.5
  54830 117.93  36.82   35    1.0
  54831 118.50  36.65  102    2.9
  54832 118.73  36.88   29    3.4
  54833 118.08  36.97   19    2.1
  54834 118.28  36.87   46    1.8
  54835 118.55  36.50  110    4.1
  54837 118.83  36.68   76    6.3
  54841 119.40  36.87    8    8.6
  54844 119.18  36.42   67    1.9
  54846 119.75  36.38   37    9.9
  54848 119.42  35.98   81    5.3
  54849 120.00  36.27   16   12.2
  54851 120.57  36.90   81   20.2
  54852 120.73  36.97   53   20.9
  54853 120.42  36.17   43   19.7
  54855 120.47  36.38   30   25.6
  54861 121.53  36.93   47   36.2
  54871 122.48  36.93    9   26.6
  54906 115.42  35.25   51   0.01
  54907 116.65  34.98   38    0.1
  54914 116.08  35.42   44    0.1
  54919 116.98  35.42  111   0.01
  54920 117.28  35.65  110   0.01
  54921 116.33  35.42   39    0.1
  54922 117.78  35.88  223    0.4
  54923 117.93  35.72  202    1.5
  54925 117.63  35.52  170    0.4
  54927 117.20  35.10   79    0.2
  54932 118.65  35.77  184    2.2
  54935 118.43  35.53  120    1.4
  54938 118.40  35.05   66    0.8
  54939 118.82  35.17  116    0.8
  54940 119.20  35.75  147    2.0
  54943 120.00  35.88   13    9.3
  56016  95.62  33.85 4181   0.01
  56045  99.90  33.97 4051    0.9
  56084 103.23  34.07 2376   0.01
  56091 104.47  34.85 1884   0.01
  56094 104.37  33.78 1400    1.1
  56095 104.38  34.03 1754   0.01
  56147  98.83  31.22 3261    7.8
  56158 100.67  31.40 3250    5.5
  56164 100.98  32.27 3286    7.2
  56168 102.07  31.48 2170    2.2
  56184 103.17  31.43 1884    0.9
  56263 101.88  30.88 1948   11.7
  56267 101.02  30.03 2598    6.3
  56273 102.82  30.38 1011    5.6
  56278 102.77  30.07  756    2.3
  56279 102.93  30.15  683    1.4
  56280 103.12  30.08  692    0.2
  56284 103.48  30.42  502    1.6
  56285 103.52  30.60  525    0.1
  56297 104.15  30.02  431    1.2
  56298 104.60  30.13  415    0.4
  56371 102.23  29.92 1322    5.9
  56373 102.85  29.78  763    1.8
  56376 102.68  29.35 1098    3.0
  56378 102.35  29.23  891    1.0
  56380 103.37  29.92  466    0.9
  56381 103.52  30.02  497    0.5
  56382 103.60  29.73  408    0.7
  56383 103.87  29.83  454    0.5
  56384 103.48  29.60  446    1.0
  56387 103.27  29.23  639    0.7
  56389 103.95  29.20  386   0.01
  56390 104.07  29.67  403    0.5
  56391 103.82  30.08  416    0.1
  56393 104.85  29.77  370    0.2
  56394 104.43  29.45  382    0.1
  56395 104.67  29.52  349    0.1
  56396 104.77  29.35  352   0.01
  56443  99.80  28.93 2842    0.1
  56473 102.77  28.95 1061    9.7
  56474 102.17  28.55 1775    2.9
  56478 102.43  28.30 1819    0.7
  56480 103.53  28.82  564    0.1
  56483 103.95  28.60  412   0.01
  56487 103.13  28.33 1945    3.0
  56489 103.63  28.23  876    1.1
  56490 103.90  28.95  396    0.2
  56496 105.23  28.32  330    1.2
  56497 104.23  28.10  433    1.0
  56498 104.50  28.17  442    1.2
  56499 104.78  28.38  368    0.8
  56575 102.55  27.37 1429   0.01
  56580 102.80  27.72 2461   0.01
  56582 103.90  27.75 1177    0.6
  56584 103.25  27.70 1093    0.2
  56585 103.53  27.18 1916    1.1
  56592 104.52  28.43  360    0.4
  56593 104.92  28.58  281    0.4
  56594 104.05  27.63  884    0.1
  56595 104.87  27.42 1644    0.9
  56596 105.05  27.85 1176    1.0
  56598 104.73  27.13 1538    6.1
  56641  98.87  26.90 1191    2.2
  56645  99.42  26.42 2345    0.1
  56669 101.67  26.05 1531   0.01
  56742  99.37  25.90 1663   0.01
  56767 101.28  25.18 1858   0.01
  56835  97.82  24.07  958   0.01
  56836  97.95  24.70  828    4.0
  56839  98.82  23.77  994   0.01
  56840  98.30  24.82 1013   0.01
  56841  98.68  24.60 1527    8.9
  56842  99.18  24.73 1473    0.8
  56843  99.62  24.83 1650   0.01
  56844  98.58  24.43  915   0.01
  56846  99.93  24.58 1569    0.1
  56849  99.23  24.03 1607    0.1
  56854 100.13  24.45 1108   0.01
  56862 101.60  24.68 1966   0.01
  57001 105.33  34.75 1273   0.01
  57002 105.65  34.85 1217   0.01
  57004 104.88  34.73 1496    0.1
  57012 106.20  34.98 1665   0.01
  57078 112.47  34.15  337    0.1
  57093 114.82  34.85   74    0.1
  57094 114.22  34.40   71   0.01
  57095 114.15  34.12   61    0.2
  57098 114.40  34.08   59    0.2
  57177 113.53  33.33   91    0.1
  57182 113.50  33.85   81    0.1
  57183 113.92  33.80   61    0.1
  57185 113.58  33.45   92    0.2
  57186 114.05  33.60   59    0.3
  57188 114.03  33.37   56    0.1
  57190 114.40  33.75   51   0.01
  57191 114.48  34.48   64   0.01
  57293 114.98  32.73   39    0.1
  57299 114.90  32.02   50    0.1
  57326 107.72  31.37  390    0.1
  57329 107.85  31.10  462    0.1
  57339 108.68  30.95  296    0.8
  57362 110.67  31.75  939   0.01
  57388 113.70  31.27   55   0.01
  57390 114.07  31.80  731   0.01
  57407 105.03  30.28  464   0.01
  57408 105.35  30.12  333   0.01
  57413 106.97  30.85  295    0.2
  57414 106.45  30.55  396    0.1
  57415 106.63  30.47  336   0.01
  57416 106.93  30.33 3915   0.01
  57417 106.28  30.35  315    0.1
  57420 107.20  30.75  397    0.2
  57425 107.33  30.33  430    0.3
  57431 108.35  30.83  256    0.6
  57437 108.03  30.30  326    1.4
  57438 108.12  29.98  630    0.1
  57453 111.32  30.77  116    0.1
  57464 111.18  30.47  144    0.1
  57465 111.45  30.38   76    0.1
  57466 111.77  30.43   50    0.1
  57469 111.77  30.18   68    0.2
  57475 112.90  30.40   33    0.1
  57477 112.22  30.07   39    0.5
  57481 113.58  30.95   31   0.01
  57485 113.45  30.37   33    0.7
  57486 113.85  30.65   25    0.2
  57489 114.00  30.58   39    0.1
  57491 114.40  30.87   31    0.1
  57492 114.80  30.83   33   0.01
  57496 114.87  30.37   30    0.6
  57498 114.90  30.43   22    0.2
  57499 114.97  30.10   40    2.6
  57506 105.90  29.37  376    0.1
  57509 106.93  28.95  325    0.9
  57510 106.05  29.85  275   0.01
  57511 106.45  29.85  242    0.2
  57513 106.62  29.73  457   0.01
  57514 106.22  29.58  325    0.1
  57519 107.08  29.15  559    0.4
  57537 108.17  29.30  321   0.01
  57540 109.15  29.68  776    0.2
  57541 109.48  30.00  533    0.2
  57543 110.03  29.88  540    0.6
  57544 109.45  29.47  486    0.1
  57558 110.47  29.13  184   0.01
  57564 111.13  29.43  103    0.8
  57565 111.75  29.65   39    1.4
  57566 111.65  29.45   50    0.3
  57571 112.40  29.70   37    1.1
  57575 112.57  29.52   32    1.4
  57577 112.17  29.40   37    0.9
  57582 113.88  29.73   51    6.6
  57585 113.45  29.48   60    6.7
  57586 114.03  29.53   79    8.9
  57589 113.80  29.25  103    6.3
  57590 114.37  29.85   64    5.7
  57596 114.20  29.63    0   13.1
  57600 105.07  28.72  256    0.1
  57603 105.83  28.82  283    0.2
  57605 105.82  28.03  539    0.1
  57609 105.70  28.58  316    0.7
  57623 107.60  28.88  684   0.01
  57634 107.88  28.52  658    0.2
  57635 108.98  28.45  363    0.9
  57636 108.50  28.57  335   0.01
  57637 108.12  28.25  524    0.8
  57640 109.45  28.58  344    0.3
  57643 109.83  29.00  268   0.01
  57646 109.95  28.62  301   0.01
  57657 110.20  28.22  182    0.1
  57658 110.20  28.02  144    0.1
  57661 111.48  28.92   51   0.01
  57663 111.95  28.92   31   0.01
  57666 112.13  28.52   49    0.2
  57674 112.47  28.57   44    0.3
  57678 112.55  28.25   71    4.4
  57680 113.07  28.80   47    2.8
  57688 113.63  28.15  100    6.9
  57694 114.38  28.53  256   11.5
  57698 114.45  28.12   99   10.3
  57699 114.92  28.23   68   12.5
  57708 105.60  27.15 1704    1.3
  57713 106.88  27.70  844   15.1
  57714 106.23  27.47  942    1.2
  57717 106.83  27.53  974    5.6
  57719 106.97  27.07 1280    2.4
  57720 107.17  27.88  888    1.5
  57723 107.72  27.98  710    3.0
  57728 107.47  27.07 1095    4.9
  57732 108.40  28.02  458    0.4
  57734 108.23  27.57  468    5.6
  57735 108.82  27.18  396    5.2
  57736 108.85  27.70  376    3.4
  57737 108.12  27.03  546    3.3
  57738 108.42  27.05  517    4.2
  57739 108.88  27.23  375    3.6
  57740 109.60  27.95  349    0.2
  57742 109.20  27.52  883    6.0
  57743 109.80  27.88  176    0.4
  57744 109.17  27.37  356    5.3
  57754 110.15  27.35  170   10.6
  57760 111.43  27.70  247    6.3
  57762 111.70  27.68  163   17.1
  57763 112.00  27.73  151   33.0
  57767 111.03  27.12  266   10.0
  57768 111.45  27.32  242   23.3
  57769 111.73  27.23  257   30.2
  57771 112.52  27.93   89   11.5
  57772 112.50  27.75   84   35.0
  57773 112.82  27.87   63   14.4
  57777 112.87  27.23   65   26.4
  57778 112.95  27.10   68   15.8
  57781 113.50  27.65   71   58.1
  57786 113.85  27.65  110   36.8
  57792 114.68  27.82   93   22.0
  57796 114.93  27.80   79   16.5
  57798 114.60  27.40   89   33.0
  57800 105.37  26.77 1458    2.5
  57809 105.75  26.07 1251   0.01
  57811 106.60  26.85 1242    2.3
  57813 106.47  26.57 1265    2.5
  57814 106.27  26.42 1285    1.1
  57818 106.45  26.03 1145    1.7
  57821 107.50  26.70  924    0.9
  57822 107.90  26.90  833    2.5
  57824 107.23  26.58 1005    0.6
  57828 107.58  26.50  983    0.7
  57829 107.80  26.20  964    1.4
  57834 108.30  26.68  642    1.4
  57835 108.43  26.72  521    0.9
  57837 108.07  26.40  838    3.9
  57842 109.72  26.88  281    7.3
  57844 109.18  26.68  344    2.2
  57846 110.15  26.58  307    7.6
  57851 110.85  26.45  307    1.3
  57859 110.63  26.03  409    3.7
  57860 111.28  27.00  282    5.0
  57865 111.58  26.47  166   12.0
  57867 111.28  26.40  169    4.1
  57868 111.87  26.60  113    6.6
  57870 112.10  26.80  151    8.9
  57871 112.37  26.98   91    9.4
  57875 112.50  26.88   71    2.5
  57876 112.83  26.43  118    0.2
  57881 113.25  26.72  105    1.3
  57882 113.55  26.78  135    1.2
  57886 113.78  26.50  226    0.1
  57887 113.12  26.13  124   0.01
  57891 114.25  26.93  144    2.0
  57895 114.78  26.47   96   0.01
  57899 114.92  26.80   66    1.6
  57905 105.63  25.40 1063    1.3
  57908 105.48  25.12 1393   0.01
  57909 105.82  24.98  584    0.1
  57911 106.65  26.67 1325    2.9
  57913 106.98  26.45 1095    1.0
  57914 106.67  26.42 1143    1.1
  57915 106.77  26.63 1102    2.6
  57921 107.32  25.83  710    0.3
  57923 107.87  25.98  418    0.6
  57927 107.18  24.97  283    0.7
  57936 108.92  25.75  255    4.1
  57941 109.60  25.78  198   21.5
  57942 110.00  25.80  267   27.9
  57948 109.25  25.08  123    4.5
  57949 110.00  24.98  157    5.5
  57954 110.18  25.23  158    8.3
  57955 110.67  25.62  224   57.0
  57956 110.32  25.42  169   19.4
  57958 110.32  25.08  152   18.2
  57960 111.07  25.93  192    5.1
  57962 111.65  25.97  166    1.5
  57964 111.15  25.50  258    6.1
  57966 111.95  25.60  205    5.1
  57969 111.33  25.27  230   10.5
  57971 112.20  25.92  225    5.0
  57973 112.72  25.75  328    4.5
  57975 112.20  25.38  278   21.0
  57976 112.95  25.42  226    7.2
  57978 112.55  25.28  291   14.8
  57981 113.22  25.98  141    0.5
  57985 113.68  25.57  608    0.9
  57988 113.35  25.15  103    1.5
  57989 113.73  25.10   96    7.5
  57990 114.30  25.70  252    1.9
  57991 114.55  25.80  148   0.01
  57992 114.75  25.67  129    0.1
  57994 114.35  25.40  208   36.8
  57995 114.93  25.40  166   17.6
  58007 115.30  34.07   53    0.1
  58012 116.58  34.68   40    0.1
  58013 116.90  34.75   40    0.2
  58016 116.97  34.18   39    0.3
  58017 116.13  34.25   42    1.6
  58020 117.13  34.80   38   0.01
  58022 117.57  34.75   48    0.2
  58024 117.58  34.87   78    0.8
  58025 117.73  34.57   32    0.1
  58030 118.07  34.85   47    0.3
  58032 118.65  34.93   75    0.6
  58035 118.35  34.33   30    1.3
  58036 118.73  34.52   39    1.5
  58041 119.43  34.78   22    2.5
  58044 119.23  34.53    5    1.7
  58045 119.60  34.20    8    3.1
  58048 119.35  34.12    9    4.7
  58049 119.82  34.03    7    2.3
  58107 115.25  33.07   40    1.0
  58109 115.62  33.18   37    0.1
  58113 116.75  33.93   35    0.1
  58116 116.83  33.98   32    0.1
  58117 116.20  33.13   33    0.1
  58125 117.55  33.55   28    0.1
  58126 117.87  33.47   24    0.2
  58127 117.20  32.98   23    0.1
  58128 117.30  33.32   23   0.01
  58129 117.87  33.13   20    0.3
  58131 118.27  33.98   28    1.0
  58132 118.68  33.72   19    1.7
  58139 118.88  33.30   13    1.6
  58140 119.30  33.77   13    1.7
  58145 119.17  33.53    8    2.0
  58146 119.77  33.47    7    3.1
  58147 118.97  32.98   28    1.8
  58148 119.30  33.23   11    1.4
  58154 120.20  33.43    7    3.4
  58202 115.58  32.63   37    0.1
  58207 115.05  32.17   42    0.1
  58210 116.23  32.65   25    0.1
  58214 116.28  32.33   37    0.2
  58220 117.15  32.47   32    0.1
  58222 117.55  32.85   31    0.2
  58223 117.98  32.78   38    0.6
  58230 118.27  32.08   34    0.4
  58234 118.42  32.47   43    0.1
  58235 118.85  32.37   16    1.2
  58237 118.62  32.05   22    0.5
  58240 119.02  32.68   25    1.5
  58242 119.18  32.28   14    1.6
  58243 119.83  32.93    7    2.4
  58244 119.58  32.45   10    2.2
  58245 119.42  32.42   14    1.9
  58246 119.90  32.52   11    1.3
  58247 119.82  32.25    5    1.2
  58249 120.00  32.17    8    1.2
  58250 120.15  32.52   10    2.1
  58254 120.45  32.52    5    2.8
  58257 120.25  31.98   12    2.9
  58264 121.18  32.33   11    2.1
  58268 121.08  32.10    8    4.9
  58269 121.65  31.78   12    3.1
  58301 115.38  31.82   90    0.3
  58316 116.95  31.47   26    0.1
  58317 116.37  30.87  434    0.1
  58320 117.13  31.73   26    0.1
  58323 117.47  31.88   29    0.2
  58327 117.28  31.25   24    1.0
  58329 117.87  31.33   24    0.9
  58330 118.08  31.75   20    1.5
  58331 118.37  31.73   26    1.6
  58334 118.37  31.38   23    1.2
  58335 118.52  31.57   16    0.4
  58337 118.18  31.08   30    1.1
  58339 118.90  31.33   24    2.4
  58340 119.03  31.65   23    1.5
  58341 119.58  31.98   10    1.4
  58342 119.55  31.72    7    1.7
  58344 119.20  31.97   35    1.3
  58346 119.82  31.33   15    2.9
  58349 120.63  31.27    9    2.2
  58351 120.30  31.90   12    2.9
  58352 120.77  31.65    8    2.1
  58353 120.57  31.87    6    2.2
  58359 120.62  31.13    9    2.6
  58360 121.20  31.92    6    2.0
  58361 121.37  31.10   10    1.1
  58365 121.25  31.37    9    2.0
  58366 121.40  31.63    9    4.4
  58367 121.43  31.20   18    2.5
  58369 121.78  31.05    9    1.4
  58370 121.55  31.22   11    3.1
  58377 121.10  31.47    6    1.8
  58401 115.40  30.78  106    0.1
  58404 115.22  30.47   57    0.3
  58408 115.43  30.23   35    0.8
  58409 115.93  30.07   20    0.9
  58415 116.58  30.63   38    1.5
  58416 116.82  30.75   38    0.8
  58417 116.13  30.17   50    4.8
  58418 116.70  30.13   26    7.1
  58420 117.22  30.72   38    1.8
  58421 117.87  30.63   32    5.9
  58423 117.78  30.48  643   15.4
  58426 118.13  30.30  192    6.6
  58427 117.48  30.67   36    6.0
  58428 117.48  30.22  115    6.6
  58431 118.32  30.92   17    2.4
  58432 118.40  30.68   39    5.3
  58433 118.75  30.93   30    2.9
  58435 118.53  30.30  221    6.3
  58438 118.58  30.08  197   10.3
  58441 119.42  30.87   53    3.4
  58442 119.18  31.13   16    1.7
  58443 119.90  31.02   19    4.0
  58446 119.68  30.63   25    4.3
  58449 119.95  30.05   47    4.1
  58451 120.93  30.83    3    2.5
  58452 120.77  30.73    4    1.9
  58453 120.50  30.07   10    9.3
  58454 119.97  30.53    5    2.9
  58455 120.65  30.52    8    1.8
  58456 120.52  30.63    6    2.1
  58458 120.90  30.53    3    2.2
  58459 120.28  30.18   42    5.4
  58460 121.35  30.73    6    1.2
  58461 121.12  31.13    8    2.2
  58462 121.23  31.03    9    1.9
  58463 121.50  30.88    9    1.7
  58468 121.17  30.05   10   11.8
  58484 122.20  30.25    9    1.2
  58501 115.63  29.93   25    1.9
  58502 116.00  29.73   37   10.6
  58503 115.68  29.70   41   10.2
  58508 115.77  29.33   42    4.4
  58509 115.82  29.05   38    5.0
  58510 116.23  29.73   40    8.7
  58512 116.55  29.90   66    5.8
  58514 116.05  29.45   35    4.4
  58517 116.20  29.27   43   10.8
  58523 117.93  29.93  231    8.9
  58529 117.85  29.27   82    9.7
  58530 118.43  29.87  170    8.4
  58534 118.18  29.78  173    9.3
  58537 118.40  29.13  153    3.5
  58542 119.68  29.82   45    4.9
  58544 119.27  29.48   87    8.3
  58546 119.88  29.47  114    7.7
  58547 119.18  29.03   65    6.5
  58548 119.47  29.22   46    2.8
  58550 120.25  29.70   39    7.9
  58555 120.88  29.52  112    9.4
  58558 120.22  29.27   89    7.0
  58559 120.98  29.17   59    1.0
  58561 121.60  29.98    3    5.5
  58563 121.83  29.88    4   12.6
  58565 121.43  29.68    6    8.4
  58566 121.88  29.47   14    6.6
  58567 121.43  29.32   39    2.9
  58568 121.38  29.12   35    1.8
  58570 122.30  29.95   83    4.2
  58601 115.38  28.70   54    6.7
  58602 115.55  28.85   46    6.1
  58605 115.38  28.42   49   12.5
  58607 115.95  28.55   35   14.3
  58609 115.82  28.22   30   25.7
  58612 116.68  28.70   22   15.2
  58614 116.27  28.38   40   11.2
  58615 117.08  28.68   56    9.3
  58616 116.82  28.20   44   38.2
  58618 116.60  28.23   51   32.6
  58619 116.37  28.00   47   21.5
  58620 117.13  28.97   37    5.3
  58623 117.92  28.47   92   13.1
  58624 117.43  28.40   64   18.3
  58625 117.60  28.42   80   14.4
  58627 117.03  28.25   64   31.7
  58629 117.70  28.32   59   27.5
  58631 118.50  28.90  134   18.2
  58632 118.60  28.72  124   14.3
  58635 118.20  28.43   96   13.5
  58642 119.80  28.88  102    5.7
  58643 120.03  28.90   99    4.7
  58644 119.28  28.60  237    3.4
  58647 119.13  28.07  196   15.4
  58654 120.08  28.67  184    3.0
  58656 120.97  28.12    7    7.0
  58657 120.28  28.15   59    5.3
  58658 120.68  28.15   36    4.3
  58659 120.65  28.03   29    9.3
  58660 121.13  28.85    8    2.7
  58664 121.37  28.37   33    2.2
  58693 115.83  28.70   37   14.7
  58701 115.40  27.77   47   25.6
  58704 115.35  27.62   61   34.8
  58706 115.83  27.43  180   45.5
  58707 115.13  27.22   66    6.4
  58710 116.05  27.77   76   29.3
  58712 116.78  27.92  123   29.0
  58713 117.07  27.72  220   16.6
  58714 116.23  27.55  115   36.3
  58719 116.93  27.30  123   17.7
  58724 117.30  27.52  264   14.5
  58735 118.80  27.52  201   25.1
  58736 118.82  27.37  220   27.3
  58745 119.07  27.62  368   32.2
  58746 119.70  27.55  514   19.0
  58747 119.35  27.15  900    9.5
  58748 119.65  27.10   51   22.8
  58749 119.88  27.23  680    7.4
  58750 120.08  27.78  106    0.5
  58751 120.55  27.68    5   18.5
  58804 115.35  26.35  153    2.1
  58814 116.35  26.35  237    4.5
  58819 116.80  26.17  329   35.4
  58821 117.47  26.73  174   24.7
  58822 116.85  26.83  341    3.5
  58823 117.80  26.80  173   25.4
  58824 117.15  26.40  355   59.6
  58826 117.80  26.40  120   27.2
  58828 117.62  26.27  206    5.8
  58836 118.73  26.58  359   21.6
  58839 118.85  26.23   42   14.1
  58844 119.15  26.15   49   13.1
  58845 119.53  26.50   57    8.5
  58848 119.55  26.20   12   19.9
  58850 120.23  26.92   88    3.4
  58903 116.03  25.90  208   26.7
  58905 115.42  25.97  136    0.2
  58906 115.80  25.60  167   69.3
  58912 116.75  25.72  379   41.8
  58917 116.10  25.08  307  104.9
  58923 117.83  25.70  397    6.6
  58928 117.53  25.02  160   19.7
  58929 118.15  25.07   66   14.1
  58932 118.93  25.87   85    0.6
  58934 118.27  25.33  170   12.9
  58935 118.23  25.48  516    9.0
  58938 118.98  25.23   22    1.3
  58940 119.33  26.08   28    8.1
  58941 119.50  25.97   11    7.9
  58942 119.38  25.72   39    0.1
  58946 119.00  25.45   84    1.1
  59012 106.55  24.78  973    1.2
  59015 106.57  24.35  442    0.1
  59022 107.55  24.98  695   18.0
  59025 107.38  24.53  249    6.4
  59027 107.25  24.13  244    2.0
  59031 108.25  24.83  205    5.5
  59033 108.90  24.78  330   0.01
  59034 108.67  24.48  149    0.3
  59041 109.25  24.65  109   0.01
  59044 109.38  24.47   99    0.6
  59045 109.75  24.48   95    8.5
  59047 109.33  24.25  101    1.7
  59051 110.50  24.77  133   16.7
  59052 110.82  24.83  167    9.0
  59053 110.67  24.62  108   27.5
  59055 110.40  24.50  166    9.0
  59057 110.18  24.13  827    4.7
  59059 110.80  24.18  107   12.7
  59061 111.27  24.82  198   14.6
  59063 111.45  25.18  262    1.6
  59064 111.32  24.55  141   17.0
  59071 112.28  24.73  175    5.9
  59074 112.15  24.57  300   16.2
  59075 112.63  24.48   70    4.6
  59081 113.27  24.78   98   55.3
  59090 114.07  24.95  103    0.9
  59091 114.53  24.75  257    2.9
  59093 115.03  24.78  254   0.01
  59094 114.12  24.37  135    1.0
  59099 114.93  24.45  175    1.9
  59106 115.90  24.58  152    0.6
  59109 115.73  24.15  126   0.01
  59114 116.17  24.65  131   46.9
  59122 117.75  24.62   42   31.2
  59124 117.37  24.52   31   28.6
  59125 117.30  24.38  105   35.1
  59127 117.83  24.43   14   17.7
  59129 117.60  24.13   53    3.9
  59130 118.15  24.73   28    8.3
  59131 118.37  24.97   44    8.6
  59137 118.57  24.82   55    5.2
  59224 107.12  23.60  116   0.01
  59230 108.17  23.72  173    6.8
  59235 108.62  23.43  116    0.1
  59238 108.80  23.22  123    0.5
  59241 109.68  23.97   91    0.9
  59246 109.67  23.60   70   25.6
  59249 109.62  23.12   56   0.01
  59255 110.38  23.55   37    0.3
  59256 110.92  23.37   56    1.2
  59264 111.50  23.40   79    0.1
  59268 111.53  23.25   31    4.6
  59269 111.77  23.15   27   24.2
  59270 112.18  23.92   78   54.1
  59276 112.65  23.35   40    2.4
  59279 112.87  23.18   18    4.3
  59284 113.22  23.38    6   44.7
  59285 113.60  23.57   39    4.2
  59288 113.13  23.05    3   19.3
  59290 114.23  23.73   71    0.4
  59297 114.28  23.18   16    2.8
  59310 116.18  23.77   39    3.0
  59312 116.63  23.67   11   13.5
  59313 116.98  23.68   42    2.6
  59314 116.13  23.30   27    0.2
  59315 116.38  23.58   25    5.6
  59318 116.58  23.27   10   0.01
  59319 116.77  23.47    9    1.0
  59320 117.13  23.77   27    0.7
  59322 117.37  23.98   20    2.0
  59429 107.97  22.15  183   18.5
  59454 111.00  22.92  104   15.7
  59471 112.05  22.93  102    0.2
  59477 112.30  22.18   25   0.01
  59500 115.32  22.97   10    0.8
  59502 115.65  22.95   11   0.01
  59757 110.37  20.00   10    0.2
  59843 110.00  19.73   36   0.01
  59848 109.43  19.23  219   0.01
  59851 110.33  19.70   25    4.7
  59856 110.75  19.62   26    0.1
