diamond  3 2013年05月01日08点24小时降雨量                    
  13  05  01  08    -1 3 10 25 50 1 0
 39 122.7  37.3 122.5  36.7 120.8  36.2 119.3  35.0 120.4  34.3
 121.1  32.7 122.3  30.9 122.5  30.1 121.5  28.0 119.8  25.0
 116.1  22.6 111.0  21.0 111.0  18.6 109.6  18.1 108.3  18.5
 108.9  19.9 109.3  21.0 106.4  21.6 104.1  22.2 101.6  20.8
  98.7  22.0  97.1  24.1  97.7  27.0  91.7  26.6  85.7  27.7
  78.9  30.6  73.3  37.1  74.1  40.7  87.6  49.8  98.5  43.9
 110.4  44.3 122.0  54.7 135.7  48.3 131.5  42.2 125.2  39.4
 121.3  38.5 121.2  40.3 118.5  38.6 120.8  38.1
1         637
  50524 119.43  49.32  578    0.3
  50525 119.75  49.15  621    0.1
  50833 122.90  46.72  189    0.1
  50851 126.08  46.68  209   0.01
  50852 126.45  46.83  170    0.2
  50859 126.27  46.25  160    0.4
  50861 127.48  46.88  186   0.01
  50884 131.15  46.63  176   0.01
  50892 134.00  46.80   57    0.2
  50913 118.83  45.72  866    0.2
  50924 119.67  45.53  824    2.0
  50928 120.33  45.07  629   0.01
  50934 121.58  45.38  309   0.01
  50937 121.47  45.05  250    0.2
  50954 125.08  45.50  129   0.01
  50956 126.57  45.93  117    0.1
  50958 126.95  45.52  175   0.01
  50971 131.02  45.77  226   0.01
  50985 131.87  45.55  155    0.2
  51369  87.65  43.97  601   0.01
  51377  87.92  44.17  547    0.1
  51430  81.15  43.83  605    0.3
  51435  82.23  43.47  776    1.6
  51436  83.25  43.45  929    2.4
  51438  81.77  43.18 1210    4.4
  51465  87.10  43.48 1874    2.9
  51468  86.83  43.10 3543    1.8
  51627  79.23  41.22 1397    0.9
  51629  80.23  41.27 1134   0.01
  51707  76.73  39.50 1209   0.01
  51708  75.95  39.15 1324    0.5
  51717  76.78  39.25 1207    0.1
  51802  76.17  38.93 1299    0.6
  51814  77.40  37.92 1360    4.7
  51815  77.27  38.20 1275    3.8
  51826  80.80  37.02 1337   0.01
  51827  79.72  37.28 1326    0.1
  51829  80.17  37.08 1349    0.3
  52643  99.62  38.83 2311    0.4
  52745  99.02  37.30 3417    1.4
  52855 101.25  36.68 2676    0.5
  52862 101.68  36.95 2451    2.5
  52863 101.95  36.82 2480    8.6
  52869 101.58  36.50 2665    0.2
  52881 103.18  36.98 2485   0.01
  52968 101.47  35.03 3663    0.7
  52978 102.52  35.20 2930    0.3
  52980 103.30  35.97 1649   0.01
  52981 103.38  35.67 2429   0.01
  52985 103.33  35.42 2164   0.01
  53484 113.15  40.45 1192    0.1
  54031 121.82  44.90  201   0.01
  54039 122.02  44.03  182    0.1
  54072 126.52  44.85  203    0.5
  54092 129.40  44.60  294    0.1
  54093 130.55  44.93  266    0.1
  54098 129.47  44.33  272   0.01
  54099 131.13  44.08  151   0.01
  54132 121.07  42.40  400    1.1
  54155 124.23  43.67  145   0.01
  54164 125.28  43.35  249   0.01
  54169 126.02  43.30  270    0.1
  54172 126.60  43.78  199    0.4
  54187 128.92  43.12  369    0.1
  54192 130.27  43.70  386    1.2
  54223 120.65  42.85  364    0.3
  54231 122.35  42.97  249    0.9
  54234 121.75  42.73  300    1.9
  54245 123.40  42.50   99   0.01
  54248 123.53  42.03   67    0.1
  54249 123.87  42.30   79    0.1
  54252 124.75  42.73  198   0.01
  54261 125.52  42.68  343    1.9
  54267 125.73  42.25  363    0.9
  54274 126.07  42.68  300   0.01
  54290 129.40  42.77  245    1.1
  54291 130.28  42.90   37    1.2
  54293 129.83  42.95  141   0.01
  54323 120.78  41.82  253    0.1
  54325 120.35  41.18  183    2.2
  54332 122.72  41.52   13    0.1
  54336 122.42  41.42   13   0.01
  54340 123.32  41.67   47    0.1
  54347 123.17  41.23   25    0.2
  54348 123.32  41.42   43    0.5
  54362 125.73  41.67  388   0.01
  54371 126.43  41.93  521    0.4
  54474 122.35  40.42   27   0.01
  54475 122.48  40.62   15    0.1
  56016  95.62  33.85 4181    1.2
  56095 104.38  34.03 1754   0.01
  56147  98.83  31.22 3261   0.01
  56158 100.67  31.40 3250    1.6
  56164 100.98  32.27 3286    0.4
  56168 102.07  31.48 2170   0.01
  56171 101.70  32.90 3276   10.8
  56181 103.70  30.68  543   0.01
  56184 103.17  31.43 1884   0.01
  56185 102.98  32.08 2400    0.1
  56192 104.67  32.95 1016   0.01
  56194 104.45  31.82  679   0.01
  56199 104.68  31.03  424    0.2
  56273 102.82  30.38 1011    1.2
  56278 102.77  30.07  756    0.1
  56279 102.93  30.15  683   0.01
  56280 103.12  30.08  692   0.01
  56281 103.50  30.18  512   0.01
  56284 103.48  30.42  502   0.01
  56285 103.52  30.60  525   0.01
  56291 104.28  30.97  474   0.01
  56296 104.43  30.85  449   0.01
  56371 102.23  29.92 1322   0.01
  56378 102.35  29.23  891    1.6
  56384 103.48  29.60  446   0.01
  56393 104.85  29.77  370   0.01
  56394 104.43  29.45  382   0.01
  56473 102.77  28.95 1061    3.2
  56474 102.17  28.55 1775    5.2
  56478 102.43  28.30 1819    1.0
  56483 103.95  28.60  412   0.01
  56487 103.13  28.33 1945    1.5
  56489 103.63  28.23  876    0.2
  56496 105.23  28.32  330    1.0
  56497 104.23  28.10  433    0.7
  56498 104.50  28.17  442    2.0
  56499 104.78  28.38  368    0.7
  56567 100.85  27.30 2242    0.6
  56569 102.18  27.42 1381    2.9
  56575 102.55  27.37 1429    4.7
  56578 102.75  27.07 1093    2.5
  56580 102.80  27.72 2461    1.1
  56582 103.90  27.75 1177    2.6
  56584 103.25  27.70 1093   0.01
  56585 103.53  27.18 1916    3.0
  56592 104.52  28.43  360    0.1
  56593 104.92  28.58  281   0.01
  56594 104.05  27.63  884    0.2
  56595 104.87  27.42 1644    1.3
  56596 105.05  27.85 1176    1.3
  56598 104.73  27.13 1538    2.3
  56641  98.87  26.90 1191    3.3
  56646  99.92  26.53 2193    0.1
  56652 100.75  26.68 2131    1.6
  56654 100.18  26.58 2196   0.01
  56665 101.85  26.68 1140   19.6
  56669 101.67  26.05 1531   0.01
  56670 102.12  26.90 1105    7.7
  56673 102.92  26.92  894    2.6
  56675 102.58  26.65 1695   17.3
  56688 103.17  26.10 1253    4.3
  56697 104.08  26.22 1987    5.4
  56742  99.37  25.90 1663   0.01
  56752 100.57  25.83 1440    3.9
  56761 101.32  25.72 1873    1.0
  56764 101.23  25.53 1875   0.01
  56766 101.52  25.33 1769    0.1
  56767 101.28  25.18 1858   0.01
  56774 102.42  25.53 1712   0.01
  56777 102.07  25.15 1566    2.3
  56781 103.27  25.55 1874    1.9
  56782 103.55  25.42 2064    4.7
  56783 103.80  25.50 1906   10.8
  56785 103.03  25.33 1925    7.7
  56788 103.67  25.03 1842    2.9
  56790 104.25  25.68 1920    0.1
  56835  97.82  24.07  958   0.01
  56836  97.95  24.70  828    4.2
  56839  98.82  23.77  994    0.1
  56840  98.30  24.82 1013   13.1
  56841  98.68  24.60 1527   15.0
  56842  99.18  24.73 1473    4.2
  56843  99.62  24.83 1650    0.2
  56844  98.58  24.43  915    3.9
  56846  99.93  24.58 1569    0.3
  56849  99.23  24.03 1607   18.5
  56854 100.13  24.45 1108   0.01
  56862 101.60  24.68 1966   0.01
  56863 102.48  24.93 1850    3.4
  56867 101.12  23.98 1107   0.01
  56869 101.97  24.07 1498   0.01
  56870 102.17  24.67 1576    2.3
  56871 102.60  24.65 1894    2.6
  56872 102.62  24.95 2360    1.6
  56873 102.90  24.67 1752   33.5
  56876 102.77  24.28 1732    5.1
  56878 102.75  24.13 1802    1.1
  56879 102.92  24.20 1610   13.1
  56880 103.17  24.92 1532   12.0
  56881 103.27  24.75 1694    3.8
  56882 102.80  24.88 1909    2.2
  56883 103.98  24.83 1846    9.0
  56885 103.45  24.40 1416    4.9
  56889 104.17  24.05 1518   19.5
  56891 104.32  24.98 1482   13.6
  56898 102.40  24.18 1542    9.1
  56944  99.27  23.15 1280   0.01
  56948  99.60  22.63 1156   0.01
  56949  99.60  22.32  946   0.01
  56950  99.80  23.47 1044    1.9
  56952 100.70  23.50  914    3.8
  56958 100.42  21.92 1177    0.5
  56961 101.05  23.03 1321    4.5
  56962 101.67  23.42 1315   0.01
  56970 102.48  23.70 1419    0.1
  56973 102.83  23.62 1310   27.0
  56975 102.43  23.37  975    9.2
  56976 102.83  23.23  229    2.0
  56978 102.42  23.00 1640    1.3
  56982 103.25  23.70 1055   17.7
  56984 103.15  23.38 1717   20.4
  56987 103.23  22.78 1261   21.5
  56989 103.95  22.50  138   29.4
  56992 104.70  23.45 1508   44.4
  56994 104.25  23.38 1277  110.2
  56995 104.42  23.03 1335   43.2
  56996 104.70  23.13 1094   24.0
  57007 105.18  34.18 1406   0.01
  57102 105.72  33.75  971   0.01
  57208 105.47  32.02  538   0.01
  57216 106.83  32.35  577   0.01
  57320 107.22  31.93  483   0.01
  57324 107.08  31.58  363    0.1
  57326 107.72  31.37  390   0.01
  57329 107.85  31.10  462   0.01
  57338 108.42  31.18  213   0.01
  57339 108.68  30.95  296    0.1
  57407 105.03  30.28  464    0.1
  57413 106.97  30.85  295    0.4
  57415 106.63  30.47  336   0.01
  57416 106.93  30.33 3915    3.7
  57420 107.20  30.75  397    0.5
  57425 107.33  30.33  430   0.01
  57431 108.35  30.83  256   0.01
  57437 108.03  30.30  326    0.2
  57438 108.12  29.98  630    0.3
  57498 114.90  30.43   22   0.01
  57505 105.58  29.42  324    0.2
  57506 105.90  29.37  376   0.01
  57509 106.93  28.95  325    3.6
  57510 106.05  29.85  275    0.1
  57514 106.22  29.58  325    0.2
  57519 107.08  29.15  559    3.3
  57522 107.42  29.75  273   0.01
  57525 107.75  29.32  273    0.6
  57537 108.17  29.30  321    0.8
  57540 109.15  29.68  776   0.01
  57585 113.45  29.48   60   0.01
  57586 114.03  29.53   79    0.3
  57589 113.80  29.25  103    0.1
  57590 114.37  29.85   64    0.3
  57596 114.20  29.63    0    0.2
  57600 105.07  28.72  256    0.1
  57605 105.82  28.03  539   0.01
  57609 105.70  28.58  316    0.3
  57634 107.88  28.52  658    1.6
  57635 108.98  28.45  363   0.01
  57636 108.50  28.57  335   0.01
  57637 108.12  28.25  524    1.9
  57678 112.55  28.25   71   0.01
  57680 113.07  28.80   47   0.01
  57688 113.63  28.15  100   0.01
  57694 114.38  28.53  256   0.01
  57698 114.45  28.12   99    1.1
  57699 114.92  28.23   68    0.8
  57708 105.60  27.15 1704    0.3
  57713 106.88  27.70  844    2.7
  57714 106.23  27.47  942    5.8
  57717 106.83  27.53  974    1.9
  57719 106.97  27.07 1280    7.7
  57720 107.17  27.88  888    1.1
  57723 107.72  27.98  710    1.5
  57728 107.47  27.07 1095    4.3
  57732 108.40  28.02  458    0.3
  57734 108.23  27.57  468    1.3
  57735 108.82  27.18  396   0.01
  57736 108.85  27.70  376    0.4
  57737 108.12  27.03  546    1.0
  57738 108.42  27.05  517    0.3
  57742 109.20  27.52  883   0.01
  57760 111.43  27.70  247   0.01
  57767 111.03  27.12  266    0.6
  57768 111.45  27.32  242    0.1
  57769 111.73  27.23  257   0.01
  57772 112.50  27.75   84   0.01
  57773 112.82  27.87   63   0.01
  57777 112.87  27.23   65   0.01
  57778 112.95  27.10   68   0.01
  57781 113.50  27.65   71    0.1
  57786 113.85  27.65  110    0.5
  57792 114.68  27.82   93    1.0
  57796 114.93  27.80   79    3.6
  57798 114.60  27.40   89    1.9
  57800 105.37  26.77 1458    1.3
  57807 105.47  26.20 1359    0.1
  57808 105.75  26.32 1272   0.01
  57809 105.75  26.07 1251    2.8
  57811 106.60  26.85 1242    4.0
  57813 106.47  26.57 1265    2.2
  57814 106.27  26.42 1285    1.4
  57818 106.45  26.03 1145   0.01
  57821 107.50  26.70  924    2.4
  57822 107.90  26.90  833    0.5
  57824 107.23  26.58 1005    2.1
  57828 107.58  26.50  983    3.4
  57829 107.80  26.20  964    0.2
  57834 108.30  26.68  642    1.6
  57835 108.43  26.72  521    0.7
  57837 108.07  26.40  838    0.4
  57842 109.72  26.88  281    0.3
  57844 109.18  26.68  344   0.01
  57846 110.15  26.58  307    0.3
  57851 110.85  26.45  307    1.8
  57860 111.28  27.00  282    0.2
  57865 111.58  26.47  166    4.2
  57867 111.28  26.40  169    6.0
  57868 111.87  26.60  113    1.8
  57870 112.10  26.80  151    1.3
  57871 112.37  26.98   91   0.01
  57875 112.50  26.88   71    1.5
  57876 112.83  26.43  118    3.7
  57881 113.25  26.72  105    2.3
  57882 113.55  26.78  135    4.7
  57883 114.28  26.75  257    8.1
  57886 113.78  26.50  226    6.0
  57887 113.12  26.13  124    7.6
  57891 114.25  26.93  144    5.8
  57895 114.78  26.47   96   18.2
  57899 114.92  26.80   66   10.9
  57900 105.22  25.83 1553    0.9
  57903 105.60  25.93 1138    0.6
  57905 105.63  25.40 1063    1.1
  57908 105.48  25.12 1393    1.8
  57909 105.82  24.98  584    0.1
  57911 106.65  26.67 1325    4.5
  57913 106.98  26.45 1095    4.5
  57914 106.67  26.42 1143    7.7
  57915 106.77  26.63 1102    5.9
  57921 107.32  25.83  710   12.7
  57923 107.87  25.98  418    0.9
  57927 107.18  24.97  283   0.01
  57936 108.92  25.75  255    0.6
  57942 110.00  25.80  267    0.1
  57949 110.00  24.98  157    0.1
  57954 110.18  25.23  158   0.01
  57955 110.67  25.62  224    4.3
  57956 110.32  25.42  169   0.01
  57958 110.32  25.08  152    0.1
  57960 111.07  25.93  192    3.6
  57962 111.65  25.97  166    4.5
  57964 111.15  25.50  258    5.1
  57966 111.95  25.60  205    3.4
  57969 111.33  25.27  230    1.9
  57971 112.20  25.92  225    2.0
  57973 112.72  25.75  328    5.9
  57975 112.20  25.38  278   10.5
  57976 112.95  25.42  226   12.7
  57978 112.55  25.28  291   15.8
  57981 113.22  25.98  141    8.4
  57985 113.68  25.57  608   13.3
  57988 113.35  25.15  103   24.2
  57989 113.73  25.10   96   26.8
  57990 114.30  25.70  252   24.0
  57991 114.55  25.80  148   18.7
  57992 114.75  25.67  129   30.6
  57994 114.35  25.40  208   24.8
  57995 114.93  25.40  166   19.5
  58257 120.25  31.98   12   0.01
  58269 121.65  31.78   12   0.01
  58339 118.90  31.33   24    0.1
  58346 119.82  31.33   15   0.01
  58351 120.30  31.90   12   0.01
  58361 121.37  31.10   10   0.01
  58365 121.25  31.37    9   0.01
  58367 121.43  31.20   18   0.01
  58369 121.78  31.05    9   0.01
  58404 115.22  30.47   57   0.01
  58408 115.43  30.23   35   0.01
  58409 115.93  30.07   20   0.01
  58415 116.58  30.63   38   0.01
  58417 116.13  30.17   50   0.01
  58421 117.87  30.63   32   0.01
  58423 117.78  30.48  643   0.01
  58426 118.13  30.30  192    0.3
  58428 117.48  30.22  115   0.01
  58431 118.32  30.92   17    0.1
  58432 118.40  30.68   39    0.2
  58433 118.75  30.93   30    0.3
  58435 118.53  30.30  221    0.3
  58438 118.58  30.08  197    0.2
  58441 119.42  30.87   53    0.2
  58442 119.18  31.13   16    0.1
  58443 119.90  31.02   19   0.01
  58446 119.68  30.63   25   0.01
  58449 119.95  30.05   47    3.1
  58451 120.93  30.83    3   0.01
  58452 120.77  30.73    4   0.01
  58453 120.50  30.07   10    4.2
  58454 119.97  30.53    5    0.3
  58455 120.65  30.52    8    0.3
  58456 120.52  30.63    6    0.3
  58458 120.90  30.53    3   0.01
  58459 120.28  30.18   42    3.2
  58460 121.35  30.73    6    0.1
  58463 121.50  30.88    9   0.01
  58468 121.17  30.05   10    5.8
  58484 122.20  30.25    9    4.1
  58501 115.63  29.93   25    0.9
  58502 116.00  29.73   37    0.3
  58503 115.68  29.70   41    0.6
  58508 115.77  29.33   42   0.01
  58510 116.23  29.73   40    0.1
  58512 116.55  29.90   66   0.01
  58514 116.05  29.45   35   0.01
  58523 117.93  29.93  231    0.1
  58529 117.85  29.27   82   0.01
  58530 118.43  29.87  170    1.1
  58534 118.18  29.78  173    2.2
  58537 118.40  29.13  153    0.4
  58542 119.68  29.82   45    2.6
  58544 119.27  29.48   87    0.3
  58546 119.88  29.47  114    0.9
  58547 119.18  29.03   65    8.5
  58548 119.47  29.22   46    5.0
  58550 120.25  29.70   39    1.3
  58555 120.88  29.52  112    1.3
  58558 120.22  29.27   89    3.9
  58559 120.98  29.17   59   10.2
  58561 121.60  29.98    3   12.3
  58563 121.83  29.88    4   12.1
  58565 121.43  29.68    6    4.0
  58566 121.88  29.47   14   10.3
  58567 121.43  29.32   39    6.8
  58568 121.38  29.12   35   15.1
  58570 122.30  29.95   83   13.1
  58601 115.38  28.70   54   0.01
  58605 115.38  28.42   49   0.01
  58607 115.95  28.55   35   0.01
  58609 115.82  28.22   30    0.1
  58612 116.68  28.70   22    0.3
  58614 116.27  28.38   40    2.1
  58615 117.08  28.68   56    2.4
  58616 116.82  28.20   44    1.9
  58618 116.60  28.23   51    2.2
  58619 116.37  28.00   47    1.3
  58620 117.13  28.97   37    0.2
  58623 117.92  28.47   92   10.6
  58624 117.43  28.40   64    7.4
  58625 117.60  28.42   80   10.2
  58627 117.03  28.25   64    2.8
  58629 117.70  28.32   59   11.8
  58631 118.50  28.90  134    3.5
  58632 118.60  28.72  124    4.8
  58635 118.20  28.43   96   15.0
  58642 119.80  28.88  102   10.1
  58643 120.03  28.90   99   12.0
  58644 119.28  28.60  237   17.8
  58647 119.13  28.07  196   24.2
  58654 120.08  28.67  184   20.1
  58656 120.97  28.12    7    2.9
  58657 120.28  28.15   59   11.1
  58658 120.68  28.15   36    4.4
  58659 120.65  28.03   29    6.2
  58660 121.13  28.85    8    8.0
  58664 121.37  28.37   33    8.4
  58693 115.83  28.70   37   0.01
  58701 115.40  27.77   47    0.7
  58704 115.35  27.62   61    1.0
  58706 115.83  27.43  180    2.1
  58707 115.13  27.22   66    2.6
  58710 116.05  27.77   76    1.6
  58712 116.78  27.92  123    2.8
  58713 117.07  27.72  220    3.0
  58714 116.23  27.55  115    2.6
  58719 116.93  27.30  123   18.2
  58724 117.30  27.52  264   23.5
  58735 118.80  27.52  201   19.8
  58736 118.82  27.37  220   33.4
  58745 119.07  27.62  368   26.5
  58746 119.70  27.55  514   28.6
  58747 119.35  27.15  900   40.5
  58748 119.65  27.10   51   36.2
  58749 119.88  27.23  680   46.0
  58750 120.08  27.78  106   11.3
  58751 120.55  27.68    5   13.8
  58804 115.35  26.35  153    4.9
  58814 116.35  26.35  237   20.1
  58819 116.80  26.17  329   21.2
  58821 117.47  26.73  174   37.4
  58822 116.85  26.83  341   10.8
  58823 117.80  26.80  173   28.1
  58824 117.15  26.40  355   15.1
  58826 117.80  26.40  120   20.7
  58828 117.62  26.27  206   21.1
  58836 118.73  26.58  359   45.5
  58839 118.85  26.23   42   30.5
  58844 119.15  26.15   49   37.6
  58845 119.53  26.50   57   43.0
  58848 119.55  26.20   12   34.4
  58850 120.23  26.92   88   32.6
  58903 116.03  25.90  208   44.2
  58905 115.42  25.97  136   34.7
  58906 115.80  25.60  167   53.4
  58907 115.40  25.15  300   26.0
  58912 116.75  25.72  379   29.2
  58917 116.10  25.08  307   20.9
  58923 117.83  25.70  397   17.0
  58928 117.53  25.02  160   75.6
  58929 118.15  25.07   66   40.5
  58932 118.93  25.87   85   37.0
  58934 118.27  25.33  170   82.9
  58935 118.23  25.48  516   69.5
  58938 118.98  25.23   22   29.9
  58940 119.33  26.08   28   37.0
  58941 119.50  25.97   11   34.9
  58942 119.38  25.72   39  109.2
  58946 119.00  25.45   84   39.8
  59001 105.33  24.78  674   17.8
  59004 105.10  24.50  729    1.1
  59015 106.57  24.35  442   0.01
  59017 106.27  24.27  279    0.8
  59022 107.55  24.98  695    1.4
  59033 108.90  24.78  330   0.01
  59034 108.67  24.48  149    0.1
  59041 109.25  24.65  109   0.01
  59044 109.38  24.47   99    0.4
  59045 109.75  24.48   95    0.2
  59047 109.33  24.25  101    0.3
  59051 110.50  24.77  133    1.2
  59052 110.82  24.83  167    1.7
  59053 110.67  24.62  108    0.8
  59055 110.40  24.50  166    2.7
  59057 110.18  24.13  827    4.5
  59059 110.80  24.18  107    5.3
  59061 111.27  24.82  198    1.1
  59063 111.45  25.18  262    2.6
  59064 111.32  24.55  141    4.3
  59071 112.28  24.73  175   51.0
  59074 112.15  24.57  300   23.7
  59075 112.63  24.48   70   29.1
  59081 113.27  24.78   98   19.1
  59090 114.07  24.95  103   55.8
  59091 114.53  24.75  257   22.8
  59093 115.03  24.78  254   18.2
  59094 114.12  24.37  135   19.8
  59099 114.93  24.45  175    9.7
  59106 115.90  24.58  152   54.7
  59109 115.73  24.15  126   24.1
  59114 116.17  24.65  131   33.8
  59122 117.75  24.62   42   28.8
  59124 117.37  24.52   31   24.8
  59125 117.30  24.38  105   17.5
  59127 117.83  24.43   14    5.3
  59129 117.60  24.13   53    6.0
  59130 118.15  24.73   28    3.7
  59131 118.37  24.97   44   13.1
  59137 118.57  24.82   55   16.0
  59205 105.63  23.65  688    5.6
  59213 106.92  23.73  113   12.3
  59215 106.62  23.33  640   54.3
  59224 107.12  23.60  116   28.9
  59227 107.15  23.08  438   18.1
  59229 107.70  23.18  101    7.6
  59230 108.17  23.72  173    1.1
  59237 108.28  23.17  115    8.2
  59238 108.80  23.22  123    0.3
  59241 109.68  23.97   91    0.5
  59246 109.67  23.60   70    9.8
  59249 109.62  23.12   56   16.9
  59255 110.38  23.55   37   26.7
  59256 110.92  23.37   56   30.4
  59264 111.50  23.40   79   24.5
  59266 111.23  23.42   46   48.9
  59268 111.53  23.25   31   21.4
  59269 111.77  23.15   27   22.8
  59270 112.18  23.92   78   10.0
  59276 112.65  23.35   40   14.1
  59279 112.87  23.18   18   27.5
  59284 113.22  23.38    6   16.7
  59285 113.60  23.57   39   15.6
  59288 113.13  23.05    3   22.5
  59290 114.23  23.73   71   36.2
  59297 114.28  23.18   16   22.2
  59310 116.18  23.77   39    6.8
  59312 116.63  23.67   11    6.0
  59313 116.98  23.68   42    9.3
  59314 116.13  23.30   27   62.6
  59315 116.38  23.58   25    5.9
  59318 116.58  23.27   10   70.2
  59319 116.77  23.47    9   18.6
  59320 117.13  23.77   27    6.7
  59322 117.37  23.98   20    3.8
  59419 106.75  22.10  243    6.3
  59421 107.20  22.83  257    5.6
  59425 107.35  22.40  107   10.1
  59426 107.90  22.63   92   27.7
  59427 107.07  22.12  162    2.7
  59429 107.97  22.15  183   31.5
  59432 108.40  22.80  203    0.4
  59435 108.48  22.77   75    0.5
  59441 109.25  22.70   78    1.2
  59448 109.55  22.27   70   43.3
  59449 109.98  22.30   80   13.1
  59451 110.35  22.70   99   41.2
  59452 110.53  22.85  100   13.9
  59454 111.00  22.92  104   37.2
  59457 110.27  22.32  120   23.1
  59469 111.78  22.17   33   44.6
  59470 112.22  22.72   33   21.5
  59471 112.05  22.93  102   13.0
  59473 112.97  22.77   20   21.7
  59475 112.65  22.40   24   35.8
  59476 113.03  22.53   35   23.9
  59477 112.30  22.18   25   61.4
  59480 113.25  22.85   21   19.4
  59481 113.32  22.93   16   12.8
  59487 113.30  22.23   12   35.0
  59492 114.70  22.92   43    8.9
  59500 115.32  22.97   10  143.8
  59502 115.65  22.95   11   71.5
  59635 108.35  21.62   26   26.7
  59640 109.18  21.67    6   32.8
  59650 110.25  21.38   25   39.1
  59653 110.85  21.93   35   39.2
  59654 110.30  21.63   28   37.8
  59655 110.62  21.65   35   46.8
  59656 110.77  21.43   29   21.2
  59659 110.92  21.75   32   37.0
  59750 110.10  20.92   25    1.2
  59757 110.37  20.00   10    4.2
  59842 109.68  19.90   31   12.1
  59843 110.00  19.73   36   27.0
  59847 109.05  19.27  101    1.4
  59848 109.43  19.23  219   0.01
  59851 110.33  19.70   25    9.6
  59854 110.10  19.37  119   31.6
  59856 110.75  19.62   26   11.7
  59951 110.33  18.80   38    2.7
