diamond  3 2013年05月02日08点24小时降雨量                    
  13  05  02  08    -1 3 10 25 50 1 0
 39 122.7  37.3 122.5  36.7 120.8  36.2 119.3  35.0 120.4  34.3
 121.1  32.7 122.3  30.9 122.5  30.1 121.5  28.0 119.8  25.0
 116.1  22.6 111.0  21.0 111.0  18.6 109.6  18.1 108.3  18.5
 108.9  19.9 109.3  21.0 106.4  21.6 104.1  22.2 101.6  20.8
  98.7  22.0  97.1  24.1  97.7  27.0  91.7  26.6  85.7  27.7
  78.9  30.6  73.3  37.1  74.1  40.7  87.6  49.8  98.5  43.9
 110.4  44.3 122.0  54.7 135.7  48.3 131.5  42.2 125.2  39.4
 121.3  38.5 121.2  40.3 118.5  38.6 120.8  38.1
1         561
  50655 126.18  48.50  267   0.01
  50767 127.10  47.23  204    0.3
  50772 129.23  48.10  299   0.01
  50851 126.08  46.68  209    4.0
  50852 126.45  46.83  170    1.4
  50858 125.93  46.07  136    1.2
  50859 126.27  46.25  160    0.5
  50861 127.48  46.88  186    0.1
  50867 127.35  46.08  134    0.5
  50871 129.88  46.73   96    0.1
  50878 130.72  47.00   80    0.1
  50884 131.15  46.63  176    0.6
  50928 120.33  45.07  629    4.3
  50946 124.83  45.18  140   0.01
  50954 125.08  45.50  129   0.01
  50956 126.57  45.93  117    0.6
  50958 126.95  45.52  175    1.5
  50960 127.45  45.78  192    0.6
  50962 128.03  45.95  113    3.2
  50971 131.02  45.77  226    0.1
  50979 130.23  45.27  279    0.3
  50985 131.87  45.55  155    0.5
  50987 131.13  45.25  181    0.5
  51328  80.42  44.20  774    0.5
  51329  80.85  44.05  641    0.1
  51352  85.25  44.85  338   0.01
  51353  86.10  45.02  347   0.01
  51378  89.17  44.02  735   0.01
  51430  81.15  43.83  605    0.4
  51434  81.53  43.97  771   0.01
  51435  82.23  43.47  776    0.7
  51436  83.25  43.45  929    5.5
  51438  81.77  43.18 1210    3.9
  51465  87.10  43.48 1874    0.1
  51468  86.83  43.10 3543    0.3
  51568  86.80  42.25 1086   0.01
  51627  79.23  41.22 1397    1.0
  51629  80.23  41.27 1134    0.5
  51636  82.62  41.53 1014   0.01
  51707  76.73  39.50 1209   0.01
  51717  76.78  39.25 1207    0.1
  51722  80.40  40.65 1046    0.3
  51814  77.40  37.92 1360    7.3
  51815  77.27  38.20 1275    5.9
  51826  80.80  37.02 1337   0.01
  51827  79.72  37.28 1326    1.9
  51829  80.17  37.08 1349    0.4
  52656 100.82  38.43 2282   0.01
  52745  99.02  37.30 3417    1.1
  52784 102.90  37.47 2073   0.01
  52842  99.08  36.78 3088    0.1
  52853 100.98  36.90 3011    0.3
  52855 101.25  36.68 2676    2.5
  52863 101.95  36.82 2480    0.8
  52869 101.58  36.50 2665    0.4
  52874 102.40  36.48 1981   0.01
  52877 102.25  36.10 2835    1.0
  52881 103.18  36.98 2485   0.01
  52885 103.25  36.75 2119   0.01
  52957 100.60  35.25 3149    3.7
  52968 101.47  35.03 3663    9.3
  52980 103.30  35.97 1649   0.01
  52981 103.38  35.67 2429    2.6
  52982 103.55  35.48 1954    0.9
  52985 103.33  35.42 2164   0.01
  52988 103.72  35.37 2000    2.1
  52998 104.20  35.13 2111    0.4
  53567 111.08  39.03  980   0.01
  53906 105.72  35.52 1659    5.9
  53908 105.23  35.22 1769    0.3
  53914 106.12  35.62 2079    6.3
  53916 106.32  35.50 1949    9.6
  53917 106.07  35.22 1633    2.5
  53927 106.62  35.20 1478   0.01
  53935 108.35  35.48 1443   0.01
  54065 125.65  44.53  173    0.6
  54072 126.52  44.85  203    3.0
  54076 126.93  44.42  254   0.01
  54080 127.15  44.90  196    2.3
  54093 130.55  44.93  266    0.4
  54098 129.47  44.33  272    0.1
  54099 131.13  44.08  151    0.1
  54164 125.28  43.35  249    0.1
  54169 126.02  43.30  270    0.1
  54192 130.27  43.70  386    0.3
  54244 123.33  42.75  120    0.1
  54245 123.40  42.50   99    1.6
  54249 123.87  42.30   79    0.3
  54252 124.75  42.73  198    8.4
  54267 125.73  42.25  363    1.6
  54274 126.07  42.68  300   0.01
  54290 129.40  42.77  245    0.1
  54291 130.28  42.90   37    6.8
  54293 129.83  42.95  141   0.01
  54338 121.95  41.28    4   0.01
  54348 123.32  41.42   43   0.01
  54362 125.73  41.67  388    4.4
  54371 126.43  41.93  521    2.8
  54494 124.07  40.47   74   0.01
  54535 118.47  39.28    3   0.01
  54714 116.33  37.45   24   0.01
  54724 117.13  37.32   21   0.01
  54730 118.13  37.70   11   0.01
  56016  95.62  33.85 4181    0.7
  56071 102.50  34.58 3107    1.9
  56082 103.50  34.58 2544   0.01
  56084 103.23  34.07 2376    1.9
  56091 104.47  34.85 1884    0.2
  56092 104.65  35.00 1729    3.9
  56094 104.37  33.78 1400    1.1
  56095 104.38  34.03 1754    3.7
  56097 104.23  33.27 1407    3.2
  56147  98.83  31.22 3261    0.6
  56158 100.67  31.40 3250   0.01
  56164 100.98  32.27 3286    1.5
  56168 102.07  31.48 2170    2.8
  56171 101.70  32.90 3276   10.0
  56180 103.85  31.68 1591    5.8
  56181 103.70  30.68  543    3.4
  56183 103.58  31.47 1326    7.4
  56184 103.17  31.43 1884    7.5
  56185 102.98  32.08 2400    5.4
  56186 104.20  31.33  589   16.6
  56189 103.93  30.98  584    6.2
  56190 104.55  31.55  518   14.0
  56192 104.67  32.95 1016    3.2
  56193 104.52  32.42  894   14.9
  56194 104.45  31.82  679   14.3
  56195 104.73  31.78  531   14.8
  56197 104.18  31.13  537    8.2
  56198 104.50  31.32  523   11.1
  56199 104.68  31.03  424   11.4
  56263 101.88  30.88 1948    1.6
  56267 101.02  30.03 2598    0.5
  56272 103.88  30.82  560    9.9
  56273 102.82  30.38 1011    5.4
  56276 103.82  30.45  468    6.8
  56278 102.77  30.07  756    9.7
  56279 102.93  30.15  683    5.7
  56280 103.12  30.08  692    8.1
  56281 103.50  30.18  512    6.4
  56284 103.48  30.42  502    8.7
  56285 103.52  30.60  525    4.0
  56286 104.25  30.55  514    5.0
  56288 103.92  30.58  495   16.8
  56289 103.87  30.20  439    4.0
  56290 104.18  30.78  515    6.7
  56291 104.28  30.97  474    8.6
  56295 104.55  30.38  443   10.6
  56296 104.43  30.85  449   15.7
  56297 104.15  30.02  431    5.2
  56298 104.60  30.13  415    5.0
  56371 102.23  29.92 1322    9.5
  56373 102.85  29.78  763   11.2
  56376 102.68  29.35 1098    3.9
  56378 102.35  29.23  891    1.3
  56380 103.37  29.92  466    7.7
  56381 103.52  30.02  497    1.4
  56382 103.60  29.73  408    1.9
  56383 103.87  29.83  454    1.5
  56384 103.48  29.60  446   11.0
  56387 103.27  29.23  639    8.5
  56389 103.95  29.20  386   11.6
  56390 104.07  29.67  403    2.7
  56391 103.82  30.08  416    1.6
  56393 104.85  29.77  370    6.3
  56394 104.43  29.45  382    3.7
  56395 104.67  29.52  349    8.7
  56396 104.77  29.35  352    4.7
  56399 104.98  29.18  307    8.3
  56441  99.28  28.72 2424   0.01
  56443  99.80  28.93 2842   0.01
  56473 102.77  28.95 1061    3.8
  56474 102.17  28.55 1775   18.7
  56478 102.43  28.30 1819   16.0
  56480 103.53  28.82  564    8.3
  56483 103.95  28.60  412   12.3
  56487 103.13  28.33 1945    7.3
  56489 103.63  28.23  876    6.3
  56490 103.90  28.95  396   25.0
  56491 104.57  28.70  288    9.9
  56493 104.97  28.85  297    7.0
  56494 104.15  28.65  460   17.2
  56496 105.23  28.32  330   12.1
  56497 104.23  28.10  433    6.7
  56498 104.50  28.17  442    9.3
  56499 104.78  28.38  368   22.5
  56569 102.18  27.42 1381    3.7
  56575 102.55  27.37 1429    3.3
  56578 102.75  27.07 1093    3.6
  56580 102.80  27.72 2461   12.7
  56582 103.90  27.75 1177   14.7
  56584 103.25  27.70 1093    2.7
  56585 103.53  27.18 1916   22.6
  56592 104.52  28.43  360   13.0
  56593 104.92  28.58  281   13.6
  56594 104.05  27.63  884    6.9
  56595 104.87  27.42 1644   13.1
  56596 105.05  27.85 1176    6.8
  56598 104.73  27.13 1538    9.3
  56641  98.87  26.90 1191    9.9
  56645  99.42  26.42 2345    0.2
  56646  99.92  26.53 2193    0.3
  56652 100.75  26.68 2131   0.01
  56654 100.18  26.58 2196   0.01
  56665 101.85  26.68 1140    0.3
  56669 101.67  26.05 1531    0.2
  56670 102.12  26.90 1105    0.1
  56673 102.92  26.92  894   0.01
  56674 101.73  26.50 1107    5.3
  56675 102.58  26.65 1695   0.01
  56688 103.17  26.10 1253    5.8
  56697 104.08  26.22 1987    6.1
  56742  99.37  25.90 1663    0.4
  56752 100.57  25.83 1440   0.01
  56755 100.48  25.35 1670    0.7
  56761 101.32  25.72 1873   0.01
  56766 101.52  25.33 1769   0.01
  56767 101.28  25.18 1858   0.01
  56772 102.50  25.23 1694    3.2
  56774 102.42  25.53 1712    2.3
  56775 102.45  25.55 1752    2.4
  56777 102.07  25.15 1566    0.2
  56781 103.27  25.55 1874   12.7
  56782 103.55  25.42 2064   15.4
  56783 103.80  25.50 1906    7.1
  56785 103.03  25.33 1925   21.6
  56788 103.67  25.03 1842   34.9
  56790 104.25  25.68 1920    8.6
  56835  97.82  24.07  958    9.6
  56836  97.95  24.70  828    5.6
  56839  98.82  23.77  994   14.0
  56840  98.30  24.82 1013    6.0
  56841  98.68  24.60 1527   0.01
  56842  99.18  24.73 1473    4.1
  56843  99.62  24.83 1650    1.1
  56844  98.58  24.43  915   0.01
  56846  99.93  24.58 1569    0.7
  56849  99.23  24.03 1607   22.5
  56851 100.52  25.03 1378   0.01
  56854 100.13  24.45 1108    9.7
  56862 101.60  24.68 1966   0.01
  56863 102.48  24.93 1850    4.2
  56867 101.12  23.98 1107    1.8
  56869 101.97  24.07 1498    2.6
  56870 102.17  24.67 1576    1.1
  56871 102.60  24.65 1894    6.6
  56872 102.62  24.95 2360    9.7
  56873 102.90  24.67 1752   44.3
  56876 102.77  24.28 1732   14.8
  56878 102.75  24.13 1802   15.1
  56879 102.92  24.20 1610   17.8
  56880 103.17  24.92 1532   27.7
  56881 103.27  24.75 1694   67.0
  56882 102.80  24.88 1909   29.8
  56883 103.98  24.83 1846   40.2
  56885 103.45  24.40 1416   19.8
  56889 104.17  24.05 1518    5.7
  56891 104.32  24.98 1482   33.5
  56898 102.40  24.18 1542    9.8
  56944  99.27  23.15 1280   17.0
  56948  99.60  22.63 1156    7.5
  56949  99.60  22.32  946    7.0
  56950  99.80  23.47 1044    3.8
  56952 100.70  23.50  914    4.3
  56958 100.42  21.92 1177   0.01
  56962 101.67  23.42 1315   25.5
  56970 102.48  23.70 1419   11.5
  56973 102.83  23.62 1310    6.7
  56975 102.43  23.37  975    3.3
  56976 102.83  23.23  229    3.5
  56978 102.42  23.00 1640   14.5
  56982 103.25  23.70 1055   11.0
  56984 103.15  23.38 1717    1.8
  56987 103.23  22.78 1261   13.6
  56989 103.95  22.50  138    6.0
  56992 104.70  23.45 1508   32.0
  56994 104.25  23.38 1277   17.9
  56995 104.42  23.03 1335    5.7
  56996 104.70  23.13 1094    2.3
  57007 105.18  34.18 1406   0.01
  57008 105.30  34.03 1578   0.01
  57012 106.20  34.98 1665    2.8
  57102 105.72  33.75  971   0.01
  57105 105.60  33.33 1219    1.8
  57110 106.08  33.78  930   0.01
  57111 106.30  33.92  967   0.01
  57119 106.70  33.17  551    0.7
  57129 107.72  32.98  447   0.01
  57204 105.23  32.58  801   16.4
  57208 105.47  32.02  538   20.1
  57213 106.93  33.00  537   0.01
  57216 106.83  32.35  577   11.6
  57217 106.28  32.23  493   15.3
  57303 105.92  31.73  460   15.2
  57304 105.17  31.67  517   19.8
  57307 105.08  31.10  408   16.3
  57308 105.38  31.22  421   15.6
  57309 105.88  30.98  375   29.3
  57314 106.07  31.35  385    9.7
  57315 106.40  31.53  658   12.4
  57317 106.42  31.03  323   11.7
  57318 106.55  31.07  339   16.4
  57320 107.22  31.93  483    9.6
  57324 107.08  31.58  363    9.3
  57326 107.72  31.37  390    8.0
  57329 107.85  31.10  462   11.3
  57338 108.42  31.18  213   12.4
  57339 108.68  30.95  296    7.1
  57345 109.62  31.40  339    0.1
  57349 109.87  31.07  270   0.01
  57401 105.37  30.87  380   16.6
  57402 105.70  30.77  395   29.6
  57407 105.03  30.28  464   18.8
  57408 105.35  30.12  333   17.0
  57409 105.80  30.18  295   20.0
  57413 106.97  30.85  295   10.4
  57414 106.45  30.55  396   19.0
  57415 106.63  30.47  336   13.9
  57416 106.93  30.33 3915   11.0
  57417 106.28  30.35  315   22.7
  57420 107.20  30.75  397    8.2
  57425 107.33  30.33  430    7.7
  57431 108.35  30.83  256    7.2
  57437 108.03  30.30  326    6.8
  57438 108.12  29.98  630    3.8
  57505 105.58  29.42  324   11.6
  57506 105.90  29.37  376   14.5
  57507 105.30  29.33  374    8.3
  57508 105.37  29.15  302    9.0
  57509 106.93  28.95  325   10.3
  57510 106.05  29.85  275   12.7
  57511 106.45  29.85  242   11.1
  57513 106.62  29.73  457   12.5
  57514 106.22  29.58  325   12.6
  57518 106.53  29.38  243    9.7
  57519 107.08  29.15  559    9.4
  57522 107.42  29.75  273    7.4
  57525 107.75  29.32  273    8.7
  57537 108.17  29.30  321    2.1
  57540 109.15  29.68  776    0.6
  57541 109.48  30.00  533    0.5
  57543 110.03  29.88  540    0.2
  57544 109.45  29.47  486    0.5
  57558 110.47  29.13  184   0.01
  57564 111.13  29.43  103   0.01
  57566 111.65  29.45   50   0.01
  57600 105.07  28.72  256   14.3
  57603 105.83  28.82  283   14.0
  57605 105.82  28.03  539    3.7
  57609 105.70  28.58  316    9.3
  57623 107.60  28.88  684    5.8
  57634 107.88  28.52  658    3.0
  57635 108.98  28.45  363    0.3
  57636 108.50  28.57  335    1.9
  57637 108.12  28.25  524    2.0
  57640 109.45  28.58  344    0.9
  57643 109.83  29.00  268    0.8
  57646 109.95  28.62  301    1.0
  57658 110.20  28.02  144   0.01
  57663 111.95  28.92   31   0.01
  57666 112.13  28.52   49   0.01
  57708 105.60  27.15 1704   14.6
  57713 106.88  27.70  844   10.2
  57714 106.23  27.47  942    8.2
  57717 106.83  27.53  974   12.4
  57719 106.97  27.07 1280   10.7
  57720 107.17  27.88  888    8.5
  57723 107.72  27.98  710    3.0
  57728 107.47  27.07 1095    4.7
  57732 108.40  28.02  458    0.3
  57734 108.23  27.57  468    0.3
  57735 108.82  27.18  396    0.1
  57736 108.85  27.70  376    0.7
  57737 108.12  27.03  546    0.8
  57738 108.42  27.05  517   0.01
  57740 109.60  27.95  349    0.8
  57743 109.80  27.88  176    0.6
  57744 109.17  27.37  356    0.1
  57754 110.15  27.35  170    0.1
  57768 111.45  27.32  242   0.01
  57800 105.37  26.77 1458   12.8
  57807 105.47  26.20 1359   11.4
  57808 105.75  26.32 1272    7.7
  57809 105.75  26.07 1251    6.4
  57811 106.60  26.85 1242   26.7
  57813 106.47  26.57 1265   23.2
  57814 106.27  26.42 1285    9.4
  57818 106.45  26.03 1145    6.2
  57821 107.50  26.70  924    8.4
  57822 107.90  26.90  833    0.9
  57824 107.23  26.58 1005   14.9
  57828 107.58  26.50  983   11.2
  57829 107.80  26.20  964    5.5
  57834 108.30  26.68  642    2.1
  57835 108.43  26.72  521    1.1
  57837 108.07  26.40  838    4.0
  57844 109.18  26.68  344   0.01
  57883 114.28  26.75  257    0.1
  57887 113.12  26.13  124   0.01
  57895 114.78  26.47   96   0.01
  57900 105.22  25.83 1553    9.2
  57903 105.60  25.93 1138    8.4
  57905 105.63  25.40 1063   17.3
  57908 105.48  25.12 1393   17.6
  57909 105.82  24.98  584   16.5
  57911 106.65  26.67 1325   13.6
  57913 106.98  26.45 1095   18.9
  57914 106.67  26.42 1143   16.5
  57915 106.77  26.63 1102   18.6
  57921 107.32  25.83  710    0.1
  57923 107.87  25.98  418    1.2
  57927 107.18  24.97  283    0.2
  57960 111.07  25.93  192    0.1
  57964 111.15  25.50  258   0.01
  57973 112.72  25.75  328   0.01
  57985 113.68  25.57  608   0.01
  57988 113.35  25.15  103    0.1
  57989 113.73  25.10   96    0.2
  57990 114.30  25.70  252    0.3
  57991 114.55  25.80  148    0.2
  57992 114.75  25.67  129    0.4
  57994 114.35  25.40  208    0.4
  57995 114.93  25.40  166    0.2
  58714 116.23  27.55  115    0.1
  58804 115.35  26.35  153   0.01
  58814 116.35  26.35  237    0.1
  58819 116.80  26.17  329   0.01
  58821 117.47  26.73  174    0.1
  58828 117.62  26.27  206   0.01
  58839 118.85  26.23   42   0.01
  58844 119.15  26.15   49    0.1
  58845 119.53  26.50   57   0.01
  58848 119.55  26.20   12    0.1
  58903 116.03  25.90  208    0.1
  58905 115.42  25.97  136    0.4
  58906 115.80  25.60  167    0.4
  58907 115.40  25.15  300    0.8
  58912 116.75  25.72  379    0.7
  58917 116.10  25.08  307    0.6
  58923 117.83  25.70  397    0.3
  58928 117.53  25.02  160    0.2
  58929 118.15  25.07   66    0.8
  58932 118.93  25.87   85    0.6
  58934 118.27  25.33  170    0.9
  58935 118.23  25.48  516   0.01
  58938 118.98  25.23   22   0.01
  58940 119.33  26.08   28    0.1
  58941 119.50  25.97   11    0.4
  58942 119.38  25.72   39   0.01
  58946 119.00  25.45   84    0.5
  59001 105.33  24.78  674   18.3
  59004 105.10  24.50  729   11.9
  59012 106.55  24.78  973    2.6
  59015 106.57  24.35  442   0.01
  59017 106.27  24.27  279    1.7
  59022 107.55  24.98  695    0.4
  59025 107.38  24.53  249   0.01
  59031 108.25  24.83  205   0.01
  59033 108.90  24.78  330   0.01
  59034 108.67  24.48  149   0.01
  59053 110.67  24.62  108    1.1
  59055 110.40  24.50  166    1.2
  59057 110.18  24.13  827    0.1
  59071 112.28  24.73  175    0.3
  59074 112.15  24.57  300   0.01
  59075 112.63  24.48   70    0.1
  59081 113.27  24.78   98    2.2
  59090 114.07  24.95  103    0.6
  59091 114.53  24.75  257    0.1
  59093 115.03  24.78  254    0.8
  59094 114.12  24.37  135    0.1
  59099 114.93  24.45  175    1.4
  59106 115.90  24.58  152    1.4
  59109 115.73  24.15  126    0.9
  59114 116.17  24.65  131    2.5
  59122 117.75  24.62   42    0.1
  59124 117.37  24.52   31    0.2
  59125 117.30  24.38  105   0.01
  59127 117.83  24.43   14   0.01
  59129 117.60  24.13   53   0.01
  59130 118.15  24.73   28   0.01
  59131 118.37  24.97   44    0.2
  59137 118.57  24.82   55    0.5
  59205 105.63  23.65  688    0.9
  59215 106.62  23.33  640    0.9
  59227 107.15  23.08  438    0.1
  59230 108.17  23.72  173    0.3
  59235 108.62  23.43  116    0.3
  59238 108.80  23.22  123    0.1
  59241 109.68  23.97   91   0.01
  59246 109.67  23.60   70   0.01
  59249 109.62  23.12   56    0.8
  59255 110.38  23.55   37    0.8
  59256 110.92  23.37   56    0.4
  59264 111.50  23.40   79    1.3
  59266 111.23  23.42   46    2.9
  59268 111.53  23.25   31    0.1
  59269 111.77  23.15   27    0.2
  59270 112.18  23.92   78    1.2
  59276 112.65  23.35   40    1.5
  59279 112.87  23.18   18    9.5
  59284 113.22  23.38    6    3.0
  59285 113.60  23.57   39    1.2
  59288 113.13  23.05    3    9.9
  59290 114.23  23.73   71    0.4
  59297 114.28  23.18   16    3.8
  59310 116.18  23.77   39    1.1
  59312 116.63  23.67   11    1.6
  59314 116.13  23.30   27    0.6
  59315 116.38  23.58   25    2.6
  59318 116.58  23.27   10   0.01
  59319 116.77  23.47    9    0.1
  59320 117.13  23.77   27   0.01
  59419 106.75  22.10  243    2.0
  59421 107.20  22.83  257   0.01
  59425 107.35  22.40  107    0.3
  59426 107.90  22.63   92   0.01
  59427 107.07  22.12  162    2.5
  59429 107.97  22.15  183    0.1
  59441 109.25  22.70   78    0.2
  59448 109.55  22.27   70    8.4
  59449 109.98  22.30   80    2.2
  59451 110.35  22.70   99    6.1
  59452 110.53  22.85  100    2.1
  59454 111.00  22.92  104    0.9
  59457 110.27  22.32  120   14.9
  59469 111.78  22.17   33    0.1
  59470 112.22  22.72   33   0.01
  59471 112.05  22.93  102    3.1
  59473 112.97  22.77   20    1.0
  59475 112.65  22.40   24    0.8
  59476 113.03  22.53   35    6.3
  59477 112.30  22.18   25   0.01
  59480 113.25  22.85   21    1.7
  59481 113.32  22.93   16    3.7
  59487 113.30  22.23   12    3.9
  59492 114.70  22.92   43    1.2
  59500 115.32  22.97   10    3.7
  59502 115.65  22.95   11    0.8
  59635 108.35  21.62   26    1.1
  59640 109.18  21.67    6    0.2
  59650 110.25  21.38   25   0.01
  59653 110.85  21.93   35    1.8
  59654 110.30  21.63   28    0.7
  59655 110.62  21.65   35    1.5
  59656 110.77  21.43   29    2.6
  59659 110.92  21.75   32    0.6
  59750 110.10  20.92   25    3.9
  59757 110.37  20.00   10    8.3
  59842 109.68  19.90   31    8.5
  59843 110.00  19.73   36    3.0
  59847 109.05  19.27  101    6.9
  59848 109.43  19.23  219    2.8
  59851 110.33  19.70   25    3.0
  59854 110.10  19.37  119    5.7
  59856 110.75  19.62   26    5.2
  59940 109.17  18.75  156   23.2
  59941 109.52  18.77  328   10.7
  59945 109.70  18.65   65    6.4
  59951 110.33  18.80   38   40.3
