diamond  3 2013年05月27日08点24小时降雨量                    
  13  05  27  08    -1 3 10 25 50 1 0
 39 122.7  37.3 122.5  36.7 120.8  36.2 119.3  35.0 120.4  34.3
 121.1  32.7 122.3  30.9 122.5  30.1 121.5  28.0 119.8  25.0
 116.1  22.6 111.0  21.0 111.0  18.6 109.6  18.1 108.3  18.5
 108.9  19.9 109.3  21.0 106.4  21.6 104.1  22.2 101.6  20.8
  98.7  22.0  97.1  24.1  97.7  27.0  91.7  26.6  85.7  27.7
  78.9  30.6  73.3  37.1  74.1  40.7  87.6  49.8  98.5  43.9
 110.4  44.3 122.0  54.7 135.7  48.3 131.5  42.2 125.2  39.4
 121.3  38.5 121.2  40.3 118.5  38.6 120.8  38.1
1         996
  50137 122.37  53.47  297   0.01
  50431 121.52  50.78  718   15.5
  50445 123.73  50.58  424   13.1
  50524 119.43  49.32  578    2.7
  50525 119.75  49.15  621   12.2
  50526 120.70  49.28  670   19.1
  50566 128.47  49.55  117    1.9
  50645 124.48  48.48  196    0.8
  50646 124.85  48.48  204    0.4
  50647 123.48  48.13  237    0.7
  50673 130.40  48.88   92    0.6
  50741 123.50  47.93  186    0.5
  50749 124.83  47.18  159   0.01
  50913 118.83  45.72  866    1.5
  50924 119.67  45.53  824    0.1
  50934 121.58  45.38  309    0.7
  50939 122.82  45.33  154   0.01
  50971 131.02  45.77  226    0.1
  50979 130.23  45.27  279   0.01
  51058  87.97  47.10  564   0.01
  51368  87.32  44.12  516   0.01
  51369  87.65  43.97  601   0.01
  51377  87.92  44.17  547   0.01
  51378  89.17  44.02  735    0.1
  51465  87.10  43.48 1874    2.6
  51468  86.83  43.10 3543    1.0
  51482  90.28  43.83 1271   0.01
  51627  79.23  41.22 1397    4.3
  51629  80.23  41.27 1134    0.7
  51707  76.73  39.50 1209    2.7
  51708  75.95  39.15 1324    1.8
  51717  76.78  39.25 1207    2.7
  51722  80.40  40.65 1046    0.9
  51802  76.17  38.93 1299    0.1
  51814  77.40  37.92 1360   31.5
  51815  77.27  38.20 1275   19.2
  51826  80.80  37.02 1337   0.01
  51827  79.72  37.28 1326   0.01
  51829  80.17  37.08 1349    0.1
  52656 100.82  38.43 2282    0.6
  52957 100.60  35.25 3149    0.3
  53272 112.63  42.75 1106    0.1
  53289 113.83  42.23 1322    8.7
  53324 107.05  41.07 1039   0.01
  53337 108.27  41.10 1025    0.2
  53343 109.97  41.77 1612    5.3
  53348 109.13  41.02 1080    0.9
  53357 110.05  42.03 1361    0.2
  53367 111.23  41.32 1604   12.0
  53378 112.62  41.28 1737    1.5
  53384 113.18  41.45 1424    6.6
  53385 113.55  41.57 1387   27.9
  53392 114.60  41.85 1424    1.5
  53397 113.98  41.10 1377    6.3
  53420 107.12  40.85 1024    0.4
  53433 108.65  40.73 1022    1.0
  53472 112.57  40.87 1453   0.01
  53481 113.22  40.80 1317    4.9
  53483 113.83  40.87 1269    2.2
  53486 113.77  40.37 1050    1.1
  53491 114.38  40.67  837    0.1
  53499 114.73  40.77  755    0.1
  53596 115.13  38.85   53    1.4
  53599 114.68  39.37  885    0.1
  53662 111.58  38.72 1393    0.1
  53677 112.48  37.93  808   0.01
  53678 112.67  38.07  899    0.1
  53679 112.55  37.73  776    0.1
  53680 114.38  38.30  109    2.7
  53681 113.37  38.83 1097    0.7
  53682 114.68  38.63  105    1.6
  53685 113.42  38.07  953    2.9
  53688 114.55  38.45   98    1.7
  53689 115.07  38.02   43    8.0
  53690 114.18  38.85  283    1.1
  53691 114.57  38.15   76    4.7
  53692 114.98  38.73   68    2.2
  53693 114.13  38.03  256   23.2
  53694 114.22  38.27  134   0.01
  53695 114.68  38.35   72    2.7
  53696 115.00  38.52   55    0.8
  53697 114.83  38.03   54   10.0
  53699 114.95  38.18   46    7.0
  53770 112.35  37.35  769   0.01
  53773 114.62  36.33   66   17.4
  53774 112.33  37.62  774   0.01
  53776 112.77  37.68  831    0.2
  53777 112.15  37.53  760   0.01
  53778 112.22  37.17  780   0.01
  53780 113.15  37.90 1066    0.5
  53781 114.47  36.87   69    7.3
  53782 113.55  37.85  743    8.9
  53783 113.70  37.60  880    3.6
  53784 114.78  37.75   39   14.8
  53785 114.67  37.52   35   26.1
  53786 113.37  37.08 1134    1.1
  53788 113.57  37.33 1267    8.3
  53789 114.63  37.88   57   12.3
  53790 114.62  37.60   50   25.8
  53791 114.52  37.77   67   16.2
  53792 114.48  37.45  113   18.9
  53794 114.75  37.35   34    4.9
  53795 114.37  37.65  137   19.2
  53796 114.88  37.62   31    7.8
  53797 114.52  37.28   74   18.6
  53799 114.98  37.23   25   14.4
  53852 110.63  36.77  917    0.2
  53857 110.18  36.07  840   0.01
  53861 111.42  35.88  425    0.1
  53862 111.77  36.83  809    0.2
  53865 111.55  36.65 1012   0.01
  53866 111.67  36.23  464   0.01
  53869 111.70  36.58  550   0.01
  53871 112.85  36.83  965    0.5
  53872 112.68  36.77  962    0.6
  53873 112.87  36.12  951    7.9
  53874 111.90  36.25  650    2.7
  53875 112.35  36.52 1001    0.2
  53878 113.38  36.52  769    5.7
  53879 112.88  36.32  953    6.5
  53880 113.23  36.33  948    4.7
  53883 114.70  37.13   36   52.6
  53885 113.20  36.13 1031    6.8
  53886 113.67  36.57  471   13.6
  53888 113.43  36.20 1088   14.4
  53889 113.82  36.07  308   20.9
  53890 114.15  36.68  234   29.5
  53891 114.68  37.02   44   17.7
  53892 114.47  36.62   67   19.8
  53893 114.95  36.77   40    8.3
  53894 114.22  36.42  128   18.9
  53895 114.50  36.78   61    8.6
  53896 114.95  36.35   51   17.5
  53897 114.38  36.38   71   22.4
  53899 114.97  36.48   49   20.1
  53945 109.07  35.43 1394    0.1
  53946 109.82  35.60 1091    0.2
  53947 109.07  35.08  979    1.4
  53949 109.92  35.18  680    0.3
  53950 110.15  35.23  710    0.2
  53953 110.85  35.97  966   0.01
  53954 110.97  35.62  433   0.01
  53957 110.72  35.62  459    0.1
  53958 110.78  35.13  389    0.1
  53961 111.48  35.65  473    0.4
  53962 111.70  35.73  585   0.01
  53964 111.22  35.62  431    0.1
  53965 111.57  35.52  761    0.4
  53966 111.83  35.98  818    4.7
  53967 111.20  35.33  469    0.7
  53970 112.20  35.70  887    4.9
  53972 112.92  35.12  121    6.4
  53973 112.95  35.77  836    6.0
  53974 114.18  35.62   73   11.7
  53976 112.87  35.50  751    7.2
  53978 112.63  35.08  140    2.2
  53979 113.08  35.15  121   10.2
  53980 114.80  36.55   51   21.7
  53981 113.27  35.78 1311    8.0
  53982 113.27  35.23  113    4.8
  53983 114.42  35.03   70   28.0
  53984 113.47  35.23   83    4.4
  53985 113.82  35.45   97    8.2
  53987 113.42  35.10   91    6.5
  53988 113.67  35.27   78    6.2
  53989 113.95  35.05   77   12.7
  53991 114.35  35.93   75   18.4
  53992 114.52  35.65   59   10.6
  53993 114.92  35.93   52   13.7
  53994 114.07  35.38   71    9.0
  53995 114.50  35.55   64   12.4
  53996 114.65  36.45   58   17.1
  53997 114.18  35.15   72   14.9
  53998 114.65  35.20   62   22.2
  54117 117.53  43.25 1004    2.1
  54187 128.92  43.12  369    1.1
  54204 115.00  42.30 1347   0.01
  54290 129.40  42.77  245    3.0
  54293 129.83  42.95  141    0.6
  54305 115.27  41.88 1468   0.01
  54319 118.67  41.00  509    0.5
  54325 120.35  41.18  183    0.3
  54328 119.72  41.08  300    0.1
  54330 121.37  41.17   61    0.2
  54332 122.72  41.52   13    0.3
  54338 121.95  41.28    4    0.2
  54398 116.62  40.13   29    1.0
  54399 116.28  39.98   46    3.2
  54410 116.13  40.60 1216    3.2
  54412 116.63  40.73  334    0.3
  54419 116.63  40.37   75    3.3
  54424 117.12  40.17   33    0.6
  54425 117.48  40.42  584    3.3
  54428 117.40  40.03   19    2.0
  54430 118.15  40.77  268    0.3
  54431 116.63  39.92   40    1.5
  54432 118.48  40.60  305    1.1
  54433 116.50  39.95   36    1.7
  54434 118.30  40.17  103    6.4
  54437 118.65  39.50   19    8.7
  54438 118.88  39.88   61    3.0
  54439 118.72  40.02   51    5.6
  54494 124.07  40.47   74   0.01
  54499 116.22  40.22   75    3.6
  54502 116.03  39.48   30    4.3
  54503 115.82  39.07   13   13.6
  54505 116.12  39.92   94    7.6
  54506 115.88  39.32   29    2.2
  54507 115.50  39.35   52    6.2
  54510 116.98  39.90   18    0.1
  54512 116.28  39.42   22    2.7
  54513 116.20  39.95   67    5.9
  54514 116.25  39.87   56    4.3
  54515 116.70  39.50   14    1.4
  54517 117.20  39.07    5    3.7
  54519 116.48  39.30   13    3.7
  54520 117.08  39.97   19    1.0
  54521 116.98  39.77   14    1.6
  54522 117.73  39.88   19    2.2
  54526 117.33  39.08   10    7.6
  54529 117.82  39.35   12    6.1
  54530 117.77  39.23    6    7.4
  54531 118.72  39.73   43    5.9
  54532 118.10  39.80   35    8.7
  54533 118.10  39.58    9    6.3
  54535 118.47  39.28    3    8.5
  54540 119.17  39.72   14    7.8
  54541 119.23  39.90   23    6.1
  54568 121.70  39.08   40    5.8
  54569 121.97  39.40   35    3.2
  54575 122.37  39.42   44    5.2
  54590 124.17  39.88    5    0.6
  54594 116.35  39.72   38    1.9
  54596 116.13  39.68   40    3.6
  54597 115.73  39.73  409    3.5
  54601 115.65  38.98   14    5.4
  54603 115.77  38.72   10    5.4
  54604 115.33  38.42   31   10.2
  54605 115.93  38.93    7   12.6
  54607 115.12  38.72   45    1.3
  54608 115.55  38.00   27   18.0
  54609 115.50  38.25   25   14.3
  54610 116.10  38.73    9    6.6
  54611 115.32  38.93   45    4.0
  54612 116.45  38.87    7    1.8
  54613 116.62  38.70    8    4.1
  54614 116.08  38.45   13   18.6
  54615 116.83  38.58    8    8.0
  54616 116.85  38.35    9   12.9
  54617 116.12  38.18   13   16.2
  54619 116.92  38.92    8    3.8
  54620 115.57  38.48   19    8.0
  54621 115.18  38.18   39    8.8
  54622 117.37  38.98    3    6.7
  54626 115.82  38.42   15   21.2
  54627 117.23  38.03    8   11.4
  54628 117.48  38.15    7   14.6
  54631 115.15  37.07   33    8.9
  54632 115.03  37.07   34    8.0
  54633 115.23  37.52   27   14.6
  54636 116.10  39.02   12    3.8
  54640 114.87  36.92   37   19.6
  54644 117.12  38.05   11    8.4
  54645 117.47  38.85    3   13.8
  54700 115.93  38.03   16   15.9
  54701 115.20  37.93   41   28.3
  54702 115.70  37.73   22    8.9
  54703 115.88  37.80   25    8.2
  54704 115.57  37.55   23   19.4
  54706 115.67  37.08   32    8.9
  54707 115.98  37.35   28   23.9
  54708 115.73  37.50   24   20.4
  54709 116.07  37.22   30   22.3
  54710 116.17  37.87   19   18.5
  54711 116.28  37.70   19    7.4
  54712 116.82  37.20   23   13.5
  54713 116.53  37.88   15   24.1
  54714 116.33  37.45   24   15.0
  54716 116.80  37.67   17   18.0
  54717 116.40  37.63   18    9.9
  54718 116.43  37.15   26   16.5
  54719 116.68  38.03   12   13.7
  54722 117.63  37.75    7   15.0
  54723 117.57  37.65   11   15.7
  54724 117.13  37.32   21   12.4
  54726 117.18  37.70   12   11.0
  54728 117.38  37.77   16   15.0
  54729 117.87  37.17   11   22.6
  54730 118.13  37.70   11   15.6
  54731 118.22  37.48   16   26.7
  54732 118.52  37.87   13   17.0
  54734 118.00  37.35   12   28.4
  54736 118.67  37.43    9   32.7
  54737 118.15  37.15   17   25.3
  54738 118.40  37.05   20   24.6
  54749 119.95  37.18   48   26.0
  54752 120.77  37.80   64   32.2
  54755 120.38  37.37  113   32.8
  54759 120.83  37.30  172   36.9
  54765 121.43  37.48   57   28.9
  54766 121.62  37.38   23   27.0
  54777 122.07  37.20  112   53.8
  54778 122.48  37.17   60   60.5
  54800 115.25  36.98   35    5.7
  54801 115.48  36.85   36   10.8
  54802 115.73  36.82   35   16.1
  54803 116.02  36.98   28   19.6
  54804 115.13  36.30   46   17.9
  54805 115.45  36.48   41   16.8
  54806 115.97  36.42   39   11.8
  54807 115.80  36.13   44   16.6
  54809 115.28  36.55   42   19.6
  54810 116.27  36.87   28   18.9
  54811 116.62  36.93   22   16.3
  54812 116.75  36.78   23   13.6
  54814 116.23  36.58   32   12.4
  54815 116.27  36.38   33   12.6
  54816 116.80  36.52   82   28.2
  54817 115.87  35.98   43   21.3
  54818 116.42  36.25   72   25.1
  54819 116.80  36.18  118   30.5
  54820 115.17  36.82   38   10.0
  54821 117.20  37.00   21   23.7
  54822 117.73  36.87   46   24.0
  54824 117.95  36.63   95   17.8
  54825 117.85  36.52  195   24.3
  54827 117.15  36.17  137   42.1
  54828 117.68  36.23  228   28.4
  54829 117.87  36.77   88   25.1
  54830 117.93  36.82   35   22.4
  54831 118.50  36.65  102   43.4
  54832 118.73  36.88   29   18.4
  54833 118.08  36.97   19   24.3
  54834 118.28  36.87   46   29.1
  54835 118.55  36.50  110   37.6
  54837 118.83  36.68   76   35.2
  54841 119.40  36.87    8   38.4
  54844 119.18  36.42   67   47.7
  54846 119.75  36.38   37   51.2
  54848 119.42  35.98   81   61.8
  54849 120.00  36.27   16   62.6
  54851 120.57  36.90   81   49.6
  54852 120.73  36.97   53   47.4
  54853 120.42  36.17   43   67.8
  54855 120.47  36.38   30   56.2
  54861 121.53  36.93   47   72.7
  54871 122.48  36.93    9   77.0
  54900 115.02  35.70   54   12.5
  54901 115.17  36.08   47   17.2
  54902 115.12  35.90   49   14.1
  54903 115.48  35.85   50   18.7
  54904 115.52  35.58   51   36.8
  54905 115.93  35.58   53   66.7
  54906 115.42  35.25   51   71.6
  54907 116.65  34.98   38   73.4
  54908 115.10  35.27   57   39.1
  54910 116.05  35.82   45   49.9
  54911 116.45  35.93   51   38.9
  54912 116.48  35.70   47   61.7
  54913 116.82  35.75   67   79.1
  54914 116.08  35.42   44   89.0
  54915 116.60  35.43   34   93.9
  54917 116.32  35.10   41   91.4
  54918 116.97  35.60   66   82.5
  54919 116.98  35.42  111   28.8
  54920 117.28  35.65  110   57.1
  54921 116.33  35.42   39  113.4
  54922 117.78  35.88  223   52.6
  54923 117.93  35.72  202   57.3
  54925 117.63  35.52  170   58.0
  54927 117.20  35.10   79   55.9
  54932 118.65  35.77  184   82.4
  54935 118.43  35.53  120  108.1
  54938 118.40  35.05   66  107.5
  54939 118.82  35.17  116   99.4
  54940 119.20  35.75  147   69.3
  54943 120.00  35.88   13  175.3
  56016  95.62  33.85 4181   0.01
  56775 102.45  25.55 1752    0.2
  56839  98.82  23.77  994   0.01
  56862 101.60  24.68 1966   0.01
  56867 101.12  23.98 1107    0.3
  56869 101.97  24.07 1498    0.1
  56876 102.77  24.28 1732    0.2
  56878 102.75  24.13 1802    0.1
  56879 102.92  24.20 1610    0.1
  56889 104.17  24.05 1518    0.8
  56898 102.40  24.18 1542   0.01
  56944  99.27  23.15 1280    0.6
  56948  99.60  22.63 1156    0.1
  56949  99.60  22.32  946    2.1
  56950  99.80  23.47 1044   0.01
  56958 100.42  21.92 1177    0.7
  56961 101.05  23.03 1321    0.1
  56962 101.67  23.42 1315    0.1
  56973 102.83  23.62 1310    0.3
  56975 102.43  23.37  975    0.4
  56976 102.83  23.23  229    1.2
  56978 102.42  23.00 1640    1.1
  56984 103.15  23.38 1717    1.3
  56987 103.23  22.78 1261   24.7
  56989 103.95  22.50  138    0.6
  56992 104.70  23.45 1508    0.9
  56994 104.25  23.38 1277    1.4
  56995 104.42  23.03 1335    5.6
  56996 104.70  23.13 1094    1.3
  57007 105.18  34.18 1406   0.01
  57008 105.30  34.03 1578   0.01
  57029 108.48  34.50  544    0.2
  57031 108.55  34.82 1013   0.01
  57032 108.20  34.13  436    1.6
  57033 108.82  34.55  429    0.9
  57036 108.93  34.30  398    0.1
  57038 108.45  34.28  411    0.4
  57039 108.88  34.08  445    1.8
  57041 108.92  34.63  425    0.5
  57042 109.18  34.78  473   0.01
  57044 109.23  34.40  424   0.01
  57045 109.48  34.52  354    1.3
  57047 109.32  34.17  541    0.2
  57053 110.72  34.70  507    0.7
  57054 110.23  34.55  557    0.1
  57055 110.08  34.55  352    0.1
  57056 110.88  34.53  390    7.0
  57057 110.15  34.10  961    3.5
  57060 111.23  35.17  404    2.8
  57061 111.20  34.83  411    5.3
  57063 111.77  34.77  524    9.3
  57065 112.18  34.50  196    5.2
  57066 111.67  34.38  329    9.7
  57070 112.12  34.73  358    9.1
  57072 112.75  34.92  128    5.5
  57074 112.42  34.42  198    8.9
  57075 112.87  34.17  203   34.7
  57076 112.82  34.72  190    9.9
  57078 112.47  34.15  337   14.2
  57079 113.03  34.95  106    7.9
  57080 112.97  34.73  166    9.1
  57081 113.43  34.80  141   12.6
  57082 113.02  34.47  428   12.5
  57085 113.37  34.55  289   19.8
  57086 113.72  34.38  116   20.6
  57087 113.80  34.20   88   25.5
  57088 113.50  34.15  117    8.5
  57090 113.97  34.72   79   28.0
  57093 114.82  34.85   74   52.7
  57094 114.22  34.40   71   24.6
  57095 114.15  34.12   61   24.4
  57096 114.78  34.53   60   45.4
  57098 114.40  34.08   59   32.6
  57099 114.85  34.07   53   45.4
  57123 108.07  34.28  510    1.4
  57132 108.62  34.12  415    1.4
  57153 110.33  33.68  584    0.3
  57155 109.87  33.55  661   0.01
  57162 112.08  34.15  327    9.3
  57173 112.88  33.75  147    9.9
  57175 112.23  33.05  192   0.01
  57176 112.42  33.48  230    1.6
  57177 113.53  33.33   91   21.7
  57179 113.00  33.28  161    2.4
  57180 113.20  33.98  118    8.2
  57182 113.50  33.85   81   10.8
  57183 113.92  33.80   61   32.4
  57184 113.37  33.63   84    7.0
  57185 113.58  33.45   92   18.6
  57186 114.05  33.60   59   29.4
  57187 112.93  33.07  119    7.7
  57188 114.03  33.37   56   30.8
  57189 113.95  33.13   65   17.6
  57190 114.40  33.75   51   38.2
  57191 114.48  34.48   64   39.7
  57192 114.85  33.73   47   37.9
  57194 114.27  33.28   60    7.1
  57195 114.62  33.62   47   22.5
  57196 114.87  33.47   42   18.7
  57197 114.33  33.00   54    8.0
  57198 114.62  33.55   47   21.3
  57242 109.37  32.85  285    0.3
  57247 108.90  32.32  442   0.01
  57248 109.33  32.40  429    0.4
  57249 109.68  32.32  453    1.0
  57253 110.82  32.85  204   0.01
  57254 110.12  32.82  324   0.01
  57257 110.23  32.23  309    0.4
  57260 111.52  32.55  143    0.3
  57261 111.50  33.13  196    0.1
  57268 111.63  32.27   87    1.5
  57271 112.38  32.55   89    3.8
  57273 112.85  32.68  110    2.6
  57274 112.12  32.70  108    0.1
  57281 113.30  32.70  142    5.6
  57292 114.63  32.97   44   33.0
  57293 114.98  32.73   39   55.6
  57294 114.02  32.83   84    4.6
  57295 114.35  32.62   83   40.8
  57296 114.73  32.35   50   37.2
  57298 114.55  32.22   56   37.4
  57299 114.90  32.02   50   37.0
  57349 109.87  31.07  270    1.1
  57361 111.27  31.88  331    0.7
  57362 110.67  31.75  939   0.01
  57363 111.83  31.80  146    3.4
  57368 111.63  31.05  138   0.01
  57370 112.22  31.73   68   0.01
  57377 112.22  31.00  184    1.2
  57385 113.82  31.63   94   12.4
  57387 113.13  31.00   80    8.3
  57388 113.70  31.27   55   30.6
  57389 113.75  31.03   33   16.6
  57390 114.07  31.80  731   28.8
  57396 114.85  31.63  130   92.0
  57398 114.62  31.28   76   45.6
  57437 108.03  30.30  326    0.1
  57453 111.32  30.77  116    2.7
  57460 111.78  30.82   91    0.2
  57462 111.08  30.87  104   11.6
  57464 111.18  30.47  144   41.1
  57465 111.45  30.38   76    8.2
  57466 111.77  30.43   50    0.7
  57469 111.77  30.18   68    1.3
  57475 112.90  30.40   33   22.0
  57477 112.22  30.07   39   15.2
  57481 113.58  30.95   31   20.5
  57485 113.45  30.37   33   25.9
  57486 113.85  30.65   25   25.0
  57489 114.00  30.58   39   22.1
  57491 114.40  30.87   31   20.7
  57492 114.80  30.83   33   35.4
  57496 114.87  30.37   30   28.2
  57498 114.90  30.43   22   22.6
  57499 114.97  30.10   40    8.7
  57519 107.08  29.15  559   0.01
  57540 109.15  29.68  776   0.01
  57541 109.48  30.00  533    3.3
  57543 110.03  29.88  540    0.5
  57558 110.47  29.13  184   14.2
  57564 111.13  29.43  103   16.3
  57565 111.75  29.65   39   45.4
  57566 111.65  29.45   50   35.6
  57571 112.40  29.70   37   34.4
  57575 112.57  29.52   32   13.2
  57577 112.17  29.40   37   16.0
  57582 113.88  29.73   51   10.3
  57585 113.45  29.48   60    5.1
  57586 114.03  29.53   79   12.1
  57589 113.80  29.25  103   11.7
  57590 114.37  29.85   64    8.4
  57596 114.20  29.63    0   17.8
  57643 109.83  29.00  268    0.1
  57646 109.95  28.62  301   0.01
  57657 110.20  28.22  182   0.01
  57661 111.48  28.92   51   57.8
  57663 111.95  28.92   31   52.9
  57666 112.13  28.52   49   19.4
  57674 112.47  28.57   44   16.3
  57678 112.55  28.25   71   24.7
  57680 113.07  28.80   47   11.4
  57688 113.63  28.15  100    2.0
  57694 114.38  28.53  256    3.6
  57698 114.45  28.12   99    1.5
  57699 114.92  28.23   68    2.8
  57740 109.60  27.95  349   0.01
  57743 109.80  27.88  176   10.8
  57754 110.15  27.35  170    2.7
  57760 111.43  27.70  247   15.4
  57762 111.70  27.68  163    4.3
  57763 112.00  27.73  151    5.2
  57767 111.03  27.12  266    7.0
  57768 111.45  27.32  242    7.0
  57769 111.73  27.23  257    5.7
  57771 112.52  27.93   89    4.2
  57772 112.50  27.75   84    1.6
  57773 112.82  27.87   63    1.5
  57777 112.87  27.23   65    5.1
  57778 112.95  27.10   68    4.6
  57781 113.50  27.65   71    4.5
  57786 113.85  27.65  110    3.6
  57792 114.68  27.82   93   10.3
  57796 114.93  27.80   79   10.7
  57798 114.60  27.40   89   37.3
  57829 107.80  26.20  964   0.01
  57842 109.72  26.88  281    4.9
  57844 109.18  26.68  344    0.5
  57846 110.15  26.58  307    7.2
  57851 110.85  26.45  307    9.1
  57859 110.63  26.03  409   35.3
  57860 111.28  27.00  282    7.7
  57865 111.58  26.47  166   15.5
  57867 111.28  26.40  169   16.7
  57868 111.87  26.60  113   10.4
  57870 112.10  26.80  151   13.1
  57871 112.37  26.98   91   10.9
  57875 112.50  26.88   71   11.4
  57876 112.83  26.43  118   28.4
  57881 113.25  26.72  105   35.0
  57882 113.55  26.78  135   49.3
  57883 114.28  26.75  257   37.6
  57886 113.78  26.50  226   20.6
  57887 113.12  26.13  124   11.9
  57891 114.25  26.93  144   54.0
  57895 114.78  26.47   96   15.6
  57899 114.92  26.80   66   46.1
  57909 105.82  24.98  584   0.01
  57921 107.32  25.83  710    2.9
  57923 107.87  25.98  418    1.8
  57927 107.18  24.97  283    0.7
  57936 108.92  25.75  255   25.8
  57941 109.60  25.78  198   47.5
  57942 110.00  25.80  267   72.7
  57948 109.25  25.08  123    0.3
  57949 110.00  24.98  157    8.5
  57954 110.18  25.23  158    4.4
  57955 110.67  25.62  224   39.6
  57956 110.32  25.42  169   14.2
  57958 110.32  25.08  152    4.2
  57960 111.07  25.93  192   65.6
  57962 111.65  25.97  166   31.2
  57964 111.15  25.50  258   34.9
  57966 111.95  25.60  205   17.0
  57969 111.33  25.27  230   14.1
  57971 112.20  25.92  225   18.0
  57973 112.72  25.75  328    1.2
  57975 112.20  25.38  278    1.1
  57976 112.95  25.42  226    8.0
  57978 112.55  25.28  291    3.8
  57981 113.22  25.98  141    0.3
  57985 113.68  25.57  608    5.4
  57988 113.35  25.15  103   20.6
  57989 113.73  25.10   96   30.2
  57990 114.30  25.70  252    2.5
  57991 114.55  25.80  148    2.3
  57992 114.75  25.67  129   16.9
  57994 114.35  25.40  208   25.0
  57995 114.93  25.40  166   50.1
  58001 115.10  34.43   57   48.0
  58002 115.58  34.85   53   63.3
  58003 115.88  34.95   48   84.3
  58004 115.15  34.65   61   52.9
  58006 115.88  34.38   47   72.2
  58007 115.30  34.07   53   54.1
  58008 115.33  34.47   55   49.9
  58011 116.07  34.80   44   78.6
  58012 116.58  34.68   40   59.9
  58013 116.90  34.75   40   93.3
  58016 116.97  34.18   39   93.9
  58017 116.13  34.25   42   77.8
  58020 117.13  34.80   38  152.7
  58021 117.28  34.78   80   93.2
  58022 117.57  34.75   48  146.5
  58024 117.58  34.87   78  131.2
  58025 117.73  34.57   32  131.9
  58030 118.07  34.85   47  172.9
  58032 118.65  34.93   75  118.0
  58035 118.35  34.33   30   77.1
  58036 118.73  34.52   39  115.7
  58041 119.43  34.78   22   89.9
  58044 119.23  34.53    5   68.0
  58045 119.60  34.20    8   62.1
  58048 119.35  34.12    9   46.9
  58049 119.82  34.03    7   69.7
  58100 115.17  33.65   42   29.1
  58101 115.48  33.87   42   44.1
  58104 115.07  33.40   42   29.2
  58107 115.25  33.07   40   38.3
  58108 115.33  33.23   46   59.5
  58109 115.62  33.18   37   43.3
  58113 116.75  33.93   35  100.0
  58114 116.18  33.48   29   63.5
  58116 116.83  33.98   32  103.1
  58117 116.20  33.13   33   51.7
  58125 117.55  33.55   28   60.1
  58126 117.87  33.47   24   48.0
  58127 117.20  32.98   23   41.6
  58128 117.30  33.32   23   70.4
  58129 117.87  33.13   20   32.8
  58131 118.27  33.98   28   58.1
  58132 118.68  33.72   19   45.0
  58139 118.88  33.30   13   39.7
  58140 119.30  33.77   13   60.2
  58145 119.17  33.53    8   54.0
  58146 119.77  33.47    7   45.6
  58147 118.97  32.98   28   25.3
  58148 119.30  33.23   11   37.4
  58154 120.20  33.43    7   42.1
  58202 115.58  32.63   37   41.5
  58205 115.43  32.47   36   40.8
  58207 115.05  32.17   42   34.7
  58210 116.23  32.65   25   46.7
  58212 116.73  32.72   27   29.0
  58214 116.28  32.33   37   29.5
  58220 117.15  32.47   32   25.1
  58222 117.55  32.85   31   30.0
  58223 117.98  32.78   38   29.5
  58224 117.02  32.65   36   24.5
  58230 118.27  32.08   34   30.2
  58234 118.42  32.47   43   39.6
  58235 118.85  32.37   16   26.1
  58237 118.62  32.05   22   18.5
  58240 119.02  32.68   25   31.5
  58242 119.18  32.28   14    6.2
  58243 119.83  32.93    7   24.6
  58244 119.58  32.45   10   12.1
  58245 119.42  32.42   14    7.5
  58246 119.90  32.52   11   15.5
  58247 119.82  32.25    5    8.2
  58249 120.00  32.17    8    7.5
  58250 120.15  32.52   10    9.8
  58254 120.45  32.52    5    8.1
  58257 120.25  31.98   12    3.1
  58264 121.18  32.33   11    7.7
  58268 121.08  32.10    8    4.5
  58269 121.65  31.78   12    8.3
  58301 115.38  31.82   90   47.3
  58306 115.88  31.68   94   18.5
  58316 116.95  31.47   26    9.4
  58317 116.37  30.87  434   46.5
  58320 117.13  31.73   26   21.9
  58323 117.47  31.88   29   26.4
  58327 117.28  31.25   24    6.0
  58329 117.87  31.33   24    1.5
  58330 118.08  31.75   20    8.2
  58331 118.37  31.73   26    0.6
  58334 118.37  31.38   23    8.7
  58335 118.52  31.57   16    5.7
  58337 118.18  31.08   30    3.4
  58339 118.90  31.33   24    3.8
  58340 119.03  31.65   23    8.7
  58341 119.58  31.98   10   14.6
  58342 119.55  31.72    7   12.3
  58344 119.20  31.97   35   12.6
  58346 119.82  31.33   15    3.4
  58349 120.63  31.27    9    1.7
  58351 120.30  31.90   12    3.4
  58352 120.77  31.65    8    3.5
  58353 120.57  31.87    6    0.8
  58359 120.62  31.13    9    1.3
  58360 121.20  31.92    6    8.9
  58361 121.37  31.10   10   11.2
  58365 121.25  31.37    9    3.0
  58366 121.40  31.63    9    6.9
  58367 121.43  31.20   18   13.2
  58369 121.78  31.05    9   16.2
  58370 121.55  31.22   11   15.0
  58377 121.10  31.47    6    4.5
  58401 115.40  30.78  106   32.7
  58404 115.22  30.47   57   25.3
  58408 115.43  30.23   35    3.6
  58409 115.93  30.07   20   14.7
  58415 116.58  30.63   38    9.2
  58416 116.82  30.75   38    2.7
  58417 116.13  30.17   50   13.4
  58418 116.70  30.13   26   25.1
  58420 117.22  30.72   38    3.9
  58421 117.87  30.63   32    1.5
  58423 117.78  30.48  643   13.0
  58426 118.13  30.30  192    4.7
  58427 117.48  30.67   36    3.3
  58428 117.48  30.22  115   22.2
  58431 118.32  30.92   17    1.3
  58432 118.40  30.68   39    5.8
  58433 118.75  30.93   30    2.9
  58435 118.53  30.30  221    5.5
  58438 118.58  30.08  197    4.6
  58441 119.42  30.87   53    5.5
  58442 119.18  31.13   16    6.8
  58443 119.90  31.02   19    2.0
  58446 119.68  30.63   25    1.7
  58449 119.95  30.05   47    3.8
  58451 120.93  30.83    3    8.0
  58452 120.77  30.73    4    5.6
  58453 120.50  30.07   10   14.8
  58454 119.97  30.53    5    4.1
  58455 120.65  30.52    8    6.6
  58456 120.52  30.63    6    3.7
  58458 120.90  30.53    3   12.4
  58459 120.28  30.18   42    9.0
  58460 121.35  30.73    6   14.6
  58461 121.12  31.13    8    5.1
  58462 121.23  31.03    9   10.6
  58463 121.50  30.88    9   15.9
  58468 121.17  30.05   10    1.0
  58484 122.20  30.25    9    1.9
  58501 115.63  29.93   25    4.9
  58502 116.00  29.73   37    1.1
  58503 115.68  29.70   41    0.8
  58508 115.77  29.33   42    7.5
  58509 115.82  29.05   38    4.4
  58510 116.23  29.73   40   30.9
  58512 116.55  29.90   66   35.7
  58514 116.05  29.45   35   17.1
  58517 116.20  29.27   43   15.5
  58523 117.93  29.93  231    7.4
  58529 117.85  29.27   82   15.9
  58530 118.43  29.87  170    6.4
  58534 118.18  29.78  173    2.9
  58537 118.40  29.13  153   23.0
  58542 119.68  29.82   45    4.5
  58544 119.27  29.48   87   13.9
  58546 119.88  29.47  114   15.0
  58547 119.18  29.03   65   26.7
  58548 119.47  29.22   46   21.3
  58550 120.25  29.70   39   14.7
  58555 120.88  29.52  112    1.0
  58558 120.22  29.27   89    2.3
  58559 120.98  29.17   59    6.1
  58561 121.60  29.98    3    4.2
  58563 121.83  29.88    4    0.6
  58565 121.43  29.68    6    1.9
  58566 121.88  29.47   14    0.1
  58567 121.43  29.32   39    1.5
  58568 121.38  29.12   35    0.5
  58570 122.30  29.95   83    1.9
  58601 115.38  28.70   54   12.5
  58602 115.55  28.85   46    7.5
  58605 115.38  28.42   49    1.7
  58607 115.95  28.55   35    3.8
  58609 115.82  28.22   30   12.2
  58612 116.68  28.70   22   11.8
  58614 116.27  28.38   40   11.8
  58615 117.08  28.68   56   16.5
  58616 116.82  28.20   44   24.9
  58618 116.60  28.23   51   25.2
  58619 116.37  28.00   47   42.1
  58620 117.13  28.97   37   17.2
  58623 117.92  28.47   92   44.9
  58624 117.43  28.40   64   32.3
  58625 117.60  28.42   80   37.5
  58627 117.03  28.25   64   31.5
  58629 117.70  28.32   59   50.4
  58631 118.50  28.90  134   41.3
  58632 118.60  28.72  124   54.1
  58635 118.20  28.43   96   61.6
  58642 119.80  28.88  102    5.1
  58643 120.03  28.90   99    3.8
  58644 119.28  28.60  237   21.1
  58647 119.13  28.07  196   26.4
  58654 120.08  28.67  184    9.6
  58656 120.97  28.12    7   10.3
  58657 120.28  28.15   59   16.8
  58658 120.68  28.15   36   11.4
  58659 120.65  28.03   29   10.6
  58660 121.13  28.85    8    3.6
  58664 121.37  28.37   33    7.9
  58693 115.83  28.70   37    7.1
  58701 115.40  27.77   47   24.3
  58704 115.35  27.62   61   51.6
  58706 115.83  27.43  180  104.0
  58707 115.13  27.22   66   56.0
  58710 116.05  27.77   76   45.5
  58712 116.78  27.92  123   85.8
  58713 117.07  27.72  220  133.0
  58714 116.23  27.55  115   93.6
  58719 116.93  27.30  123  109.0
  58724 117.30  27.52  264  167.1
  58735 118.80  27.52  201   37.7
  58736 118.82  27.37  220    9.4
  58745 119.07  27.62  368   45.5
  58746 119.70  27.55  514    8.0
  58747 119.35  27.15  900    6.2
  58748 119.65  27.10   51    4.8
  58749 119.88  27.23  680    3.3
  58750 120.08  27.78  106    7.8
  58751 120.55  27.68    5    1.9
  58804 115.35  26.35  153    7.2
  58814 116.35  26.35  237    2.1
  58819 116.80  26.17  329    2.4
  58821 117.47  26.73  174    3.7
  58822 116.85  26.83  341    1.9
  58823 117.80  26.80  173    2.9
  58824 117.15  26.40  355    7.6
  58826 117.80  26.40  120    2.5
  58828 117.62  26.27  206    0.3
  58836 118.73  26.58  359    1.5
  58839 118.85  26.23   42    4.0
  58844 119.15  26.15   49    1.5
  58845 119.53  26.50   57    1.7
  58848 119.55  26.20   12    0.2
  58850 120.23  26.92   88    2.5
  58903 116.03  25.90  208    2.9
  58905 115.42  25.97  136    2.4
  58906 115.80  25.60  167   27.1
  58907 115.40  25.15  300    7.6
  58912 116.75  25.72  379    3.5
  58917 116.10  25.08  307    9.5
  58923 117.83  25.70  397    4.8
  58928 117.53  25.02  160    2.2
  58929 118.15  25.07   66    0.7
  58932 118.93  25.87   85    1.5
  58934 118.27  25.33  170    2.5
  58935 118.23  25.48  516    2.0
  58938 118.98  25.23   22   11.7
  58942 119.38  25.72   39    0.2
  58946 119.00  25.45   84    2.0
  59001 105.33  24.78  674   0.01
  59004 105.10  24.50  729    0.6
  59012 106.55  24.78  973   0.01
  59015 106.57  24.35  442    0.1
  59017 106.27  24.27  279    0.2
  59022 107.55  24.98  695    1.7
  59025 107.38  24.53  249    6.1
  59027 107.25  24.13  244   0.01
  59031 108.25  24.83  205    2.0
  59033 108.90  24.78  330   0.01
  59034 108.67  24.48  149    0.1
  59038 108.65  24.07  142   0.01
  59041 109.25  24.65  109    0.4
  59045 109.75  24.48   95    7.2
  59047 109.33  24.25  101    9.4
  59051 110.50  24.77  133   27.9
  59052 110.82  24.83  167   43.2
  59053 110.67  24.62  108    6.3
  59055 110.40  24.50  166   11.0
  59057 110.18  24.13  827   17.1
  59059 110.80  24.18  107    5.4
  59061 111.27  24.82  198    6.7
  59063 111.45  25.18  262    1.8
  59064 111.32  24.55  141    3.9
  59071 112.28  24.73  175   88.3
  59074 112.15  24.57  300   26.8
  59075 112.63  24.48   70   28.0
  59081 113.27  24.78   98   40.8
  59090 114.07  24.95  103   55.2
  59091 114.53  24.75  257   11.5
  59093 115.03  24.78  254   10.8
  59094 114.12  24.37  135   20.8
  59099 114.93  24.45  175   15.0
  59106 115.90  24.58  152   12.8
  59109 115.73  24.15  126   21.7
  59114 116.17  24.65  131    8.6
  59122 117.75  24.62   42    7.5
  59124 117.37  24.52   31    4.3
  59125 117.30  24.38  105   16.9
  59127 117.83  24.43   14   16.3
  59129 117.60  24.13   53   25.3
  59130 118.15  24.73   28   27.1
  59131 118.37  24.97   44   12.6
  59137 118.57  24.82   55    7.4
  59205 105.63  23.65  688    0.8
  59213 106.92  23.73  113    1.1
  59215 106.62  23.33  640   0.01
  59224 107.12  23.60  116    0.4
  59227 107.15  23.08  438   0.01
  59230 108.17  23.72  173    3.8
  59235 108.62  23.43  116   11.6
  59237 108.28  23.17  115    1.5
  59238 108.80  23.22  123   46.4
  59241 109.68  23.97   91    0.3
  59246 109.67  23.60   70    0.9
  59249 109.62  23.12   56    1.9
  59255 110.38  23.55   37   11.7
  59264 111.50  23.40   79    1.9
  59270 112.18  23.92   78    2.8
  59276 112.65  23.35   40   0.01
  59279 112.87  23.18   18    0.1
  59284 113.22  23.38    6    0.1
  59285 113.60  23.57   39   0.01
  59288 113.13  23.05    3    0.2
  59290 114.23  23.73   71   15.3
  59297 114.28  23.18   16    2.6
  59310 116.18  23.77   39   20.6
  59312 116.63  23.67   11   20.6
  59313 116.98  23.68   42   29.1
  59314 116.13  23.30   27   86.8
  59315 116.38  23.58   25   44.8
  59318 116.58  23.27   10   12.4
  59319 116.77  23.47    9   17.4
  59320 117.13  23.77   27   11.8
  59322 117.37  23.98   20   39.3
  59426 107.90  22.63   92   0.01
  59432 108.40  22.80  203    1.3
  59435 108.48  22.77   75   0.01
  59448 109.55  22.27   70   0.01
  59449 109.98  22.30   80   0.01
  59451 110.35  22.70   99   0.01
  59469 111.78  22.17   33    0.1
  59470 112.22  22.72   33    0.1
  59471 112.05  22.93  102   0.01
  59473 112.97  22.77   20   0.01
  59475 112.65  22.40   24    1.0
  59476 113.03  22.53   35    3.2
  59477 112.30  22.18   25    1.0
  59480 113.25  22.85   21   0.01
  59481 113.32  22.93   16   0.01
  59487 113.30  22.23   12   71.0
  59492 114.70  22.92   43   20.2
  59500 115.32  22.97   10  148.0
  59502 115.65  22.95   11   13.5
  59635 108.35  21.62   26    0.2
  59640 109.18  21.67    6   0.01
  59650 110.25  21.38   25   0.01
  59654 110.30  21.63   28   0.01
  59659 110.92  21.75   32    0.1
  59757 110.37  20.00   10   16.1
  59843 110.00  19.73   36    7.7
  59851 110.33  19.70   25   0.01
