diamond  3 2013年06月22日08点24小时降雨量                    
  13  06  22  08    -1 3 10 25 50 1 0
 39 122.7  37.3 122.5  36.7 120.8  36.2 119.3  35.0 120.4  34.3
 121.1  32.7 122.3  30.9 122.5  30.1 121.5  28.0 119.8  25.0
 116.1  22.6 111.0  21.0 111.0  18.6 109.6  18.1 108.3  18.5
 108.9  19.9 109.3  21.0 106.4  21.6 104.1  22.2 101.6  20.8
  98.7  22.0  97.1  24.1  97.7  27.0  91.7  26.6  85.7  27.7
  78.9  30.6  73.3  37.1  74.1  40.7  87.6  49.8  98.5  43.9
 110.4  44.3 122.0  54.7 135.7  48.3 131.5  42.2 125.2  39.4
 121.3  38.5 121.2  40.3 118.5  38.6 120.8  38.1
1        1010
  50137 122.37  53.47  297    7.4
  50431 121.52  50.78  718   14.5
  50445 123.73  50.58  424    1.3
  50526 120.70  49.28  670    0.1
  50645 124.48  48.48  196    0.1
  50646 124.85  48.48  204    0.8
  50647 123.48  48.13  237    0.7
  50655 126.18  48.50  267    1.5
  50659 126.25  48.03  293    0.8
  50741 123.50  47.93  186    0.4
  50750 125.30  47.90  228    2.0
  50755 126.10  47.60  232    0.3
  50772 129.23  48.10  299    0.3
  50775 130.27  47.33  229    4.5
  50832 122.08  46.72  334   0.01
  50833 122.90  46.72  189    0.8
  50852 126.45  46.83  170    0.4
  50859 126.27  46.25  160    3.2
  50861 127.48  46.88  186   21.6
  50871 129.88  46.73   96    1.4
  50879 130.55  46.22  187    1.3
  50892 134.00  46.80   57    0.1
  50934 121.58  45.38  309   0.01
  50937 121.47  45.05  250    0.1
  50940 123.17  45.85  142    0.3
  50946 124.83  45.18  140   0.01
  50954 125.08  45.50  129   0.01
  50956 126.57  45.93  117    0.3
  50958 126.95  45.52  175    3.0
  50960 127.45  45.78  192    0.2
  50962 128.03  45.95  113    1.8
  50971 131.02  45.77  226    4.8
  50979 130.23  45.27  279    8.7
  50985 131.87  45.55  155    0.2
  50987 131.13  45.25  181   17.5
  51058  87.97  47.10  564    0.2
  51627  79.23  41.22 1397    8.6
  51708  75.95  39.15 1324   0.01
  51717  76.78  39.25 1207    1.2
  51802  76.17  38.93 1299    0.4
  52515  94.87  39.52 2138   0.01
  52575 102.78  39.42 1240    0.1
  52607 106.65  39.43 1253    0.3
  52745  99.02  37.30 3417   0.01
  52784 102.90  37.47 2073   0.01
  52842  99.08  36.78 3088   0.01
  52853 100.98  36.90 3011    9.5
  52855 101.25  36.68 2676    4.8
  52862 101.68  36.95 2451    2.6
  52863 101.95  36.82 2480    6.3
  52869 101.58  36.50 2665    5.9
  52874 102.40  36.48 1981    0.6
  52875 102.10  36.50 2129    1.6
  52877 102.25  36.10 2835    4.8
  52881 103.18  36.98 2485   0.01
  52885 103.25  36.75 2119   0.01
  52957 100.60  35.25 3149    7.3
  52963 102.02  35.93 2086    1.7
  52968 101.47  35.03 3663    3.2
  52972 102.47  35.85 1870    1.7
  52978 102.52  35.20 2930    0.4
  52980 103.30  35.97 1649    0.5
  52981 103.38  35.67 2429    0.5
  52982 103.55  35.48 1954    1.0
  52985 103.33  35.42 2164    1.2
  52988 103.72  35.37 2000    0.6
  52993 104.07  35.68 1740   0.01
  52995 104.62  35.58 1898    0.4
  52998 104.20  35.13 2111    0.4
  53357 110.05  42.03 1361    0.4
  53367 111.23  41.32 1604    0.6
  53368 111.47  41.08 1640    3.7
  53378 112.62  41.28 1737    5.8
  53384 113.18  41.45 1424    0.8
  53385 113.55  41.57 1387    0.1
  53397 113.98  41.10 1377    1.5
  53419 107.00  40.33 1060    0.1
  53455 110.53  40.55 1000    1.7
  53457 110.03  40.40 1012    0.4
  53464 111.17  40.72 1047    3.0
  53466 111.70  40.75 1046    3.7
  53467 111.18  40.27 1017    3.5
  53469 111.82  40.40 1164    2.7
  53472 112.57  40.87 1453    3.2
  53475 112.47  40.52 1272    2.9
  53481 113.22  40.80 1317    1.7
  53483 113.83  40.87 1269    1.1
  53484 113.15  40.45 1192    2.8
  53486 113.77  40.37 1050    1.5
  53488 113.58  40.03 1035    3.5
  53491 114.38  40.67  837    1.7
  53492 114.15  40.10  939    3.9
  53498 115.03  40.57  630    1.3
  53499 114.73  40.77  755    0.2
  53505 105.40  37.88 1382    0.6
  53512 106.80  39.80 1105    0.1
  53517 106.33  39.27 1466    0.3
  53518 106.35  39.03 1118    0.4
  53522 107.83  40.05 1180    0.9
  53533 108.73  39.85 1390    1.1
  53545 109.73  39.57 1330   13.0
  53547 109.03  39.10 1312    6.6
  53553 111.22  39.87 1222   13.5
  53562 111.67  39.92 1192   12.9
  53565 111.50  39.43 1050   28.9
  53567 111.08  39.03  980   26.2
  53573 112.70  40.00 1337    4.8
  53574 112.27  39.52 1408   25.2
  53575 112.20  39.10 1526   33.4
  53576 112.82  39.50 1046   12.2
  53577 112.30  39.00 1441   35.6
  53579 112.90  39.02  861   18.4
  53580 113.10  39.82 1045    5.7
  53582 113.68  39.72 1094    7.2
  53584 113.17  39.57 1001   10.4
  53585 113.27  39.17  934   13.6
  53590 114.27  39.75  979    6.2
  53596 115.13  38.85   53   28.2
  53599 114.68  39.37  885   11.6
  53610 106.35  38.57 1106    0.3
  53611 106.55  38.88 1099    0.1
  53617 106.08  38.03 1119    0.8
  53618 106.25  38.28 1115    1.5
  53619 106.30  38.12 1117    1.0
  53644 108.83  38.60 1309    4.5
  53658 110.48  38.03  895   13.6
  53659 111.00  37.97 1164   23.2
  53660 111.08  39.02  893   34.8
  53662 111.58  38.72 1393   27.5
  53665 111.65  38.28 1183   23.0
  53666 111.93  38.35 1213   27.3
  53669 111.80  38.08 1151   14.0
  53674 112.70  38.42  799   31.1
  53676 112.98  38.50  760   31.5
  53677 112.48  37.93  808   24.7
  53678 112.67  38.07  899   30.0
  53679 112.55  37.73  776   28.5
  53680 114.38  38.30  109   20.5
  53681 113.37  38.83 1097   25.4
  53682 114.68  38.63  105   23.2
  53685 113.42  38.07  953   32.1
  53688 114.55  38.45   98   20.7
  53689 115.07  38.02   43   17.3
  53690 114.18  38.85  283   16.1
  53691 114.57  38.15   76   20.3
  53692 114.98  38.73   68   25.9
  53693 114.13  38.03  256   21.8
  53694 114.22  38.27  134   23.2
  53695 114.68  38.35   72   21.6
  53696 115.00  38.52   55   21.6
  53697 114.83  38.03   54   19.3
  53699 114.95  38.18   46   19.6
  53707 105.25  36.93 1699    0.2
  53727 107.12  37.17 1713    2.3
  53730 107.48  38.18 1335    1.7
  53732 108.72  37.85 1211    5.2
  53748 109.70  37.18 1064    3.1
  53750 110.18  37.77  931    7.3
  53751 110.05  37.60  897    5.8
  53753 110.88  37.43  861    6.4
  53756 110.72  37.52  744    4.7
  53757 110.12  37.12  938    1.6
  53759 110.83  36.98 1106    6.1
  53760 111.23  37.88 1212   21.0
  53763 112.17  37.92 1008   17.3
  53767 111.17  37.33 1212    6.2
  53768 111.75  37.15  770    8.1
  53769 111.78  37.25  749    6.2
  53770 112.35  37.35  769   18.7
  53771 112.05  37.42  751   10.9
  53773 114.62  36.33   66    1.6
  53774 112.33  37.62  774   19.0
  53776 112.77  37.68  831   25.0
  53777 112.15  37.53  760   13.7
  53778 112.22  37.17  780   10.4
  53780 113.15  37.90 1066   29.4
  53781 114.47  36.87   69   10.1
  53782 113.55  37.85  743   27.5
  53783 113.70  37.60  880   24.7
  53784 114.78  37.75   39   24.5
  53785 114.67  37.52   35   33.8
  53786 113.37  37.08 1134   14.8
  53788 113.57  37.33 1267   19.1
  53789 114.63  37.88   57   23.2
  53790 114.62  37.60   50   35.4
  53791 114.52  37.77   67   31.3
  53792 114.48  37.45  113   39.0
  53794 114.75  37.35   34   37.1
  53795 114.37  37.65  137   40.1
  53796 114.88  37.62   31   25.1
  53797 114.52  37.28   74   50.3
  53799 114.98  37.23   25   33.8
  53829 107.90  35.98 1094    2.6
  53832 108.77  36.77 1220    4.7
  53841 109.32  36.88 1069    2.6
  53848 109.35  36.27 1005    2.0
  53850 110.18  36.88  801    0.5
  53852 110.63  36.77  917   11.0
  53856 110.75  36.47  756    1.5
  53857 110.18  36.07  840    1.9
  53860 111.17  36.98 1407    4.4
  53861 111.42  35.88  425    6.7
  53862 111.77  36.83  809    9.2
  53864 111.10  36.40 1030    2.7
  53865 111.55  36.65 1012    3.1
  53866 111.67  36.23  464    5.5
  53869 111.70  36.58  550    3.9
  53871 112.85  36.83  965    8.3
  53872 112.68  36.77  962    3.6
  53873 112.87  36.12  951    3.7
  53874 111.90  36.25  650    9.3
  53875 112.35  36.52 1001    5.1
  53878 113.38  36.52  769    5.9
  53879 112.88  36.32  953    4.0
  53880 113.23  36.33  948    4.4
  53881 106.48  37.28 1382    0.4
  53883 114.70  37.13   36   41.3
  53885 113.20  36.13 1031    4.6
  53886 113.67  36.57  471    6.4
  53888 113.43  36.20 1088    1.8
  53890 114.15  36.68  234    3.0
  53891 114.68  37.02   44   26.7
  53892 114.47  36.62   67    2.9
  53893 114.95  36.77   40   10.9
  53894 114.22  36.42  128    0.6
  53895 114.50  36.78   61    8.5
  53896 114.95  36.35   51    2.0
  53897 114.38  36.38   71    0.4
  53899 114.97  36.48   49    2.1
  53906 105.72  35.52 1659    1.1
  53908 105.23  35.22 1769   0.01
  53914 106.12  35.62 2079    1.5
  53916 106.32  35.50 1949    0.1
  53917 106.07  35.22 1633    0.2
  53924 107.62  35.07  967    2.1
  53925 107.18  35.68 1174    2.5
  53926 107.35  35.35 1630    2.0
  53927 106.62  35.20 1478    0.2
  53928 107.02  35.30 1150    2.0
  53930 107.98  36.45 1270    2.9
  53931 109.37  36.00  983    1.4
  53934 108.02  35.82 1299    2.6
  53935 108.35  35.48 1443    1.9
  53937 107.92  35.52  980    2.0
  53938 108.30  35.17 1277    0.6
  53941 109.58  35.18  807    1.4
  53944 109.25  35.57  857    2.6
  53945 109.07  35.43 1394    3.1
  53946 109.82  35.60 1091    2.1
  53947 109.07  35.08  979    0.7
  53949 109.92  35.18  680    0.9
  53950 110.15  35.23  710    0.9
  53953 110.85  35.97  966    7.8
  53954 110.97  35.62  433    7.2
  53956 110.83  35.40  589    3.5
  53957 110.72  35.62  459    7.2
  53958 110.78  35.13  389    3.2
  53961 111.48  35.65  473    6.1
  53962 111.70  35.73  585    7.5
  53964 111.22  35.62  431    4.7
  53965 111.57  35.52  761    3.5
  53966 111.83  35.98  818    5.0
  53967 111.20  35.33  469    4.5
  53970 112.20  35.70  887    1.0
  53973 112.95  35.77  836    0.2
  53976 112.87  35.50  751   0.01
  53980 114.80  36.55   51    1.2
  53981 113.27  35.78 1311   0.01
  53982 113.27  35.23  113   0.01
  53983 114.42  35.03   70   0.01
  53987 113.42  35.10   91   0.01
  53992 114.52  35.65   59    0.3
  53993 114.92  35.93   52    0.3
  53994 114.07  35.38   71    0.5
  53995 114.50  35.55   64    0.2
  53996 114.65  36.45   58    2.7
  54065 125.65  44.53  173    2.8
  54069 125.80  44.17  175    0.1
  54076 126.93  44.42  254    0.6
  54080 127.15  44.90  196    1.6
  54092 129.40  44.60  294    1.9
  54093 130.55  44.93  266   15.2
  54098 129.47  44.33  272    7.8
  54099 131.13  44.08  151    1.3
  54164 125.28  43.35  249    3.2
  54172 126.60  43.78  199    0.9
  54187 128.92  43.12  369    0.4
  54192 130.27  43.70  386   17.3
  54245 123.40  42.50   99    1.6
  54252 124.75  42.73  198   0.01
  54261 125.52  42.68  343    0.3
  54267 125.73  42.25  363   21.7
  54274 126.07  42.68  300    3.0
  54301 115.67  41.67 1414    0.2
  54304 115.28  40.97 1249    0.3
  54362 125.73  41.67  388    0.2
  54371 126.43  41.93  521    0.6
  54398 116.62  40.13   29    1.4
  54399 116.28  39.98   46    1.6
  54404 115.83  40.88  868   0.01
  54408 115.22  40.38  531    1.3
  54410 116.13  40.60 1216    1.2
  54412 116.63  40.73  334    0.8
  54419 116.63  40.37   75    1.1
  54421 117.12  40.65  286    0.3
  54424 117.12  40.17   33    0.9
  54425 117.48  40.42  584    0.5
  54428 117.40  40.03   19    0.8
  54431 116.63  39.92   40    2.1
  54433 116.50  39.95   36    1.6
  54499 116.22  40.22   75    2.0
  54501 115.68  39.97  441    2.3
  54502 116.03  39.48   30    7.6
  54503 115.82  39.07   13   24.1
  54505 116.12  39.92   94    2.4
  54506 115.88  39.32   29   10.4
  54507 115.50  39.35   52    7.9
  54510 116.98  39.90   18    1.3
  54512 116.28  39.42   22    6.3
  54513 116.20  39.95   67    1.9
  54514 116.25  39.87   56    2.2
  54515 116.70  39.50   14    1.6
  54517 117.20  39.07    5    1.7
  54519 116.48  39.30   13    4.4
  54520 117.08  39.97   19    1.4
  54521 116.98  39.77   14    0.6
  54522 117.73  39.88   19    0.1
  54526 117.33  39.08   10    1.6
  54529 117.82  39.35   12    0.1
  54530 117.77  39.23    6   0.01
  54533 118.10  39.58    9   0.01
  54535 118.47  39.28    3   0.01
  54594 116.35  39.72   38    1.9
  54596 116.13  39.68   40    2.6
  54597 115.73  39.73  409    5.7
  54601 115.65  38.98   14   23.0
  54603 115.77  38.72   10   20.6
  54604 115.33  38.42   31   21.7
  54605 115.93  38.93    7   19.5
  54607 115.12  38.72   45   26.9
  54608 115.55  38.00   27   21.4
  54609 115.50  38.25   25   22.1
  54610 116.10  38.73    9   16.3
  54611 115.32  38.93   45   24.8
  54612 116.45  38.87    7   14.6
  54613 116.62  38.70    8   14.0
  54614 116.08  38.45   13   18.1
  54615 116.83  38.58    8   14.0
  54616 116.85  38.35    9   14.4
  54617 116.12  38.18   13   15.6
  54619 116.92  38.92    8   16.4
  54620 115.57  38.48   19   21.8
  54621 115.18  38.18   39   19.8
  54622 117.37  38.98    3    0.7
  54626 115.82  38.42   15   22.9
  54627 117.23  38.03    8   16.2
  54628 117.48  38.15    7   14.1
  54631 115.15  37.07   33   23.4
  54632 115.03  37.07   34   29.2
  54633 115.23  37.52   27   18.1
  54636 116.10  39.02   12   18.9
  54640 114.87  36.92   37   21.4
  54644 117.12  38.05   11   17.3
  54645 117.47  38.85    3    6.9
  54700 115.93  38.03   16   13.8
  54701 115.20  37.93   41   23.1
  54702 115.70  37.73   22   13.5
  54703 115.88  37.80   25   13.5
  54704 115.57  37.55   23   14.4
  54706 115.67  37.08   32   14.6
  54707 115.98  37.35   28    9.3
  54708 115.73  37.50   24   13.6
  54709 116.07  37.22   30   11.2
  54710 116.17  37.87   19   19.9
  54711 116.28  37.70   19   14.2
  54712 116.82  37.20   23    4.7
  54713 116.53  37.88   15   15.0
  54714 116.33  37.45   24    7.3
  54716 116.80  37.67   17   15.1
  54717 116.40  37.63   18   13.8
  54718 116.43  37.15   26    8.7
  54719 116.68  38.03   12   14.5
  54722 117.63  37.75    7   14.3
  54723 117.57  37.65   11   15.3
  54724 117.13  37.32   21    5.6
  54726 117.18  37.70   12   17.1
  54728 117.38  37.77   16   15.8
  54729 117.87  37.17   11    8.4
  54730 118.13  37.70   11   13.0
  54731 118.22  37.48   16   10.6
  54732 118.52  37.87   13    9.9
  54734 118.00  37.35   12    9.0
  54736 118.67  37.43    9    5.2
  54737 118.15  37.15   17    7.1
  54738 118.40  37.05   20    5.2
  54749 119.95  37.18   48    0.1
  54755 120.38  37.37  113   0.01
  54800 115.25  36.98   35   18.8
  54801 115.48  36.85   36   12.8
  54802 115.73  36.82   35    9.4
  54803 116.02  36.98   28    7.2
  54804 115.13  36.30   46    1.3
  54805 115.45  36.48   41    2.1
  54806 115.97  36.42   39    1.4
  54807 115.80  36.13   44    1.4
  54809 115.28  36.55   42    3.3
  54810 116.27  36.87   28    3.6
  54811 116.62  36.93   22    3.9
  54812 116.75  36.78   23    4.2
  54814 116.23  36.58   32    2.4
  54815 116.27  36.38   33    1.5
  54816 116.80  36.52   82    3.6
  54817 115.87  35.98   43    0.1
  54818 116.42  36.25   72    2.8
  54819 116.80  36.18  118    1.6
  54820 115.17  36.82   38   17.4
  54821 117.20  37.00   21    5.0
  54822 117.73  36.87   46    5.6
  54824 117.95  36.63   95    3.6
  54825 117.85  36.52  195    4.9
  54827 117.15  36.17  137    4.4
  54828 117.68  36.23  228    0.8
  54829 117.87  36.77   88    3.7
  54830 117.93  36.82   35    4.7
  54831 118.50  36.65  102    3.8
  54832 118.73  36.88   29    3.1
  54833 118.08  36.97   19    6.4
  54834 118.28  36.87   46    4.1
  54835 118.55  36.50  110    3.6
  54837 118.83  36.68   76    1.6
  54841 119.40  36.87    8    0.6
  54844 119.18  36.42   67    0.3
  54846 119.75  36.38   37   0.01
  54848 119.42  35.98   81   0.01
  54851 120.57  36.90   81    0.1
  54852 120.73  36.97   53   0.01
  54853 120.42  36.17   43   0.01
  54861 121.53  36.93   47   0.01
  54900 115.02  35.70   54    0.5
  54901 115.17  36.08   47   0.01
  54902 115.12  35.90   49    0.1
  54903 115.48  35.85   50    0.1
  54904 115.52  35.58   51    0.3
  54905 115.93  35.58   53   0.01
  54906 115.42  35.25   51   0.01
  54910 116.05  35.82   45    0.5
  54911 116.45  35.93   51    0.2
  54912 116.48  35.70   47    0.3
  54913 116.82  35.75   67    1.0
  54914 116.08  35.42   44    0.8
  54915 116.60  35.43   34   0.01
  54918 116.97  35.60   66    0.2
  54919 116.98  35.42  111   0.01
  54920 117.28  35.65  110    1.4
  54921 116.33  35.42   39   0.01
  54922 117.78  35.88  223   0.01
  54923 117.93  35.72  202    0.3
  54925 117.63  35.52  170    0.4
  54927 117.20  35.10   79   0.01
  54932 118.65  35.77  184   0.01
  54939 118.82  35.17  116   0.01
  54940 119.20  35.75  147    0.2
  54943 120.00  35.88   13   0.01
  56045  99.90  33.97 4051    0.1
  56071 102.50  34.58 3107    3.6
  56081 103.35  34.70 2811    3.1
  56082 103.50  34.58 2544    0.4
  56084 103.23  34.07 2376   10.6
  56091 104.47  34.85 1884    0.1
  56092 104.65  35.00 1729    0.2
  56094 104.37  33.78 1400   0.01
  56095 104.38  34.03 1754    0.1
  56097 104.23  33.27 1407    0.6
  56147  98.83  31.22 3261   19.5
  56158 100.67  31.40 3250    3.5
  56164 100.98  32.27 3286   28.1
  56168 102.07  31.48 2170   0.01
  56171 101.70  32.90 3276   19.5
  56185 102.98  32.08 2400    2.3
  56192 104.67  32.95 1016   0.01
  56267 101.02  30.03 2598   0.01
  56273 102.82  30.38 1011   32.3
  56276 103.82  30.45  468   0.01
  56278 102.77  30.07  756   39.9
  56279 102.93  30.15  683   64.2
  56280 103.12  30.08  692   18.0
  56281 103.50  30.18  512    1.2
  56284 103.48  30.42  502    0.1
  56286 104.25  30.55  514    0.2
  56289 103.87  30.20  439    0.3
  56297 104.15  30.02  431    0.7
  56298 104.60  30.13  415   0.01
  56371 102.23  29.92 1322   14.1
  56373 102.85  29.78  763   41.5
  56376 102.68  29.35 1098    0.1
  56378 102.35  29.23  891    0.5
  56380 103.37  29.92  466   33.6
  56381 103.52  30.02  497    1.5
  56382 103.60  29.73  408   43.1
  56383 103.87  29.83  454    0.6
  56384 103.48  29.60  446   54.8
  56387 103.27  29.23  639   12.4
  56389 103.95  29.20  386    1.4
  56390 104.07  29.67  403    0.2
  56391 103.82  30.08  416   0.01
  56393 104.85  29.77  370    2.1
  56394 104.43  29.45  382    0.8
  56395 104.67  29.52  349    5.6
  56396 104.77  29.35  352   59.4
  56399 104.98  29.18  307   22.5
  56441  99.28  28.72 2424    0.5
  56474 102.17  28.55 1775    3.5
  56478 102.43  28.30 1819    0.8
  56480 103.53  28.82  564    8.1
  56483 103.95  28.60  412   22.3
  56487 103.13  28.33 1945   23.5
  56489 103.63  28.23  876   20.0
  56490 103.90  28.95  396   21.3
  56491 104.57  28.70  288    2.5
  56493 104.97  28.85  297   14.0
  56494 104.15  28.65  460   50.8
  56496 105.23  28.32  330   13.8
  56497 104.23  28.10  433   40.4
  56498 104.50  28.17  442   25.9
  56499 104.78  28.38  368   24.3
  56567 100.85  27.30 2242    1.9
  56569 102.18  27.42 1381    6.4
  56575 102.55  27.37 1429   23.7
  56578 102.75  27.07 1093   18.1
  56580 102.80  27.72 2461    8.2
  56582 103.90  27.75 1177   24.9
  56584 103.25  27.70 1093    5.8
  56585 103.53  27.18 1916   45.3
  56592 104.52  28.43  360   22.4
  56593 104.92  28.58  281    2.0
  56596 105.05  27.85 1176    1.1
  56641  98.87  26.90 1191    0.2
  56645  99.42  26.42 2345    6.6
  56646  99.92  26.53 2193   18.1
  56649  99.97  26.10 2059   20.6
  56652 100.75  26.68 2131    3.1
  56654 100.18  26.58 2196   18.5
  56665 101.85  26.68 1140   27.3
  56669 101.67  26.05 1531   17.8
  56670 102.12  26.90 1105    4.9
  56673 102.92  26.92  894   19.5
  56674 101.73  26.50 1107   17.7
  56675 102.58  26.65 1695   15.0
  56688 103.17  26.10 1253    8.6
  56742  99.37  25.90 1663    4.1
  56745  99.95  25.68 1627    7.0
  56746  99.52  25.47 1618    1.5
  56752 100.57  25.83 1440    3.4
  56755 100.48  25.35 1670    6.2
  56756 100.58  25.48 1993    2.5
  56757 100.28  25.27 1744    0.9
  56761 101.32  25.72 1873    6.6
  56764 101.23  25.53 1875   11.7
  56766 101.52  25.33 1769    9.3
  56767 101.28  25.18 1858   22.1
  56772 102.50  25.23 1694   36.3
  56774 102.42  25.53 1712   24.5
  56775 102.45  25.55 1752   23.8
  56777 102.07  25.15 1566   37.4
  56782 103.55  25.42 2064   0.01
  56785 103.03  25.33 1925    2.1
  56788 103.67  25.03 1842   0.01
  56790 104.25  25.68 1920   0.01
  56836  97.95  24.70  828    5.1
  56839  98.82  23.77  994   11.8
  56840  98.30  24.82 1013    3.4
  56841  98.68  24.60 1527   31.3
  56842  99.18  24.73 1473    0.8
  56843  99.62  24.83 1650    0.1
  56844  98.58  24.43  915    4.7
  56846  99.93  24.58 1569   12.5
  56849  99.23  24.03 1607    2.3
  56851 100.52  25.03 1378    1.2
  56854 100.13  24.45 1108    5.8
  56862 101.60  24.68 1966    9.0
  56863 102.48  24.93 1850   40.3
  56867 101.12  23.98 1107    1.0
  56869 101.97  24.07 1498    6.2
  56870 102.17  24.67 1576   21.0
  56871 102.60  24.65 1894   23.7
  56872 102.62  24.95 2360   10.7
  56873 102.90  24.67 1752    1.9
  56876 102.77  24.28 1732    9.8
  56878 102.75  24.13 1802    2.2
  56879 102.92  24.20 1610   29.7
  56880 103.17  24.92 1532    5.5
  56881 103.27  24.75 1694    0.1
  56882 102.80  24.88 1909   37.2
  56883 103.98  24.83 1846   0.01
  56885 103.45  24.40 1416    2.8
  56898 102.40  24.18 1542    3.2
  56944  99.27  23.15 1280    4.1
  56948  99.60  22.63 1156    6.0
  56949  99.60  22.32  946    1.6
  56950  99.80  23.47 1044   10.7
  56952 100.70  23.50  914    0.5
  56958 100.42  21.92 1177   72.2
  56961 101.05  23.03 1321    1.3
  56962 101.67  23.42 1315    2.0
  56970 102.48  23.70 1419   0.01
  56973 102.83  23.62 1310    5.2
  56978 102.42  23.00 1640    1.7
  56982 103.25  23.70 1055    0.1
  56987 103.23  22.78 1261    1.5
  56989 103.95  22.50  138   21.8
  56992 104.70  23.45 1508    4.6
  56995 104.42  23.03 1335    0.1
  57001 105.33  34.75 1273    0.1
  57002 105.65  34.85 1217    0.1
  57004 104.88  34.73 1496    0.1
  57006 105.75  34.58 1142    0.4
  57007 105.18  34.18 1406   0.01
  57008 105.30  34.03 1578    0.1
  57011 106.15  34.75 1379    0.6
  57012 106.20  34.98 1665    0.3
  57016 107.13  34.35  613    2.0
  57020 107.40  34.37  563    0.7
  57021 107.13  34.65  751    0.7
  57022 107.78  34.68 1026    0.1
  57023 108.10  35.03  841   0.01
  57024 107.65  34.45  671    0.1
  57026 107.88  34.37  586    0.5
  57027 107.73  34.27  518    1.1
  57029 108.48  34.50  544    1.4
  57031 108.55  34.82 1013    0.9
  57032 108.20  34.13  436    2.8
  57033 108.82  34.55  429    2.9
  57035 108.23  34.55  636    1.3
  57036 108.93  34.30  398    4.5
  57038 108.45  34.28  411    0.9
  57040 109.08  34.52  378    4.1
  57041 108.92  34.63  425    3.9
  57042 109.18  34.78  473    2.0
  57043 109.97  34.80  352    9.4
  57044 109.23  34.40  424    1.5
  57045 109.48  34.52  354    7.0
  57047 109.32  34.17  541    0.5
  57053 110.72  34.70  507    4.6
  57054 110.23  34.55  557    9.1
  57055 110.08  34.55  352    4.8
  57056 110.88  34.53  390    1.3
  57057 110.15  34.10  961    3.1
  57060 111.23  35.17  404    5.6
  57061 111.20  34.83  411    0.5
  57065 112.18  34.50  196   0.01
  57066 111.67  34.38  329   0.01
  57070 112.12  34.73  358   0.01
  57074 112.42  34.42  198   0.01
  57076 112.82  34.72  190   0.01
  57086 113.72  34.38  116   0.01
  57087 113.80  34.20   88    0.3
  57088 113.50  34.15  117    0.3
  57093 114.82  34.85   74    0.9
  57094 114.22  34.40   71    2.4
  57096 114.78  34.53   60    1.8
  57099 114.85  34.07   53    0.7
  57102 105.72  33.75  971    0.1
  57105 105.60  33.33 1219   0.01
  57110 106.08  33.78  930    0.3
  57111 106.30  33.92  967    1.0
  57113 106.53  33.90  990    1.9
  57119 106.70  33.17  551    1.9
  57123 108.07  34.28  510    0.8
  57126 107.55  33.22  470    2.2
  57128 107.33  33.17  487    9.1
  57129 107.72  32.98  447    2.4
  57132 108.62  34.12  415    1.4
  57137 108.32  33.32  801   15.7
  57140 109.12  33.67  818    3.3
  57153 110.33  33.68  584   0.01
  57155 109.87  33.55  661   0.01
  57180 113.20  33.98  118    0.7
  57182 113.50  33.85   81    0.7
  57184 113.37  33.63   84    1.9
  57191 114.48  34.48   64    0.3
  57213 106.93  33.00  537    1.9
  57216 106.83  32.35  577    4.6
  57217 106.28  32.23  493    3.1
  57231 108.53  32.53  504   17.9
  57233 108.50  32.90  413   12.7
  57242 109.37  32.85  285    1.6
  57247 108.90  32.32  442   49.3
  57248 109.33  32.40  429    9.2
  57249 109.68  32.32  453   17.1
  57254 110.12  32.82  324    3.5
  57257 110.23  32.23  309    0.4
  57260 111.52  32.55  143   0.01
  57273 112.85  32.68  110   0.01
  57309 105.88  30.98  375    0.9
  57314 106.07  31.35  385    0.1
  57315 106.40  31.53  658    6.2
  57317 106.42  31.03  323    0.8
  57318 106.55  31.07  339    2.0
  57320 107.22  31.93  483    5.5
  57324 107.08  31.58  363    3.5
  57326 107.72  31.37  390   22.2
  57329 107.85  31.10  462    6.8
  57339 108.68  30.95  296   0.01
  57362 110.67  31.75  939    8.7
  57368 111.63  31.05  138   14.7
  57388 113.70  31.27   55   47.3
  57389 113.75  31.03   33    0.1
  57409 105.80  30.18  295    0.1
  57413 106.97  30.85  295   15.8
  57414 106.45  30.55  396    0.4
  57415 106.63  30.47  336    5.2
  57416 106.93  30.33 3915    4.2
  57417 106.28  30.35  315    2.3
  57420 107.20  30.75  397   23.1
  57425 107.33  30.33  430    3.5
  57431 108.35  30.83  256   0.01
  57438 108.12  29.98  630    1.1
  57453 111.32  30.77  116    2.5
  57462 111.08  30.87  104    1.9
  57464 111.18  30.47  144    1.8
  57466 111.77  30.43   50    1.7
  57477 112.22  30.07   39    0.6
  57485 113.45  30.37   33    0.3
  57486 113.85  30.65   25   0.01
  57489 114.00  30.58   39   36.6
  57492 114.80  30.83   33    2.1
  57498 114.90  30.43   22    0.2
  57505 105.58  29.42  324    8.3
  57506 105.90  29.37  376   14.4
  57507 105.30  29.33  374    1.8
  57508 105.37  29.15  302    9.1
  57509 106.93  28.95  325    6.5
  57510 106.05  29.85  275    8.0
  57511 106.45  29.85  242   63.3
  57513 106.62  29.73  457    9.7
  57514 106.22  29.58  325   39.4
  57519 107.08  29.15  559    1.2
  57522 107.42  29.75  273    0.2
  57525 107.75  29.32  273    0.7
  57537 108.17  29.30  321    3.6
  57540 109.15  29.68  776   0.01
  57541 109.48  30.00  533    0.1
  57543 110.03  29.88  540   0.01
  57544 109.45  29.47  486    1.4
  57564 111.13  29.43  103   15.1
  57565 111.75  29.65   39    0.1
  57571 112.40  29.70   37    4.4
  57586 114.03  29.53   79    0.1
  57600 105.07  28.72  256   26.1
  57603 105.83  28.82  283   16.4
  57605 105.82  28.03  539   36.3
  57609 105.70  28.58  316   24.5
  57634 107.88  28.52  658    4.8
  57636 108.50  28.57  335   0.01
  57637 108.12  28.25  524    1.7
  57640 109.45  28.58  344    0.9
  57646 109.95  28.62  301   0.01
  57657 110.20  28.22  182   0.01
  57658 110.20  28.02  144   0.01
  57688 113.63  28.15  100    0.5
  57694 114.38  28.53  256    1.5
  57698 114.45  28.12   99   0.01
  57699 114.92  28.23   68   0.01
  57719 106.97  27.07 1280   0.01
  57720 107.17  27.88  888    0.3
  57728 107.47  27.07 1095    0.2
  57732 108.40  28.02  458   17.1
  57734 108.23  27.57  468   18.6
  57737 108.12  27.03  546   0.01
  57738 108.42  27.05  517   0.01
  57740 109.60  27.95  349   0.01
  57743 109.80  27.88  176    0.5
  57754 110.15  27.35  170   25.5
  57760 111.43  27.70  247   16.7
  57762 111.70  27.68  163    6.0
  57767 111.03  27.12  266   0.01
  57768 111.45  27.32  242   36.6
  57777 112.87  27.23   65   0.01
  57786 113.85  27.65  110    0.9
  57792 114.68  27.82   93    7.7
  57796 114.93  27.80   79   0.01
  57798 114.60  27.40   89   21.2
  57807 105.47  26.20 1359   21.2
  57808 105.75  26.32 1272    2.0
  57809 105.75  26.07 1251    0.4
  57811 106.60  26.85 1242   0.01
  57813 106.47  26.57 1265   0.01
  57814 106.27  26.42 1285    7.8
  57821 107.50  26.70  924    0.9
  57824 107.23  26.58 1005   0.01
  57828 107.58  26.50  983    0.8
  57829 107.80  26.20  964    1.2
  57835 108.43  26.72  521    0.1
  57837 108.07  26.40  838   0.01
  57846 110.15  26.58  307    0.4
  57851 110.85  26.45  307    5.0
  57859 110.63  26.03  409   12.6
  57860 111.28  27.00  282   27.6
  57865 111.58  26.47  166   14.7
  57867 111.28  26.40  169   23.7
  57868 111.87  26.60  113   23.2
  57870 112.10  26.80  151   13.8
  57876 112.83  26.43  118   10.0
  57883 114.28  26.75  257    9.1
  57886 113.78  26.50  226   0.01
  57891 114.25  26.93  144    9.0
  57900 105.22  25.83 1553   0.01
  57903 105.60  25.93 1138    8.6
  57911 106.65  26.67 1325   11.0
  57914 106.67  26.42 1143   0.01
  57923 107.87  25.98  418    0.1
  57936 108.92  25.75  255   27.8
  57942 110.00  25.80  267   0.01
  57949 110.00  24.98  157    4.8
  57955 110.67  25.62  224   0.01
  57962 111.65  25.97  166    3.3
  57964 111.15  25.50  258   0.01
  57966 111.95  25.60  205   32.1
  57969 111.33  25.27  230    5.3
  57971 112.20  25.92  225   38.0
  57973 112.72  25.75  328   0.01
  57975 112.20  25.38  278   0.01
  57976 112.95  25.42  226   0.01
  57981 113.22  25.98  141    2.1
  57985 113.68  25.57  608    0.1
  57990 114.30  25.70  252    2.5
  57992 114.75  25.67  129    0.1
  57994 114.35  25.40  208   0.01
  57995 114.93  25.40  166    0.6
  58001 115.10  34.43   57    1.8
  58002 115.58  34.85   53    4.5
  58003 115.88  34.95   48    0.1
  58004 115.15  34.65   61    5.2
  58007 115.30  34.07   53    1.6
  58008 115.33  34.47   55    0.4
  58401 115.40  30.78  106   11.0
  58404 115.22  30.47   57    0.1
  58417 116.13  30.17   50    0.4
  58454 119.97  30.53    5   0.01
  58484 122.20  30.25    9   0.01
  58508 115.77  29.33   42   30.7
  58509 115.82  29.05   38   15.7
  58514 116.05  29.45   35    0.7
  58517 116.20  29.27   43    5.3
  58529 117.85  29.27   82   14.0
  58537 118.40  29.13  153    7.9
  58546 119.88  29.47  114   0.01
  58559 120.98  29.17   59   0.01
  58563 121.83  29.88    4   0.01
  58566 121.88  29.47   14   0.01
  58567 121.43  29.32   39    4.0
  58568 121.38  29.12   35    2.3
  58570 122.30  29.95   83   0.01
  58601 115.38  28.70   54    2.9
  58602 115.55  28.85   46    3.6
  58605 115.38  28.42   49    0.5
  58607 115.95  28.55   35    3.2
  58609 115.82  28.22   30    4.8
  58612 116.68  28.70   22    9.8
  58614 116.27  28.38   40    8.3
  58615 117.08  28.68   56   18.9
  58616 116.82  28.20   44   21.5
  58618 116.60  28.23   51   54.8
  58619 116.37  28.00   47   50.6
  58620 117.13  28.97   37   27.7
  58623 117.92  28.47   92   29.8
  58624 117.43  28.40   64   31.3
  58625 117.60  28.42   80   16.3
  58627 117.03  28.25   64  102.5
  58629 117.70  28.32   59   11.7
  58632 118.60  28.72  124    1.8
  58635 118.20  28.43   96    9.0
  58642 119.80  28.88  102   10.1
  58643 120.03  28.90   99   12.5
  58644 119.28  28.60  237   27.5
  58647 119.13  28.07  196    9.5
  58654 120.08  28.67  184   22.0
  58657 120.28  28.15   59   0.01
  58658 120.68  28.15   36    0.1
  58659 120.65  28.03   29   0.01
  58660 121.13  28.85    8    0.4
  58664 121.37  28.37   33    0.6
  58693 115.83  28.70   37   59.5
  58701 115.40  27.77   47    0.7
  58704 115.35  27.62   61    0.5
  58706 115.83  27.43  180   28.8
  58707 115.13  27.22   66    1.6
  58710 116.05  27.77   76   12.7
  58712 116.78  27.92  123    6.2
  58713 117.07  27.72  220    7.9
  58714 116.23  27.55  115    6.3
  58719 116.93  27.30  123    1.1
  58724 117.30  27.52  264   14.9
  58735 118.80  27.52  201    2.3
  58736 118.82  27.37  220    2.9
  58745 119.07  27.62  368    3.0
  58746 119.70  27.55  514   20.8
  58747 119.35  27.15  900   0.01
  58748 119.65  27.10   51   0.01
  58749 119.88  27.23  680   0.01
  58750 120.08  27.78  106    0.1
  58751 120.55  27.68    5   0.01
  58804 115.35  26.35  153    2.8
  58814 116.35  26.35  237    1.4
  58819 116.80  26.17  329    1.5
  58821 117.47  26.73  174    7.4
  58822 116.85  26.83  341    0.9
  58823 117.80  26.80  173   18.1
  58824 117.15  26.40  355    2.4
  58826 117.80  26.40  120   19.1
  58828 117.62  26.27  206    6.5
  58836 118.73  26.58  359   0.01
  58839 118.85  26.23   42   0.01
  58844 119.15  26.15   49   0.01
  58845 119.53  26.50   57   0.01
  58848 119.55  26.20   12   0.01
  58903 116.03  25.90  208   0.01
  58905 115.42  25.97  136    0.1
  58906 115.80  25.60  167    8.4
  58912 116.75  25.72  379    1.3
  58917 116.10  25.08  307    1.5
  58928 117.53  25.02  160   21.9
  58929 118.15  25.07   66    0.9
  58932 118.93  25.87   85   0.01
  58934 118.27  25.33  170    5.9
  58935 118.23  25.48  516    1.7
  59001 105.33  24.78  674    0.3
  59031 108.25  24.83  205   0.01
  59033 108.90  24.78  330    1.3
  59051 110.50  24.77  133   11.5
  59052 110.82  24.83  167    0.6
  59053 110.67  24.62  108    5.0
  59057 110.18  24.13  827   20.9
  59059 110.80  24.18  107    0.2
  59061 111.27  24.82  198    1.8
  59063 111.45  25.18  262    0.8
  59064 111.32  24.55  141    1.2
  59071 112.28  24.73  175    7.8
  59074 112.15  24.57  300    0.6
  59075 112.63  24.48   70   0.01
  59081 113.27  24.78   98    3.4
  59091 114.53  24.75  257    0.2
  59109 115.73  24.15  126    0.8
  59122 117.75  24.62   42    3.9
  59124 117.37  24.52   31   11.1
  59125 117.30  24.38  105   11.6
  59127 117.83  24.43   14    7.3
  59129 117.60  24.13   53   19.8
  59131 118.37  24.97   44    5.3
  59137 118.57  24.82   55   0.01
  59246 109.67  23.60   70    1.4
  59249 109.62  23.12   56    5.8
  59255 110.38  23.55   37   40.1
  59256 110.92  23.37   56    0.1
  59264 111.50  23.40   79    2.5
  59266 111.23  23.42   46   31.1
  59269 111.77  23.15   27    0.3
  59279 112.87  23.18   18    1.7
  59288 113.13  23.05    3    0.1
  59290 114.23  23.73   71    0.3
  59297 114.28  23.18   16   19.1
  59310 116.18  23.77   39    0.9
  59312 116.63  23.67   11    0.1
  59313 116.98  23.68   42   0.01
  59314 116.13  23.30   27   14.4
  59315 116.38  23.58   25    0.6
  59318 116.58  23.27   10   0.01
  59319 116.77  23.47    9   0.01
  59320 117.13  23.77   27   0.01
  59322 117.37  23.98   20   31.0
  59441 109.25  22.70   78   0.01
  59448 109.55  22.27   70    2.3
  59449 109.98  22.30   80    1.7
  59451 110.35  22.70   99    2.7
  59452 110.53  22.85  100    0.6
  59454 111.00  22.92  104   20.2
  59469 111.78  22.17   33    2.8
  59470 112.22  22.72   33    3.6
  59471 112.05  22.93  102    0.7
  59473 112.97  22.77   20    0.7
  59475 112.65  22.40   24    7.3
  59476 113.03  22.53   35   10.5
  59477 112.30  22.18   25    1.3
  59480 113.25  22.85   21    2.8
  59481 113.32  22.93   16    5.3
  59487 113.30  22.23   12   19.9
  59492 114.70  22.92   43    1.3
  59500 115.32  22.97   10    1.5
  59502 115.65  22.95   11    0.9
  59635 108.35  21.62   26    0.2
  59640 109.18  21.67    6    0.1
  59650 110.25  21.38   25   36.6
  59653 110.85  21.93   35   0.01
  59654 110.30  21.63   28   0.01
  59655 110.62  21.65   35    8.7
  59656 110.77  21.43   29   0.01
  59659 110.92  21.75   32    2.5
  59750 110.10  20.92   25   17.4
  59757 110.37  20.00   10    8.8
  59842 109.68  19.90   31   15.7
  59843 110.00  19.73   36   10.1
  59847 109.05  19.27  101   35.5
  59848 109.43  19.23  219   66.9
  59851 110.33  19.70   25   11.0
  59854 110.10  19.37  119   12.6
  59856 110.75  19.62   26   10.9
  59940 109.17  18.75  156   48.2
  59941 109.52  18.77  328   22.8
  59945 109.70  18.65   65   33.6
  59951 110.33  18.80   38   36.1
