diamond  3 2013年06月21日08点24小时降雨量                    
  13  06  21  08    -1 3 10 25 50 1 0
 39 122.7  37.3 122.5  36.7 120.8  36.2 119.3  35.0 120.4  34.3
 121.1  32.7 122.3  30.9 122.5  30.1 121.5  28.0 119.8  25.0
 116.1  22.6 111.0  21.0 111.0  18.6 109.6  18.1 108.3  18.5
 108.9  19.9 109.3  21.0 106.4  21.6 104.1  22.2 101.6  20.8
  98.7  22.0  97.1  24.1  97.7  27.0  91.7  26.6  85.7  27.7
  78.9  30.6  73.3  37.1  74.1  40.7  87.6  49.8  98.5  43.9
 110.4  44.3 122.0  54.7 135.7  48.3 131.5  42.2 125.2  39.4
 121.3  38.5 121.2  40.3 118.5  38.6 120.8  38.1
1         893
  50137 122.37  53.47  297    0.8
  50431 121.52  50.78  718    1.5
  50445 123.73  50.58  424    2.8
  50526 120.70  49.28  670    0.8
  50566 128.47  49.55  117    0.8
  50645 124.48  48.48  196   0.01
  50646 124.85  48.48  204    0.6
  50647 123.48  48.13  237    0.1
  50655 126.18  48.50  267    1.1
  50659 126.25  48.03  293   0.01
  50673 130.40  48.88   92    3.5
  50674 129.43  48.57  404    0.4
  50741 123.50  47.93  186    3.0
  50750 125.30  47.90  228    5.3
  50772 129.23  48.10  299    1.5
  50775 130.27  47.33  229    0.1
  50776 130.83  47.57   84    0.1
  50787 131.85  47.28   63   0.01
  50832 122.08  46.72  334    2.8
  50833 122.90  46.72  189   0.01
  50851 126.08  46.68  209   0.01
  50858 125.93  46.07  136    0.4
  50859 126.27  46.25  160    9.5
  50861 127.48  46.88  186    0.3
  50867 127.35  46.08  134    4.1
  50871 129.88  46.73   96    0.2
  50879 130.55  46.22  187    0.3
  50880 131.12  46.73  104   0.01
  50884 131.15  46.63  176   0.01
  50892 134.00  46.80   57    1.6
  50913 118.83  45.72  866   0.01
  50928 120.33  45.07  629    2.2
  50934 121.58  45.38  309    1.8
  50937 121.47  45.05  250   0.01
  50939 122.82  45.33  154    3.0
  50940 123.17  45.85  142    2.4
  50954 125.08  45.50  129   13.0
  50956 126.57  45.93  117   0.01
  50958 126.95  45.52  175   12.5
  50962 128.03  45.95  113    0.8
  50965 128.30  45.45  157   29.0
  50971 131.02  45.77  226    0.4
  50979 130.23  45.27  279    3.3
  50987 131.13  45.25  181   11.4
  51058  87.97  47.10  564    3.7
  51145  83.65  46.55  523   0.01
  51368  87.32  44.12  516   0.01
  51377  87.92  44.17  547    0.6
  51378  89.17  44.02  735    1.5
  51436  83.25  43.45  929    0.4
  51438  81.77  43.18 1210    0.2
  51465  87.10  43.48 1874   17.4
  51468  86.83  43.10 3543    0.5
  51482  90.28  43.83 1271    2.8
  51559  86.40  42.32 1110   0.01
  51568  86.80  42.25 1086    0.1
  51571  88.63  42.80    2   0.01
  51722  80.40  40.65 1046    2.6
  52557 100.17  39.15 1458    0.4
  52575 102.78  39.42 1240    0.2
  52607 106.65  39.43 1253    8.8
  52643  99.62  38.83 2311    6.3
  52656 100.82  38.43 2282    2.4
  52745  99.02  37.30 3417   16.2
  52784 102.90  37.47 2073    7.9
  52842  99.08  36.78 3088    9.4
  52853 100.98  36.90 3011    1.2
  52855 101.25  36.68 2676    0.6
  52862 101.68  36.95 2451    4.3
  52863 101.95  36.82 2480    9.5
  52869 101.58  36.50 2665    7.5
  52874 102.40  36.48 1981    0.4
  52875 102.10  36.50 2129    1.6
  52877 102.25  36.10 2835    2.2
  52881 103.18  36.98 2485    0.8
  52885 103.25  36.75 2119    1.8
  52896 104.15  36.55 1739    5.8
  52957 100.60  35.25 3149    1.3
  52963 102.02  35.93 2086    0.3
  52968 101.47  35.03 3663   17.8
  52972 102.47  35.85 1870    0.1
  52978 102.52  35.20 2930    4.3
  52980 103.30  35.97 1649   13.6
  52981 103.38  35.67 2429   10.4
  52982 103.55  35.48 1954   14.3
  52985 103.33  35.42 2164   14.2
  52988 103.72  35.37 2000   12.4
  52993 104.07  35.68 1740   21.7
  52995 104.62  35.58 1898   11.7
  52998 104.20  35.13 2111    9.3
  53324 107.05  41.07 1039    0.1
  53337 108.27  41.10 1025   0.01
  53348 109.13  41.02 1080    0.7
  53357 110.05  42.03 1361    0.7
  53367 111.23  41.32 1604    2.3
  53368 111.47  41.08 1640    1.2
  53378 112.62  41.28 1737   0.01
  53397 113.98  41.10 1377    0.3
  53419 107.00  40.33 1060    2.5
  53420 107.12  40.85 1024    0.1
  53433 108.65  40.73 1022    2.1
  53455 110.53  40.55 1000    0.3
  53457 110.03  40.40 1012    0.5
  53464 111.17  40.72 1047    0.3
  53466 111.70  40.75 1046    0.6
  53467 111.18  40.27 1017    1.1
  53469 111.82  40.40 1164    1.5
  53472 112.57  40.87 1453    1.1
  53475 112.47  40.52 1272    0.5
  53481 113.22  40.80 1317    1.6
  53483 113.83  40.87 1269    0.6
  53484 113.15  40.45 1192    1.8
  53486 113.77  40.37 1050    0.9
  53488 113.58  40.03 1035    2.3
  53491 114.38  40.67  837    0.5
  53492 114.15  40.10  939    2.8
  53498 115.03  40.57  630    0.4
  53499 114.73  40.77  755    0.5
  53505 105.40  37.88 1382    8.6
  53512 106.80  39.80 1105    1.1
  53517 106.33  39.27 1466    2.5
  53518 106.35  39.03 1118    8.6
  53522 107.83  40.05 1180    5.3
  53533 108.73  39.85 1390    5.3
  53545 109.73  39.57 1330    8.2
  53547 109.03  39.10 1312   12.8
  53553 111.22  39.87 1222    2.2
  53562 111.67  39.92 1192    1.3
  53565 111.50  39.43 1050    4.5
  53567 111.08  39.03  980   19.6
  53573 112.70  40.00 1337    3.5
  53574 112.27  39.52 1408    7.9
  53575 112.20  39.10 1526   26.4
  53576 112.82  39.50 1046    5.0
  53577 112.30  39.00 1441   29.4
  53579 112.90  39.02  861   12.7
  53580 113.10  39.82 1045    0.9
  53582 113.68  39.72 1094    3.1
  53584 113.17  39.57 1001    2.9
  53585 113.27  39.17  934   12.8
  53590 114.27  39.75  979    2.0
  53596 115.13  38.85   53    1.4
  53599 114.68  39.37  885    2.8
  53610 106.35  38.57 1106    6.3
  53611 106.55  38.88 1099    7.0
  53617 106.08  38.03 1119   11.3
  53618 106.25  38.28 1115    6.4
  53619 106.30  38.12 1117   10.4
  53644 108.83  38.60 1309   13.2
  53658 110.48  38.03  895   30.2
  53659 111.00  37.97 1164   42.0
  53660 111.08  39.02  893   22.8
  53662 111.58  38.72 1393   36.3
  53665 111.65  38.28 1183   39.2
  53666 111.93  38.35 1213   87.9
  53669 111.80  38.08 1151   37.6
  53674 112.70  38.42  799   66.6
  53676 112.98  38.50  760   86.6
  53677 112.48  37.93  808   27.6
  53678 112.67  38.07  899   27.6
  53679 112.55  37.73  776   25.9
  53680 114.38  38.30  109   21.9
  53681 113.37  38.83 1097   23.6
  53682 114.68  38.63  105    9.7
  53685 113.42  38.07  953   27.6
  53688 114.55  38.45   98   17.6
  53689 115.07  38.02   43    9.0
  53690 114.18  38.85  283    7.0
  53691 114.57  38.15   76   17.4
  53692 114.98  38.73   68    4.2
  53693 114.13  38.03  256   23.9
  53694 114.22  38.27  134   25.2
  53695 114.68  38.35   72   14.8
  53696 115.00  38.52   55    7.7
  53697 114.83  38.03   54   10.8
  53699 114.95  38.18   46    9.2
  53707 105.25  36.93 1699    8.0
  53727 107.12  37.17 1713   10.7
  53730 107.48  38.18 1335   16.5
  53732 108.72  37.85 1211   15.1
  53748 109.70  37.18 1064   42.8
  53750 110.18  37.77  931   34.9
  53751 110.05  37.60  897   43.0
  53753 110.88  37.43  861   48.8
  53756 110.72  37.52  744   41.2
  53757 110.12  37.12  938   40.2
  53759 110.83  36.98 1106   35.1
  53760 111.23  37.88 1212   51.1
  53763 112.17  37.92 1008   24.8
  53767 111.17  37.33 1212   44.1
  53768 111.75  37.15  770   30.6
  53769 111.78  37.25  749   35.9
  53770 112.35  37.35  769   26.2
  53771 112.05  37.42  751   32.4
  53773 114.62  36.33   66    0.3
  53774 112.33  37.62  774   19.6
  53776 112.77  37.68  831   22.7
  53777 112.15  37.53  760   24.4
  53778 112.22  37.17  780   18.0
  53780 113.15  37.90 1066   28.1
  53781 114.47  36.87   69    6.7
  53782 113.55  37.85  743   21.9
  53783 113.70  37.60  880   22.8
  53784 114.78  37.75   39   10.2
  53785 114.67  37.52   35   12.6
  53786 113.37  37.08 1134   17.5
  53788 113.57  37.33 1267   13.9
  53789 114.63  37.88   57   17.3
  53790 114.62  37.60   50   17.3
  53791 114.52  37.77   67   17.6
  53792 114.48  37.45  113   20.3
  53794 114.75  37.35   34   12.1
  53795 114.37  37.65  137   22.1
  53796 114.88  37.62   31   12.4
  53797 114.52  37.28   74   15.3
  53799 114.98  37.23   25    7.9
  53829 107.90  35.98 1094   39.9
  53832 108.77  36.77 1220   56.4
  53841 109.32  36.88 1069   43.9
  53848 109.35  36.27 1005   29.5
  53850 110.18  36.88  801   36.6
  53852 110.63  36.77  917   13.7
  53857 110.18  36.07  840    0.5
  53860 111.17  36.98 1407   31.5
  53862 111.77  36.83  809   17.1
  53864 111.10  36.40 1030    0.3
  53865 111.55  36.65 1012    1.0
  53869 111.70  36.58  550   0.01
  53871 112.85  36.83  965    4.0
  53872 112.68  36.77  962    1.4
  53873 112.87  36.12  951    0.2
  53875 112.35  36.52 1001   0.01
  53878 113.38  36.52  769    1.9
  53880 113.23  36.33  948    0.5
  53881 106.48  37.28 1382   11.1
  53883 114.70  37.13   36    9.8
  53885 113.20  36.13 1031    0.1
  53886 113.67  36.57  471    1.3
  53890 114.15  36.68  234    4.4
  53891 114.68  37.02   44    7.0
  53892 114.47  36.62   67    2.8
  53893 114.95  36.77   40    4.1
  53894 114.22  36.42  128    0.1
  53895 114.50  36.78   61    5.0
  53896 114.95  36.35   51    0.1
  53897 114.38  36.38   71   0.01
  53899 114.97  36.48   49    2.1
  53906 105.72  35.52 1659   19.2
  53908 105.23  35.22 1769   10.3
  53914 106.12  35.62 2079   20.5
  53916 106.32  35.50 1949   26.1
  53917 106.07  35.22 1633   26.8
  53924 107.62  35.07  967   10.8
  53925 107.18  35.68 1174   22.1
  53926 107.35  35.35 1630   31.5
  53927 106.62  35.20 1478   25.1
  53928 107.02  35.30 1150   27.2
  53930 107.98  36.45 1270   31.1
  53931 109.37  36.00  983    2.2
  53934 108.02  35.82 1299   29.0
  53935 108.35  35.48 1443   12.3
  53937 107.92  35.52  980   17.6
  53938 108.30  35.17 1277    6.4
  53944 109.25  35.57  857    1.1
  53945 109.07  35.43 1394    1.8
  53946 109.82  35.60 1091    0.4
  53950 110.15  35.23  710   0.01
  53956 110.83  35.40  589    0.2
  53957 110.72  35.62  459   0.01
  53965 111.57  35.52  761   0.01
  53980 114.80  36.55   51    1.5
  53981 113.27  35.78 1311    0.2
  53982 113.27  35.23  113   0.01
  53984 113.47  35.23   83   0.01
  53996 114.65  36.45   58    0.4
  54031 121.82  44.90  201    0.5
  54039 122.02  44.03  182    1.6
  54047 123.28  44.13  146    4.7
  54065 125.65  44.53  173    9.8
  54072 126.52  44.85  203   14.4
  54076 126.93  44.42  254    0.1
  54092 129.40  44.60  294   20.5
  54093 130.55  44.93  266    8.0
  54098 129.47  44.33  272    0.1
  54099 131.13  44.08  151    0.2
  54164 125.28  43.35  249   0.01
  54169 126.02  43.30  270   0.01
  54187 128.92  43.12  369    4.7
  54192 130.27  43.70  386   15.4
  54244 123.33  42.75  120   0.01
  54252 124.75  42.73  198    2.2
  54290 129.40  42.77  245    3.4
  54291 130.28  42.90   37    4.3
  54293 129.83  42.95  141    4.2
  54304 115.28  40.97 1249    0.2
  54371 126.43  41.93  521    2.6
  54398 116.62  40.13   29   0.01
  54408 115.22  40.38  531   0.01
  54410 116.13  40.60 1216    0.3
  54419 116.63  40.37   75   0.01
  54424 117.12  40.17   33   0.01
  54428 117.40  40.03   19   0.01
  54431 116.63  39.92   40   0.01
  54433 116.50  39.95   36   0.01
  54499 116.22  40.22   75   0.01
  54501 115.68  39.97  441   0.01
  54502 116.03  39.48   30    0.3
  54503 115.82  39.07   13   0.01
  54506 115.88  39.32   29    0.1
  54512 116.28  39.42   22    0.2
  54513 116.20  39.95   67   0.01
  54514 116.25  39.87   56   0.01
  54515 116.70  39.50   14   0.01
  54522 117.73  39.88   19   0.01
  54526 117.33  39.08   10   0.01
  54529 117.82  39.35   12    0.3
  54530 117.77  39.23    6   0.01
  54535 118.47  39.28    3   0.01
  54594 116.35  39.72   38    0.1
  54596 116.13  39.68   40   0.01
  54597 115.73  39.73  409    0.3
  54601 115.65  38.98   14    0.5
  54603 115.77  38.72   10    0.5
  54604 115.33  38.42   31    4.0
  54605 115.93  38.93    7    0.1
  54607 115.12  38.72   45    3.4
  54608 115.55  38.00   27    5.1
  54609 115.50  38.25   25    5.0
  54610 116.10  38.73    9    0.7
  54611 115.32  38.93   45    0.8
  54612 116.45  38.87    7   0.01
  54613 116.62  38.70    8    0.6
  54614 116.08  38.45   13    1.9
  54615 116.83  38.58    8    0.5
  54616 116.85  38.35    9    0.2
  54617 116.12  38.18   13    3.9
  54619 116.92  38.92    8   0.01
  54620 115.57  38.48   19    1.4
  54621 115.18  38.18   39    9.1
  54626 115.82  38.42   15    1.3
  54627 117.23  38.03    8   0.01
  54628 117.48  38.15    7    0.2
  54631 115.15  37.07   33    7.3
  54632 115.03  37.07   34    8.1
  54633 115.23  37.52   27    9.5
  54636 116.10  39.02   12    0.1
  54640 114.87  36.92   37    8.8
  54644 117.12  38.05   11    0.1
  54645 117.47  38.85    3   0.01
  54700 115.93  38.03   16    4.4
  54701 115.20  37.93   41    6.3
  54702 115.70  37.73   22    5.7
  54703 115.88  37.80   25    4.1
  54704 115.57  37.55   23    9.4
  54706 115.67  37.08   32    6.1
  54707 115.98  37.35   28    5.7
  54708 115.73  37.50   24   10.0
  54709 116.07  37.22   30    4.1
  54710 116.17  37.87   19    4.8
  54711 116.28  37.70   19    6.0
  54712 116.82  37.20   23    0.7
  54713 116.53  37.88   15    1.5
  54714 116.33  37.45   24    4.0
  54716 116.80  37.67   17    0.2
  54717 116.40  37.63   18    4.4
  54718 116.43  37.15   26    1.3
  54719 116.68  38.03   12    0.2
  54722 117.63  37.75    7    0.3
  54723 117.57  37.65   11    0.2
  54724 117.13  37.32   21    0.1
  54726 117.18  37.70   12    0.1
  54728 117.38  37.77   16    0.4
  54729 117.87  37.17   11   0.01
  54730 118.13  37.70   11    0.1
  54734 118.00  37.35   12   0.01
  54736 118.67  37.43    9    0.1
  54737 118.15  37.15   17   0.01
  54765 121.43  37.48   57   0.01
  54766 121.62  37.38   23   0.01
  54800 115.25  36.98   35    6.7
  54801 115.48  36.85   36    6.7
  54802 115.73  36.82   35    4.2
  54803 116.02  36.98   28    2.6
  54804 115.13  36.30   46   0.01
  54805 115.45  36.48   41    0.4
  54806 115.97  36.42   39   0.01
  54809 115.28  36.55   42    1.3
  54810 116.27  36.87   28    1.6
  54811 116.62  36.93   22    2.0
  54812 116.75  36.78   23    1.6
  54814 116.23  36.58   32   0.01
  54816 116.80  36.52   82   0.01
  54820 115.17  36.82   38    4.8
  54821 117.20  37.00   21    0.5
  54822 117.73  36.87   46    0.9
  54824 117.95  36.63   95    0.8
  54825 117.85  36.52  195    2.2
  54828 117.68  36.23  228   0.01
  54829 117.87  36.77   88    1.0
  54830 117.93  36.82   35    0.6
  54831 118.50  36.65  102   0.01
  54832 118.73  36.88   29   0.01
  54833 118.08  36.97   19    0.6
  54834 118.28  36.87   46    0.4
  54835 118.55  36.50  110    0.5
  54841 119.40  36.87    8   0.01
  54844 119.18  36.42   67    0.1
  54848 119.42  35.98   81   0.01
  54851 120.57  36.90   81   0.01
  54853 120.42  36.17   43   0.01
  54861 121.53  36.93   47   0.01
  54940 119.20  35.75  147   0.01
  54943 120.00  35.88   13   0.01
  56016  95.62  33.85 4181    1.7
  56045  99.90  33.97 4051   11.5
  56071 102.50  34.58 3107    9.4
  56081 103.35  34.70 2811    2.4
  56082 103.50  34.58 2544    2.9
  56084 103.23  34.07 2376    2.9
  56091 104.47  34.85 1884    3.9
  56092 104.65  35.00 1729   10.1
  56094 104.37  33.78 1400    2.0
  56095 104.38  34.03 1754   27.1
  56097 104.23  33.27 1407   11.3
  56147  98.83  31.22 3261    1.5
  56164 100.98  32.27 3286    7.9
  56168 102.07  31.48 2170   0.01
  56171 101.70  32.90 3276    4.2
  56180 103.85  31.68 1591   23.7
  56181 103.70  30.68  543   10.0
  56183 103.58  31.47 1326   19.2
  56184 103.17  31.43 1884   15.8
  56185 102.98  32.08 2400    9.9
  56186 104.20  31.33  589   26.4
  56189 103.93  30.98  584   46.5
  56190 104.55  31.55  518   64.4
  56192 104.67  32.95 1016   23.9
  56193 104.52  32.42  894   39.2
  56194 104.45  31.82  679   24.1
  56195 104.73  31.78  531   48.3
  56197 104.18  31.13  537   77.4
  56198 104.50  31.32  523   54.3
  56199 104.68  31.03  424   48.4
  56263 101.88  30.88 1948    1.6
  56267 101.02  30.03 2598    2.8
  56272 103.88  30.82  560   64.0
  56273 102.82  30.38 1011   20.8
  56276 103.82  30.45  468   31.1
  56278 102.77  30.07  756   33.9
  56279 102.93  30.15  683   60.4
  56280 103.12  30.08  692   23.9
  56281 103.50  30.18  512   13.5
  56284 103.48  30.42  502    8.7
  56285 103.52  30.60  525    9.2
  56286 104.25  30.55  514   72.4
  56288 103.92  30.58  495   59.3
  56289 103.87  30.20  439   49.3
  56290 104.18  30.78  515   82.6
  56291 104.28  30.97  474   56.1
  56295 104.55  30.38  443   54.9
  56296 104.43  30.85  449   46.1
  56297 104.15  30.02  431   20.3
  56298 104.60  30.13  415   52.0
  56371 102.23  29.92 1322   17.0
  56373 102.85  29.78  763   43.4
  56376 102.68  29.35 1098   11.3
  56378 102.35  29.23  891   41.6
  56380 103.37  29.92  466   22.3
  56381 103.52  30.02  497   21.2
  56382 103.60  29.73  408   39.0
  56383 103.87  29.83  454   20.7
  56384 103.48  29.60  446   29.9
  56387 103.27  29.23  639   14.4
  56389 103.95  29.20  386    4.5
  56390 104.07  29.67  403   29.2
  56391 103.82  30.08  416   41.7
  56393 104.85  29.77  370    9.1
  56394 104.43  29.45  382   33.7
  56395 104.67  29.52  349   18.0
  56396 104.77  29.35  352    4.8
  56399 104.98  29.18  307    5.3
  56441  99.28  28.72 2424    4.4
  56443  99.80  28.93 2842   10.2
  56473 102.77  28.95 1061   14.3
  56474 102.17  28.55 1775   10.0
  56478 102.43  28.30 1819   21.1
  56480 103.53  28.82  564   15.4
  56483 103.95  28.60  412   16.4
  56487 103.13  28.33 1945    1.4
  56489 103.63  28.23  876   13.4
  56490 103.90  28.95  396    7.6
  56491 104.57  28.70  288   15.6
  56493 104.97  28.85  297   18.0
  56494 104.15  28.65  460   11.2
  56496 105.23  28.32  330   32.3
  56497 104.23  28.10  433   50.7
  56498 104.50  28.17  442   29.2
  56499 104.78  28.38  368   19.5
  56567 100.85  27.30 2242   16.5
  56569 102.18  27.42 1381   18.0
  56575 102.55  27.37 1429   53.1
  56578 102.75  27.07 1093    8.6
  56580 102.80  27.72 2461   12.6
  56582 103.90  27.75 1177   45.1
  56584 103.25  27.70 1093    5.3
  56585 103.53  27.18 1916    1.8
  56592 104.52  28.43  360   16.2
  56593 104.92  28.58  281   13.9
  56594 104.05  27.63  884   31.0
  56595 104.87  27.42 1644    5.3
  56596 105.05  27.85 1176   18.4
  56598 104.73  27.13 1538    0.2
  56641  98.87  26.90 1191    3.3
  56645  99.42  26.42 2345    4.3
  56646  99.92  26.53 2193   21.0
  56649  99.97  26.10 2059    1.5
  56652 100.75  26.68 2131   21.4
  56654 100.18  26.58 2196   19.2
  56665 101.85  26.68 1140   29.6
  56669 101.67  26.05 1531   17.7
  56670 102.12  26.90 1105   16.9
  56673 102.92  26.92  894    1.9
  56674 101.73  26.50 1107   60.0
  56675 102.58  26.65 1695    5.2
  56688 103.17  26.10 1253   10.3
  56697 104.08  26.22 1987   53.0
  56745  99.95  25.68 1627   13.5
  56752 100.57  25.83 1440    0.2
  56755 100.48  25.35 1670   0.01
  56761 101.32  25.72 1873   21.3
  56764 101.23  25.53 1875   27.2
  56766 101.52  25.33 1769    6.7
  56767 101.28  25.18 1858    6.5
  56772 102.50  25.23 1694    2.9
  56774 102.42  25.53 1712   21.2
  56775 102.45  25.55 1752   30.1
  56777 102.07  25.15 1566    8.1
  56781 103.27  25.55 1874    0.7
  56782 103.55  25.42 2064    4.1
  56783 103.80  25.50 1906    2.9
  56785 103.03  25.33 1925    0.1
  56788 103.67  25.03 1842   12.6
  56790 104.25  25.68 1920   37.2
  56835  97.82  24.07  958    0.6
  56836  97.95  24.70  828    0.1
  56839  98.82  23.77  994    1.0
  56840  98.30  24.82 1013   0.01
  56841  98.68  24.60 1527    2.8
  56844  98.58  24.43  915   0.01
  56846  99.93  24.58 1569    4.4
  56849  99.23  24.03 1607    0.5
  56854 100.13  24.45 1108   24.6
  56862 101.60  24.68 1966   0.01
  56863 102.48  24.93 1850    0.2
  56867 101.12  23.98 1107    5.9
  56876 102.77  24.28 1732   0.01
  56879 102.92  24.20 1610   0.01
  56880 103.17  24.92 1532    0.8
  56881 103.27  24.75 1694    0.4
  56883 103.98  24.83 1846   0.01
  56891 104.32  24.98 1482   11.8
  56944  99.27  23.15 1280   12.0
  56948  99.60  22.63 1156   32.3
  56949  99.60  22.32  946    0.3
  56950  99.80  23.47 1044   15.7
  56952 100.70  23.50  914    0.1
  56958 100.42  21.92 1177    4.8
  56961 101.05  23.03 1321    0.3
  56962 101.67  23.42 1315   0.01
  56970 102.48  23.70 1419    2.3
  56975 102.43  23.37  975    0.1
  56976 102.83  23.23  229   0.01
  56978 102.42  23.00 1640    3.2
  56982 103.25  23.70 1055   0.01
  56987 103.23  22.78 1261   13.0
  56989 103.95  22.50  138    0.5
  56992 104.70  23.45 1508   0.01
  56994 104.25  23.38 1277    0.1
  57001 105.33  34.75 1273   14.1
  57002 105.65  34.85 1217   19.7
  57004 104.88  34.73 1496    9.9
  57006 105.75  34.58 1142   17.8
  57007 105.18  34.18 1406   12.9
  57008 105.30  34.03 1578   12.8
  57011 106.15  34.75 1379   35.4
  57012 106.20  34.98 1665   30.7
  57016 107.13  34.35  613   20.6
  57020 107.40  34.37  563    9.7
  57021 107.13  34.65  751   17.7
  57022 107.78  34.68 1026    6.2
  57023 108.10  35.03  841    6.1
  57024 107.65  34.45  671    5.1
  57026 107.88  34.37  586    0.4
  57027 107.73  34.27  518    3.9
  57029 108.48  34.50  544    0.4
  57031 108.55  34.82 1013    2.1
  57032 108.20  34.13  436   0.01
  57033 108.82  34.55  429   0.01
  57035 108.23  34.55  636   0.01
  57039 108.88  34.08  445    3.9
  57047 109.32  34.17  541   0.01
  57054 110.23  34.55  557    1.9
  57055 110.08  34.55  352    0.4
  57066 111.67  34.38  329   0.01
  57072 112.75  34.92  128   0.01
  57086 113.72  34.38  116   0.01
  57102 105.72  33.75  971   50.1
  57105 105.60  33.33 1219   38.0
  57110 106.08  33.78  930   80.9
  57111 106.30  33.92  967   60.8
  57113 106.53  33.90  990   60.4
  57119 106.70  33.17  551   70.3
  57123 108.07  34.28  510   0.01
  57126 107.55  33.22  470   0.01
  57128 107.33  33.17  487    0.2
  57129 107.72  32.98  447   0.01
  57132 108.62  34.12  415    2.2
  57153 110.33  33.68  584    0.2
  57169 111.87  33.05  160    0.2
  57175 112.23  33.05  192   0.01
  57204 105.23  32.58  801   68.9
  57208 105.47  32.02  538  181.6
  57213 106.93  33.00  537   77.7
  57216 106.83  32.35  577    9.6
  57217 106.28  32.23  493   32.4
  57249 109.68  32.32  453    0.5
  57253 110.82  32.85  204    0.6
  57257 110.23  32.23  309   21.9
  57260 111.52  32.55  143    4.7
  57261 111.50  33.13  196    1.4
  57303 105.92  31.73  460   23.4
  57304 105.17  31.67  517  149.7
  57307 105.08  31.10  408  108.1
  57308 105.38  31.22  421   83.0
  57309 105.88  30.98  375    3.2
  57314 106.07  31.35  385    0.2
  57315 106.40  31.53  658    2.3
  57317 106.42  31.03  323    2.8
  57318 106.55  31.07  339    4.9
  57324 107.08  31.58  363   0.01
  57345 109.62  31.40  339    1.0
  57349 109.87  31.07  270    3.0
  57361 111.27  31.88  331   50.8
  57362 110.67  31.75  939    0.3
  57363 111.83  31.80  146   15.6
  57368 111.63  31.05  138    1.0
  57370 112.22  31.73   68   0.01
  57377 112.22  31.00  184    5.0
  57387 113.13  31.00   80   35.2
  57388 113.70  31.27   55   20.5
  57389 113.75  31.03   33   14.3
  57398 114.62  31.28   76    4.0
  57401 105.37  30.87  380   12.4
  57402 105.70  30.77  395   0.01
  57407 105.03  30.28  464    2.7
  57408 105.35  30.12  333   11.8
  57409 105.80  30.18  295    5.3
  57413 106.97  30.85  295    0.3
  57414 106.45  30.55  396    0.9
  57415 106.63  30.47  336   18.6
  57416 106.93  30.33 3915   31.9
  57417 106.28  30.35  315   14.5
  57425 107.33  30.33  430    3.0
  57438 108.12  29.98  630    0.2
  57453 111.32  30.77  116   32.0
  57460 111.78  30.82   91    3.1
  57462 111.08  30.87  104    0.7
  57464 111.18  30.47  144    8.5
  57465 111.45  30.38   76    8.8
  57466 111.77  30.43   50   10.7
  57469 111.77  30.18   68   0.01
  57475 112.90  30.40   33   22.0
  57481 113.58  30.95   31   57.8
  57485 113.45  30.37   33    1.6
  57486 113.85  30.65   25   11.0
  57489 114.00  30.58   39   31.8
  57491 114.40  30.87   31  133.6
  57492 114.80  30.83   33   38.9
  57496 114.87  30.37   30    5.1
  57498 114.90  30.43   22   32.8
  57499 114.97  30.10   40    3.7
  57505 105.58  29.42  324    5.9
  57506 105.90  29.37  376   26.0
  57507 105.30  29.33  374   36.2
  57508 105.37  29.15  302    4.4
  57509 106.93  28.95  325    0.4
  57510 106.05  29.85  275    2.9
  57511 106.45  29.85  242    4.2
  57513 106.62  29.73  457    1.7
  57514 106.22  29.58  325    0.9
  57518 106.53  29.38  243    6.5
  57519 107.08  29.15  559    8.2
  57522 107.42  29.75  273    5.6
  57525 107.75  29.32  273    8.6
  57537 108.17  29.30  321    1.8
  57540 109.15  29.68  776   0.01
  57541 109.48  30.00  533   0.01
  57543 110.03  29.88  540    8.8
  57544 109.45  29.47  486    1.4
  57558 110.47  29.13  184   0.01
  57564 111.13  29.43  103    4.0
  57566 111.65  29.45   50    4.3
  57571 112.40  29.70   37   0.01
  57577 112.17  29.40   37   0.01
  57582 113.88  29.73   51   28.9
  57585 113.45  29.48   60    0.4
  57586 114.03  29.53   79    2.3
  57589 113.80  29.25  103   37.6
  57590 114.37  29.85   64   15.5
  57596 114.20  29.63    0   34.3
  57603 105.83  28.82  283   32.3
  57605 105.82  28.03  539   18.9
  57609 105.70  28.58  316   11.5
  57623 107.60  28.88  684   42.3
  57634 107.88  28.52  658    2.3
  57635 108.98  28.45  363    5.4
  57637 108.12  28.25  524    0.1
  57640 109.45  28.58  344    2.1
  57643 109.83  29.00  268   14.3
  57646 109.95  28.62  301   13.9
  57658 110.20  28.02  144   0.01
  57674 112.47  28.57   44   24.1
  57688 113.63  28.15  100   0.01
  57694 114.38  28.53  256    1.9
  57698 114.45  28.12   99   0.01
  57699 114.92  28.23   68    5.7
  57708 105.60  27.15 1704   30.5
  57723 107.72  27.98  710   16.0
  57734 108.23  27.57  468    0.1
  57736 108.85  27.70  376    3.7
  57737 108.12  27.03  546   0.01
  57740 109.60  27.95  349   32.5
  57742 109.20  27.52  883    5.5
  57743 109.80  27.88  176    6.5
  57769 111.73  27.23  257    1.4
  57781 113.50  27.65   71   39.2
  57786 113.85  27.65  110    2.2
  57792 114.68  27.82   93   0.01
  57796 114.93  27.80   79   0.01
  57800 105.37  26.77 1458    6.3
  57807 105.47  26.20 1359   78.3
  57808 105.75  26.32 1272   28.9
  57809 105.75  26.07 1251   15.9
  57813 106.47  26.57 1265    0.2
  57818 106.45  26.03 1145   0.01
  57829 107.80  26.20  964    2.9
  57834 108.30  26.68  642    0.8
  57846 110.15  26.58  307    1.0
  57859 110.63  26.03  409   30.7
  57881 113.25  26.72  105   0.01
  57882 113.55  26.78  135    4.7
  57883 114.28  26.75  257   25.0
  57886 113.78  26.50  226   32.6
  57891 114.25  26.93  144   26.0
  57895 114.78  26.47   96   0.01
  57900 105.22  25.83 1553   25.0
  57903 105.60  25.93 1138    3.4
  57905 105.63  25.40 1063    0.7
  57908 105.48  25.12 1393   0.01
  57909 105.82  24.98  584    0.9
  57915 106.77  26.63 1102   0.01
  57923 107.87  25.98  418   13.3
  57941 109.60  25.78  198    1.0
  57942 110.00  25.80  267    0.2
  57948 109.25  25.08  123   28.6
  57954 110.18  25.23  158   0.01
  57955 110.67  25.62  224   50.7
  57956 110.32  25.42  169   0.01
  57960 111.07  25.93  192    0.1
  57985 113.68  25.57  608    2.0
  57988 113.35  25.15  103    2.8
  57991 114.55  25.80  148   0.01
  57992 114.75  25.67  129   11.2
  58306 115.88  31.68   94    0.1
  58317 116.37  30.87  434   13.8
  58367 121.43  31.20   18   0.01
  58369 121.78  31.05    9    0.3
  58370 121.55  31.22   11   0.01
  58401 115.40  30.78  106    0.9
  58404 115.22  30.47   57    3.7
  58408 115.43  30.23   35   21.4
  58418 116.70  30.13   26   0.01
  58421 117.87  30.63   32   0.01
  58423 117.78  30.48  643   0.01
  58428 117.48  30.22  115    3.5
  58435 118.53  30.30  221    2.6
  58438 118.58  30.08  197    0.7
  58443 119.90  31.02   19   0.01
  58446 119.68  30.63   25    0.1
  58453 120.50  30.07   10   0.01
  58454 119.97  30.53    5   0.01
  58459 120.28  30.18   42    0.3
  58463 121.50  30.88    9   0.01
  58468 121.17  30.05   10    0.6
  58484 122.20  30.25    9    0.1
  58502 116.00  29.73   37    0.2
  58503 115.68  29.70   41   0.01
  58508 115.77  29.33   42  105.1
  58517 116.20  29.27   43   0.01
  58523 117.93  29.93  231   13.1
  58529 117.85  29.27   82   0.01
  58534 118.18  29.78  173   35.3
  58537 118.40  29.13  153   0.01
  58542 119.68  29.82   45    0.1
  58546 119.88  29.47  114    0.2
  58548 119.47  29.22   46    1.9
  58550 120.25  29.70   39    0.2
  58558 120.22  29.27   89    0.1
  58559 120.98  29.17   59    2.9
  58561 121.60  29.98    3    0.1
  58563 121.83  29.88    4   0.01
  58565 121.43  29.68    6    0.1
  58566 121.88  29.47   14    1.2
  58567 121.43  29.32   39    1.9
  58568 121.38  29.12   35   0.01
  58601 115.38  28.70   54    5.0
  58602 115.55  28.85   46   0.01
  58605 115.38  28.42   49   24.3
  58609 115.82  28.22   30   22.5
  58616 116.82  28.20   44    3.6
  58618 116.60  28.23   51   19.9
  58620 117.13  28.97   37    0.2
  58627 117.03  28.25   64    2.8
  58642 119.80  28.88  102    0.1
  58643 120.03  28.90   99   0.01
  58656 120.97  28.12    7    0.8
  58657 120.28  28.15   59    7.2
  58658 120.68  28.15   36   18.1
  58659 120.65  28.03   29    5.4
  58660 121.13  28.85    8   16.0
  58664 121.37  28.37   33   50.5
  58706 115.83  27.43  180    7.1
  58707 115.13  27.22   66    0.4
  58712 116.78  27.92  123   0.01
  58713 117.07  27.72  220   0.01
  58714 116.23  27.55  115    1.2
  58719 116.93  27.30  123    0.3
  58724 117.30  27.52  264    7.5
  58735 118.80  27.52  201    6.0
  58736 118.82  27.37  220    2.2
  58745 119.07  27.62  368   10.9
  58746 119.70  27.55  514    0.6
  58747 119.35  27.15  900   0.01
  58748 119.65  27.10   51    2.5
  58749 119.88  27.23  680   74.3
  58750 120.08  27.78  106    0.1
  58751 120.55  27.68    5   0.01
  58814 116.35  26.35  237   11.5
  58824 117.15  26.40  355    0.5
  58826 117.80  26.40  120    3.5
  58828 117.62  26.27  206   50.1
  58836 118.73  26.58  359   16.4
  58839 118.85  26.23   42   13.4
  58845 119.53  26.50   57    0.1
  58850 120.23  26.92   88    0.5
  58903 116.03  25.90  208    0.6
  58905 115.42  25.97  136    1.4
  58907 115.40  25.15  300    4.4
  58923 117.83  25.70  397    1.8
  58935 118.23  25.48  516   0.01
  59004 105.10  24.50  729    0.2
  59017 106.27  24.27  279    1.0
  59033 108.90  24.78  330   0.01
  59041 109.25  24.65  109    5.5
  59044 109.38  24.47   99    1.9
  59047 109.33  24.25  101   41.3
  59057 110.18  24.13  827   0.01
  59061 111.27  24.82  198    5.3
  59064 111.32  24.55  141   0.01
  59071 112.28  24.73  175   0.01
  59074 112.15  24.57  300   0.01
  59075 112.63  24.48   70    0.5
  59081 113.27  24.78   98    2.5
  59090 114.07  24.95  103   0.01
  59093 115.03  24.78  254    0.1
  59125 117.30  24.38  105    0.1
  59215 106.62  23.33  640    9.1
  59230 108.17  23.72  173   0.01
  59264 111.50  23.40   79    0.1
  59279 112.87  23.18   18    3.7
  59288 113.13  23.05    3    1.5
  59314 116.13  23.30   27   0.01
  59315 116.38  23.58   25    3.3
  59426 107.90  22.63   92    1.1
  59427 107.07  22.12  162    0.1
  59650 110.25  21.38   25    0.5
  59757 110.37  20.00   10   0.01
  59843 110.00  19.73   36   0.01
  59848 109.43  19.23  219    0.1
  59856 110.75  19.62   26   0.01
  59941 109.52  18.77  328    5.8
  59945 109.70  18.65   65   21.7
  59951 110.33  18.80   38    0.1
