diamond  3 2013年06月14日08点24小时降雨量                    
  13  06  14  08    -1 3 10 25 50 1 0
 39 122.7  37.3 122.5  36.7 120.8  36.2 119.3  35.0 120.4  34.3
 121.1  32.7 122.3  30.9 122.5  30.1 121.5  28.0 119.8  25.0
 116.1  22.6 111.0  21.0 111.0  18.6 109.6  18.1 108.3  18.5
 108.9  19.9 109.3  21.0 106.4  21.6 104.1  22.2 101.6  20.8
  98.7  22.0  97.1  24.1  97.7  27.0  91.7  26.6  85.7  27.7
  78.9  30.6  73.3  37.1  74.1  40.7  87.6  49.8  98.5  43.9
 110.4  44.3 122.0  54.7 135.7  48.3 131.5  42.2 125.2  39.4
 121.3  38.5 121.2  40.3 118.5  38.6 120.8  38.1
1         297
  50137 122.37  53.47  297    0.5
  50524 119.43  49.32  578    0.7
  50525 119.75  49.15  621    0.4
  50526 120.70  49.28  670    2.8
  50566 128.47  49.55  117   14.2
  50645 124.48  48.48  196   0.01
  50646 124.85  48.48  204    0.2
  50647 123.48  48.13  237    2.1
  50655 126.18  48.50  267   0.01
  50659 126.25  48.03  293    0.3
  50750 125.30  47.90  228    0.2
  50778 132.53  47.67   59   0.01
  50779 134.28  48.37   41    0.9
  50892 134.00  46.80   57    0.3
  50913 118.83  45.72  866    0.4
  50928 120.33  45.07  629    1.5
  50934 121.58  45.38  309    7.9
  50937 121.47  45.05  250    1.2
  50939 122.82  45.33  154    0.1
  51145  83.65  46.55  523    9.6
  51352  85.25  44.85  338    2.3
  51353  86.10  45.02  347   0.01
  51356  86.05  44.32  444    8.3
  51357  85.62  44.33  523    8.7
  51359  86.20  44.32  473    3.1
  51368  87.32  44.12  516   0.01
  51435  82.23  43.47  776    0.8
  51436  83.25  43.45  929    0.3
  51438  81.77  43.18 1210    0.3
  51465  87.10  43.48 1874    8.4
  51468  86.83  43.10 3543    5.5
  51482  90.28  43.83 1271   0.01
  51559  86.40  42.32 1110   0.01
  51568  86.80  42.25 1086    0.2
  51627  79.23  41.22 1397    2.8
  51629  80.23  41.27 1134    2.3
  51636  82.62  41.53 1014    2.7
  51707  76.73  39.50 1209    0.7
  51708  75.95  39.15 1324    2.3
  51717  76.78  39.25 1207    2.1
  51722  80.40  40.65 1046   0.01
  51802  76.17  38.93 1299    1.1
  51814  77.40  37.92 1360    6.4
  51815  77.27  38.20 1275    7.3
  51826  80.80  37.02 1337   0.01
  51827  79.72  37.28 1326    1.1
  51829  80.17  37.08 1349   0.01
  52643  99.62  38.83 2311    1.0
  52862 101.68  36.95 2451    1.0
  52863 101.95  36.82 2480   0.01
  52869 101.58  36.50 2665    0.2
  52881 103.18  36.98 2485    3.2
  52885 103.25  36.75 2119    0.4
  52978 102.52  35.20 2930    2.5
  52981 103.38  35.67 2429    6.8
  52982 103.55  35.48 1954   0.01
  52988 103.72  35.37 2000   0.01
  53272 112.63  42.75 1106   11.2
  53289 113.83  42.23 1322   0.01
  53324 107.05  41.07 1039   0.01
  53337 108.27  41.10 1025    0.9
  53343 109.97  41.77 1612    5.6
  53348 109.13  41.02 1080    1.3
  53357 110.05  42.03 1361    3.7
  53367 111.23  41.32 1604    4.3
  53368 111.47  41.08 1640   14.0
  53378 112.62  41.28 1737   0.01
  53419 107.00  40.33 1060    0.3
  53420 107.12  40.85 1024   0.01
  53455 110.53  40.55 1000    0.6
  53457 110.03  40.40 1012    0.6
  53464 111.17  40.72 1047    3.1
  53466 111.70  40.75 1046    3.4
  53467 111.18  40.27 1017    1.1
  53469 111.82  40.40 1164    1.1
  53481 113.22  40.80 1317    0.1
  53517 106.33  39.27 1466   0.01
  53522 107.83  40.05 1180    0.3
  53533 108.73  39.85 1390    0.1
  53545 109.73  39.57 1330    4.7
  53547 109.03  39.10 1312    0.9
  53553 111.22  39.87 1222    0.1
  53565 111.50  39.43 1050   0.01
  53567 111.08  39.03  980    2.3
  53644 108.83  38.60 1309   0.01
  53660 111.08  39.02  893    2.2
  53914 106.12  35.62 2079   0.01
  54024 119.30  44.45  710    3.6
  54113 118.65  43.53  623   0.01
  54117 117.53  43.25 1004    0.3
  54122 120.05  43.88  375    0.1
  54494 124.07  40.47   74   0.01
  56016  95.62  33.85 4181    4.1
  56097 104.23  33.27 1407    0.5
  56158 100.67  31.40 3250    4.4
  56164 100.98  32.27 3286   17.0
  56168 102.07  31.48 2170   15.6
  56171 101.70  32.90 3276    0.2
  56180 103.85  31.68 1591    2.8
  56181 103.70  30.68  543   0.01
  56183 103.58  31.47 1326    4.0
  56184 103.17  31.43 1884    9.8
  56185 102.98  32.08 2400    0.7
  56186 104.20  31.33  589    8.5
  56189 103.93  30.98  584    1.7
  56190 104.55  31.55  518    1.2
  56192 104.67  32.95 1016   0.01
  56193 104.52  32.42  894    1.3
  56194 104.45  31.82  679    1.1
  56195 104.73  31.78  531    1.6
  56197 104.18  31.13  537    0.4
  56198 104.50  31.32  523    1.8
  56263 101.88  30.88 1948    1.4
  56267 101.02  30.03 2598    0.2
  56272 103.88  30.82  560   0.01
  56273 102.82  30.38 1011    1.0
  56276 103.82  30.45  468    1.1
  56278 102.77  30.07  756    1.8
  56279 102.93  30.15  683    1.5
  56280 103.12  30.08  692    1.6
  56281 103.50  30.18  512    6.8
  56284 103.48  30.42  502    0.7
  56285 103.52  30.60  525    0.3
  56288 103.92  30.58  495    0.2
  56290 104.18  30.78  515    0.1
  56291 104.28  30.97  474   0.01
  56295 104.55  30.38  443   0.01
  56296 104.43  30.85  449   0.01
  56371 102.23  29.92 1322    0.8
  56373 102.85  29.78  763    1.0
  56380 103.37  29.92  466   0.01
  56381 103.52  30.02  497    0.9
  56382 103.60  29.73  408    0.3
  56383 103.87  29.83  454    0.2
  56384 103.48  29.60  446    0.2
  57007 105.18  34.18 1406   0.01
  57102 105.72  33.75  971   0.01
  57105 105.60  33.33 1219    0.2
  57110 106.08  33.78  930   0.01
  57204 105.23  32.58  801    0.4
  57208 105.47  32.02  538   0.01
  57216 106.83  32.35  577   0.01
  57217 106.28  32.23  493    0.1
  57303 105.92  31.73  460    0.1
  57304 105.17  31.67  517   0.01
  57989 113.73  25.10   96   0.01
  57990 114.30  25.70  252   0.01
  57991 114.55  25.80  148   0.01
  57992 114.75  25.67  129    1.8
  57994 114.35  25.40  208    0.1
  57995 114.93  25.40  166    2.5
  58361 121.37  31.10   10    2.5
  58367 121.43  31.20   18    2.3
  58369 121.78  31.05    9   11.0
  58370 121.55  31.22   11    3.8
  58449 119.95  30.05   47    4.3
  58451 120.93  30.83    3    0.3
  58452 120.77  30.73    4    1.0
  58453 120.50  30.07   10    6.2
  58454 119.97  30.53    5   0.01
  58455 120.65  30.52    8    7.8
  58456 120.52  30.63    6    1.3
  58458 120.90  30.53    3   12.8
  58459 120.28  30.18   42    8.2
  58460 121.35  30.73    6   17.2
  58462 121.23  31.03    9    1.4
  58463 121.50  30.88    9   16.7
  58468 121.17  30.05   10   16.4
  58484 122.20  30.25    9   38.2
  58542 119.68  29.82   45    0.7
  58544 119.27  29.48   87    1.5
  58546 119.88  29.47  114    5.5
  58547 119.18  29.03   65    0.7
  58548 119.47  29.22   46    0.6
  58550 120.25  29.70   39    5.7
  58555 120.88  29.52  112   14.0
  58558 120.22  29.27   89   16.4
  58559 120.98  29.17   59   18.0
  58561 121.60  29.98    3   33.8
  58563 121.83  29.88    4   37.7
  58565 121.43  29.68    6   29.8
  58566 121.88  29.47   14   23.5
  58567 121.43  29.32   39   31.8
  58568 121.38  29.12   35   34.8
  58570 122.30  29.95   83   23.1
  58619 116.37  28.00   47   0.01
  58623 117.92  28.47   92   0.01
  58629 117.70  28.32   59   0.01
  58631 118.50  28.90  134    0.2
  58632 118.60  28.72  124    0.4
  58635 118.20  28.43   96    0.4
  58642 119.80  28.88  102    9.8
  58643 120.03  28.90   99   10.0
  58644 119.28  28.60  237   10.9
  58647 119.13  28.07  196    3.4
  58654 120.08  28.67  184    7.7
  58656 120.97  28.12    7   11.0
  58657 120.28  28.15   59   17.2
  58658 120.68  28.15   36   16.4
  58659 120.65  28.03   29   14.5
  58660 121.13  28.85    8   23.9
  58664 121.37  28.37   33   29.4
  58719 116.93  27.30  123   0.01
  58724 117.30  27.52  264    0.2
  58735 118.80  27.52  201    3.6
  58736 118.82  27.37  220    2.8
  58745 119.07  27.62  368    2.3
  58746 119.70  27.55  514   20.7
  58747 119.35  27.15  900   26.6
  58748 119.65  27.10   51    9.3
  58749 119.88  27.23  680   11.5
  58750 120.08  27.78  106   13.6
  58751 120.55  27.68    5   12.1
  58804 115.35  26.35  153    0.3
  58814 116.35  26.35  237   0.01
  58819 116.80  26.17  329    0.9
  58821 117.47  26.73  174    0.3
  58822 116.85  26.83  341   0.01
  58823 117.80  26.80  173    1.8
  58824 117.15  26.40  355   11.0
  58826 117.80  26.40  120    5.7
  58828 117.62  26.27  206    5.3
  58836 118.73  26.58  359   18.7
  58839 118.85  26.23   42    4.4
  58844 119.15  26.15   49    1.8
  58845 119.53  26.50   57    4.5
  58848 119.55  26.20   12    1.4
  58850 120.23  26.92   88    1.1
  58903 116.03  25.90  208    0.2
  58905 115.42  25.97  136   0.01
  58906 115.80  25.60  167    0.8
  58907 115.40  25.15  300    3.6
  58912 116.75  25.72  379    0.9
  58917 116.10  25.08  307    3.3
  58923 117.83  25.70  397    4.5
  58928 117.53  25.02  160    1.4
  58929 118.15  25.07   66    4.5
  58932 118.93  25.87   85    1.6
  58934 118.27  25.33  170    1.7
  58935 118.23  25.48  516    3.3
  58938 118.98  25.23   22    1.1
  58940 119.33  26.08   28    0.8
  58941 119.50  25.97   11    1.5
  58942 119.38  25.72   39    0.8
  58946 119.00  25.45   84    0.9
  59090 114.07  24.95  103    0.1
  59091 114.53  24.75  257    1.9
  59093 115.03  24.78  254    2.0
  59094 114.12  24.37  135    4.4
  59099 114.93  24.45  175    4.2
  59106 115.90  24.58  152    7.0
  59109 115.73  24.15  126    1.0
  59114 116.17  24.65  131    1.7
  59122 117.75  24.62   42    2.9
  59124 117.37  24.52   31    3.0
  59125 117.30  24.38  105    8.1
  59127 117.83  24.43   14    7.2
  59129 117.60  24.13   53    4.3
  59130 118.15  24.73   28    2.4
  59131 118.37  24.97   44    3.0
  59137 118.57  24.82   55    4.4
  59268 111.53  23.25   31   0.01
  59269 111.77  23.15   27    0.2
  59270 112.18  23.92   78    0.1
  59276 112.65  23.35   40    1.5
  59279 112.87  23.18   18    1.7
  59284 113.22  23.38    6    0.6
  59285 113.60  23.57   39    1.8
  59288 113.13  23.05    3    4.9
  59290 114.23  23.73   71    3.5
  59297 114.28  23.18   16    0.9
  59310 116.18  23.77   39    2.2
  59312 116.63  23.67   11    1.7
  59313 116.98  23.68   42   12.3
  59314 116.13  23.30   27    9.9
  59315 116.38  23.58   25    3.2
  59318 116.58  23.27   10    5.0
  59319 116.77  23.47    9    2.4
  59320 117.13  23.77   27    5.5
  59322 117.37  23.98   20    5.3
  59454 111.00  22.92  104   0.01
  59470 112.22  22.72   33    1.5
  59471 112.05  22.93  102    0.2
  59473 112.97  22.77   20    1.4
  59475 112.65  22.40   24   0.01
  59476 113.03  22.53   35    0.5
  59477 112.30  22.18   25   0.01
  59480 113.25  22.85   21    1.2
  59481 113.32  22.93   16    0.7
  59487 113.30  22.23   12    5.5
  59492 114.70  22.92   43    0.6
  59500 115.32  22.97   10    4.2
  59502 115.65  22.95   11    2.1
  59843 110.00  19.73   36    0.4
  59848 109.43  19.23  219    0.1
  59854 110.10  19.37  119    0.8
  59945 109.70  18.65   65   0.01
