diamond  3 2013年06月03日08点24小时降雨量                    
  13  06  03  08    -1 3 10 25 50 1 0
 39 122.7  37.3 122.5  36.7 120.8  36.2 119.3  35.0 120.4  34.3
 121.1  32.7 122.3  30.9 122.5  30.1 121.5  28.0 119.8  25.0
 116.1  22.6 111.0  21.0 111.0  18.6 109.6  18.1 108.3  18.5
 108.9  19.9 109.3  21.0 106.4  21.6 104.1  22.2 101.6  20.8
  98.7  22.0  97.1  24.1  97.7  27.0  91.7  26.6  85.7  27.7
  78.9  30.6  73.3  37.1  74.1  40.7  87.6  49.8  98.5  43.9
 110.4  44.3 122.0  54.7 135.7  48.3 131.5  42.2 125.2  39.4
 121.3  38.5 121.2  40.3 118.5  38.6 120.8  38.1
1         581
  50445 123.73  50.58  424   0.01
  50673 130.40  48.88   92    3.3
  50674 129.43  48.57  404    1.2
  50832 122.08  46.72  334    3.4
  50833 122.90  46.72  189    0.4
  50842 124.42  46.83  145    0.5
  50858 125.93  46.07  136    0.4
  50859 126.27  46.25  160   0.01
  50913 118.83  45.72  866   14.7
  50924 119.67  45.53  824   27.1
  50928 120.33  45.07  629   33.0
  50934 121.58  45.38  309   22.9
  50937 121.47  45.05  250   17.8
  50939 122.82  45.33  154    3.2
  50940 123.17  45.85  142    2.3
  50946 124.83  45.18  140    0.1
  50954 125.08  45.50  129   0.01
  51137  82.93  46.20  715    0.8
  51145  83.65  46.55  523   0.01
  51329  80.85  44.05  641    2.2
  51378  89.17  44.02  735   0.01
  51430  81.15  43.83  605    2.8
  51434  81.53  43.97  771    2.9
  51435  82.23  43.47  776    0.9
  51436  83.25  43.45  929   0.01
  51438  81.77  43.18 1210    1.5
  51482  90.28  43.83 1271   0.01
  51627  79.23  41.22 1397   0.01
  52881 103.18  36.98 2485   0.01
  52885 103.25  36.75 2119    1.6
  52985 103.33  35.42 2164    0.2
  52988 103.72  35.37 2000   0.01
  52993 104.07  35.68 1740    1.3
  52995 104.62  35.58 1898   0.01
  53385 113.55  41.57 1387    0.1
  53547 109.03  39.10 1312   0.01
  53590 114.27  39.75  979   0.01
  53658 110.48  38.03  895   0.01
  53659 111.00  37.97 1164   0.01
  53669 111.80  38.08 1151   0.01
  53685 113.42  38.07  953   0.01
  53693 114.13  38.03  256    2.1
  53727 107.12  37.17 1713   0.01
  53748 109.70  37.18 1064    0.1
  53757 110.12  37.12  938    0.3
  53759 110.83  36.98 1106    1.1
  53770 112.35  37.35  769    0.2
  53773 114.62  36.33   66    5.3
  53776 112.77  37.68  831   0.01
  53781 114.47  36.87   69    0.4
  53784 114.78  37.75   39    0.3
  53785 114.67  37.52   35    0.9
  53786 113.37  37.08 1134    8.0
  53788 113.57  37.33 1267    0.6
  53789 114.63  37.88   57   0.01
  53790 114.62  37.60   50    1.2
  53791 114.52  37.77   67    0.8
  53792 114.48  37.45  113    0.8
  53794 114.75  37.35   34    7.2
  53795 114.37  37.65  137    1.7
  53796 114.88  37.62   31    2.2
  53797 114.52  37.28   74    0.3
  53799 114.98  37.23   25    2.0
  53829 107.90  35.98 1094    2.1
  53832 108.77  36.77 1220    0.4
  53841 109.32  36.88 1069    1.9
  53848 109.35  36.27 1005   0.01
  53850 110.18  36.88  801    0.1
  53852 110.63  36.77  917    0.4
  53856 110.75  36.47  756    5.9
  53857 110.18  36.07  840    3.1
  53861 111.42  35.88  425   0.01
  53864 111.10  36.40 1030    6.7
  53865 111.55  36.65 1012   12.2
  53866 111.67  36.23  464    9.9
  53869 111.70  36.58  550    7.0
  53871 112.85  36.83  965    2.7
  53873 112.87  36.12  951   0.01
  53874 111.90  36.25  650    2.2
  53875 112.35  36.52 1001   0.01
  53878 113.38  36.52  769   14.3
  53880 113.23  36.33  948   0.01
  53883 114.70  37.13   36    0.1
  53885 113.20  36.13 1031    1.1
  53886 113.67  36.57  471    1.6
  53888 113.43  36.20 1088    1.1
  53889 113.82  36.07  308    7.1
  53890 114.15  36.68  234    7.2
  53891 114.68  37.02   44    0.1
  53892 114.47  36.62   67    1.6
  53893 114.95  36.77   40    0.3
  53894 114.22  36.42  128    2.3
  53895 114.50  36.78   61    1.2
  53896 114.95  36.35   51    7.8
  53897 114.38  36.38   71    1.4
  53899 114.97  36.48   49    5.4
  53906 105.72  35.52 1659    1.2
  53908 105.23  35.22 1769    0.3
  53914 106.12  35.62 2079    0.9
  53925 107.18  35.68 1174    3.7
  53926 107.35  35.35 1630   0.01
  53930 107.98  36.45 1270    1.6
  53931 109.37  36.00  983   0.01
  53934 108.02  35.82 1299   0.01
  53935 108.35  35.48 1443    9.0
  53944 109.25  35.57  857    1.4
  53946 109.82  35.60 1091    1.1
  53953 110.85  35.97  966    4.6
  53954 110.97  35.62  433    3.0
  53956 110.83  35.40  589   0.01
  53958 110.78  35.13  389    0.4
  53961 111.48  35.65  473    0.5
  53964 111.22  35.62  431    0.3
  53965 111.57  35.52  761   0.01
  53967 111.20  35.33  469    0.8
  53973 112.95  35.77  836    0.1
  53974 114.18  35.62   73   0.01
  53980 114.80  36.55   51    2.1
  53981 113.27  35.78 1311    0.1
  53991 114.35  35.93   75    0.7
  53992 114.52  35.65   59    6.9
  53993 114.92  35.93   52    2.1
  53995 114.50  35.55   64   0.01
  53996 114.65  36.45   58    8.1
  53997 114.18  35.15   72   0.01
  54024 119.30  44.45  710    8.0
  54031 121.82  44.90  201   15.9
  54039 122.02  44.03  182    4.9
  54047 123.28  44.13  146    1.5
  54069 125.80  44.17  175    0.1
  54072 126.52  44.85  203   0.01
  54076 126.93  44.42  254   0.01
  54113 118.65  43.53  623    2.6
  54117 117.53  43.25 1004    0.2
  54122 120.05  43.88  375    9.5
  54132 121.07  42.40  400    0.7
  54154 124.30  43.35  163    0.3
  54155 124.23  43.67  145    0.8
  54156 124.80  43.52  200   0.01
  54169 126.02  43.30  270   0.01
  54214 118.42  42.58  961   0.01
  54223 120.65  42.85  364    1.7
  54225 119.92  42.28  589    0.2
  54231 122.35  42.97  249    0.5
  54234 121.75  42.73  300    0.1
  54245 123.40  42.50   99    0.4
  54248 123.53  42.03   67    1.1
  54249 123.87  42.30   79    6.0
  54252 124.75  42.73  198    0.5
  54261 125.52  42.68  343    3.9
  54267 125.73  42.25  363    3.4
  54274 126.07  42.68  300    3.0
  54313 118.70  41.93  734   0.01
  54316 118.75  41.52  680    0.4
  54320 119.30  41.60  546    0.7
  54321 119.63  41.87  661    0.6
  54323 120.78  41.82  253   0.01
  54325 120.35  41.18  183   0.01
  54327 119.35  41.23  421    0.5
  54328 119.72  41.08  300    0.1
  54330 121.37  41.17   61   0.01
  54332 122.72  41.52   13   13.1
  54336 122.42  41.42   13    6.8
  54338 121.95  41.28    4    1.4
  54340 123.32  41.67   47   12.1
  54345 123.07  41.20   29    4.4
  54347 123.17  41.23   25    4.3
  54348 123.32  41.42   43   23.2
  54362 125.73  41.67  388   13.6
  54371 126.43  41.93  521    6.5
  54412 116.63  40.73  334    2.9
  54483 123.90  40.88  239   0.01
  54501 115.68  39.97  441   0.01
  54506 115.88  39.32   29   0.01
  54507 115.50  39.35   52    0.4
  54515 116.70  39.50   14   0.01
  54631 115.15  37.07   33    1.4
  54632 115.03  37.07   34    6.2
  54633 115.23  37.52   27   0.01
  54640 114.87  36.92   37    1.1
  54706 115.67  37.08   32    0.1
  54709 116.07  37.22   30   0.01
  54800 115.25  36.98   35    0.2
  54801 115.48  36.85   36    0.4
  54802 115.73  36.82   35   0.01
  54803 116.02  36.98   28   0.01
  54804 115.13  36.30   46    2.2
  54805 115.45  36.48   41    1.4
  54807 115.80  36.13   44    0.3
  54809 115.28  36.55   42    5.1
  54817 115.87  35.98   43    0.1
  54820 115.17  36.82   38    1.0
  54900 115.02  35.70   54    4.4
  54901 115.17  36.08   47   27.1
  54902 115.12  35.90   49    3.8
  54903 115.48  35.85   50    2.2
  56016  95.62  33.85 4181    4.8
  56071 102.50  34.58 3107   0.01
  56081 103.35  34.70 2811    0.1
  56082 103.50  34.58 2544    0.1
  56095 104.38  34.03 1754    1.5
  56147  98.83  31.22 3261    0.6
  56158 100.67  31.40 3250    0.7
  56168 102.07  31.48 2170    0.1
  56171 101.70  32.90 3276    0.5
  56184 103.17  31.43 1884    0.4
  56185 102.98  32.08 2400   0.01
  56263 101.88  30.88 1948    0.3
  56441  99.28  28.72 2424    7.4
  56443  99.80  28.93 2842    0.4
  56578 102.75  27.07 1093    0.1
  56595 104.87  27.42 1644    0.1
  56596 105.05  27.85 1176   0.01
  56598 104.73  27.13 1538    2.0
  56641  98.87  26.90 1191   0.01
  56645  99.42  26.42 2345   10.0
  56646  99.92  26.53 2193    0.1
  56652 100.75  26.68 2131    0.2
  56654 100.18  26.58 2196   0.01
  56669 101.67  26.05 1531    0.1
  56673 102.92  26.92  894    0.2
  56688 103.17  26.10 1253    0.1
  56697 104.08  26.22 1987   0.01
  56742  99.37  25.90 1663    5.5
  56745  99.95  25.68 1627   10.0
  56746  99.52  25.47 1618   15.5
  56752 100.57  25.83 1440    0.4
  56755 100.48  25.35 1670    3.5
  56756 100.58  25.48 1993   13.2
  56757 100.28  25.27 1744    1.2
  56764 101.23  25.53 1875    0.3
  56766 101.52  25.33 1769    1.8
  56767 101.28  25.18 1858    3.7
  56772 102.50  25.23 1694    3.0
  56774 102.42  25.53 1712    0.6
  56775 102.45  25.55 1752    0.4
  56777 102.07  25.15 1566    2.1
  56781 103.27  25.55 1874    0.3
  56782 103.55  25.42 2064    0.5
  56783 103.80  25.50 1906    2.5
  56785 103.03  25.33 1925    1.3
  56788 103.67  25.03 1842    5.1
  56790 104.25  25.68 1920    0.8
  56835  97.82  24.07  958    2.5
  56839  98.82  23.77  994    1.3
  56841  98.68  24.60 1527   13.1
  56842  99.18  24.73 1473   11.0
  56843  99.62  24.83 1650   12.0
  56844  98.58  24.43  915   25.9
  56846  99.93  24.58 1569    5.2
  56849  99.23  24.03 1607   13.1
  56851 100.52  25.03 1378   10.2
  56854 100.13  24.45 1108   19.3
  56862 101.60  24.68 1966   10.0
  56863 102.48  24.93 1850    2.3
  56867 101.12  23.98 1107    2.0
  56869 101.97  24.07 1498   32.8
  56870 102.17  24.67 1576   11.7
  56871 102.60  24.65 1894    4.2
  56872 102.62  24.95 2360    8.7
  56873 102.90  24.67 1752    4.4
  56876 102.77  24.28 1732    6.9
  56878 102.75  24.13 1802   16.6
  56879 102.92  24.20 1610   11.8
  56880 103.17  24.92 1532    7.5
  56881 103.27  24.75 1694    5.1
  56882 102.80  24.88 1909    9.0
  56883 103.98  24.83 1846    1.9
  56885 103.45  24.40 1416    4.4
  56889 104.17  24.05 1518    7.2
  56891 104.32  24.98 1482    0.7
  56898 102.40  24.18 1542   16.3
  56944  99.27  23.15 1280   12.6
  56948  99.60  22.63 1156    4.7
  56949  99.60  22.32  946    5.7
  56950  99.80  23.47 1044   46.4
  56952 100.70  23.50  914    3.3
  56958 100.42  21.92 1177    3.7
  56961 101.05  23.03 1321    8.8
  56962 101.67  23.42 1315   21.2
  56970 102.48  23.70 1419   15.1
  56973 102.83  23.62 1310    6.5
  56975 102.43  23.37  975   17.9
  56976 102.83  23.23  229   29.6
  56978 102.42  23.00 1640    1.0
  56982 103.25  23.70 1055   28.8
  56984 103.15  23.38 1717    4.1
  56987 103.23  22.78 1261   16.8
  56989 103.95  22.50  138    7.0
  56992 104.70  23.45 1508    8.5
  56994 104.25  23.38 1277    0.7
  56995 104.42  23.03 1335    1.8
  56996 104.70  23.13 1094    8.7
  57060 111.23  35.17  404    0.9
  57605 105.82  28.03  539    0.1
  57688 113.63  28.15  100   0.01
  57694 114.38  28.53  256   0.01
  57698 114.45  28.12   99    1.2
  57699 114.92  28.23   68    2.3
  57708 105.60  27.15 1704    0.1
  57763 112.00  27.73  151   0.01
  57768 111.45  27.32  242   0.01
  57777 112.87  27.23   65    0.2
  57778 112.95  27.10   68    1.7
  57781 113.50  27.65   71   0.01
  57786 113.85  27.65  110    0.1
  57792 114.68  27.82   93    7.0
  57796 114.93  27.80   79    6.5
  57798 114.60  27.40   89   28.2
  57807 105.47  26.20 1359    0.1
  57809 105.75  26.07 1251    0.2
  57811 106.60  26.85 1242   0.01
  57818 106.45  26.03 1145    0.2
  57821 107.50  26.70  924   0.01
  57824 107.23  26.58 1005   0.01
  57828 107.58  26.50  983    0.3
  57829 107.80  26.20  964    1.9
  57834 108.30  26.68  642   0.01
  57837 108.07  26.40  838    0.9
  57844 109.18  26.68  344   0.01
  57846 110.15  26.58  307    0.1
  57851 110.85  26.45  307    0.9
  57859 110.63  26.03  409    2.8
  57865 111.58  26.47  166    2.1
  57867 111.28  26.40  169    0.8
  57868 111.87  26.60  113    1.1
  57870 112.10  26.80  151    1.5
  57871 112.37  26.98   91    0.1
  57875 112.50  26.88   71   16.1
  57876 112.83  26.43  118   30.0
  57881 113.25  26.72  105   16.8
  57882 113.55  26.78  135   23.0
  57883 114.28  26.75  257    1.2
  57886 113.78  26.50  226    7.0
  57887 113.12  26.13  124   11.1
  57891 114.25  26.93  144   12.4
  57895 114.78  26.47   96    1.8
  57899 114.92  26.80   66    7.3
  57900 105.22  25.83 1553    0.4
  57903 105.60  25.93 1138    0.2
  57905 105.63  25.40 1063   0.01
  57908 105.48  25.12 1393    1.0
  57913 106.98  26.45 1095    0.1
  57914 106.67  26.42 1143    0.2
  57921 107.32  25.83  710    7.9
  57923 107.87  25.98  418    2.6
  57927 107.18  24.97  283    0.8
  57936 108.92  25.75  255    5.0
  57941 109.60  25.78  198    2.4
  57942 110.00  25.80  267    1.3
  57949 110.00  24.98  157    0.1
  57954 110.18  25.23  158    0.2
  57955 110.67  25.62  224    0.4
  57956 110.32  25.42  169    0.3
  57958 110.32  25.08  152    0.4
  57960 111.07  25.93  192    3.8
  57962 111.65  25.97  166   29.1
  57964 111.15  25.50  258   19.8
  57966 111.95  25.60  205   27.8
  57969 111.33  25.27  230   46.3
  57971 112.20  25.92  225   28.6
  57973 112.72  25.75  328   16.5
  57975 112.20  25.38  278   14.9
  57976 112.95  25.42  226    2.1
  57978 112.55  25.28  291    1.9
  57981 113.22  25.98  141    5.7
  57985 113.68  25.57  608   0.01
  57989 113.73  25.10   96    5.0
  57990 114.30  25.70  252    5.6
  57991 114.55  25.80  148    8.1
  57992 114.75  25.67  129   30.1
  57994 114.35  25.40  208   0.01
  57995 114.93  25.40  166    9.3
  58339 118.90  31.33   24    0.1
  58349 120.63  31.27    9   0.01
  58359 120.62  31.13    9    0.1
  58365 121.25  31.37    9   0.01
  58418 116.70  30.13   26    0.5
  58421 117.87  30.63   32   0.01
  58428 117.48  30.22  115   0.01
  58431 118.32  30.92   17    0.2
  58432 118.40  30.68   39   0.01
  58435 118.53  30.30  221    0.2
  58438 118.58  30.08  197    0.2
  58441 119.42  30.87   53    0.1
  58443 119.90  31.02   19    0.1
  58446 119.68  30.63   25    0.3
  58449 119.95  30.05   47    4.2
  58451 120.93  30.83    3   0.01
  58452 120.77  30.73    4    0.1
  58453 120.50  30.07   10    5.2
  58454 119.97  30.53    5    0.8
  58455 120.65  30.52    8    0.3
  58456 120.52  30.63    6    0.2
  58458 120.90  30.53    3    0.3
  58459 120.28  30.18   42    2.2
  58460 121.35  30.73    6    0.1
  58463 121.50  30.88    9    0.1
  58468 121.17  30.05   10    3.8
  58484 122.20  30.25    9    2.2
  58501 115.63  29.93   25    0.1
  58502 116.00  29.73   37   0.01
  58509 115.82  29.05   38    0.1
  58512 116.55  29.90   66   0.01
  58514 116.05  29.45   35   0.01
  58523 117.93  29.93  231    0.1
  58529 117.85  29.27   82    4.9
  58530 118.43  29.87  170    1.6
  58534 118.18  29.78  173    0.7
  58537 118.40  29.13  153   10.4
  58542 119.68  29.82   45    3.8
  58544 119.27  29.48   87    8.9
  58546 119.88  29.47  114   13.4
  58547 119.18  29.03   65   20.1
  58548 119.47  29.22   46   13.4
  58550 120.25  29.70   39   12.7
  58555 120.88  29.52  112   14.7
  58558 120.22  29.27   89   19.6
  58559 120.98  29.17   59   30.3
  58561 121.60  29.98    3    4.0
  58563 121.83  29.88    4   11.3
  58565 121.43  29.68    6   14.4
  58566 121.88  29.47   14   11.6
  58567 121.43  29.32   39   19.0
  58568 121.38  29.12   35   19.0
  58570 122.30  29.95   83   12.0
  58601 115.38  28.70   54    1.9
  58605 115.38  28.42   49    3.6
  58607 115.95  28.55   35    4.4
  58609 115.82  28.22   30   11.0
  58612 116.68  28.70   22    3.4
  58614 116.27  28.38   40   16.5
  58615 117.08  28.68   56    9.7
  58616 116.82  28.20   44   15.7
  58618 116.60  28.23   51   14.1
  58619 116.37  28.00   47   19.8
  58620 117.13  28.97   37    3.0
  58623 117.92  28.47   92   35.6
  58624 117.43  28.40   64   22.0
  58625 117.60  28.42   80   26.2
  58627 117.03  28.25   64   19.2
  58629 117.70  28.32   59   21.1
  58631 118.50  28.90  134   18.5
  58632 118.60  28.72  124   16.0
  58635 118.20  28.43   96   23.8
  58642 119.80  28.88  102   37.3
  58643 120.03  28.90   99   25.9
  58644 119.28  28.60  237   22.3
  58647 119.13  28.07  196   57.5
  58654 120.08  28.67  184   44.7
  58656 120.97  28.12    7   26.7
  58657 120.28  28.15   59   58.9
  58658 120.68  28.15   36   50.2
  58659 120.65  28.03   29   28.1
  58660 121.13  28.85    8   20.3
  58664 121.37  28.37   33   37.8
  58693 115.83  28.70   37    3.6
  58701 115.40  27.77   47   29.1
  58704 115.35  27.62   61   26.1
  58706 115.83  27.43  180   18.1
  58707 115.13  27.22   66   21.4
  58710 116.05  27.77   76   14.4
  58712 116.78  27.92  123   16.9
  58713 117.07  27.72  220   15.3
  58714 116.23  27.55  115   14.5
  58719 116.93  27.30  123   15.7
  58724 117.30  27.52  264   13.1
  58735 118.80  27.52  201   23.7
  58736 118.82  27.37  220   29.1
  58745 119.07  27.62  368   21.4
  58746 119.70  27.55  514   38.2
  58747 119.35  27.15  900   36.3
  58748 119.65  27.10   51  102.1
  58749 119.88  27.23  680   55.8
  58750 120.08  27.78  106   24.7
  58751 120.55  27.68    5   31.0
  58804 115.35  26.35  153   18.4
  58814 116.35  26.35  237    1.0
  58819 116.80  26.17  329   12.6
  58821 117.47  26.73  174   10.9
  58822 116.85  26.83  341   15.5
  58823 117.80  26.80  173   11.4
  58824 117.15  26.40  355    3.1
  58826 117.80  26.40  120    1.6
  58828 117.62  26.27  206   18.0
  58836 118.73  26.58  359    2.5
  58839 118.85  26.23   42   35.0
  58844 119.15  26.15   49   36.1
  58845 119.53  26.50   57   32.6
  58848 119.55  26.20   12   10.4
  58850 120.23  26.92   88   21.7
  58903 116.03  25.90  208   16.7
  58905 115.42  25.97  136    5.6
  58906 115.80  25.60  167    6.3
  58907 115.40  25.15  300   0.01
  58912 116.75  25.72  379   19.1
  58917 116.10  25.08  307   0.01
  58923 117.83  25.70  397   19.8
  58928 117.53  25.02  160    4.2
  58929 118.15  25.07   66    4.2
  58932 118.93  25.87   85   16.7
  58934 118.27  25.33  170   27.9
  58935 118.23  25.48  516    7.9
  58938 118.98  25.23   22   10.6
  58940 119.33  26.08   28   22.3
  58941 119.50  25.97   11   22.0
  58942 119.38  25.72   39   10.6
  58946 119.00  25.45   84   26.7
  59001 105.33  24.78  674    0.1
  59012 106.55  24.78  973    7.0
  59015 106.57  24.35  442    2.0
  59017 106.27  24.27  279    0.8
  59022 107.55  24.98  695    0.7
  59025 107.38  24.53  249    0.7
  59027 107.25  24.13  244    1.9
  59031 108.25  24.83  205    1.4
  59033 108.90  24.78  330    0.1
  59034 108.67  24.48  149   0.01
  59038 108.65  24.07  142    0.6
  59041 109.25  24.65  109   0.01
  59044 109.38  24.47   99    0.3
  59045 109.75  24.48   95    1.7
  59047 109.33  24.25  101    0.2
  59051 110.50  24.77  133    7.2
  59052 110.82  24.83  167   17.7
  59053 110.67  24.62  108    0.9
  59057 110.18  24.13  827    0.4
  59059 110.80  24.18  107    0.6
  59061 111.27  24.82  198    7.3
  59063 111.45  25.18  262   50.5
  59064 111.32  24.55  141   0.01
  59074 112.15  24.57  300   0.01
  59130 118.15  24.73   28    0.6
  59131 118.37  24.97   44   15.7
  59137 118.57  24.82   55   19.5
  59205 105.63  23.65  688   0.01
  59213 106.92  23.73  113    0.3
  59215 106.62  23.33  640    0.1
  59224 107.12  23.60  116    0.1
  59227 107.15  23.08  438   0.01
  59229 107.70  23.18  101   0.01
  59230 108.17  23.72  173    0.1
  59235 108.62  23.43  116    0.2
  59237 108.28  23.17  115    3.2
  59238 108.80  23.22  123   0.01
  59241 109.68  23.97   91   0.01
  59246 109.67  23.60   70   0.01
  59264 111.50  23.40   79    1.7
  59268 111.53  23.25   31   0.01
  59269 111.77  23.15   27   0.01
  59276 112.65  23.35   40    0.5
  59419 106.75  22.10  243    7.2
  59421 107.20  22.83  257   0.01
  59425 107.35  22.40  107    2.1
  59427 107.07  22.12  162    0.1
  59448 109.55  22.27   70    0.2
  59449 109.98  22.30   80   24.6
  59451 110.35  22.70   99   0.01
  59452 110.53  22.85  100   10.6
  59454 111.00  22.92  104    0.1
  59457 110.27  22.32  120   44.8
  59469 111.78  22.17   33   31.8
  59470 112.22  22.72   33    3.6
  59471 112.05  22.93  102    8.6
  59635 108.35  21.62   26    5.6
  59640 109.18  21.67    6    0.1
  59650 110.25  21.38   25   0.01
  59653 110.85  21.93   35   0.01
  59654 110.30  21.63   28   0.01
  59655 110.62  21.65   35   0.01
  59656 110.77  21.43   29    0.8
  59659 110.92  21.75   32   18.3
  59750 110.10  20.92   25   0.01
  59757 110.37  20.00   10    0.5
  59842 109.68  19.90   31    5.7
  59843 110.00  19.73   36    8.4
  59847 109.05  19.27  101   82.4
  59848 109.43  19.23  219    8.7
  59851 110.33  19.70   25   0.01
  59854 110.10  19.37  119    1.0
  59940 109.17  18.75  156   24.0
