diamond  3 2013年06月08日08点24小时降雨量                    
  13  06  08  08    -1 3 10 25 50 1 0
 39 122.7  37.3 122.5  36.7 120.8  36.2 119.3  35.0 120.4  34.3
 121.1  32.7 122.3  30.9 122.5  30.1 121.5  28.0 119.8  25.0
 116.1  22.6 111.0  21.0 111.0  18.6 109.6  18.1 108.3  18.5
 108.9  19.9 109.3  21.0 106.4  21.6 104.1  22.2 101.6  20.8
  98.7  22.0  97.1  24.1  97.7  27.0  91.7  26.6  85.7  27.7
  78.9  30.6  73.3  37.1  74.1  40.7  87.6  49.8  98.5  43.9
 110.4  44.3 122.0  54.7 135.7  48.3 131.5  42.2 125.2  39.4
 121.3  38.5 121.2  40.3 118.5  38.6 120.8  38.1
1         835
  50524 119.43  49.32  578    0.1
  50525 119.75  49.15  621    0.1
  50566 128.47  49.55  117    1.8
  50645 124.48  48.48  196    3.4
  50646 124.85  48.48  204   17.2
  50647 123.48  48.13  237    6.2
  50655 126.18  48.50  267    5.1
  50659 126.25  48.03  293    7.4
  50673 130.40  48.88   92   11.8
  50674 129.43  48.57  404    9.2
  50741 123.50  47.93  186   17.7
  50749 124.83  47.18  159   17.3
  50750 125.30  47.90  228   10.4
  50755 126.10  47.60  232   12.1
  50767 127.10  47.23  204   19.8
  50772 129.23  48.10  299    4.8
  50787 131.85  47.28   63    0.6
  50832 122.08  46.72  334   13.6
  50833 122.90  46.72  189    8.4
  50842 124.42  46.83  145   17.9
  50851 126.08  46.68  209    7.4
  50852 126.45  46.83  170    4.7
  50858 125.93  46.07  136   0.01
  50859 126.27  46.25  160    0.2
  50861 127.48  46.88  186    1.0
  50867 127.35  46.08  134    0.1
  50871 129.88  46.73   96    1.1
  50878 130.72  47.00   80   14.9
  50879 130.55  46.22  187   14.9
  50880 131.12  46.73  104    5.7
  50884 131.15  46.63  176    2.5
  50946 124.83  45.18  140   0.01
  50958 126.95  45.52  175   0.01
  50960 127.45  45.78  192    0.1
  50962 128.03  45.95  113    0.2
  50979 130.23  45.27  279    2.7
  51359  86.20  44.32  473    0.1
  51435  82.23  43.47  776    0.1
  51436  83.25  43.45  929    0.4
  51438  81.77  43.18 1210   0.01
  51465  87.10  43.48 1874    5.7
  51468  86.83  43.10 3543    3.9
  51568  86.80  42.25 1086    1.2
  51627  79.23  41.22 1397   0.01
  51629  80.23  41.27 1134    5.1
  51722  80.40  40.65 1046    2.3
  52515  94.87  39.52 2138   12.9
  52557 100.17  39.15 1458   11.0
  52575 102.78  39.42 1240   10.9
  52643  99.62  38.83 2311    8.0
  52656 100.82  38.43 2282   20.3
  52745  99.02  37.30 3417    2.1
  52784 102.90  37.47 2073   15.1
  52842  99.08  36.78 3088    0.5
  52853 100.98  36.90 3011   24.3
  52855 101.25  36.68 2676   20.1
  52862 101.68  36.95 2451   22.3
  52863 101.95  36.82 2480   19.0
  52869 101.58  36.50 2665   11.5
  52874 102.40  36.48 1981    1.8
  52875 102.10  36.50 2129    3.4
  52877 102.25  36.10 2835    5.2
  52881 103.18  36.98 2485    3.5
  52885 103.25  36.75 2119    1.5
  52896 104.15  36.55 1739   0.01
  52957 100.60  35.25 3149    9.9
  52963 102.02  35.93 2086    8.4
  52968 101.47  35.03 3663   12.2
  52972 102.47  35.85 1870    2.3
  52978 102.52  35.20 2930    3.3
  52980 103.30  35.97 1649    1.6
  52981 103.38  35.67 2429   10.5
  52982 103.55  35.48 1954    9.0
  52985 103.33  35.42 2164    7.5
  52988 103.72  35.37 2000   14.5
  52995 104.62  35.58 1898    0.4
  52998 104.20  35.13 2111   10.4
  53343 109.97  41.77 1612   0.01
  53483 113.83  40.87 1269    0.1
  53491 114.38  40.67  837    0.8
  53492 114.15  40.10  939    0.5
  53498 115.03  40.57  630    1.6
  53499 114.73  40.77  755    2.0
  53518 106.35  39.03 1118   0.01
  53575 112.20  39.10 1526   0.01
  53576 112.82  39.50 1046   0.01
  53577 112.30  39.00 1441    0.6
  53579 112.90  39.02  861   0.01
  53582 113.68  39.72 1094    0.1
  53584 113.17  39.57 1001    0.1
  53585 113.27  39.17  934    0.6
  53590 114.27  39.75  979    1.4
  53596 115.13  38.85   53   61.0
  53599 114.68  39.37  885    0.9
  53665 111.65  38.28 1183    1.7
  53666 111.93  38.35 1213    0.1
  53674 112.70  38.42  799   0.01
  53677 112.48  37.93  808   0.01
  53678 112.67  38.07  899   10.2
  53679 112.55  37.73  776    4.3
  53680 114.38  38.30  109    3.1
  53681 113.37  38.83 1097    3.7
  53682 114.68  38.63  105   37.2
  53685 113.42  38.07  953   16.3
  53688 114.55  38.45   98    5.8
  53689 115.07  38.02   43    5.0
  53690 114.18  38.85  283    5.8
  53691 114.57  38.15   76   77.4
  53692 114.98  38.73   68   39.7
  53693 114.13  38.03  256    1.5
  53694 114.22  38.27  134    7.1
  53695 114.68  38.35   72   56.1
  53696 115.00  38.52   55   97.7
  53697 114.83  38.03   54    6.8
  53699 114.95  38.18   46   16.9
  53707 105.25  36.93 1699   0.01
  53760 111.23  37.88 1212    0.2
  53773 114.62  36.33   66    1.9
  53774 112.33  37.62  774   0.01
  53776 112.77  37.68  831    2.0
  53778 112.22  37.17  780   0.01
  53780 113.15  37.90 1066    4.9
  53781 114.47  36.87   69    1.3
  53782 113.55  37.85  743    0.7
  53783 113.70  37.60  880    1.4
  53784 114.78  37.75   39    7.6
  53785 114.67  37.52   35    0.5
  53788 113.57  37.33 1267    1.4
  53789 114.63  37.88   57    0.1
  53790 114.62  37.60   50    0.1
  53791 114.52  37.77   67   11.8
  53792 114.48  37.45  113   18.9
  53794 114.75  37.35   34   14.2
  53795 114.37  37.65  137    4.8
  53796 114.88  37.62   31   20.4
  53797 114.52  37.28   74   10.5
  53799 114.98  37.23   25   20.9
  53872 112.68  36.77  962    2.0
  53873 112.87  36.12  951   48.2
  53878 113.38  36.52  769    6.9
  53880 113.23  36.33  948    5.3
  53883 114.70  37.13   36    0.1
  53885 113.20  36.13 1031   12.7
  53886 113.67  36.57  471   14.7
  53888 113.43  36.20 1088    5.8
  53889 113.82  36.07  308   81.2
  53890 114.15  36.68  234    2.7
  53892 114.47  36.62   67    3.3
  53893 114.95  36.77   40   11.9
  53894 114.22  36.42  128    5.5
  53895 114.50  36.78   61    0.3
  53896 114.95  36.35   51    2.9
  53897 114.38  36.38   71    3.6
  53899 114.97  36.48   49    4.3
  53908 105.23  35.22 1769    0.2
  53972 112.92  35.12  121   10.0
  53973 112.95  35.77  836   16.9
  53974 114.18  35.62   73   38.5
  53976 112.87  35.50  751    0.3
  53979 113.08  35.15  121    3.0
  53980 114.80  36.55   51   27.8
  53981 113.27  35.78 1311    1.0
  53982 113.27  35.23  113   10.2
  53984 113.47  35.23   83   46.7
  53985 113.82  35.45   97   23.3
  53988 113.67  35.27   78   29.1
  53991 114.35  35.93   75   63.5
  53992 114.52  35.65   59    2.8
  53994 114.07  35.38   71   15.3
  53995 114.50  35.55   64    3.0
  53996 114.65  36.45   58   75.8
  54069 125.80  44.17  175   0.01
  54117 117.53  43.25 1004    0.1
  54223 120.65  42.85  364   0.01
  54225 119.92  42.28  589    0.2
  54231 122.35  42.97  249   0.01
  54301 115.67  41.67 1414   0.01
  54304 115.28  40.97 1249    3.0
  54318 117.73  41.32  562    1.5
  54398 116.62  40.13   29   13.2
  54399 116.28  39.98   46   20.6
  54404 115.83  40.88  868    2.5
  54408 115.22  40.38  531    4.1
  54410 116.13  40.60 1216    4.1
  54412 116.63  40.73  334   14.3
  54419 116.63  40.37   75   15.6
  54420 117.33  40.93  530    2.3
  54421 117.12  40.65  286    1.3
  54424 117.12  40.17   33   0.01
  54425 117.48  40.42  584   0.01
  54431 116.63  39.92   40    7.3
  54433 116.50  39.95   36   13.3
  54499 116.22  40.22   75   25.3
  54501 115.68  39.97  441   15.8
  54502 116.03  39.48   30   38.3
  54503 115.82  39.07   13   12.6
  54505 116.12  39.92   94   24.1
  54506 115.88  39.32   29   31.0
  54507 115.50  39.35   52   43.0
  54512 116.28  39.42   22   19.4
  54513 116.20  39.95   67   27.9
  54514 116.25  39.87   56   14.6
  54515 116.70  39.50   14    5.1
  54519 116.48  39.30   13    0.8
  54520 117.08  39.97   19    2.5
  54594 116.35  39.72   38   25.7
  54596 116.13  39.68   40   26.5
  54597 115.73  39.73  409   12.0
  54601 115.65  38.98   14   13.3
  54603 115.77  38.72   10    0.2
  54604 115.33  38.42   31    1.0
  54605 115.93  38.93    7    1.0
  54607 115.12  38.72   45   59.0
  54608 115.55  38.00   27    3.7
  54609 115.50  38.25   25    0.3
  54611 115.32  38.93   45   51.6
  54613 116.62  38.70    8   46.8
  54614 116.08  38.45   13    0.2
  54615 116.83  38.58    8    3.8
  54616 116.85  38.35    9   11.6
  54617 116.12  38.18   13    1.6
  54619 116.92  38.92    8   0.01
  54621 115.18  38.18   39    2.2
  54631 115.15  37.07   33    0.3
  54632 115.03  37.07   34    4.9
  54633 115.23  37.52   27   19.0
  54636 116.10  39.02   12    8.2
  54640 114.87  36.92   37   26.8
  54644 117.12  38.05   11    0.2
  54700 115.93  38.03   16   25.4
  54701 115.20  37.93   41    8.0
  54702 115.70  37.73   22    0.3
  54708 115.73  37.50   24    4.5
  54710 116.17  37.87   19    5.0
  54711 116.28  37.70   19    1.2
  54712 116.82  37.20   23    4.6
  54714 116.33  37.45   24   20.5
  54716 116.80  37.67   17   0.01
  54717 116.40  37.63   18    1.4
  54718 116.43  37.15   26    5.0
  54803 116.02  36.98   28   0.01
  54806 115.97  36.42   39   0.01
  54807 115.80  36.13   44   0.01
  54810 116.27  36.87   28    7.5
  54811 116.62  36.93   22    8.3
  54812 116.75  36.78   23    0.4
  54815 116.27  36.38   33    1.5
  54817 115.87  35.98   43   0.01
  54821 117.20  37.00   21    0.8
  54848 119.42  35.98   81   0.01
  54853 120.42  36.17   43   0.01
  54905 115.93  35.58   53   0.01
  54938 118.40  35.05   66   0.01
  54939 118.82  35.17  116    0.1
  56016  95.62  33.85 4181   17.8
  56045  99.90  33.97 4051   10.9
  56071 102.50  34.58 3107    5.8
  56081 103.35  34.70 2811    0.7
  56082 103.50  34.58 2544    3.6
  56091 104.47  34.85 1884    1.9
  56092 104.65  35.00 1729    4.6
  56095 104.38  34.03 1754   0.01
  56097 104.23  33.27 1407    6.5
  56147  98.83  31.22 3261   10.8
  56158 100.67  31.40 3250    6.4
  56164 100.98  32.27 3286   17.1
  56168 102.07  31.48 2170    4.8
  56171 101.70  32.90 3276   10.6
  56180 103.85  31.68 1591   13.8
  56181 103.70  30.68  543   44.7
  56183 103.58  31.47 1326    7.2
  56184 103.17  31.43 1884   15.4
  56185 102.98  32.08 2400   17.4
  56186 104.20  31.33  589   12.2
  56189 103.93  30.98  584   14.3
  56190 104.55  31.55  518    2.8
  56192 104.67  32.95 1016    1.0
  56193 104.52  32.42  894   13.3
  56194 104.45  31.82  679    2.4
  56195 104.73  31.78  531    1.6
  56197 104.18  31.13  537   30.5
  56198 104.50  31.32  523    3.3
  56199 104.68  31.03  424    3.9
  56263 101.88  30.88 1948   11.0
  56267 101.02  30.03 2598   14.7
  56272 103.88  30.82  560   11.8
  56273 102.82  30.38 1011   34.1
  56276 103.82  30.45  468   29.3
  56278 102.77  30.07  756   27.3
  56280 103.12  30.08  692   73.9
  56281 103.50  30.18  512   54.3
  56284 103.48  30.42  502  103.1
  56285 103.52  30.60  525   60.5
  56286 104.25  30.55  514   14.4
  56288 103.92  30.58  495   23.4
  56289 103.87  30.20  439   11.8
  56290 104.18  30.78  515   12.7
  56291 104.28  30.97  474    8.1
  56295 104.55  30.38  443    9.1
  56296 104.43  30.85  449   18.2
  56297 104.15  30.02  431    1.0
  56298 104.60  30.13  415    0.3
  56371 102.23  29.92 1322    2.5
  56373 102.85  29.78  763   27.5
  56376 102.68  29.35 1098    7.0
  56378 102.35  29.23  891    2.5
  56380 103.37  29.92  466   40.3
  56381 103.52  30.02  497   13.4
  56382 103.60  29.73  408    6.2
  56383 103.87  29.83  454    4.6
  56384 103.48  29.60  446   16.5
  56387 103.27  29.23  639    4.9
  56390 104.07  29.67  403    0.8
  56391 103.82  30.08  416    6.7
  56394 104.43  29.45  382   0.01
  56474 102.17  28.55 1775   10.4
  56478 102.43  28.30 1819    1.3
  56480 103.53  28.82  564    0.4
  56487 103.13  28.33 1945    0.6
  56489 103.63  28.23  876   0.01
  56490 103.90  28.95  396   0.01
  56578 102.75  27.07 1093   0.01
  56584 103.25  27.70 1093    1.1
  56594 104.05  27.63  884    1.0
  56641  98.87  26.90 1191    1.2
  56645  99.42  26.42 2345    0.1
  56652 100.75  26.68 2131   0.01
  56654 100.18  26.58 2196   0.01
  56669 101.67  26.05 1531   0.01
  56670 102.12  26.90 1105   0.01
  56675 102.58  26.65 1695   0.01
  56688 103.17  26.10 1253    0.8
  56752 100.57  25.83 1440    0.2
  56761 101.32  25.72 1873   0.01
  56766 101.52  25.33 1769   0.01
  56772 102.50  25.23 1694    0.6
  56774 102.42  25.53 1712   0.01
  56775 102.45  25.55 1752   0.01
  56777 102.07  25.15 1566   0.01
  56781 103.27  25.55 1874    7.7
  56783 103.80  25.50 1906   0.01
  56785 103.03  25.33 1925   12.4
  56788 103.67  25.03 1842   0.01
  56790 104.25  25.68 1920    6.6
  56835  97.82  24.07  958   19.1
  56836  97.95  24.70  828   15.5
  56839  98.82  23.77  994    4.3
  56840  98.30  24.82 1013    5.3
  56841  98.68  24.60 1527   17.6
  56842  99.18  24.73 1473    1.1
  56843  99.62  24.83 1650    0.5
  56844  98.58  24.43  915   11.2
  56846  99.93  24.58 1569    1.0
  56849  99.23  24.03 1607    2.7
  56854 100.13  24.45 1108    0.1
  56862 101.60  24.68 1966   0.01
  56863 102.48  24.93 1850    3.9
  56867 101.12  23.98 1107    0.5
  56872 102.62  24.95 2360   0.01
  56873 102.90  24.67 1752   0.01
  56880 103.17  24.92 1532   0.01
  56881 103.27  24.75 1694    0.9
  56882 102.80  24.88 1909    7.5
  56883 103.98  24.83 1846    3.0
  56889 104.17  24.05 1518    1.1
  56891 104.32  24.98 1482    1.6
  56944  99.27  23.15 1280   11.8
  56948  99.60  22.63 1156    3.6
  56949  99.60  22.32  946   15.5
  56950  99.80  23.47 1044    9.7
  56952 100.70  23.50  914    1.7
  56958 100.42  21.92 1177   19.3
  56961 101.05  23.03 1321    4.9
  56962 101.67  23.42 1315   0.01
  56970 102.48  23.70 1419   0.01
  56975 102.43  23.37  975    4.4
  56976 102.83  23.23  229   0.01
  56978 102.42  23.00 1640    0.8
  56984 103.15  23.38 1717   0.01
  56987 103.23  22.78 1261    6.8
  56989 103.95  22.50  138   0.01
  56992 104.70  23.45 1508    6.8
  56994 104.25  23.38 1277   0.01
  56995 104.42  23.03 1335    0.1
  56996 104.70  23.13 1094    3.6
  57001 105.33  34.75 1273   0.01
  57002 105.65  34.85 1217    4.8
  57004 104.88  34.73 1496    3.4
  57006 105.75  34.58 1142    3.0
  57007 105.18  34.18 1406    0.9
  57008 105.30  34.03 1578    1.8
  57011 106.15  34.75 1379   0.01
  57075 112.87  34.17  203    0.2
  57079 113.03  34.95  106    0.1
  57093 114.82  34.85   74   0.01
  57094 114.22  34.40   71   0.01
  57095 114.15  34.12   61   0.01
  57098 114.40  34.08   59    5.1
  57099 114.85  34.07   53    2.4
  57102 105.72  33.75  971    2.0
  57105 105.60  33.33 1219    1.4
  57110 106.08  33.78  930   0.01
  57179 113.00  33.28  161    4.1
  57182 113.50  33.85   81    0.1
  57183 113.92  33.80   61    1.0
  57186 114.05  33.60   59    0.2
  57187 112.93  33.07  119    0.8
  57188 114.03  33.37   56   0.01
  57195 114.62  33.62   47   0.01
  57196 114.87  33.47   42   0.01
  57198 114.62  33.55   47   0.01
  57204 105.23  32.58  801   0.01
  57208 105.47  32.02  538   0.01
  57273 112.85  32.68  110    0.1
  57292 114.63  32.97   44   0.01
  57293 114.98  32.73   39    0.2
  57295 114.35  32.62   83    0.1
  57296 114.73  32.35   50    0.1
  57299 114.90  32.02   50   0.01
  57304 105.17  31.67  517   0.01
  57307 105.08  31.10  408    1.0
  57308 105.38  31.22  421   0.01
  57362 110.67  31.75  939   0.01
  57401 105.37  30.87  380    0.5
  57402 105.70  30.77  395   0.01
  57407 105.03  30.28  464   0.01
  57408 105.35  30.12  333   0.01
  57453 111.32  30.77  116    0.1
  57485 113.45  30.37   33   0.01
  57489 114.00  30.58   39    0.1
  57492 114.80  30.83   33    1.2
  57496 114.87  30.37   30    0.3
  57498 114.90  30.43   22    0.3
  57499 114.97  30.10   40    1.5
  57543 110.03  29.88  540    0.1
  57582 113.88  29.73   51    0.1
  57586 114.03  29.53   79   0.01
  57589 113.80  29.25  103   0.01
  57590 114.37  29.85   64    1.1
  57596 114.20  29.63    0    2.0
  57640 109.45  28.58  344    1.4
  57646 109.95  28.62  301    3.2
  57657 110.20  28.22  182   0.01
  57658 110.20  28.02  144    3.1
  57661 111.48  28.92   51    0.1
  57663 111.95  28.92   31    0.1
  57666 112.13  28.52   49   0.01
  57674 112.47  28.57   44    0.3
  57678 112.55  28.25   71    2.0
  57680 113.07  28.80   47    0.1
  57688 113.63  28.15  100    7.8
  57694 114.38  28.53  256    1.7
  57698 114.45  28.12   99    9.5
  57699 114.92  28.23   68   23.0
  57714 106.23  27.47  942    0.1
  57737 108.12  27.03  546   0.01
  57739 108.88  27.23  375    1.0
  57740 109.60  27.95  349   0.01
  57742 109.20  27.52  883    1.3
  57743 109.80  27.88  176    0.1
  57744 109.17  27.37  356    0.2
  57754 110.15  27.35  170    5.1
  57760 111.43  27.70  247   13.4
  57762 111.70  27.68  163   12.6
  57763 112.00  27.73  151   13.5
  57767 111.03  27.12  266    5.0
  57768 111.45  27.32  242    6.2
  57769 111.73  27.23  257    2.7
  57771 112.52  27.93   89   22.5
  57772 112.50  27.75   84   19.1
  57773 112.82  27.87   63   33.2
  57777 112.87  27.23   65   10.2
  57778 112.95  27.10   68    9.7
  57781 113.50  27.65   71   17.8
  57786 113.85  27.65  110   24.4
  57792 114.68  27.82   93   20.3
  57796 114.93  27.80   79   29.4
  57798 114.60  27.40   89    1.9
  57800 105.37  26.77 1458    2.6
  57807 105.47  26.20 1359    0.4
  57808 105.75  26.32 1272   29.7
  57809 105.75  26.07 1251   11.8
  57814 106.27  26.42 1285    0.2
  57818 106.45  26.03 1145    0.3
  57829 107.80  26.20  964   0.01
  57837 108.07  26.40  838    1.1
  57842 109.72  26.88  281   18.4
  57844 109.18  26.68  344    1.5
  57846 110.15  26.58  307    3.1
  57859 110.63  26.03  409    0.1
  57860 111.28  27.00  282    2.2
  57865 111.58  26.47  166    0.1
  57871 112.37  26.98   91   0.01
  57881 113.25  26.72  105    0.1
  57882 113.55  26.78  135    1.4
  57883 114.28  26.75  257    0.5
  57886 113.78  26.50  226    3.2
  57887 113.12  26.13  124    7.8
  57891 114.25  26.93  144    5.9
  57895 114.78  26.47   96    1.3
  57899 114.92  26.80   66    0.7
  57900 105.22  25.83 1553    3.8
  57903 105.60  25.93 1138   63.0
  57905 105.63  25.40 1063    0.2
  57908 105.48  25.12 1393    0.1
  57914 106.67  26.42 1143    0.3
  57921 107.32  25.83  710    9.3
  57923 107.87  25.98  418    0.1
  57927 107.18  24.97  283    0.2
  57936 108.92  25.75  255   16.8
  57941 109.60  25.78  198    1.3
  57942 110.00  25.80  267    3.8
  57948 109.25  25.08  123    5.2
  57949 110.00  24.98  157   41.3
  57954 110.18  25.23  158   44.6
  57955 110.67  25.62  224   23.5
  57956 110.32  25.42  169   27.4
  57958 110.32  25.08  152    3.0
  57960 111.07  25.93  192  101.0
  57962 111.65  25.97  166   27.3
  57964 111.15  25.50  258   0.01
  57966 111.95  25.60  205    0.4
  57969 111.33  25.27  230    0.9
  57971 112.20  25.92  225    0.2
  57973 112.72  25.75  328    4.8
  57978 112.55  25.28  291    0.1
  57981 113.22  25.98  141    5.1
  57985 113.68  25.57  608   0.01
  57995 114.93  25.40  166    0.4
  58016 116.97  34.18   39   0.01
  58020 117.13  34.80   38   0.01
  58030 118.07  34.85   47   0.01
  58032 118.65  34.93   75   0.01
  58036 118.73  34.52   39   0.01
  58045 119.60  34.20    8    2.1
  58048 119.35  34.12    9    6.3
  58049 119.82  34.03    7    3.3
  58101 115.48  33.87   42    4.0
  58104 115.07  33.40   42    0.2
  58107 115.25  33.07   40   11.6
  58108 115.33  33.23   46    0.6
  58109 115.62  33.18   37    2.6
  58113 116.75  33.93   35    0.2
  58114 116.18  33.48   29    0.9
  58117 116.20  33.13   33   0.01
  58125 117.55  33.55   28   0.01
  58126 117.87  33.47   24    0.1
  58127 117.20  32.98   23    0.6
  58128 117.30  33.32   23    1.6
  58129 117.87  33.13   20   16.4
  58131 118.27  33.98   28    2.4
  58132 118.68  33.72   19    8.7
  58139 118.88  33.30   13   36.1
  58140 119.30  33.77   13   25.0
  58145 119.17  33.53    8   26.1
  58146 119.77  33.47    7    4.4
  58147 118.97  32.98   28   59.9
  58148 119.30  33.23   11   11.3
  58154 120.20  33.43    7   10.0
  58202 115.58  32.63   37    1.1
  58205 115.43  32.47   36   0.01
  58210 116.23  32.65   25    3.5
  58212 116.73  32.72   27   18.9
  58214 116.28  32.33   37    0.2
  58220 117.15  32.47   32    7.0
  58222 117.55  32.85   31   14.4
  58223 117.98  32.78   38   37.0
  58224 117.02  32.65   36   16.2
  58230 118.27  32.08   34   17.6
  58234 118.42  32.47   43   25.2
  58235 118.85  32.37   16   27.6
  58237 118.62  32.05   22   27.2
  58240 119.02  32.68   25   42.6
  58242 119.18  32.28   14   39.2
  58243 119.83  32.93    7   46.5
  58244 119.58  32.45   10   39.8
  58245 119.42  32.42   14   39.8
  58246 119.90  32.52   11   24.2
  58247 119.82  32.25    5   51.3
  58249 120.00  32.17    8   96.4
  58250 120.15  32.52   10   43.7
  58254 120.45  32.52    5   47.3
  58257 120.25  31.98   12   70.0
  58264 121.18  32.33   11   53.5
  58268 121.08  32.10    8   70.3
  58269 121.65  31.78   12  102.4
  58301 115.38  31.82   90   0.01
  58306 115.88  31.68   94    5.8
  58316 116.95  31.47   26    7.5
  58317 116.37  30.87  434    1.9
  58320 117.13  31.73   26    6.3
  58323 117.47  31.88   29    5.7
  58327 117.28  31.25   24    8.6
  58329 117.87  31.33   24    6.4
  58330 118.08  31.75   20   10.4
  58331 118.37  31.73   26   48.7
  58334 118.37  31.38   23   25.4
  58335 118.52  31.57   16   37.6
  58337 118.18  31.08   30   20.5
  58339 118.90  31.33   24   40.9
  58340 119.03  31.65   23   58.6
  58341 119.58  31.98   10   76.2
  58342 119.55  31.72    7   78.2
  58344 119.20  31.97   35   63.6
  58346 119.82  31.33   15   89.4
  58349 120.63  31.27    9  102.8
  58351 120.30  31.90   12   77.2
  58352 120.77  31.65    8   60.1
  58353 120.57  31.87    6   66.9
  58359 120.62  31.13    9   69.1
  58360 121.20  31.92    6   58.3
  58361 121.37  31.10   10   86.5
  58365 121.25  31.37    9   76.9
  58366 121.40  31.63    9  100.8
  58367 121.43  31.20   18   81.2
  58369 121.78  31.05    9   69.2
  58370 121.55  31.22   11   73.4
  58377 121.10  31.47    6   93.9
  58401 115.40  30.78  106    3.3
  58404 115.22  30.47   57    0.8
  58408 115.43  30.23   35   0.01
  58409 115.93  30.07   20    0.8
  58415 116.58  30.63   38   13.1
  58416 116.82  30.75   38    7.3
  58417 116.13  30.17   50    0.8
  58418 116.70  30.13   26    6.7
  58420 117.22  30.72   38   24.0
  58421 117.87  30.63   32   28.4
  58423 117.78  30.48  643   29.7
  58426 118.13  30.30  192   50.8
  58427 117.48  30.67   36    9.4
  58428 117.48  30.22  115   27.1
  58431 118.32  30.92   17   22.0
  58432 118.40  30.68   39   15.8
  58433 118.75  30.93   30   17.1
  58435 118.53  30.30  221   54.9
  58438 118.58  30.08  197   75.7
  58441 119.42  30.87   53   15.4
  58442 119.18  31.13   16   35.6
  58443 119.90  31.02   19   47.5
  58446 119.68  30.63   25   18.6
  58449 119.95  30.05   47   77.2
  58451 120.93  30.83    3  115.1
  58452 120.77  30.73    4   91.8
  58453 120.50  30.07   10   54.3
  58454 119.97  30.53    5   57.2
  58455 120.65  30.52    8   52.2
  58456 120.52  30.63    6   86.5
  58458 120.90  30.53    3   58.2
  58459 120.28  30.18   42   80.0
  58460 121.35  30.73    6   70.2
  58461 121.12  31.13    8   94.7
  58462 121.23  31.03    9   75.9
  58463 121.50  30.88    9   87.8
  58468 121.17  30.05   10   53.4
  58484 122.20  30.25    9   75.9
  58501 115.63  29.93   25    0.1
  58502 116.00  29.73   37    0.4
  58503 115.68  29.70   41    0.1
  58508 115.77  29.33   42   0.01
  58509 115.82  29.05   38   0.01
  58510 116.23  29.73   40    4.3
  58512 116.55  29.90   66    2.1
  58514 116.05  29.45   35    0.2
  58517 116.20  29.27   43    1.1
  58523 117.93  29.93  231   60.3
  58529 117.85  29.27   82   10.1
  58530 118.43  29.87  170   29.7
  58534 118.18  29.78  173   21.4
  58537 118.40  29.13  153   33.7
  58542 119.68  29.82   45   40.6
  58544 119.27  29.48   87   32.2
  58546 119.88  29.47  114   24.5
  58547 119.18  29.03   65    3.9
  58548 119.47  29.22   46    6.8
  58550 120.25  29.70   39   31.2
  58555 120.88  29.52  112   22.6
  58558 120.22  29.27   89   27.5
  58559 120.98  29.17   59    7.4
  58561 121.60  29.98    3   72.9
  58563 121.83  29.88    4   64.4
  58565 121.43  29.68    6   51.5
  58566 121.88  29.47   14   52.5
  58567 121.43  29.32   39   19.2
  58568 121.38  29.12   35   20.0
  58570 122.30  29.95   83   79.3
  58601 115.38  28.70   54    0.1
  58602 115.55  28.85   46    0.3
  58605 115.38  28.42   49    4.4
  58607 115.95  28.55   35    2.2
  58609 115.82  28.22   30    9.3
  58612 116.68  28.70   22    0.7
  58614 116.27  28.38   40   12.0
  58615 117.08  28.68   56    1.6
  58616 116.82  28.20   44   13.2
  58618 116.60  28.23   51   23.4
  58619 116.37  28.00   47   17.0
  58620 117.13  28.97   37    9.7
  58623 117.92  28.47   92    7.3
  58624 117.43  28.40   64    9.2
  58625 117.60  28.42   80    8.5
  58627 117.03  28.25   64    8.5
  58629 117.70  28.32   59    3.8
  58631 118.50  28.90  134   17.0
  58632 118.60  28.72  124    4.7
  58635 118.20  28.43   96    5.4
  58642 119.80  28.88  102    0.7
  58643 120.03  28.90   99    2.6
  58644 119.28  28.60  237    9.4
  58647 119.13  28.07  196    8.3
  58654 120.08  28.67  184    1.8
  58656 120.97  28.12    7    3.6
  58657 120.28  28.15   59    0.7
  58658 120.68  28.15   36    0.2
  58659 120.65  28.03   29    6.3
  58660 121.13  28.85    8    5.9
  58664 121.37  28.37   33    0.7
  58693 115.83  28.70   37    0.8
  58701 115.40  27.77   47   22.8
  58704 115.35  27.62   61    9.2
  58706 115.83  27.43  180   19.9
  58707 115.13  27.22   66    4.2
  58710 116.05  27.77   76   14.7
  58712 116.78  27.92  123   15.3
  58713 117.07  27.72  220   47.6
  58714 116.23  27.55  115   18.3
  58719 116.93  27.30  123   54.7
  58724 117.30  27.52  264   58.8
  58735 118.80  27.52  201   19.4
  58736 118.82  27.37  220   10.6
  58745 119.07  27.62  368   82.2
  58746 119.70  27.55  514    5.3
  58747 119.35  27.15  900    0.2
  58748 119.65  27.10   51    0.4
  58749 119.88  27.23  680    1.0
  58750 120.08  27.78  106   19.8
  58751 120.55  27.68    5   22.0
  58804 115.35  26.35  153    3.8
  58814 116.35  26.35  237    7.2
  58819 116.80  26.17  329   0.01
  58821 117.47  26.73  174    3.6
  58822 116.85  26.83  341    6.7
  58823 117.80  26.80  173    7.0
  58824 117.15  26.40  355    3.3
  58826 117.80  26.40  120    0.2
  58828 117.62  26.27  206   0.01
  58836 118.73  26.58  359    3.8
  58839 118.85  26.23   42   0.01
  58845 119.53  26.50   57    0.2
  58848 119.55  26.20   12   0.01
  58850 120.23  26.92   88    0.7
  58906 115.80  25.60  167    1.8
  58907 115.40  25.15  300   16.0
  58912 116.75  25.72  379   0.01
  58917 116.10  25.08  307    0.6
  59004 105.10  24.50  729    4.2
  59012 106.55  24.78  973    0.9
  59015 106.57  24.35  442   20.8
  59017 106.27  24.27  279    0.9
  59022 107.55  24.98  695    0.4
  59025 107.38  24.53  249    0.9
  59027 107.25  24.13  244   0.01
  59031 108.25  24.83  205   0.01
  59033 108.90  24.78  330    1.4
  59034 108.67  24.48  149   0.01
  59038 108.65  24.07  142    0.4
  59041 109.25  24.65  109    0.1
  59044 109.38  24.47   99   0.01
  59047 109.33  24.25  101   0.01
  59051 110.50  24.77  133   12.2
  59052 110.82  24.83  167   18.5
  59053 110.67  24.62  108   27.2
  59055 110.40  24.50  166    4.3
  59057 110.18  24.13  827    1.7
  59059 110.80  24.18  107   12.4
  59061 111.27  24.82  198    2.0
  59064 111.32  24.55  141    8.7
  59071 112.28  24.73  175    0.2
  59074 112.15  24.57  300   0.01
  59075 112.63  24.48   70   0.01
  59081 113.27  24.78   98   0.01
  59091 114.53  24.75  257   27.2
  59093 115.03  24.78  254    4.1
  59094 114.12  24.37  135   11.8
  59099 114.93  24.45  175    5.9
  59114 116.17  24.65  131    0.3
  59124 117.37  24.52   31   0.01
  59125 117.30  24.38  105    1.1
  59130 118.15  24.73   28    2.6
  59205 105.63  23.65  688   27.8
  59235 108.62  23.43  116   0.01
  59241 109.68  23.97   91   0.01
  59246 109.67  23.60   70    2.6
  59249 109.62  23.12   56    0.2
  59255 110.38  23.55   37    8.5
  59256 110.92  23.37   56   40.2
  59264 111.50  23.40   79   21.5
  59266 111.23  23.42   46    6.5
  59268 111.53  23.25   31    0.9
  59269 111.77  23.15   27    2.5
  59270 112.18  23.92   78   10.0
  59276 112.65  23.35   40    4.5
  59279 112.87  23.18   18    0.3
  59284 113.22  23.38    6    6.5
  59285 113.60  23.57   39   27.7
  59290 114.23  23.73   71    0.1
  59310 116.18  23.77   39   17.7
  59312 116.63  23.67   11    1.3
  59313 116.98  23.68   42   0.01
  59314 116.13  23.30   27    2.3
  59315 116.38  23.58   25   0.01
  59322 117.37  23.98   20   0.01
  59432 108.40  22.80  203    0.6
  59435 108.48  22.77   75    2.4
  59441 109.25  22.70   78    0.4
  59448 109.55  22.27   70    0.4
  59449 109.98  22.30   80    5.0
  59451 110.35  22.70   99    2.6
  59452 110.53  22.85  100    2.6
  59454 111.00  22.92  104   20.0
  59457 110.27  22.32  120    4.0
  59471 112.05  22.93  102   0.01
  59477 112.30  22.18   25   0.01
  59480 113.25  22.85   21   0.01
  59502 115.65  22.95   11    4.5
  59635 108.35  21.62   26    9.5
  59640 109.18  21.67    6    1.7
  59653 110.85  21.93   35    5.0
  59654 110.30  21.63   28    4.4
  59655 110.62  21.65   35   20.7
  59656 110.77  21.43   29   0.01
  59659 110.92  21.75   32    1.8
  59757 110.37  20.00   10   0.01
  59843 110.00  19.73   36   0.01
  59851 110.33  19.70   25    1.4
