diamond  3 2013年07月31日08点24小时降雨量                    
  13  07  31  08    -2 3 10 25 50 1 0
 39 122.7  37.3 122.5  36.7 120.8  36.2 119.3  35.0 120.4  34.3
 121.1  32.7 122.3  30.9 122.5  30.1 121.5  28.0 119.8  25.0
 116.1  22.6 111.0  21.0 111.0  18.6 109.6  18.1 108.3  18.5
 108.9  19.9 109.3  21.0 106.4  21.6 104.1  22.2 101.6  20.8
  98.7  22.0  97.1  24.1  97.7  27.0  91.7  26.6  85.7  27.7
  78.9  30.6  73.3  37.1  74.1  40.7  87.6  49.8  98.5  43.9
 110.4  44.3 122.0  54.7 135.7  48.3 131.5  42.2 125.2  39.4
 121.3  38.5 121.2  40.3 118.5  38.6 120.8  38.1
1                    462
  50431 121.52  50.78  718    0.7
  50445 123.73  50.58  424    2.1
  50525 119.75  49.15  621    1.1
  50566 128.47  49.55  117   12.6
  50655 126.18  48.50  267    0.4
  50659 126.25  48.03  293    3.0
  50673 130.40  48.88   92   13.2
  50674 129.43  48.57  404   25.7
  50750 125.30  47.90  228    0.5
  50755 126.10  47.60  232    3.6
  50767 127.10  47.23  204   19.5
  50772 129.23  48.10  299   25.7
  50776 130.83  47.57   84    0.9
  50779 134.28  48.37   41   0.01
  50832 122.08  46.72  334    5.8
  50833 122.90  46.72  189    0.2
  50850 125.13  46.57  148    1.2
  50851 126.08  46.68  209   56.2
  50852 126.45  46.83  170   16.2
  50858 125.93  46.07  136    0.1
  50859 126.27  46.25  160    1.3
  50861 127.48  46.88  186    6.3
  50867 127.35  46.08  134    1.0
  50879 130.55  46.22  187   26.2
  50880 131.12  46.73  104    1.2
  50884 131.15  46.63  176    1.9
  50892 134.00  46.80   57    0.2
  50913 118.83  45.72  866    0.8
  50924 119.67  45.53  824   0.01
  50928 120.33  45.07  629    1.8
  50934 121.58  45.38  309    1.1
  50937 121.47  45.05  250    0.9
  50946 124.83  45.18  140   0.01
  50954 125.08  45.50  129   0.01
  50964 128.80  45.83  123    0.3
  50965 128.30  45.45  157    0.2
  50971 131.02  45.77  226    0.1
  50979 130.23  45.27  279    0.3
  50987 131.13  45.25  181   51.9
  51058  87.97  47.10  564    0.8
  51465  87.10  43.48 1874    0.1
  51482  90.28  43.83 1271    0.9
  51571  88.63  42.80    2   0.01
  51572  89.25  42.83  -47   0.01
  52515  94.87  39.52 2138   0.01
  52557 100.17  39.15 1458    1.7
  52643  99.62  38.83 2311    1.3
  52656 100.82  38.43 2282    1.6
  52745  99.02  37.30 3417   0.01
  52784 102.90  37.47 2073   0.01
  52869 101.58  36.50 2665    0.1
  52874 102.40  36.48 1981    4.0
  52875 102.10  36.50 2129   0.01
  52881 103.18  36.98 2485    2.4
  52885 103.25  36.75 2119    2.2
  52896 104.15  36.55 1739    4.1
  52978 102.52  35.20 2930    0.1
  52980 103.30  35.97 1649    1.1
  52981 103.38  35.67 2429    0.1
  52982 103.55  35.48 1954    1.1
  52985 103.33  35.42 2164    7.2
  52988 103.72  35.37 2000    2.3
  52993 104.07  35.68 1740    3.2
  52995 104.62  35.58 1898    9.2
  52998 104.20  35.13 2111    0.8
  53272 112.63  42.75 1106    2.0
  53289 113.83  42.23 1322    3.6
  53324 107.05  41.07 1039   0.01
  53343 109.97  41.77 1612    2.9
  53357 110.05  42.03 1361    0.7
  53367 111.23  41.32 1604    1.3
  53368 111.47  41.08 1640    0.5
  53378 112.62  41.28 1737    3.2
  53384 113.18  41.45 1424    0.2
  53385 113.55  41.57 1387    1.0
  53392 114.60  41.85 1424   11.0
  53397 113.98  41.10 1377   10.1
  53455 110.53  40.55 1000    4.9
  53457 110.03  40.40 1012    0.1
  53464 111.17  40.72 1047    9.3
  53466 111.70  40.75 1046    0.5
  53467 111.18  40.27 1017    0.5
  53483 113.83  40.87 1269    0.4
  53486 113.77  40.37 1050    0.9
  53488 113.58  40.03 1035    2.1
  53491 114.38  40.67  837    3.6
  53492 114.15  40.10  939   10.8
  53498 115.03  40.57  630    4.2
  53499 114.73  40.77  755    8.9
  53518 106.35  39.03 1118   0.01
  53545 109.73  39.57 1330   0.01
  53553 111.22  39.87 1222    9.9
  53562 111.67  39.92 1192    2.1
  53565 111.50  39.43 1050    3.2
  53567 111.08  39.03  980    1.2
  53573 112.70  40.00 1337    3.9
  53574 112.27  39.52 1408    7.4
  53575 112.20  39.10 1526    9.4
  53576 112.82  39.50 1046    6.2
  53577 112.30  39.00 1441    0.2
  53579 112.90  39.02  861    7.4
  53580 113.10  39.82 1045    3.8
  53582 113.68  39.72 1094   13.4
  53584 113.17  39.57 1001    7.8
  53585 113.27  39.17  934   13.0
  53590 114.27  39.75  979    2.8
  53599 114.68  39.37  885    0.2
  53618 106.25  38.28 1115    0.3
  53619 106.30  38.12 1117    1.2
  53658 110.48  38.03  895    7.1
  53659 111.00  37.97 1164    5.4
  53660 111.08  39.02  893    1.3
  53662 111.58  38.72 1393    4.3
  53665 111.65  38.28 1183    0.2
  53666 111.93  38.35 1213   0.01
  53674 112.70  38.42  799    0.8
  53676 112.98  38.50  760    9.9
  53677 112.48  37.93  808   0.01
  53681 113.37  38.83 1097    5.1
  53690 114.18  38.85  283   11.0
  53732 108.72  37.85 1211    2.8
  53750 110.18  37.77  931    7.0
  53751 110.05  37.60  897    9.7
  53756 110.72  37.52  744    0.7
  53760 111.23  37.88 1212    0.5
  53881 106.48  37.28 1382    0.1
  53906 105.72  35.52 1659    3.3
  53908 105.23  35.22 1769    0.3
  53914 106.12  35.62 2079   0.01
  53917 106.07  35.22 1633    2.9
  53925 107.18  35.68 1174    0.5
  54069 125.80  44.17  175    0.4
  54076 126.93  44.42  254   0.01
  54093 130.55  44.93  266    0.1
  54099 131.13  44.08  151    1.8
  54117 117.53  43.25 1004    0.8
  54164 125.28  43.35  249    1.2
  54169 126.02  43.30  270    0.3
  54172 126.60  43.78  199    0.2
  54187 128.92  43.12  369    3.2
  54192 130.27  43.70  386    3.7
  54204 115.00  42.30 1347    5.4
  54205 116.00  42.23 1316   10.5
  54245 123.40  42.50   99   0.01
  54248 123.53  42.03   67   0.01
  54252 124.75  42.73  198   0.01
  54261 125.52  42.68  343   0.01
  54267 125.73  42.25  363    0.4
  54274 126.07  42.68  300    0.5
  54279 126.58  42.05  545   18.1
  54290 129.40  42.77  245    8.7
  54291 130.28  42.90   37    5.4
  54293 129.83  42.95  141   11.4
  54301 115.67  41.67 1414    5.8
  54304 115.28  40.97 1249    3.1
  54305 115.27  41.88 1468    7.1
  54318 117.73  41.32  562   0.01
  54332 122.72  41.52   13   0.01
  54336 122.42  41.42   13   0.01
  54340 123.32  41.67   47   0.01
  54345 123.07  41.20   29    3.1
  54347 123.17  41.23   25    3.1
  54348 123.32  41.42   43    0.7
  54362 125.73  41.67  388    1.7
  54371 126.43  41.93  521    0.5
  54398 116.62  40.13   29   14.9
  54399 116.28  39.98   46   17.8
  54404 115.83  40.88  868    2.1
  54408 115.22  40.38  531   13.4
  54410 116.13  40.60 1216    2.9
  54412 116.63  40.73  334    1.7
  54419 116.63  40.37   75    3.3
  54421 117.12  40.65  286    0.7
  54424 117.12  40.17   33   18.4
  54425 117.48  40.42  584    0.4
  54428 117.40  40.03   19    2.3
  54431 116.63  39.92   40   12.4
  54433 116.50  39.95   36   16.5
  54474 122.35  40.42   27   85.5
  54475 122.48  40.62   15   10.6
  54483 123.90  40.88  239   15.2
  54494 124.07  40.47   74   50.0
  54499 116.22  40.22   75   19.2
  54501 115.68  39.97  441   14.7
  54505 116.12  39.92   94   11.7
  54510 116.98  39.90   18    8.1
  54513 116.20  39.95   67   18.4
  54514 116.25  39.87   56   15.2
  54520 117.08  39.97   19   13.6
  54521 116.98  39.77   14   16.0
  54522 117.73  39.88   19    0.4
  54568 121.70  39.08   40    0.6
  54569 121.97  39.40   35   12.6
  54575 122.37  39.42   44   32.6
  54590 124.17  39.88    5   40.2
  54594 116.35  39.72   38   16.3
  54596 116.13  39.68   40    7.3
  54597 115.73  39.73  409    4.2
  54749 119.95  37.18   48    1.9
  54752 120.77  37.80   64    1.5
  54755 120.38  37.37  113    4.8
  54759 120.83  37.30  172   50.1
  54765 121.43  37.48   57    7.8
  54766 121.62  37.38   23   20.9
  54777 122.07  37.20  112    6.8
  54778 122.48  37.17   60    4.7
  54832 118.73  36.88   29    0.1
  54837 118.83  36.68   76    0.1
  54841 119.40  36.87    8    8.7
  54844 119.18  36.42   67    1.9
  54846 119.75  36.38   37   22.5
  54848 119.42  35.98   81    6.1
  54849 120.00  36.27   16   12.1
  54851 120.57  36.90   81   19.8
  54852 120.73  36.97   53   24.2
  54853 120.42  36.17   43    6.0
  54855 120.47  36.38   30   12.7
  54861 121.53  36.93   47    9.9
  54871 122.48  36.93    9    6.9
  54922 117.78  35.88  223   0.01
  54923 117.93  35.72  202    0.2
  54932 118.65  35.77  184    2.2
  54935 118.43  35.53  120    1.4
  54938 118.40  35.05   66    1.0
  54939 118.82  35.17  116    3.7
  54940 119.20  35.75  147    4.4
  54943 120.00  35.88   13    1.7
  56045  99.90  33.97 4051    0.4
  56081 103.35  34.70 2811   0.01
  56082 103.50  34.58 2544   0.01
  56092 104.65  35.00 1729    0.9
  56095 104.38  34.03 1754    0.8
  56158 100.67  31.40 3250    0.3
  56164 100.98  32.27 3286    0.3
  56171 101.70  32.90 3276   0.01
  56192 104.67  32.95 1016   0.01
  56279 102.93  30.15  683   0.01
  56396 104.77  29.35  352   0.01
  56441  99.28  28.72 2424    8.2
  56443  99.80  28.93 2842    3.5
  56478 102.43  28.30 1819    6.7
  56487 103.13  28.33 1945   0.01
  56490 103.90  28.95  396   0.01
  56491 104.57  28.70  288    1.1
  56494 104.15  28.65  460    0.1
  56496 105.23  28.32  330    0.7
  56497 104.23  28.10  433    1.7
  56498 104.50  28.17  442    1.0
  56499 104.78  28.38  368    1.8
  56567 100.85  27.30 2242    6.2
  56569 102.18  27.42 1381   0.01
  56580 102.80  27.72 2461   0.01
  56582 103.90  27.75 1177   16.9
  56584 103.25  27.70 1093    2.4
  56585 103.53  27.18 1916    2.0
  56593 104.92  28.58  281   0.01
  56594 104.05  27.63  884   28.4
  56641  98.87  26.90 1191    0.5
  56645  99.42  26.42 2345   14.6
  56646  99.92  26.53 2193    5.1
  56649  99.97  26.10 2059   16.3
  56652 100.75  26.68 2131   12.9
  56654 100.18  26.58 2196    2.2
  56665 101.85  26.68 1140    0.1
  56669 101.67  26.05 1531    5.2
  56670 102.12  26.90 1105    3.6
  56673 102.92  26.92  894   0.01
  56675 102.58  26.65 1695   0.01
  56697 104.08  26.22 1987   0.01
  56742  99.37  25.90 1663   17.2
  56745  99.95  25.68 1627    2.9
  56746  99.52  25.47 1618   13.7
  56752 100.57  25.83 1440    1.6
  56755 100.48  25.35 1670   14.4
  56756 100.58  25.48 1993   30.3
  56757 100.28  25.27 1744    2.9
  56761 101.32  25.72 1873    6.2
  56764 101.23  25.53 1875    6.1
  56766 101.52  25.33 1769    9.4
  56767 101.28  25.18 1858    2.3
  56772 102.50  25.23 1694    0.1
  56774 102.42  25.53 1712    0.4
  56775 102.45  25.55 1752    0.9
  56777 102.07  25.15 1566    4.5
  56781 103.27  25.55 1874   0.01
  56782 103.55  25.42 2064   0.01
  56785 103.03  25.33 1925    5.3
  56788 103.67  25.03 1842    1.5
  56835  97.82  24.07  958   13.9
  56836  97.95  24.70  828   16.7
  56839  98.82  23.77  994    1.1
  56840  98.30  24.82 1013   16.1
  56841  98.68  24.60 1527   12.8
  56842  99.18  24.73 1473   0.01
  56843  99.62  24.83 1650    0.1
  56844  98.58  24.43  915    1.3
  56846  99.93  24.58 1569    1.9
  56849  99.23  24.03 1607   0.01
  56851 100.52  25.03 1378   13.9
  56854 100.13  24.45 1108    7.8
  56862 101.60  24.68 1966    1.2
  56869 101.97  24.07 1498   15.4
  56870 102.17  24.67 1576    0.4
  56873 102.90  24.67 1752   0.01
  56876 102.77  24.28 1732   0.01
  56878 102.75  24.13 1802   0.01
  56879 102.92  24.20 1610    1.1
  56880 103.17  24.92 1532    1.5
  56881 103.27  24.75 1694    3.1
  56883 103.98  24.83 1846    1.5
  56885 103.45  24.40 1416   20.2
  56889 104.17  24.05 1518    1.0
  56891 104.32  24.98 1482   0.01
  56944  99.27  23.15 1280   15.0
  56948  99.60  22.63 1156    4.8
  56949  99.60  22.32  946   25.8
  56950  99.80  23.47 1044    1.8
  56952 100.70  23.50  914   12.6
  56958 100.42  21.92 1177    2.2
  56961 101.05  23.03 1321   28.4
  56962 101.67  23.42 1315    5.4
  56970 102.48  23.70 1419    1.0
  56973 102.83  23.62 1310   13.9
  56975 102.43  23.37  975    1.9
  56976 102.83  23.23  229   0.01
  56978 102.42  23.00 1640    6.8
  56982 103.25  23.70 1055    0.1
  56984 103.15  23.38 1717    6.2
  56987 103.23  22.78 1261    4.4
  56989 103.95  22.50  138    0.1
  56992 104.70  23.45 1508    1.6
  56994 104.25  23.38 1277    2.3
  56995 104.42  23.03 1335    1.8
  56996 104.70  23.13 1094    0.5
  57002 105.65  34.85 1217   0.01
  57006 105.75  34.58 1142   0.01
  57007 105.18  34.18 1406   0.01
  57008 105.30  34.03 1578   0.01
  57012 106.20  34.98 1665    0.1
  57102 105.72  33.75  971   0.01
  57126 107.55  33.22  470   0.01
  57191 114.48  34.48   64    0.1
  57293 114.98  32.73   39    0.2
  57296 114.73  32.35   50    0.8
  57298 114.55  32.22   56    0.4
  57338 108.42  31.18  213   0.01
  57339 108.68  30.95  296    0.1
  57345 109.62  31.40  339   0.01
  57349 109.87  31.07  270    1.7
  57362 110.67  31.75  939   0.01
  57363 111.83  31.80  146    0.2
  57385 113.82  31.63   94    0.1
  57390 114.07  31.80  731    0.9
  57407 105.03  30.28  464   0.01
  57425 107.33  30.33  430   0.01
  57431 108.35  30.83  256   0.01
  57465 111.45  30.38   76   0.01
  57466 111.77  30.43   50   0.01
  57469 111.77  30.18   68    9.5
  57505 105.58  29.42  324   0.01
  57509 106.93  28.95  325    0.1
  57513 106.62  29.73  457   0.01
  57541 109.48  30.00  533   0.01
  57543 110.03  29.88  540    5.3
  57544 109.45  29.47  486   0.01
  57564 111.13  29.43  103   0.01
  57800 105.37  26.77 1458   0.01
  57807 105.47  26.20 1359    0.1
  57891 114.25  26.93  144    1.7
  57908 105.48  25.12 1393   0.01
  57927 107.18  24.97  283   0.01
  57962 111.65  25.97  166   0.01
  57995 114.93  25.40  166   0.01
  58007 115.30  34.07   53    0.1
  58022 117.57  34.75   48   0.01
  58024 117.58  34.87   78   0.01
  58025 117.73  34.57   32   0.01
  58030 118.07  34.85   47    0.1
  58032 118.65  34.93   75    5.9
  58041 119.43  34.78   22   0.01
  58045 119.60  34.20    8    4.4
  58048 119.35  34.12    9   51.4
  58049 119.82  34.03    7    7.8
  58107 115.25  33.07   40    0.6
  58109 115.62  33.18   37    4.2
  58117 116.20  33.13   33    3.8
  58125 117.55  33.55   28   12.3
  58126 117.87  33.47   24   10.3
  58127 117.20  32.98   23    0.3
  58128 117.30  33.32   23   0.01
  58129 117.87  33.13   20    0.2
  58131 118.27  33.98   28    7.7
  58132 118.68  33.72   19   50.1
  58139 118.88  33.30   13   12.3
  58140 119.30  33.77   13   19.1
  58145 119.17  33.53    8   17.2
  58146 119.77  33.47    7  147.3
  58147 118.97  32.98   28    1.2
  58148 119.30  33.23   11   21.5
  58154 120.20  33.43    7   90.5
  58202 115.58  32.63   37    7.9
  58205 115.43  32.47   36    1.0
  58207 115.05  32.17   42    0.2
  58210 116.23  32.65   25    1.7
  58212 116.73  32.72   27   0.01
  58224 117.02  32.65   36    0.2
  58234 118.42  32.47   43   22.2
  58240 119.02  32.68   25   0.01
  58243 119.83  32.93    7    9.6
  58264 121.18  32.33   11   0.01
  58323 117.47  31.88   29   0.01
  58353 120.57  31.87    6    1.2
  58446 119.68  30.63   25   0.01
  58453 120.50  30.07   10    0.5
  58459 120.28  30.18   42   37.6
  58468 121.17  30.05   10   0.01
  58559 120.98  29.17   59    0.4
  58561 121.60  29.98    3   10.8
  58563 121.83  29.88    4   0.01
  58565 121.43  29.68    6   17.9
  58567 121.43  29.32   39    0.1
  58568 121.38  29.12   35    3.2
  58642 119.80  28.88  102    0.7
  58643 120.03  28.90   99    1.9
  58654 120.08  28.67  184    1.0
  58657 120.28  28.15   59    7.1
  58660 121.13  28.85    8    0.3
  58712 116.78  27.92  123   0.01
  58747 119.35  27.15  900   17.8
  58749 119.88  27.23  680    7.2
  58750 120.08  27.78  106   13.2
  59001 105.33  24.78  674   0.01
  59004 105.10  24.50  729   0.01
  59022 107.55  24.98  695    2.0
  59025 107.38  24.53  249    0.7
  59027 107.25  24.13  244   0.01
  59057 110.18  24.13  827   0.01
  59091 114.53  24.75  257   0.01
  59229 107.70  23.18  101    1.5
  59230 108.17  23.72  173    0.9
  59238 108.80  23.22  123   0.01
  59249 109.62  23.12   56   0.01
  59284 113.22  23.38    6   0.01
  59319 116.77  23.47    9   0.01
  59320 117.13  23.77   27    1.1
  59322 117.37  23.98   20    0.8
  59419 106.75  22.10  243   0.01
  59426 107.90  22.63   92   0.01
  59427 107.07  22.12  162    9.7
  59429 107.97  22.15  183   0.01
  59435 108.48  22.77   75   14.8
  59448 109.55  22.27   70   28.9
  59449 109.98  22.30   80   0.01
  59476 113.03  22.53   35    2.0
  59640 109.18  21.67    6   0.01
  59842 109.68  19.90   31    1.4
  59843 110.00  19.73   36   0.01
  59847 109.05  19.27  101   22.4
  59848 109.43  19.23  219   18.8
  59940 109.17  18.75  156    1.7
  59941 109.52  18.77  328   0.01
  59945 109.70  18.65   65   0.01
