diamond  3 2013年07月11日08点24小时降雨量                    
  13  07  11  08    -1 3 10 25 50 1 0
 39 122.7  37.3 122.5  36.7 120.8  36.2 119.3  35.0 120.4  34.3
 121.1  32.7 122.3  30.9 122.5  30.1 121.5  28.0 119.8  25.0
 116.1  22.6 111.0  21.0 111.0  18.6 109.6  18.1 108.3  18.5
 108.9  19.9 109.3  21.0 106.4  21.6 104.1  22.2 101.6  20.8
  98.7  22.0  97.1  24.1  97.7  27.0  91.7  26.6  85.7  27.7
  78.9  30.6  73.3  37.1  74.1  40.7  87.6  49.8  98.5  43.9
 110.4  44.3 122.0  54.7 135.7  48.3 131.5  42.2 125.2  39.4
 121.3  38.5 121.2  40.3 118.5  38.6 120.8  38.1
1         836
  50566 128.47  49.55  117    2.9
  50673 130.40  48.88   92    3.7
  50674 129.43  48.57  404    2.2
  50779 134.28  48.37   41    1.5
  50867 127.35  46.08  134   0.01
  50884 131.15  46.63  176    1.4
  50960 127.45  45.78  192    9.1
  50962 128.03  45.95  113   0.01
  51137  82.93  46.20  715    0.1
  51438  81.77  43.18 1210    0.7
  51468  86.83  43.10 3543    0.7
  51627  79.23  41.22 1397    0.1
  51629  80.23  41.27 1134   0.01
  51636  82.62  41.53 1014    0.4
  51707  76.73  39.50 1209    0.1
  51722  80.40  40.65 1046    0.8
  51802  76.17  38.93 1299    0.2
  51814  77.40  37.92 1360    8.7
  51815  77.27  38.20 1275   10.0
  51826  80.80  37.02 1337   0.01
  51827  79.72  37.28 1326    1.2
  51829  80.17  37.08 1349   0.01
  52515  94.87  39.52 2138   0.01
  52557 100.17  39.15 1458    3.2
  52643  99.62  38.83 2311    8.3
  52656 100.82  38.43 2282   0.01
  52745  99.02  37.30 3417    5.6
  52842  99.08  36.78 3088    3.2
  52869 101.58  36.50 2665   0.01
  52874 102.40  36.48 1981   0.01
  52881 103.18  36.98 2485   0.01
  52896 104.15  36.55 1739   0.01
  52978 102.52  35.20 2930    0.1
  52980 103.30  35.97 1649   0.01
  52981 103.38  35.67 2429    0.1
  52982 103.55  35.48 1954    0.7
  52985 103.33  35.42 2164    0.8
  52988 103.72  35.37 2000    0.2
  52993 104.07  35.68 1740    7.9
  52995 104.62  35.58 1898    4.7
  52998 104.20  35.13 2111   10.1
  53272 112.63  42.75 1106    0.4
  53289 113.83  42.23 1322    3.5
  53337 108.27  41.10 1025   0.01
  53343 109.97  41.77 1612   0.01
  53368 111.47  41.08 1640    0.3
  53378 112.62  41.28 1737    0.8
  53384 113.18  41.45 1424    1.5
  53385 113.55  41.57 1387    5.8
  53392 114.60  41.85 1424    3.5
  53397 113.98  41.10 1377    4.1
  53455 110.53  40.55 1000    0.3
  53457 110.03  40.40 1012   0.01
  53464 111.17  40.72 1047    0.7
  53466 111.70  40.75 1046    1.9
  53467 111.18  40.27 1017    3.1
  53469 111.82  40.40 1164    2.4
  53472 112.57  40.87 1453    4.5
  53475 112.47  40.52 1272    4.3
  53481 113.22  40.80 1317    4.4
  53483 113.83  40.87 1269    7.4
  53484 113.15  40.45 1192    9.2
  53486 113.77  40.37 1050   12.1
  53488 113.58  40.03 1035   16.3
  53491 114.38  40.67  837    7.5
  53492 114.15  40.10  939   15.6
  53498 115.03  40.57  630    5.4
  53499 114.73  40.77  755    7.0
  53545 109.73  39.57 1330    1.6
  53547 109.03  39.10 1312    1.1
  53553 111.22  39.87 1222    7.4
  53562 111.67  39.92 1192   10.6
  53565 111.50  39.43 1050   11.6
  53567 111.08  39.03  980   21.1
  53573 112.70  40.00 1337   20.2
  53574 112.27  39.52 1408   29.3
  53575 112.20  39.10 1526   28.7
  53576 112.82  39.50 1046   26.4
  53577 112.30  39.00 1441   28.2
  53579 112.90  39.02  861   29.5
  53580 113.10  39.82 1045   22.0
  53582 113.68  39.72 1094   35.8
  53584 113.17  39.57 1001   27.1
  53585 113.27  39.17  934   16.8
  53590 114.27  39.75  979   28.9
  53596 115.13  38.85   53   11.3
  53599 114.68  39.37  885   21.0
  53644 108.83  38.60 1309    0.8
  53658 110.48  38.03  895   11.4
  53659 111.00  37.97 1164   22.3
  53660 111.08  39.02  893   26.3
  53662 111.58  38.72 1393   15.6
  53665 111.65  38.28 1183   23.8
  53666 111.93  38.35 1213   16.3
  53669 111.80  38.08 1151   13.8
  53674 112.70  38.42  799   19.0
  53676 112.98  38.50  760   12.4
  53677 112.48  37.93  808   20.8
  53678 112.67  38.07  899   20.7
  53679 112.55  37.73  776   25.7
  53680 114.38  38.30  109   31.5
  53681 113.37  38.83 1097   16.4
  53682 114.68  38.63  105   15.6
  53685 113.42  38.07  953   28.4
  53688 114.55  38.45   98   32.1
  53689 115.07  38.02   43   11.3
  53690 114.18  38.85  283   18.8
  53691 114.57  38.15   76   33.2
  53692 114.98  38.73   68   12.0
  53693 114.13  38.03  256   38.9
  53694 114.22  38.27  134   44.7
  53695 114.68  38.35   72   16.9
  53696 115.00  38.52   55   29.9
  53697 114.83  38.03   54   14.2
  53699 114.95  38.18   46   18.3
  53727 107.12  37.17 1713    0.9
  53730 107.48  38.18 1335    0.2
  53732 108.72  37.85 1211    2.3
  53748 109.70  37.18 1064   20.8
  53750 110.18  37.77  931   11.9
  53751 110.05  37.60  897   14.5
  53753 110.88  37.43  861   22.0
  53756 110.72  37.52  744   13.9
  53757 110.12  37.12  938   15.2
  53759 110.83  36.98 1106   22.5
  53760 111.23  37.88 1212   23.6
  53763 112.17  37.92 1008   14.5
  53767 111.17  37.33 1212   25.8
  53768 111.75  37.15  770   19.5
  53769 111.78  37.25  749   15.9
  53770 112.35  37.35  769   13.8
  53771 112.05  37.42  751   15.1
  53773 114.62  36.33   66    4.3
  53774 112.33  37.62  774   17.4
  53776 112.77  37.68  831   15.5
  53777 112.15  37.53  760   17.9
  53778 112.22  37.17  780   13.2
  53780 113.15  37.90 1066   24.7
  53781 114.47  36.87   69   41.9
  53782 113.55  37.85  743   23.3
  53783 113.70  37.60  880   21.6
  53784 114.78  37.75   39   14.5
  53785 114.67  37.52   35   23.1
  53786 113.37  37.08 1134   20.7
  53788 113.57  37.33 1267   31.1
  53789 114.63  37.88   57   20.0
  53790 114.62  37.60   50   17.7
  53791 114.52  37.77   67   27.4
  53792 114.48  37.45  113   19.0
  53794 114.75  37.35   34   25.5
  53795 114.37  37.65  137   32.7
  53796 114.88  37.62   31   11.4
  53797 114.52  37.28   74   40.7
  53799 114.98  37.23   25   21.2
  53829 107.90  35.98 1094    6.0
  53832 108.77  36.77 1220    8.8
  53841 109.32  36.88 1069    8.1
  53848 109.35  36.27 1005    7.9
  53850 110.18  36.88  801   15.4
  53852 110.63  36.77  917   15.2
  53856 110.75  36.47  756   11.3
  53857 110.18  36.07  840    9.2
  53860 111.17  36.98 1407   15.7
  53861 111.42  35.88  425   10.6
  53862 111.77  36.83  809   24.9
  53864 111.10  36.40 1030   12.7
  53865 111.55  36.65 1012   15.3
  53866 111.67  36.23  464    9.9
  53869 111.70  36.58  550   12.5
  53871 112.85  36.83  965   15.8
  53872 112.68  36.77  962   17.5
  53873 112.87  36.12  951   40.2
  53874 111.90  36.25  650   36.3
  53875 112.35  36.52 1001   31.1
  53878 113.38  36.52  769   56.8
  53879 112.88  36.32  953   44.2
  53880 113.23  36.33  948   45.1
  53881 106.48  37.28 1382   0.01
  53883 114.70  37.13   36   22.2
  53885 113.20  36.13 1031   40.9
  53886 113.67  36.57  471   77.1
  53888 113.43  36.20 1088   65.8
  53889 113.82  36.07  308   29.5
  53890 114.15  36.68  234   37.0
  53891 114.68  37.02   44   21.7
  53892 114.47  36.62   67   18.6
  53893 114.95  36.77   40   12.7
  53894 114.22  36.42  128   28.0
  53895 114.50  36.78   61   46.2
  53896 114.95  36.35   51    1.0
  53897 114.38  36.38   71   15.4
  53899 114.97  36.48   49    1.3
  53906 105.72  35.52 1659    6.9
  53908 105.23  35.22 1769    4.8
  53914 106.12  35.62 2079    8.2
  53916 106.32  35.50 1949    8.8
  53917 106.07  35.22 1633    4.6
  53924 107.62  35.07  967   12.7
  53925 107.18  35.68 1174    5.4
  53926 107.35  35.35 1630    5.8
  53927 106.62  35.20 1478    7.4
  53928 107.02  35.30 1150    6.4
  53930 107.98  36.45 1270    8.4
  53931 109.37  36.00  983   11.6
  53934 108.02  35.82 1299    6.9
  53935 108.35  35.48 1443    9.6
  53937 107.92  35.52  980    8.7
  53938 108.30  35.17 1277    5.7
  53941 109.58  35.18  807    0.1
  53944 109.25  35.57  857   19.3
  53945 109.07  35.43 1394   17.2
  53946 109.82  35.60 1091    5.5
  53947 109.07  35.08  979    0.9
  53949 109.92  35.18  680    1.0
  53950 110.15  35.23  710    0.3
  53953 110.85  35.97  966   12.5
  53954 110.97  35.62  433    0.1
  53956 110.83  35.40  589    1.4
  53957 110.72  35.62  459    2.1
  53958 110.78  35.13  389    7.4
  53961 111.48  35.65  473   12.9
  53962 111.70  35.73  585    5.7
  53964 111.22  35.62  431    2.9
  53965 111.57  35.52  761    3.1
  53966 111.83  35.98  818   11.1
  53967 111.20  35.33  469    1.5
  53970 112.20  35.70  887   22.9
  53972 112.92  35.12  121    1.0
  53973 112.95  35.77  836   38.3
  53974 114.18  35.62   73    0.3
  53976 112.87  35.50  751    2.7
  53978 112.63  35.08  140   13.9
  53979 113.08  35.15  121    3.4
  53980 114.80  36.55   51    6.6
  53981 113.27  35.78 1311   20.3
  53982 113.27  35.23  113    0.7
  53983 114.42  35.03   70    0.4
  53984 113.47  35.23   83   0.01
  53985 113.82  35.45   97   13.1
  53988 113.67  35.27   78   0.01
  53991 114.35  35.93   75    7.3
  53992 114.52  35.65   59    3.1
  53993 114.92  35.93   52    1.1
  53995 114.50  35.55   64   0.01
  53996 114.65  36.45   58    8.8
  53998 114.65  35.20   62    1.3
  54122 120.05  43.88  375   0.01
  54204 115.00  42.30 1347    4.7
  54205 116.00  42.23 1316    0.5
  54301 115.67  41.67 1414    0.4
  54304 115.28  40.97 1249    3.8
  54305 115.27  41.88 1468    1.7
  54316 118.75  41.52  680    2.1
  54318 117.73  41.32  562    0.4
  54319 118.67  41.00  509    0.2
  54325 120.35  41.18  183   0.01
  54327 119.35  41.23  421   0.01
  54328 119.72  41.08  300   0.01
  54330 121.37  41.17   61    0.1
  54345 123.07  41.20   29   0.01
  54398 116.62  40.13   29    1.5
  54399 116.28  39.98   46    5.2
  54404 115.83  40.88  868    2.3
  54408 115.22  40.38  531    7.2
  54410 116.13  40.60 1216    4.0
  54412 116.63  40.73  334    2.2
  54419 116.63  40.37   75    1.3
  54420 117.33  40.93  530    1.0
  54421 117.12  40.65  286    0.6
  54424 117.12  40.17   33    1.1
  54425 117.48  40.42  584    1.1
  54428 117.40  40.03   19    2.7
  54430 118.15  40.77  268    1.4
  54431 116.63  39.92   40    6.0
  54432 118.48  40.60  305    0.7
  54433 116.50  39.95   36    5.9
  54434 118.30  40.17  103    1.3
  54437 118.65  39.50   19    2.4
  54438 118.88  39.88   61    1.8
  54439 118.72  40.02   51    1.1
  54453 120.88  40.78   43    0.6
  54474 122.35  40.42   27    0.6
  54475 122.48  40.62   15    1.2
  54483 123.90  40.88  239    0.8
  54494 124.07  40.47   74    2.1
  54499 116.22  40.22   75    1.6
  54501 115.68  39.97  441    7.0
  54502 116.03  39.48   30    7.0
  54503 115.82  39.07   13   12.4
  54505 116.12  39.92   94    6.4
  54506 115.88  39.32   29    7.8
  54507 115.50  39.35   52   10.5
  54510 116.98  39.90   18    4.7
  54512 116.28  39.42   22    9.3
  54513 116.20  39.95   67    5.4
  54514 116.25  39.87   56    7.1
  54515 116.70  39.50   14    8.1
  54517 117.20  39.07    5    4.3
  54519 116.48  39.30   13    9.6
  54520 117.08  39.97   19    4.5
  54521 116.98  39.77   14    6.5
  54522 117.73  39.88   19    1.1
  54526 117.33  39.08   10    7.1
  54529 117.82  39.35   12    4.2
  54530 117.77  39.23    6    6.6
  54531 118.72  39.73   43    1.0
  54532 118.10  39.80   35    1.9
  54533 118.10  39.58    9    2.0
  54535 118.47  39.28    3    3.6
  54540 119.17  39.72   14    1.1
  54541 119.23  39.90   23    1.6
  54568 121.70  39.08   40   43.2
  54569 121.97  39.40   35   10.2
  54575 122.37  39.42   44   16.3
  54590 124.17  39.88    5   13.4
  54594 116.35  39.72   38   10.0
  54596 116.13  39.68   40   11.8
  54597 115.73  39.73  409   11.8
  54601 115.65  38.98   14   13.0
  54603 115.77  38.72   10   14.8
  54604 115.33  38.42   31   13.1
  54605 115.93  38.93    7   12.9
  54607 115.12  38.72   45   11.8
  54608 115.55  38.00   27   36.6
  54609 115.50  38.25   25   18.6
  54610 116.10  38.73    9   17.4
  54611 115.32  38.93   45   10.0
  54612 116.45  38.87    7   10.5
  54613 116.62  38.70    8   20.2
  54614 116.08  38.45   13   23.8
  54615 116.83  38.58    8   30.0
  54616 116.85  38.35    9   26.2
  54617 116.12  38.18   13   24.8
  54619 116.92  38.92    8   11.3
  54620 115.57  38.48   19   19.2
  54621 115.18  38.18   39   20.9
  54622 117.37  38.98    3   10.8
  54626 115.82  38.42   15   16.5
  54627 117.23  38.03    8   35.3
  54628 117.48  38.15    7   28.5
  54631 115.15  37.07   33   12.1
  54632 115.03  37.07   34   11.3
  54633 115.23  37.52   27    9.8
  54636 116.10  39.02   12   10.6
  54640 114.87  36.92   37   24.8
  54644 117.12  38.05   11   30.2
  54645 117.47  38.85    3   31.3
  54700 115.93  38.03   16   18.8
  54701 115.20  37.93   41   13.8
  54702 115.70  37.73   22   11.8
  54703 115.88  37.80   25   14.6
  54704 115.57  37.55   23    8.7
  54706 115.67  37.08   32   22.4
  54707 115.98  37.35   28   11.9
  54708 115.73  37.50   24   12.0
  54709 116.07  37.22   30   10.6
  54710 116.17  37.87   19    9.5
  54711 116.28  37.70   19   10.7
  54712 116.82  37.20   23    1.0
  54713 116.53  37.88   15   10.7
  54714 116.33  37.45   24   12.1
  54716 116.80  37.67   17   17.1
  54717 116.40  37.63   18   28.2
  54718 116.43  37.15   26    8.2
  54719 116.68  38.03   12    9.9
  54722 117.63  37.75    7    6.0
  54723 117.57  37.65   11   18.9
  54724 117.13  37.32   21    1.1
  54726 117.18  37.70   12   10.3
  54728 117.38  37.77   16   10.5
  54729 117.87  37.17   11   34.6
  54730 118.13  37.70   11   13.7
  54731 118.22  37.48   16    5.3
  54732 118.52  37.87   13   10.1
  54734 118.00  37.35   12   20.8
  54736 118.67  37.43    9   22.9
  54737 118.15  37.15   17   29.5
  54738 118.40  37.05   20   57.8
  54749 119.95  37.18   48  141.4
  54752 120.77  37.80   64   89.4
  54755 120.38  37.37  113  161.7
  54759 120.83  37.30  172   80.1
  54765 121.43  37.48   57   39.1
  54766 121.62  37.38   23   19.8
  54777 122.07  37.20  112    8.9
  54778 122.48  37.17   60    5.5
  54800 115.25  36.98   35   32.9
  54801 115.48  36.85   36   15.5
  54802 115.73  36.82   35    2.4
  54803 116.02  36.98   28    3.4
  54805 115.45  36.48   41    0.3
  54807 115.80  36.13   44    0.8
  54809 115.28  36.55   42    0.9
  54810 116.27  36.87   28    2.2
  54811 116.62  36.93   22    0.8
  54812 116.75  36.78   23    1.1
  54814 116.23  36.58   32    0.6
  54815 116.27  36.38   33    2.6
  54816 116.80  36.52   82   11.4
  54817 115.87  35.98   43    1.1
  54818 116.42  36.25   72    0.6
  54820 115.17  36.82   38   13.1
  54821 117.20  37.00   21    3.5
  54822 117.73  36.87   46   30.1
  54824 117.95  36.63   95   35.9
  54825 117.85  36.52  195   52.2
  54827 117.15  36.17  137   24.2
  54828 117.68  36.23  228   11.2
  54829 117.87  36.77   88   42.9
  54830 117.93  36.82   35   46.5
  54831 118.50  36.65  102   16.6
  54832 118.73  36.88   29   61.6
  54833 118.08  36.97   19   24.0
  54834 118.28  36.87   46   43.7
  54835 118.55  36.50  110    8.0
  54837 118.83  36.68   76    9.3
  54841 119.40  36.87    8   19.7
  54844 119.18  36.42   67    0.9
  54846 119.75  36.38   37    0.1
  54849 120.00  36.27   16   0.01
  54851 120.57  36.90   81   22.3
  54852 120.73  36.97   53   20.0
  54855 120.47  36.38   30   0.01
  54861 121.53  36.93   47   10.0
  54871 122.48  36.93    9    0.2
  54900 115.02  35.70   54    0.4
  54901 115.17  36.08   47    0.2
  54902 115.12  35.90   49    0.2
  54903 115.48  35.85   50    4.1
  54904 115.52  35.58   51    1.4
  54905 115.93  35.58   53    0.7
  54906 115.42  35.25   51    2.5
  54908 115.10  35.27   57   0.01
  54912 116.48  35.70   47    0.4
  54913 116.82  35.75   67    0.7
  54914 116.08  35.42   44    3.9
  54918 116.97  35.60   66   0.01
  54919 116.98  35.42  111    3.9
  54920 117.28  35.65  110    4.9
  54922 117.78  35.88  223    1.4
  54923 117.93  35.72  202    0.1
  54932 118.65  35.77  184    0.5
  54935 118.43  35.53  120    0.7
  56016  95.62  33.85 4181    6.5
  56045  99.90  33.97 4051    0.4
  56071 102.50  34.58 3107    0.1
  56081 103.35  34.70 2811    6.0
  56082 103.50  34.58 2544    6.2
  56084 103.23  34.07 2376    5.3
  56091 104.47  34.85 1884    7.9
  56092 104.65  35.00 1729    6.3
  56094 104.37  33.78 1400    0.9
  56095 104.38  34.03 1754    7.8
  56097 104.23  33.27 1407    3.4
  56147  98.83  31.22 3261    1.6
  56158 100.67  31.40 3250    5.6
  56164 100.98  32.27 3286    6.3
  56168 102.07  31.48 2170    0.9
  56171 101.70  32.90 3276    3.2
  56180 103.85  31.68 1591   32.0
  56181 103.70  30.68  543   51.6
  56183 103.58  31.47 1326   41.5
  56184 103.17  31.43 1884    7.7
  56185 102.98  32.08 2400    1.4
  56186 104.20  31.33  589   43.0
  56189 103.93  30.98  584   83.1
  56190 104.55  31.55  518   17.0
  56192 104.67  32.95 1016    8.8
  56193 104.52  32.42  894   49.7
  56194 104.45  31.82  679   22.7
  56195 104.73  31.78  531   32.1
  56197 104.18  31.13  537   34.0
  56198 104.50  31.32  523    7.0
  56199 104.68  31.03  424    2.0
  56263 101.88  30.88 1948    0.3
  56267 101.02  30.03 2598    4.0
  56272 103.88  30.82  560  160.3
  56273 102.82  30.38 1011    0.5
  56276 103.82  30.45  468   47.5
  56278 102.77  30.07  756   10.5
  56279 102.93  30.15  683   21.8
  56280 103.12  30.08  692   41.6
  56281 103.50  30.18  512   15.8
  56284 103.48  30.42  502   19.1
  56285 103.52  30.60  525  126.8
  56286 104.25  30.55  514   79.4
  56288 103.92  30.58  495  125.6
  56289 103.87  30.20  439   19.3
  56290 104.18  30.78  515   84.9
  56291 104.28  30.97  474   18.3
  56295 104.55  30.38  443   10.5
  56296 104.43  30.85  449   12.5
  56297 104.15  30.02  431   26.3
  56298 104.60  30.13  415   25.7
  56371 102.23  29.92 1322    3.5
  56373 102.85  29.78  763   11.5
  56376 102.68  29.35 1098    6.4
  56378 102.35  29.23  891   14.8
  56380 103.37  29.92  466   31.6
  56381 103.52  30.02  497   13.9
  56382 103.60  29.73  408    9.3
  56383 103.87  29.83  454   12.1
  56384 103.48  29.60  446    0.7
  56387 103.27  29.23  639    2.4
  56389 103.95  29.20  386   11.2
  56390 104.07  29.67  403    4.1
  56391 103.82  30.08  416   13.0
  56393 104.85  29.77  370    0.2
  56394 104.43  29.45  382   19.5
  56395 104.67  29.52  349   66.3
  56396 104.77  29.35  352   31.8
  56399 104.98  29.18  307    1.7
  56441  99.28  28.72 2424    1.4
  56443  99.80  28.93 2842    3.1
  56473 102.77  28.95 1061   29.1
  56474 102.17  28.55 1775   26.8
  56478 102.43  28.30 1819    3.5
  56480 103.53  28.82  564    6.7
  56483 103.95  28.60  412   28.5
  56487 103.13  28.33 1945   40.0
  56489 103.63  28.23  876   14.4
  56490 103.90  28.95  396    7.7
  56491 104.57  28.70  288    2.7
  56493 104.97  28.85  297    1.8
  56494 104.15  28.65  460    8.5
  56497 104.23  28.10  433   11.0
  56567 100.85  27.30 2242    4.2
  56569 102.18  27.42 1381    3.3
  56575 102.55  27.37 1429    5.4
  56578 102.75  27.07 1093    6.7
  56580 102.80  27.72 2461    0.4
  56582 103.90  27.75 1177    0.4
  56584 103.25  27.70 1093    0.4
  56585 103.53  27.18 1916   0.01
  56592 104.52  28.43  360    5.0
  56595 104.87  27.42 1644    0.2
  56596 105.05  27.85 1176   0.01
  56598 104.73  27.13 1538    4.2
  56646  99.92  26.53 2193    3.5
  56652 100.75  26.68 2131    8.0
  56654 100.18  26.58 2196   0.01
  56665 101.85  26.68 1140    0.6
  56669 101.67  26.05 1531   0.01
  56670 102.12  26.90 1105    1.1
  56674 101.73  26.50 1107   17.3
  56675 102.58  26.65 1695   19.7
  56688 103.17  26.10 1253   0.01
  56697 104.08  26.22 1987   0.01
  56742  99.37  25.90 1663    0.9
  56745  99.95  25.68 1627    1.4
  56746  99.52  25.47 1618    4.1
  56752 100.57  25.83 1440    0.1
  56755 100.48  25.35 1670    1.9
  56756 100.58  25.48 1993    1.1
  56757 100.28  25.27 1744    1.4
  56761 101.32  25.72 1873   0.01
  56764 101.23  25.53 1875   0.01
  56766 101.52  25.33 1769   0.01
  56767 101.28  25.18 1858   0.01
  56774 102.42  25.53 1712   0.01
  56775 102.45  25.55 1752    0.2
  56777 102.07  25.15 1566    0.1
  56781 103.27  25.55 1874   10.7
  56782 103.55  25.42 2064    0.2
  56783 103.80  25.50 1906    0.3
  56785 103.03  25.33 1925   10.7
  56788 103.67  25.03 1842    1.8
  56790 104.25  25.68 1920    8.1
  56835  97.82  24.07  958   36.9
  56836  97.95  24.70  828   45.7
  56839  98.82  23.77  994    9.8
  56840  98.30  24.82 1013   11.3
  56841  98.68  24.60 1527   18.9
  56842  99.18  24.73 1473    0.7
  56843  99.62  24.83 1650    3.7
  56844  98.58  24.43  915   30.9
  56846  99.93  24.58 1569    6.4
  56849  99.23  24.03 1607    6.5
  56854 100.13  24.45 1108    0.7
  56862 101.60  24.68 1966   0.01
  56863 102.48  24.93 1850    1.9
  56867 101.12  23.98 1107   12.5
  56869 101.97  24.07 1498    2.7
  56870 102.17  24.67 1576    4.3
  56871 102.60  24.65 1894    0.6
  56872 102.62  24.95 2360    1.4
  56873 102.90  24.67 1752    7.8
  56876 102.77  24.28 1732    0.6
  56878 102.75  24.13 1802    7.9
  56879 102.92  24.20 1610    5.1
  56880 103.17  24.92 1532    3.3
  56881 103.27  24.75 1694    1.2
  56882 102.80  24.88 1909    0.2
  56883 103.98  24.83 1846    4.8
  56885 103.45  24.40 1416    0.4
  56889 104.17  24.05 1518    1.7
  56891 104.32  24.98 1482    3.4
  56898 102.40  24.18 1542    0.6
  56944  99.27  23.15 1280   15.9
  56948  99.60  22.63 1156   55.5
  56949  99.60  22.32  946   17.0
  56950  99.80  23.47 1044   37.9
  56952 100.70  23.50  914   18.9
  56958 100.42  21.92 1177    2.5
  56961 101.05  23.03 1321   17.8
  56962 101.67  23.42 1315    0.6
  56970 102.48  23.70 1419   10.5
  56973 102.83  23.62 1310    4.6
  56975 102.43  23.37  975   12.1
  56976 102.83  23.23  229    6.9
  56978 102.42  23.00 1640   41.0
  56982 103.25  23.70 1055   13.9
  56984 103.15  23.38 1717    2.6
  56987 103.23  22.78 1261    8.2
  56989 103.95  22.50  138   24.1
  56992 104.70  23.45 1508   20.5
  56994 104.25  23.38 1277    7.7
  56995 104.42  23.03 1335   15.9
  56996 104.70  23.13 1094    6.8
  57001 105.33  34.75 1273    1.2
  57002 105.65  34.85 1217    3.0
  57004 104.88  34.73 1496    5.0
  57006 105.75  34.58 1142    6.9
  57007 105.18  34.18 1406    2.8
  57008 105.30  34.03 1578    0.6
  57011 106.15  34.75 1379   11.4
  57012 106.20  34.98 1665   12.9
  57016 107.13  34.35  613    0.8
  57021 107.13  34.65  751    1.8
  57022 107.78  34.68 1026    0.3
  57023 108.10  35.03  841    1.4
  57024 107.65  34.45  671   0.01
  57032 108.20  34.13  436   0.01
  57035 108.23  34.55  636   0.01
  57042 109.18  34.78  473   0.01
  57043 109.97  34.80  352   0.01
  57047 109.32  34.17  541    2.9
  57053 110.72  34.70  507    7.3
  57054 110.23  34.55  557    6.2
  57055 110.08  34.55  352    5.3
  57056 110.88  34.53  390    1.2
  57057 110.15  34.10  961   12.9
  57060 111.23  35.17  404    2.6
  57061 111.20  34.83  411    0.3
  57063 111.77  34.77  524    2.6
  57066 111.67  34.38  329    0.1
  57070 112.12  34.73  358    0.2
  57072 112.75  34.92  128    7.1
  57075 112.87  34.17  203    0.4
  57078 112.47  34.15  337    0.4
  57082 113.02  34.47  428   0.01
  57102 105.72  33.75  971    3.8
  57105 105.60  33.33 1219    9.5
  57110 106.08  33.78  930    6.5
  57111 106.30  33.92  967    2.9
  57113 106.53  33.90  990    2.6
  57119 106.70  33.17  551    4.4
  57126 107.55  33.22  470    0.9
  57128 107.33  33.17  487    0.4
  57129 107.72  32.98  447   0.01
  57137 108.32  33.32  801    5.9
  57140 109.12  33.67  818    5.6
  57153 110.33  33.68  584    1.4
  57155 109.87  33.55  661   38.5
  57162 112.08  34.15  327   0.01
  57183 113.92  33.80   61    5.5
  57204 105.23  32.58  801   10.8
  57208 105.47  32.02  538   13.1
  57213 106.93  33.00  537   16.4
  57216 106.83  32.35  577    8.7
  57217 106.28  32.23  493    7.8
  57231 108.53  32.53  504    0.1
  57242 109.37  32.85  285    2.0
  57248 109.33  32.40  429    3.1
  57303 105.92  31.73  460   0.01
  57304 105.17  31.67  517    0.5
  57307 105.08  31.10  408   11.7
  57315 106.40  31.53  658    0.2
  57320 107.22  31.93  483    1.9
  57326 107.72  31.37  390   0.01
  57329 107.85  31.10  462   0.01
  57401 105.37  30.87  380    0.1
  57407 105.03  30.28  464   0.01
  57408 105.35  30.12  333   0.01
  57409 105.80  30.18  295    0.2
  57505 105.58  29.42  324   0.01
  57507 105.30  29.33  374   0.01
  57511 106.45  29.85  242   0.01
  57541 109.48  30.00  533    0.1
  57543 110.03  29.88  540    0.2
  57600 105.07  28.72  256   0.01
  57609 105.70  28.58  316   0.01
  57635 108.98  28.45  363   0.01
  57646 109.95  28.62  301   0.01
  57708 105.60  27.15 1704   0.01
  57719 106.97  27.07 1280   0.01
  57740 109.60  27.95  349   0.01
  57800 105.37  26.77 1458    0.1
  57807 105.47  26.20 1359    6.6
  57808 105.75  26.32 1272    0.1
  57809 105.75  26.07 1251    1.0
  57811 106.60  26.85 1242   0.01
  57814 106.27  26.42 1285    0.5
  57818 106.45  26.03 1145    2.5
  57821 107.50  26.70  924   0.01
  57822 107.90  26.90  833   0.01
  57824 107.23  26.58 1005   0.01
  57828 107.58  26.50  983    2.0
  57829 107.80  26.20  964    0.4
  57834 108.30  26.68  642   0.01
  57837 108.07  26.40  838   0.01
  57844 109.18  26.68  344    0.2
  57846 110.15  26.58  307    0.9
  57883 114.28  26.75  257   10.0
  57886 113.78  26.50  226   0.01
  57900 105.22  25.83 1553   14.8
  57905 105.63  25.40 1063   0.01
  57908 105.48  25.12 1393   0.01
  57909 105.82  24.98  584    0.1
  57911 106.65  26.67 1325    1.0
  57913 106.98  26.45 1095   0.01
  57914 106.67  26.42 1143    0.7
  57915 106.77  26.63 1102    0.8
  57921 107.32  25.83  710    0.4
  57923 107.87  25.98  418   0.01
  57927 107.18  24.97  283    0.9
  57936 108.92  25.75  255    1.2
  57941 109.60  25.78  198    3.2
  57942 110.00  25.80  267   0.01
  57948 109.25  25.08  123    4.0
  57949 110.00  24.98  157   26.9
  57954 110.18  25.23  158    9.5
  57956 110.32  25.42  169   12.3
  58036 118.73  34.52   39    4.5
  58625 117.60  28.42   80   0.01
  58632 118.60  28.72  124   0.01
  58647 119.13  28.07  196   0.01
  58713 117.07  27.72  220   0.01
  58724 117.30  27.52  264    0.8
  58736 118.82  27.37  220   0.01
  58745 119.07  27.62  368    1.3
  58746 119.70  27.55  514    1.4
  58826 117.80  26.40  120   0.01
  58828 117.62  26.27  206   27.6
  58923 117.83  25.70  397    1.7
  58929 118.15  25.07   66    0.1
  59004 105.10  24.50  729    5.0
  59012 106.55  24.78  973   18.0
  59015 106.57  24.35  442   18.0
  59017 106.27  24.27  279   31.1
  59022 107.55  24.98  695    6.8
  59025 107.38  24.53  249    4.6
  59027 107.25  24.13  244   23.4
  59031 108.25  24.83  205    1.0
  59033 108.90  24.78  330    0.2
  59034 108.67  24.48  149    2.9
  59038 108.65  24.07  142   12.9
  59041 109.25  24.65  109    1.3
  59044 109.38  24.47   99    0.2
  59045 109.75  24.48   95    0.8
  59047 109.33  24.25  101   14.3
  59051 110.50  24.77  133    1.4
  59052 110.82  24.83  167   0.01
  59053 110.67  24.62  108    0.1
  59055 110.40  24.50  166    0.5
  59057 110.18  24.13  827    0.1
  59059 110.80  24.18  107    1.3
  59071 112.28  24.73  175    3.4
  59091 114.53  24.75  257    3.0
  59094 114.12  24.37  135   10.7
  59109 115.73  24.15  126   0.01
  59124 117.37  24.52   31   0.01
  59205 105.63  23.65  688   0.01
  59213 106.92  23.73  113   11.7
  59215 106.62  23.33  640    1.5
  59224 107.12  23.60  116    2.4
  59227 107.15  23.08  438   17.4
  59229 107.70  23.18  101    6.5
  59230 108.17  23.72  173    5.1
  59235 108.62  23.43  116   15.1
  59237 108.28  23.17  115    3.9
  59238 108.80  23.22  123   29.6
  59246 109.67  23.60   70   0.01
  59249 109.62  23.12   56    0.6
  59255 110.38  23.55   37    6.6
  59256 110.92  23.37   56    1.0
  59264 111.50  23.40   79    0.4
  59268 111.53  23.25   31    3.3
  59269 111.77  23.15   27    5.6
  59270 112.18  23.92   78    0.1
  59276 112.65  23.35   40   0.01
  59284 113.22  23.38    6   0.01
  59297 114.28  23.18   16   20.2
  59314 116.13  23.30   27    1.4
  59419 106.75  22.10  243    1.4
  59421 107.20  22.83  257    9.7
  59425 107.35  22.40  107    0.9
  59426 107.90  22.63   92   0.01
  59427 107.07  22.12  162    0.7
  59429 107.97  22.15  183   0.01
  59432 108.40  22.80  203   25.1
  59435 108.48  22.77   75    4.5
  59441 109.25  22.70   78   10.8
  59448 109.55  22.27   70   0.01
  59449 109.98  22.30   80   28.3
  59451 110.35  22.70   99    0.1
  59452 110.53  22.85  100   0.01
  59454 111.00  22.92  104    2.0
  59469 111.78  22.17   33   0.01
  59470 112.22  22.72   33    9.1
  59471 112.05  22.93  102   0.01
  59473 112.97  22.77   20   0.01
  59475 112.65  22.40   24    0.3
  59476 113.03  22.53   35   0.01
  59477 112.30  22.18   25   0.01
  59480 113.25  22.85   21    0.1
  59481 113.32  22.93   16   0.01
  59487 113.30  22.23   12    1.3
  59500 115.32  22.97   10    8.5
  59502 115.65  22.95   11   0.01
  59635 108.35  21.62   26   41.7
  59640 109.18  21.67    6    6.8
  59650 110.25  21.38   25   39.6
  59655 110.62  21.65   35    0.7
  59659 110.92  21.75   32    2.8
  59750 110.10  20.92   25   0.01
  59757 110.37  20.00   10   15.5
  59842 109.68  19.90   31    5.5
  59843 110.00  19.73   36    1.9
  59848 109.43  19.23  219   0.01
  59851 110.33  19.70   25    3.9
  59854 110.10  19.37  119    1.6
  59940 109.17  18.75  156   0.01
  59941 109.52  18.77  328    0.1
  59945 109.70  18.65   65   0.01
  59951 110.33  18.80   38    5.0
