diamond  3 2013年07月09日08点24小时降雨量                    
  13  07  09  08    -1 3 10 25 50 1 0
 39 122.7  37.3 122.5  36.7 120.8  36.2 119.3  35.0 120.4  34.3
 121.1  32.7 122.3  30.9 122.5  30.1 121.5  28.0 119.8  25.0
 116.1  22.6 111.0  21.0 111.0  18.6 109.6  18.1 108.3  18.5
 108.9  19.9 109.3  21.0 106.4  21.6 104.1  22.2 101.6  20.8
  98.7  22.0  97.1  24.1  97.7  27.0  91.7  26.6  85.7  27.7
  78.9  30.6  73.3  37.1  74.1  40.7  87.6  49.8  98.5  43.9
 110.4  44.3 122.0  54.7 135.7  48.3 131.5  42.2 125.2  39.4
 121.3  38.5 121.2  40.3 118.5  38.6 120.8  38.1
1        1013
  50137 122.37  53.47  297    0.1
  50431 121.52  50.78  718    0.4
  50445 123.73  50.58  424   0.01
  50526 120.70  49.28  670    9.6
  50772 129.23  48.10  299    0.2
  50775 130.27  47.33  229    3.2
  50776 130.83  47.57   84    6.8
  50778 132.53  47.67   59   24.2
  50779 134.28  48.37   41   16.5
  50787 131.85  47.28   63    9.5
  50832 122.08  46.72  334    0.1
  50833 122.90  46.72  189   0.01
  50851 126.08  46.68  209   0.01
  50852 126.45  46.83  170   0.01
  50858 125.93  46.07  136    2.1
  50859 126.27  46.25  160    0.8
  50861 127.48  46.88  186    0.5
  50867 127.35  46.08  134   12.9
  50871 129.88  46.73   96    6.1
  50878 130.72  47.00   80   12.1
  50879 130.55  46.22  187    1.2
  50880 131.12  46.73  104    0.9
  50884 131.15  46.63  176    0.4
  50892 134.00  46.80   57    0.1
  50913 118.83  45.72  866   20.1
  50924 119.67  45.53  824    2.4
  50928 120.33  45.07  629    3.1
  50937 121.47  45.05  250    1.5
  50939 122.82  45.33  154    0.5
  50940 123.17  45.85  142    0.4
  50954 125.08  45.50  129    2.1
  50956 126.57  45.93  117    2.5
  50958 126.95  45.52  175    0.2
  50960 127.45  45.78  192    0.3
  50962 128.03  45.95  113    0.5
  50964 128.80  45.83  123    1.8
  50965 128.30  45.45  157    3.3
  50971 131.02  45.77  226    0.7
  50979 130.23  45.27  279    1.5
  50985 131.87  45.55  155   11.8
  50987 131.13  45.25  181    8.1
  51137  82.93  46.20  715    0.1
  51145  83.65  46.55  523    8.0
  51328  80.42  44.20  774   0.01
  51329  80.85  44.05  641    0.5
  51353  86.10  45.02  347    4.4
  51357  85.62  44.33  523   0.01
  51368  87.32  44.12  516    1.0
  51369  87.65  43.97  601    0.5
  51434  81.53  43.97  771    5.2
  51435  82.23  43.47  776    5.1
  51436  83.25  43.45  929    5.2
  51438  81.77  43.18 1210    3.9
  51465  87.10  43.48 1874    0.8
  51468  86.83  43.10 3543    4.1
  51482  90.28  43.83 1271    2.4
  51559  86.40  42.32 1110    4.7
  51568  86.80  42.25 1086   13.2
  51571  88.63  42.80    2   0.01
  51572  89.25  42.83  -47   0.01
  51629  80.23  41.27 1134    0.3
  51636  82.62  41.53 1014    7.8
  51708  75.95  39.15 1324    0.1
  51722  80.40  40.65 1046    1.7
  51814  77.40  37.92 1360   0.01
  51826  80.80  37.02 1337    2.1
  51827  79.72  37.28 1326    0.2
  51829  80.17  37.08 1349    0.1
  52515  94.87  39.52 2138   0.01
  52557 100.17  39.15 1458    1.6
  52575 102.78  39.42 1240    0.3
  52643  99.62  38.83 2311    5.9
  52656 100.82  38.43 2282    9.1
  52745  99.02  37.30 3417   25.7
  52784 102.90  37.47 2073    2.0
  52842  99.08  36.78 3088   17.6
  52853 100.98  36.90 3011    9.4
  52855 101.25  36.68 2676    7.2
  52862 101.68  36.95 2451    6.9
  52863 101.95  36.82 2480   13.8
  52869 101.58  36.50 2665    9.0
  52874 102.40  36.48 1981   12.7
  52875 102.10  36.50 2129   10.0
  52877 102.25  36.10 2835   14.3
  52881 103.18  36.98 2485    9.8
  52885 103.25  36.75 2119   11.5
  52896 104.15  36.55 1739    6.4
  52957 100.60  35.25 3149    9.4
  52963 102.02  35.93 2086   12.2
  52968 101.47  35.03 3663    4.1
  52972 102.47  35.85 1870   10.7
  52978 102.52  35.20 2930    7.2
  52980 103.30  35.97 1649   10.4
  52981 103.38  35.67 2429   19.2
  52982 103.55  35.48 1954   15.3
  52985 103.33  35.42 2164   16.5
  52988 103.72  35.37 2000   17.0
  52993 104.07  35.68 1740   20.5
  52995 104.62  35.58 1898   18.3
  52998 104.20  35.13 2111   10.9
  53289 113.83  42.23 1322    0.7
  53367 111.23  41.32 1604    0.7
  53368 111.47  41.08 1640   0.01
  53378 112.62  41.28 1737    0.1
  53385 113.55  41.57 1387    0.2
  53392 114.60  41.85 1424    4.7
  53397 113.98  41.10 1377   30.5
  53455 110.53  40.55 1000   0.01
  53457 110.03  40.40 1012   0.01
  53464 111.17  40.72 1047    0.7
  53466 111.70  40.75 1046   0.01
  53467 111.18  40.27 1017    0.4
  53469 111.82  40.40 1164    1.5
  53472 112.57  40.87 1453    8.3
  53475 112.47  40.52 1272    7.3
  53481 113.22  40.80 1317    4.1
  53483 113.83  40.87 1269   17.6
  53484 113.15  40.45 1192    2.1
  53486 113.77  40.37 1050    0.9
  53488 113.58  40.03 1035    2.4
  53491 114.38  40.67  837    1.2
  53492 114.15  40.10  939    7.2
  53498 115.03  40.57  630    0.6
  53499 114.73  40.77  755    1.5
  53505 105.40  37.88 1382    1.9
  53518 106.35  39.03 1118   0.01
  53547 109.03  39.10 1312    0.9
  53553 111.22  39.87 1222   0.01
  53562 111.67  39.92 1192    1.2
  53565 111.50  39.43 1050   12.8
  53567 111.08  39.03  980    4.4
  53573 112.70  40.00 1337    7.9
  53574 112.27  39.52 1408   16.0
  53575 112.20  39.10 1526   18.0
  53576 112.82  39.50 1046   12.5
  53577 112.30  39.00 1441   11.3
  53579 112.90  39.02  861    1.2
  53580 113.10  39.82 1045    1.1
  53582 113.68  39.72 1094    0.6
  53584 113.17  39.57 1001    7.7
  53585 113.27  39.17  934    4.2
  53590 114.27  39.75  979   30.8
  53596 115.13  38.85   53   58.6
  53599 114.68  39.37  885    6.0
  53610 106.35  38.57 1106    0.3
  53611 106.55  38.88 1099    0.1
  53617 106.08  38.03 1119    0.4
  53618 106.25  38.28 1115    0.2
  53619 106.30  38.12 1117    0.3
  53644 108.83  38.60 1309    1.0
  53658 110.48  38.03  895   17.2
  53659 111.00  37.97 1164   27.0
  53660 111.08  39.02  893    4.5
  53662 111.58  38.72 1393    6.5
  53665 111.65  38.28 1183   14.2
  53666 111.93  38.35 1213    5.6
  53669 111.80  38.08 1151   13.5
  53674 112.70  38.42  799   13.7
  53676 112.98  38.50  760    4.6
  53677 112.48  37.93  808    3.4
  53678 112.67  38.07  899   15.3
  53679 112.55  37.73  776   12.7
  53680 114.38  38.30  109    8.1
  53681 113.37  38.83 1097    6.7
  53682 114.68  38.63  105   42.4
  53685 113.42  38.07  953   46.5
  53688 114.55  38.45   98    9.9
  53689 115.07  38.02   43    2.6
  53690 114.18  38.85  283    8.5
  53691 114.57  38.15   76   22.9
  53692 114.98  38.73   68   96.8
  53693 114.13  38.03  256    1.3
  53694 114.22  38.27  134    6.8
  53695 114.68  38.35   72   58.2
  53696 115.00  38.52   55   41.5
  53697 114.83  38.03   54    9.6
  53699 114.95  38.18   46   33.2
  53707 105.25  36.93 1699   15.3
  53727 107.12  37.17 1713   24.4
  53730 107.48  38.18 1335    1.2
  53732 108.72  37.85 1211   16.7
  53748 109.70  37.18 1064   43.0
  53750 110.18  37.77  931   32.4
  53751 110.05  37.60  897   36.8
  53753 110.88  37.43  861   35.5
  53756 110.72  37.52  744   22.8
  53757 110.12  37.12  938   57.8
  53759 110.83  36.98 1106   32.6
  53760 111.23  37.88 1212   14.3
  53763 112.17  37.92 1008   16.5
  53767 111.17  37.33 1212   28.5
  53768 111.75  37.15  770    6.0
  53769 111.78  37.25  749    4.4
  53770 112.35  37.35  769    0.1
  53771 112.05  37.42  751    0.9
  53773 114.62  36.33   66   40.8
  53774 112.33  37.62  774    5.2
  53776 112.77  37.68  831    4.1
  53777 112.15  37.53  760    1.7
  53778 112.22  37.17  780    0.9
  53780 113.15  37.90 1066    9.1
  53781 114.47  36.87   69   92.6
  53782 113.55  37.85  743   22.3
  53783 113.70  37.60  880   24.7
  53784 114.78  37.75   39   28.7
  53785 114.67  37.52   35   46.0
  53786 113.37  37.08 1134    0.7
  53788 113.57  37.33 1267    0.3
  53789 114.63  37.88   57   22.7
  53790 114.62  37.60   50   66.2
  53791 114.52  37.77   67    5.3
  53792 114.48  37.45  113   27.3
  53794 114.75  37.35   34   42.8
  53795 114.37  37.65  137   15.7
  53796 114.88  37.62   31   38.7
  53797 114.52  37.28   74   11.0
  53799 114.98  37.23   25    9.4
  53829 107.90  35.98 1094  107.3
  53832 108.77  36.77 1220   35.9
  53841 109.32  36.88 1069   43.4
  53848 109.35  36.27 1005   37.0
  53850 110.18  36.88  801   85.9
  53852 110.63  36.77  917   25.7
  53856 110.75  36.47  756   78.4
  53857 110.18  36.07  840   33.2
  53860 111.17  36.98 1407   17.2
  53861 111.42  35.88  425   39.6
  53862 111.77  36.83  809    1.2
  53864 111.10  36.40 1030   19.2
  53865 111.55  36.65 1012    4.6
  53866 111.67  36.23  464    7.1
  53869 111.70  36.58  550    3.2
  53871 112.85  36.83  965    2.7
  53872 112.68  36.77  962    3.2
  53873 112.87  36.12  951   11.1
  53874 111.90  36.25  650    6.3
  53875 112.35  36.52 1001    2.0
  53878 113.38  36.52  769   13.0
  53879 112.88  36.32  953    4.4
  53880 113.23  36.33  948   23.1
  53881 106.48  37.28 1382   12.6
  53883 114.70  37.13   36   31.1
  53885 113.20  36.13 1031    9.7
  53886 113.67  36.57  471   12.0
  53888 113.43  36.20 1088   17.8
  53889 113.82  36.07  308    4.9
  53890 114.15  36.68  234    2.5
  53891 114.68  37.02   44   20.8
  53892 114.47  36.62   67   47.0
  53893 114.95  36.77   40   38.6
  53894 114.22  36.42  128   29.3
  53895 114.50  36.78   61   66.9
  53896 114.95  36.35   51   51.8
  53897 114.38  36.38   71   19.0
  53899 114.97  36.48   49   26.5
  53906 105.72  35.52 1659   41.4
  53908 105.23  35.22 1769   19.9
  53914 106.12  35.62 2079   43.7
  53916 106.32  35.50 1949   67.7
  53917 106.07  35.22 1633   55.1
  53924 107.62  35.07  967   13.3
  53925 107.18  35.68 1174   83.2
  53926 107.35  35.35 1630   55.3
  53927 106.62  35.20 1478   75.9
  53928 107.02  35.30 1150   69.6
  53930 107.98  36.45 1270   78.4
  53931 109.37  36.00  983   35.7
  53934 108.02  35.82 1299   36.0
  53935 108.35  35.48 1443    8.4
  53937 107.92  35.52  980   23.9
  53938 108.30  35.17 1277    7.7
  53941 109.58  35.18  807   20.2
  53944 109.25  35.57  857   13.8
  53945 109.07  35.43 1394    9.4
  53946 109.82  35.60 1091   34.0
  53947 109.07  35.08  979   20.8
  53949 109.92  35.18  680    8.6
  53950 110.15  35.23  710    3.1
  53953 110.85  35.97  966    8.6
  53954 110.97  35.62  433    0.4
  53956 110.83  35.40  589    4.8
  53958 110.78  35.13  389    3.3
  53961 111.48  35.65  473    1.9
  53962 111.70  35.73  585   0.01
  53964 111.22  35.62  431    8.6
  53965 111.57  35.52  761    0.9
  53966 111.83  35.98  818    3.5
  53967 111.20  35.33  469   14.9
  53970 112.20  35.70  887    1.7
  53973 112.95  35.77  836   27.9
  53974 114.18  35.62   73   51.1
  53976 112.87  35.50  751   11.8
  53978 112.63  35.08  140    6.3
  53979 113.08  35.15  121    1.2
  53980 114.80  36.55   51   77.0
  53981 113.27  35.78 1311    3.1
  53982 113.27  35.23  113    9.5
  53983 114.42  35.03   70   12.6
  53984 113.47  35.23   83    3.4
  53985 113.82  35.45   97   66.4
  53987 113.42  35.10   91    1.0
  53988 113.67  35.27   78   20.4
  53989 113.95  35.05   77   15.2
  53991 114.35  35.93   75   22.2
  53992 114.52  35.65   59   40.2
  53993 114.92  35.93   52   58.3
  53994 114.07  35.38   71   36.8
  53995 114.50  35.55   64   99.0
  53996 114.65  36.45   58  112.8
  53997 114.18  35.15   72   27.2
  53998 114.65  35.20   62   30.2
  54024 119.30  44.45  710   16.1
  54047 123.28  44.13  146    0.3
  54065 125.65  44.53  173    5.7
  54069 125.80  44.17  175   11.0
  54072 126.52  44.85  203    2.5
  54076 126.93  44.42  254   29.3
  54080 127.15  44.90  196    6.5
  54092 129.40  44.60  294    1.4
  54093 130.55  44.93  266    0.8
  54113 118.65  43.53  623   15.6
  54117 117.53  43.25 1004    0.2
  54122 120.05  43.88  375    9.8
  54132 121.07  42.40  400   19.6
  54169 126.02  43.30  270    0.3
  54172 126.60  43.78  199    1.0
  54187 128.92  43.12  369    0.6
  54204 115.00  42.30 1347    1.6
  54205 116.00  42.23 1316    0.3
  54214 118.42  42.58  961    0.5
  54223 120.65  42.85  364   15.1
  54225 119.92  42.28  589   21.3
  54231 122.35  42.97  249    9.1
  54234 121.75  42.73  300    0.8
  54244 123.33  42.75  120    0.2
  54245 123.40  42.50   99    0.5
  54248 123.53  42.03   67    0.3
  54249 123.87  42.30   79   0.01
  54261 125.52  42.68  343    8.8
  54267 125.73  42.25  363    8.0
  54274 126.07  42.68  300    5.0
  54301 115.67  41.67 1414    3.8
  54304 115.28  40.97 1249    1.9
  54305 115.27  41.88 1468    3.6
  54313 118.70  41.93  734    1.2
  54316 118.75  41.52  680    1.0
  54318 117.73  41.32  562    2.6
  54319 118.67  41.00  509    2.9
  54320 119.30  41.60  546    1.7
  54321 119.63  41.87  661   17.5
  54323 120.78  41.82  253   18.6
  54325 120.35  41.18  183    5.2
  54327 119.35  41.23  421    8.5
  54328 119.72  41.08  300    7.3
  54330 121.37  41.17   61    4.7
  54331 121.77  41.58   83   10.1
  54332 122.72  41.52   13    4.9
  54336 122.42  41.42   13    5.7
  54338 121.95  41.28    4   11.8
  54340 123.32  41.67   47    3.0
  54345 123.07  41.20   29    1.9
  54347 123.17  41.23   25    1.3
  54348 123.32  41.42   43    3.2
  54398 116.62  40.13   29    1.8
  54399 116.28  39.98   46   13.4
  54404 115.83  40.88  868    2.2
  54408 115.22  40.38  531   19.0
  54410 116.13  40.60 1216   11.5
  54412 116.63  40.73  334    5.2
  54419 116.63  40.37   75    3.0
  54420 117.33  40.93  530    1.0
  54421 117.12  40.65  286    3.3
  54424 117.12  40.17   33    8.3
  54425 117.48  40.42  584   37.3
  54428 117.40  40.03   19   16.9
  54430 118.15  40.77  268    5.3
  54431 116.63  39.92   40   12.2
  54432 118.48  40.60  305    7.4
  54433 116.50  39.95   36    4.3
  54434 118.30  40.17  103    9.9
  54437 118.65  39.50   19    3.5
  54438 118.88  39.88   61   42.3
  54439 118.72  40.02   51   24.2
  54453 120.88  40.78   43   19.7
  54474 122.35  40.42   27    0.1
  54475 122.48  40.62   15    0.5
  54483 123.90  40.88  239    0.2
  54494 124.07  40.47   74    0.3
  54499 116.22  40.22   75    0.6
  54501 115.68  39.97  441    9.4
  54502 116.03  39.48   30   17.9
  54503 115.82  39.07   13    9.5
  54505 116.12  39.92   94    8.5
  54506 115.88  39.32   29   27.6
  54507 115.50  39.35   52   25.3
  54510 116.98  39.90   18   31.3
  54512 116.28  39.42   22   41.9
  54513 116.20  39.95   67    7.5
  54514 116.25  39.87   56    6.5
  54515 116.70  39.50   14   64.9
  54517 117.20  39.07    5    0.3
  54519 116.48  39.30   13   57.9
  54520 117.08  39.97   19   62.3
  54521 116.98  39.77   14   66.7
  54522 117.73  39.88   19   34.0
  54526 117.33  39.08   10    1.3
  54529 117.82  39.35   12    3.4
  54530 117.77  39.23    6   0.01
  54531 118.72  39.73   43   58.9
  54532 118.10  39.80   35   91.6
  54533 118.10  39.58    9   73.6
  54535 118.47  39.28    3   0.01
  54540 119.17  39.72   14   18.4
  54541 119.23  39.90   23   51.3
  54590 124.17  39.88    5    4.1
  54594 116.35  39.72   38   19.0
  54596 116.13  39.68   40   11.5
  54597 115.73  39.73  409   32.0
  54601 115.65  38.98   14   22.7
  54603 115.77  38.72   10   48.8
  54604 115.33  38.42   31   16.2
  54605 115.93  38.93    7    9.5
  54607 115.12  38.72   45   46.5
  54608 115.55  38.00   27   13.2
  54609 115.50  38.25   25   28.0
  54610 116.10  38.73    9    9.9
  54611 115.32  38.93   45   52.3
  54612 116.45  38.87    7   15.0
  54613 116.62  38.70    8    1.6
  54614 116.08  38.45   13   15.6
  54615 116.83  38.58    8    0.6
  54616 116.85  38.35    9   0.01
  54617 116.12  38.18   13    1.2
  54619 116.92  38.92    8    4.4
  54620 115.57  38.48   19   10.9
  54621 115.18  38.18   39   13.5
  54622 117.37  38.98    3    1.5
  54626 115.82  38.42   15    4.2
  54627 117.23  38.03    8   0.01
  54631 115.15  37.07   33   21.5
  54632 115.03  37.07   34   17.8
  54633 115.23  37.52   27   48.0
  54636 116.10  39.02   12   14.2
  54640 114.87  36.92   37    3.7
  54645 117.47  38.85    3    0.2
  54700 115.93  38.03   16    4.5
  54701 115.20  37.93   41    3.1
  54702 115.70  37.73   22    5.1
  54703 115.88  37.80   25    2.5
  54704 115.57  37.55   23   26.2
  54706 115.67  37.08   32    3.3
  54707 115.98  37.35   28    2.0
  54708 115.73  37.50   24   11.4
  54709 116.07  37.22   30   22.1
  54710 116.17  37.87   19    0.8
  54711 116.28  37.70   19   14.5
  54712 116.82  37.20   23   14.8
  54713 116.53  37.88   15    0.8
  54714 116.33  37.45   24   11.6
  54716 116.80  37.67   17    4.4
  54717 116.40  37.63   18    8.7
  54718 116.43  37.15   26   17.8
  54719 116.68  38.03   12    0.5
  54722 117.63  37.75    7    0.1
  54723 117.57  37.65   11    1.3
  54724 117.13  37.32   21   18.5
  54726 117.18  37.70   12    2.7
  54728 117.38  37.77   16    0.6
  54729 117.87  37.17   11   17.4
  54730 118.13  37.70   11    0.2
  54731 118.22  37.48   16    1.0
  54732 118.52  37.87   13   0.01
  54734 118.00  37.35   12    2.2
  54736 118.67  37.43    9    1.1
  54737 118.15  37.15   17   15.4
  54738 118.40  37.05   20   52.6
  54749 119.95  37.18   48   32.6
  54755 120.38  37.37  113   31.1
  54777 122.07  37.20  112    0.2
  54778 122.48  37.17   60    0.3
  54800 115.25  36.98   35   32.5
  54801 115.48  36.85   36    5.7
  54802 115.73  36.82   35   12.5
  54803 116.02  36.98   28    4.7
  54804 115.13  36.30   46   53.2
  54805 115.45  36.48   41   29.1
  54806 115.97  36.42   39   29.8
  54807 115.80  36.13   44   61.6
  54809 115.28  36.55   42   29.3
  54810 116.27  36.87   28   21.9
  54811 116.62  36.93   22   13.1
  54812 116.75  36.78   23   33.4
  54814 116.23  36.58   32   22.0
  54815 116.27  36.38   33   18.7
  54816 116.80  36.52   82   24.7
  54817 115.87  35.98   43   65.2
  54818 116.42  36.25   72   43.1
  54819 116.80  36.18  118   70.5
  54820 115.17  36.82   38   40.1
  54821 117.20  37.00   21   22.5
  54822 117.73  36.87   46   29.3
  54824 117.95  36.63   95    8.1
  54825 117.85  36.52  195   29.5
  54827 117.15  36.17  137   11.9
  54828 117.68  36.23  228    8.0
  54829 117.87  36.77   88   10.6
  54830 117.93  36.82   35    9.6
  54831 118.50  36.65  102    3.7
  54832 118.73  36.88   29   13.6
  54833 118.08  36.97   19   20.9
  54834 118.28  36.87   46   45.4
  54835 118.55  36.50  110    5.6
  54837 118.83  36.68   76    3.4
  54841 119.40  36.87    8   0.01
  54844 119.18  36.42   67    1.4
  54846 119.75  36.38   37    2.5
  54849 120.00  36.27   16    4.0
  54851 120.57  36.90   81   0.01
  54853 120.42  36.17   43    6.3
  54861 121.53  36.93   47    0.6
  54871 122.48  36.93    9    1.2
  54900 115.02  35.70   54   85.8
  54901 115.17  36.08   47   32.9
  54902 115.12  35.90   49   23.0
  54903 115.48  35.85   50   28.8
  54904 115.52  35.58   51   75.5
  54905 115.93  35.58   53   30.6
  54906 115.42  35.25   51    4.0
  54908 115.10  35.27   57    5.9
  54910 116.05  35.82   45   55.8
  54911 116.45  35.93   51   45.4
  54912 116.48  35.70   47    6.2
  54913 116.82  35.75   67    2.2
  54914 116.08  35.42   44    8.9
  54915 116.60  35.43   34    1.1
  54918 116.97  35.60   66    0.5
  54919 116.98  35.42  111    4.7
  54920 117.28  35.65  110    0.8
  54922 117.78  35.88  223   12.3
  54923 117.93  35.72  202    4.0
  54925 117.63  35.52  170    2.8
  54932 118.65  35.77  184   0.01
  54938 118.40  35.05   66    1.1
  54939 118.82  35.17  116   0.01
  54943 120.00  35.88   13   16.8
  56016  95.62  33.85 4181    2.3
  56045  99.90  33.97 4051    6.3
  56071 102.50  34.58 3107    6.5
  56081 103.35  34.70 2811   10.4
  56082 103.50  34.58 2544    5.6
  56084 103.23  34.07 2376    7.3
  56091 104.47  34.85 1884   12.2
  56092 104.65  35.00 1729   13.7
  56094 104.37  33.78 1400    4.6
  56095 104.38  34.03 1754   11.0
  56097 104.23  33.27 1407    3.3
  56147  98.83  31.22 3261    1.1
  56158 100.67  31.40 3250   16.5
  56164 100.98  32.27 3286   11.7
  56168 102.07  31.48 2170   14.3
  56171 101.70  32.90 3276    6.9
  56180 103.85  31.68 1591   36.9
  56181 103.70  30.68  543   91.0
  56183 103.58  31.47 1326   16.0
  56184 103.17  31.43 1884   0.01
  56185 102.98  32.08 2400    0.6
  56186 104.20  31.33  589   90.4
  56189 103.93  30.98  584  115.8
  56190 104.55  31.55  518   90.4
  56192 104.67  32.95 1016   25.9
  56193 104.52  32.42  894   79.8
  56194 104.45  31.82  679  108.7
  56195 104.73  31.78  531   21.2
  56197 104.18  31.13  537  128.1
  56198 104.50  31.32  523   43.3
  56263 101.88  30.88 1948    6.2
  56267 101.02  30.03 2598    3.5
  56272 103.88  30.82  560   74.7
  56273 102.82  30.38 1011   51.4
  56276 103.82  30.45  468   38.1
  56278 102.77  30.07  756   25.6
  56279 102.93  30.15  683   54.6
  56280 103.12  30.08  692  136.9
  56281 103.50  30.18  512   96.2
  56284 103.48  30.42  502   28.8
  56285 103.52  30.60  525  143.5
  56286 104.25  30.55  514   21.7
  56288 103.92  30.58  495   13.3
  56289 103.87  30.20  439   18.8
  56290 104.18  30.78  515  106.8
  56291 104.28  30.97  474   41.7
  56295 104.55  30.38  443   0.01
  56296 104.43  30.85  449   30.1
  56297 104.15  30.02  431   32.2
  56371 102.23  29.92 1322    3.6
  56373 102.85  29.78  763   89.3
  56376 102.68  29.35 1098    0.2
  56378 102.35  29.23  891    1.5
  56380 103.37  29.92  466   56.9
  56381 103.52  30.02  497   59.8
  56382 103.60  29.73  408   84.6
  56383 103.87  29.83  454   99.4
  56384 103.48  29.60  446   73.8
  56387 103.27  29.23  639   23.4
  56389 103.95  29.20  386   51.8
  56390 104.07  29.67  403   10.5
  56391 103.82  30.08  416   32.7
  56394 104.43  29.45  382    0.1
  56473 102.77  28.95 1061    0.4
  56474 102.17  28.55 1775   13.1
  56478 102.43  28.30 1819    2.7
  56480 103.53  28.82  564   25.4
  56483 103.95  28.60  412   12.8
  56487 103.13  28.33 1945    0.4
  56489 103.63  28.23  876    5.9
  56490 103.90  28.95  396   68.8
  56491 104.57  28.70  288    8.8
  56494 104.15  28.65  460    0.2
  56497 104.23  28.10  433    0.8
  56498 104.50  28.17  442    1.1
  56499 104.78  28.38  368    0.1
  56569 102.18  27.42 1381    1.3
  56575 102.55  27.37 1429    1.8
  56578 102.75  27.07 1093    0.1
  56580 102.80  27.72 2461   0.01
  56582 103.90  27.75 1177    0.3
  56584 103.25  27.70 1093    0.2
  56585 103.53  27.18 1916   0.01
  56592 104.52  28.43  360    1.1
  56594 104.05  27.63  884    4.1
  56598 104.73  27.13 1538    1.5
  56641  98.87  26.90 1191    1.3
  56645  99.42  26.42 2345    0.7
  56646  99.92  26.53 2193    2.5
  56649  99.97  26.10 2059    0.3
  56652 100.75  26.68 2131   0.01
  56654 100.18  26.58 2196   0.01
  56669 101.67  26.05 1531    0.5
  56670 102.12  26.90 1105   0.01
  56673 102.92  26.92  894    0.4
  56675 102.58  26.65 1695    0.7
  56688 103.17  26.10 1253    0.7
  56742  99.37  25.90 1663    0.2
  56745  99.95  25.68 1627   0.01
  56746  99.52  25.47 1618    2.9
  56752 100.57  25.83 1440   0.01
  56755 100.48  25.35 1670    0.7
  56757 100.28  25.27 1744    4.0
  56761 101.32  25.72 1873    0.5
  56764 101.23  25.53 1875    0.1
  56766 101.52  25.33 1769    0.9
  56767 101.28  25.18 1858   0.01
  56772 102.50  25.23 1694    0.5
  56774 102.42  25.53 1712    5.9
  56775 102.45  25.55 1752    4.8
  56777 102.07  25.15 1566    1.1
  56781 103.27  25.55 1874    0.2
  56782 103.55  25.42 2064    1.2
  56783 103.80  25.50 1906    0.4
  56785 103.03  25.33 1925    0.9
  56788 103.67  25.03 1842    0.1
  56835  97.82  24.07  958   49.3
  56836  97.95  24.70  828  120.4
  56839  98.82  23.77  994    5.3
  56840  98.30  24.82 1013   25.2
  56841  98.68  24.60 1527    9.8
  56842  99.18  24.73 1473    0.6
  56843  99.62  24.83 1650    3.0
  56844  98.58  24.43  915   26.6
  56846  99.93  24.58 1569    6.0
  56849  99.23  24.03 1607    5.0
  56851 100.52  25.03 1378    0.7
  56854 100.13  24.45 1108    5.1
  56862 101.60  24.68 1966   0.01
  56863 102.48  24.93 1850    0.4
  56867 101.12  23.98 1107    2.2
  56869 101.97  24.07 1498   10.4
  56870 102.17  24.67 1576    0.9
  56871 102.60  24.65 1894    0.2
  56872 102.62  24.95 2360    0.5
  56873 102.90  24.67 1752    2.9
  56876 102.77  24.28 1732    1.7
  56878 102.75  24.13 1802    0.9
  56879 102.92  24.20 1610    0.8
  56880 103.17  24.92 1532    1.2
  56881 103.27  24.75 1694    0.8
  56882 102.80  24.88 1909    0.3
  56883 103.98  24.83 1846    0.1
  56885 103.45  24.40 1416    0.2
  56891 104.32  24.98 1482    0.1
  56898 102.40  24.18 1542    3.2
  56944  99.27  23.15 1280   13.7
  56948  99.60  22.63 1156    6.8
  56949  99.60  22.32  946   37.4
  56950  99.80  23.47 1044    0.6
  56952 100.70  23.50  914   12.8
  56958 100.42  21.92 1177    4.2
  56961 101.05  23.03 1321   13.2
  56962 101.67  23.42 1315   36.2
  56970 102.48  23.70 1419    3.4
  56973 102.83  23.62 1310    1.0
  56975 102.43  23.37  975    8.4
  56976 102.83  23.23  229    1.3
  56978 102.42  23.00 1640   30.1
  56982 103.25  23.70 1055   0.01
  56984 103.15  23.38 1717    2.5
  56987 103.23  22.78 1261    4.2
  56989 103.95  22.50  138   13.4
  56992 104.70  23.45 1508    4.0
  56994 104.25  23.38 1277    3.4
  56995 104.42  23.03 1335    2.0
  56996 104.70  23.13 1094   0.01
  57001 105.33  34.75 1273   20.9
  57002 105.65  34.85 1217   30.4
  57004 104.88  34.73 1496   15.9
  57006 105.75  34.58 1142   37.4
  57007 105.18  34.18 1406   30.8
  57008 105.30  34.03 1578   24.1
  57011 106.15  34.75 1379   58.8
  57012 106.20  34.98 1665   64.1
  57016 107.13  34.35  613   12.6
  57020 107.40  34.37  563    0.3
  57021 107.13  34.65  751   15.7
  57022 107.78  34.68 1026    3.1
  57023 108.10  35.03  841    7.6
  57024 107.65  34.45  671    0.2
  57029 108.48  34.50  544    1.5
  57031 108.55  34.82 1013    6.1
  57032 108.20  34.13  436    0.8
  57033 108.82  34.55  429    1.2
  57035 108.23  34.55  636    0.8
  57036 108.93  34.30  398    1.7
  57038 108.45  34.28  411    0.3
  57039 108.88  34.08  445    5.2
  57040 109.08  34.52  378    9.3
  57041 108.92  34.63  425    8.4
  57042 109.18  34.78  473   17.5
  57043 109.97  34.80  352   29.3
  57044 109.23  34.40  424    0.2
  57045 109.48  34.52  354    6.1
  57053 110.72  34.70  507    0.8
  57054 110.23  34.55  557   18.4
  57055 110.08  34.55  352   15.6
  57056 110.88  34.53  390    4.4
  57057 110.15  34.10  961   0.01
  57060 111.23  35.17  404   15.6
  57061 111.20  34.83  411    8.6
  57063 111.77  34.77  524   20.0
  57066 111.67  34.38  329    2.9
  57070 112.12  34.73  358   15.8
  57072 112.75  34.92  128    0.1
  57079 113.03  34.95  106   0.01
  57082 113.02  34.47  428    0.2
  57086 113.72  34.38  116    1.5
  57087 113.80  34.20   88    7.9
  57088 113.50  34.15  117    0.9
  57090 113.97  34.72   79    1.2
  57093 114.82  34.85   74    0.3
  57094 114.22  34.40   71   0.01
  57095 114.15  34.12   61    7.8
  57102 105.72  33.75  971   44.6
  57105 105.60  33.33 1219   42.3
  57110 106.08  33.78  930   42.7
  57111 106.30  33.92  967   38.1
  57113 106.53  33.90  990   14.1
  57119 106.70  33.17  551   15.5
  57128 107.33  33.17  487    2.9
  57129 107.72  32.98  447   0.01
  57132 108.62  34.12  415    1.2
  57137 108.32  33.32  801   32.3
  57155 109.87  33.55  661    0.1
  57162 112.08  34.15  327    8.0
  57169 111.87  33.05  160   49.8
  57176 112.42  33.48  230    5.7
  57182 113.50  33.85   81    9.2
  57183 113.92  33.80   61   0.01
  57185 113.58  33.45   92   16.4
  57204 105.23  32.58  801  123.3
  57208 105.47  32.02  538   16.0
  57213 106.93  33.00  537   10.6
  57231 108.53  32.53  504    2.1
  57242 109.37  32.85  285   34.7
  57247 108.90  32.32  442    2.9
  57248 109.33  32.40  429    2.2
  57249 109.68  32.32  453    3.4
  57253 110.82  32.85  204   0.01
  57254 110.12  32.82  324    9.5
  57257 110.23  32.23  309   0.01
  57260 111.52  32.55  143    1.7
  57261 111.50  33.13  196   0.01
  57268 111.63  32.27   87    0.2
  57304 105.17  31.67  517    2.0
  57345 109.62  31.40  339    2.9
  57361 111.27  31.88  331   0.01
  57362 110.67  31.75  939   0.01
  57363 111.83  31.80  146   0.01
  57409 105.80  30.18  295    0.3
  57431 108.35  30.83  256   0.01
  57462 111.08  30.87  104   27.7
  57508 105.37  29.15  302   0.01
  57540 109.15  29.68  776   15.2
  57541 109.48  30.00  533   0.01
  57543 110.03  29.88  540    6.2
  57605 105.82  28.03  539   0.01
  57698 114.45  28.12   99   0.01
  57713 106.88  27.70  844   0.01
  57717 106.83  27.53  974   0.01
  57719 106.97  27.07 1280   0.01
  57728 107.47  27.07 1095    0.1
  57732 108.40  28.02  458    2.3
  57736 108.85  27.70  376    0.1
  57737 108.12  27.03  546   0.01
  57738 108.42  27.05  517   0.01
  57792 114.68  27.82   93   0.01
  57798 114.60  27.40   89    1.0
  57800 105.37  26.77 1458   0.01
  57807 105.47  26.20 1359    4.5
  57808 105.75  26.32 1272    2.3
  57809 105.75  26.07 1251    0.5
  57811 106.60  26.85 1242    1.4
  57813 106.47  26.57 1265   0.01
  57814 106.27  26.42 1285    1.9
  57818 106.45  26.03 1145    0.2
  57821 107.50  26.70  924    0.1
  57822 107.90  26.90  833    0.2
  57824 107.23  26.58 1005    0.1
  57828 107.58  26.50  983    5.9
  57829 107.80  26.20  964    0.3
  57837 108.07  26.40  838    0.1
  57859 110.63  26.03  409    7.7
  57865 111.58  26.47  166    0.1
  57867 111.28  26.40  169    4.4
  57876 112.83  26.43  118   0.01
  57900 105.22  25.83 1553   0.01
  57903 105.60  25.93 1138    0.1
  57905 105.63  25.40 1063    2.4
  57908 105.48  25.12 1393   0.01
  57911 106.65  26.67 1325   0.01
  57913 106.98  26.45 1095    0.2
  57914 106.67  26.42 1143    0.1
  57915 106.77  26.63 1102   0.01
  57923 107.87  25.98  418   0.01
  57927 107.18  24.97  283   0.01
  57936 108.92  25.75  255   0.01
  57941 109.60  25.78  198    1.1
  57942 110.00  25.80  267    4.4
  57948 109.25  25.08  123   0.01
  57949 110.00  24.98  157    1.4
  57954 110.18  25.23  158    1.0
  57955 110.67  25.62  224    9.0
  57956 110.32  25.42  169   14.7
  57958 110.32  25.08  152    0.8
  57960 111.07  25.93  192    5.6
  57962 111.65  25.97  166    0.7
  57964 111.15  25.50  258    2.7
  57971 112.20  25.92  225   0.01
  57975 112.20  25.38  278    0.4
  57976 112.95  25.42  226    3.5
  57978 112.55  25.28  291    0.1
  57981 113.22  25.98  141   0.01
  57985 113.68  25.57  608    4.4
  57988 113.35  25.15  103   14.8
  57989 113.73  25.10   96   0.01
  57990 114.30  25.70  252   0.01
  57992 114.75  25.67  129    0.3
  57994 114.35  25.40  208    3.6
  57995 114.93  25.40  166    1.0
  58012 116.58  34.68   40   0.01
  58020 117.13  34.80   38   0.01
  58021 117.28  34.78   80   21.6
  58022 117.57  34.75   48    3.4
  58024 117.58  34.87   78    3.4
  58025 117.73  34.57   32   14.2
  58030 118.07  34.85   47   10.3
  58032 118.65  34.93   75    2.8
  58035 118.35  34.33   30    0.9
  58036 118.73  34.52   39    0.3
  58041 119.43  34.78   22    4.3
  58044 119.23  34.53    5    4.3
  58045 119.60  34.20    8    2.2
  58049 119.82  34.03    7    1.9
  58113 116.75  33.93   35    1.9
  58116 116.83  33.98   32    7.4
  58131 118.27  33.98   28   24.1
  58139 118.88  33.30   13    1.0
  58140 119.30  33.77   13    0.1
  58145 119.17  33.53    8   0.01
  58146 119.77  33.47    7   0.01
  58147 118.97  32.98   28    0.6
  58223 117.98  32.78   38    0.1
  58230 118.27  32.08   34    1.7
  58234 118.42  32.47   43    0.4
  58235 118.85  32.37   16   0.01
  58237 118.62  32.05   22    0.7
  58257 120.25  31.98   12    0.1
  58335 118.52  31.57   16    0.3
  58340 119.03  31.65   23    0.5
  58361 121.37  31.10   10    0.6
  58370 121.55  31.22   11   0.01
  58443 119.90  31.02   19   0.01
  58451 120.93  30.83    3   0.01
  58452 120.77  30.73    4   0.01
  58461 121.12  31.13    8   0.01
  58462 121.23  31.03    9    0.2
  58565 121.43  29.68    6    3.0
  58647 119.13  28.07  196   0.01
  58747 119.35  27.15  900    1.8
  58814 116.35  26.35  237   0.01
  58906 115.80  25.60  167    0.1
  58917 116.10  25.08  307    0.6
  58923 117.83  25.70  397    0.1
  58928 117.53  25.02  160   0.01
  59001 105.33  24.78  674   0.01
  59012 106.55  24.78  973    1.4
  59015 106.57  24.35  442    0.1
  59017 106.27  24.27  279   0.01
  59022 107.55  24.98  695    2.5
  59025 107.38  24.53  249    2.3
  59027 107.25  24.13  244    6.4
  59031 108.25  24.83  205    8.4
  59033 108.90  24.78  330   29.8
  59034 108.67  24.48  149    3.0
  59038 108.65  24.07  142    4.1
  59041 109.25  24.65  109    4.9
  59044 109.38  24.47   99    4.7
  59045 109.75  24.48   95    6.1
  59047 109.33  24.25  101    4.5
  59051 110.50  24.77  133   18.9
  59052 110.82  24.83  167    0.8
  59053 110.67  24.62  108    2.7
  59055 110.40  24.50  166   16.6
  59057 110.18  24.13  827    4.4
  59059 110.80  24.18  107   20.8
  59061 111.27  24.82  198    2.5
  59063 111.45  25.18  262    1.2
  59064 111.32  24.55  141   16.1
  59071 112.28  24.73  175    4.0
  59074 112.15  24.57  300    3.3
  59075 112.63  24.48   70    1.2
  59081 113.27  24.78   98    6.1
  59090 114.07  24.95  103    0.9
  59091 114.53  24.75  257    0.3
  59094 114.12  24.37  135    0.3
  59106 115.90  24.58  152   14.1
  59109 115.73  24.15  126   32.4
  59114 116.17  24.65  131    5.9
  59205 105.63  23.65  688    3.1
  59213 106.92  23.73  113    0.3
  59215 106.62  23.33  640    2.2
  59224 107.12  23.60  116   19.5
  59227 107.15  23.08  438   31.1
  59229 107.70  23.18  101   10.0
  59230 108.17  23.72  173    6.9
  59235 108.62  23.43  116    0.7
  59238 108.80  23.22  123    4.0
  59241 109.68  23.97   91    5.5
  59246 109.67  23.60   70    2.6
  59249 109.62  23.12   56    7.8
  59255 110.38  23.55   37   29.6
  59256 110.92  23.37   56    1.5
  59264 111.50  23.40   79   32.5
  59266 111.23  23.42   46   16.2
  59268 111.53  23.25   31    8.6
  59269 111.77  23.15   27    5.0
  59270 112.18  23.92   78    6.2
  59276 112.65  23.35   40    1.5
  59279 112.87  23.18   18   0.01
  59284 113.22  23.38    6    0.9
  59285 113.60  23.57   39    0.1
  59290 114.23  23.73   71    0.1
  59297 114.28  23.18   16   0.01
  59310 116.18  23.77   39    1.7
  59314 116.13  23.30   27    7.1
  59315 116.38  23.58   25    0.6
  59318 116.58  23.27   10   0.01
  59419 106.75  22.10  243    2.3
  59421 107.20  22.83  257   28.7
  59425 107.35  22.40  107   0.01
  59427 107.07  22.12  162   0.01
  59429 107.97  22.15  183    0.6
  59432 108.40  22.80  203    0.3
  59435 108.48  22.77   75    4.9
  59441 109.25  22.70   78    2.4
  59448 109.55  22.27   70   14.2
  59449 109.98  22.30   80   40.7
  59451 110.35  22.70   99   17.4
  59452 110.53  22.85  100   17.1
  59454 111.00  22.92  104    4.8
  59457 110.27  22.32  120   29.6
  59469 111.78  22.17   33    6.3
  59470 112.22  22.72   33   0.01
  59471 112.05  22.93  102    2.4
  59473 112.97  22.77   20   0.01
  59476 113.03  22.53   35    4.9
  59477 112.30  22.18   25    0.5
  59481 113.32  22.93   16   0.01
  59500 115.32  22.97   10    0.1
  59502 115.65  22.95   11    4.2
  59635 108.35  21.62   26   29.3
  59640 109.18  21.67    6    3.5
  59650 110.25  21.38   25    1.1
  59653 110.85  21.93   35   34.0
  59654 110.30  21.63   28   60.5
  59655 110.62  21.65   35   29.3
  59659 110.92  21.75   32    4.6
  59750 110.10  20.92   25    1.7
  59757 110.37  20.00   10    3.3
  59847 109.05  19.27  101   0.01
  59851 110.33  19.70   25   0.01
  59940 109.17  18.75  156    3.9
  59941 109.52  18.77  328    4.2
  59945 109.70  18.65   65   25.5
  59951 110.33  18.80   38    0.3
