diamond  3 2013年07月06日08点24小时降雨量                    
  13  07  06  08    -1 3 10 25 50 1 0
 39 122.7  37.3 122.5  36.7 120.8  36.2 119.3  35.0 120.4  34.3
 121.1  32.7 122.3  30.9 122.5  30.1 121.5  28.0 119.8  25.0
 116.1  22.6 111.0  21.0 111.0  18.6 109.6  18.1 108.3  18.5
 108.9  19.9 109.3  21.0 106.4  21.6 104.1  22.2 101.6  20.8
  98.7  22.0  97.1  24.1  97.7  27.0  91.7  26.6  85.7  27.7
  78.9  30.6  73.3  37.1  74.1  40.7  87.6  49.8  98.5  43.9
 110.4  44.3 122.0  54.7 135.7  48.3 131.5  42.2 125.2  39.4
 121.3  38.5 121.2  40.3 118.5  38.6 120.8  38.1
1         519
  50137 122.37  53.47  297    0.4
  50431 121.52  50.78  718    0.5
  50445 123.73  50.58  424   0.01
  50566 128.47  49.55  117    6.1
  50655 126.18  48.50  267    2.2
  50659 126.25  48.03  293    0.1
  50673 130.40  48.88   92    6.7
  50674 129.43  48.57  404    2.4
  50767 127.10  47.23  204    4.3
  50772 129.23  48.10  299    8.1
  50775 130.27  47.33  229    1.3
  50776 130.83  47.57   84    1.0
  50778 132.53  47.67   59   30.0
  50779 134.28  48.37   41    7.5
  50787 131.85  47.28   63   12.6
  50859 126.27  46.25  160    0.1
  50861 127.48  46.88  186    0.1
  50867 127.35  46.08  134    0.2
  50871 129.88  46.73   96    4.3
  50878 130.72  47.00   80    1.4
  50879 130.55  46.22  187    1.2
  50880 131.12  46.73  104    1.8
  50884 131.15  46.63  176   0.01
  50892 134.00  46.80   57    4.4
  50960 127.45  45.78  192    0.5
  50962 128.03  45.95  113    0.1
  50964 128.80  45.83  123   0.01
  50965 128.30  45.45  157    0.3
  50971 131.02  45.77  226    0.4
  50985 131.87  45.55  155    2.4
  50987 131.13  45.25  181   10.4
  51058  87.97  47.10  564    0.8
  51352  85.25  44.85  338    8.7
  51353  86.10  45.02  347    1.8
  51356  86.05  44.32  444    9.4
  51357  85.62  44.33  523    9.8
  51359  86.20  44.32  473   13.6
  51368  87.32  44.12  516    1.8
  51369  87.65  43.97  601    0.3
  51377  87.92  44.17  547    1.3
  51378  89.17  44.02  735    3.8
  51434  81.53  43.97  771    0.1
  51435  82.23  43.47  776    3.7
  51436  83.25  43.45  929    3.9
  51438  81.77  43.18 1210    9.6
  51465  87.10  43.48 1874   23.9
  51468  86.83  43.10 3543    1.1
  51482  90.28  43.83 1271   10.8
  51559  86.40  42.32 1110   0.01
  51571  88.63  42.80    2   0.01
  51572  89.25  42.83  -47    0.2
  51636  82.62  41.53 1014   0.01
  51717  76.78  39.25 1207   0.01
  51722  80.40  40.65 1046    0.1
  51802  76.17  38.93 1299    0.1
  51827  79.72  37.28 1326   0.01
  52607 106.65  39.43 1253    4.6
  52745  99.02  37.30 3417    1.1
  52842  99.08  36.78 3088    0.7
  52853 100.98  36.90 3011    0.6
  52855 101.25  36.68 2676    0.2
  52869 101.58  36.50 2665    0.8
  52877 102.25  36.10 2835   0.01
  52881 103.18  36.98 2485    0.7
  52885 103.25  36.75 2119   0.01
  52968 101.47  35.03 3663    0.4
  52978 102.52  35.20 2930    0.1
  52980 103.30  35.97 1649   0.01
  53289 113.83  42.23 1322   0.01
  53324 107.05  41.07 1039   0.01
  53420 107.12  40.85 1024   0.01
  53512 106.80  39.80 1105    2.0
  53517 106.33  39.27 1466    0.7
  53518 106.35  39.03 1118   0.01
  53864 111.10  36.40 1030   0.01
  53875 112.35  36.52 1001   0.01
  53941 109.58  35.18  807    0.5
  53953 110.85  35.97  966    2.5
  53970 112.20  35.70  887    2.0
  53973 112.95  35.77  836   0.01
  53976 112.87  35.50  751   0.01
  53978 112.63  35.08  140   0.01
  54065 125.65  44.53  173    0.4
  54072 126.52  44.85  203    0.2
  54092 129.40  44.60  294    0.2
  54093 130.55  44.93  266    6.0
  54098 129.47  44.33  272    0.7
  54099 131.13  44.08  151    2.0
  54169 126.02  43.30  270    0.1
  54187 128.92  43.12  369   16.4
  54192 130.27  43.70  386    8.3
  54290 129.40  42.77  245    4.8
  54293 129.83  42.95  141    3.8
  54362 125.73  41.67  388    0.2
  54494 124.07  40.47   74   0.01
  54575 122.37  39.42   44   0.01
  54765 121.43  37.48   57    0.7
  54766 121.62  37.38   23   19.5
  54777 122.07  37.20  112   11.3
  54778 122.48  37.17   60   0.01
  54849 120.00  36.27   16    2.2
  54851 120.57  36.90   81   0.01
  54852 120.73  36.97   53   0.01
  54853 120.42  36.17   43    9.0
  54861 121.53  36.93   47   0.01
  56016  95.62  33.85 4181    3.7
  56045  99.90  33.97 4051    2.0
  56071 102.50  34.58 3107    0.3
  56084 103.23  34.07 2376    0.1
  56095 104.38  34.03 1754   0.01
  56171 101.70  32.90 3276    0.1
  56263 101.88  30.88 1948    1.4
  56267 101.02  30.03 2598    0.1
  56273 102.82  30.38 1011    0.1
  56278 102.77  30.07  756    0.2
  56279 102.93  30.15  683   0.01
  56280 103.12  30.08  692   0.01
  56371 102.23  29.92 1322    0.1
  56376 102.68  29.35 1098    0.6
  56378 102.35  29.23  891    1.1
  56387 103.27  29.23  639    1.0
  56389 103.95  29.20  386    0.1
  56393 104.85  29.77  370    3.4
  56394 104.43  29.45  382    0.1
  56395 104.67  29.52  349    4.3
  56396 104.77  29.35  352    3.2
  56399 104.98  29.18  307    3.1
  56441  99.28  28.72 2424    8.7
  56443  99.80  28.93 2842    6.2
  56473 102.77  28.95 1061    0.9
  56474 102.17  28.55 1775   11.0
  56478 102.43  28.30 1819    8.7
  56480 103.53  28.82  564    0.6
  56483 103.95  28.60  412    2.7
  56487 103.13  28.33 1945    6.6
  56489 103.63  28.23  876   10.5
  56490 103.90  28.95  396    0.7
  56491 104.57  28.70  288    1.2
  56493 104.97  28.85  297    6.5
  56494 104.15  28.65  460    4.3
  56496 105.23  28.32  330   16.2
  56497 104.23  28.10  433   14.8
  56498 104.50  28.17  442   15.0
  56499 104.78  28.38  368   14.7
  56567 100.85  27.30 2242   21.7
  56569 102.18  27.42 1381   32.3
  56575 102.55  27.37 1429   25.7
  56578 102.75  27.07 1093   23.3
  56580 102.80  27.72 2461   17.5
  56582 103.90  27.75 1177   21.9
  56584 103.25  27.70 1093   46.4
  56585 103.53  27.18 1916    6.9
  56592 104.52  28.43  360    6.3
  56593 104.92  28.58  281    5.7
  56594 104.05  27.63  884   19.3
  56595 104.87  27.42 1644    7.6
  56596 105.05  27.85 1176    5.9
  56598 104.73  27.13 1538    7.6
  56641  98.87  26.90 1191   18.7
  56645  99.42  26.42 2345   31.6
  56646  99.92  26.53 2193   29.5
  56649  99.97  26.10 2059   27.5
  56652 100.75  26.68 2131   37.8
  56654 100.18  26.58 2196   38.0
  56665 101.85  26.68 1140   10.2
  56669 101.67  26.05 1531   20.0
  56670 102.12  26.90 1105   36.9
  56673 102.92  26.92  894    8.3
  56674 101.73  26.50 1107   62.8
  56675 102.58  26.65 1695   25.2
  56688 103.17  26.10 1253   16.4
  56697 104.08  26.22 1987    9.2
  56742  99.37  25.90 1663    1.7
  56745  99.95  25.68 1627   24.8
  56746  99.52  25.47 1618    3.2
  56752 100.57  25.83 1440    3.7
  56755 100.48  25.35 1670    2.6
  56756 100.58  25.48 1993    3.5
  56757 100.28  25.27 1744    4.9
  56761 101.32  25.72 1873    6.6
  56764 101.23  25.53 1875    4.1
  56766 101.52  25.33 1769    0.3
  56767 101.28  25.18 1858    0.1
  56772 102.50  25.23 1694    0.2
  56774 102.42  25.53 1712    7.7
  56775 102.45  25.55 1752    6.5
  56777 102.07  25.15 1566    5.0
  56781 103.27  25.55 1874    1.4
  56782 103.55  25.42 2064   0.01
  56785 103.03  25.33 1925   0.01
  56835  97.82  24.07  958    8.8
  56836  97.95  24.70  828    7.0
  56839  98.82  23.77  994   24.6
  56840  98.30  24.82 1013   17.1
  56841  98.68  24.60 1527    4.3
  56842  99.18  24.73 1473    1.8
  56843  99.62  24.83 1650    1.0
  56844  98.58  24.43  915    2.3
  56846  99.93  24.58 1569    2.4
  56849  99.23  24.03 1607    1.9
  56851 100.52  25.03 1378    0.3
  56854 100.13  24.45 1108    5.2
  56862 101.60  24.68 1966   0.01
  56867 101.12  23.98 1107    3.2
  56869 101.97  24.07 1498    5.7
  56870 102.17  24.67 1576    0.4
  56871 102.60  24.65 1894    1.4
  56872 102.62  24.95 2360    0.2
  56876 102.77  24.28 1732   0.01
  56878 102.75  24.13 1802    0.3
  56879 102.92  24.20 1610   0.01
  56881 103.27  24.75 1694   0.01
  56882 102.80  24.88 1909   0.01
  56898 102.40  24.18 1542    0.5
  56944  99.27  23.15 1280   23.4
  56948  99.60  22.63 1156    4.9
  56949  99.60  22.32  946    1.1
  56950  99.80  23.47 1044    0.5
  56952 100.70  23.50  914    8.4
  56958 100.42  21.92 1177   0.01
  56961 101.05  23.03 1321    0.5
  56962 101.67  23.42 1315    0.7
  56970 102.48  23.70 1419   0.01
  56975 102.43  23.37  975   0.01
  56978 102.42  23.00 1640    2.6
  56984 103.15  23.38 1717    0.5
  56992 104.70  23.45 1508    0.6
  56995 104.42  23.03 1335    0.8
  56996 104.70  23.13 1094    0.1
  57057 110.15  34.10  961   0.01
  57063 111.77  34.77  524    3.9
  57065 112.18  34.50  196    0.3
  57066 111.67  34.38  329    0.1
  57070 112.12  34.73  358   0.01
  57074 112.42  34.42  198   0.01
  57075 112.87  34.17  203    0.1
  57140 109.12  33.67  818   11.9
  57155 109.87  33.55  661   0.01
  57173 112.88  33.75  147   11.8
  57176 112.42  33.48  230   11.9
  57177 113.53  33.33   91    0.3
  57179 113.00  33.28  161    1.1
  57242 109.37  32.85  285   0.01
  57247 108.90  32.32  442    0.2
  57248 109.33  32.40  429   0.01
  57249 109.68  32.32  453    0.1
  57253 110.82  32.85  204   0.01
  57254 110.12  32.82  324    0.6
  57257 110.23  32.23  309    2.3
  57260 111.52  32.55  143   0.01
  57261 111.50  33.13  196    6.8
  57268 111.63  32.27   87    3.5
  57271 112.38  32.55   89    0.6
  57292 114.63  32.97   44   0.01
  57293 114.98  32.73   39    0.2
  57295 114.35  32.62   83    0.4
  57296 114.73  32.35   50    8.5
  57298 114.55  32.22   56    5.3
  57299 114.90  32.02   50   23.4
  57308 105.38  31.22  421   0.01
  57318 106.55  31.07  339    0.2
  57320 107.22  31.93  483    0.2
  57324 107.08  31.58  363    1.3
  57326 107.72  31.37  390    9.1
  57329 107.85  31.10  462   79.8
  57333 108.67  31.95  800    3.9
  57338 108.42  31.18  213   23.5
  57339 108.68  30.95  296   13.1
  57345 109.62  31.40  339   27.1
  57349 109.87  31.07  270   17.1
  57361 111.27  31.88  331    0.7
  57362 110.67  31.75  939    2.0
  57363 111.83  31.80  146    1.2
  57368 111.63  31.05  138   18.7
  57370 112.22  31.73   68    3.2
  57377 112.22  31.00  184   10.9
  57385 113.82  31.63   94   21.6
  57387 113.13  31.00   80    9.0
  57388 113.70  31.27   55    5.2
  57389 113.75  31.03   33    8.3
  57390 114.07  31.80  731    7.4
  57396 114.85  31.63  130   25.1
  57398 114.62  31.28   76   24.5
  57402 105.70  30.77  395    0.1
  57407 105.03  30.28  464   0.01
  57408 105.35  30.12  333    1.0
  57409 105.80  30.18  295   0.01
  57413 106.97  30.85  295   48.2
  57414 106.45  30.55  396   0.01
  57415 106.63  30.47  336    1.5
  57416 106.93  30.33 3915    7.6
  57417 106.28  30.35  315    0.2
  57420 107.20  30.75  397   19.5
  57425 107.33  30.33  430   31.2
  57431 108.35  30.83  256   29.1
  57437 108.03  30.30  326   14.7
  57438 108.12  29.98  630   43.7
  57453 111.32  30.77  116   15.6
  57460 111.78  30.82   91    5.1
  57462 111.08  30.87  104   32.7
  57464 111.18  30.47  144   10.8
  57465 111.45  30.38   76   13.9
  57466 111.77  30.43   50   17.8
  57469 111.77  30.18   68  100.4
  57475 112.90  30.40   33   40.0
  57477 112.22  30.07   39   73.2
  57481 113.58  30.95   31   51.6
  57485 113.45  30.37   33  105.7
  57486 113.85  30.65   25   88.1
  57489 114.00  30.58   39   95.8
  57491 114.40  30.87   31   30.8
  57492 114.80  30.83   33   31.3
  57496 114.87  30.37   30   98.2
  57498 114.90  30.43   22   60.9
  57499 114.97  30.10   40    2.3
  57505 105.58  29.42  324   11.8
  57506 105.90  29.37  376    9.1
  57507 105.30  29.33  374    9.9
  57508 105.37  29.15  302    7.4
  57509 106.93  28.95  325   37.2
  57510 106.05  29.85  275    3.0
  57511 106.45  29.85  242    3.1
  57513 106.62  29.73  457   10.9
  57514 106.22  29.58  325    5.6
  57518 106.53  29.38  243   56.3
  57519 107.08  29.15  559   40.0
  57522 107.42  29.75  273   17.2
  57525 107.75  29.32  273    8.9
  57537 108.17  29.30  321    6.7
  57540 109.15  29.68  776   27.4
  57541 109.48  30.00  533   12.1
  57543 110.03  29.88  540   34.8
  57544 109.45  29.47  486   31.3
  57558 110.47  29.13  184    3.1
  57564 111.13  29.43  103   21.0
  57565 111.75  29.65   39   38.3
  57566 111.65  29.45   50    5.3
  57571 112.40  29.70   37    6.0
  57575 112.57  29.52   32    1.6
  57582 113.88  29.73   51    6.5
  57585 113.45  29.48   60    0.1
  57589 113.80  29.25  103   0.01
  57600 105.07  28.72  256    5.6
  57603 105.83  28.82  283   21.2
  57605 105.82  28.03  539    3.7
  57609 105.70  28.58  316   14.7
  57623 107.60  28.88  684   12.9
  57634 107.88  28.52  658   29.0
  57635 108.98  28.45  363    6.4
  57636 108.50  28.57  335    0.6
  57637 108.12  28.25  524   62.5
  57640 109.45  28.58  344    0.7
  57643 109.83  29.00  268    7.4
  57646 109.95  28.62  301   0.01
  57663 111.95  28.92   31    0.4
  57708 105.60  27.15 1704   19.0
  57713 106.88  27.70  844    0.8
  57714 106.23  27.47  942    3.9
  57717 106.83  27.53  974    1.8
  57719 106.97  27.07 1280   22.7
  57720 107.17  27.88  888   19.2
  57723 107.72  27.98  710   59.0
  57728 107.47  27.07 1095    3.8
  57732 108.40  28.02  458    0.8
  57734 108.23  27.57  468   0.01
  57800 105.37  26.77 1458   55.2
  57807 105.47  26.20 1359   0.01
  57808 105.75  26.32 1272   26.9
  57809 105.75  26.07 1251    0.4
  57811 106.60  26.85 1242    3.8
  57813 106.47  26.57 1265   14.0
  57814 106.27  26.42 1285   30.2
  57821 107.50  26.70  924    3.5
  57824 107.23  26.58 1005    1.2
  57900 105.22  25.83 1553   0.01
  57903 105.60  25.93 1138   0.01
  57911 106.65  26.67 1325    3.1
  57913 106.98  26.45 1095   0.01
  57914 106.67  26.42 1143   25.7
  57915 106.77  26.63 1102   25.4
  57941 109.60  25.78  198   0.01
  58016 116.97  34.18   39    0.1
  58022 117.57  34.75   48   0.01
  58025 117.73  34.57   32   0.01
  58101 115.48  33.87   42   0.01
  58107 115.25  33.07   40    0.1
  58127 117.20  32.98   23    0.1
  58145 119.17  33.53    8   0.01
  58147 118.97  32.98   28    6.6
  58148 119.30  33.23   11    0.1
  58202 115.58  32.63   37    0.2
  58205 115.43  32.47   36    1.0
  58207 115.05  32.17   42    9.0
  58210 116.23  32.65   25    0.4
  58212 116.73  32.72   27    0.4
  58214 116.28  32.33   37   41.6
  58220 117.15  32.47   32    4.0
  58222 117.55  32.85   31    2.6
  58223 117.98  32.78   38    3.1
  58224 117.02  32.65   36    4.3
  58230 118.27  32.08   34   77.4
  58234 118.42  32.47   43   10.6
  58235 118.85  32.37   16   22.2
  58237 118.62  32.05   22   60.5
  58240 119.02  32.68   25   11.7
  58242 119.18  32.28   14   28.7
  58243 119.83  32.93    7    0.9
  58244 119.58  32.45   10   26.5
  58245 119.42  32.42   14   24.2
  58246 119.90  32.52   11   36.0
  58247 119.82  32.25    5   19.2
  58249 120.00  32.17    8   30.3
  58250 120.15  32.52   10   29.4
  58254 120.45  32.52    5   23.1
  58257 120.25  31.98   12   32.5
  58264 121.18  32.33   11   21.6
  58268 121.08  32.10    8   28.9
  58269 121.65  31.78   12   37.4
  58301 115.38  31.82   90   94.3
  58306 115.88  31.68   94  149.5
  58316 116.95  31.47   26   56.1
  58317 116.37  30.87  434  129.8
  58320 117.13  31.73   26  100.6
  58323 117.47  31.88   29   89.4
  58327 117.28  31.25   24   68.8
  58329 117.87  31.33   24   56.6
  58330 118.08  31.75   20  136.1
  58331 118.37  31.73   26  144.4
  58334 118.37  31.38   23   42.3
  58335 118.52  31.57   16  114.8
  58337 118.18  31.08   30   81.4
  58339 118.90  31.33   24   69.6
  58340 119.03  31.65   23  134.5
  58341 119.58  31.98   10   46.1
  58342 119.55  31.72    7   76.2
  58344 119.20  31.97   35   68.3
  58346 119.82  31.33   15  113.1
  58349 120.63  31.27    9   55.6
  58351 120.30  31.90   12   34.4
  58352 120.77  31.65    8   71.0
  58353 120.57  31.87    6   25.4
  58359 120.62  31.13    9   41.9
  58360 121.20  31.92    6   21.1
  58361 121.37  31.10   10   16.5
  58365 121.25  31.37    9   72.5
  58366 121.40  31.63    9   83.2
  58367 121.43  31.20   18   21.1
  58369 121.78  31.05    9   18.1
  58370 121.55  31.22   11   20.6
  58377 121.10  31.47    6   58.2
  58401 115.40  30.78  106   68.0
  58404 115.22  30.47   57   66.1
  58408 115.43  30.23   35    7.6
  58409 115.93  30.07   20    0.6
  58415 116.58  30.63   38   65.4
  58416 116.82  30.75   38  105.0
  58417 116.13  30.17   50    0.8
  58418 116.70  30.13   26    0.1
  58420 117.22  30.72   38   60.0
  58421 117.87  30.63   32  176.0
  58423 117.78  30.48  643   57.3
  58426 118.13  30.30  192   0.01
  58427 117.48  30.67   36  106.4
  58428 117.48  30.22  115    0.6
  58431 118.32  30.92   17  109.0
  58432 118.40  30.68   39  105.8
  58433 118.75  30.93   30  147.6
  58435 118.53  30.30  221    0.1
  58438 118.58  30.08  197    0.1
  58441 119.42  30.87   53   64.5
  58442 119.18  31.13   16  108.3
  58443 119.90  31.02   19   40.5
  58446 119.68  30.63   25   22.6
  58451 120.93  30.83    3    7.1
  58452 120.77  30.73    4    5.3
  58454 119.97  30.53    5   14.3
  58455 120.65  30.52    8   17.8
  58456 120.52  30.63    6   12.4
  58458 120.90  30.53    3    9.0
  58460 121.35  30.73    6    5.2
  58461 121.12  31.13    8   30.3
  58462 121.23  31.03    9   12.8
  58463 121.50  30.88    9    5.9
  58508 115.77  29.33   42    0.9
  58512 116.55  29.90   66    0.6
  58563 121.83  29.88    4   0.01
  58701 115.40  27.77   47    0.3
  58928 117.53  25.02  160    0.1
  59022 107.55  24.98  695   0.01
  59033 108.90  24.78  330   0.01
  59041 109.25  24.65  109    1.1
  59052 110.82  24.83  167    6.8
  59053 110.67  24.62  108    1.7
  59055 110.40  24.50  166    0.1
  59059 110.80  24.18  107    0.1
  59064 111.32  24.55  141   0.01
  59125 117.30  24.38  105   0.01
  59137 118.57  24.82   55    1.0
  59227 107.15  23.08  438   0.01
  59249 109.62  23.12   56    2.8
  59312 116.63  23.67   11    1.8
  59313 116.98  23.68   42   0.01
  59314 116.13  23.30   27    1.0
  59320 117.13  23.77   27   0.01
  59427 107.07  22.12  162   0.01
  59441 109.25  22.70   78    5.4
  59448 109.55  22.27   70    1.2
  59449 109.98  22.30   80   0.01
  59492 114.70  22.92   43    0.2
  59500 115.32  22.97   10    5.9
  59635 108.35  21.62   26    0.2
  59640 109.18  21.67    6   28.4
  59650 110.25  21.38   25   22.4
  59654 110.30  21.63   28    1.4
  59847 109.05  19.27  101    0.1
  59848 109.43  19.23  219   0.01
  59941 109.52  18.77  328   15.0
  59945 109.70  18.65   65    4.3
  59951 110.33  18.80   38    0.7
