diamond  3 2013年07月17日08点24小时降雨量                    
  13  07  17  08    -1 3 10 25 50 1 0
 39 122.7  37.3 122.5  36.7 120.8  36.2 119.3  35.0 120.4  34.3
 121.1  32.7 122.3  30.9 122.5  30.1 121.5  28.0 119.8  25.0
 116.1  22.6 111.0  21.0 111.0  18.6 109.6  18.1 108.3  18.5
 108.9  19.9 109.3  21.0 106.4  21.6 104.1  22.2 101.6  20.8
  98.7  22.0  97.1  24.1  97.7  27.0  91.7  26.6  85.7  27.7
  78.9  30.6  73.3  37.1  74.1  40.7  87.6  49.8  98.5  43.9
 110.4  44.3 122.0  54.7 135.7  48.3 131.5  42.2 125.2  39.4
 121.3  38.5 121.2  40.3 118.5  38.6 120.8  38.1
1         661
  50137 122.37  53.47  297   14.9
  50431 121.52  50.78  718    1.8
  50445 123.73  50.58  424   13.5
  50524 119.43  49.32  578    0.2
  50525 119.75  49.15  621    0.4
  50526 120.70  49.28  670    0.8
  50566 128.47  49.55  117   26.9
  50645 124.48  48.48  196    9.6
  50646 124.85  48.48  204   14.0
  50647 123.48  48.13  237    8.0
  50655 126.18  48.50  267   27.9
  50659 126.25  48.03  293   19.0
  50673 130.40  48.88   92   23.5
  50674 129.43  48.57  404   19.1
  50741 123.50  47.93  186    1.8
  50749 124.83  47.18  159   10.0
  50750 125.30  47.90  228   23.7
  50755 126.10  47.60  232   35.6
  50767 127.10  47.23  204   21.4
  50772 129.23  48.10  299   17.2
  50775 130.27  47.33  229   26.4
  50776 130.83  47.57   84   22.2
  50778 132.53  47.67   59   16.6
  50779 134.28  48.37   41   0.01
  50787 131.85  47.28   63   18.8
  50833 122.90  46.72  189   0.01
  50842 124.42  46.83  145    2.2
  50851 126.08  46.68  209   21.0
  50852 126.45  46.83  170   14.8
  50858 125.93  46.07  136   11.7
  50859 126.27  46.25  160   11.7
  50861 127.48  46.88  186   10.3
  50867 127.35  46.08  134   11.7
  50871 129.88  46.73   96   24.4
  50878 130.72  47.00   80   21.8
  50879 130.55  46.22  187   10.1
  50880 131.12  46.73  104    6.3
  50884 131.15  46.63  176    6.8
  50892 134.00  46.80   57    0.3
  50946 124.83  45.18  140   11.9
  50954 125.08  45.50  129   13.8
  50956 126.57  45.93  117   26.7
  50958 126.95  45.52  175    5.9
  50960 127.45  45.78  192    2.5
  50962 128.03  45.95  113   26.9
  50964 128.80  45.83  123   28.6
  50965 128.30  45.45  157   15.0
  50971 131.02  45.77  226    4.6
  50979 130.23  45.27  279    4.2
  50985 131.87  45.55  155   30.5
  50987 131.13  45.25  181    9.4
  51058  87.97  47.10  564    0.5
  51145  83.65  46.55  523   0.01
  51468  86.83  43.10 3543    1.4
  51482  90.28  43.83 1271    0.3
  51826  80.80  37.02 1337   0.01
  51827  79.72  37.28 1326   0.01
  51829  80.17  37.08 1349   0.01
  52643  99.62  38.83 2311   0.01
  52656 100.82  38.43 2282   0.01
  52745  99.02  37.30 3417   16.0
  52784 102.90  37.47 2073    1.9
  52842  99.08  36.78 3088   10.1
  52853 100.98  36.90 3011    1.4
  52855 101.25  36.68 2676    0.4
  52862 101.68  36.95 2451    1.0
  52863 101.95  36.82 2480    0.1
  52869 101.58  36.50 2665    1.7
  52874 102.40  36.48 1981    1.2
  52875 102.10  36.50 2129    1.8
  52877 102.25  36.10 2835    0.5
  52881 103.18  36.98 2485   0.01
  52885 103.25  36.75 2119   0.01
  52896 104.15  36.55 1739   0.01
  52957 100.60  35.25 3149   15.7
  52963 102.02  35.93 2086   0.01
  52968 101.47  35.03 3663    7.3
  52972 102.47  35.85 1870    0.6
  52978 102.52  35.20 2930    0.4
  52981 103.38  35.67 2429   0.01
  52982 103.55  35.48 1954   0.01
  52985 103.33  35.42 2164    0.7
  52988 103.72  35.37 2000   0.01
  53547 109.03  39.10 1312    0.5
  53611 106.55  38.88 1099   0.01
  53618 106.25  38.28 1115   0.01
  53644 108.83  38.60 1309    8.8
  53753 110.88  37.43  861    0.1
  53784 114.78  37.75   39    0.3
  53881 106.48  37.28 1382   0.01
  53896 114.95  36.35   51    0.1
  53937 107.92  35.52  980   0.01
  53947 109.07  35.08  979    0.4
  54047 123.28  44.13  146   0.01
  54065 125.65  44.53  173    8.6
  54069 125.80  44.17  175    8.7
  54072 126.52  44.85  203    8.1
  54076 126.93  44.42  254   14.1
  54080 127.15  44.90  196   10.6
  54092 129.40  44.60  294   26.9
  54093 130.55  44.93  266    6.8
  54098 129.47  44.33  272   31.1
  54099 131.13  44.08  151   17.8
  54154 124.30  43.35  163    3.7
  54155 124.23  43.67  145    1.9
  54156 124.80  43.52  200    3.2
  54164 125.28  43.35  249    4.6
  54169 126.02  43.30  270   24.2
  54172 126.60  43.78  199   21.3
  54187 128.92  43.12  369   31.6
  54192 130.27  43.70  386   13.6
  54244 123.33  42.75  120    2.1
  54245 123.40  42.50   99    3.1
  54248 123.53  42.03   67   22.9
  54249 123.87  42.30   79    8.3
  54252 124.75  42.73  198   17.7
  54261 125.52  42.68  343   13.7
  54267 125.73  42.25  363   39.5
  54274 126.07  42.68  300   41.5
  54290 129.40  42.77  245   13.8
  54291 130.28  42.90   37   43.7
  54293 129.83  42.95  141   29.6
  54330 121.37  41.17   61    0.8
  54331 121.77  41.58   83    0.5
  54332 122.72  41.52   13    1.7
  54336 122.42  41.42   13    0.8
  54338 121.95  41.28    4    1.0
  54340 123.32  41.67   47   10.8
  54345 123.07  41.20   29   13.0
  54347 123.17  41.23   25   14.7
  54348 123.32  41.42   43   14.8
  54362 125.73  41.67  388   56.3
  54371 126.43  41.93  521   42.4
  54453 120.88  40.78   43   0.01
  54474 122.35  40.42   27   12.5
  54475 122.48  40.62   15   10.7
  54483 123.90  40.88  239   29.5
  54494 124.07  40.47   74   77.7
  54568 121.70  39.08   40   35.3
  54569 121.97  39.40   35   57.0
  54575 122.37  39.42   44   46.3
  54590 124.17  39.88    5   46.8
  54731 118.22  37.48   16   0.01
  54732 118.52  37.87   13   0.01
  54736 118.67  37.43    9    0.7
  54749 119.95  37.18   48    4.4
  54752 120.77  37.80   64   38.3
  54755 120.38  37.37  113   15.0
  54759 120.83  37.30  172    5.6
  54765 121.43  37.48   57    1.4
  54766 121.62  37.38   23    3.1
  54777 122.07  37.20  112    0.7
  54778 122.48  37.17   60    4.0
  54824 117.95  36.63   95   0.01
  54828 117.68  36.23  228   0.01
  54831 118.50  36.65  102    0.3
  54832 118.73  36.88   29   0.01
  54835 118.55  36.50  110   0.01
  54837 118.83  36.68   76   0.01
  54841 119.40  36.87    8    1.8
  54844 119.18  36.42   67    2.2
  54846 119.75  36.38   37    6.9
  54848 119.42  35.98   81    7.0
  54849 120.00  36.27   16    6.7
  54851 120.57  36.90   81    3.6
  54852 120.73  36.97   53    4.2
  54853 120.42  36.17   43    4.7
  54855 120.47  36.38   30    9.6
  54861 121.53  36.93   47    2.6
  54871 122.48  36.93    9    0.3
  54925 117.63  35.52  170   0.01
  54927 117.20  35.10   79    0.1
  54932 118.65  35.77  184    2.8
  54935 118.43  35.53  120    7.1
  54938 118.40  35.05   66   14.4
  54939 118.82  35.17  116   14.6
  54940 119.20  35.75  147   17.0
  54943 120.00  35.88   13    3.6
  56016  95.62  33.85 4181   22.5
  56045  99.90  33.97 4051    2.9
  56071 102.50  34.58 3107    1.9
  56081 103.35  34.70 2811   0.01
  56082 103.50  34.58 2544   0.01
  56084 103.23  34.07 2376   0.01
  56091 104.47  34.85 1884    0.1
  56092 104.65  35.00 1729   0.01
  56095 104.38  34.03 1754   0.01
  56097 104.23  33.27 1407    1.0
  56158 100.67  31.40 3250    6.5
  56164 100.98  32.27 3286   19.2
  56168 102.07  31.48 2170   11.9
  56171 101.70  32.90 3276   33.4
  56180 103.85  31.68 1591    0.2
  56183 103.58  31.47 1326   0.01
  56184 103.17  31.43 1884   0.01
  56185 102.98  32.08 2400    6.2
  56186 104.20  31.33  589   0.01
  56192 104.67  32.95 1016    0.7
  56193 104.52  32.42  894    0.9
  56197 104.18  31.13  537   0.01
  56198 104.50  31.32  523   0.01
  56267 101.02  30.03 2598    1.1
  56273 102.82  30.38 1011    0.2
  56278 102.77  30.07  756   0.01
  56279 102.93  30.15  683   0.01
  56280 103.12  30.08  692    0.1
  56284 103.48  30.42  502    1.3
  56285 103.52  30.60  525    1.1
  56295 104.55  30.38  443   0.01
  56296 104.43  30.85  449   0.01
  56298 104.60  30.13  415   0.01
  56371 102.23  29.92 1322    5.0
  56373 102.85  29.78  763   0.01
  56376 102.68  29.35 1098    0.3
  56378 102.35  29.23  891    4.1
  56380 103.37  29.92  466    0.6
  56382 103.60  29.73  408   13.7
  56393 104.85  29.77  370   0.01
  56473 102.77  28.95 1061    2.7
  56474 102.17  28.55 1775   23.3
  56478 102.43  28.30 1819    4.7
  56483 103.95  28.60  412    0.2
  56487 103.13  28.33 1945   21.8
  56489 103.63  28.23  876   0.01
  56575 102.55  27.37 1429    0.3
  56578 102.75  27.07 1093   0.01
  56580 102.80  27.72 2461   0.01
  56585 103.53  27.18 1916    2.5
  56594 104.05  27.63  884    1.0
  56595 104.87  27.42 1644    0.7
  56596 105.05  27.85 1176   0.01
  56641  98.87  26.90 1191    1.3
  56645  99.42  26.42 2345   0.01
  56670 102.12  26.90 1105    4.1
  56675 102.58  26.65 1695    1.0
  56688 103.17  26.10 1253    0.2
  56697 104.08  26.22 1987   0.01
  56742  99.37  25.90 1663   0.01
  56745  99.95  25.68 1627   0.01
  56746  99.52  25.47 1618   0.01
  56755 100.48  25.35 1670   0.01
  56757 100.28  25.27 1744   16.0
  56761 101.32  25.72 1873   0.01
  56774 102.42  25.53 1712   0.01
  56775 102.45  25.55 1752    0.4
  56777 102.07  25.15 1566   0.01
  56788 103.67  25.03 1842   0.01
  56835  97.82  24.07  958    2.3
  56836  97.95  24.70  828    6.9
  56839  98.82  23.77  994   17.1
  56840  98.30  24.82 1013    0.2
  56841  98.68  24.60 1527   27.7
  56842  99.18  24.73 1473    0.5
  56843  99.62  24.83 1650    6.6
  56844  98.58  24.43  915    4.5
  56846  99.93  24.58 1569    1.3
  56849  99.23  24.03 1607    3.9
  56854 100.13  24.45 1108   12.4
  56862 101.60  24.68 1966   0.01
  56867 101.12  23.98 1107    2.3
  56869 101.97  24.07 1498   0.01
  56871 102.60  24.65 1894    0.3
  56876 102.77  24.28 1732    3.4
  56878 102.75  24.13 1802    0.1
  56879 102.92  24.20 1610   43.1
  56881 103.27  24.75 1694    0.3
  56889 104.17  24.05 1518    2.6
  56891 104.32  24.98 1482   0.01
  56898 102.40  24.18 1542   0.01
  56944  99.27  23.15 1280    3.2
  56948  99.60  22.63 1156   19.5
  56949  99.60  22.32  946   16.5
  56950  99.80  23.47 1044    2.8
  56952 100.70  23.50  914    1.7
  56958 100.42  21.92 1177    0.4
  56961 101.05  23.03 1321   24.5
  56962 101.67  23.42 1315    3.8
  56976 102.83  23.23  229    6.8
  56978 102.42  23.00 1640   21.0
  56984 103.15  23.38 1717    0.6
  56987 103.23  22.78 1261   18.3
  56989 103.95  22.50  138    0.1
  56992 104.70  23.45 1508    0.1
  56994 104.25  23.38 1277   29.2
  56995 104.42  23.03 1335    9.8
  56996 104.70  23.13 1094    0.2
  57001 105.33  34.75 1273   0.01
  57002 105.65  34.85 1217   0.01
  57004 104.88  34.73 1496   0.01
  57006 105.75  34.58 1142   0.01
  57007 105.18  34.18 1406    0.2
  57008 105.30  34.03 1578   0.01
  57011 106.15  34.75 1379   0.01
  57016 107.13  34.35  613   0.01
  57020 107.40  34.37  563   0.01
  57027 107.73  34.27  518   0.01
  57032 108.20  34.13  436    0.1
  57057 110.15  34.10  961    0.4
  57102 105.72  33.75  971   0.01
  57105 105.60  33.33 1219    0.1
  57110 106.08  33.78  930    0.1
  57111 106.30  33.92  967    0.4
  57113 106.53  33.90  990    1.6
  57119 106.70  33.17  551    0.1
  57126 107.55  33.22  470    4.6
  57128 107.33  33.17  487   11.6
  57129 107.72  32.98  447    3.4
  57137 108.32  33.32  801    4.7
  57140 109.12  33.67  818    0.6
  57153 110.33  33.68  584    0.3
  57155 109.87  33.55  661    0.5
  57188 114.03  33.37   56   0.01
  57189 113.95  33.13   65    0.1
  57192 114.85  33.73   47    0.1
  57194 114.27  33.28   60    0.3
  57195 114.62  33.62   47   0.01
  57196 114.87  33.47   42    0.3
  57197 114.33  33.00   54   0.01
  57198 114.62  33.55   47   0.01
  57204 105.23  32.58  801    0.2
  57208 105.47  32.02  538   0.01
  57213 106.93  33.00  537   44.9
  57216 106.83  32.35  577   28.0
  57231 108.53  32.53  504    2.4
  57233 108.50  32.90  413    0.1
  57247 108.90  32.32  442   0.01
  57268 111.63  32.27   87    0.1
  57271 112.38  32.55   89    0.1
  57273 112.85  32.68  110    0.3
  57281 113.30  32.70  142    0.2
  57292 114.63  32.97   44    0.4
  57293 114.98  32.73   39   41.5
  57294 114.02  32.83   84    0.3
  57295 114.35  32.62   83   58.3
  57296 114.73  32.35   50    2.8
  57298 114.55  32.22   56    3.5
  57299 114.90  32.02   50   0.01
  57303 105.92  31.73  460    0.2
  57304 105.17  31.67  517   0.01
  57314 106.07  31.35  385   18.3
  57315 106.40  31.53  658    3.0
  57317 106.42  31.03  323    8.7
  57318 106.55  31.07  339   31.4
  57320 107.22  31.93  483   72.4
  57324 107.08  31.58  363   47.8
  57326 107.72  31.37  390   67.5
  57329 107.85  31.10  462   10.3
  57333 108.67  31.95  800    2.7
  57338 108.42  31.18  213    0.7
  57339 108.68  30.95  296    1.3
  57345 109.62  31.40  339    1.6
  57349 109.87  31.07  270    0.8
  57361 111.27  31.88  331    2.3
  57362 110.67  31.75  939   0.01
  57363 111.83  31.80  146   0.01
  57368 111.63  31.05  138   0.01
  57377 112.22  31.00  184   38.1
  57385 113.82  31.63   94    0.3
  57387 113.13  31.00   80    0.1
  57388 113.70  31.27   55   0.01
  57389 113.75  31.03   33   0.01
  57390 114.07  31.80  731    4.2
  57401 105.37  30.87  380    0.9
  57402 105.70  30.77  395    0.8
  57407 105.03  30.28  464    0.1
  57408 105.35  30.12  333   0.01
  57409 105.80  30.18  295    0.2
  57413 106.97  30.85  295  117.3
  57414 106.45  30.55  396    9.1
  57415 106.63  30.47  336    1.3
  57416 106.93  30.33 3915    1.1
  57420 107.20  30.75  397   16.5
  57431 108.35  30.83  256    0.3
  57453 111.32  30.77  116   20.5
  57460 111.78  30.82   91   24.8
  57462 111.08  30.87  104   10.1
  57464 111.18  30.47  144   18.9
  57465 111.45  30.38   76   11.6
  57466 111.77  30.43   50    0.6
  57469 111.77  30.18   68    0.3
  57481 113.58  30.95   31   0.01
  57486 113.85  30.65   25   0.01
  57499 114.97  30.10   40    0.4
  57509 106.93  28.95  325    1.5
  57540 109.15  29.68  776   41.4
  57541 109.48  30.00  533   41.0
  57543 110.03  29.88  540   47.5
  57565 111.75  29.65   39    2.8
  57577 112.17  29.40   37    1.8
  57590 114.37  29.85   64    0.4
  57605 105.82  28.03  539    0.8
  57640 109.45  28.58  344    1.2
  57661 111.48  28.92   51    9.9
  57698 114.45  28.12   99   0.01
  57792 114.68  27.82   93    0.9
  57796 114.93  27.80   79   0.01
  57798 114.60  27.40   89   0.01
  57808 105.75  26.32 1272   0.01
  57811 106.60  26.85 1242   0.01
  57814 106.27  26.42 1285    0.3
  57829 107.80  26.20  964    0.1
  57837 108.07  26.40  838    0.2
  57860 111.28  27.00  282    0.2
  57876 112.83  26.43  118   0.01
  57882 113.55  26.78  135    1.3
  57891 114.25  26.93  144   0.01
  57895 114.78  26.47   96    0.1
  57899 114.92  26.80   66   0.01
  57903 105.60  25.93 1138   0.01
  57921 107.32  25.83  710    0.5
  57923 107.87  25.98  418   0.01
  57927 107.18  24.97  283    4.8
  57942 110.00  25.80  267    0.3
  57948 109.25  25.08  123    5.0
  57949 110.00  24.98  157    2.8
  57954 110.18  25.23  158    8.0
  57955 110.67  25.62  224    0.6
  57956 110.32  25.42  169    0.1
  57958 110.32  25.08  152    4.5
  57976 112.95  25.42  226    9.1
  57985 113.68  25.57  608    0.1
  57990 114.30  25.70  252   0.01
  57992 114.75  25.67  129   0.01
  57994 114.35  25.40  208   0.01
  58006 115.88  34.38   47   0.01
  58012 116.58  34.68   40    2.0
  58013 116.90  34.75   40    1.8
  58016 116.97  34.18   39   0.01
  58017 116.13  34.25   42    0.4
  58020 117.13  34.80   38    4.7
  58021 117.28  34.78   80   13.2
  58022 117.57  34.75   48   36.9
  58024 117.58  34.87   78   23.2
  58025 117.73  34.57   32   34.5
  58030 118.07  34.85   47   22.3
  58032 118.65  34.93   75   19.7
  58035 118.35  34.33   30    2.7
  58036 118.73  34.52   39    9.0
  58041 119.43  34.78   22    7.6
  58044 119.23  34.53    5    9.8
  58045 119.60  34.20    8   76.6
  58048 119.35  34.12    9   11.3
  58049 119.82  34.03    7   57.3
  58104 115.07  33.40   42    0.2
  58107 115.25  33.07   40  140.4
  58108 115.33  33.23   46    8.1
  58109 115.62  33.18   37   29.6
  58114 116.18  33.48   29    0.6
  58116 116.83  33.98   32   0.01
  58117 116.20  33.13   33   50.0
  58125 117.55  33.55   28    2.8
  58126 117.87  33.47   24    0.6
  58127 117.20  32.98   23    9.9
  58128 117.30  33.32   23    4.1
  58129 117.87  33.13   20    4.9
  58131 118.27  33.98   28    1.0
  58132 118.68  33.72   19    4.4
  58139 118.88  33.30   13    0.1
  58140 119.30  33.77   13   11.6
  58145 119.17  33.53    8    1.4
  58154 120.20  33.43    7    2.3
  58202 115.58  32.63   37    2.1
  58205 115.43  32.47   36    2.0
  58210 116.23  32.65   25    4.1
  58212 116.73  32.72   27    1.9
  58214 116.28  32.33   37    0.3
  58222 117.55  32.85   31   0.01
  58223 117.98  32.78   38   0.01
  58224 117.02  32.65   36   0.01
  58237 118.62  32.05   22   0.01
  58240 119.02  32.68   25   0.01
  58242 119.18  32.28   14   0.01
  58243 119.83  32.93    7   0.01
  58244 119.58  32.45   10   0.01
  58245 119.42  32.42   14   0.01
  58247 119.82  32.25    5    3.2
  58250 120.15  32.52   10    0.1
  58301 115.38  31.82   90    0.1
  58317 116.37  30.87  434   0.01
  58330 118.08  31.75   20    5.2
  58331 118.37  31.73   26    7.1
  58344 119.20  31.97   35    0.5
  58346 119.82  31.33   15   0.01
  58404 115.22  30.47   57    1.4
  58446 119.68  30.63   25    0.9
  58529 117.85  29.27   82   0.01
  58537 118.40  29.13  153    2.2
  58544 119.27  29.48   87   0.01
  58546 119.88  29.47  114   0.01
  58547 119.18  29.03   65    0.1
  58548 119.47  29.22   46    0.5
  58550 120.25  29.70   39    3.1
  58555 120.88  29.52  112    9.7
  58559 120.98  29.17   59    0.7
  58614 116.27  28.38   40   0.01
  58615 117.08  28.68   56    0.1
  58619 116.37  28.00   47   0.01
  58627 117.03  28.25   64    0.6
  58631 118.50  28.90  134    2.4
  58635 118.20  28.43   96   0.01
  58642 119.80  28.88  102   0.01
  58643 120.03  28.90   99   0.01
  58644 119.28  28.60  237    0.1
  58647 119.13  28.07  196   0.01
  58654 120.08  28.67  184   0.01
  58719 116.93  27.30  123   0.01
  58724 117.30  27.52  264    9.9
  58735 118.80  27.52  201    9.9
  58736 118.82  27.37  220   10.5
  58745 119.07  27.62  368   12.0
  58746 119.70  27.55  514   42.6
  58747 119.35  27.15  900   0.01
  58748 119.65  27.10   51    0.8
  58750 120.08  27.78  106    0.1
  58804 115.35  26.35  153   0.01
  58814 116.35  26.35  237   0.01
  58819 116.80  26.17  329    7.2
  58821 117.47  26.73  174    3.7
  58822 116.85  26.83  341    1.5
  58823 117.80  26.80  173    4.8
  58824 117.15  26.40  355    4.5
  58826 117.80  26.40  120    7.8
  58828 117.62  26.27  206   11.1
  58836 118.73  26.58  359   18.9
  58839 118.85  26.23   42   20.1
  58844 119.15  26.15   49   21.3
  58845 119.53  26.50   57   39.6
  58848 119.55  26.20   12   0.01
  58903 116.03  25.90  208   10.6
  58905 115.42  25.97  136   0.01
  58906 115.80  25.60  167    0.8
  58907 115.40  25.15  300    7.0
  58912 116.75  25.72  379    9.0
  58917 116.10  25.08  307   39.8
  58923 117.83  25.70  397   11.6
  58928 117.53  25.02  160   15.4
  58929 118.15  25.07   66   13.9
  58932 118.93  25.87   85   11.2
  58934 118.27  25.33  170    1.9
  58935 118.23  25.48  516    3.8
  58940 119.33  26.08   28    0.7
  58942 119.38  25.72   39    0.1
  58946 119.00  25.45   84    0.3
  59012 106.55  24.78  973    5.3
  59015 106.57  24.35  442   16.5
  59017 106.27  24.27  279    0.6
  59022 107.55  24.98  695    4.6
  59025 107.38  24.53  249    0.2
  59027 107.25  24.13  244    1.8
  59031 108.25  24.83  205    0.1
  59033 108.90  24.78  330    0.2
  59034 108.67  24.48  149    0.3
  59038 108.65  24.07  142   26.7
  59041 109.25  24.65  109    5.7
  59044 109.38  24.47   99   0.01
  59045 109.75  24.48   95    4.9
  59051 110.50  24.77  133    1.0
  59052 110.82  24.83  167    0.4
  59053 110.67  24.62  108    1.1
  59055 110.40  24.50  166   31.5
  59057 110.18  24.13  827    3.2
  59059 110.80  24.18  107    1.0
  59061 111.27  24.82  198    0.4
  59064 111.32  24.55  141    4.2
  59071 112.28  24.73  175    0.1
  59074 112.15  24.57  300    1.8
  59075 112.63  24.48   70    0.3
  59090 114.07  24.95  103    0.2
  59091 114.53  24.75  257   0.01
  59093 115.03  24.78  254   0.01
  59094 114.12  24.37  135   27.1
  59099 114.93  24.45  175    1.0
  59106 115.90  24.58  152   16.4
  59109 115.73  24.15  126   23.9
  59114 116.17  24.65  131   29.6
  59122 117.75  24.62   42   12.0
  59124 117.37  24.52   31   56.3
  59125 117.30  24.38  105   51.7
  59127 117.83  24.43   14   13.2
  59129 117.60  24.13   53    4.4
  59130 118.15  24.73   28   10.1
  59131 118.37  24.97   44    0.3
  59137 118.57  24.82   55    0.1
  59213 106.92  23.73  113   15.5
  59215 106.62  23.33  640    1.8
  59224 107.12  23.60  116    3.5
  59227 107.15  23.08  438    6.3
  59229 107.70  23.18  101    1.9
  59230 108.17  23.72  173    0.1
  59235 108.62  23.43  116    1.0
  59237 108.28  23.17  115   0.01
  59246 109.67  23.60   70   0.01
  59249 109.62  23.12   56   20.5
  59255 110.38  23.55   37    3.3
  59256 110.92  23.37   56   0.01
  59264 111.50  23.40   79    6.9
  59266 111.23  23.42   46    2.5
  59268 111.53  23.25   31   58.0
  59269 111.77  23.15   27   39.8
  59270 112.18  23.92   78    1.9
  59279 112.87  23.18   18    3.0
  59284 113.22  23.38    6    0.2
  59285 113.60  23.57   39   0.01
  59288 113.13  23.05    3    2.4
  59290 114.23  23.73   71    1.3
  59297 114.28  23.18   16   32.2
  59310 116.18  23.77   39   39.6
  59312 116.63  23.67   11    6.8
  59313 116.98  23.68   42    1.1
  59314 116.13  23.30   27   30.1
  59315 116.38  23.58   25   19.1
  59318 116.58  23.27   10    0.8
  59319 116.77  23.47    9   31.4
  59320 117.13  23.77   27   11.6
  59322 117.37  23.98   20   35.4
  59419 106.75  22.10  243    3.1
  59421 107.20  22.83  257    7.6
  59425 107.35  22.40  107    0.1
  59426 107.90  22.63   92    7.1
  59427 107.07  22.12  162    0.4
  59441 109.25  22.70   78    6.3
  59448 109.55  22.27   70   19.0
  59449 109.98  22.30   80   50.5
  59451 110.35  22.70   99    5.4
  59452 110.53  22.85  100    6.2
  59454 111.00  22.92  104   30.2
  59457 110.27  22.32  120   11.5
  59469 111.78  22.17   33   16.6
  59470 112.22  22.72   33    3.1
  59471 112.05  22.93  102   42.3
  59473 112.97  22.77   20   23.9
  59475 112.65  22.40   24    0.5
  59476 113.03  22.53   35    3.7
  59477 112.30  22.18   25   15.9
  59480 113.25  22.85   21    5.9
  59481 113.32  22.93   16   11.0
  59487 113.30  22.23   12    6.5
  59492 114.70  22.92   43    5.8
  59500 115.32  22.97   10   88.3
  59502 115.65  22.95   11    2.7
  59635 108.35  21.62   26  121.2
  59640 109.18  21.67    6   36.0
  59650 110.25  21.38   25   90.9
  59653 110.85  21.93   35   22.4
  59654 110.30  21.63   28   31.6
  59655 110.62  21.65   35   10.1
  59656 110.77  21.43   29   28.4
  59659 110.92  21.75   32   29.0
  59750 110.10  20.92   25   58.4
  59757 110.37  20.00   10   24.3
  59842 109.68  19.90   31    3.6
  59843 110.00  19.73   36    5.5
  59847 109.05  19.27  101    3.6
  59848 109.43  19.23  219   33.6
  59851 110.33  19.70   25    8.7
  59854 110.10  19.37  119    6.4
  59856 110.75  19.62   26    0.6
  59940 109.17  18.75  156    0.2
  59941 109.52  18.77  328   11.7
  59945 109.70  18.65   65    1.7
  59951 110.33  18.80   38    4.4
