diamond  3 2013年07月21日08点24小时降雨量                    
  13  07  21  08    -1 3 10 25 50 1 0
 39 122.7  37.3 122.5  36.7 120.8  36.2 119.3  35.0 120.4  34.3
 121.1  32.7 122.3  30.9 122.5  30.1 121.5  28.0 119.8  25.0
 116.1  22.6 111.0  21.0 111.0  18.6 109.6  18.1 108.3  18.5
 108.9  19.9 109.3  21.0 106.4  21.6 104.1  22.2 101.6  20.8
  98.7  22.0  97.1  24.1  97.7  27.0  91.7  26.6  85.7  27.7
  78.9  30.6  73.3  37.1  74.1  40.7  87.6  49.8  98.5  43.9
 110.4  44.3 122.0  54.7 135.7  48.3 131.5  42.2 125.2  39.4
 121.3  38.5 121.2  40.3 118.5  38.6 120.8  38.1
1         884
  50137 122.37  53.47  297    9.4
  50431 121.52  50.78  718    2.9
  50445 123.73  50.58  424    0.1
  50566 128.47  49.55  117    6.9
  50646 124.85  48.48  204    0.2
  50655 126.18  48.50  267   22.7
  50659 126.25  48.03  293   17.9
  50673 130.40  48.88   92    7.5
  50674 129.43  48.57  404   11.7
  50749 124.83  47.18  159    0.1
  50750 125.30  47.90  228   0.01
  50755 126.10  47.60  232    9.8
  50767 127.10  47.23  204    8.0
  50772 129.23  48.10  299   14.2
  50775 130.27  47.33  229    6.8
  50776 130.83  47.57   84   14.0
  50778 132.53  47.67   59   20.5
  50779 134.28  48.37   41   10.2
  50787 131.85  47.28   63   21.1
  50851 126.08  46.68  209    0.3
  50852 126.45  46.83  170    6.6
  50861 127.48  46.88  186    7.0
  50867 127.35  46.08  134    0.1
  50871 129.88  46.73   96    1.9
  50878 130.72  47.00   80    7.4
  50879 130.55  46.22  187    7.9
  50880 131.12  46.73  104    4.9
  50884 131.15  46.63  176    4.6
  50892 134.00  46.80   57    3.7
  50954 125.08  45.50  129    0.1
  50956 126.57  45.93  117    0.5
  50958 126.95  45.52  175    1.9
  50964 128.80  45.83  123    9.0
  50965 128.30  45.45  157    0.1
  50971 131.02  45.77  226    0.4
  50979 130.23  45.27  279    6.3
  50985 131.87  45.55  155    5.0
  50987 131.13  45.25  181    1.4
  51137  82.93  46.20  715    0.3
  51145  83.65  46.55  523    0.8
  51328  80.42  44.20  774    0.4
  51329  80.85  44.05  641    1.0
  51430  81.15  43.83  605    1.0
  51434  81.53  43.97  771    0.7
  51435  82.23  43.47  776    0.7
  51436  83.25  43.45  929    1.9
  51438  81.77  43.18 1210    1.0
  51627  79.23  41.22 1397    3.2
  51636  82.62  41.53 1014   0.01
  51815  77.27  38.20 1275   0.01
  52656 100.82  38.43 2282    0.2
  52784 102.90  37.47 2073   0.01
  52862 101.68  36.95 2451    1.1
  52881 103.18  36.98 2485    0.5
  52968 101.47  35.03 3663    1.7
  52978 102.52  35.20 2930    3.1
  52980 103.30  35.97 1649   0.01
  53272 112.63  42.75 1106   0.01
  53289 113.83  42.23 1322    2.1
  53491 114.38  40.67  837   0.01
  53498 115.03  40.57  630   39.4
  53499 114.73  40.77  755    7.6
  53562 111.67  39.92 1192   0.01
  53596 115.13  38.85   53   12.8
  53599 114.68  39.37  885    0.1
  53690 114.18  38.85  283   0.01
  53786 113.37  37.08 1134   28.3
  53866 111.67  36.23  464   10.2
  53869 111.70  36.58  550    7.5
  53874 111.90  36.25  650    6.9
  53953 110.85  35.97  966   0.01
  53954 110.97  35.62  433   0.01
  53966 111.83  35.98  818    0.2
  53981 113.27  35.78 1311    0.3
  54065 125.65  44.53  173    6.5
  54069 125.80  44.17  175    2.4
  54072 126.52  44.85  203    0.1
  54076 126.93  44.42  254   0.01
  54080 127.15  44.90  196    1.3
  54092 129.40  44.60  294   59.6
  54093 130.55  44.93  266   11.3
  54098 129.47  44.33  272   31.3
  54099 131.13  44.08  151    2.2
  54122 120.05  43.88  375    6.0
  54156 124.80  43.52  200   0.01
  54164 125.28  43.35  249   0.01
  54169 126.02  43.30  270    0.1
  54172 126.60  43.78  199    0.1
  54187 128.92  43.12  369    4.9
  54192 130.27  43.70  386    0.5
  54204 115.00  42.30 1347    1.5
  54252 124.75  42.73  198    0.1
  54267 125.73  42.25  363    8.1
  54290 129.40  42.77  245    2.6
  54291 130.28  42.90   37    2.5
  54293 129.83  42.95  141    4.4
  54301 115.67  41.67 1414    1.3
  54304 115.28  40.97 1249    1.8
  54305 115.27  41.88 1468   20.3
  54362 125.73  41.67  388   18.2
  54371 126.43  41.93  521   38.1
  54404 115.83  40.88  868    8.4
  54408 115.22  40.38  531    4.8
  54410 116.13  40.60 1216    0.1
  54483 123.90  40.88  239    9.8
  54494 124.07  40.47   74   28.7
  54501 115.68  39.97  441    6.1
  54502 116.03  39.48   30   0.01
  54503 115.82  39.07   13   53.5
  54505 116.12  39.92   94   0.01
  54506 115.88  39.32   29    2.2
  54512 116.28  39.42   22   0.01
  54513 116.20  39.95   67   0.01
  54514 116.25  39.87   56    0.1
  54568 121.70  39.08   40    1.3
  54569 121.97  39.40   35    0.7
  54575 122.37  39.42   44    3.9
  54590 124.17  39.88    5   32.4
  54594 116.35  39.72   38   0.01
  54596 116.13  39.68   40    0.2
  54597 115.73  39.73  409   20.0
  54601 115.65  38.98   14   11.9
  54603 115.77  38.72   10    1.7
  54605 115.93  38.93    7   0.01
  54611 115.32  38.93   45   85.9
  54620 115.57  38.48   19   0.01
  54636 116.10  39.02   12   0.01
  54729 117.87  37.17   11   0.01
  54736 118.67  37.43    9    0.7
  54737 118.15  37.15   17    0.1
  54738 118.40  37.05   20    0.5
  54749 119.95  37.18   48    0.5
  54752 120.77  37.80   64    1.6
  54755 120.38  37.37  113    1.2
  54759 120.83  37.30  172    8.2
  54765 121.43  37.48   57   12.8
  54766 121.62  37.38   23   22.8
  54777 122.07  37.20  112   16.2
  54778 122.48  37.17   60   15.1
  54815 116.27  36.38   33   0.01
  54816 116.80  36.52   82    0.2
  54818 116.42  36.25   72    0.4
  54824 117.95  36.63   95    9.1
  54825 117.85  36.52  195    3.8
  54827 117.15  36.17  137    0.1
  54829 117.87  36.77   88    0.9
  54830 117.93  36.82   35    0.3
  54831 118.50  36.65  102   12.8
  54832 118.73  36.88   29    0.2
  54833 118.08  36.97   19    0.6
  54834 118.28  36.87   46    0.1
  54835 118.55  36.50  110   23.2
  54837 118.83  36.68   76    1.2
  54841 119.40  36.87    8    1.3
  54844 119.18  36.42   67    1.4
  54846 119.75  36.38   37    9.0
  54848 119.42  35.98   81    1.0
  54849 120.00  36.27   16    5.0
  54851 120.57  36.90   81   32.8
  54852 120.73  36.97   53   30.0
  54853 120.42  36.17   43    3.0
  54855 120.47  36.38   30    7.9
  54861 121.53  36.93   47   23.4
  54871 122.48  36.93    9    5.0
  54905 115.93  35.58   53   0.01
  54906 115.42  35.25   51   0.01
  54910 116.05  35.82   45   0.01
  54911 116.45  35.93   51    0.1
  54912 116.48  35.70   47    0.2
  54914 116.08  35.42   44   0.01
  54920 117.28  35.65  110   11.1
  54922 117.78  35.88  223    0.3
  54923 117.93  35.72  202    3.1
  54932 118.65  35.77  184    4.5
  54935 118.43  35.53  120   30.1
  54938 118.40  35.05   66    4.9
  54939 118.82  35.17  116    7.5
  54940 119.20  35.75  147    3.8
  54943 120.00  35.88   13   43.5
  56016  95.62  33.85 4181   13.3
  56045  99.90  33.97 4051    3.3
  56071 102.50  34.58 3107    0.5
  56095 104.38  34.03 1754   0.01
  56147  98.83  31.22 3261    2.2
  56168 102.07  31.48 2170   0.01
  56171 101.70  32.90 3276    0.7
  56180 103.85  31.68 1591    0.4
  56181 103.70  30.68  543   0.01
  56186 104.20  31.33  589   36.9
  56190 104.55  31.55  518    0.4
  56192 104.67  32.95 1016   0.01
  56193 104.52  32.42  894    0.4
  56194 104.45  31.82  679    4.2
  56195 104.73  31.78  531    0.2
  56199 104.68  31.03  424    0.1
  56267 101.02  30.03 2598    0.8
  56272 103.88  30.82  560   0.01
  56273 102.82  30.38 1011    5.1
  56278 102.77  30.07  756    0.8
  56279 102.93  30.15  683    1.2
  56288 103.92  30.58  495    0.1
  56291 104.28  30.97  474    0.4
  56296 104.43  30.85  449   0.01
  56373 102.85  29.78  763    3.3
  56376 102.68  29.35 1098    0.3
  56378 102.35  29.23  891    2.0
  56382 103.60  29.73  408    0.1
  56387 103.27  29.23  639    0.7
  56393 104.85  29.77  370    0.1
  56441  99.28  28.72 2424   17.6
  56443  99.80  28.93 2842    4.1
  56473 102.77  28.95 1061    7.9
  56474 102.17  28.55 1775   35.6
  56478 102.43  28.30 1819    5.3
  56480 103.53  28.82  564    0.2
  56483 103.95  28.60  412    0.1
  56487 103.13  28.33 1945   16.9
  56489 103.63  28.23  876    0.2
  56490 103.90  28.95  396    0.7
  56494 104.15  28.65  460    0.9
  56496 105.23  28.32  330    1.8
  56497 104.23  28.10  433    0.3
  56498 104.50  28.17  442    1.4
  56499 104.78  28.38  368    1.3
  56567 100.85  27.30 2242   18.9
  56569 102.18  27.42 1381    8.8
  56575 102.55  27.37 1429    2.5
  56578 102.75  27.07 1093   33.6
  56580 102.80  27.72 2461    3.3
  56582 103.90  27.75 1177   17.2
  56584 103.25  27.70 1093    2.7
  56585 103.53  27.18 1916   14.3
  56593 104.92  28.58  281    0.3
  56594 104.05  27.63  884   17.5
  56596 105.05  27.85 1176   26.2
  56641  98.87  26.90 1191   0.01
  56645  99.42  26.42 2345    6.1
  56646  99.92  26.53 2193    1.1
  56649  99.97  26.10 2059   10.3
  56652 100.75  26.68 2131    4.9
  56654 100.18  26.58 2196   12.6
  56665 101.85  26.68 1140   26.1
  56669 101.67  26.05 1531    3.3
  56670 102.12  26.90 1105    2.5
  56673 102.92  26.92  894    7.7
  56674 101.73  26.50 1107    2.6
  56675 102.58  26.65 1695   60.4
  56688 103.17  26.10 1253    8.7
  56742  99.37  25.90 1663    6.7
  56745  99.95  25.68 1627   12.7
  56746  99.52  25.47 1618    2.0
  56752 100.57  25.83 1440   29.7
  56755 100.48  25.35 1670   13.4
  56756 100.58  25.48 1993   15.9
  56757 100.28  25.27 1744   11.2
  56761 101.32  25.72 1873    3.6
  56764 101.23  25.53 1875    5.2
  56766 101.52  25.33 1769   46.8
  56767 101.28  25.18 1858    3.1
  56772 102.50  25.23 1694    7.6
  56774 102.42  25.53 1712    7.5
  56775 102.45  25.55 1752   40.8
  56777 102.07  25.15 1566    4.7
  56781 103.27  25.55 1874    6.4
  56782 103.55  25.42 2064    0.2
  56785 103.03  25.33 1925    3.0
  56790 104.25  25.68 1920    3.6
  56835  97.82  24.07  958   11.0
  56836  97.95  24.70  828    5.5
  56839  98.82  23.77  994    9.8
  56840  98.30  24.82 1013    2.6
  56841  98.68  24.60 1527    3.9
  56842  99.18  24.73 1473    4.0
  56843  99.62  24.83 1650    3.7
  56844  98.58  24.43  915    2.2
  56846  99.93  24.58 1569    2.2
  56849  99.23  24.03 1607   30.9
  56851 100.52  25.03 1378   63.6
  56854 100.13  24.45 1108    3.8
  56862 101.60  24.68 1966    0.8
  56863 102.48  24.93 1850   11.2
  56867 101.12  23.98 1107    3.5
  56869 101.97  24.07 1498    7.1
  56870 102.17  24.67 1576    4.7
  56871 102.60  24.65 1894    0.8
  56872 102.62  24.95 2360   16.2
  56873 102.90  24.67 1752   14.9
  56876 102.77  24.28 1732    0.2
  56878 102.75  24.13 1802    1.9
  56879 102.92  24.20 1610   0.01
  56880 103.17  24.92 1532    3.8
  56881 103.27  24.75 1694   21.4
  56882 102.80  24.88 1909    0.9
  56883 103.98  24.83 1846    0.1
  56885 103.45  24.40 1416   12.6
  56889 104.17  24.05 1518    0.3
  56891 104.32  24.98 1482    8.0
  56898 102.40  24.18 1542    3.6
  56944  99.27  23.15 1280    5.2
  56948  99.60  22.63 1156   11.3
  56949  99.60  22.32  946    0.6
  56950  99.80  23.47 1044    0.8
  56952 100.70  23.50  914    2.2
  56958 100.42  21.92 1177    2.1
  56961 101.05  23.03 1321    8.0
  56962 101.67  23.42 1315   24.6
  56970 102.48  23.70 1419   14.4
  56973 102.83  23.62 1310    3.4
  56975 102.43  23.37  975    0.1
  56976 102.83  23.23  229   0.01
  56978 102.42  23.00 1640    2.2
  56984 103.15  23.38 1717   0.01
  56987 103.23  22.78 1261   13.8
  56989 103.95  22.50  138    6.1
  56992 104.70  23.45 1508   13.7
  56994 104.25  23.38 1277    2.8
  56995 104.42  23.03 1335    5.9
  56996 104.70  23.13 1094   11.1
  57008 105.30  34.03 1578   0.01
  57057 110.15  34.10  961   0.01
  57075 112.87  34.17  203   32.4
  57078 112.47  34.15  337    5.7
  57082 113.02  34.47  428   23.4
  57085 113.37  34.55  289    2.1
  57086 113.72  34.38  116    1.2
  57087 113.80  34.20   88    1.5
  57088 113.50  34.15  117    3.1
  57094 114.22  34.40   71   0.01
  57095 114.15  34.12   61    0.1
  57098 114.40  34.08   59   0.01
  57099 114.85  34.07   53    1.2
  57102 105.72  33.75  971   0.01
  57105 105.60  33.33 1219   0.01
  57110 106.08  33.78  930   0.01
  57119 106.70  33.17  551    1.5
  57162 112.08  34.15  327   0.01
  57169 111.87  33.05  160    1.9
  57173 112.88  33.75  147    2.5
  57175 112.23  33.05  192    5.5
  57176 112.42  33.48  230    0.9
  57177 113.53  33.33   91   17.1
  57179 113.00  33.28  161   22.6
  57180 113.20  33.98  118   62.3
  57182 113.50  33.85   81   10.2
  57183 113.92  33.80   61   32.3
  57184 113.37  33.63   84    2.1
  57185 113.58  33.45   92    4.8
  57186 114.05  33.60   59    2.7
  57187 112.93  33.07  119    1.1
  57188 114.03  33.37   56    4.2
  57189 113.95  33.13   65    0.4
  57190 114.40  33.75   51    3.0
  57192 114.85  33.73   47    0.5
  57194 114.27  33.28   60   15.4
  57195 114.62  33.62   47    4.5
  57196 114.87  33.47   42    0.9
  57197 114.33  33.00   54   18.4
  57198 114.62  33.55   47    1.4
  57204 105.23  32.58  801    1.1
  57208 105.47  32.02  538   0.01
  57213 106.93  33.00  537    0.1
  57216 106.83  32.35  577    5.4
  57217 106.28  32.23  493    6.0
  57231 108.53  32.53  504    6.3
  57233 108.50  32.90  413    0.1
  57242 109.37  32.85  285    0.1
  57247 108.90  32.32  442    2.3
  57248 109.33  32.40  429    1.4
  57249 109.68  32.32  453    1.8
  57253 110.82  32.85  204    4.4
  57254 110.12  32.82  324    1.4
  57257 110.23  32.23  309   19.9
  57260 111.52  32.55  143    7.5
  57261 111.50  33.13  196    3.1
  57271 112.38  32.55   89    6.3
  57273 112.85  32.68  110    0.1
  57274 112.12  32.70  108   21.4
  57281 113.30  32.70  142   70.6
  57292 114.63  32.97   44   17.5
  57293 114.98  32.73   39   10.4
  57294 114.02  32.83   84   21.1
  57295 114.35  32.62   83   31.0
  57296 114.73  32.35   50   53.6
  57298 114.55  32.22   56  100.0
  57299 114.90  32.02   50   58.1
  57303 105.92  31.73  460    2.0
  57307 105.08  31.10  408    0.2
  57308 105.38  31.22  421    1.3
  57309 105.88  30.98  375    0.6
  57314 106.07  31.35  385    0.1
  57317 106.42  31.03  323    0.1
  57318 106.55  31.07  339   0.01
  57320 107.22  31.93  483   13.0
  57324 107.08  31.58  363   14.0
  57326 107.72  31.37  390   55.8
  57329 107.85  31.10  462   96.1
  57333 108.67  31.95  800    6.0
  57338 108.42  31.18  213   28.4
  57339 108.68  30.95  296   17.7
  57345 109.62  31.40  339   54.3
  57349 109.87  31.07  270   12.7
  57361 111.27  31.88  331    0.1
  57362 110.67  31.75  939    9.8
  57363 111.83  31.80  146    0.8
  57368 111.63  31.05  138    3.7
  57370 112.22  31.73   68    0.4
  57377 112.22  31.00  184    0.2
  57385 113.82  31.63   94   38.8
  57387 113.13  31.00   80   27.1
  57388 113.70  31.27   55   18.6
  57389 113.75  31.03   33   56.9
  57390 114.07  31.80  731   75.4
  57396 114.85  31.63  130   53.5
  57398 114.62  31.28   76   40.7
  57401 105.37  30.87  380    3.3
  57402 105.70  30.77  395    0.5
  57407 105.03  30.28  464    1.7
  57408 105.35  30.12  333    0.1
  57409 105.80  30.18  295    0.1
  57413 106.97  30.85  295    0.6
  57414 106.45  30.55  396   0.01
  57415 106.63  30.47  336    0.3
  57416 106.93  30.33 3915    0.1
  57417 106.28  30.35  315    0.2
  57420 107.20  30.75  397   14.4
  57425 107.33  30.33  430    0.1
  57431 108.35  30.83  256    7.1
  57437 108.03  30.30  326    0.4
  57438 108.12  29.98  630    1.7
  57453 111.32  30.77  116    2.1
  57460 111.78  30.82   91    6.8
  57462 111.08  30.87  104    3.2
  57464 111.18  30.47  144    2.6
  57465 111.45  30.38   76    3.5
  57466 111.77  30.43   50   56.9
  57469 111.77  30.18   68   15.7
  57475 112.90  30.40   33  115.9
  57477 112.22  30.07   39   87.6
  57481 113.58  30.95   31   53.2
  57485 113.45  30.37   33   60.6
  57486 113.85  30.65   25   63.0
  57489 114.00  30.58   39   44.0
  57491 114.40  30.87   31   30.6
  57492 114.80  30.83   33   56.8
  57496 114.87  30.37   30   29.8
  57498 114.90  30.43   22   25.0
  57499 114.97  30.10   40   38.6
  57510 106.05  29.85  275    0.1
  57511 106.45  29.85  242    0.1
  57513 106.62  29.73  457   0.01
  57519 107.08  29.15  559    0.1
  57525 107.75  29.32  273   0.01
  57540 109.15  29.68  776   20.6
  57541 109.48  30.00  533    6.9
  57543 110.03  29.88  540    3.1
  57544 109.45  29.47  486    0.1
  57558 110.47  29.13  184    0.3
  57564 111.13  29.43  103   11.5
  57565 111.75  29.65   39   89.0
  57566 111.65  29.45   50   55.2
  57571 112.40  29.70   37   51.0
  57575 112.57  29.52   32   12.1
  57577 112.17  29.40   37   15.1
  57582 113.88  29.73   51   17.3
  57585 113.45  29.48   60    9.8
  57586 114.03  29.53   79    2.6
  57589 113.80  29.25  103    1.1
  57590 114.37  29.85   64   40.5
  57596 114.20  29.63    0    4.5
  57600 105.07  28.72  256   14.4
  57609 105.70  28.58  316    2.6
  57635 108.98  28.45  363   19.9
  57640 109.45  28.58  344    8.2
  57643 109.83  29.00  268    3.7
  57663 111.95  28.92   31    0.5
  57674 112.47  28.57   44    3.5
  57680 113.07  28.80   47   22.2
  57694 114.38  28.53  256    2.7
  57698 114.45  28.12   99    0.8
  57699 114.92  28.23   68    0.2
  57734 108.23  27.57  468    5.9
  57735 108.82  27.18  396   0.01
  57738 108.42  27.05  517    2.5
  57739 108.88  27.23  375   0.01
  57740 109.60  27.95  349   0.01
  57744 109.17  27.37  356    0.2
  57777 112.87  27.23   65   20.5
  57786 113.85  27.65  110   0.01
  57792 114.68  27.82   93    3.9
  57796 114.93  27.80   79    0.2
  57800 105.37  26.77 1458   0.01
  57811 106.60  26.85 1242   0.01
  57821 107.50  26.70  924    1.3
  57828 107.58  26.50  983   0.01
  57829 107.80  26.20  964    0.1
  57834 108.30  26.68  642    0.6
  57837 108.07  26.40  838    0.3
  57846 110.15  26.58  307    1.0
  57867 111.28  26.40  169    0.5
  57868 111.87  26.60  113    0.5
  57876 112.83  26.43  118   0.01
  57881 113.25  26.72  105   0.01
  57882 113.55  26.78  135    3.1
  57883 114.28  26.75  257   10.0
  57886 113.78  26.50  226   0.01
  57891 114.25  26.93  144    4.6
  57895 114.78  26.47   96    1.3
  57899 114.92  26.80   66    3.2
  57903 105.60  25.93 1138    0.8
  57921 107.32  25.83  710    3.8
  57923 107.87  25.98  418   0.01
  57927 107.18  24.97  283    1.0
  57948 109.25  25.08  123    0.3
  57949 110.00  24.98  157   25.4
  57954 110.18  25.23  158   29.4
  57955 110.67  25.62  224   14.7
  57956 110.32  25.42  169   19.9
  57958 110.32  25.08  152   0.01
  57964 111.15  25.50  258   0.01
  57966 111.95  25.60  205   29.3
  57969 111.33  25.27  230    0.1
  57971 112.20  25.92  225    0.2
  57973 112.72  25.75  328    1.9
  57975 112.20  25.38  278    0.5
  57976 112.95  25.42  226   47.3
  57978 112.55  25.28  291    0.1
  57985 113.68  25.57  608    0.2
  57988 113.35  25.15  103    1.3
  57989 113.73  25.10   96   18.7
  57990 114.30  25.70  252    6.2
  57991 114.55  25.80  148    8.1
  57992 114.75  25.67  129    1.6
  57994 114.35  25.40  208   20.3
  57995 114.93  25.40  166   10.0
  58001 115.10  34.43   57   0.01
  58002 115.58  34.85   53   0.01
  58003 115.88  34.95   48    0.1
  58004 115.15  34.65   61   0.01
  58006 115.88  34.38   47   0.01
  58007 115.30  34.07   53    0.2
  58008 115.33  34.47   55   0.01
  58016 116.97  34.18   39    3.9
  58022 117.57  34.75   48    0.5
  58024 117.58  34.87   78   0.01
  58030 118.07  34.85   47    0.7
  58032 118.65  34.93   75    2.2
  58035 118.35  34.33   30   47.6
  58036 118.73  34.52   39   14.3
  58041 119.43  34.78   22   16.1
  58044 119.23  34.53    5   85.1
  58045 119.60  34.20    8    1.7
  58048 119.35  34.12    9    2.2
  58049 119.82  34.03    7   12.3
  58100 115.17  33.65   42    0.6
  58101 115.48  33.87   42    7.1
  58104 115.07  33.40   42    2.9
  58107 115.25  33.07   40    2.3
  58108 115.33  33.23   46    2.8
  58109 115.62  33.18   37    2.4
  58113 116.75  33.93   35   14.2
  58114 116.18  33.48   29   19.0
  58116 116.83  33.98   32    0.2
  58117 116.20  33.13   33    1.9
  58125 117.55  33.55   28   34.0
  58126 117.87  33.47   24   17.1
  58127 117.20  32.98   23   11.1
  58128 117.30  33.32   23   30.7
  58129 117.87  33.13   20   21.7
  58131 118.27  33.98   28   31.8
  58132 118.68  33.72   19    8.7
  58139 118.88  33.30   13   17.2
  58140 119.30  33.77   13    5.6
  58145 119.17  33.53    8    7.4
  58146 119.77  33.47    7   75.3
  58147 118.97  32.98   28   11.6
  58148 119.30  33.23   11   36.8
  58154 120.20  33.43    7   19.0
  58202 115.58  32.63   37   38.2
  58205 115.43  32.47   36   25.8
  58207 115.05  32.17   42   40.5
  58210 116.23  32.65   25   19.3
  58212 116.73  32.72   27   11.2
  58214 116.28  32.33   37    6.8
  58220 117.15  32.47   32    2.6
  58222 117.55  32.85   31   37.1
  58223 117.98  32.78   38   17.0
  58224 117.02  32.65   36    5.5
  58230 118.27  32.08   34    9.6
  58234 118.42  32.47   43   34.9
  58235 118.85  32.37   16    1.2
  58237 118.62  32.05   22   30.9
  58240 119.02  32.68   25   59.1
  58242 119.18  32.28   14   41.7
  58243 119.83  32.93    7   47.0
  58244 119.58  32.45   10    0.9
  58245 119.42  32.42   14    9.3
  58246 119.90  32.52   11   10.6
  58247 119.82  32.25    5   11.9
  58249 120.00  32.17    8   36.6
  58250 120.15  32.52   10   32.8
  58254 120.45  32.52    5   60.3
  58257 120.25  31.98   12   25.4
  58264 121.18  32.33   11    1.5
  58268 121.08  32.10    8   16.8
  58301 115.38  31.82   90   55.4
  58306 115.88  31.68   94   31.8
  58316 116.95  31.47   26    5.3
  58317 116.37  30.87  434   55.7
  58320 117.13  31.73   26   10.6
  58323 117.47  31.88   29   53.6
  58327 117.28  31.25   24   25.0
  58329 117.87  31.33   24    1.1
  58330 118.08  31.75   20    6.7
  58331 118.37  31.73   26    1.3
  58334 118.37  31.38   23    0.1
  58335 118.52  31.57   16    3.2
  58337 118.18  31.08   30    3.7
  58339 118.90  31.33   24   98.3
  58340 119.03  31.65   23   26.7
  58341 119.58  31.98   10   25.0
  58342 119.55  31.72    7   21.5
  58344 119.20  31.97   35   28.8
  58346 119.82  31.33   15   15.1
  58349 120.63  31.27    9   0.01
  58351 120.30  31.90   12    3.8
  58352 120.77  31.65    8    0.1
  58353 120.57  31.87    6    6.8
  58359 120.62  31.13    9   0.01
  58360 121.20  31.92    6    8.1
  58361 121.37  31.10   10   23.8
  58365 121.25  31.37    9    1.2
  58366 121.40  31.63    9   22.2
  58367 121.43  31.20   18    0.1
  58370 121.55  31.22   11    0.1
  58377 121.10  31.47    6    1.1
  58401 115.40  30.78  106   89.3
  58404 115.22  30.47   57   45.9
  58408 115.43  30.23   35   26.9
  58409 115.93  30.07   20    0.2
  58415 116.58  30.63   38    6.0
  58416 116.82  30.75   38   12.3
  58417 116.13  30.17   50    7.1
  58418 116.70  30.13   26    6.7
  58420 117.22  30.72   38    1.2
  58421 117.87  30.63   32   13.2
  58423 117.78  30.48  643    1.2
  58426 118.13  30.30  192   0.01
  58427 117.48  30.67   36    5.5
  58428 117.48  30.22  115    0.5
  58431 118.32  30.92   17    6.9
  58432 118.40  30.68   39    5.9
  58433 118.75  30.93   30    3.7
  58435 118.53  30.30  221    1.0
  58438 118.58  30.08  197   0.01
  58441 119.42  30.87   53    5.2
  58442 119.18  31.13   16   16.8
  58443 119.90  31.02   19   31.7
  58446 119.68  30.63   25    2.4
  58449 119.95  30.05   47    0.1
  58451 120.93  30.83    3    7.2
  58452 120.77  30.73    4    0.2
  58453 120.50  30.07   10    0.1
  58454 119.97  30.53    5    2.5
  58456 120.52  30.63    6   0.01
  58458 120.90  30.53    3    0.2
  58459 120.28  30.18   42   0.01
  58460 121.35  30.73    6    0.6
  58461 121.12  31.13    8    2.4
  58462 121.23  31.03    9   13.5
  58468 121.17  30.05   10    0.8
  58501 115.63  29.93   25   14.1
  58502 116.00  29.73   37    2.2
  58503 115.68  29.70   41    3.4
  58508 115.77  29.33   42    0.5
  58510 116.23  29.73   40    1.3
  58512 116.55  29.90   66    2.7
  58514 116.05  29.45   35    3.8
  58517 116.20  29.27   43   33.8
  58523 117.93  29.93  231    0.8
  58529 117.85  29.27   82    3.3
  58530 118.43  29.87  170    0.2
  58537 118.40  29.13  153    0.6
  58542 119.68  29.82   45   0.01
  58544 119.27  29.48   87    3.5
  58546 119.88  29.47  114   0.01
  58550 120.25  29.70   39   0.01
  58555 120.88  29.52  112    1.7
  58558 120.22  29.27   89   13.1
  58559 120.98  29.17   59   0.01
  58561 121.60  29.98    3    1.4
  58563 121.83  29.88    4   0.01
  58565 121.43  29.68    6    0.1
  58567 121.43  29.32   39   0.01
  58612 116.68  28.70   22   10.3
  58614 116.27  28.38   40   0.01
  58615 117.08  28.68   56    3.7
  58616 116.82  28.20   44    0.2
  58618 116.60  28.23   51    2.5
  58619 116.37  28.00   47    8.3
  58620 117.13  28.97   37   12.3
  58623 117.92  28.47   92   13.0
  58624 117.43  28.40   64   34.6
  58625 117.60  28.42   80    4.2
  58627 117.03  28.25   64    1.2
  58629 117.70  28.32   59   14.9
  58631 118.50  28.90  134    2.8
  58635 118.20  28.43   96    0.5
  58642 119.80  28.88  102   0.01
  58647 119.13  28.07  196   21.5
  58656 120.97  28.12    7    0.3
  58657 120.28  28.15   59   13.8
  58658 120.68  28.15   36    0.1
  58660 121.13  28.85    8   0.01
  58664 121.37  28.37   33    2.4
  58693 115.83  28.70   37    9.0
  58706 115.83  27.43  180   39.3
  58710 116.05  27.77   76   0.01
  58712 116.78  27.92  123    0.1
  58713 117.07  27.72  220    0.3
  58714 116.23  27.55  115    0.7
  58719 116.93  27.30  123    2.5
  58724 117.30  27.52  264   32.7
  58735 118.80  27.52  201   29.6
  58736 118.82  27.37  220   29.7
  58745 119.07  27.62  368   28.2
  58746 119.70  27.55  514   10.3
  58747 119.35  27.15  900   40.4
  58748 119.65  27.10   51   25.6
  58749 119.88  27.23  680    4.3
  58750 120.08  27.78  106    1.0
  58751 120.55  27.68    5    0.4
  58804 115.35  26.35  153   30.3
  58814 116.35  26.35  237   13.9
  58819 116.80  26.17  329    5.8
  58821 117.47  26.73  174   20.4
  58822 116.85  26.83  341   24.6
  58823 117.80  26.80  173    9.8
  58824 117.15  26.40  355   12.1
  58826 117.80  26.40  120    0.3
  58828 117.62  26.27  206    1.8
  58836 118.73  26.58  359    9.5
  58839 118.85  26.23   42   37.0
  58844 119.15  26.15   49    9.3
  58845 119.53  26.50   57   23.1
  58848 119.55  26.20   12   19.4
  58850 120.23  26.92   88   0.01
  58903 116.03  25.90  208   53.0
  58905 115.42  25.97  136    1.4
  58906 115.80  25.60  167    8.4
  58907 115.40  25.15  300   12.5
  58912 116.75  25.72  379    0.8
  58917 116.10  25.08  307    9.8
  58923 117.83  25.70  397    3.2
  58928 117.53  25.02  160    4.1
  58929 118.15  25.07   66   39.8
  58932 118.93  25.87   85    4.0
  58934 118.27  25.33  170   25.3
  58935 118.23  25.48  516    3.5
  58938 118.98  25.23   22    0.8
  58940 119.33  26.08   28   17.2
  58941 119.50  25.97   11    8.0
  58942 119.38  25.72   39    2.9
  58946 119.00  25.45   84    2.1
  59012 106.55  24.78  973    5.6
  59015 106.57  24.35  442    3.9
  59022 107.55  24.98  695    3.5
  59025 107.38  24.53  249   23.5
  59027 107.25  24.13  244    1.4
  59031 108.25  24.83  205    5.3
  59034 108.67  24.48  149    0.1
  59038 108.65  24.07  142    0.3
  59041 109.25  24.65  109    3.0
  59044 109.38  24.47   99    4.3
  59045 109.75  24.48   95    5.9
  59047 109.33  24.25  101    0.1
  59051 110.50  24.77  133    0.1
  59052 110.82  24.83  167    2.2
  59053 110.67  24.62  108    4.2
  59055 110.40  24.50  166   15.9
  59057 110.18  24.13  827   14.2
  59059 110.80  24.18  107   21.4
  59061 111.27  24.82  198    0.7
  59063 111.45  25.18  262   11.5
  59064 111.32  24.55  141    2.0
  59071 112.28  24.73  175    7.2
  59074 112.15  24.57  300    0.4
  59075 112.63  24.48   70    7.4
  59081 113.27  24.78   98   17.6
  59090 114.07  24.95  103   42.2
  59091 114.53  24.75  257   10.0
  59093 115.03  24.78  254   81.9
  59094 114.12  24.37  135   24.7
  59099 114.93  24.45  175   84.0
  59106 115.90  24.58  152   13.6
  59109 115.73  24.15  126   47.2
  59114 116.17  24.65  131    7.0
  59122 117.75  24.62   42    2.9
  59124 117.37  24.52   31    6.3
  59125 117.30  24.38  105    5.3
  59130 118.15  24.73   28    0.2
  59131 118.37  24.97   44    3.5
  59137 118.57  24.82   55    1.4
  59205 105.63  23.65  688    3.0
  59213 106.92  23.73  113    0.1
  59215 106.62  23.33  640    2.0
  59224 107.12  23.60  116   13.5
  59227 107.15  23.08  438    6.8
  59229 107.70  23.18  101   26.4
  59230 108.17  23.72  173    4.7
  59235 108.62  23.43  116    8.6
  59237 108.28  23.17  115   35.1
  59238 108.80  23.22  123    5.7
  59241 109.68  23.97   91   12.8
  59246 109.67  23.60   70    0.8
  59249 109.62  23.12   56    0.3
  59255 110.38  23.55   37   0.01
  59256 110.92  23.37   56   22.8
  59264 111.50  23.40   79   14.9
  59266 111.23  23.42   46    9.9
  59268 111.53  23.25   31   13.6
  59269 111.77  23.15   27   20.4
  59270 112.18  23.92   78   0.01
  59276 112.65  23.35   40   11.1
  59279 112.87  23.18   18    4.5
  59284 113.22  23.38    6    2.9
  59285 113.60  23.57   39   14.6
  59288 113.13  23.05    3    6.3
  59290 114.23  23.73   71   11.5
  59297 114.28  23.18   16   53.0
  59310 116.18  23.77   39   27.9
  59312 116.63  23.67   11   48.1
  59313 116.98  23.68   42    9.7
  59314 116.13  23.30   27   27.7
  59315 116.38  23.58   25   47.2
  59318 116.58  23.27   10   0.01
  59319 116.77  23.47    9    6.4
  59320 117.13  23.77   27    0.3
  59322 117.37  23.98   20    1.7
  59419 106.75  22.10  243   0.01
  59421 107.20  22.83  257    2.9
  59426 107.90  22.63   92   44.3
  59429 107.97  22.15  183   16.1
  59432 108.40  22.80  203   68.9
  59435 108.48  22.77   75   45.2
  59441 109.25  22.70   78   41.8
  59448 109.55  22.27   70   12.5
  59449 109.98  22.30   80    6.3
  59451 110.35  22.70   99    4.8
  59452 110.53  22.85  100   15.8
  59454 111.00  22.92  104   24.0
  59457 110.27  22.32  120   11.9
  59469 111.78  22.17   33    4.8
  59470 112.22  22.72   33   17.6
  59471 112.05  22.93  102   10.0
  59473 112.97  22.77   20    7.6
  59475 112.65  22.40   24    3.5
  59476 113.03  22.53   35   12.3
  59477 112.30  22.18   25   19.4
  59480 113.25  22.85   21   22.9
  59481 113.32  22.93   16   23.4
  59487 113.30  22.23   12    9.0
  59492 114.70  22.92   43   27.0
  59500 115.32  22.97   10    9.5
  59502 115.65  22.95   11   16.8
  59635 108.35  21.62   26   39.1
  59640 109.18  21.67    6    0.3
  59650 110.25  21.38   25    5.2
  59653 110.85  21.93   35    5.0
  59654 110.30  21.63   28   19.1
  59655 110.62  21.65   35    1.9
  59656 110.77  21.43   29    2.4
  59659 110.92  21.75   32    8.1
  59750 110.10  20.92   25    0.9
  59842 109.68  19.90   31   12.2
  59843 110.00  19.73   36    1.2
  59847 109.05  19.27  101   16.0
  59848 109.43  19.23  219    6.3
  59851 110.33  19.70   25   0.01
  59854 110.10  19.37  119   12.7
  59856 110.75  19.62   26    6.4
  59940 109.17  18.75  156   12.5
  59941 109.52  18.77  328   28.0
  59945 109.70  18.65   65   10.0
  59951 110.33  18.80   38   19.3
