diamond  3 2013年08月27日08点24小时降雨量                    
  13  08  27  08    -2 3 10 25 50 1 0
 39 122.7  37.3 122.5  36.7 120.8  36.2 119.3  35.0 120.4  34.3
 121.1  32.7 122.3  30.9 122.5  30.1 121.5  28.0 119.8  25.0
 116.1  22.6 111.0  21.0 111.0  18.6 109.6  18.1 108.3  18.5
 108.9  19.9 109.3  21.0 106.4  21.6 104.1  22.2 101.6  20.8
  98.7  22.0  97.1  24.1  97.7  27.0  91.7  26.6  85.7  27.7
  78.9  30.6  73.3  37.1  74.1  40.7  87.6  49.8  98.5  43.9
 110.4  44.3 122.0  54.7 135.7  48.3 131.5  42.2 125.2  39.4
 121.3  38.5 121.2  40.3 118.5  38.6 120.8  38.1
1                    527
  50137 122.37  53.47  297    0.9
  50524 119.43  49.32  578    2.9
  50525 119.75  49.15  621    6.6
  50526 120.70  49.28  670    0.2
  50566 128.47  49.55  117    0.5
  50647 123.48  48.13  237   0.01
  50659 126.25  48.03  293    4.5
  50741 123.50  47.93  186    0.9
  50749 124.83  47.18  159    3.9
  50755 126.10  47.60  232    2.0
  50772 129.23  48.10  299    0.3
  50775 130.27  47.33  229    0.4
  50776 130.83  47.57   84    0.4
  50787 131.85  47.28   63    2.1
  50832 122.08  46.72  334    2.0
  50833 122.90  46.72  189    1.5
  50842 124.42  46.83  145    6.7
  50850 125.13  46.57  148    0.2
  50852 126.45  46.83  170    2.1
  50878 130.72  47.00   80    0.3
  50913 118.83  45.72  866    3.6
  50924 119.67  45.53  824    2.7
  50928 120.33  45.07  629    1.4
  50937 121.47  45.05  250   0.01
  50940 123.17  45.85  142    0.1
  50946 124.83  45.18  140    0.1
  50954 125.08  45.50  129    1.5
  50958 126.95  45.52  175    2.0
  50965 128.30  45.45  157   0.01
  50971 131.02  45.77  226    0.1
  50979 130.23  45.27  279    0.1
  50985 131.87  45.55  155    0.9
  50987 131.13  45.25  181    3.6
  51058  87.97  47.10  564   0.01
  51137  82.93  46.20  715    0.1
  51145  83.65  46.55  523    1.2
  51353  86.10  45.02  347   0.01
  51356  86.05  44.32  444    2.5
  51377  87.92  44.17  547    0.1
  51378  89.17  44.02  735    3.7
  51465  87.10  43.48 1874    7.0
  51468  86.83  43.10 3543    1.9
  51482  90.28  43.83 1271   16.4
  51568  86.80  42.25 1086    0.1
  51571  88.63  42.80    2    0.6
  51572  89.25  42.83  -47    0.7
  52515  94.87  39.52 2138    7.5
  52557 100.17  39.15 1458    3.9
  52575 102.78  39.42 1240    1.2
  52643  99.62  38.83 2311   11.5
  52656 100.82  38.43 2282    9.0
  52745  99.02  37.30 3417    0.4
  52784 102.90  37.47 2073    1.5
  52842  99.08  36.78 3088    0.1
  52853 100.98  36.90 3011   20.9
  52855 101.25  36.68 2676   11.7
  52862 101.68  36.95 2451   11.0
  52863 101.95  36.82 2480   21.9
  52869 101.58  36.50 2665   10.7
  52874 102.40  36.48 1981    4.4
  52875 102.10  36.50 2129   11.8
  52877 102.25  36.10 2835   24.5
  52881 103.18  36.98 2485    0.8
  52957 100.60  35.25 3149    5.0
  52963 102.02  35.93 2086   36.7
  52968 101.47  35.03 3663    0.2
  52972 102.47  35.85 1870   13.3
  53337 108.27  41.10 1025   0.01
  53433 108.65  40.73 1022   0.01
  53660 111.08  39.02  893   0.01
  53662 111.58  38.72 1393   0.01
  53665 111.65  38.28 1183    1.2
  53666 111.93  38.35 1213   0.01
  53669 111.80  38.08 1151    0.1
  53679 112.55  37.73  776   0.01
  53760 111.23  37.88 1212    5.2
  53763 112.17  37.92 1008    0.1
  53769 111.78  37.25  749   0.01
  53770 112.35  37.35  769   0.01
  53774 112.33  37.62  774    0.3
  53776 112.77  37.68  831   0.01
  53777 112.15  37.53  760    0.4
  53778 112.22  37.17  780    0.1
  53786 113.37  37.08 1134   0.01
  53860 111.17  36.98 1407    0.3
  53866 111.67  36.23  464    0.4
  53871 112.85  36.83  965    0.3
  53873 112.87  36.12  951    0.1
  53874 111.90  36.25  650    0.4
  53875 112.35  36.52 1001    0.2
  53878 113.38  36.52  769    0.3
  53879 112.88  36.32  953    1.5
  53880 113.23  36.33  948    1.0
  53886 113.67  36.57  471    1.2
  53889 113.82  36.07  308    0.4
  53890 114.15  36.68  234    0.4
  53892 114.47  36.62   67   0.01
  53916 106.32  35.50 1949    0.1
  53928 107.02  35.30 1150   0.01
  53972 112.92  35.12  121   0.01
  53979 113.08  35.15  121    0.1
  53980 114.80  36.55   51   0.01
  53982 113.27  35.23  113    4.4
  53984 113.47  35.23   83    0.9
  53985 113.82  35.45   97    0.3
  53988 113.67  35.27   78    0.6
  53994 114.07  35.38   71   0.01
  54024 119.30  44.45  710    0.4
  54031 121.82  44.90  201    0.2
  54039 122.02  44.03  182   0.01
  54072 126.52  44.85  203   0.01
  54093 130.55  44.93  266    0.8
  54099 131.13  44.08  151    6.1
  54113 118.65  43.53  623   0.01
  54117 117.53  43.25 1004    0.1
  54156 124.80  43.52  200   0.01
  54172 126.60  43.78  199    0.4
  54187 128.92  43.12  369    0.2
  54192 130.27  43.70  386    2.9
  54274 126.07  42.68  300    0.2
  54290 129.40  42.77  245    1.8
  54291 130.28  42.90   37   0.01
  54293 129.83  42.95  141    0.1
  54340 123.32  41.67   47   0.01
  54399 116.28  39.98   46   0.01
  54419 116.63  40.37   75    0.1
  54424 117.12  40.17   33   0.01
  54433 116.50  39.95   36   0.01
  54514 116.25  39.87   56   0.01
  54594 116.35  39.72   38   0.01
  56016  95.62  33.85 4181    6.2
  56186 104.20  31.33  589    3.1
  56189 103.93  30.98  584   18.4
  56190 104.55  31.55  518   0.01
  56194 104.45  31.82  679    0.2
  56195 104.73  31.78  531    6.8
  56197 104.18  31.13  537    0.5
  56198 104.50  31.32  523    0.7
  56199 104.68  31.03  424    6.0
  56272 103.88  30.82  560    3.2
  56273 102.82  30.38 1011    6.9
  56276 103.82  30.45  468    0.2
  56278 102.77  30.07  756    1.9
  56279 102.93  30.15  683    9.1
  56280 103.12  30.08  692    0.9
  56284 103.48  30.42  502    0.6
  56286 104.25  30.55  514    0.4
  56288 103.92  30.58  495    0.1
  56289 103.87  30.20  439    0.1
  56290 104.18  30.78  515    3.1
  56291 104.28  30.97  474    0.8
  56295 104.55  30.38  443   0.01
  56296 104.43  30.85  449    0.6
  56298 104.60  30.13  415   0.01
  56380 103.37  29.92  466   0.01
  56381 103.52  30.02  497    0.1
  56383 103.87  29.83  454    0.7
  56384 103.48  29.60  446    0.2
  56390 104.07  29.67  403   0.01
  56391 103.82  30.08  416   0.01
  56441  99.28  28.72 2424    0.1
  56567 100.85  27.30 2242    0.4
  56585 103.53  27.18 1916    0.3
  56641  98.87  26.90 1191    7.3
  56645  99.42  26.42 2345   11.2
  56646  99.92  26.53 2193    2.4
  56649  99.97  26.10 2059    2.0
  56652 100.75  26.68 2131    8.6
  56654 100.18  26.58 2196   10.9
  56670 102.12  26.90 1105    1.7
  56675 102.58  26.65 1695   0.01
  56697 104.08  26.22 1987    0.5
  56742  99.37  25.90 1663    2.5
  56745  99.95  25.68 1627    4.6
  56746  99.52  25.47 1618    8.1
  56752 100.57  25.83 1440    0.1
  56755 100.48  25.35 1670    0.1
  56756 100.58  25.48 1993    3.1
  56757 100.28  25.27 1744    1.6
  56761 101.32  25.72 1873    1.5
  56764 101.23  25.53 1875    0.3
  56767 101.28  25.18 1858    2.2
  56774 102.42  25.53 1712    0.1
  56781 103.27  25.55 1874    0.1
  56785 103.03  25.33 1925   0.01
  56790 104.25  25.68 1920   0.01
  56835  97.82  24.07  958   20.0
  56836  97.95  24.70  828    9.7
  56839  98.82  23.77  994   17.3
  56840  98.30  24.82 1013    6.7
  56841  98.68  24.60 1527   19.1
  56842  99.18  24.73 1473    4.4
  56843  99.62  24.83 1650   17.2
  56844  98.58  24.43  915    9.6
  56846  99.93  24.58 1569    6.2
  56849  99.23  24.03 1607   12.5
  56851 100.52  25.03 1378    1.3
  56854 100.13  24.45 1108    3.9
  56862 101.60  24.68 1966   0.01
  56867 101.12  23.98 1107    0.1
  56869 101.97  24.07 1498   0.01
  56879 102.92  24.20 1610    1.4
  56889 104.17  24.05 1518    0.4
  56891 104.32  24.98 1482    0.5
  56898 102.40  24.18 1542   0.01
  56944  99.27  23.15 1280    6.1
  56948  99.60  22.63 1156    1.7
  56949  99.60  22.32  946   39.3
  56950  99.80  23.47 1044    0.9
  56952 100.70  23.50  914   0.01
  56958 100.42  21.92 1177    3.6
  56961 101.05  23.03 1321    0.4
  56962 101.67  23.42 1315    3.0
  56973 102.83  23.62 1310   0.01
  56976 102.83  23.23  229   0.01
  56982 103.25  23.70 1055    0.4
  56987 103.23  22.78 1261    7.3
  56989 103.95  22.50  138    1.0
  56992 104.70  23.45 1508   0.01
  56995 104.42  23.03 1335   0.01
  56996 104.70  23.13 1094   0.01
  57001 105.33  34.75 1273   0.01
  57008 105.30  34.03 1578    0.1
  57012 106.20  34.98 1665   0.01
  57054 110.23  34.55  557   0.01
  57057 110.15  34.10  961    0.4
  57066 111.67  34.38  329   0.01
  57070 112.12  34.73  358   0.01
  57105 105.60  33.33 1219    1.0
  57110 106.08  33.78  930   0.01
  57111 106.30  33.92  967   0.01
  57119 106.70  33.17  551    0.6
  57129 107.72  32.98  447    0.2
  57132 108.62  34.12  415   0.01
  57137 108.32  33.32  801    1.2
  57140 109.12  33.67  818    0.1
  57153 110.33  33.68  584   11.4
  57155 109.87  33.55  661    0.9
  57194 114.27  33.28   60    0.1
  57204 105.23  32.58  801    2.9
  57208 105.47  32.02  538    9.9
  57213 106.93  33.00  537    2.7
  57216 106.83  32.35  577    2.3
  57217 106.28  32.23  493   28.8
  57231 108.53  32.53  504   0.01
  57233 108.50  32.90  413    6.4
  57248 109.33  32.40  429    0.1
  57254 110.12  32.82  324    0.1
  57295 114.35  32.62   83   0.01
  57299 114.90  32.02   50    0.1
  57303 105.92  31.73  460    1.4
  57304 105.17  31.67  517    2.9
  57307 105.08  31.10  408    1.7
  57308 105.38  31.22  421   0.01
  57320 107.22  31.93  483   12.9
  57326 107.72  31.37  390   0.01
  57361 111.27  31.88  331   0.01
  57362 110.67  31.75  939    1.8
  57396 114.85  31.63  130   0.01
  57407 105.03  30.28  464   0.01
  57453 111.32  30.77  116   0.01
  57466 111.77  30.43   50   26.9
  57596 114.20  29.63    0    1.0
  57634 107.88  28.52  658    1.0
  57643 109.83  29.00  268    0.1
  57694 114.38  28.53  256    7.1
  57699 114.92  28.23   68    0.2
  57735 108.82  27.18  396    0.7
  57738 108.42  27.05  517   0.01
  57739 108.88  27.23  375   14.3
  57740 109.60  27.95  349   0.01
  57742 109.20  27.52  883   0.01
  57760 111.43  27.70  247   0.01
  57786 113.85  27.65  110    0.2
  57792 114.68  27.82   93   0.01
  57796 114.93  27.80   79    2.2
  57798 114.60  27.40   89   0.01
  57807 105.47  26.20 1359    0.9
  57809 105.75  26.07 1251   0.01
  57813 106.47  26.57 1265   0.01
  57818 106.45  26.03 1145   0.01
  57829 107.80  26.20  964   0.01
  57834 108.30  26.68  642    0.4
  57835 108.43  26.72  521    0.9
  57881 113.25  26.72  105   0.01
  57882 113.55  26.78  135    0.1
  57883 114.28  26.75  257    2.7
  57891 114.25  26.93  144   28.5
  57900 105.22  25.83 1553    0.2
  57927 107.18  24.97  283    0.2
  57941 109.60  25.78  198   0.01
  57985 113.68  25.57  608   0.01
  57990 114.30  25.70  252   0.01
  58104 115.07  33.40   42    0.1
  58107 115.25  33.07   40    0.9
  58109 115.62  33.18   37   0.01
  58112 116.45  30.73  933    9.9
  58117 116.20  33.13   33   0.01
  58127 117.20  32.98   23    0.1
  58202 115.58  32.63   37   0.01
  58205 115.43  32.47   36    0.1
  58210 116.23  32.65   25    7.6
  58212 116.73  32.72   27    8.0
  58214 116.28  32.33   37    3.2
  58220 117.15  32.47   32    2.8
  58224 117.02  32.65   36   11.3
  58230 118.27  32.08   34    9.9
  58235 118.85  32.37   16   0.01
  58237 118.62  32.05   22   21.8
  58249 120.00  32.17    8   0.01
  58257 120.25  31.98   12   0.01
  58264 121.18  32.33   11   0.01
  58301 115.38  31.82   90    0.2
  58316 116.95  31.47   26   30.5
  58317 116.37  30.87  434    1.1
  58320 117.13  31.73   26   20.7
  58323 117.47  31.88   29   13.5
  58327 117.28  31.25   24   64.9
  58329 117.87  31.33   24    5.3
  58330 118.08  31.75   20    9.4
  58331 118.37  31.73   26    3.0
  58334 118.37  31.38   23   32.9
  58335 118.52  31.57   16   14.1
  58337 118.18  31.08   30   10.0
  58339 118.90  31.33   24   43.9
  58340 119.03  31.65   23    7.2
  58341 119.58  31.98   10    2.0
  58342 119.55  31.72    7   20.3
  58344 119.20  31.97   35    9.0
  58346 119.82  31.33   15   78.5
  58349 120.63  31.27    9   20.6
  58351 120.30  31.90   12   0.01
  58352 120.77  31.65    8    0.6
  58353 120.57  31.87    6   0.01
  58359 120.62  31.13    9   10.6
  58361 121.37  31.10   10    1.5
  58365 121.25  31.37    9    3.9
  58366 121.40  31.63    9   0.01
  58367 121.43  31.20   18    1.6
  58369 121.78  31.05    9    0.6
  58370 121.55  31.22   11    2.2
  58377 121.10  31.47    6    4.9
  58404 115.22  30.47   57   0.01
  58409 115.93  30.07   20    1.1
  58415 116.58  30.63   38   55.9
  58416 116.82  30.75   38   56.8
  58417 116.13  30.17   50   14.2
  58418 116.70  30.13   26    5.6
  58420 117.22  30.72   38    2.5
  58421 117.87  30.63   32    6.7
  58423 117.78  30.48  643    2.7
  58426 118.13  30.30  192    5.3
  58427 117.48  30.67   36   28.4
  58428 117.48  30.22  115    7.1
  58431 118.32  30.92   17   35.4
  58432 118.40  30.68   39    7.6
  58433 118.75  30.93   30    2.0
  58435 118.53  30.30  221    3.3
  58438 118.58  30.08  197   25.5
  58441 119.42  30.87   53    1.2
  58442 119.18  31.13   16    4.0
  58443 119.90  31.02   19   41.6
  58446 119.68  30.63   25    1.2
  58449 119.95  30.05   47    5.5
  58451 120.93  30.83    3   25.9
  58452 120.77  30.73    4   53.5
  58453 120.50  30.07   10    3.1
  58454 119.97  30.53    5    8.0
  58455 120.65  30.52    8    9.1
  58456 120.52  30.63    6    5.2
  58458 120.90  30.53    3    6.1
  58459 120.28  30.18   42   15.5
  58460 121.35  30.73    6    8.8
  58461 121.12  31.13    8    0.1
  58462 121.23  31.03    9    1.0
  58463 121.50  30.88    9    4.8
  58468 121.17  30.05   10    2.4
  58484 122.20  30.25    9   45.4
  58501 115.63  29.93   25    0.2
  58503 115.68  29.70   41    2.1
  58508 115.77  29.33   42    4.6
  58509 115.82  29.05   38    4.4
  58510 116.23  29.73   40    5.8
  58512 116.55  29.90   66   57.4
  58514 116.05  29.45   35   17.4
  58517 116.20  29.27   43    4.4
  58523 117.93  29.93  231   38.4
  58529 117.85  29.27   82    9.3
  58530 118.43  29.87  170    2.7
  58534 118.18  29.78  173    4.4
  58537 118.40  29.13  153   16.2
  58542 119.68  29.82   45   65.6
  58544 119.27  29.48   87   25.9
  58546 119.88  29.47  114   40.9
  58547 119.18  29.03   65   0.01
  58548 119.47  29.22   46    1.7
  58550 120.25  29.70   39   31.8
  58555 120.88  29.52  112    4.5
  58558 120.22  29.27   89    4.1
  58559 120.98  29.17   59    1.3
  58561 121.60  29.98    3   14.3
  58563 121.83  29.88    4    6.8
  58565 121.43  29.68    6   23.7
  58566 121.88  29.47   14   31.6
  58567 121.43  29.32   39   87.4
  58568 121.38  29.12   35   44.4
  58570 122.30  29.95   83   25.6
  58601 115.38  28.70   54   15.1
  58602 115.55  28.85   46   18.7
  58605 115.38  28.42   49    3.1
  58607 115.95  28.55   35   26.2
  58609 115.82  28.22   30   13.5
  58612 116.68  28.70   22    4.0
  58614 116.27  28.38   40    7.1
  58615 117.08  28.68   56   16.4
  58616 116.82  28.20   44   16.3
  58618 116.60  28.23   51   12.6
  58619 116.37  28.00   47   13.9
  58623 117.92  28.47   92    0.3
  58624 117.43  28.40   64   63.2
  58625 117.60  28.42   80    5.8
  58627 117.03  28.25   64    4.2
  58629 117.70  28.32   59   11.8
  58631 118.50  28.90  134   53.2
  58632 118.60  28.72  124   41.3
  58635 118.20  28.43   96    0.7
  58642 119.80  28.88  102    5.0
  58643 120.03  28.90   99    4.7
  58644 119.28  28.60  237    8.1
  58647 119.13  28.07  196    9.3
  58654 120.08  28.67  184    5.0
  58656 120.97  28.12    7   44.0
  58657 120.28  28.15   59   17.0
  58658 120.68  28.15   36   34.1
  58659 120.65  28.03   29   20.9
  58660 121.13  28.85    8   51.6
  58664 121.37  28.37   33   27.4
  58693 115.83  28.70   37    3.9
  58701 115.40  27.77   47   0.01
  58706 115.83  27.43  180   15.4
  58707 115.13  27.22   66    0.1
  58710 116.05  27.77   76    2.0
  58712 116.78  27.92  123   13.4
  58713 117.07  27.72  220    2.5
  58714 116.23  27.55  115    6.8
  58719 116.93  27.30  123    1.1
  58724 117.30  27.52  264    8.0
  58735 118.80  27.52  201    0.1
  58736 118.82  27.37  220   0.01
  58745 119.07  27.62  368    0.5
  58746 119.70  27.55  514   30.9
  58747 119.35  27.15  900   14.8
  58748 119.65  27.10   51    1.5
  58749 119.88  27.23  680   53.5
  58750 120.08  27.78  106   27.2
  58751 120.55  27.68    5    3.2
  58814 116.35  26.35  237    1.4
  58819 116.80  26.17  329    1.8
  58821 117.47  26.73  174   50.4
  58822 116.85  26.83  341    0.8
  58823 117.80  26.80  173   26.3
  58824 117.15  26.40  355   80.6
  58826 117.80  26.40  120   47.8
  58828 117.62  26.27  206   25.5
  58836 118.73  26.58  359    8.8
  58839 118.85  26.23   42    0.4
  58844 119.15  26.15   49    3.3
  58845 119.53  26.50   57   0.01
  58850 120.23  26.92   88   35.3
  58903 116.03  25.90  208   0.01
  58907 115.40  25.15  300    0.2
  58912 116.75  25.72  379   27.8
  58917 116.10  25.08  307    8.1
  58923 117.83  25.70  397   14.2
  58929 118.15  25.07   66   28.5
  58932 118.93  25.87   85    3.6
  58934 118.27  25.33  170   10.3
  58935 118.23  25.48  516    6.4
  58940 119.33  26.08   28   21.5
  59001 105.33  24.78  674   0.01
  59012 106.55  24.78  973    0.8
  59015 106.57  24.35  442    5.3
  59017 106.27  24.27  279    3.1
  59025 107.38  24.53  249    8.4
  59027 107.25  24.13  244    0.8
  59031 108.25  24.83  205    1.6
  59033 108.90  24.78  330    0.3
  59034 108.67  24.48  149    1.0
  59044 109.38  24.47   99   0.01
  59047 109.33  24.25  101   0.01
  59057 110.18  24.13  827    0.3
  59091 114.53  24.75  257   0.01
  59215 106.62  23.33  640    0.1
  59227 107.15  23.08  438    0.6
  59230 108.17  23.72  173    0.1
  59246 109.67  23.60   70   0.01
  59314 116.13  23.30   27    4.0
  59419 106.75  22.10  243   0.01
  59421 107.20  22.83  257    0.1
  59425 107.35  22.40  107   0.01
  59426 107.90  22.63   92    0.2
  59427 107.07  22.12  162    1.1
  59429 107.97  22.15  183    2.7
  59432 108.40  22.80  203   0.01
  59448 109.55  22.27   70    2.6
  59449 109.98  22.30   80   0.01
  59451 110.35  22.70   99    8.0
  59469 111.78  22.17   33    0.2
  59470 112.22  22.72   33   0.01
  59475 112.65  22.40   24    8.3
  59477 112.30  22.18   25    0.1
  59635 108.35  21.62   26   20.3
  59650 110.25  21.38   25   0.01
  59653 110.85  21.93   35    1.2
  59654 110.30  21.63   28    1.7
  59655 110.62  21.65   35    0.4
  59656 110.77  21.43   29   0.01
  59659 110.92  21.75   32   11.3
  59750 110.10  20.92   25   0.01
  59757 110.37  20.00   10    2.6
  59847 109.05  19.27  101   51.7
  59848 109.43  19.23  219   62.2
  59851 110.33  19.70   25    8.7
  59854 110.10  19.37  119    1.3
  59940 109.17  18.75  156   0.01
  59941 109.52  18.77  328   10.2
  59945 109.70  18.65   65   20.4
