diamond  3 2013年08月07日08点24小时降雨量                    
  13  08  07  08    -2 3 10 25 50 1 0
 39 122.7  37.3 122.5  36.7 120.8  36.2 119.3  35.0 120.4  34.3
 121.1  32.7 122.3  30.9 122.5  30.1 121.5  28.0 119.8  25.0
 116.1  22.6 111.0  21.0 111.0  18.6 109.6  18.1 108.3  18.5
 108.9  19.9 109.3  21.0 106.4  21.6 104.1  22.2 101.6  20.8
  98.7  22.0  97.1  24.1  97.7  27.0  91.7  26.6  85.7  27.7
  78.9  30.6  73.3  37.1  74.1  40.7  87.6  49.8  98.5  43.9
 110.4  44.3 122.0  54.7 135.7  48.3 131.5  42.2 125.2  39.4
 121.3  38.5 121.2  40.3 118.5  38.6 120.8  38.1
1                    478
  50137 122.37  53.47  297    1.0
  50431 121.52  50.78  718    0.2
  50445 123.73  50.58  424    2.3
  50525 119.75  49.15  621    0.3
  50655 126.18  48.50  267    6.8
  50673 130.40  48.88   92    6.6
  50741 123.50  47.93  186    0.8
  50767 127.10  47.23  204    0.8
  50775 130.27  47.33  229    4.2
  50779 134.28  48.37   41   13.4
  50787 131.85  47.28   63    1.6
  50850 125.13  46.57  148   0.01
  50858 125.93  46.07  136    4.0
  50859 126.27  46.25  160    0.2
  50861 127.48  46.88  186    0.1
  50867 127.35  46.08  134    2.5
  50871 129.88  46.73   96    9.8
  50878 130.72  47.00   80    0.8
  50879 130.55  46.22  187   19.5
  50880 131.12  46.73  104    1.6
  50884 131.15  46.63  176    3.4
  50892 134.00  46.80   57    0.9
  50913 118.83  45.72  866    6.2
  50924 119.67  45.53  824    0.4
  50928 120.33  45.07  629    0.3
  50939 122.82  45.33  154    0.3
  50940 123.17  45.85  142   0.01
  50954 125.08  45.50  129    3.0
  50956 126.57  45.93  117    2.2
  50958 126.95  45.52  175    1.8
  50960 127.45  45.78  192    8.1
  50962 128.03  45.95  113    1.6
  50964 128.80  45.83  123   13.1
  50965 128.30  45.45  157   0.01
  50971 131.02  45.77  226   11.4
  50987 131.13  45.25  181    0.3
  51058  87.97  47.10  564    0.3
  51145  83.65  46.55  523    0.5
  51353  86.10  45.02  347   0.01
  51357  85.62  44.33  523   0.01
  51465  87.10  43.48 1874    9.4
  51468  86.83  43.10 3543    1.8
  51571  88.63  42.80    2   0.01
  52557 100.17  39.15 1458    2.9
  52575 102.78  39.42 1240    1.7
  52607 106.65  39.43 1253    1.1
  52643  99.62  38.83 2311    1.0
  52656 100.82  38.43 2282    4.1
  52745  99.02  37.30 3417    0.8
  52784 102.90  37.47 2073   29.3
  52842  99.08  36.78 3088    0.4
  52853 100.98  36.90 3011   15.0
  52855 101.25  36.68 2676   18.2
  52862 101.68  36.95 2451   22.5
  52863 101.95  36.82 2480   12.1
  52869 101.58  36.50 2665   11.1
  52874 102.40  36.48 1981   11.8
  52875 102.10  36.50 2129   11.3
  52877 102.25  36.10 2835   21.5
  52881 103.18  36.98 2485    8.3
  52885 103.25  36.75 2119   10.3
  52896 104.15  36.55 1739   12.7
  52957 100.60  35.25 3149   13.6
  52963 102.02  35.93 2086   14.8
  52968 101.47  35.03 3663   11.8
  52972 102.47  35.85 1870    9.0
  52978 102.52  35.20 2930    9.4
  52980 103.30  35.97 1649   12.0
  52981 103.38  35.67 2429   14.6
  52982 103.55  35.48 1954   21.7
  52985 103.33  35.42 2164   24.3
  52988 103.72  35.37 2000   27.4
  52993 104.07  35.68 1740   11.5
  52995 104.62  35.58 1898   19.0
  52998 104.20  35.13 2111   32.4
  53337 108.27  41.10 1025   0.01
  53348 109.13  41.02 1080    0.9
  53357 110.05  42.03 1361    2.1
  53367 111.23  41.32 1604    0.9
  53368 111.47  41.08 1640    1.9
  53384 113.18  41.45 1424    0.1
  53392 114.60  41.85 1424    0.3
  53397 113.98  41.10 1377    0.4
  53419 107.00  40.33 1060    2.7
  53433 108.65  40.73 1022    3.5
  53455 110.53  40.55 1000    2.1
  53457 110.03  40.40 1012    2.2
  53464 111.17  40.72 1047    1.7
  53466 111.70  40.75 1046    0.6
  53467 111.18  40.27 1017    4.4
  53469 111.82  40.40 1164    6.6
  53472 112.57  40.87 1453    3.7
  53475 112.47  40.52 1272    6.9
  53481 113.22  40.80 1317    3.8
  53483 113.83  40.87 1269    1.4
  53484 113.15  40.45 1192    0.6
  53486 113.77  40.37 1050    2.4
  53488 113.58  40.03 1035    2.8
  53491 114.38  40.67  837    0.9
  53492 114.15  40.10  939    8.4
  53498 115.03  40.57  630    0.7
  53499 114.73  40.77  755    0.6
  53505 105.40  37.88 1382    3.7
  53512 106.80  39.80 1105   10.3
  53517 106.33  39.27 1466    1.5
  53518 106.35  39.03 1118   0.01
  53522 107.83  40.05 1180    5.9
  53533 108.73  39.85 1390    2.8
  53545 109.73  39.57 1330    0.7
  53547 109.03  39.10 1312    4.3
  53553 111.22  39.87 1222    2.6
  53562 111.67  39.92 1192    3.4
  53565 111.50  39.43 1050    3.9
  53567 111.08  39.03  980    8.4
  53573 112.70  40.00 1337    1.5
  53574 112.27  39.52 1408    9.0
  53575 112.20  39.10 1526   18.3
  53576 112.82  39.50 1046   18.3
  53577 112.30  39.00 1441   10.1
  53579 112.90  39.02  861    2.5
  53580 113.10  39.82 1045    5.0
  53582 113.68  39.72 1094    1.7
  53584 113.17  39.57 1001    7.3
  53585 113.27  39.17  934    2.4
  53590 114.27  39.75  979    2.5
  53596 115.13  38.85   53    0.1
  53599 114.68  39.37  885    0.1
  53610 106.35  38.57 1106    1.3
  53611 106.55  38.88 1099   0.01
  53617 106.08  38.03 1119    0.3
  53618 106.25  38.28 1115    0.6
  53619 106.30  38.12 1117    0.1
  53644 108.83  38.60 1309    2.6
  53658 110.48  38.03  895    6.4
  53659 111.00  37.97 1164    0.5
  53660 111.08  39.02  893    8.7
  53662 111.58  38.72 1393   29.3
  53666 111.93  38.35 1213   32.5
  53669 111.80  38.08 1151    1.7
  53679 112.55  37.73  776    0.2
  53680 114.38  38.30  109    0.2
  53681 113.37  38.83 1097    2.7
  53682 114.68  38.63  105   0.01
  53688 114.55  38.45   98    6.7
  53689 115.07  38.02   43    6.0
  53690 114.18  38.85  283   0.01
  53691 114.57  38.15   76    6.3
  53692 114.98  38.73   68    0.3
  53693 114.13  38.03  256   0.01
  53695 114.68  38.35   72   24.2
  53696 115.00  38.52   55   12.5
  53697 114.83  38.03   54    3.0
  53699 114.95  38.18   46   45.9
  53707 105.25  36.93 1699    5.1
  53727 107.12  37.17 1713   11.6
  53730 107.48  38.18 1335    1.3
  53732 108.72  37.85 1211   22.7
  53748 109.70  37.18 1064   10.1
  53750 110.18  37.77  931   11.8
  53751 110.05  37.60  897   20.7
  53753 110.88  37.43  861    0.1
  53756 110.72  37.52  744    0.1
  53757 110.12  37.12  938   10.1
  53760 111.23  37.88 1212    0.4
  53767 111.17  37.33 1212   0.01
  53777 112.15  37.53  760    0.1
  53783 113.70  37.60  880    0.3
  53784 114.78  37.75   39   36.1
  53785 114.67  37.52   35   0.01
  53789 114.63  37.88   57   34.6
  53790 114.62  37.60   50    3.5
  53791 114.52  37.77   67   53.3
  53792 114.48  37.45  113    2.4
  53795 114.37  37.65  137   0.01
  53796 114.88  37.62   31    0.2
  53829 107.90  35.98 1094   19.8
  53832 108.77  36.77 1220   13.7
  53841 109.32  36.88 1069   14.6
  53848 109.35  36.27 1005   33.9
  53850 110.18  36.88  801    2.6
  53856 110.75  36.47  756    0.4
  53857 110.18  36.07  840   0.01
  53860 111.17  36.98 1407   17.9
  53862 111.77  36.83  809   0.01
  53881 106.48  37.28 1382    2.9
  53886 113.67  36.57  471   0.01
  53889 113.82  36.07  308   0.01
  53906 105.72  35.52 1659    8.8
  53908 105.23  35.22 1769   27.4
  53914 106.12  35.62 2079    9.1
  53916 106.32  35.50 1949   22.3
  53917 106.07  35.22 1633   10.8
  53924 107.62  35.07  967    9.3
  53925 107.18  35.68 1174   10.1
  53926 107.35  35.35 1630   13.7
  53927 106.62  35.20 1478   20.2
  53928 107.02  35.30 1150   14.1
  53930 107.98  36.45 1270    2.8
  53931 109.37  36.00  983    8.7
  53934 108.02  35.82 1299   33.3
  53935 108.35  35.48 1443   24.5
  53937 107.92  35.52  980   54.1
  53938 108.30  35.17 1277    0.2
  53941 109.58  35.18  807    0.2
  53944 109.25  35.57  857   18.4
  53945 109.07  35.43 1394   25.2
  53946 109.82  35.60 1091   20.3
  53947 109.07  35.08  979    4.6
  53949 109.92  35.18  680    0.2
  54024 119.30  44.45  710    0.1
  54039 122.02  44.03  182   0.01
  54092 129.40  44.60  294    0.2
  54098 129.47  44.33  272    0.1
  54113 118.65  43.53  623   0.01
  54122 120.05  43.88  375    1.8
  54132 121.07  42.40  400    0.2
  54205 116.00  42.23 1316    1.2
  54223 120.65  42.85  364   15.6
  54231 122.35  42.97  249    0.3
  54234 121.75  42.73  300    1.4
  54252 124.75  42.73  198   0.01
  54301 115.67  41.67 1414   0.01
  54304 115.28  40.97 1249   13.4
  54305 115.27  41.88 1468    0.2
  54313 118.70  41.93  734    0.8
  54316 118.75  41.52  680    0.1
  54318 117.73  41.32  562   0.01
  54319 118.67  41.00  509    9.5
  54320 119.30  41.60  546   0.01
  54325 120.35  41.18  183    2.1
  54327 119.35  41.23  421    1.1
  54328 119.72  41.08  300    1.5
  54330 121.37  41.17   61    0.2
  54398 116.62  40.13   29    1.6
  54399 116.28  39.98   46    0.5
  54404 115.83  40.88  868    1.0
  54408 115.22  40.38  531    0.7
  54410 116.13  40.60 1216    1.7
  54412 116.63  40.73  334    0.4
  54419 116.63  40.37   75   12.3
  54420 117.33  40.93  530    1.8
  54421 117.12  40.65  286    0.3
  54424 117.12  40.17   33   31.0
  54425 117.48  40.42  584    2.6
  54428 117.40  40.03   19   20.8
  54430 118.15  40.77  268    1.6
  54431 116.63  39.92   40    4.1
  54432 118.48  40.60  305   53.2
  54433 116.50  39.95   36    0.7
  54434 118.30  40.17  103   12.9
  54437 118.65  39.50   19   0.01
  54438 118.88  39.88   61    9.4
  54439 118.72  40.02   51    8.5
  54453 120.88  40.78   43    0.6
  54483 123.90  40.88  239    0.2
  54494 124.07  40.47   74    4.9
  54499 116.22  40.22   75   12.3
  54501 115.68  39.97  441    5.6
  54502 116.03  39.48   30   0.01
  54503 115.82  39.07   13    2.9
  54505 116.12  39.92   94    1.4
  54506 115.88  39.32   29   27.4
  54510 116.98  39.90   18    7.3
  54512 116.28  39.42   22   40.4
  54513 116.20  39.95   67    1.0
  54514 116.25  39.87   56    2.0
  54515 116.70  39.50   14   66.5
  54517 117.20  39.07    5    0.6
  54519 116.48  39.30   13   12.8
  54520 117.08  39.97   19   11.2
  54521 116.98  39.77   14   15.3
  54522 117.73  39.88   19   36.2
  54526 117.33  39.08   10    0.1
  54529 117.82  39.35   12   25.1
  54530 117.77  39.23    6    0.8
  54531 118.72  39.73   43    3.6
  54532 118.10  39.80   35    6.7
  54533 118.10  39.58    9    1.8
  54535 118.47  39.28    3   10.3
  54540 119.17  39.72   14    1.0
  54541 119.23  39.90   23    1.7
  54568 121.70  39.08   40    1.3
  54569 121.97  39.40   35    0.4
  54590 124.17  39.88    5    0.1
  54594 116.35  39.72   38    9.9
  54596 116.13  39.68   40   15.7
  54597 115.73  39.73  409   14.9
  54601 115.65  38.98   14    0.3
  54603 115.77  38.72   10    0.6
  54604 115.33  38.42   31   25.8
  54607 115.12  38.72   45    2.6
  54609 115.50  38.25   25    8.2
  54611 115.32  38.93   45   0.01
  54616 116.85  38.35    9   0.01
  54617 116.12  38.18   13    1.5
  54619 116.92  38.92    8   0.01
  54620 115.57  38.48   19    1.5
  54621 115.18  38.18   39   38.7
  54622 117.37  38.98    3    3.5
  54627 117.23  38.03    8   0.01
  54628 117.48  38.15    7    0.7
  54636 116.10  39.02   12    2.2
  54644 117.12  38.05   11    0.6
  54645 117.47  38.85    3   0.01
  54700 115.93  38.03   16    0.4
  54701 115.20  37.93   41    0.8
  54710 116.17  37.87   19    0.1
  54711 116.28  37.70   19    0.7
  54713 116.53  37.88   15   0.01
  54717 116.40  37.63   18    2.8
  54719 116.68  38.03   12   22.3
  54732 118.52  37.87   13    2.0
  54736 118.67  37.43    9   0.01
  54738 118.40  37.05   20    0.4
  54825 117.85  36.52  195   0.01
  54828 117.68  36.23  228   0.01
  56016  95.62  33.85 4181    8.7
  56045  99.90  33.97 4051    6.6
  56071 102.50  34.58 3107   23.1
  56081 103.35  34.70 2811   17.0
  56082 103.50  34.58 2544   30.2
  56084 103.23  34.07 2376   20.1
  56091 104.47  34.85 1884   28.2
  56092 104.65  35.00 1729   39.7
  56094 104.37  33.78 1400   17.7
  56095 104.38  34.03 1754   36.5
  56097 104.23  33.27 1407    7.2
  56147  98.83  31.22 3261   14.4
  56158 100.67  31.40 3250    2.4
  56164 100.98  32.27 3286    4.5
  56168 102.07  31.48 2170    1.8
  56171 101.70  32.90 3276   19.6
  56180 103.85  31.68 1591    4.3
  56181 103.70  30.68  543   69.5
  56183 103.58  31.47 1326    5.3
  56184 103.17  31.43 1884    1.8
  56185 102.98  32.08 2400    0.1
  56186 104.20  31.33  589   58.6
  56189 103.93  30.98  584   50.9
  56190 104.55  31.55  518   34.3
  56192 104.67  32.95 1016   13.9
  56193 104.52  32.42  894   24.8
  56194 104.45  31.82  679   95.6
  56195 104.73  31.78  531   22.7
  56197 104.18  31.13  537   71.4
  56198 104.50  31.32  523   19.4
  56199 104.68  31.03  424    1.2
  56267 101.02  30.03 2598    0.3
  56272 103.88  30.82  560   72.6
  56273 102.82  30.38 1011   13.0
  56276 103.82  30.45  468   28.0
  56278 102.77  30.07  756    9.1
  56279 102.93  30.15  683   50.2
  56280 103.12  30.08  692   17.5
  56281 103.50  30.18  512   17.2
  56284 103.48  30.42  502   50.1
  56285 103.52  30.60  525   30.4
  56286 104.25  30.55  514   32.8
  56288 103.92  30.58  495   20.9
  56289 103.87  30.20  439    0.5
  56290 104.18  30.78  515   35.9
  56291 104.28  30.97  474   40.7
  56296 104.43  30.85  449    1.2
  56371 102.23  29.92 1322   0.01
  56373 102.85  29.78  763   15.5
  56378 102.35  29.23  891    0.7
  56380 103.37  29.92  466   31.0
  56381 103.52  30.02  497    7.7
  56382 103.60  29.73  408    0.5
  56383 103.87  29.83  454    4.6
  56384 103.48  29.60  446   32.3
  56391 103.82  30.08  416    1.0
  56441  99.28  28.72 2424   0.01
  56473 102.77  28.95 1061   0.01
  56474 102.17  28.55 1775    3.7
  56478 102.43  28.30 1819    1.5
  56567 100.85  27.30 2242   0.01
  56569 102.18  27.42 1381   11.1
  56641  98.87  26.90 1191    0.2
  56645  99.42  26.42 2345   15.4
  56646  99.92  26.53 2193    1.7
  56654 100.18  26.58 2196    0.5
  56746  99.52  25.47 1618   0.01
  56774 102.42  25.53 1712    0.3
  56775 102.45  25.55 1752   0.01
  56790 104.25  25.68 1920    0.2
  56835  97.82  24.07  958    0.1
  56836  97.95  24.70  828    0.1
  56839  98.82  23.77  994   0.01
  56840  98.30  24.82 1013   0.01
  56841  98.68  24.60 1527    6.9
  56844  98.58  24.43  915   0.01
  56846  99.93  24.58 1569   20.0
  56849  99.23  24.03 1607   0.01
  56851 100.52  25.03 1378   0.01
  56876 102.77  24.28 1732    8.8
  56878 102.75  24.13 1802   10.5
  56879 102.92  24.20 1610    0.7
  56889 104.17  24.05 1518   11.1
  56898 102.40  24.18 1542   0.01
  56944  99.27  23.15 1280    2.0
  56948  99.60  22.63 1156    2.9
  56949  99.60  22.32  946    1.7
  56950  99.80  23.47 1044    0.5
  56952 100.70  23.50  914    7.5
  56958 100.42  21.92 1177    2.5
  56962 101.67  23.42 1315   0.01
  56973 102.83  23.62 1310    0.7
  56975 102.43  23.37  975   0.01
  56976 102.83  23.23  229    0.2
  56982 103.25  23.70 1055    1.9
  56984 103.15  23.38 1717    0.9
  56987 103.23  22.78 1261   68.2
  56989 103.95  22.50  138    4.0
  56992 104.70  23.45 1508    1.1
  56995 104.42  23.03 1335    0.2
  57001 105.33  34.75 1273   12.5
  57002 105.65  34.85 1217   20.7
  57004 104.88  34.73 1496   24.7
  57006 105.75  34.58 1142   11.6
  57007 105.18  34.18 1406   27.4
  57008 105.30  34.03 1578   35.9
  57011 106.15  34.75 1379   48.7
  57012 106.20  34.98 1665   29.4
  57016 107.13  34.35  613   11.2
  57020 107.40  34.37  563    8.4
  57021 107.13  34.65  751   19.8
  57022 107.78  34.68 1026   16.8
  57023 108.10  35.03  841    3.7
  57024 107.65  34.45  671    1.8
  57031 108.55  34.82 1013    1.8
  57035 108.23  34.55  636   0.01
  57038 108.45  34.28  411    1.6
  57054 110.23  34.55  557    4.1
  57065 112.18  34.50  196   0.01
  57102 105.72  33.75  971   68.5
  57105 105.60  33.33 1219   74.9
  57110 106.08  33.78  930   36.8
  57111 106.30  33.92  967   17.6
  57113 106.53  33.90  990   15.0
  57119 106.70  33.17  551   0.01
  57140 109.12  33.67  818    1.0
  57204 105.23  32.58  801  104.4
  57208 105.47  32.02  538   36.0
  57213 106.93  33.00  537    0.8
  57216 106.83  32.35  577    0.1
  57217 106.28  32.23  493    4.1
  57303 105.92  31.73  460    0.3
  57304 105.17  31.67  517   29.3
  57314 106.07  31.35  385   0.01
  57978 112.55  25.28  291    0.1
  59268 111.53  23.25   31   0.01
  59285 113.60  23.57   39    0.9
  59310 116.18  23.77   39    0.1
  59313 116.98  23.68   42   0.01
  59429 107.97  22.15  183   0.01
  59435 108.48  22.77   75    5.0
  59469 111.78  22.17   33    2.8
  59476 113.03  22.53   35    3.3
  59487 113.30  22.23   12    1.3
  59500 115.32  22.97   10    3.4
  59502 115.65  22.95   11   0.01
  59635 108.35  21.62   26    0.2
  59650 110.25  21.38   25    0.8
  59656 110.77  21.43   29   0.01
  59750 110.10  20.92   25    0.3
  59757 110.37  20.00   10    0.4
  59842 109.68  19.90   31    3.0
  59843 110.00  19.73   36    5.3
  59847 109.05  19.27  101    0.5
  59848 109.43  19.23  219   11.9
  59851 110.33  19.70   25    5.5
  59854 110.10  19.37  119   44.7
  59856 110.75  19.62   26    2.2
  59940 109.17  18.75  156    3.9
  59941 109.52  18.77  328   29.0
  59945 109.70  18.65   65   22.2
  59951 110.33  18.80   38   17.8
