diamond  3 2013年08月23日08点24小时降雨量                    
  13  08  23  08    -2 3 10 25 50 1 0
 39 122.7  37.3 122.5  36.7 120.8  36.2 119.3  35.0 120.4  34.3
 121.1  32.7 122.3  30.9 122.5  30.1 121.5  28.0 119.8  25.0
 116.1  22.6 111.0  21.0 111.0  18.6 109.6  18.1 108.3  18.5
 108.9  19.9 109.3  21.0 106.4  21.6 104.1  22.2 101.6  20.8
  98.7  22.0  97.1  24.1  97.7  27.0  91.7  26.6  85.7  27.7
  78.9  30.6  73.3  37.1  74.1  40.7  87.6  49.8  98.5  43.9
 110.4  44.3 122.0  54.7 135.7  48.3 131.5  42.2 125.2  39.4
 121.3  38.5 121.2  40.3 118.5  38.6 120.8  38.1
1                    772
  50431 121.52  50.78  718    0.1
  50445 123.73  50.58  424    2.8
  50525 119.75  49.15  621    2.0
  50526 120.70  49.28  670    3.7
  50566 128.47  49.55  117    2.3
  50645 124.48  48.48  196    9.6
  50646 124.85  48.48  204    0.5
  50647 123.48  48.13  237    6.2
  50655 126.18  48.50  267   12.7
  50659 126.25  48.03  293    5.7
  50673 130.40  48.88   92    1.2
  50674 129.43  48.57  404    3.2
  50741 123.50  47.93  186    5.7
  50749 124.83  47.18  159    0.3
  50750 125.30  47.90  228    8.7
  50755 126.10  47.60  232    0.4
  50767 127.10  47.23  204    0.5
  50772 129.23  48.10  299   23.2
  50775 130.27  47.33  229    8.1
  50776 130.83  47.57   84   25.5
  50778 132.53  47.67   59    7.5
  50779 134.28  48.37   41   11.8
  50787 131.85  47.28   63   13.0
  50832 122.08  46.72  334    2.6
  50833 122.90  46.72  189    2.8
  50842 124.42  46.83  145   0.01
  50851 126.08  46.68  209    2.8
  50852 126.45  46.83  170    5.7
  50859 126.27  46.25  160    0.6
  50861 127.48  46.88  186   19.8
  50867 127.35  46.08  134    5.8
  50871 129.88  46.73   96    4.3
  50878 130.72  47.00   80   21.9
  50879 130.55  46.22  187   11.0
  50880 131.12  46.73  104   25.1
  50884 131.15  46.63  176   14.2
  50892 134.00  46.80   57   12.6
  50956 126.57  45.93  117    0.6
  50958 126.95  45.52  175    0.3
  50960 127.45  45.78  192    2.1
  50962 128.03  45.95  113   68.1
  50964 128.80  45.83  123   22.6
  50965 128.30  45.45  157   27.3
  50971 131.02  45.77  226    0.2
  50979 130.23  45.27  279   10.4
  50985 131.87  45.55  155   16.7
  50987 131.13  45.25  181   18.2
  51356  86.05  44.32  444   0.01
  51377  87.92  44.17  547   0.01
  51436  83.25  43.45  929   0.01
  51627  79.23  41.22 1397    0.2
  51707  76.73  39.50 1209   0.01
  51722  80.40  40.65 1046   0.01
  52515  94.87  39.52 2138    1.3
  52557 100.17  39.15 1458   0.01
  52575 102.78  39.42 1240    0.4
  52607 106.65  39.43 1253   25.8
  52643  99.62  38.83 2311    0.8
  52656 100.82  38.43 2282    1.4
  52745  99.02  37.30 3417   15.8
  52784 102.90  37.47 2073    7.1
  52842  99.08  36.78 3088   12.2
  52853 100.98  36.90 3011    6.2
  52855 101.25  36.68 2676    5.8
  52862 101.68  36.95 2451    9.2
  52863 101.95  36.82 2480    1.6
  52869 101.58  36.50 2665    0.4
  52875 102.10  36.50 2129    0.6
  52877 102.25  36.10 2835   16.0
  52885 103.25  36.75 2119   0.01
  52957 100.60  35.25 3149   0.01
  52963 102.02  35.93 2086    4.7
  52978 102.52  35.20 2930   0.01
  52980 103.30  35.97 1649   0.01
  52981 103.38  35.67 2429   0.01
  52982 103.55  35.48 1954   0.01
  52985 103.33  35.42 2164   52.9
  52988 103.72  35.37 2000   0.01
  52995 104.62  35.58 1898   0.01
  52998 104.20  35.13 2111   0.01
  53457 110.03  40.40 1012   0.01
  53467 111.18  40.27 1017    0.1
  53469 111.82  40.40 1164    0.1
  53475 112.47  40.52 1272    0.2
  53484 113.15  40.45 1192    1.0
  53486 113.77  40.37 1050    0.5
  53488 113.58  40.03 1035    0.5
  53492 114.15  40.10  939    1.5
  53505 105.40  37.88 1382    5.5
  53517 106.33  39.27 1466    7.8
  53518 106.35  39.03 1118    3.1
  53522 107.83  40.05 1180    0.2
  53533 108.73  39.85 1390   30.9
  53545 109.73  39.57 1330   26.4
  53547 109.03  39.10 1312   15.9
  53553 111.22  39.87 1222    0.8
  53562 111.67  39.92 1192    1.6
  53565 111.50  39.43 1050    4.7
  53567 111.08  39.03  980   15.2
  53573 112.70  40.00 1337    0.4
  53574 112.27  39.52 1408    4.4
  53575 112.20  39.10 1526    7.5
  53576 112.82  39.50 1046    3.4
  53577 112.30  39.00 1441   10.2
  53579 112.90  39.02  861    1.6
  53580 113.10  39.82 1045    2.3
  53582 113.68  39.72 1094    3.9
  53584 113.17  39.57 1001    3.1
  53585 113.27  39.17  934    7.0
  53590 114.27  39.75  979    3.4
  53596 115.13  38.85   53    0.3
  53599 114.68  39.37  885    0.9
  53603 106.37  38.83 1096    0.1
  53611 106.55  38.88 1099   0.01
  53617 106.08  38.03 1119   0.01
  53618 106.25  38.28 1115    0.6
  53644 108.83  38.60 1309   26.5
  53658 110.48  38.03  895    1.6
  53659 111.00  37.97 1164    3.7
  53660 111.08  39.02  893   21.1
  53662 111.58  38.72 1393   22.0
  53665 111.65  38.28 1183    5.9
  53666 111.93  38.35 1213    3.0
  53669 111.80  38.08 1151   0.01
  53681 113.37  38.83 1097    0.1
  53692 114.98  38.73   68   0.01
  53693 114.13  38.03  256   0.01
  53727 107.12  37.17 1713   37.3
  53730 107.48  38.18 1335    2.9
  53732 108.72  37.85 1211   37.5
  53750 110.18  37.77  931    0.1
  53760 111.23  37.88 1212    5.0
  53852 110.63  36.77  917    0.7
  53866 111.67  36.23  464    2.4
  53881 106.48  37.28 1382    0.1
  53885 113.20  36.13 1031   0.01
  53906 105.72  35.52 1659    0.2
  53914 106.12  35.62 2079   16.2
  53916 106.32  35.50 1949   52.4
  53917 106.07  35.22 1633   34.8
  53935 108.35  35.48 1443    7.7
  53937 107.92  35.52  980    1.0
  54069 125.80  44.17  175    0.6
  54072 126.52  44.85  203    1.6
  54076 126.93  44.42  254    0.6
  54080 127.15  44.90  196    4.4
  54092 129.40  44.60  294    3.5
  54093 130.55  44.93  266   29.6
  54098 129.47  44.33  272    0.5
  54099 131.13  44.08  151   10.6
  54187 128.92  43.12  369    1.5
  54192 130.27  43.70  386    0.5
  54398 116.62  40.13   29    0.3
  54399 116.28  39.98   46    0.2
  54408 115.22  40.38  531   0.01
  54419 116.63  40.37   75   0.01
  54424 117.12  40.17   33   0.01
  54425 117.48  40.42  584    0.1
  54428 117.40  40.03   19   0.01
  54431 116.63  39.92   40    0.1
  54433 116.50  39.95   36    0.1
  54434 118.30  40.17  103   0.01
  54494 124.07  40.47   74    0.1
  54499 116.22  40.22   75    0.2
  54501 115.68  39.97  441    0.9
  54502 116.03  39.48   30   0.01
  54505 116.12  39.92   94   0.01
  54507 115.50  39.35   52    0.1
  54510 116.98  39.90   18    0.2
  54513 116.20  39.95   67    0.1
  54514 116.25  39.87   56    0.5
  54515 116.70  39.50   14   0.01
  54520 117.08  39.97   19   0.01
  54521 116.98  39.77   14   0.01
  54594 116.35  39.72   38    0.3
  54596 116.13  39.68   40    0.2
  54597 115.73  39.73  409    1.6
  54611 115.32  38.93   45   0.01
  54777 122.07  37.20  112   0.01
  54778 122.48  37.17   60    0.3
  54835 118.55  36.50  110   0.01
  54837 118.83  36.68   76   0.01
  54844 119.18  36.42   67   0.01
  54848 119.42  35.98   81    0.1
  54851 120.57  36.90   81   0.01
  54855 120.47  36.38   30   0.01
  54861 121.53  36.93   47   0.01
  54871 122.48  36.93    9   0.01
  54932 118.65  35.77  184    0.8
  54935 118.43  35.53  120   0.01
  54938 118.40  35.05   66   0.01
  54939 118.82  35.17  116   0.01
  54940 119.20  35.75  147    0.4
  54943 120.00  35.88   13    0.4
  56016  95.62  33.85 4181   0.01
  56045  99.90  33.97 4051   19.1
  56082 103.50  34.58 2544   0.01
  56147  98.83  31.22 3261   0.01
  56171 101.70  32.90 3276    4.1
  56185 102.98  32.08 2400   0.01
  56267 101.02  30.03 2598    5.5
  56288 103.92  30.58  495    0.1
  56371 102.23  29.92 1322    0.1
  56441  99.28  28.72 2424    0.3
  56443  99.80  28.93 2842   0.01
  56478 102.43  28.30 1819    0.2
  56480 103.53  28.82  564   0.01
  56491 104.57  28.70  288    4.8
  56497 104.23  28.10  433    0.1
  56499 104.78  28.38  368    9.2
  56567 100.85  27.30 2242    2.2
  56580 102.80  27.72 2461    5.9
  56592 104.52  28.43  360   11.7
  56641  98.87  26.90 1191    1.2
  56646  99.92  26.53 2193    1.5
  56649  99.97  26.10 2059    0.7
  56654 100.18  26.58 2196    0.2
  56669 101.67  26.05 1531   19.0
  56742  99.37  25.90 1663    0.7
  56745  99.95  25.68 1627   19.6
  56746  99.52  25.47 1618   21.3
  56752 100.57  25.83 1440    3.0
  56755 100.48  25.35 1670   14.6
  56756 100.58  25.48 1993    0.4
  56757 100.28  25.27 1744   29.0
  56761 101.32  25.72 1873    3.2
  56764 101.23  25.53 1875    1.4
  56766 101.52  25.33 1769    0.8
  56767 101.28  25.18 1858    0.2
  56772 102.50  25.23 1694    2.5
  56775 102.45  25.55 1752   0.01
  56777 102.07  25.15 1566    1.4
  56835  97.82  24.07  958    0.2
  56836  97.95  24.70  828    1.9
  56839  98.82  23.77  994    7.1
  56840  98.30  24.82 1013    1.2
  56841  98.68  24.60 1527    8.6
  56842  99.18  24.73 1473   22.7
  56843  99.62  24.83 1650    7.9
  56844  98.58  24.43  915   19.3
  56846  99.93  24.58 1569   12.6
  56849  99.23  24.03 1607   18.6
  56851 100.52  25.03 1378    3.8
  56854 100.13  24.45 1108   16.2
  56862 101.60  24.68 1966    0.8
  56863 102.48  24.93 1850    0.4
  56867 101.12  23.98 1107    0.1
  56869 101.97  24.07 1498    5.0
  56870 102.17  24.67 1576   10.4
  56871 102.60  24.65 1894    2.3
  56878 102.75  24.13 1802    0.9
  56879 102.92  24.20 1610    0.8
  56882 102.80  24.88 1909    5.6
  56944  99.27  23.15 1280   0.01
  56948  99.60  22.63 1156    1.0
  56950  99.80  23.47 1044    0.4
  56952 100.70  23.50  914    0.2
  56958 100.42  21.92 1177    1.1
  56961 101.05  23.03 1321    0.5
  56962 101.67  23.42 1315   0.01
  56970 102.48  23.70 1419   0.01
  56973 102.83  23.62 1310    0.1
  56987 103.23  22.78 1261   0.01
  56994 104.25  23.38 1277    1.2
  56995 104.42  23.03 1335    2.7
  56996 104.70  23.13 1094    0.2
  57011 106.15  34.75 1379   12.5
  57075 112.87  34.17  203    0.2
  57087 113.80  34.20   88    0.8
  57094 114.22  34.40   71    3.6
  57095 114.15  34.12   61   0.01
  57096 114.78  34.53   60    0.6
  57173 112.88  33.75  147    0.7
  57175 112.23  33.05  192   0.01
  57176 112.42  33.48  230    0.2
  57182 113.50  33.85   81    3.4
  57184 113.37  33.63   84    0.5
  57186 114.05  33.60   59   0.01
  57188 114.03  33.37   56   0.01
  57189 113.95  33.13   65   0.01
  57190 114.40  33.75   51   0.01
  57191 114.48  34.48   64   11.7
  57192 114.85  33.73   47    0.2
  57195 114.62  33.62   47   0.01
  57196 114.87  33.47   42    0.2
  57198 114.62  33.55   47   0.01
  57254 110.12  32.82  324    0.1
  57257 110.23  32.23  309    1.1
  57260 111.52  32.55  143    2.2
  57281 113.30  32.70  142   0.01
  57292 114.63  32.97   44   0.01
  57293 114.98  32.73   39    0.8
  57295 114.35  32.62   83    0.2
  57296 114.73  32.35   50    0.9
  57298 114.55  32.22   56    4.3
  57299 114.90  32.02   50    2.6
  57361 111.27  31.88  331    2.7
  57362 110.67  31.75  939    9.3
  57363 111.83  31.80  146    1.6
  57368 111.63  31.05  138    0.7
  57377 112.22  31.00  184    0.7
  57385 113.82  31.63   94    5.6
  57386 114.00  31.25   37    5.0
  57387 113.13  31.00   80    4.2
  57388 113.70  31.27   55    3.8
  57389 113.75  31.03   33    4.6
  57390 114.07  31.80  731   39.2
  57396 114.85  31.63  130    7.4
  57398 114.62  31.28   76   13.9
  57415 106.63  30.47  336    0.7
  57431 108.35  30.83  256    8.1
  57460 111.78  30.82   91    0.8
  57464 111.18  30.47  144    0.1
  57465 111.45  30.38   76    1.9
  57466 111.77  30.43   50    2.4
  57469 111.77  30.18   68    5.0
  57475 112.90  30.40   33    4.5
  57477 112.22  30.07   39    8.8
  57481 113.58  30.95   31    4.7
  57485 113.45  30.37   33    9.1
  57486 113.85  30.65   25    8.1
  57489 114.00  30.58   39    6.4
  57491 114.40  30.87   31   14.9
  57492 114.80  30.83   33   15.0
  57495 114.88  30.67   19   10.3
  57496 114.87  30.37   30    9.9
  57498 114.90  30.43   22    9.5
  57499 114.97  30.10   40   20.9
  57506 105.90  29.37  376    0.7
  57507 105.30  29.33  374    3.7
  57508 105.37  29.15  302    3.7
  57509 106.93  28.95  325    5.8
  57513 106.62  29.73  457    1.9
  57537 108.17  29.30  321    9.0
  57544 109.45  29.47  486   0.01
  57558 110.47  29.13  184    0.4
  57564 111.13  29.43  103   14.3
  57565 111.75  29.65   39   10.5
  57566 111.65  29.45   50   13.8
  57571 112.40  29.70   37    5.7
  57575 112.57  29.52   32   11.7
  57577 112.17  29.40   37    5.7
  57582 113.88  29.73   51   23.1
  57585 113.45  29.48   60   18.2
  57586 114.03  29.53   79   42.9
  57589 113.80  29.25  103   19.0
  57590 114.37  29.85   64   37.7
  57596 114.20  29.63    0   69.0
  57605 105.82  28.03  539    9.1
  57623 107.60  28.88  684    0.1
  57643 109.83  29.00  268   0.01
  57646 109.95  28.62  301    0.4
  57657 110.20  28.22  182    0.9
  57658 110.20  28.02  144    0.4
  57661 111.48  28.92   51   13.4
  57663 111.95  28.92   31    9.2
  57666 112.13  28.52   49    3.6
  57674 112.47  28.57   44    6.1
  57678 112.55  28.25   71   18.2
  57680 113.07  28.80   47   17.1
  57688 113.63  28.15  100   67.8
  57694 114.38  28.53  256  193.9
  57698 114.45  28.12   99   65.8
  57699 114.92  28.23   68   21.0
  57717 106.83  27.53  974   0.01
  57719 106.97  27.07 1280    1.1
  57737 108.12  27.03  546    0.9
  57740 109.60  27.95  349   0.01
  57754 110.15  27.35  170    0.6
  57760 111.43  27.70  247    5.1
  57762 111.70  27.68  163    2.5
  57763 112.00  27.73  151    5.6
  57767 111.03  27.12  266    5.4
  57768 111.45  27.32  242    1.2
  57769 111.73  27.23  257    4.3
  57771 112.52  27.93   89   18.0
  57772 112.50  27.75   84   22.4
  57773 112.82  27.87   63   45.8
  57777 112.87  27.23   65   54.2
  57778 112.95  27.10   68   62.5
  57781 113.50  27.65   71   76.1
  57786 113.85  27.65  110   69.4
  57792 114.68  27.82   93   85.2
  57796 114.93  27.80   79   93.5
  57798 114.60  27.40   89   76.1
  57837 108.07  26.40  838   0.01
  57846 110.15  26.58  307    2.4
  57851 110.85  26.45  307   14.0
  57859 110.63  26.03  409    7.3
  57860 111.28  27.00  282   21.0
  57865 111.58  26.47  166   19.8
  57867 111.28  26.40  169    6.3
  57868 111.87  26.60  113   25.7
  57870 112.10  26.80  151   28.8
  57871 112.37  26.98   91   21.2
  57875 112.50  26.88   71   44.9
  57876 112.83  26.43  118   57.6
  57881 113.25  26.72  105   67.6
  57882 113.55  26.78  135   71.9
  57883 114.28  26.75  257  187.4
  57886 113.78  26.50  226  103.5
  57887 113.12  26.13  124   81.6
  57891 114.25  26.93  144  115.6
  57895 114.78  26.47   96   70.4
  57899 114.92  26.80   66   84.9
  57915 106.77  26.63 1102   0.01
  57927 107.18  24.97  283   0.01
  57941 109.60  25.78  198    0.1
  57942 110.00  25.80  267    0.4
  57948 109.25  25.08  123    0.1
  57949 110.00  24.98  157    1.1
  57954 110.18  25.23  158    2.5
  57955 110.67  25.62  224   13.2
  57956 110.32  25.42  169    2.7
  57958 110.32  25.08  152    3.2
  57960 111.07  25.93  192    9.7
  57962 111.65  25.97  166   59.5
  57964 111.15  25.50  258   33.8
  57966 111.95  25.60  205   88.0
  57969 111.33  25.27  230   22.0
  57971 112.20  25.92  225   61.4
  57973 112.72  25.75  328  123.8
  57975 112.20  25.38  278   75.2
  57976 112.95  25.42  226   62.5
  57978 112.55  25.28  291   40.0
  57981 113.22  25.98  141  118.9
  57985 113.68  25.57  608  106.8
  57988 113.35  25.15  103   49.4
  57989 113.73  25.10   96   64.0
  57990 114.30  25.70  252   36.5
  57991 114.55  25.80  148   34.1
  57992 114.75  25.67  129   29.8
  57994 114.35  25.40  208   27.9
  57995 114.93  25.40  166   14.4
  58006 115.88  34.38   47   0.01
  58007 115.30  34.07   53    0.3
  58012 116.58  34.68   40   0.01
  58013 116.90  34.75   40    0.1
  58016 116.97  34.18   39    0.4
  58017 116.13  34.25   42    3.1
  58020 117.13  34.80   38   0.01
  58021 117.28  34.78   80   0.01
  58030 118.07  34.85   47   0.01
  58032 118.65  34.93   75   0.01
  58100 115.17  33.65   42    1.0
  58101 115.48  33.87   42    2.4
  58104 115.07  33.40   42   0.01
  58107 115.25  33.07   40    0.2
  58108 115.33  33.23   46    0.3
  58109 115.62  33.18   37    1.3
  58112 116.45  30.73  933   37.1
  58113 116.75  33.93   35    1.4
  58114 116.18  33.48   29    0.4
  58116 116.83  33.98   32    1.0
  58117 116.20  33.13   33    0.7
  58125 117.55  33.55   28    7.4
  58126 117.87  33.47   24    0.1
  58127 117.20  32.98   23   0.01
  58128 117.30  33.32   23    0.1
  58129 117.87  33.13   20   0.01
  58131 118.27  33.98   28    0.9
  58132 118.68  33.72   19    7.6
  58139 118.88  33.30   13    3.6
  58145 119.17  33.53    8    0.2
  58146 119.77  33.47    7   0.01
  58147 118.97  32.98   28    1.7
  58148 119.30  33.23   11    0.9
  58154 120.20  33.43    7   0.01
  58202 115.58  32.63   37    2.9
  58205 115.43  32.47   36    1.7
  58207 115.05  32.17   42    8.4
  58210 116.23  32.65   25    1.4
  58212 116.73  32.72   27    2.3
  58214 116.28  32.33   37   0.01
  58220 117.15  32.47   32    2.2
  58222 117.55  32.85   31    0.8
  58223 117.98  32.78   38    0.7
  58224 117.02  32.65   36    2.7
  58230 118.27  32.08   34    2.3
  58234 118.42  32.47   43    5.9
  58235 118.85  32.37   16    1.2
  58237 118.62  32.05   22    2.2
  58240 119.02  32.68   25    0.3
  58242 119.18  32.28   14   0.01
  58243 119.83  32.93    7    0.2
  58245 119.42  32.42   14    0.6
  58246 119.90  32.52   11   0.01
  58249 120.00  32.17    8   0.01
  58250 120.15  32.52   10   0.01
  58257 120.25  31.98   12   0.01
  58264 121.18  32.33   11   0.01
  58268 121.08  32.10    8    8.5
  58269 121.65  31.78   12   0.01
  58301 115.38  31.82   90    2.4
  58306 115.88  31.68   94   14.4
  58316 116.95  31.47   26   18.8
  58317 116.37  30.87  434   24.6
  58320 117.13  31.73   26    2.5
  58323 117.47  31.88   29    3.2
  58327 117.28  31.25   24    6.4
  58329 117.87  31.33   24    3.9
  58330 118.08  31.75   20    0.4
  58331 118.37  31.73   26   0.01
  58334 118.37  31.38   23    1.5
  58335 118.52  31.57   16   0.01
  58337 118.18  31.08   30    7.4
  58339 118.90  31.33   24    0.1
  58340 119.03  31.65   23    0.2
  58341 119.58  31.98   10    0.8
  58342 119.55  31.72    7   17.4
  58344 119.20  31.97   35    4.7
  58346 119.82  31.33   15    0.7
  58349 120.63  31.27    9    0.3
  58351 120.30  31.90   12    0.2
  58352 120.77  31.65    8    1.0
  58359 120.62  31.13    9    0.4
  58360 121.20  31.92    6    0.5
  58361 121.37  31.10   10    0.2
  58365 121.25  31.37    9    0.1
  58366 121.40  31.63    9   0.01
  58367 121.43  31.20   18    1.1
  58370 121.55  31.22   11   0.01
  58377 121.10  31.47    6    0.2
  58401 115.40  30.78  106    7.3
  58404 115.22  30.47   57    7.0
  58408 115.43  30.23   35    2.9
  58409 115.93  30.07   20    5.3
  58415 116.58  30.63   38    8.8
  58416 116.82  30.75   38    7.9
  58417 116.13  30.17   50    9.0
  58418 116.70  30.13   26    9.6
  58420 117.22  30.72   38    5.0
  58421 117.87  30.63   32   12.0
  58423 117.78  30.48  643   29.1
  58426 118.13  30.30  192   20.4
  58427 117.48  30.67   36    9.0
  58428 117.48  30.22  115   15.4
  58431 118.32  30.92   17   17.3
  58432 118.40  30.68   39    7.3
  58433 118.75  30.93   30   10.2
  58435 118.53  30.30  221    9.1
  58438 118.58  30.08  197    7.5
  58441 119.42  30.87   53    0.5
  58443 119.90  31.02   19    2.1
  58446 119.68  30.63   25    2.0
  58449 119.95  30.05   47   13.8
  58451 120.93  30.83    3   0.01
  58452 120.77  30.73    4    0.9
  58453 120.50  30.07   10    7.3
  58454 119.97  30.53    5    8.4
  58455 120.65  30.52    8    0.4
  58456 120.52  30.63    6    0.5
  58458 120.90  30.53    3    2.5
  58459 120.28  30.18   42   13.0
  58460 121.35  30.73    6    3.6
  58461 121.12  31.13    8    1.6
  58462 121.23  31.03    9    0.6
  58463 121.50  30.88    9    1.5
  58468 121.17  30.05   10    2.4
  58501 115.63  29.93   25    7.2
  58502 116.00  29.73   37    8.8
  58503 115.68  29.70   41   25.7
  58508 115.77  29.33   42   13.9
  58509 115.82  29.05   38   22.7
  58510 116.23  29.73   40    8.5
  58512 116.55  29.90   66    9.5
  58514 116.05  29.45   35   10.9
  58517 116.20  29.27   43    1.7
  58523 117.93  29.93  231   12.3
  58529 117.85  29.27   82    1.7
  58530 118.43  29.87  170   21.4
  58534 118.18  29.78  173   17.1
  58537 118.40  29.13  153   12.5
  58542 119.68  29.82   45   30.3
  58544 119.27  29.48   87   23.6
  58546 119.88  29.47  114   28.5
  58547 119.18  29.03   65    4.2
  58548 119.47  29.22   46   17.5
  58550 120.25  29.70   39   17.6
  58555 120.88  29.52  112   41.6
  58558 120.22  29.27   89   20.4
  58559 120.98  29.17   59   63.0
  58561 121.60  29.98    3    6.7
  58563 121.83  29.88    4   60.4
  58565 121.43  29.68    6    7.2
  58566 121.88  29.47   14   42.9
  58567 121.43  29.32   39   78.1
  58568 121.38  29.12   35  113.5
  58570 122.30  29.95   83    0.1
  58601 115.38  28.70   54   41.0
  58602 115.55  28.85   46   13.8
  58605 115.38  28.42   49    7.8
  58607 115.95  28.55   35   14.4
  58609 115.82  28.22   30   15.7
  58612 116.68  28.70   22    1.5
  58614 116.27  28.38   40   13.2
  58615 117.08  28.68   56    1.2
  58616 116.82  28.20   44    6.1
  58618 116.60  28.23   51   11.1
  58619 116.37  28.00   47   40.4
  58620 117.13  28.97   37    2.4
  58623 117.92  28.47   92    2.3
  58624 117.43  28.40   64    1.7
  58625 117.60  28.42   80    1.0
  58627 117.03  28.25   64    5.1
  58629 117.70  28.32   59    1.8
  58631 118.50  28.90  134    6.1
  58632 118.60  28.72  124    1.4
  58635 118.20  28.43   96    0.3
  58642 119.80  28.88  102   13.9
  58643 120.03  28.90   99    6.9
  58644 119.28  28.60  237    5.6
  58647 119.13  28.07  196   13.2
  58654 120.08  28.67  184   22.3
  58656 120.97  28.12    7   63.5
  58657 120.28  28.15   59   29.5
  58658 120.68  28.15   36   21.4
  58659 120.65  28.03   29   14.5
  58660 121.13  28.85    8   68.2
  58664 121.37  28.37   33   61.0
  58693 115.83  28.70   37   16.7
  58701 115.40  27.77   47   50.4
  58704 115.35  27.62   61   96.0
  58706 115.83  27.43  180   41.2
  58707 115.13  27.22   66  146.1
  58710 116.05  27.77   76   31.3
  58712 116.78  27.92  123   25.3
  58713 117.07  27.72  220   14.6
  58714 116.23  27.55  115   60.7
  58719 116.93  27.30  123   23.1
  58724 117.30  27.52  264   11.5
  58735 118.80  27.52  201    6.2
  58736 118.82  27.37  220    1.9
  58745 119.07  27.62  368   42.5
  58746 119.70  27.55  514   24.5
  58747 119.35  27.15  900  181.8
  58748 119.65  27.10   51   48.1
  58749 119.88  27.23  680   69.1
  58750 120.08  27.78  106   41.4
  58751 120.55  27.68    5   16.7
  58804 115.35  26.35  153  125.9
  58814 116.35  26.35  237   90.0
  58819 116.80  26.17  329   78.3
  58821 117.47  26.73  174   53.5
  58822 116.85  26.83  341   71.2
  58823 117.80  26.80  173   18.3
  58824 117.15  26.40  355   54.3
  58826 117.80  26.40  120   35.7
  58828 117.62  26.27  206   70.4
  58836 118.73  26.58  359    8.9
  58839 118.85  26.23   42   22.1
  58844 119.15  26.15   49   47.2
  58845 119.53  26.50   57   33.3
  58848 119.55  26.20   12   19.8
  58850 120.23  26.92   88    0.7
  58903 116.03  25.90  208   54.1
  58905 115.42  25.97  136   44.5
  58906 115.80  25.60  167   41.6
  58907 115.40  25.15  300   14.7
  58912 116.75  25.72  379   34.2
  58917 116.10  25.08  307   28.0
  58923 117.83  25.70  397   49.7
  58928 117.53  25.02  160   22.1
  58929 118.15  25.07   66   24.6
  58932 118.93  25.87   85   32.6
  58934 118.27  25.33  170   27.7
  58935 118.23  25.48  516   29.6
  58938 118.98  25.23   22    4.0
  58940 119.33  26.08   28   24.6
  58941 119.50  25.97   11   18.9
  58942 119.38  25.72   39   18.7
  58946 119.00  25.45   84   17.0
  59033 108.90  24.78  330   0.01
  59034 108.67  24.48  149   28.3
  59038 108.65  24.07  142   0.01
  59041 109.25  24.65  109    0.5
  59044 109.38  24.47   99    0.8
  59045 109.75  24.48   95    0.7
  59047 109.33  24.25  101    1.5
  59051 110.50  24.77  133   13.2
  59052 110.82  24.83  167   25.6
  59053 110.67  24.62  108   47.5
  59055 110.40  24.50  166    8.6
  59057 110.18  24.13  827    6.5
  59059 110.80  24.18  107   24.4
  59061 111.27  24.82  198   16.4
  59063 111.45  25.18  262   26.3
  59064 111.32  24.55  141   16.3
  59071 112.28  24.73  175   28.1
  59074 112.15  24.57  300   34.0
  59075 112.63  24.48   70   14.7
  59081 113.27  24.78   98   12.3
  59090 114.07  24.95  103   39.3
  59091 114.53  24.75  257   18.3
  59093 115.03  24.78  254   12.9
  59094 114.12  24.37  135   13.4
  59099 114.93  24.45  175   21.2
  59106 115.90  24.58  152   18.8
  59109 115.73  24.15  126   20.2
  59114 116.17  24.65  131    8.8
  59122 117.75  24.62   42    5.4
  59124 117.37  24.52   31   16.9
  59125 117.30  24.38  105   14.5
  59127 117.83  24.43   14   17.0
  59129 117.60  24.13   53   33.6
  59130 118.15  24.73   28    7.2
  59131 118.37  24.97   44   15.3
  59137 118.57  24.82   55   10.5
  59237 108.28  23.17  115   41.0
  59241 109.68  23.97   91    0.7
  59246 109.67  23.60   70    2.2
  59249 109.62  23.12   56   0.01
  59255 110.38  23.55   37   10.2
  59256 110.92  23.37   56   28.0
  59264 111.50  23.40   79   35.1
  59266 111.23  23.42   46   27.4
  59268 111.53  23.25   31   12.6
  59269 111.77  23.15   27   30.3
  59270 112.18  23.92   78   14.0
  59276 112.65  23.35   40    7.1
  59279 112.87  23.18   18   25.0
  59284 113.22  23.38    6    2.6
  59285 113.60  23.57   39    3.8
  59288 113.13  23.05    3   33.6
  59290 114.23  23.73   71   15.1
  59297 114.28  23.18   16   35.6
  59310 116.18  23.77   39   92.3
  59312 116.63  23.67   11   35.3
  59313 116.98  23.68   42   29.4
  59314 116.13  23.30   27   65.2
  59315 116.38  23.58   25   31.4
  59318 116.58  23.27   10   29.5
  59319 116.77  23.47    9   23.5
  59320 117.13  23.77   27   46.5
  59322 117.37  23.98   20   71.8
  59419 106.75  22.10  243    7.2
  59429 107.97  22.15  183    0.1
  59432 108.40  22.80  203    0.2
  59435 108.48  22.77   75    9.5
  59441 109.25  22.70   78    0.9
  59448 109.55  22.27   70    3.2
  59449 109.98  22.30   80   22.6
  59451 110.35  22.70   99   12.9
  59452 110.53  22.85  100   38.2
  59454 111.00  22.92  104   19.6
  59457 110.27  22.32  120   16.9
  59469 111.78  22.17   33   0.01
  59470 112.22  22.72   33   49.3
  59471 112.05  22.93  102   13.0
  59473 112.97  22.77   20   25.3
  59475 112.65  22.40   24    0.5
  59476 113.03  22.53   35   13.6
  59480 113.25  22.85   21    8.7
  59481 113.32  22.93   16   47.3
  59487 113.30  22.23   12    2.2
  59492 114.70  22.92   43   16.0
  59500 115.32  22.97   10   55.4
  59502 115.65  22.95   11   21.2
  59635 108.35  21.62   26    0.1
  59640 109.18  21.67    6   0.01
  59650 110.25  21.38   25    1.8
  59653 110.85  21.93   35    0.5
  59654 110.30  21.63   28    2.3
  59656 110.77  21.43   29   22.4
  59847 109.05  19.27  101   16.0
  59848 109.43  19.23  219    8.1
  59851 110.33  19.70   25    3.0
  59854 110.10  19.37  119    0.1
  59856 110.75  19.62   26   0.01
  59940 109.17  18.75  156   77.8
  59941 109.52  18.77  328   48.2
  59945 109.70  18.65   65   34.9
