diamond  3 2013年08月08日08点24小时降雨量                    
  13  08  08  08    -2 3 10 25 50 1 0
 39 122.7  37.3 122.5  36.7 120.8  36.2 119.3  35.0 120.4  34.3
 121.1  32.7 122.3  30.9 122.5  30.1 121.5  28.0 119.8  25.0
 116.1  22.6 111.0  21.0 111.0  18.6 109.6  18.1 108.3  18.5
 108.9  19.9 109.3  21.0 106.4  21.6 104.1  22.2 101.6  20.8
  98.7  22.0  97.1  24.1  97.7  27.0  91.7  26.6  85.7  27.7
  78.9  30.6  73.3  37.1  74.1  40.7  87.6  49.8  98.5  43.9
 110.4  44.3 122.0  54.7 135.7  48.3 131.5  42.2 125.2  39.4
 121.3  38.5 121.2  40.3 118.5  38.6 120.8  38.1
1                    880
  45045 114.30  22.18   55    1.0
  50137 122.37  53.47  297    6.8
  50431 121.52  50.78  718    1.9
  50445 123.73  50.58  424   12.3
  50524 119.43  49.32  578   14.4
  50525 119.75  49.15  621    7.1
  50526 120.70  49.28  670   35.2
  50566 128.47  49.55  117    0.4
  50645 124.48  48.48  196    0.1
  50646 124.85  48.48  204    9.0
  50647 123.48  48.13  237   0.01
  50655 126.18  48.50  267    0.3
  50659 126.25  48.03  293    1.9
  50673 130.40  48.88   92    0.3
  50674 129.43  48.57  404   13.2
  50741 123.50  47.93  186   25.0
  50749 124.83  47.18  159    2.1
  50750 125.30  47.90  228    3.4
  50755 126.10  47.60  232   25.6
  50767 127.10  47.23  204    4.8
  50772 129.23  48.10  299   71.0
  50776 130.83  47.57   84   0.01
  50778 132.53  47.67   59    2.3
  50779 134.28  48.37   41   0.01
  50787 131.85  47.28   63    1.3
  50851 126.08  46.68  209   17.5
  50852 126.45  46.83  170    2.4
  50858 125.93  46.07  136    0.5
  50859 126.27  46.25  160   16.7
  50861 127.48  46.88  186    7.9
  50867 127.35  46.08  134   68.5
  50871 129.88  46.73   96    0.1
  50878 130.72  47.00   80    0.7
  50879 130.55  46.22  187    1.1
  50892 134.00  46.80   57   33.6
  50956 126.57  45.93  117   26.7
  50960 127.45  45.78  192   46.0
  50962 128.03  45.95  113   82.9
  50964 128.80  45.83  123   30.7
  50965 128.30  45.45  157   70.1
  50971 131.02  45.77  226    5.0
  50979 130.23  45.27  279   59.3
  50985 131.87  45.55  155    1.1
  50987 131.13  45.25  181   11.3
  51137  82.93  46.20  715    3.1
  51145  83.65  46.55  523    2.3
  51328  80.42  44.20  774    0.5
  51329  80.85  44.05  641    0.6
  51352  85.25  44.85  338    0.2
  51353  86.10  45.02  347    0.4
  51430  81.15  43.83  605    1.8
  51434  81.53  43.97  771    3.5
  51435  82.23  43.47  776    2.1
  51436  83.25  43.45  929    8.7
  51438  81.77  43.18 1210   10.2
  51708  75.95  39.15 1324   0.01
  51802  76.17  38.93 1299   0.01
  52515  94.87  39.52 2138   0.01
  52643  99.62  38.83 2311   0.01
  52784 102.90  37.47 2073   0.01
  52862 101.68  36.95 2451    5.9
  52863 101.95  36.82 2480    2.1
  52869 101.58  36.50 2665    1.2
  52875 102.10  36.50 2129    0.1
  52877 102.25  36.10 2835    6.9
  52957 100.60  35.25 3149   0.01
  52968 101.47  35.03 3663   0.01
  52978 102.52  35.20 2930    0.1
  52981 103.38  35.67 2429   0.01
  52985 103.33  35.42 2164   0.01
  52988 103.72  35.37 2000   0.01
  52998 104.20  35.13 2111    0.1
  53272 112.63  42.75 1106   0.01
  53324 107.05  41.07 1039    5.9
  53343 109.97  41.77 1612    0.2
  53367 111.23  41.32 1604    0.7
  53397 113.98  41.10 1377    0.8
  53420 107.12  40.85 1024    4.3
  53469 111.82  40.40 1164    0.1
  53475 112.47  40.52 1272    0.2
  53481 113.22  40.80 1317    0.3
  53483 113.83  40.87 1269    0.6
  53484 113.15  40.45 1192    2.8
  53486 113.77  40.37 1050    5.0
  53488 113.58  40.03 1035   10.2
  53491 114.38  40.67  837    1.9
  53492 114.15  40.10  939    4.3
  53498 115.03  40.57  630    2.1
  53499 114.73  40.77  755    1.9
  53512 106.80  39.80 1105    1.3
  53553 111.22  39.87 1222    1.2
  53562 111.67  39.92 1192    1.3
  53565 111.50  39.43 1050    3.2
  53567 111.08  39.03  980    1.1
  53573 112.70  40.00 1337    5.0
  53574 112.27  39.52 1408    7.3
  53575 112.20  39.10 1526   12.2
  53576 112.82  39.50 1046    5.8
  53577 112.30  39.00 1441   10.5
  53579 112.90  39.02  861    1.3
  53580 113.10  39.82 1045    5.2
  53582 113.68  39.72 1094    5.4
  53584 113.17  39.57 1001    7.8
  53585 113.27  39.17  934    1.4
  53590 114.27  39.75  979    3.6
  53596 115.13  38.85   53    2.6
  53599 114.68  39.37  885   12.0
  53658 110.48  38.03  895    1.1
  53659 111.00  37.97 1164    5.4
  53660 111.08  39.02  893    1.9
  53662 111.58  38.72 1393   11.2
  53665 111.65  38.28 1183    5.6
  53666 111.93  38.35 1213    5.4
  53669 111.80  38.08 1151    1.6
  53674 112.70  38.42  799    1.0
  53676 112.98  38.50  760   22.6
  53677 112.48  37.93  808    2.4
  53678 112.67  38.07  899    1.3
  53679 112.55  37.73  776    7.4
  53680 114.38  38.30  109    4.8
  53681 113.37  38.83 1097   13.7
  53682 114.68  38.63  105    2.9
  53685 113.42  38.07  953   33.0
  53688 114.55  38.45   98    1.7
  53689 115.07  38.02   43   33.4
  53690 114.18  38.85  283    4.0
  53691 114.57  38.15   76   16.6
  53692 114.98  38.73   68    2.2
  53693 114.13  38.03  256   14.0
  53694 114.22  38.27  134    6.9
  53695 114.68  38.35   72   40.5
  53696 115.00  38.52   55   36.6
  53697 114.83  38.03   54   16.4
  53699 114.95  38.18   46   19.4
  53727 107.12  37.17 1713    0.8
  53732 108.72  37.85 1211    1.6
  53748 109.70  37.18 1064   13.3
  53750 110.18  37.77  931    1.6
  53751 110.05  37.60  897    4.3
  53753 110.88  37.43  861    7.0
  53756 110.72  37.52  744    6.9
  53757 110.12  37.12  938   13.4
  53759 110.83  36.98 1106   23.1
  53760 111.23  37.88 1212    5.1
  53763 112.17  37.92 1008    3.1
  53767 111.17  37.33 1212   13.4
  53768 111.75  37.15  770   15.0
  53769 111.78  37.25  749    5.1
  53770 112.35  37.35  769   15.5
  53771 112.05  37.42  751    4.0
  53773 114.62  36.33   66   11.1
  53774 112.33  37.62  774    9.0
  53776 112.77  37.68  831   16.4
  53777 112.15  37.53  760   13.3
  53778 112.22  37.17  780   29.1
  53780 113.15  37.90 1066   15.5
  53781 114.47  36.87   69   48.3
  53782 113.55  37.85  743   30.1
  53783 113.70  37.60  880    9.6
  53784 114.78  37.75   39   14.0
  53785 114.67  37.52   35    5.7
  53786 113.37  37.08 1134    5.6
  53788 113.57  37.33 1267   12.4
  53789 114.63  37.88   57   17.3
  53790 114.62  37.60   50    6.9
  53791 114.52  37.77   67   17.3
  53792 114.48  37.45  113   11.4
  53794 114.75  37.35   34   31.3
  53795 114.37  37.65  137   17.3
  53796 114.88  37.62   31    8.2
  53797 114.52  37.28   74   51.2
  53799 114.98  37.23   25   27.9
  53829 107.90  35.98 1094    9.0
  53832 108.77  36.77 1220    8.2
  53841 109.32  36.88 1069   11.9
  53848 109.35  36.27 1005   13.0
  53850 110.18  36.88  801   15.2
  53852 110.63  36.77  917   23.3
  53856 110.75  36.47  756   14.3
  53857 110.18  36.07  840   35.5
  53860 111.17  36.98 1407    6.2
  53861 111.42  35.88  425    7.3
  53862 111.77  36.83  809   19.0
  53864 111.10  36.40 1030   11.8
  53865 111.55  36.65 1012   10.5
  53866 111.67  36.23  464   38.0
  53869 111.70  36.58  550   20.1
  53871 112.85  36.83  965   59.5
  53872 112.68  36.77  962   25.8
  53873 112.87  36.12  951    2.3
  53874 111.90  36.25  650   23.8
  53875 112.35  36.52 1001   13.4
  53878 113.38  36.52  769   15.1
  53879 112.88  36.32  953   10.1
  53880 113.23  36.33  948    6.2
  53883 114.70  37.13   36   24.3
  53885 113.20  36.13 1031   20.0
  53886 113.67  36.57  471   11.2
  53888 113.43  36.20 1088    7.5
  53889 113.82  36.07  308   10.9
  53890 114.15  36.68  234   25.4
  53891 114.68  37.02   44   31.7
  53892 114.47  36.62   67   62.7
  53893 114.95  36.77   40   13.1
  53894 114.22  36.42  128   14.0
  53895 114.50  36.78   61   31.5
  53896 114.95  36.35   51    0.2
  53897 114.38  36.38   71   13.0
  53899 114.97  36.48   49   10.3
  53906 105.72  35.52 1659    2.9
  53908 105.23  35.22 1769    4.7
  53914 106.12  35.62 2079    4.8
  53916 106.32  35.50 1949    5.5
  53917 106.07  35.22 1633    5.3
  53924 107.62  35.07  967   11.3
  53925 107.18  35.68 1174    7.7
  53926 107.35  35.35 1630    7.7
  53927 106.62  35.20 1478   11.6
  53928 107.02  35.30 1150    7.4
  53930 107.98  36.45 1270   12.1
  53931 109.37  36.00  983   15.4
  53934 108.02  35.82 1299    5.9
  53935 108.35  35.48 1443    7.9
  53937 107.92  35.52  980    6.1
  53938 108.30  35.17 1277    4.8
  53941 109.58  35.18  807    3.7
  53944 109.25  35.57  857    8.8
  53945 109.07  35.43 1394   17.2
  53946 109.82  35.60 1091   32.5
  53947 109.07  35.08  979    5.4
  53949 109.92  35.18  680    2.3
  53950 110.15  35.23  710    1.0
  53953 110.85  35.97  966   26.4
  53954 110.97  35.62  433    0.4
  53956 110.83  35.40  589   0.01
  53957 110.72  35.62  459    1.0
  53958 110.78  35.13  389    1.3
  53961 111.48  35.65  473    2.6
  53962 111.70  35.73  585    2.4
  53964 111.22  35.62  431   0.01
  53965 111.57  35.52  761    0.1
  53966 111.83  35.98  818   19.2
  53967 111.20  35.33  469    1.3
  53970 112.20  35.70  887    2.4
  53972 112.92  35.12  121    0.1
  53973 112.95  35.77  836   11.1
  53974 114.18  35.62   73    5.8
  53976 112.87  35.50  751    7.0
  53978 112.63  35.08  140    0.6
  53979 113.08  35.15  121   13.4
  53980 114.80  36.55   51   27.4
  53981 113.27  35.78 1311   13.1
  53982 113.27  35.23  113    8.2
  53983 114.42  35.03   70    0.2
  53984 113.47  35.23   83    0.3
  53985 113.82  35.45   97    4.1
  53988 113.67  35.27   78   0.01
  53989 113.95  35.05   77   24.9
  53991 114.35  35.93   75    1.0
  53992 114.52  35.65   59    2.8
  53993 114.92  35.93   52    6.2
  53994 114.07  35.38   71   10.4
  53995 114.50  35.55   64    2.3
  53996 114.65  36.45   58    9.2
  53997 114.18  35.15   72    1.7
  53998 114.65  35.20   62    0.2
  54047 123.28  44.13  146   0.01
  54069 125.80  44.17  175    3.4
  54076 126.93  44.42  254    0.1
  54092 129.40  44.60  294   11.0
  54093 130.55  44.93  266   35.5
  54098 129.47  44.33  272    7.0
  54099 131.13  44.08  151    5.3
  54132 121.07  42.40  400   12.3
  54164 125.28  43.35  249    1.2
  54169 126.02  43.30  270    0.6
  54172 126.60  43.78  199   33.2
  54187 128.92  43.12  369    2.4
  54192 130.27  43.70  386    7.9
  54234 121.75  42.73  300   0.01
  54244 123.33  42.75  120   0.01
  54245 123.40  42.50   99    0.3
  54248 123.53  42.03   67    4.3
  54249 123.87  42.30   79    0.6
  54252 124.75  42.73  198   15.0
  54261 125.52  42.68  343   14.2
  54267 125.73  42.25  363    2.1
  54274 126.07  42.68  300    3.0
  54279 126.58  42.05  545    0.7
  54290 129.40  42.77  245   12.1
  54291 130.28  42.90   37   18.1
  54293 129.83  42.95  141    9.5
  54301 115.67  41.67 1414    0.2
  54304 115.28  40.97 1249    3.6
  54305 115.27  41.88 1468   0.01
  54313 118.70  41.93  734   0.01
  54316 118.75  41.52  680    5.6
  54318 117.73  41.32  562    1.0
  54319 118.67  41.00  509    0.1
  54320 119.30  41.60  546    0.1
  54321 119.63  41.87  661   0.01
  54325 120.35  41.18  183    2.9
  54327 119.35  41.23  421   0.01
  54328 119.72  41.08  300    2.1
  54330 121.37  41.17   61    6.8
  54331 121.77  41.58   83    2.0
  54332 122.72  41.52   13    3.5
  54336 122.42  41.42   13    0.9
  54338 121.95  41.28    4    1.8
  54340 123.32  41.67   47   12.4
  54345 123.07  41.20   29    0.5
  54347 123.17  41.23   25    0.9
  54348 123.32  41.42   43    1.4
  54362 125.73  41.67  388   13.5
  54371 126.43  41.93  521    0.4
  54398 116.62  40.13   29    1.3
  54399 116.28  39.98   46    7.5
  54404 115.83  40.88  868    2.4
  54408 115.22  40.38  531   10.9
  54410 116.13  40.60 1216    8.5
  54412 116.63  40.73  334    4.8
  54419 116.63  40.37   75    1.4
  54420 117.33  40.93  530    5.8
  54421 117.12  40.65  286    1.3
  54424 117.12  40.17   33    0.3
  54425 117.48  40.42  584    3.3
  54428 117.40  40.03   19    0.5
  54430 118.15  40.77  268    0.2
  54431 116.63  39.92   40    0.8
  54432 118.48  40.60  305    0.1
  54433 116.50  39.95   36    1.4
  54434 118.30  40.17  103    1.9
  54437 118.65  39.50   19    5.6
  54438 118.88  39.88   61    3.6
  54439 118.72  40.02   51   27.4
  54453 120.88  40.78   43    8.6
  54474 122.35  40.42   27   12.6
  54475 122.48  40.62   15   17.0
  54483 123.90  40.88  239   15.5
  54494 124.07  40.47   74   17.4
  54499 116.22  40.22   75    0.9
  54501 115.68  39.97  441    0.6
  54502 116.03  39.48   30    1.5
  54503 115.82  39.07   13    4.3
  54505 116.12  39.92   94    2.9
  54506 115.88  39.32   29    1.3
  54507 115.50  39.35   52   32.5
  54510 116.98  39.90   18    0.1
  54512 116.28  39.42   22    1.3
  54513 116.20  39.95   67    2.5
  54514 116.25  39.87   56    5.8
  54515 116.70  39.50   14    0.7
  54517 117.20  39.07    5   16.7
  54519 116.48  39.30   13    1.5
  54520 117.08  39.97   19    2.0
  54521 116.98  39.77   14    0.4
  54522 117.73  39.88   19    1.8
  54526 117.33  39.08   10   22.9
  54529 117.82  39.35   12   36.2
  54530 117.77  39.23    6   28.9
  54531 118.72  39.73   43    4.6
  54532 118.10  39.80   35    3.9
  54533 118.10  39.58    9    4.1
  54535 118.47  39.28    3   46.4
  54540 119.17  39.72   14   58.1
  54541 119.23  39.90   23    5.3
  54568 121.70  39.08   40   30.1
  54569 121.97  39.40   35   30.4
  54575 122.37  39.42   44   23.9
  54590 124.17  39.88    5   17.4
  54594 116.35  39.72   38    5.9
  54596 116.13  39.68   40    5.6
  54597 115.73  39.73  409    3.8
  54601 115.65  38.98   14    6.3
  54603 115.77  38.72   10    9.4
  54604 115.33  38.42   31   27.6
  54605 115.93  38.93    7   17.7
  54607 115.12  38.72   45   12.0
  54608 115.55  38.00   27   26.7
  54609 115.50  38.25   25   20.3
  54610 116.10  38.73    9    4.4
  54611 115.32  38.93   45    3.5
  54612 116.45  38.87    7    4.6
  54613 116.62  38.70    8   10.6
  54614 116.08  38.45   13   34.8
  54615 116.83  38.58    8    7.8
  54616 116.85  38.35    9   38.0
  54617 116.12  38.18   13    5.1
  54619 116.92  38.92    8    9.5
  54620 115.57  38.48   19   17.8
  54621 115.18  38.18   39   22.4
  54622 117.37  38.98    3   14.7
  54626 115.82  38.42   15   17.5
  54627 117.23  38.03    8   22.9
  54628 117.48  38.15    7   29.8
  54631 115.15  37.07   33   26.3
  54632 115.03  37.07   34   16.3
  54633 115.23  37.52   27    6.6
  54636 116.10  39.02   12    6.4
  54640 114.87  36.92   37   18.3
  54644 117.12  38.05   11   42.3
  54645 117.47  38.85    3   21.6
  54700 115.93  38.03   16   35.7
  54701 115.20  37.93   41   46.2
  54702 115.70  37.73   22   21.3
  54703 115.88  37.80   25   30.3
  54704 115.57  37.55   23   26.5
  54706 115.67  37.08   32   19.5
  54707 115.98  37.35   28   39.2
  54708 115.73  37.50   24   61.6
  54709 116.07  37.22   30   20.1
  54710 116.17  37.87   19   33.5
  54711 116.28  37.70   19   42.2
  54712 116.82  37.20   23    6.0
  54713 116.53  37.88   15   49.6
  54714 116.33  37.45   24   32.1
  54716 116.80  37.67   17   21.6
  54717 116.40  37.63   18   30.2
  54718 116.43  37.15   26   11.5
  54719 116.68  38.03   12   29.7
  54722 117.63  37.75    7    3.7
  54723 117.57  37.65   11    6.5
  54724 117.13  37.32   21    3.9
  54726 117.18  37.70   12   12.8
  54728 117.38  37.77   16   19.9
  54729 117.87  37.17   11    2.2
  54730 118.13  37.70   11    5.9
  54731 118.22  37.48   16   0.01
  54732 118.52  37.87   13   16.9
  54734 118.00  37.35   12    0.2
  54749 119.95  37.18   48   0.01
  54752 120.77  37.80   64    0.1
  54755 120.38  37.37  113    7.2
  54759 120.83  37.30  172    3.6
  54800 115.25  36.98   35   52.7
  54801 115.48  36.85   36   21.7
  54802 115.73  36.82   35   21.8
  54803 116.02  36.98   28   11.3
  54804 115.13  36.30   46    1.2
  54805 115.45  36.48   41    2.2
  54806 115.97  36.42   39    0.4
  54807 115.80  36.13   44    0.2
  54809 115.28  36.55   42    6.6
  54810 116.27  36.87   28   11.8
  54811 116.62  36.93   22    4.8
  54812 116.75  36.78   23    2.6
  54814 116.23  36.58   32    1.4
  54815 116.27  36.38   33    4.2
  54816 116.80  36.52   82    0.9
  54817 115.87  35.98   43   0.01
  54818 116.42  36.25   72    1.3
  54819 116.80  36.18  118   0.01
  54820 115.17  36.82   38   40.5
  54821 117.20  37.00   21    7.3
  54822 117.73  36.87   46   0.01
  54829 117.87  36.77   88   0.01
  54833 118.08  36.97   19   0.01
  54834 118.28  36.87   46   0.01
  54900 115.02  35.70   54   33.9
  54901 115.17  36.08   47   0.01
  54902 115.12  35.90   49    5.1
  54903 115.48  35.85   50    4.9
  54904 115.52  35.58   51   16.9
  54905 115.93  35.58   53    2.8
  54906 115.42  35.25   51    0.4
  54908 115.10  35.27   57    0.2
  54910 116.05  35.82   45   12.3
  54911 116.45  35.93   51    1.1
  54912 116.48  35.70   47    1.5
  56071 102.50  34.58 3107    3.1
  56081 103.35  34.70 2811    0.4
  56082 103.50  34.58 2544    0.1
  56084 103.23  34.07 2376    0.8
  56091 104.47  34.85 1884   0.01
  56092 104.65  35.00 1729    0.3
  56094 104.37  33.78 1400    6.4
  56095 104.38  34.03 1754    1.1
  56097 104.23  33.27 1407   16.7
  56147  98.83  31.22 3261    0.4
  56158 100.67  31.40 3250    3.2
  56164 100.98  32.27 3286   10.9
  56168 102.07  31.48 2170   13.8
  56171 101.70  32.90 3276    4.0
  56180 103.85  31.68 1591   15.2
  56181 103.70  30.68  543   76.5
  56183 103.58  31.47 1326   18.4
  56184 103.17  31.43 1884   36.3
  56185 102.98  32.08 2400   18.1
  56186 104.20  31.33  589  126.3
  56189 103.93  30.98  584  102.9
  56190 104.55  31.55  518  123.3
  56192 104.67  32.95 1016   21.3
  56193 104.52  32.42  894   19.6
  56194 104.45  31.82  679  110.0
  56195 104.73  31.78  531  126.1
  56197 104.18  31.13  537   61.8
  56198 104.50  31.32  523   66.3
  56199 104.68  31.03  424   36.4
  56263 101.88  30.88 1948    3.9
  56267 101.02  30.03 2598    5.1
  56272 103.88  30.82  560   66.7
  56273 102.82  30.38 1011   48.0
  56276 103.82  30.45  468  107.3
  56278 102.77  30.07  756   48.4
  56279 102.93  30.15  683   30.4
  56280 103.12  30.08  692   42.3
  56281 103.50  30.18  512   53.7
  56284 103.48  30.42  502   25.4
  56285 103.52  30.60  525   93.8
  56286 104.25  30.55  514   59.9
  56288 103.92  30.58  495   82.8
  56289 103.87  30.20  439   63.4
  56290 104.18  30.78  515   65.1
  56291 104.28  30.97  474   40.8
  56295 104.55  30.38  443   41.4
  56296 104.43  30.85  449   40.2
  56297 104.15  30.02  431   66.0
  56298 104.60  30.13  415   38.6
  56371 102.23  29.92 1322   13.4
  56373 102.85  29.78  763   46.5
  56376 102.68  29.35 1098   17.4
  56378 102.35  29.23  891   22.6
  56380 103.37  29.92  466   42.9
  56381 103.52  30.02  497   87.0
  56382 103.60  29.73  408   36.1
  56383 103.87  29.83  454   75.1
  56384 103.48  29.60  446   27.0
  56387 103.27  29.23  639   38.8
  56389 103.95  29.20  386   70.7
  56390 104.07  29.67  403   40.4
  56391 103.82  30.08  416   76.2
  56393 104.85  29.77  370   16.8
  56394 104.43  29.45  382   48.0
  56395 104.67  29.52  349   20.4
  56396 104.77  29.35  352   10.7
  56399 104.98  29.18  307   28.9
  56441  99.28  28.72 2424   20.2
  56443  99.80  28.93 2842    5.8
  56473 102.77  28.95 1061   31.2
  56474 102.17  28.55 1775   11.2
  56478 102.43  28.30 1819   23.4
  56480 103.53  28.82  564   25.8
  56483 103.95  28.60  412   31.3
  56487 103.13  28.33 1945   26.7
  56489 103.63  28.23  876   25.2
  56490 103.90  28.95  396   49.0
  56491 104.57  28.70  288   22.9
  56493 104.97  28.85  297   19.3
  56494 104.15  28.65  460   21.6
  56496 105.23  28.32  330    8.5
  56497 104.23  28.10  433   71.0
  56498 104.50  28.17  442  105.8
  56499 104.78  28.38  368   42.0
  56567 100.85  27.30 2242   14.7
  56569 102.18  27.42 1381   16.4
  56575 102.55  27.37 1429    0.1
  56578 102.75  27.07 1093    0.9
  56580 102.80  27.72 2461    7.8
  56582 103.90  27.75 1177   16.5
  56584 103.25  27.70 1093    1.1
  56585 103.53  27.18 1916    1.3
  56592 104.52  28.43  360   81.5
  56593 104.92  28.58  281   47.6
  56594 104.05  27.63  884   14.2
  56641  98.87  26.90 1191    7.4
  56645  99.42  26.42 2345   21.3
  56646  99.92  26.53 2193   25.3
  56649  99.97  26.10 2059   0.01
  56654 100.18  26.58 2196   12.6
  56665 101.85  26.68 1140    6.9
  56669 101.67  26.05 1531   13.2
  56670 102.12  26.90 1105   0.01
  56673 102.92  26.92  894   20.2
  56674 101.73  26.50 1107   25.7
  56675 102.58  26.65 1695   0.01
  56688 103.17  26.10 1253    1.0
  56742  99.37  25.90 1663   47.9
  56745  99.95  25.68 1627    0.6
  56746  99.52  25.47 1618    0.3
  56757 100.28  25.27 1744    0.8
  56761 101.32  25.72 1873    0.1
  56764 101.23  25.53 1875    3.7
  56767 101.28  25.18 1858   13.9
  56772 102.50  25.23 1694    5.2
  56774 102.42  25.53 1712   14.3
  56775 102.45  25.55 1752   0.01
  56777 102.07  25.15 1566    8.7
  56788 103.67  25.03 1842    2.3
  56790 104.25  25.68 1920    0.3
  56835  97.82  24.07  958   18.0
  56836  97.95  24.70  828    4.9
  56839  98.82  23.77  994   0.01
  56840  98.30  24.82 1013    0.7
  56841  98.68  24.60 1527   29.2
  56842  99.18  24.73 1473    4.6
  56843  99.62  24.83 1650    1.7
  56844  98.58  24.43  915    3.0
  56846  99.93  24.58 1569    2.9
  56849  99.23  24.03 1607   10.2
  56851 100.52  25.03 1378    3.0
  56854 100.13  24.45 1108   25.4
  56862 101.60  24.68 1966    4.8
  56863 102.48  24.93 1850    4.6
  56867 101.12  23.98 1107    0.8
  56869 101.97  24.07 1498   0.01
  56871 102.60  24.65 1894   19.9
  56872 102.62  24.95 2360    0.6
  56873 102.90  24.67 1752    2.6
  56876 102.77  24.28 1732    0.1
  56879 102.92  24.20 1610    0.3
  56882 102.80  24.88 1909    8.8
  56883 103.98  24.83 1846    0.4
  56889 104.17  24.05 1518    0.1
  56891 104.32  24.98 1482    0.2
  56898 102.40  24.18 1542    1.0
  56944  99.27  23.15 1280    1.8
  56948  99.60  22.63 1156    2.3
  56949  99.60  22.32  946   27.8
  56950  99.80  23.47 1044    1.6
  56958 100.42  21.92 1177    1.0
  56961 101.05  23.03 1321   10.3
  56970 102.48  23.70 1419    1.1
  56973 102.83  23.62 1310    3.9
  56975 102.43  23.37  975   13.6
  56976 102.83  23.23  229    5.2
  56978 102.42  23.00 1640   10.2
  56982 103.25  23.70 1055    1.7
  56984 103.15  23.38 1717    0.4
  56987 103.23  22.78 1261    6.6
  56989 103.95  22.50  138   19.5
  56992 104.70  23.45 1508    2.2
  56994 104.25  23.38 1277    5.0
  56995 104.42  23.03 1335    4.6
  56996 104.70  23.13 1094   13.8
  57001 105.33  34.75 1273    0.4
  57002 105.65  34.85 1217    4.3
  57004 104.88  34.73 1496    4.6
  57006 105.75  34.58 1142    6.6
  57007 105.18  34.18 1406    4.6
  57008 105.30  34.03 1578    8.5
  57011 106.15  34.75 1379   11.5
  57012 106.20  34.98 1665    8.3
  57016 107.13  34.35  613   19.0
  57020 107.40  34.37  563   15.2
  57021 107.13  34.65  751   10.1
  57022 107.78  34.68 1026   14.4
  57023 108.10  35.03  841    6.4
  57024 107.65  34.45  671   16.1
  57026 107.88  34.37  586    8.2
  57027 107.73  34.27  518   12.2
  57029 108.48  34.50  544    4.9
  57031 108.55  34.82 1013   10.3
  57032 108.20  34.13  436   12.7
  57033 108.82  34.55  429    5.9
  57035 108.23  34.55  636    5.7
  57036 108.93  34.30  398   10.7
  57038 108.45  34.28  411   14.5
  57039 108.88  34.08  445    7.5
  57040 109.08  34.52  378    5.9
  57041 108.92  34.63  425    6.2
  57042 109.18  34.78  473    2.4
  57043 109.97  34.80  352    1.5
  57044 109.23  34.40  424    7.8
  57045 109.48  34.52  354    3.9
  57047 109.32  34.17  541    4.4
  57053 110.72  34.70  507    9.8
  57054 110.23  34.55  557    8.0
  57055 110.08  34.55  352    7.5
  57056 110.88  34.53  390   11.2
  57057 110.15  34.10  961   13.0
  57060 111.23  35.17  404    9.7
  57061 111.20  34.83  411    9.0
  57063 111.77  34.77  524   16.8
  57070 112.12  34.73  358   0.01
  57072 112.75  34.92  128    0.1
  57074 112.42  34.42  198   0.01
  57075 112.87  34.17  203   0.01
  57076 112.82  34.72  190    1.7
  57078 112.47  34.15  337    4.9
  57079 113.03  34.95  106   0.01
  57080 112.97  34.73  166    2.1
  57081 113.43  34.80  141   29.1
  57082 113.02  34.47  428    2.3
  57084 113.05  34.50 1180    3.8
  57085 113.37  34.55  289   11.4
  57088 113.50  34.15  117   0.01
  57090 113.97  34.72   79    7.6
  57102 105.72  33.75  971   14.6
  57105 105.60  33.33 1219   23.8
  57110 106.08  33.78  930   25.3
  57111 106.30  33.92  967   23.2
  57113 106.53  33.90  990   27.5
  57119 106.70  33.17  551   21.4
  57123 108.07  34.28  510    9.4
  57126 107.55  33.22  470   40.9
  57128 107.33  33.17  487   32.9
  57129 107.72  32.98  447   54.3
  57132 108.62  34.12  415   13.5
  57137 108.32  33.32  801   43.9
  57140 109.12  33.67  818   52.1
  57153 110.33  33.68  584   11.3
  57155 109.87  33.55  661   10.4
  57162 112.08  34.15  327   16.9
  57173 112.88  33.75  147    1.4
  57176 112.42  33.48  230   0.01
  57180 113.20  33.98  118   0.01
  57204 105.23  32.58  801   31.8
  57208 105.47  32.02  538   83.9
  57213 106.93  33.00  537   31.4
  57216 106.83  32.35  577  145.7
  57217 106.28  32.23  493   54.5
  57231 108.53  32.53  504   0.01
  57233 108.50  32.90  413    2.8
  57249 109.68  32.32  453    8.5
  57253 110.82  32.85  204    7.8
  57254 110.12  32.82  324   10.6
  57260 111.52  32.55  143   0.01
  57303 105.92  31.73  460   34.4
  57304 105.17  31.67  517   35.8
  57307 105.08  31.10  408   32.2
  57308 105.38  31.22  421   54.5
  57309 105.88  30.98  375   10.5
  57314 106.07  31.35  385   43.1
  57315 106.40  31.53  658   52.9
  57317 106.42  31.03  323    0.9
  57318 106.55  31.07  339    5.3
  57320 107.22  31.93  483   33.8
  57324 107.08  31.58  363   91.7
  57326 107.72  31.37  390    0.2
  57401 105.37  30.87  380   69.7
  57402 105.70  30.77  395   10.8
  57407 105.03  30.28  464   44.5
  57408 105.35  30.12  333    4.0
  57409 105.80  30.18  295    4.6
  57413 106.97  30.85  295   0.01
  57414 106.45  30.55  396    5.6
  57415 106.63  30.47  336   0.01
  57417 106.28  30.35  315   16.2
  57420 107.20  30.75  397    7.3
  57505 105.58  29.42  324    2.1
  57506 105.90  29.37  376   0.01
  57507 105.30  29.33  374    8.2
  57508 105.37  29.15  302    1.3
  57511 106.45  29.85  242   0.01
  57514 106.22  29.58  325   0.01
  57600 105.07  28.72  256   13.6
  57719 106.97  27.07 1280   0.01
  57809 105.75  26.07 1251    0.2
  57811 106.60  26.85 1242   0.01
  57813 106.47  26.57 1265   0.01
  57814 106.27  26.42 1285   0.01
  57818 106.45  26.03 1145    1.7
  57829 107.80  26.20  964    1.1
  57908 105.48  25.12 1393    1.1
  57909 105.82  24.98  584   0.01
  57914 106.67  26.42 1143    0.1
  57921 107.32  25.83  710    1.1
  57923 107.87  25.98  418    0.3
  57927 107.18  24.97  283    0.3
  57936 108.92  25.75  255    0.1
  57948 109.25  25.08  123   14.7
  57949 110.00  24.98  157    0.2
  57954 110.18  25.23  158    0.2
  57955 110.67  25.62  224    0.1
  57956 110.32  25.42  169   0.01
  57958 110.32  25.08  152   15.9
  57969 111.33  25.27  230   0.01
  58468 121.17  30.05   10   0.01
  58565 121.43  29.68    6    0.8
  58644 119.28  28.60  237   29.7
  58747 119.35  27.15  900    5.4
  59001 105.33  24.78  674    0.6
  59004 105.10  24.50  729   21.4
  59012 106.55  24.78  973   13.5
  59015 106.57  24.35  442   15.7
  59017 106.27  24.27  279    2.5
  59022 107.55  24.98  695    3.1
  59025 107.38  24.53  249    0.2
  59027 107.25  24.13  244    1.3
  59033 108.90  24.78  330    0.7
  59034 108.67  24.48  149   10.6
  59038 108.65  24.07  142    9.3
  59041 109.25  24.65  109    0.3
  59044 109.38  24.47   99    1.4
  59045 109.75  24.48   95    0.1
  59047 109.33  24.25  101   14.6
  59051 110.50  24.77  133   22.4
  59052 110.82  24.83  167   10.2
  59053 110.67  24.62  108   16.8
  59055 110.40  24.50  166    8.4
  59057 110.18  24.13  827   13.7
  59059 110.80  24.18  107   27.8
  59061 111.27  24.82  198   0.01
  59063 111.45  25.18  262    8.4
  59064 111.32  24.55  141    3.4
  59071 112.28  24.73  175   10.6
  59074 112.15  24.57  300   25.5
  59075 112.63  24.48   70   0.01
  59081 113.27  24.78   98    0.1
  59099 114.93  24.45  175    3.5
  59106 115.90  24.58  152   0.01
  59114 116.17  24.65  131   0.01
  59205 105.63  23.65  688   14.5
  59213 106.92  23.73  113    6.5
  59215 106.62  23.33  640    5.0
  59224 107.12  23.60  116   26.0
  59227 107.15  23.08  438    7.5
  59229 107.70  23.18  101    8.0
  59230 108.17  23.72  173    6.1
  59235 108.62  23.43  116    6.4
  59237 108.28  23.17  115    6.5
  59238 108.80  23.22  123    4.2
  59241 109.68  23.97   91    2.3
  59246 109.67  23.60   70    6.5
  59249 109.62  23.12   56   15.4
  59255 110.38  23.55   37   22.0
  59256 110.92  23.37   56   15.9
  59264 111.50  23.40   79    0.7
  59266 111.23  23.42   46   14.8
  59268 111.53  23.25   31    4.8
  59269 111.77  23.15   27    1.8
  59270 112.18  23.92   78    1.4
  59276 112.65  23.35   40    5.6
  59279 112.87  23.18   18    4.2
  59284 113.22  23.38    6   0.01
  59285 113.60  23.57   39   21.1
  59288 113.13  23.05    3    0.6
  59297 114.28  23.18   16    0.6
  59310 116.18  23.77   39   0.01
  59312 116.63  23.67   11   0.01
  59314 116.13  23.30   27   0.01
  59315 116.38  23.58   25    5.5
  59419 106.75  22.10  243   40.4
  59421 107.20  22.83  257    7.5
  59425 107.35  22.40  107   33.6
  59426 107.90  22.63   92    4.3
  59427 107.07  22.12  162   27.4
  59429 107.97  22.15  183   30.9
  59432 108.40  22.80  203   28.2
  59435 108.48  22.77   75   23.3
  59441 109.25  22.70   78   34.9
  59448 109.55  22.27   70    7.4
  59449 109.98  22.30   80    7.1
  59451 110.35  22.70   99    4.5
  59452 110.53  22.85  100    1.4
  59454 111.00  22.92  104    0.9
  59457 110.27  22.32  120   10.1
  59469 111.78  22.17   33   14.9
  59470 112.22  22.72   33    1.1
  59471 112.05  22.93  102    1.3
  59473 112.97  22.77   20    2.2
  59475 112.65  22.40   24    1.0
  59476 113.03  22.53   35    1.5
  59477 112.30  22.18   25    8.3
  59480 113.25  22.85   21    0.1
  59481 113.32  22.93   16   0.01
  59487 113.30  22.23   12    0.6
  59492 114.70  22.92   43   0.01
  59500 115.32  22.97   10   0.01
  59635 108.35  21.62   26   26.1
  59640 109.18  21.67    6    2.1
  59650 110.25  21.38   25   21.8
  59653 110.85  21.93   35    1.0
  59654 110.30  21.63   28   13.9
  59655 110.62  21.65   35   11.2
  59656 110.77  21.43   29    1.4
  59659 110.92  21.75   32    0.7
  59750 110.10  20.92   25    7.5
  59757 110.37  20.00   10   13.8
  59842 109.68  19.90   31    1.4
  59843 110.00  19.73   36    3.3
  59847 109.05  19.27  101   0.01
  59848 109.43  19.23  219    0.6
  59851 110.33  19.70   25    5.2
  59854 110.10  19.37  119    6.5
  59856 110.75  19.62   26   15.3
  59940 109.17  18.75  156    9.5
  59941 109.52  18.77  328   29.0
  59945 109.70  18.65   65   32.5
  59951 110.33  18.80   38   22.0
