diamond  3 2013年09月22日08点24小时降雨量                    
  13  09  22  08    -2 3 10 25 50 1 0
 39 122.7  37.3 122.5  36.7 120.8  36.2 119.3  35.0 120.4  34.3
 121.1  32.7 122.3  30.9 122.5  30.1 121.5  28.0 119.8  25.0
 116.1  22.6 111.0  21.0 111.0  18.6 109.6  18.1 108.3  18.5
 108.9  19.9 109.3  21.0 106.4  21.6 104.1  22.2 101.6  20.8
  98.7  22.0  97.1  24.1  97.7  27.0  91.7  26.6  85.7  27.7
  78.9  30.6  73.3  37.1  74.1  40.7  87.6  49.8  98.5  43.9
 110.4  44.3 122.0  54.7 135.7  48.3 131.5  42.2 125.2  39.4
 121.3  38.5 121.2  40.3 118.5  38.6 120.8  38.1
1                    576
  50137 122.37  53.47  297    4.1
  50431 121.52  50.78  718    1.8
  50445 123.73  50.58  424    0.1
  50526 120.70  49.28  670    0.1
  50779 134.28  48.37   41    0.5
  51329  80.85  44.05  641    0.4
  51356  86.05  44.32  444   0.01
  51359  86.20  44.32  473   0.01
  51368  87.32  44.12  516   0.01
  51378  89.17  44.02  735    0.3
  51430  81.15  43.83  605    1.1
  51434  81.53  43.97  771    0.9
  51435  82.23  43.47  776    5.3
  51436  83.25  43.45  929    7.0
  51438  81.77  43.18 1210    2.0
  51465  87.10  43.48 1874    0.2
  51468  86.83  43.10 3543    0.5
  51482  90.28  43.83 1271    0.2
  51636  82.62  41.53 1014    1.2
  52863 101.95  36.82 2480    0.9
  52869 101.58  36.50 2665    0.6
  52874 102.40  36.48 1981   0.01
  52875 102.10  36.50 2129    0.1
  52877 102.25  36.10 2835    0.2
  52881 103.18  36.98 2485   0.01
  52885 103.25  36.75 2119   0.01
  52957 100.60  35.25 3149    3.5
  52963 102.02  35.93 2086    0.2
  52968 101.47  35.03 3663    8.9
  52978 102.52  35.20 2930    2.1
  52980 103.30  35.97 1649    0.2
  52981 103.38  35.67 2429   0.01
  52985 103.33  35.42 2164   0.01
  52993 104.07  35.68 1740    0.1
  52995 104.62  35.58 1898   0.01
  52998 104.20  35.13 2111    0.3
  53579 112.90  39.02  861   0.01
  53596 115.13  38.85   53    0.3
  53599 114.68  39.37  885    0.6
  53665 111.65  38.28 1183    0.7
  53666 111.93  38.35 1213    0.4
  53669 111.80  38.08 1151    0.4
  53674 112.70  38.42  799    0.3
  53677 112.48  37.93  808    1.9
  53678 112.67  38.07  899    0.9
  53679 112.55  37.73  776    8.4
  53680 114.38  38.30  109   11.6
  53681 113.37  38.83 1097    0.1
  53682 114.68  38.63  105    2.3
  53685 113.42  38.07  953   11.9
  53688 114.55  38.45   98    4.4
  53689 115.07  38.02   43   16.8
  53690 114.18  38.85  283   0.01
  53691 114.57  38.15   76   28.4
  53692 114.98  38.73   68    0.5
  53693 114.13  38.03  256   19.0
  53694 114.22  38.27  134   26.9
  53695 114.68  38.35   72    8.8
  53696 115.00  38.52   55    4.0
  53697 114.83  38.03   54   19.3
  53699 114.95  38.18   46   21.0
  53727 107.12  37.17 1713    0.1
  53757 110.12  37.12  938   0.01
  53759 110.83  36.98 1106    0.1
  53763 112.17  37.92 1008    0.7
  53768 111.75  37.15  770    1.8
  53769 111.78  37.25  749    1.6
  53770 112.35  37.35  769    9.9
  53771 112.05  37.42  751    3.3
  53773 114.62  36.33   66    0.8
  53774 112.33  37.62  774    4.4
  53776 112.77  37.68  831    6.0
  53777 112.15  37.53  760    3.1
  53778 112.22  37.17  780    5.3
  53780 113.15  37.90 1066   12.1
  53781 114.47  36.87   69    3.6
  53782 113.55  37.85  743   18.7
  53783 113.70  37.60  880   22.2
  53784 114.78  37.75   39   12.2
  53785 114.67  37.52   35   13.3
  53786 113.37  37.08 1134    6.7
  53788 113.57  37.33 1267    8.0
  53789 114.63  37.88   57   18.2
  53790 114.62  37.60   50   25.3
  53791 114.52  37.77   67   22.2
  53792 114.48  37.45  113   18.2
  53794 114.75  37.35   34   12.1
  53795 114.37  37.65  137   15.1
  53796 114.88  37.62   31    8.6
  53797 114.52  37.28   74   12.8
  53799 114.98  37.23   25   15.7
  53829 107.90  35.98 1094   0.01
  53832 108.77  36.77 1220    0.1
  53848 109.35  36.27 1005    0.1
  53856 110.75  36.47  756    0.1
  53857 110.18  36.07  840   0.01
  53860 111.17  36.98 1407    1.1
  53861 111.42  35.88  425    8.6
  53862 111.77  36.83  809    3.2
  53864 111.10  36.40 1030    0.1
  53865 111.55  36.65 1012    1.1
  53866 111.67  36.23  464    6.7
  53869 111.70  36.58  550    2.2
  53871 112.85  36.83  965    9.6
  53872 112.68  36.77  962    9.2
  53873 112.87  36.12  951    9.1
  53874 111.90  36.25  650   15.4
  53875 112.35  36.52 1001   11.8
  53878 113.38  36.52  769    1.8
  53879 112.88  36.32  953   11.1
  53880 113.23  36.33  948    0.1
  53883 114.70  37.13   36   13.9
  53886 113.67  36.57  471    1.1
  53888 113.43  36.20 1088   0.01
  53889 113.82  36.07  308    0.7
  53890 114.15  36.68  234    0.8
  53891 114.68  37.02   44    7.2
  53892 114.47  36.62   67    2.9
  53893 114.95  36.77   40    0.9
  53894 114.22  36.42  128    1.8
  53895 114.50  36.78   61    4.0
  53896 114.95  36.35   51    2.9
  53897 114.38  36.38   71    0.5
  53899 114.97  36.48   49    0.5
  53906 105.72  35.52 1659    0.3
  53908 105.23  35.22 1769    2.1
  53916 106.32  35.50 1949    0.3
  53917 106.07  35.22 1633    0.7
  53926 107.35  35.35 1630   0.01
  53927 106.62  35.20 1478   0.01
  53928 107.02  35.30 1150   0.01
  53934 108.02  35.82 1299    0.3
  53950 110.15  35.23  710    0.1
  53953 110.85  35.97  966   10.1
  53954 110.97  35.62  433    1.2
  53956 110.83  35.40  589    0.9
  53957 110.72  35.62  459    1.7
  53958 110.78  35.13  389    1.2
  53961 111.48  35.65  473    7.2
  53962 111.70  35.73  585    0.6
  53964 111.22  35.62  431    3.3
  53965 111.57  35.52  761    1.9
  53966 111.83  35.98  818    2.9
  53967 111.20  35.33  469    2.3
  53970 112.20  35.70  887    0.2
  53972 112.92  35.12  121   0.01
  53973 112.95  35.77  836    0.1
  53974 114.18  35.62   73    0.1
  53976 112.87  35.50  751    0.1
  53978 112.63  35.08  140   0.01
  53980 114.80  36.55   51    0.2
  53981 113.27  35.78 1311   0.01
  53982 113.27  35.23  113   0.01
  53983 114.42  35.03   70    0.1
  53984 113.47  35.23   83   0.01
  53985 113.82  35.45   97    2.1
  53987 113.42  35.10   91   0.01
  53988 113.67  35.27   78   0.01
  53991 114.35  35.93   75    1.1
  53992 114.52  35.65   59    4.8
  53993 114.92  35.93   52    6.4
  53994 114.07  35.38   71    0.6
  53995 114.50  35.55   64   10.1
  53996 114.65  36.45   58    0.4
  53997 114.18  35.15   72    0.3
  53998 114.65  35.20   62    0.6
  54318 117.73  41.32  562    0.1
  54398 116.62  40.13   29    0.1
  54425 117.48  40.42  584    0.6
  54431 116.63  39.92   40    0.3
  54433 116.50  39.95   36    0.2
  54499 116.22  40.22   75   0.01
  54502 116.03  39.48   30    1.9
  54505 116.12  39.92   94    0.6
  54506 115.88  39.32   29    0.1
  54507 115.50  39.35   52    0.3
  54513 116.20  39.95   67    0.1
  54514 116.25  39.87   56    0.5
  54535 118.47  39.28    3    0.4
  54594 116.35  39.72   38   0.01
  54596 116.13  39.68   40    0.3
  54597 115.73  39.73  409    1.1
  54601 115.65  38.98   14    0.2
  54603 115.77  38.72   10   0.01
  54604 115.33  38.42   31    4.9
  54607 115.12  38.72   45    0.7
  54608 115.55  38.00   27   10.6
  54609 115.50  38.25   25    6.3
  54611 115.32  38.93   45    0.4
  54614 116.08  38.45   13    5.6
  54615 116.83  38.58    8    0.4
  54616 116.85  38.35    9    4.3
  54617 116.12  38.18   13    3.6
  54620 115.57  38.48   19    5.1
  54621 115.18  38.18   39    9.7
  54622 117.37  38.98    3    0.7
  54626 115.82  38.42   15    6.2
  54627 117.23  38.03    8    2.0
  54628 117.48  38.15    7    2.0
  54631 115.15  37.07   33    3.1
  54632 115.03  37.07   34    5.6
  54633 115.23  37.52   27   12.7
  54640 114.87  36.92   37    2.6
  54644 117.12  38.05   11    1.8
  54645 117.47  38.85    3    1.3
  54700 115.93  38.03   16    7.2
  54701 115.20  37.93   41   11.1
  54702 115.70  37.73   22    3.5
  54703 115.88  37.80   25    2.9
  54704 115.57  37.55   23    7.6
  54706 115.67  37.08   32    0.1
  54707 115.98  37.35   28    2.5
  54708 115.73  37.50   24    9.5
  54709 116.07  37.22   30    3.6
  54710 116.17  37.87   19    6.0
  54711 116.28  37.70   19    6.0
  54712 116.82  37.20   23   26.3
  54713 116.53  37.88   15    8.6
  54714 116.33  37.45   24   21.9
  54716 116.80  37.67   17    7.7
  54717 116.40  37.63   18   14.2
  54718 116.43  37.15   26    1.7
  54719 116.68  38.03   12    2.3
  54722 117.63  37.75    7    0.6
  54723 117.57  37.65   11    0.7
  54724 117.13  37.32   21    4.9
  54726 117.18  37.70   12    2.3
  54728 117.38  37.77   16    0.5
  54729 117.87  37.17   11    3.7
  54730 118.13  37.70   11    2.5
  54731 118.22  37.48   16    0.5
  54732 118.52  37.87   13    2.1
  54734 118.00  37.35   12    0.3
  54736 118.67  37.43    9    0.3
  54737 118.15  37.15   17    2.8
  54738 118.40  37.05   20    2.7
  54749 119.95  37.18   48    0.4
  54752 120.77  37.80   64    0.1
  54755 120.38  37.37  113    0.5
  54759 120.83  37.30  172    0.4
  54765 121.43  37.48   57    1.1
  54766 121.62  37.38   23    0.5
  54777 122.07  37.20  112   26.5
  54778 122.48  37.17   60   0.01
  54800 115.25  36.98   35    2.0
  54801 115.48  36.85   36    0.2
  54802 115.73  36.82   35    0.2
  54803 116.02  36.98   28    0.4
  54804 115.13  36.30   46    4.0
  54805 115.45  36.48   41    0.2
  54806 115.97  36.42   39    0.6
  54807 115.80  36.13   44    0.5
  54809 115.28  36.55   42    0.6
  54810 116.27  36.87   28    0.3
  54811 116.62  36.93   22    0.6
  54812 116.75  36.78   23   13.4
  54814 116.23  36.58   32    0.4
  54815 116.27  36.38   33    1.3
  54816 116.80  36.52   82    3.0
  54817 115.87  35.98   43    1.3
  54818 116.42  36.25   72    1.3
  54819 116.80  36.18  118    1.1
  54820 115.17  36.82   38    1.6
  54821 117.20  37.00   21    9.9
  54822 117.73  36.87   46   38.8
  54824 117.95  36.63   95   26.7
  54825 117.85  36.52  195    8.3
  54827 117.15  36.17  137    0.7
  54828 117.68  36.23  228    1.0
  54829 117.87  36.77   88  115.5
  54830 117.93  36.82   35   48.7
  54831 118.50  36.65  102    1.4
  54832 118.73  36.88   29    0.3
  54833 118.08  36.97   19   10.7
  54834 118.28  36.87   46   25.6
  54835 118.55  36.50  110    1.3
  54837 118.83  36.68   76    1.0
  54841 119.40  36.87    8   0.01
  54844 119.18  36.42   67    0.9
  54846 119.75  36.38   37    0.6
  54851 120.57  36.90   81    0.8
  54852 120.73  36.97   53    0.7
  54855 120.47  36.38   30   0.01
  54900 115.02  35.70   54    0.8
  54901 115.17  36.08   47    1.0
  54902 115.12  35.90   49    1.0
  54903 115.48  35.85   50    1.1
  54904 115.52  35.58   51    0.2
  54905 115.93  35.58   53    0.2
  54906 115.42  35.25   51    0.1
  54910 116.05  35.82   45    0.8
  54911 116.45  35.93   51    0.6
  54912 116.48  35.70   47    0.2
  54913 116.82  35.75   67    0.3
  54922 117.78  35.88  223   0.01
  54923 117.93  35.72  202   0.01
  54932 118.65  35.77  184   0.01
  54935 118.43  35.53  120   0.01
  56016  95.62  33.85 4181   12.9
  56045  99.90  33.97 4051   11.8
  56071 102.50  34.58 3107   16.6
  56081 103.35  34.70 2811    8.8
  56082 103.50  34.58 2544    4.9
  56084 103.23  34.07 2376   31.6
  56091 104.47  34.85 1884    8.1
  56092 104.65  35.00 1729    3.6
  56094 104.37  33.78 1400    7.3
  56095 104.38  34.03 1754    3.1
  56097 104.23  33.27 1407    3.6
  56158 100.67  31.40 3250    2.4
  56164 100.98  32.27 3286    6.5
  56168 102.07  31.48 2170    8.3
  56171 101.70  32.90 3276    6.1
  56180 103.85  31.68 1591    0.1
  56181 103.70  30.68  543    3.6
  56184 103.17  31.43 1884   0.01
  56185 102.98  32.08 2400    1.8
  56186 104.20  31.33  589    0.5
  56189 103.93  30.98  584    2.8
  56190 104.55  31.55  518   0.01
  56192 104.67  32.95 1016   0.01
  56193 104.52  32.42  894    0.3
  56194 104.45  31.82  679   0.01
  56197 104.18  31.13  537    1.4
  56198 104.50  31.32  523    0.5
  56263 101.88  30.88 1948    0.3
  56272 103.88  30.82  560    5.2
  56273 102.82  30.38 1011    0.8
  56276 103.82  30.45  468    0.6
  56278 102.77  30.07  756    2.0
  56279 102.93  30.15  683    3.0
  56280 103.12  30.08  692    0.8
  56281 103.50  30.18  512    1.0
  56284 103.48  30.42  502    1.1
  56285 103.52  30.60  525    1.8
  56286 104.25  30.55  514    2.7
  56288 103.92  30.58  495    1.5
  56289 103.87  30.20  439    0.1
  56290 104.18  30.78  515    7.0
  56291 104.28  30.97  474    8.6
  56295 104.55  30.38  443    0.2
  56296 104.43  30.85  449    1.8
  56297 104.15  30.02  431    0.9
  56298 104.60  30.13  415   0.01
  56371 102.23  29.92 1322   0.01
  56373 102.85  29.78  763    1.8
  56376 102.68  29.35 1098    0.2
  56378 102.35  29.23  891   0.01
  56381 103.52  30.02  497    0.1
  56383 103.87  29.83  454   0.01
  56384 103.48  29.60  446   0.01
  56389 103.95  29.20  386   0.01
  56391 103.82  30.08  416    0.1
  56394 104.43  29.45  382   0.01
  56395 104.67  29.52  349    0.5
  56396 104.77  29.35  352   0.01
  56443  99.80  28.93 2842   0.01
  56473 102.77  28.95 1061    1.0
  56474 102.17  28.55 1775   0.01
  56480 103.53  28.82  564    0.3
  56489 103.63  28.23  876    0.1
  56490 103.90  28.95  396    0.1
  56494 104.15  28.65  460   0.01
  56497 104.23  28.10  433    0.1
  56498 104.50  28.17  442   0.01
  56592 104.52  28.43  360    0.2
  56645  99.42  26.42 2345    5.7
  56646  99.92  26.53 2193    0.6
  56649  99.97  26.10 2059   0.01
  56654 100.18  26.58 2196    0.7
  56746  99.52  25.47 1618    1.1
  56841  98.68  24.60 1527    2.7
  56844  98.58  24.43  915   0.01
  56878 102.75  24.13 1802    0.3
  56992 104.70  23.45 1508   0.01
  57001 105.33  34.75 1273    3.0
  57002 105.65  34.85 1217    6.2
  57004 104.88  34.73 1496    3.4
  57006 105.75  34.58 1142    3.9
  57007 105.18  34.18 1406    3.2
  57008 105.30  34.03 1578    3.8
  57011 106.15  34.75 1379    2.6
  57012 106.20  34.98 1665    1.1
  57020 107.40  34.37  563    0.1
  57021 107.13  34.65  751    0.5
  57022 107.78  34.68 1026    0.4
  57024 107.65  34.45  671    2.3
  57026 107.88  34.37  586    0.8
  57027 107.73  34.27  518    1.3
  57032 108.20  34.13  436    0.3
  57036 108.93  34.30  398    0.1
  57038 108.45  34.28  411   0.01
  57039 108.88  34.08  445    0.2
  57040 109.08  34.52  378   0.01
  57044 109.23  34.40  424   0.01
  57045 109.48  34.52  354    0.2
  57047 109.32  34.17  541    0.6
  57054 110.23  34.55  557    0.2
  57055 110.08  34.55  352    1.1
  57057 110.15  34.10  961   0.01
  57060 111.23  35.17  404    8.3
  57061 111.20  34.83  411   0.01
  57074 112.42  34.42  198   0.01
  57075 112.87  34.17  203    0.7
  57102 105.72  33.75  971    5.5
  57105 105.60  33.33 1219    1.3
  57110 106.08  33.78  930    0.5
  57111 106.30  33.92  967    0.3
  57123 108.07  34.28  510    0.1
  57126 107.55  33.22  470    0.1
  57128 107.33  33.17  487    0.2
  57185 113.58  33.45   92    0.3
  57208 105.47  32.02  538   0.01
  57253 110.82  32.85  204   0.01
  57292 114.63  32.97   44   0.01
  57295 114.35  32.62   83   0.01
  57315 106.40  31.53  658    2.3
  57507 105.30  29.33  374   0.01
  57886 113.78  26.50  226   0.01
  57990 114.30  25.70  252   0.01
  58016 116.97  34.18   39    0.3
  58030 118.07  34.85   47   0.01
  58032 118.65  34.93   75   0.01
  58035 118.35  34.33   30    2.5
  58036 118.73  34.52   39   0.01
  58044 119.23  34.53    5   0.01
  58045 119.60  34.20    8    0.6
  58048 119.35  34.12    9    0.3
  58113 116.75  33.93   35    2.3
  58116 116.83  33.98   32    2.1
  58128 117.30  33.32   23    2.1
  58131 118.27  33.98   28    0.1
  58132 118.68  33.72   19    7.6
  58139 118.88  33.30   13    1.1
  58140 119.30  33.77   13    0.3
  58145 119.17  33.53    8    1.4
  58147 118.97  32.98   28    1.6
  58148 119.30  33.23   11    1.6
  58222 117.55  32.85   31    0.3
  58223 117.98  32.78   38    0.3
  58230 118.27  32.08   34    0.3
  58234 118.42  32.47   43    0.8
  58237 118.62  32.05   22    0.5
  58240 119.02  32.68   25    0.6
  58242 119.18  32.28   14    1.4
  58243 119.83  32.93    7    0.3
  58244 119.58  32.45   10    0.1
  58245 119.42  32.42   14    0.1
  58246 119.90  32.52   11    0.1
  58247 119.82  32.25    5    0.2
  58249 120.00  32.17    8    0.5
  58257 120.25  31.98   12    1.7
  58264 121.18  32.33   11   0.01
  58268 121.08  32.10    8    3.1
  58269 121.65  31.78   12    9.7
  58306 115.88  31.68   94    0.8
  58317 116.37  30.87  434   0.01
  58330 118.08  31.75   20    1.2
  58331 118.37  31.73   26    1.9
  58335 118.52  31.57   16    0.7
  58337 118.18  31.08   30   0.01
  58341 119.58  31.98   10    0.2
  58344 119.20  31.97   35    0.1
  58346 119.82  31.33   15    0.9
  58349 120.63  31.27    9   24.6
  58351 120.30  31.90   12    2.2
  58352 120.77  31.65    8    0.7
  58353 120.57  31.87    6   0.01
  58359 120.62  31.13    9   14.5
  58360 121.20  31.92    6    1.5
  58361 121.37  31.10   10   31.0
  58365 121.25  31.37    9    8.4
  58366 121.40  31.63    9    8.0
  58367 121.43  31.20   18   10.5
  58369 121.78  31.05    9   11.3
  58370 121.55  31.22   11   17.4
  58377 121.10  31.47    6    5.6
  58433 118.75  30.93   30   0.01
  58441 119.42  30.87   53    0.9
  58443 119.90  31.02   19    2.0
  58446 119.68  30.63   25    4.4
  58449 119.95  30.05   47   37.7
  58451 120.93  30.83    3    6.7
  58452 120.77  30.73    4    2.1
  58453 120.50  30.07   10   36.9
  58454 119.97  30.53    5    4.0
  58455 120.65  30.52    8    3.0
  58456 120.52  30.63    6    2.2
  58458 120.90  30.53    3    3.9
  58459 120.28  30.18   42   17.8
  58460 121.35  30.73    6    4.3
  58461 121.12  31.13    8   41.3
  58462 121.23  31.03    9   13.6
  58463 121.50  30.88    9    6.9
  58468 121.17  30.05   10    8.1
  58484 122.20  30.25    9    0.1
  58542 119.68  29.82   45    9.5
  58546 119.88  29.47  114    0.4
  58547 119.18  29.03   65    0.6
  58548 119.47  29.22   46    1.0
  58550 120.25  29.70   39    2.1
  58555 120.88  29.52  112   0.01
  58558 120.22  29.27   89    4.9
  58559 120.98  29.17   59   16.0
  58561 121.60  29.98    3    2.3
  58563 121.83  29.88    4    2.2
  58565 121.43  29.68    6    6.3
  58566 121.88  29.47   14    0.2
  58567 121.43  29.32   39    8.9
  58568 121.38  29.12   35   21.2
  58570 122.30  29.95   83    0.2
  58631 118.50  28.90  134    0.1
  58632 118.60  28.72  124    0.4
  58642 119.80  28.88  102    1.3
  58643 120.03  28.90   99    0.3
  58644 119.28  28.60  237    5.1
  58647 119.13  28.07  196    0.7
  58654 120.08  28.67  184   14.0
  58656 120.97  28.12    7   34.8
  58657 120.28  28.15   59   25.4
  58658 120.68  28.15   36   15.6
  58659 120.65  28.03   29   20.9
  58660 121.13  28.85    8   31.8
  58664 121.37  28.37   33   20.8
  58735 118.80  27.52  201    0.6
  58736 118.82  27.37  220    0.8
  58745 119.07  27.62  368    0.3
  58746 119.70  27.55  514   29.5
  58747 119.35  27.15  900   17.4
  58748 119.65  27.10   51    4.4
  58749 119.88  27.23  680   55.4
  58750 120.08  27.78  106   43.2
  58751 120.55  27.68    5   28.5
  58814 116.35  26.35  237   0.01
  58823 117.80  26.80  173   0.01
  58826 117.80  26.40  120    0.5
  58828 117.62  26.27  206    0.3
  58836 118.73  26.58  359    2.8
  58839 118.85  26.23   42    0.5
  58844 119.15  26.15   49    5.0
  58845 119.53  26.50   57   14.6
  58848 119.55  26.20   12    1.4
  58850 120.23  26.92   88    1.1
  58903 116.03  25.90  208   0.01
  58912 116.75  25.72  379    0.2
  58917 116.10  25.08  307    0.4
  58923 117.83  25.70  397    1.5
  58929 118.15  25.07   66   0.01
  58932 118.93  25.87   85    4.8
  58934 118.27  25.33  170   0.01
  58935 118.23  25.48  516   0.01
  58940 119.33  26.08   28    6.8
  58941 119.50  25.97   11    1.9
  58942 119.38  25.72   39    3.1
  58946 119.00  25.45   84   0.01
  59017 106.27  24.27  279    0.1
  59106 115.90  24.58  152   0.01
  59109 115.73  24.15  126   0.01
  59114 116.17  24.65  131   0.01
  59124 117.37  24.52   31   0.01
  59125 117.30  24.38  105   0.01
  59127 117.83  24.43   14    0.3
  59129 117.60  24.13   53    1.5
  59130 118.15  24.73   28   0.01
  59131 118.37  24.97   44   0.01
  59137 118.57  24.82   55   0.01
  59310 116.18  23.77   39    0.1
  59313 116.98  23.68   42   0.01
  59318 116.58  23.27   10    0.1
  59319 116.77  23.47    9   0.01
  59320 117.13  23.77   27   0.01
  59322 117.37  23.98   20    0.7
  59492 114.70  22.92   43   0.01
  59500 115.32  22.97   10   0.01
  59502 115.65  22.95   11    0.8
  59640 109.18  21.67    6   0.01
