diamond  3 2013年09月08日08点24小时降雨量                    
  13  09  08  08    -2 3 10 25 50 1 0
 39 122.7  37.3 122.5  36.7 120.8  36.2 119.3  35.0 120.4  34.3
 121.1  32.7 122.3  30.9 122.5  30.1 121.5  28.0 119.8  25.0
 116.1  22.6 111.0  21.0 111.0  18.6 109.6  18.1 108.3  18.5
 108.9  19.9 109.3  21.0 106.4  21.6 104.1  22.2 101.6  20.8
  98.7  22.0  97.1  24.1  97.7  27.0  91.7  26.6  85.7  27.7
  78.9  30.6  73.3  37.1  74.1  40.7  87.6  49.8  98.5  43.9
 110.4  44.3 122.0  54.7 135.7  48.3 131.5  42.2 125.2  39.4
 121.3  38.5 121.2  40.3 118.5  38.6 120.8  38.1
1                    744
  50524 119.43  49.32  578    6.5
  50749 124.83  47.18  159    1.1
  50779 134.28  48.37   41   0.01
  50833 122.90  46.72  189    0.1
  50842 124.42  46.83  145    0.1
  50850 125.13  46.57  148    0.5
  50859 126.27  46.25  160    1.2
  50861 127.48  46.88  186   0.01
  50867 127.35  46.08  134    0.3
  50956 126.57  45.93  117   0.01
  50958 126.95  45.52  175    0.7
  50960 127.45  45.78  192    7.0
  50962 128.03  45.95  113    6.4
  50965 128.30  45.45  157   0.01
  50987 131.13  45.25  181    0.2
  51137  82.93  46.20  715   0.01
  51465  87.10  43.48 1874    0.4
  51468  86.83  43.10 3543    0.5
  51559  86.40  42.32 1110   0.01
  51568  86.80  42.25 1086   0.01
  51571  88.63  42.80    2   0.01
  52745  99.02  37.30 3417    7.1
  52784 102.90  37.47 2073    0.1
  52842  99.08  36.78 3088    5.0
  52853 100.98  36.90 3011    2.0
  52855 101.25  36.68 2676    8.6
  52862 101.68  36.95 2451    1.9
  52863 101.95  36.82 2480    4.2
  52869 101.58  36.50 2665    3.7
  52874 102.40  36.48 1981    2.5
  52875 102.10  36.50 2129    5.2
  52877 102.25  36.10 2835    7.3
  52881 103.18  36.98 2485    3.5
  52885 103.25  36.75 2119    8.2
  52896 104.15  36.55 1739    2.1
  52957 100.60  35.25 3149    8.6
  52963 102.02  35.93 2086    6.8
  52968 101.47  35.03 3663    5.1
  52972 102.47  35.85 1870   21.0
  52978 102.52  35.20 2930    5.5
  52980 103.30  35.97 1649    1.9
  52981 103.38  35.67 2429   11.4
  52982 103.55  35.48 1954    5.1
  52985 103.33  35.42 2164   10.5
  52988 103.72  35.37 2000    6.5
  52993 104.07  35.68 1740    5.2
  52995 104.62  35.58 1898    2.6
  52998 104.20  35.13 2111    4.6
  53420 107.12  40.85 1024    5.1
  53466 111.70  40.75 1046    0.1
  53505 105.40  37.88 1382    2.8
  53517 106.33  39.27 1466   0.01
  53518 106.35  39.03 1118    0.1
  53522 107.83  40.05 1180    0.6
  53567 111.08  39.03  980   0.01
  53577 112.30  39.00 1441   0.01
  53599 114.68  39.37  885    0.5
  53603 106.37  38.83 1096   10.0
  53610 106.35  38.57 1106   17.1
  53611 106.55  38.88 1099    3.2
  53617 106.08  38.03 1119    3.9
  53618 106.25  38.28 1115    8.5
  53619 106.30  38.12 1117    3.0
  53658 110.48  38.03  895   0.01
  53660 111.08  39.02  893    0.2
  53662 111.58  38.72 1393   0.01
  53669 111.80  38.08 1151   0.01
  53674 112.70  38.42  799    0.1
  53677 112.48  37.93  808   0.01
  53690 114.18  38.85  283   0.01
  53707 105.25  36.93 1699    3.0
  53727 107.12  37.17 1713    6.4
  53730 107.48  38.18 1335    6.1
  53732 108.72  37.85 1211    0.3
  53756 110.72  37.52  744    0.2
  53763 112.17  37.92 1008   0.01
  53769 111.78  37.25  749   0.01
  53774 112.33  37.62  774   0.01
  53777 112.15  37.53  760   0.01
  53829 107.90  35.98 1094    2.9
  53832 108.77  36.77 1220    3.9
  53841 109.32  36.88 1069    1.4
  53848 109.35  36.27 1005   0.01
  53881 106.48  37.28 1382    4.5
  53906 105.72  35.52 1659   12.9
  53908 105.23  35.22 1769    8.6
  53914 106.12  35.62 2079    7.9
  53916 106.32  35.50 1949   13.5
  53917 106.07  35.22 1633    4.8
  53924 107.62  35.07  967    0.4
  53925 107.18  35.68 1174   11.8
  53926 107.35  35.35 1630    0.4
  53927 106.62  35.20 1478    6.5
  53928 107.02  35.30 1150    6.1
  53930 107.98  36.45 1270    2.4
  53934 108.02  35.82 1299    1.9
  53935 108.35  35.48 1443    0.1
  53937 107.92  35.52  980    0.8
  53938 108.30  35.17 1277    0.3
  53941 109.58  35.18  807   0.01
  53944 109.25  35.57  857   0.01
  53945 109.07  35.43 1394   0.01
  53947 109.07  35.08  979    0.9
  53949 109.92  35.18  680   0.01
  54065 125.65  44.53  173    2.3
  54069 125.80  44.17  175    0.1
  54076 126.93  44.42  254    2.7
  54080 127.15  44.90  196    2.4
  54092 129.40  44.60  294    0.8
  54093 130.55  44.93  266    0.1
  54098 129.47  44.33  272    0.2
  54099 131.13  44.08  151    0.9
  54164 125.28  43.35  249    0.6
  54169 126.02  43.30  270   10.4
  54172 126.60  43.78  199   23.7
  54187 128.92  43.12  369    2.3
  54192 130.27  43.70  386   11.5
  54261 125.52  42.68  343   10.0
  54267 125.73  42.25  363    7.4
  54274 126.07  42.68  300    1.0
  54279 126.58  42.05  545    9.5
  54290 129.40  42.77  245    1.5
  54291 130.28  42.90   37    1.2
  54293 129.83  42.95  141    0.1
  54362 125.73  41.67  388    5.0
  54371 126.43  41.93  521   13.3
  54575 122.37  39.42   44   25.9
  54590 124.17  39.88    5   0.01
  56016  95.62  33.85 4181    0.8
  56045  99.90  33.97 4051    1.3
  56071 102.50  34.58 3107    4.2
  56081 103.35  34.70 2811    5.0
  56082 103.50  34.58 2544    3.0
  56084 103.23  34.07 2376    1.4
  56091 104.47  34.85 1884    1.7
  56092 104.65  35.00 1729    1.3
  56095 104.38  34.03 1754    0.5
  56097 104.23  33.27 1407    5.0
  56147  98.83  31.22 3261    6.6
  56158 100.67  31.40 3250    5.9
  56164 100.98  32.27 3286    9.2
  56168 102.07  31.48 2170   12.4
  56171 101.70  32.90 3276    6.8
  56180 103.85  31.68 1591   10.1
  56181 103.70  30.68  543    1.2
  56183 103.58  31.47 1326    6.7
  56184 103.17  31.43 1884   11.0
  56185 102.98  32.08 2400   13.6
  56186 104.20  31.33  589    6.8
  56189 103.93  30.98  584    3.5
  56190 104.55  31.55  518   12.5
  56192 104.67  32.95 1016   10.4
  56193 104.52  32.42  894    5.8
  56194 104.45  31.82  679   12.5
  56195 104.73  31.78  531   15.8
  56197 104.18  31.13  537    6.8
  56198 104.50  31.32  523   10.8
  56199 104.68  31.03  424   11.6
  56263 101.88  30.88 1948   15.6
  56267 101.02  30.03 2598    1.4
  56272 103.88  30.82  560    4.1
  56273 102.82  30.38 1011    0.2
  56276 103.82  30.45  468    5.7
  56278 102.77  30.07  756    1.5
  56279 102.93  30.15  683    1.1
  56280 103.12  30.08  692    2.1
  56281 103.50  30.18  512    2.9
  56284 103.48  30.42  502    0.8
  56285 103.52  30.60  525    0.5
  56286 104.25  30.55  514    8.4
  56288 103.92  30.58  495    4.6
  56289 103.87  30.20  439    8.9
  56290 104.18  30.78  515    7.3
  56291 104.28  30.97  474    7.7
  56295 104.55  30.38  443    8.5
  56296 104.43  30.85  449    7.5
  56297 104.15  30.02  431   10.2
  56298 104.60  30.13  415    8.8
  56373 102.85  29.78  763    2.8
  56376 102.68  29.35 1098    0.7
  56378 102.35  29.23  891    0.6
  56380 103.37  29.92  466    2.2
  56381 103.52  30.02  497    2.4
  56382 103.60  29.73  408    0.9
  56383 103.87  29.83  454    4.0
  56384 103.48  29.60  446   0.01
  56387 103.27  29.23  639    0.1
  56389 103.95  29.20  386    2.0
  56390 104.07  29.67  403    4.0
  56391 103.82  30.08  416   11.9
  56393 104.85  29.77  370    8.7
  56394 104.43  29.45  382    3.7
  56395 104.67  29.52  349   10.2
  56396 104.77  29.35  352    9.1
  56399 104.98  29.18  307    8.9
  56441  99.28  28.72 2424   0.01
  56443  99.80  28.93 2842    0.1
  56473 102.77  28.95 1061   0.01
  56474 102.17  28.55 1775   0.01
  56478 102.43  28.30 1819    0.4
  56480 103.53  28.82  564    0.1
  56483 103.95  28.60  412    1.3
  56487 103.13  28.33 1945   0.01
  56489 103.63  28.23  876    4.3
  56490 103.90  28.95  396    3.4
  56491 104.57  28.70  288    4.1
  56493 104.97  28.85  297    4.2
  56494 104.15  28.65  460    2.4
  56496 105.23  28.32  330    0.8
  56497 104.23  28.10  433    0.5
  56498 104.50  28.17  442    1.3
  56499 104.78  28.38  368    1.8
  56567 100.85  27.30 2242    5.9
  56569 102.18  27.42 1381   20.5
  56575 102.55  27.37 1429    2.2
  56580 102.80  27.72 2461    5.5
  56582 103.90  27.75 1177    0.7
  56584 103.25  27.70 1093    0.6
  56585 103.53  27.18 1916   0.01
  56592 104.52  28.43  360    0.9
  56593 104.92  28.58  281    2.1
  56594 104.05  27.63  884   0.01
  56596 105.05  27.85 1176   0.01
  56598 104.73  27.13 1538   0.01
  56641  98.87  26.90 1191    1.9
  56645  99.42  26.42 2345   14.9
  56646  99.92  26.53 2193   21.8
  56649  99.97  26.10 2059   31.3
  56652 100.75  26.68 2131   30.7
  56654 100.18  26.58 2196   22.6
  56665 101.85  26.68 1140    6.5
  56669 101.67  26.05 1531    0.3
  56670 102.12  26.90 1105    8.1
  56674 101.73  26.50 1107    1.1
  56675 102.58  26.65 1695    0.4
  56742  99.37  25.90 1663   29.8
  56745  99.95  25.68 1627    8.3
  56746  99.52  25.47 1618    8.5
  56752 100.57  25.83 1440   12.9
  56755 100.48  25.35 1670   14.1
  56756 100.58  25.48 1993   25.9
  56757 100.28  25.27 1744   35.0
  56761 101.32  25.72 1873    0.3
  56764 101.23  25.53 1875    0.1
  56766 101.52  25.33 1769    1.0
  56767 101.28  25.18 1858    1.6
  56774 102.42  25.53 1712    0.3
  56775 102.45  25.55 1752    0.2
  56781 103.27  25.55 1874   0.01
  56782 103.55  25.42 2064   0.01
  56783 103.80  25.50 1906   0.01
  56785 103.03  25.33 1925   0.01
  56788 103.67  25.03 1842    0.1
  56790 104.25  25.68 1920   0.01
  56835  97.82  24.07  958    8.3
  56836  97.95  24.70  828   26.3
  56839  98.82  23.77  994   21.6
  56840  98.30  24.82 1013   16.0
  56841  98.68  24.60 1527   24.0
  56842  99.18  24.73 1473    8.2
  56843  99.62  24.83 1650   11.7
  56844  98.58  24.43  915   47.2
  56846  99.93  24.58 1569   24.7
  56849  99.23  24.03 1607   13.5
  56851 100.52  25.03 1378   15.7
  56854 100.13  24.45 1108    7.6
  56862 101.60  24.68 1966    0.3
  56863 102.48  24.93 1850    0.6
  56867 101.12  23.98 1107    3.9
  56869 101.97  24.07 1498    0.4
  56870 102.17  24.67 1576   0.01
  56872 102.62  24.95 2360    0.3
  56873 102.90  24.67 1752    0.1
  56876 102.77  24.28 1732   0.01
  56878 102.75  24.13 1802    0.2
  56879 102.92  24.20 1610    0.1
  56882 102.80  24.88 1909   0.01
  56883 103.98  24.83 1846    0.4
  56885 103.45  24.40 1416    0.4
  56891 104.32  24.98 1482    0.7
  56898 102.40  24.18 1542    0.1
  56944  99.27  23.15 1280   51.0
  56948  99.60  22.63 1156   18.7
  56949  99.60  22.32  946    3.4
  56950  99.80  23.47 1044    9.8
  56952 100.70  23.50  914    7.5
  56958 100.42  21.92 1177   22.9
  56961 101.05  23.03 1321    2.2
  56962 101.67  23.42 1315   0.01
  56976 102.83  23.23  229   0.01
  56978 102.42  23.00 1640    1.2
  56982 103.25  23.70 1055   0.01
  56984 103.15  23.38 1717    1.5
  56987 103.23  22.78 1261    1.0
  56989 103.95  22.50  138    1.7
  56992 104.70  23.45 1508    0.9
  56994 104.25  23.38 1277    0.3
  56995 104.42  23.03 1335    2.5
  57001 105.33  34.75 1273    2.1
  57002 105.65  34.85 1217    8.7
  57004 104.88  34.73 1496    2.0
  57006 105.75  34.58 1142    5.6
  57007 105.18  34.18 1406    2.1
  57008 105.30  34.03 1578    1.0
  57011 106.15  34.75 1379    4.5
  57012 106.20  34.98 1665    4.1
  57016 107.13  34.35  613    5.6
  57020 107.40  34.37  563    7.6
  57021 107.13  34.65  751    3.4
  57022 107.78  34.68 1026    2.4
  57023 108.10  35.03  841    0.1
  57024 107.65  34.45  671    3.6
  57026 107.88  34.37  586    2.6
  57027 107.73  34.27  518    3.8
  57029 108.48  34.50  544    1.4
  57031 108.55  34.82 1013    2.3
  57032 108.20  34.13  436    3.7
  57033 108.82  34.55  429    0.7
  57035 108.23  34.55  636    1.6
  57036 108.93  34.30  398    1.4
  57038 108.45  34.28  411    2.2
  57039 108.88  34.08  445    1.8
  57040 109.08  34.52  378    0.4
  57041 108.92  34.63  425    1.4
  57042 109.18  34.78  473    0.9
  57043 109.97  34.80  352   0.01
  57044 109.23  34.40  424    1.2
  57045 109.48  34.52  354    0.9
  57047 109.32  34.17  541    0.8
  57055 110.08  34.55  352   0.01
  57057 110.15  34.10  961    0.4
  57061 111.20  34.83  411   0.01
  57066 111.67  34.38  329   0.01
  57070 112.12  34.73  358   0.01
  57075 112.87  34.17  203    0.2
  57082 113.02  34.47  428   0.01
  57084 113.05  34.50 1180   0.01
  57085 113.37  34.55  289   0.01
  57086 113.72  34.38  116   0.01
  57087 113.80  34.20   88    0.7
  57088 113.50  34.15  117    1.2
  57094 114.22  34.40   71    0.2
  57095 114.15  34.12   61    4.1
  57096 114.78  34.53   60   0.01
  57098 114.40  34.08   59    0.8
  57099 114.85  34.07   53    0.6
  57102 105.72  33.75  971    9.3
  57105 105.60  33.33 1219    9.0
  57110 106.08  33.78  930   18.2
  57111 106.30  33.92  967   12.6
  57113 106.53  33.90  990   13.6
  57119 106.70  33.17  551    7.8
  57123 108.07  34.28  510    0.9
  57126 107.55  33.22  470    7.6
  57128 107.33  33.17  487    6.0
  57129 107.72  32.98  447    6.1
  57132 108.62  34.12  415    2.2
  57137 108.32  33.32  801    5.6
  57140 109.12  33.67  818    4.1
  57153 110.33  33.68  584    0.1
  57155 109.87  33.55  661    2.0
  57169 111.87  33.05  160    6.5
  57173 112.88  33.75  147    4.4
  57175 112.23  33.05  192    9.1
  57176 112.42  33.48  230    4.6
  57177 113.53  33.33   91    3.1
  57179 113.00  33.28  161    6.1
  57180 113.20  33.98  118    3.3
  57182 113.50  33.85   81    6.2
  57183 113.92  33.80   61    3.0
  57184 113.37  33.63   84    4.7
  57185 113.58  33.45   92    1.8
  57186 114.05  33.60   59    0.9
  57187 112.93  33.07  119    5.1
  57188 114.03  33.37   56    1.5
  57189 113.95  33.13   65    3.3
  57190 114.40  33.75   51    0.8
  57191 114.48  34.48   64   0.01
  57192 114.85  33.73   47    0.4
  57194 114.27  33.28   60    2.7
  57195 114.62  33.62   47    0.9
  57196 114.87  33.47   42    2.5
  57197 114.33  33.00   54    5.0
  57198 114.62  33.55   47    1.0
  57204 105.23  32.58  801   12.7
  57208 105.47  32.02  538   14.7
  57213 106.93  33.00  537   15.0
  57216 106.83  32.35  577    9.7
  57217 106.28  32.23  493   11.1
  57231 108.53  32.53  504    6.5
  57233 108.50  32.90  413    8.4
  57242 109.37  32.85  285    3.7
  57247 108.90  32.32  442    8.3
  57248 109.33  32.40  429    8.2
  57249 109.68  32.32  453    6.0
  57253 110.82  32.85  204    6.1
  57254 110.12  32.82  324    6.7
  57257 110.23  32.23  309    6.7
  57260 111.52  32.55  143    8.3
  57261 111.50  33.13  196    0.3
  57268 111.63  32.27   87   12.3
  57271 112.38  32.55   89    6.2
  57273 112.85  32.68  110    3.5
  57274 112.12  32.70  108    9.0
  57281 113.30  32.70  142    4.6
  57292 114.63  32.97   44    5.9
  57293 114.98  32.73   39    3.8
  57294 114.02  32.83   84    4.0
  57295 114.35  32.62   83    3.8
  57296 114.73  32.35   50    1.1
  57298 114.55  32.22   56    0.6
  57299 114.90  32.02   50   0.01
  57303 105.92  31.73  460   12.0
  57304 105.17  31.67  517   12.4
  57307 105.08  31.10  408    4.3
  57308 105.38  31.22  421    9.0
  57309 105.88  30.98  375    6.0
  57314 106.07  31.35  385    5.6
  57315 106.40  31.53  658    9.2
  57317 106.42  31.03  323    9.3
  57318 106.55  31.07  339   14.4
  57320 107.22  31.93  483    8.2
  57324 107.08  31.58  363   10.1
  57326 107.72  31.37  390   13.7
  57329 107.85  31.10  462   13.3
  57333 108.67  31.95  800   14.8
  57338 108.42  31.18  213   12.3
  57339 108.68  30.95  296    3.6
  57345 109.62  31.40  339    5.6
  57349 109.87  31.07  270    1.3
  57361 111.27  31.88  331    7.8
  57362 110.67  31.75  939    5.3
  57363 111.83  31.80  146    6.0
  57370 112.22  31.73   68    2.2
  57385 113.82  31.63   94   0.01
  57388 113.70  31.27   55   0.01
  57390 114.07  31.80  731    0.4
  57396 114.85  31.63  130   0.01
  57401 105.37  30.87  380    4.4
  57402 105.70  30.77  395    6.0
  57407 105.03  30.28  464   10.4
  57408 105.35  30.12  333   14.0
  57409 105.80  30.18  295    1.4
  57413 106.97  30.85  295   10.2
  57414 106.45  30.55  396    7.2
  57415 106.63  30.47  336    4.4
  57416 106.93  30.33 3915    7.3
  57417 106.28  30.35  315    4.3
  57420 107.20  30.75  397    8.4
  57425 107.33  30.33  430    2.6
  57431 108.35  30.83  256    4.7
  57437 108.03  30.30  326   0.01
  57453 111.32  30.77  116   0.01
  57460 111.78  30.82   91    0.2
  57462 111.08  30.87  104    2.6
  57464 111.18  30.47  144    0.7
  57465 111.45  30.38   76    0.1
  57469 111.77  30.18   68    0.3
  57477 112.22  30.07   39   0.01
  57486 113.85  30.65   25    0.1
  57489 114.00  30.58   39    0.6
  57491 114.40  30.87   31   0.01
  57496 114.87  30.37   30   0.01
  57498 114.90  30.43   22   0.01
  57505 105.58  29.42  324   11.2
  57506 105.90  29.37  376    2.1
  57507 105.30  29.33  374    9.7
  57508 105.37  29.15  302   11.0
  57509 106.93  28.95  325    0.1
  57510 106.05  29.85  275    3.3
  57511 106.45  29.85  242   10.6
  57513 106.62  29.73  457    0.5
  57514 106.22  29.58  325    3.6
  57518 106.53  29.38  243    1.3
  57522 107.42  29.75  273    0.1
  57540 109.15  29.68  776   0.01
  57543 110.03  29.88  540    0.3
  57544 109.45  29.47  486   0.01
  57558 110.47  29.13  184   0.01
  57564 111.13  29.43  103   0.01
  57565 111.75  29.65   39   0.01
  57571 112.40  29.70   37   0.01
  57582 113.88  29.73   51   0.01
  57585 113.45  29.48   60   0.01
  57586 114.03  29.53   79    0.1
  57596 114.20  29.63    0    0.5
  57600 105.07  28.72  256    6.0
  57603 105.83  28.82  283    3.3
  57609 105.70  28.58  316    1.5
  57663 111.95  28.92   31   0.01
  57666 112.13  28.52   49    0.7
  57674 112.47  28.57   44    0.3
  57680 113.07  28.80   47   0.01
  57688 113.63  28.15  100   0.01
  57698 114.45  28.12   99    0.1
  57714 106.23  27.47  942   0.01
  57740 109.60  27.95  349   0.01
  57742 109.20  27.52  883   0.01
  57754 110.15  27.35  170   0.01
  57760 111.43  27.70  247   0.01
  57763 112.00  27.73  151   0.01
  57771 112.52  27.93   89    0.1
  57777 112.87  27.23   65   0.01
  57786 113.85  27.65  110   0.01
  57796 114.93  27.80   79   0.01
  57813 106.47  26.57 1265    0.1
  57814 106.27  26.42 1285    0.2
  57818 106.45  26.03 1145    0.3
  57821 107.50  26.70  924   0.01
  57828 107.58  26.50  983   0.01
  57829 107.80  26.20  964    0.1
  57844 109.18  26.68  344   0.01
  57851 110.85  26.45  307   0.01
  57860 111.28  27.00  282    0.1
  57870 112.10  26.80  151   0.01
  57871 112.37  26.98   91    0.1
  57876 112.83  26.43  118    0.1
  57882 113.55  26.78  135    0.1
  57883 114.28  26.75  257    0.1
  57886 113.78  26.50  226   0.01
  57895 114.78  26.47   96    0.1
  57900 105.22  25.83 1553   0.01
  57903 105.60  25.93 1138    0.1
  57905 105.63  25.40 1063   0.01
  57908 105.48  25.12 1393   0.01
  57909 105.82  24.98  584   0.01
  57911 106.65  26.67 1325    0.1
  57913 106.98  26.45 1095   0.01
  57914 106.67  26.42 1143    0.1
  57927 107.18  24.97  283   0.01
  57954 110.18  25.23  158   0.01
  57958 110.32  25.08  152    0.1
  57960 111.07  25.93  192   0.01
  57964 111.15  25.50  258    0.1
  57973 112.72  25.75  328   0.01
  57976 112.95  25.42  226   0.01
  57988 113.35  25.15  103    0.1
  58001 115.10  34.43   57   0.01
  58007 115.30  34.07   53    0.9
  58008 115.33  34.47   55   0.01
  58100 115.17  33.65   42    4.0
  58101 115.48  33.87   42    0.2
  58104 115.07  33.40   42    4.3
  58107 115.25  33.07   40    3.2
  58108 115.33  33.23   46    6.3
  58109 115.62  33.18   37    2.4
  58112 116.45  30.73  933   0.01
  58114 116.18  33.48   29    1.4
  58117 116.20  33.13   33    1.4
  58125 117.55  33.55   28   0.01
  58126 117.87  33.47   24   0.01
  58127 117.20  32.98   23    0.1
  58128 117.30  33.32   23    0.1
  58129 117.87  33.13   20   0.01
  58139 118.88  33.30   13   0.01
  58202 115.58  32.63   37    1.5
  58205 115.43  32.47   36    0.5
  58210 116.23  32.65   25    0.2
  58212 116.73  32.72   27    0.4
  58214 116.28  32.33   37   0.01
  58220 117.15  32.47   32    0.1
  58222 117.55  32.85   31    0.4
  58223 117.98  32.78   38    0.2
  58230 118.27  32.08   34   0.01
  58234 118.42  32.47   43   0.01
  58235 118.85  32.37   16   0.01
  58237 118.62  32.05   22   0.01
  58240 119.02  32.68   25   0.01
  58242 119.18  32.28   14    0.1
  58244 119.58  32.45   10   0.01
  58245 119.42  32.42   14   0.01
  58246 119.90  32.52   11    0.1
  58247 119.82  32.25    5    0.4
  58249 120.00  32.17    8    0.1
  58250 120.15  32.52   10    0.2
  58254 120.45  32.52    5    0.4
  58257 120.25  31.98   12    0.2
  58264 121.18  32.33   11    2.2
  58268 121.08  32.10    8    0.1
  58316 116.95  31.47   26   0.01
  58317 116.37  30.87  434   0.01
  58327 117.28  31.25   24   0.01
  58329 117.87  31.33   24    0.1
  58330 118.08  31.75   20    0.1
  58331 118.37  31.73   26    0.1
  58340 119.03  31.65   23    0.1
  58341 119.58  31.98   10   0.01
  58342 119.55  31.72    7    0.1
  58344 119.20  31.97   35    0.2
  58349 120.63  31.27    9   0.01
  58351 120.30  31.90   12   0.01
  58352 120.77  31.65    8   0.01
  58353 120.57  31.87    6   0.01
  58360 121.20  31.92    6   0.01
  58361 121.37  31.10   10   0.01
  58366 121.40  31.63    9   0.01
  58367 121.43  31.20   18   0.01
  58369 121.78  31.05    9    0.1
  58370 121.55  31.22   11    0.1
  58377 121.10  31.47    6   0.01
  58404 115.22  30.47   57   0.01
  58408 115.43  30.23   35   0.01
  58416 116.82  30.75   38   0.01
  58417 116.13  30.17   50   0.01
  58421 117.87  30.63   32    0.2
  58423 117.78  30.48  643    0.6
  58426 118.13  30.30  192    0.1
  58427 117.48  30.67   36   0.01
  58428 117.48  30.22  115   0.01
  58432 118.40  30.68   39    0.2
  58433 118.75  30.93   30   0.01
  58435 118.53  30.30  221   0.01
  58438 118.58  30.08  197   0.01
  58441 119.42  30.87   53    0.1
  58443 119.90  31.02   19    0.2
  58446 119.68  30.63   25    0.5
  58449 119.95  30.05   47    6.1
  58451 120.93  30.83    3    0.4
  58452 120.77  30.73    4   0.01
  58453 120.50  30.07   10    5.4
  58454 119.97  30.53    5    0.9
  58455 120.65  30.52    8    1.0
  58456 120.52  30.63    6    0.1
  58458 120.90  30.53    3    2.3
  58459 120.28  30.18   42    3.9
  58460 121.35  30.73    6    1.0
  58461 121.12  31.13    8   0.01
  58462 121.23  31.03    9   0.01
  58463 121.50  30.88    9    0.5
  58468 121.17  30.05   10    4.0
  58484 122.20  30.25    9    0.1
  58510 116.23  29.73   40   0.01
  58517 116.20  29.27   43   0.01
  58529 117.85  29.27   82    0.4
  58530 118.43  29.87  170    0.5
  58534 118.18  29.78  173    1.2
  58537 118.40  29.13  153    1.0
  58542 119.68  29.82   45    5.8
  58544 119.27  29.48   87    2.3
  58546 119.88  29.47  114    1.8
  58547 119.18  29.03   65    1.0
  58548 119.47  29.22   46    0.4
  58550 120.25  29.70   39    1.7
  58555 120.88  29.52  112    1.3
  58558 120.22  29.27   89    0.6
  58559 120.98  29.17   59    0.4
  58561 121.60  29.98    3    3.7
  58563 121.83  29.88    4    0.1
  58565 121.43  29.68    6    3.9
  58566 121.88  29.47   14   0.01
  58567 121.43  29.32   39    0.6
  58568 121.38  29.12   35   0.01
  58570 122.30  29.95   83   0.01
  58601 115.38  28.70   54   0.01
  58612 116.68  28.70   22    0.1
  58615 117.08  28.68   56    2.7
  58618 116.60  28.23   51   0.01
  58620 117.13  28.97   37    0.1
  58627 117.03  28.25   64    0.3
  58631 118.50  28.90  134    0.3
  58632 118.60  28.72  124    0.6
  58635 118.20  28.43   96    0.1
  58642 119.80  28.88  102    0.1
  58643 120.03  28.90   99   0.01
  58654 120.08  28.67  184    0.2
  58658 120.68  28.15   36   0.01
  58660 121.13  28.85    8   0.01
  58736 118.82  27.37  220   0.01
  58746 119.70  27.55  514   25.7
  58747 119.35  27.15  900   23.0
  58750 120.08  27.78  106   0.01
  58819 116.80  26.17  329   0.01
  58826 117.80  26.40  120   0.01
  58836 118.73  26.58  359   0.01
  58912 116.75  25.72  379    0.1
  58923 117.83  25.70  397   0.01
  58928 117.53  25.02  160   24.5
  59004 105.10  24.50  729   0.01
  59027 107.25  24.13  244    0.1
  59031 108.25  24.83  205   0.01
  59045 109.75  24.48   95   0.01
  59051 110.50  24.77  133    0.1
  59052 110.82  24.83  167   0.01
  59053 110.67  24.62  108    1.7
  59057 110.18  24.13  827   0.01
  59061 111.27  24.82  198    0.3
  59063 111.45  25.18  262   0.01
  59064 111.32  24.55  141   0.01
  59090 114.07  24.95  103   0.01
  59106 115.90  24.58  152    4.6
  59109 115.73  24.15  126    0.1
  59114 116.17  24.65  131    2.0
  59205 105.63  23.65  688    0.1
  59215 106.62  23.33  640   0.01
  59224 107.12  23.60  116    0.1
  59227 107.15  23.08  438    0.1
  59229 107.70  23.18  101    0.4
  59230 108.17  23.72  173    0.2
  59235 108.62  23.43  116   0.01
  59238 108.80  23.22  123    1.7
  59241 109.68  23.97   91   0.01
  59246 109.67  23.60   70    0.7
  59264 111.50  23.40   79   0.01
  59268 111.53  23.25   31   0.01
  59269 111.77  23.15   27    1.0
  59284 113.22  23.38    6    0.1
  59288 113.13  23.05    3    0.3
  59310 116.18  23.77   39    1.3
  59419 106.75  22.10  243    0.7
  59426 107.90  22.63   92    1.4
  59427 107.07  22.12  162    0.3
  59429 107.97  22.15  183    0.1
  59432 108.40  22.80  203    0.5
  59435 108.48  22.77   75    0.2
  59441 109.25  22.70   78    0.1
  59448 109.55  22.27   70   34.5
  59449 109.98  22.30   80   15.1
  59451 110.35  22.70   99    5.4
  59452 110.53  22.85  100   16.8
  59454 111.00  22.92  104   18.0
  59457 110.27  22.32  120    6.7
  59469 111.78  22.17   33    4.3
  59470 112.22  22.72   33   0.01
  59477 112.30  22.18   25   13.0
  59640 109.18  21.67    6   13.3
  59650 110.25  21.38   25   0.01
  59653 110.85  21.93   35   0.01
  59654 110.30  21.63   28   11.2
  59655 110.62  21.65   35    4.4
  59656 110.77  21.43   29   0.01
  59659 110.92  21.75   32    1.2
  59750 110.10  20.92   25   14.9
  59757 110.37  20.00   10   46.5
  59842 109.68  19.90   31    5.8
  59843 110.00  19.73   36   25.6
  59847 109.05  19.27  101    9.2
  59848 109.43  19.23  219   20.0
  59851 110.33  19.70   25    0.3
  59854 110.10  19.37  119   12.8
  59856 110.75  19.62   26   20.4
  59940 109.17  18.75  156    9.3
  59941 109.52  18.77  328   16.9
  59945 109.70  18.65   65   23.1
  59951 110.33  18.80   38   20.2
