diamond  3 2013年09月04日08点24小时降雨量                    
  13  09  04  08    -2 3 10 25 50 1 0
 39 122.7  37.3 122.5  36.7 120.8  36.2 119.3  35.0 120.4  34.3
 121.1  32.7 122.3  30.9 122.5  30.1 121.5  28.0 119.8  25.0
 116.1  22.6 111.0  21.0 111.0  18.6 109.6  18.1 108.3  18.5
 108.9  19.9 109.3  21.0 106.4  21.6 104.1  22.2 101.6  20.8
  98.7  22.0  97.1  24.1  97.7  27.0  91.7  26.6  85.7  27.7
  78.9  30.6  73.3  37.1  74.1  40.7  87.6  49.8  98.5  43.9
 110.4  44.3 122.0  54.7 135.7  48.3 131.5  42.2 125.2  39.4
 121.3  38.5 121.2  40.3 118.5  38.6 120.8  38.1
1                    822
  45045 114.30  22.18   55   36.5
  50431 121.52  50.78  718    0.1
  50526 120.70  49.28  670    0.2
  50772 129.23  48.10  299    4.7
  50775 130.27  47.33  229    5.6
  50776 130.83  47.57   84    3.4
  50787 131.85  47.28   63    1.1
  50833 122.90  46.72  189    0.3
  50867 127.35  46.08  134   0.01
  50871 129.88  46.73   96    0.4
  50880 131.12  46.73  104    2.2
  50884 131.15  46.63  176    0.3
  50892 134.00  46.80   57   0.01
  50965 128.30  45.45  157    0.1
  50979 130.23  45.27  279    1.1
  50985 131.87  45.55  155    0.3
  51636  82.62  41.53 1014    0.1
  51707  76.73  39.50 1209    0.4
  52607 106.65  39.43 1253   0.01
  52656 100.82  38.43 2282    2.2
  52745  99.02  37.30 3417   15.5
  52784 102.90  37.47 2073    1.2
  52842  99.08  36.78 3088   11.8
  52853 100.98  36.90 3011   11.9
  52855 101.25  36.68 2676   13.5
  52862 101.68  36.95 2451    7.5
  52863 101.95  36.82 2480    3.2
  52869 101.58  36.50 2665   13.9
  52874 102.40  36.48 1981    4.4
  52875 102.10  36.50 2129    3.1
  52877 102.25  36.10 2835    8.4
  52881 103.18  36.98 2485    1.9
  52885 103.25  36.75 2119    2.4
  52896 104.15  36.55 1739    3.9
  52957 100.60  35.25 3149   13.3
  52963 102.02  35.93 2086    9.9
  52968 101.47  35.03 3663   12.3
  52972 102.47  35.85 1870    8.1
  52978 102.52  35.20 2930   17.2
  52980 103.30  35.97 1649   10.7
  52981 103.38  35.67 2429   15.2
  52982 103.55  35.48 1954   14.2
  52985 103.33  35.42 2164   19.0
  52988 103.72  35.37 2000   17.7
  52993 104.07  35.68 1740   12.2
  52995 104.62  35.58 1898   12.1
  52998 104.20  35.13 2111   13.0
  53272 112.63  42.75 1106    2.5
  53324 107.05  41.07 1039    0.5
  53337 108.27  41.10 1025   14.1
  53343 109.97  41.77 1612    8.9
  53348 109.13  41.02 1080    1.0
  53357 110.05  42.03 1361    2.0
  53367 111.23  41.32 1604    0.7
  53368 111.47  41.08 1640    0.5
  53378 112.62  41.28 1737    2.2
  53384 113.18  41.45 1424    1.1
  53397 113.98  41.10 1377    1.6
  53419 107.00  40.33 1060    7.5
  53420 107.12  40.85 1024   0.01
  53433 108.65  40.73 1022   23.5
  53457 110.03  40.40 1012   0.01
  53464 111.17  40.72 1047    6.9
  53466 111.70  40.75 1046    2.9
  53469 111.82  40.40 1164    0.5
  53472 112.57  40.87 1453    0.3
  53475 112.47  40.52 1272    9.7
  53481 113.22  40.80 1317    1.0
  53483 113.83  40.87 1269   18.1
  53484 113.15  40.45 1192   10.8
  53486 113.77  40.37 1050    2.8
  53488 113.58  40.03 1035   10.2
  53491 114.38  40.67  837    4.3
  53492 114.15  40.10  939    5.0
  53498 115.03  40.57  630    6.0
  53499 114.73  40.77  755    2.4
  53512 106.80  39.80 1105    1.0
  53518 106.35  39.03 1118   0.01
  53522 107.83  40.05 1180    6.7
  53533 108.73  39.85 1390    8.2
  53545 109.73  39.57 1330   21.6
  53547 109.03  39.10 1312   13.2
  53553 111.22  39.87 1222    0.2
  53562 111.67  39.92 1192   0.01
  53565 111.50  39.43 1050    0.7
  53567 111.08  39.03  980    2.0
  53573 112.70  40.00 1337    3.9
  53574 112.27  39.52 1408    5.8
  53575 112.20  39.10 1526    2.8
  53576 112.82  39.50 1046    2.9
  53577 112.30  39.00 1441    0.3
  53579 112.90  39.02  861   0.01
  53580 113.10  39.82 1045    1.8
  53582 113.68  39.72 1094    3.0
  53584 113.17  39.57 1001    0.9
  53590 114.27  39.75  979    2.0
  53599 114.68  39.37  885    9.5
  53610 106.35  38.57 1106   0.01
  53611 106.55  38.88 1099   0.01
  53617 106.08  38.03 1119    1.3
  53618 106.25  38.28 1115    2.4
  53619 106.30  38.12 1117    6.5
  53644 108.83  38.60 1309   13.3
  53658 110.48  38.03  895    1.5
  53659 111.00  37.97 1164   0.01
  53660 111.08  39.02  893    1.3
  53662 111.58  38.72 1393    9.6
  53665 111.65  38.28 1183    0.7
  53666 111.93  38.35 1213    2.7
  53669 111.80  38.08 1151    5.0
  53674 112.70  38.42  799   0.01
  53676 112.98  38.50  760   19.8
  53677 112.48  37.93  808    1.8
  53685 113.42  38.07  953   38.1
  53693 114.13  38.03  256   0.01
  53707 105.25  36.93 1699    1.3
  53727 107.12  37.17 1713    2.0
  53730 107.48  38.18 1335   11.3
  53732 108.72  37.85 1211    2.5
  53748 109.70  37.18 1064    4.2
  53756 110.72  37.52  744    0.6
  53757 110.12  37.12  938    0.9
  53759 110.83  36.98 1106    0.7
  53763 112.17  37.92 1008   11.6
  53767 111.17  37.33 1212   0.01
  53769 111.78  37.25  749   0.01
  53770 112.35  37.35  769    0.1
  53774 112.33  37.62  774    0.1
  53777 112.15  37.53  760    0.3
  53778 112.22  37.17  780    5.3
  53780 113.15  37.90 1066    5.5
  53782 113.55  37.85  743   17.5
  53783 113.70  37.60  880   11.1
  53786 113.37  37.08 1134   11.7
  53788 113.57  37.33 1267    1.2
  53795 114.37  37.65  137    3.2
  53829 107.90  35.98 1094    3.9
  53832 108.77  36.77 1220   0.01
  53848 109.35  36.27 1005    0.1
  53856 110.75  36.47  756   0.01
  53860 111.17  36.98 1407    0.4
  53862 111.77  36.83  809    0.7
  53864 111.10  36.40 1030    0.1
  53865 111.55  36.65 1012    0.7
  53866 111.67  36.23  464    2.5
  53869 111.70  36.58  550   0.01
  53871 112.85  36.83  965    0.6
  53872 112.68  36.77  962   0.01
  53874 111.90  36.25  650   0.01
  53875 112.35  36.52 1001   0.01
  53878 113.38  36.52  769    0.1
  53880 113.23  36.33  948    0.1
  53881 106.48  37.28 1382    1.5
  53885 113.20  36.13 1031   0.01
  53888 113.43  36.20 1088   15.2
  53906 105.72  35.52 1659   13.5
  53908 105.23  35.22 1769   10.2
  53914 106.12  35.62 2079   22.6
  53916 106.32  35.50 1949   12.2
  53917 106.07  35.22 1633    8.6
  53924 107.62  35.07  967    3.3
  53925 107.18  35.68 1174    2.4
  53926 107.35  35.35 1630    3.1
  53927 106.62  35.20 1478    9.3
  53928 107.02  35.30 1150    3.7
  53930 107.98  36.45 1270    0.3
  53934 108.02  35.82 1299    2.5
  53935 108.35  35.48 1443    0.7
  53937 107.92  35.52  980    1.5
  53938 108.30  35.17 1277    0.4
  53944 109.25  35.57  857   0.01
  53981 113.27  35.78 1311   0.01
  54092 129.40  44.60  294    0.1
  54098 129.47  44.33  272    0.1
  54187 128.92  43.12  369    1.3
  54192 130.27  43.70  386   21.2
  54204 115.00  42.30 1347    0.8
  54290 129.40  42.77  245    2.7
  54291 130.28  42.90   37   10.0
  54293 129.83  42.95  141   19.6
  54301 115.67  41.67 1414    0.8
  54304 115.28  40.97 1249    2.2
  54305 115.27  41.88 1468    0.5
  54362 125.73  41.67  388   0.01
  54398 116.62  40.13   29    4.1
  54399 116.28  39.98   46    0.9
  54404 115.83  40.88  868    2.4
  54408 115.22  40.38  531    0.6
  54410 116.13  40.60 1216    2.4
  54412 116.63  40.73  334    0.7
  54419 116.63  40.37   75    3.4
  54421 117.12  40.65  286   0.01
  54424 117.12  40.17   33    0.7
  54428 117.40  40.03   19   0.01
  54431 116.63  39.92   40    5.9
  54433 116.50  39.95   36    4.1
  54499 116.22  40.22   75   29.9
  54501 115.68  39.97  441    5.5
  54502 116.03  39.48   30   16.5
  54505 116.12  39.92   94   17.3
  54506 115.88  39.32   29   13.8
  54507 115.50  39.35   52    5.7
  54510 116.98  39.90   18    2.5
  54512 116.28  39.42   22   23.8
  54513 116.20  39.95   67   60.7
  54514 116.25  39.87   56   26.4
  54515 116.70  39.50   14   18.4
  54517 117.20  39.07    5   12.8
  54519 116.48  39.30   13    6.5
  54520 117.08  39.97   19    1.8
  54521 116.98  39.77   14    2.7
  54526 117.33  39.08   10    0.6
  54594 116.35  39.72   38   28.0
  54596 116.13  39.68   40   22.4
  54597 115.73  39.73  409   15.2
  54622 117.37  38.98    3    0.3
  56016  95.62  33.85 4181    0.6
  56045  99.90  33.97 4051    2.5
  56071 102.50  34.58 3107   15.8
  56081 103.35  34.70 2811   12.3
  56082 103.50  34.58 2544   10.5
  56084 103.23  34.07 2376    9.3
  56091 104.47  34.85 1884    8.4
  56092 104.65  35.00 1729    8.8
  56094 104.37  33.78 1400    8.3
  56095 104.38  34.03 1754    8.5
  56097 104.23  33.27 1407    9.0
  56147  98.83  31.22 3261   16.7
  56158 100.67  31.40 3250   16.5
  56164 100.98  32.27 3286    4.6
  56168 102.07  31.48 2170    4.4
  56171 101.70  32.90 3276   10.0
  56180 103.85  31.68 1591    6.5
  56181 103.70  30.68  543   10.3
  56183 103.58  31.47 1326    6.5
  56184 103.17  31.43 1884    1.9
  56185 102.98  32.08 2400    5.8
  56186 104.20  31.33  589    5.9
  56189 103.93  30.98  584    3.3
  56190 104.55  31.55  518    5.7
  56192 104.67  32.95 1016    4.7
  56193 104.52  32.42  894    5.6
  56194 104.45  31.82  679    9.0
  56195 104.73  31.78  531    7.6
  56197 104.18  31.13  537    3.5
  56198 104.50  31.32  523    3.5
  56199 104.68  31.03  424    0.7
  56263 101.88  30.88 1948    0.5
  56267 101.02  30.03 2598   25.4
  56272 103.88  30.82  560    3.9
  56273 102.82  30.38 1011   15.1
  56276 103.82  30.45  468   10.0
  56278 102.77  30.07  756   30.7
  56279 102.93  30.15  683   30.1
  56280 103.12  30.08  692   24.7
  56281 103.50  30.18  512   19.3
  56284 103.48  30.42  502   13.2
  56285 103.52  30.60  525   11.6
  56286 104.25  30.55  514    0.1
  56288 103.92  30.58  495    3.7
  56289 103.87  30.20  439   15.4
  56290 104.18  30.78  515    1.6
  56291 104.28  30.97  474    1.3
  56295 104.55  30.38  443    2.1
  56296 104.43  30.85  449    1.9
  56297 104.15  30.02  431    9.5
  56298 104.60  30.13  415    3.8
  56371 102.23  29.92 1322   22.8
  56373 102.85  29.78  763   30.1
  56376 102.68  29.35 1098   10.1
  56378 102.35  29.23  891    6.2
  56380 103.37  29.92  466   25.1
  56381 103.52  30.02  497   17.9
  56382 103.60  29.73  408   27.3
  56383 103.87  29.83  454   23.5
  56384 103.48  29.60  446   26.5
  56387 103.27  29.23  639   13.4
  56389 103.95  29.20  386   13.3
  56390 104.07  29.67  403   18.9
  56391 103.82  30.08  416   16.6
  56393 104.85  29.77  370   15.6
  56394 104.43  29.45  382   23.5
  56395 104.67  29.52  349   15.7
  56396 104.77  29.35  352   19.7
  56399 104.98  29.18  307   18.6
  56441  99.28  28.72 2424   0.01
  56443  99.80  28.93 2842    0.6
  56473 102.77  28.95 1061    8.5
  56474 102.17  28.55 1775    5.1
  56478 102.43  28.30 1819    3.6
  56480 103.53  28.82  564    9.1
  56483 103.95  28.60  412   13.8
  56487 103.13  28.33 1945    4.2
  56489 103.63  28.23  876    4.3
  56490 103.90  28.95  396   14.0
  56491 104.57  28.70  288   22.6
  56493 104.97  28.85  297   17.4
  56494 104.15  28.65  460   11.0
  56496 105.23  28.32  330   13.5
  56497 104.23  28.10  433   17.3
  56498 104.50  28.17  442   20.3
  56499 104.78  28.38  368   19.6
  56567 100.85  27.30 2242    5.5
  56569 102.18  27.42 1381    6.6
  56575 102.55  27.37 1429    4.3
  56578 102.75  27.07 1093    3.2
  56580 102.80  27.72 2461    5.3
  56582 103.90  27.75 1177    8.0
  56584 103.25  27.70 1093    2.4
  56585 103.53  27.18 1916    4.2
  56592 104.52  28.43  360   15.8
  56593 104.92  28.58  281   17.7
  56594 104.05  27.63  884    3.5
  56595 104.87  27.42 1644    2.5
  56596 105.05  27.85 1176   10.5
  56598 104.73  27.13 1538    1.2
  56641  98.87  26.90 1191    2.0
  56645  99.42  26.42 2345    8.6
  56646  99.92  26.53 2193    0.4
  56649  99.97  26.10 2059   0.01
  56652 100.75  26.68 2131    3.0
  56654 100.18  26.58 2196    0.2
  56665 101.85  26.68 1140    3.3
  56669 101.67  26.05 1531    3.4
  56670 102.12  26.90 1105    5.9
  56673 102.92  26.92  894    4.2
  56674 101.73  26.50 1107    3.4
  56675 102.58  26.65 1695   13.7
  56688 103.17  26.10 1253    7.9
  56697 104.08  26.22 1987    1.9
  56742  99.37  25.90 1663    0.1
  56745  99.95  25.68 1627   0.01
  56746  99.52  25.47 1618    0.2
  56755 100.48  25.35 1670    0.1
  56756 100.58  25.48 1993   0.01
  56761 101.32  25.72 1873    0.9
  56764 101.23  25.53 1875    0.1
  56766 101.52  25.33 1769    1.0
  56767 101.28  25.18 1858    1.9
  56772 102.50  25.23 1694   23.3
  56774 102.42  25.53 1712   21.1
  56775 102.45  25.55 1752   16.7
  56777 102.07  25.15 1566   30.2
  56781 103.27  25.55 1874   12.8
  56782 103.55  25.42 2064   14.9
  56783 103.80  25.50 1906    6.0
  56785 103.03  25.33 1925   11.4
  56788 103.67  25.03 1842   10.0
  56790 104.25  25.68 1920    8.0
  56835  97.82  24.07  958    0.6
  56836  97.95  24.70  828    2.2
  56839  98.82  23.77  994   18.5
  56840  98.30  24.82 1013    7.7
  56841  98.68  24.60 1527    2.3
  56842  99.18  24.73 1473    1.9
  56843  99.62  24.83 1650    2.2
  56844  98.58  24.43  915    1.2
  56846  99.93  24.58 1569    3.4
  56849  99.23  24.03 1607    1.2
  56851 100.52  25.03 1378   0.01
  56854 100.13  24.45 1108    0.9
  56862 101.60  24.68 1966    0.2
  56863 102.48  24.93 1850   22.2
  56867 101.12  23.98 1107   11.9
  56869 101.97  24.07 1498    0.6
  56870 102.17  24.67 1576    2.9
  56871 102.60  24.65 1894   22.5
  56872 102.62  24.95 2360   49.1
  56873 102.90  24.67 1752   17.1
  56876 102.77  24.28 1732   15.0
  56878 102.75  24.13 1802   44.6
  56879 102.92  24.20 1610   49.2
  56880 103.17  24.92 1532   20.8
  56881 103.27  24.75 1694   18.7
  56882 102.80  24.88 1909   26.4
  56883 103.98  24.83 1846   19.7
  56885 103.45  24.40 1416   33.9
  56889 104.17  24.05 1518   11.2
  56891 104.32  24.98 1482   12.5
  56898 102.40  24.18 1542    4.2
  56944  99.27  23.15 1280    6.1
  56948  99.60  22.63 1156   31.5
  56949  99.60  22.32  946    3.4
  56950  99.80  23.47 1044    2.4
  56952 100.70  23.50  914    1.3
  56958 100.42  21.92 1177    0.2
  56961 101.05  23.03 1321   0.01
  56962 101.67  23.42 1315    1.0
  56970 102.48  23.70 1419    3.8
  56973 102.83  23.62 1310    0.7
  56975 102.43  23.37  975    0.1
  56976 102.83  23.23  229    0.3
  56978 102.42  23.00 1640    6.0
  56982 103.25  23.70 1055   51.2
  56984 103.15  23.38 1717   12.8
  56987 103.23  22.78 1261   52.8
  56989 103.95  22.50  138   29.0
  56992 104.70  23.45 1508   12.4
  56994 104.25  23.38 1277   86.3
  56995 104.42  23.03 1335   19.9
  56996 104.70  23.13 1094   25.6
  57001 105.33  34.75 1273   17.0
  57002 105.65  34.85 1217    8.5
  57004 104.88  34.73 1496   10.9
  57006 105.75  34.58 1142   17.3
  57007 105.18  34.18 1406   11.1
  57008 105.30  34.03 1578   14.6
  57011 106.15  34.75 1379    8.0
  57012 106.20  34.98 1665    6.7
  57016 107.13  34.35  613   10.2
  57020 107.40  34.37  563    6.4
  57021 107.13  34.65  751    5.7
  57022 107.78  34.68 1026    1.9
  57023 108.10  35.03  841    0.4
  57024 107.65  34.45  671    1.7
  57026 107.88  34.37  586    1.5
  57027 107.73  34.27  518    2.6
  57029 108.48  34.50  544    0.1
  57032 108.20  34.13  436    1.1
  57035 108.23  34.55  636    0.3
  57036 108.93  34.30  398    0.6
  57038 108.45  34.28  411    0.7
  57039 108.88  34.08  445    1.5
  57044 109.23  34.40  424    0.1
  57057 110.15  34.10  961   0.01
  57102 105.72  33.75  971    3.8
  57105 105.60  33.33 1219    0.3
  57110 106.08  33.78  930    3.3
  57111 106.30  33.92  967    7.8
  57113 106.53  33.90  990    2.6
  57119 106.70  33.17  551    0.2
  57123 108.07  34.28  510    1.6
  57126 107.55  33.22  470    0.2
  57128 107.33  33.17  487    0.3
  57129 107.72  32.98  447    0.3
  57132 108.62  34.12  415    0.7
  57137 108.32  33.32  801    0.1
  57140 109.12  33.67  818    2.6
  57155 109.87  33.55  661    0.2
  57204 105.23  32.58  801    2.0
  57208 105.47  32.02  538    0.9
  57213 106.93  33.00  537   0.01
  57216 106.83  32.35  577    1.1
  57217 106.28  32.23  493    0.7
  57231 108.53  32.53  504   0.01
  57248 109.33  32.40  429   0.01
  57249 109.68  32.32  453   0.01
  57257 110.23  32.23  309   0.01
  57268 111.63  32.27   87    0.2
  57271 112.38  32.55   89    0.1
  57273 112.85  32.68  110    0.5
  57274 112.12  32.70  108    0.4
  57281 113.30  32.70  142    0.1
  57292 114.63  32.97   44   0.01
  57296 114.73  32.35   50   0.01
  57298 114.55  32.22   56    0.2
  57303 105.92  31.73  460    2.9
  57304 105.17  31.67  517    4.2
  57307 105.08  31.10  408    1.1
  57308 105.38  31.22  421    0.6
  57309 105.88  30.98  375    0.1
  57314 106.07  31.35  385    1.7
  57315 106.40  31.53  658    0.7
  57317 106.42  31.03  323   0.01
  57318 106.55  31.07  339   0.01
  57320 107.22  31.93  483    0.1
  57326 107.72  31.37  390   0.01
  57329 107.85  31.10  462   0.01
  57333 108.67  31.95  800    0.2
  57338 108.42  31.18  213   0.01
  57339 108.68  30.95  296    0.2
  57345 109.62  31.40  339    0.5
  57349 109.87  31.07  270    5.4
  57361 111.27  31.88  331    2.9
  57362 110.67  31.75  939    4.3
  57363 111.83  31.80  146    2.4
  57368 111.63  31.05  138   10.5
  57370 112.22  31.73   68    4.5
  57377 112.22  31.00  184    8.0
  57385 113.82  31.63   94    0.6
  57386 114.00  31.25   37    1.5
  57387 113.13  31.00   80    2.2
  57388 113.70  31.27   55    1.0
  57389 113.75  31.03   33    2.1
  57390 114.07  31.80  731    0.6
  57396 114.85  31.63  130   0.01
  57398 114.62  31.28   76    1.2
  57401 105.37  30.87  380    0.1
  57402 105.70  30.77  395    5.8
  57407 105.03  30.28  464    3.9
  57408 105.35  30.12  333    7.7
  57409 105.80  30.18  295    5.9
  57414 106.45  30.55  396    0.5
  57415 106.63  30.47  336    0.4
  57416 106.93  30.33 3915    0.9
  57417 106.28  30.35  315    4.7
  57425 107.33  30.33  430   0.01
  57437 108.03  30.30  326    0.1
  57438 108.12  29.98  630    0.1
  57453 111.32  30.77  116    9.0
  57460 111.78  30.82   91   11.5
  57462 111.08  30.87  104   15.7
  57464 111.18  30.47  144   17.3
  57465 111.45  30.38   76   10.5
  57466 111.77  30.43   50    8.0
  57469 111.77  30.18   68    2.2
  57475 112.90  30.40   33    6.6
  57477 112.22  30.07   39    1.7
  57481 113.58  30.95   31    1.6
  57485 113.45  30.37   33    2.0
  57486 113.85  30.65   25    1.5
  57489 114.00  30.58   39    1.3
  57491 114.40  30.87   31    1.4
  57492 114.80  30.83   33    1.2
  57495 114.88  30.67   19    0.3
  57496 114.87  30.37   30   0.01
  57498 114.90  30.43   22    0.1
  57505 105.58  29.42  324   13.2
  57506 105.90  29.37  376   11.1
  57507 105.30  29.33  374   17.0
  57508 105.37  29.15  302   15.2
  57509 106.93  28.95  325   11.4
  57510 106.05  29.85  275    7.6
  57511 106.45  29.85  242    3.2
  57513 106.62  29.73  457    4.4
  57514 106.22  29.58  325    6.2
  57518 106.53  29.38  243   10.9
  57519 107.08  29.15  559    8.8
  57522 107.42  29.75  273    1.1
  57525 107.75  29.32  273    5.6
  57537 108.17  29.30  321    6.6
  57540 109.15  29.68  776   11.0
  57541 109.48  30.00  533    9.1
  57543 110.03  29.88  540   14.7
  57544 109.45  29.47  486    8.0
  57558 110.47  29.13  184   45.2
  57564 111.13  29.43  103   40.1
  57565 111.75  29.65   39    4.6
  57566 111.65  29.45   50   10.8
  57571 112.40  29.70   37    3.8
  57575 112.57  29.52   32    2.4
  57577 112.17  29.40   37    3.4
  57582 113.88  29.73   51    1.7
  57585 113.45  29.48   60    2.6
  57586 114.03  29.53   79    0.1
  57589 113.80  29.25  103    0.4
  57590 114.37  29.85   64    0.1
  57596 114.20  29.63    0   0.01
  57600 105.07  28.72  256   22.8
  57603 105.83  28.82  283   20.2
  57605 105.82  28.03  539    9.9
  57609 105.70  28.58  316   26.3
  57623 107.60  28.88  684    7.5
  57634 107.88  28.52  658    7.1
  57635 108.98  28.45  363   24.9
  57636 108.50  28.57  335    5.8
  57637 108.12  28.25  524   10.1
  57640 109.45  28.58  344   30.5
  57643 109.83  29.00  268   29.3
  57646 109.95  28.62  301   43.0
  57657 110.20  28.22  182   34.1
  57658 110.20  28.02  144   35.3
  57661 111.48  28.92   51   37.6
  57663 111.95  28.92   31   19.2
  57666 112.13  28.52   49   14.6
  57674 112.47  28.57   44   15.7
  57678 112.55  28.25   71    9.4
  57680 113.07  28.80   47    2.6
  57688 113.63  28.15  100    1.0
  57694 114.38  28.53  256    0.1
  57698 114.45  28.12   99    0.4
  57708 105.60  27.15 1704    2.7
  57713 106.88  27.70  844    4.9
  57714 106.23  27.47  942   12.5
  57717 106.83  27.53  974    5.7
  57719 106.97  27.07 1280    9.8
  57720 107.17  27.88  888    9.6
  57723 107.72  27.98  710   12.2
  57728 107.47  27.07 1095   13.0
  57732 108.40  28.02  458   15.3
  57734 108.23  27.57  468   22.1
  57735 108.82  27.18  396   32.3
  57736 108.85  27.70  376   26.8
  57737 108.12  27.03  546   29.8
  57738 108.42  27.05  517   21.7
  57739 108.88  27.23  375   33.4
  57740 109.60  27.95  349   34.5
  57742 109.20  27.52  883   35.2
  57743 109.80  27.88  176   40.3
  57744 109.17  27.37  356   36.2
  57754 110.15  27.35  170   39.7
  57760 111.43  27.70  247   26.9
  57762 111.70  27.68  163   27.7
  57763 112.00  27.73  151   16.8
  57767 111.03  27.12  266   26.0
  57768 111.45  27.32  242   26.8
  57769 111.73  27.23  257   15.5
  57771 112.52  27.93   89   10.1
  57772 112.50  27.75   84    7.7
  57773 112.82  27.87   63    6.1
  57777 112.87  27.23   65    4.0
  57778 112.95  27.10   68    3.1
  57781 113.50  27.65   71   0.01
  57786 113.85  27.65  110   0.01
  57792 114.68  27.82   93   0.01
  57796 114.93  27.80   79   0.01
  57798 114.60  27.40   89    0.1
  57800 105.37  26.77 1458    2.9
  57807 105.47  26.20 1359    0.8
  57808 105.75  26.32 1272    0.9
  57809 105.75  26.07 1251    1.5
  57811 106.60  26.85 1242    5.3
  57813 106.47  26.57 1265    4.2
  57814 106.27  26.42 1285    4.6
  57818 106.45  26.03 1145   12.5
  57821 107.50  26.70  924   32.8
  57822 107.90  26.90  833   30.6
  57824 107.23  26.58 1005   23.9
  57828 107.58  26.50  983   32.3
  57829 107.80  26.20  964   16.7
  57834 108.30  26.68  642   24.5
  57835 108.43  26.72  521   21.0
  57837 108.07  26.40  838   19.7
  57842 109.72  26.88  281   26.5
  57844 109.18  26.68  344   20.7
  57846 110.15  26.58  307   15.3
  57851 110.85  26.45  307    2.5
  57859 110.63  26.03  409    0.2
  57860 111.28  27.00  282   22.6
  57865 111.58  26.47  166   28.2
  57867 111.28  26.40  169   11.4
  57868 111.87  26.60  113    8.2
  57870 112.10  26.80  151   11.3
  57871 112.37  26.98   91    8.8
  57875 112.50  26.88   71    8.4
  57876 112.83  26.43  118   13.5
  57881 113.25  26.72  105    4.2
  57882 113.55  26.78  135    1.2
  57883 114.28  26.75  257    0.5
  57886 113.78  26.50  226    1.1
  57887 113.12  26.13  124    5.6
  57891 114.25  26.93  144    0.2
  57895 114.78  26.47   96   0.01
  57899 114.92  26.80   66   0.01
  57900 105.22  25.83 1553    2.0
  57903 105.60  25.93 1138    1.3
  57905 105.63  25.40 1063   19.0
  57908 105.48  25.12 1393    8.2
  57909 105.82  24.98  584    8.8
  57911 106.65  26.67 1325    6.3
  57913 106.98  26.45 1095   15.8
  57914 106.67  26.42 1143    9.2
  57915 106.77  26.63 1102   11.6
  57921 107.32  25.83  710   19.7
  57923 107.87  25.98  418   13.7
  57927 107.18  24.97  283   37.3
  57936 108.92  25.75  255    2.9
  57941 109.60  25.78  198    1.5
  57942 110.00  25.80  267    6.4
  57948 109.25  25.08  123    0.4
  57954 110.18  25.23  158    1.9
  57955 110.67  25.62  224    2.2
  57956 110.32  25.42  169    0.9
  57958 110.32  25.08  152    0.6
  57960 111.07  25.93  192    1.5
  57962 111.65  25.97  166   12.0
  57964 111.15  25.50  258    3.7
  57966 111.95  25.60  205    1.0
  57969 111.33  25.27  230    2.8
  57971 112.20  25.92  225   23.7
  57973 112.72  25.75  328    0.2
  57975 112.20  25.38  278    6.3
  57976 112.95  25.42  226    1.0
  57978 112.55  25.28  291    1.2
  57981 113.22  25.98  141    0.5
  57988 113.35  25.15  103    1.0
  57989 113.73  25.10   96    0.4
  57990 114.30  25.70  252   0.01
  57991 114.55  25.80  148    0.2
  57992 114.75  25.67  129    0.2
  57994 114.35  25.40  208   0.01
  57995 114.93  25.40  166    0.1
  58012 116.58  34.68   40   0.01
  58126 117.87  33.47   24   0.01
  58242 119.18  32.28   14   0.01
  58243 119.83  32.93    7   0.01
  58244 119.58  32.45   10    0.1
  58246 119.90  32.52   11   0.01
  58250 120.15  32.52   10   0.01
  58341 119.58  31.98   10    0.7
  58404 115.22  30.47   57   0.01
  58408 115.43  30.23   35   0.01
  58559 120.98  29.17   59   0.01
  58561 121.60  29.98    3   0.01
  58601 115.38  28.70   54   0.01
  58707 115.13  27.22   66   0.01
  58804 115.35  26.35  153   0.01
  58814 116.35  26.35  237   0.01
  58819 116.80  26.17  329   0.01
  58903 116.03  25.90  208   0.01
  58905 115.42  25.97  136    2.0
  58906 115.80  25.60  167    3.6
  58907 115.40  25.15  300    0.3
  58917 116.10  25.08  307    0.4
  58928 117.53  25.02  160   21.2
  58929 118.15  25.07   66    8.6
  59001 105.33  24.78  674   13.2
  59004 105.10  24.50  729   10.9
  59012 106.55  24.78  973   18.4
  59015 106.57  24.35  442   25.0
  59017 106.27  24.27  279   29.1
  59022 107.55  24.98  695   27.9
  59025 107.38  24.53  249   42.9
  59027 107.25  24.13  244    1.8
  59031 108.25  24.83  205    0.1
  59033 108.90  24.78  330    0.5
  59034 108.67  24.48  149    0.1
  59038 108.65  24.07  142   15.9
  59041 109.25  24.65  109   0.01
  59044 109.38  24.47   99   0.01
  59047 109.33  24.25  101    0.8
  59051 110.50  24.77  133    0.5
  59052 110.82  24.83  167    0.2
  59053 110.67  24.62  108    2.3
  59055 110.40  24.50  166    0.3
  59057 110.18  24.13  827    3.1
  59059 110.80  24.18  107    1.1
  59061 111.27  24.82  198    8.2
  59063 111.45  25.18  262    2.1
  59064 111.32  24.55  141    5.7
  59071 112.28  24.73  175    3.8
  59074 112.15  24.57  300    1.0
  59075 112.63  24.48   70    1.7
  59081 113.27  24.78   98    2.3
  59090 114.07  24.95  103   0.01
  59091 114.53  24.75  257   0.01
  59093 115.03  24.78  254    2.1
  59094 114.12  24.37  135    3.2
  59099 114.93  24.45  175   10.4
  59106 115.90  24.58  152    3.5
  59109 115.73  24.15  126    4.2
  59114 116.17  24.65  131    5.2
  59124 117.37  24.52   31    0.1
  59125 117.30  24.38  105   36.6
  59130 118.15  24.73   28    0.1
  59205 105.63  23.65  688   16.1
  59213 106.92  23.73  113   27.8
  59215 106.62  23.33  640   29.9
  59224 107.12  23.60  116   17.7
  59227 107.15  23.08  438   10.9
  59229 107.70  23.18  101   11.7
  59230 108.17  23.72  173   36.8
  59235 108.62  23.43  116   31.8
  59237 108.28  23.17  115   41.4
  59238 108.80  23.22  123    5.0
  59241 109.68  23.97   91   19.1
  59246 109.67  23.60   70    1.2
  59249 109.62  23.12   56    0.7
  59255 110.38  23.55   37    3.5
  59256 110.92  23.37   56    8.8
  59264 111.50  23.40   79   30.8
  59266 111.23  23.42   46   57.0
  59268 111.53  23.25   31    3.1
  59269 111.77  23.15   27    9.3
  59270 112.18  23.92   78    1.9
  59276 112.65  23.35   40   72.0
  59279 112.87  23.18   18   88.9
  59284 113.22  23.38    6    8.3
  59285 113.60  23.57   39   23.6
  59288 113.13  23.05    3   51.3
  59290 114.23  23.73   71   38.2
  59297 114.28  23.18   16   16.3
  59310 116.18  23.77   39   65.5
  59312 116.63  23.67   11    0.3
  59313 116.98  23.68   42    0.9
  59314 116.13  23.30   27   20.5
  59315 116.38  23.58   25   10.7
  59318 116.58  23.27   10   25.1
  59319 116.77  23.47    9   0.01
  59320 117.13  23.77   27    2.9
  59322 117.37  23.98   20    0.1
  59419 106.75  22.10  243    5.0
  59421 107.20  22.83  257   77.7
  59425 107.35  22.40  107   46.2
  59426 107.90  22.63   92   78.1
  59427 107.07  22.12  162   0.01
  59429 107.97  22.15  183   17.8
  59432 108.40  22.80  203    1.9
  59435 108.48  22.77   75    2.1
  59441 109.25  22.70   78   27.1
  59448 109.55  22.27   70   43.3
  59449 109.98  22.30   80    7.7
  59451 110.35  22.70   99   17.0
  59452 110.53  22.85  100   19.0
  59454 111.00  22.92  104    1.0
  59457 110.27  22.32  120    7.9
  59469 111.78  22.17   33    4.2
  59470 112.22  22.72   33   62.9
  59471 112.05  22.93  102   22.3
  59473 112.97  22.77   20   25.1
  59475 112.65  22.40   24   16.1
  59476 113.03  22.53   35   11.9
  59477 112.30  22.18   25   27.0
  59480 113.25  22.85   21   25.7
  59481 113.32  22.93   16    6.1
  59487 113.30  22.23   12   73.3
  59492 114.70  22.92   43   47.0
  59500 115.32  22.97   10   49.3
  59502 115.65  22.95   11   19.0
  59635 108.35  21.62   26  132.9
  59640 109.18  21.67    6   61.2
  59650 110.25  21.38   25   10.2
  59653 110.85  21.93   35   11.5
  59654 110.30  21.63   28   10.3
  59655 110.62  21.65   35   28.5
  59656 110.77  21.43   29   18.6
  59659 110.92  21.75   32    4.2
  59750 110.10  20.92   25   17.0
  59757 110.37  20.00   10   0.01
  59842 109.68  19.90   31    0.1
  59856 110.75  19.62   26   0.01
  59945 109.70  18.65   65   0.01
