diamond  3 2013年09月21日08点24小时降雨量                    
  13  09  21  08    -2 3 10 25 50 1 0
 39 122.7  37.3 122.5  36.7 120.8  36.2 119.3  35.0 120.4  34.3
 121.1  32.7 122.3  30.9 122.5  30.1 121.5  28.0 119.8  25.0
 116.1  22.6 111.0  21.0 111.0  18.6 109.6  18.1 108.3  18.5
 108.9  19.9 109.3  21.0 106.4  21.6 104.1  22.2 101.6  20.8
  98.7  22.0  97.1  24.1  97.7  27.0  91.7  26.6  85.7  27.7
  78.9  30.6  73.3  37.1  74.1  40.7  87.6  49.8  98.5  43.9
 110.4  44.3 122.0  54.7 135.7  48.3 131.5  42.2 125.2  39.4
 121.3  38.5 121.2  40.3 118.5  38.6 120.8  38.1
1                    520
  50431 121.52  50.78  718    0.2
  50445 123.73  50.58  424    0.1
  50524 119.43  49.32  578   0.01
  50566 128.47  49.55  117    1.9
  50673 130.40  48.88   92    0.3
  50674 129.43  48.57  404    0.1
  50772 129.23  48.10  299    0.1
  50779 134.28  48.37   41    0.4
  50913 118.83  45.72  866    0.1
  50924 119.67  45.53  824    0.3
  50934 121.58  45.38  309    0.3
  51329  80.85  44.05  641   0.01
  51356  86.05  44.32  444   0.01
  51359  86.20  44.32  473   0.01
  51368  87.32  44.12  516   0.01
  51434  81.53  43.97  771    1.4
  51435  82.23  43.47  776    2.2
  51436  83.25  43.45  929    1.7
  51438  81.77  43.18 1210    0.1
  52643  99.62  38.83 2311    0.1
  52853 100.98  36.90 3011    2.7
  52855 101.25  36.68 2676    2.8
  52862 101.68  36.95 2451    2.3
  52863 101.95  36.82 2480    0.5
  52869 101.58  36.50 2665    2.2
  52874 102.40  36.48 1981    1.0
  52875 102.10  36.50 2129    2.1
  52877 102.25  36.10 2835    4.0
  52885 103.25  36.75 2119   0.01
  52896 104.15  36.55 1739    0.5
  52957 100.60  35.25 3149    2.8
  52963 102.02  35.93 2086    4.8
  52968 101.47  35.03 3663    0.1
  52972 102.47  35.85 1870    3.4
  52978 102.52  35.20 2930    2.9
  52980 103.30  35.97 1649    1.2
  52981 103.38  35.67 2429    5.1
  52982 103.55  35.48 1954    4.7
  52985 103.33  35.42 2164    7.1
  52988 103.72  35.37 2000    5.4
  52993 104.07  35.68 1740    7.5
  52995 104.62  35.58 1898    7.7
  52998 104.20  35.13 2111    1.1
  53384 113.18  41.45 1424    1.2
  53385 113.55  41.57 1387    0.5
  53397 113.98  41.10 1377    0.2
  53547 109.03  39.10 1312    1.0
  53565 111.50  39.43 1050    1.3
  53567 111.08  39.03  980    3.6
  53574 112.27  39.52 1408    2.0
  53575 112.20  39.10 1526   10.8
  53576 112.82  39.50 1046    3.4
  53577 112.30  39.00 1441   12.4
  53579 112.90  39.02  861    5.4
  53582 113.68  39.72 1094    0.6
  53584 113.17  39.57 1001    2.3
  53585 113.27  39.17  934    3.6
  53596 115.13  38.85   53    0.4
  53599 114.68  39.37  885    1.2
  53610 106.35  38.57 1106    3.1
  53617 106.08  38.03 1119   0.01
  53618 106.25  38.28 1115    1.4
  53619 106.30  38.12 1117    0.4
  53644 108.83  38.60 1309    5.3
  53658 110.48  38.03  895   19.6
  53659 111.00  37.97 1164   29.1
  53660 111.08  39.02  893    4.1
  53662 111.58  38.72 1393   11.4
  53665 111.65  38.28 1183    8.7
  53666 111.93  38.35 1213    7.1
  53669 111.80  38.08 1151   13.9
  53674 112.70  38.42  799    9.0
  53676 112.98  38.50  760    6.8
  53677 112.48  37.93  808   19.9
  53678 112.67  38.07  899   11.6
  53679 112.55  37.73  776   47.7
  53680 114.38  38.30  109    1.5
  53681 113.37  38.83 1097    3.3
  53682 114.68  38.63  105    0.9
  53685 113.42  38.07  953   12.6
  53688 114.55  38.45   98    0.7
  53689 115.07  38.02   43    0.4
  53690 114.18  38.85  283    0.5
  53691 114.57  38.15   76    0.4
  53692 114.98  38.73   68    0.7
  53693 114.13  38.03  256    2.4
  53694 114.22  38.27  134    2.4
  53695 114.68  38.35   72    0.6
  53696 115.00  38.52   55    0.3
  53697 114.83  38.03   54    0.4
  53699 114.95  38.18   46    0.4
  53707 105.25  36.93 1699    0.4
  53727 107.12  37.17 1713    6.8
  53730 107.48  38.18 1335    1.9
  53732 108.72  37.85 1211   11.4
  53748 109.70  37.18 1064   33.8
  53750 110.18  37.77  931   29.2
  53751 110.05  37.60  897   34.7
  53753 110.88  37.43  861   30.3
  53756 110.72  37.52  744   32.7
  53757 110.12  37.12  938   23.7
  53759 110.83  36.98 1106   37.0
  53760 111.23  37.88 1212   42.7
  53763 112.17  37.92 1008   19.2
  53767 111.17  37.33 1212   38.8
  53768 111.75  37.15  770   42.9
  53769 111.78  37.25  749   42.6
  53770 112.35  37.35  769   54.1
  53771 112.05  37.42  751   51.7
  53773 114.62  36.33   66    1.4
  53774 112.33  37.62  774   41.6
  53776 112.77  37.68  831   53.3
  53777 112.15  37.53  760   48.0
  53778 112.22  37.17  780   44.5
  53780 113.15  37.90 1066   31.4
  53781 114.47  36.87   69    6.0
  53782 113.55  37.85  743   12.7
  53783 113.70  37.60  880   24.9
  53784 114.78  37.75   39    0.4
  53785 114.67  37.52   35    4.0
  53786 113.37  37.08 1134   24.5
  53788 113.57  37.33 1267   52.0
  53789 114.63  37.88   57    0.3
  53790 114.62  37.60   50    1.2
  53791 114.52  37.77   67    1.0
  53792 114.48  37.45  113    5.4
  53794 114.75  37.35   34    4.4
  53795 114.37  37.65  137    0.3
  53796 114.88  37.62   31    1.5
  53797 114.52  37.28   74    6.6
  53799 114.98  37.23   25    1.9
  53829 107.90  35.98 1094   16.8
  53832 108.77  36.77 1220   22.2
  53841 109.32  36.88 1069   26.3
  53848 109.35  36.27 1005   18.6
  53850 110.18  36.88  801   25.3
  53852 110.63  36.77  917   26.8
  53856 110.75  36.47  756   32.2
  53857 110.18  36.07  840   19.1
  53860 111.17  36.98 1407   45.7
  53861 111.42  35.88  425   21.1
  53862 111.77  36.83  809   64.1
  53864 111.10  36.40 1030   32.1
  53865 111.55  36.65 1012   44.1
  53866 111.67  36.23  464   21.7
  53869 111.70  36.58  550   44.9
  53871 112.85  36.83  965   36.6
  53872 112.68  36.77  962   40.4
  53873 112.87  36.12  951    9.9
  53874 111.90  36.25  650   20.2
  53875 112.35  36.52 1001   43.7
  53878 113.38  36.52  769    1.8
  53879 112.88  36.32  953   15.5
  53880 113.23  36.33  948    1.6
  53881 106.48  37.28 1382    0.5
  53883 114.70  37.13   36    2.8
  53885 113.20  36.13 1031    1.7
  53886 113.67  36.57  471    1.2
  53888 113.43  36.20 1088    2.9
  53889 113.82  36.07  308    2.4
  53890 114.15  36.68  234    1.2
  53891 114.68  37.02   44    5.9
  53892 114.47  36.62   67   12.4
  53893 114.95  36.77   40    7.5
  53894 114.22  36.42  128   13.9
  53895 114.50  36.78   61   10.1
  53896 114.95  36.35   51    0.2
  53897 114.38  36.38   71    9.3
  53899 114.97  36.48   49    1.5
  53906 105.72  35.52 1659    8.6
  53908 105.23  35.22 1769    6.4
  53914 106.12  35.62 2079   13.5
  53916 106.32  35.50 1949    5.8
  53917 106.07  35.22 1633   10.2
  53924 107.62  35.07  967   13.6
  53925 107.18  35.68 1174   10.5
  53926 107.35  35.35 1630    9.5
  53927 106.62  35.20 1478    8.1
  53928 107.02  35.30 1150   15.5
  53930 107.98  36.45 1270   13.5
  53931 109.37  36.00  983   23.6
  53934 108.02  35.82 1299   18.6
  53935 108.35  35.48 1443   18.1
  53937 107.92  35.52  980   16.3
  53938 108.30  35.17 1277   12.9
  53941 109.58  35.18  807   13.4
  53944 109.25  35.57  857   15.5
  53945 109.07  35.43 1394   21.3
  53946 109.82  35.60 1091   21.9
  53947 109.07  35.08  979   14.6
  53949 109.92  35.18  680    6.5
  53950 110.15  35.23  710    6.2
  53953 110.85  35.97  966   29.9
  53954 110.97  35.62  433   13.1
  53956 110.83  35.40  589    8.3
  53957 110.72  35.62  459   29.8
  53958 110.78  35.13  389    3.0
  53961 111.48  35.65  473    8.6
  53962 111.70  35.73  585    0.7
  53964 111.22  35.62  431    9.8
  53965 111.57  35.52  761    1.7
  53966 111.83  35.98  818    6.0
  53967 111.20  35.33  469    5.2
  53970 112.20  35.70  887    3.1
  53973 112.95  35.77  836    0.6
  53976 112.87  35.50  751    1.8
  53978 112.63  35.08  140   0.01
  53980 114.80  36.55   51    8.2
  53981 113.27  35.78 1311    2.4
  53982 113.27  35.23  113   0.01
  53991 114.35  35.93   75    0.2
  53992 114.52  35.65   59   0.01
  53996 114.65  36.45   58    6.4
  54475 122.48  40.62   15    0.1
  54502 116.03  39.48   30    0.1
  54503 115.82  39.07   13    0.2
  54506 115.88  39.32   29    0.3
  54507 115.50  39.35   52    0.4
  54512 116.28  39.42   22    0.2
  54519 116.48  39.30   13    0.1
  54601 115.65  38.98   14    0.4
  54603 115.77  38.72   10    0.6
  54604 115.33  38.42   31    0.2
  54605 115.93  38.93    7    0.6
  54607 115.12  38.72   45    1.1
  54608 115.55  38.00   27    0.8
  54609 115.50  38.25   25    1.2
  54610 116.10  38.73    9    0.1
  54611 115.32  38.93   45    0.4
  54612 116.45  38.87    7   0.01
  54614 116.08  38.45   13    0.6
  54615 116.83  38.58    8    0.3
  54616 116.85  38.35    9    0.7
  54617 116.12  38.18   13    0.4
  54619 116.92  38.92    8   0.01
  54620 115.57  38.48   19    0.3
  54621 115.18  38.18   39    0.5
  54622 117.37  38.98    3    0.1
  54626 115.82  38.42   15    0.3
  54627 117.23  38.03    8   0.01
  54631 115.15  37.07   33    4.7
  54632 115.03  37.07   34    2.9
  54633 115.23  37.52   27    2.7
  54636 116.10  39.02   12    0.1
  54640 114.87  36.92   37    6.0
  54644 117.12  38.05   11    0.2
  54700 115.93  38.03   16    0.9
  54701 115.20  37.93   41    0.5
  54702 115.70  37.73   22    2.0
  54703 115.88  37.80   25    2.9
  54704 115.57  37.55   23    2.9
  54706 115.67  37.08   32    5.8
  54707 115.98  37.35   28   76.9
  54708 115.73  37.50   24    7.8
  54709 116.07  37.22   30   12.0
  54710 116.17  37.87   19    2.2
  54711 116.28  37.70   19    2.4
  54712 116.82  37.20   23   13.6
  54713 116.53  37.88   15    1.8
  54714 116.33  37.45   24   50.6
  54716 116.80  37.67   17    2.3
  54717 116.40  37.63   18    5.2
  54718 116.43  37.15   26   19.6
  54719 116.68  38.03   12    0.4
  54722 117.63  37.75    7   0.01
  54723 117.57  37.65   11   0.01
  54724 117.13  37.32   21    0.1
  54726 117.18  37.70   12    0.8
  54728 117.38  37.77   16   0.01
  54730 118.13  37.70   11   0.01
  54731 118.22  37.48   16   0.01
  54734 118.00  37.35   12   0.01
  54736 118.67  37.43    9   0.01
  54737 118.15  37.15   17   0.01
  54749 119.95  37.18   48    0.1
  54766 121.62  37.38   23    5.1
  54777 122.07  37.20  112    0.5
  54778 122.48  37.17   60    0.8
  54800 115.25  36.98   35    5.4
  54801 115.48  36.85   36    7.5
  54802 115.73  36.82   35    1.4
  54803 116.02  36.98   28    2.8
  54804 115.13  36.30   46   0.01
  54805 115.45  36.48   41    0.6
  54807 115.80  36.13   44   0.01
  54809 115.28  36.55   42    0.9
  54811 116.62  36.93   22   0.01
  54818 116.42  36.25   72   0.01
  54820 115.17  36.82   38    9.7
  54825 117.85  36.52  195   0.01
  54848 119.42  35.98   81   0.01
  54851 120.57  36.90   81    0.5
  54852 120.73  36.97   53   0.01
  54855 120.47  36.38   30    0.1
  54861 121.53  36.93   47   0.01
  54871 122.48  36.93    9   0.01
  54901 115.17  36.08   47   0.01
  54923 117.93  35.72  202    0.4
  54932 118.65  35.77  184   0.01
  56016  95.62  33.85 4181   0.01
  56045  99.90  33.97 4051   0.01
  56071 102.50  34.58 3107    0.7
  56081 103.35  34.70 2811    2.4
  56082 103.50  34.58 2544    0.6
  56084 103.23  34.07 2376    4.0
  56091 104.47  34.85 1884    0.5
  56092 104.65  35.00 1729    0.7
  56094 104.37  33.78 1400    1.1
  56095 104.38  34.03 1754    1.2
  56097 104.23  33.27 1407    4.3
  56147  98.83  31.22 3261    2.7
  56158 100.67  31.40 3250    2.6
  56164 100.98  32.27 3286    0.4
  56168 102.07  31.48 2170    2.5
  56171 101.70  32.90 3276    2.2
  56180 103.85  31.68 1591    8.8
  56181 103.70  30.68  543    6.7
  56183 103.58  31.47 1326    3.9
  56184 103.17  31.43 1884    1.6
  56185 102.98  32.08 2400    2.3
  56186 104.20  31.33  589    3.6
  56189 103.93  30.98  584    4.2
  56190 104.55  31.55  518    1.9
  56192 104.67  32.95 1016    5.0
  56193 104.52  32.42  894   18.7
  56194 104.45  31.82  679    3.6
  56195 104.73  31.78  531    1.4
  56197 104.18  31.13  537    2.1
  56198 104.50  31.32  523    0.3
  56199 104.68  31.03  424   0.01
  56263 101.88  30.88 1948    3.6
  56267 101.02  30.03 2598   20.4
  56272 103.88  30.82  560    9.5
  56273 102.82  30.38 1011    3.3
  56276 103.82  30.45  468    4.4
  56278 102.77  30.07  756    6.3
  56279 102.93  30.15  683   12.9
  56280 103.12  30.08  692    3.9
  56281 103.50  30.18  512    0.3
  56284 103.48  30.42  502    3.6
  56285 103.52  30.60  525    6.9
  56286 104.25  30.55  514    3.9
  56288 103.92  30.58  495    2.4
  56289 103.87  30.20  439    2.1
  56290 104.18  30.78  515    2.4
  56291 104.28  30.97  474    2.9
  56295 104.55  30.38  443   0.01
  56296 104.43  30.85  449    1.6
  56297 104.15  30.02  431    4.0
  56298 104.60  30.13  415    0.1
  56371 102.23  29.92 1322    0.3
  56373 102.85  29.78  763   20.9
  56376 102.68  29.35 1098    9.4
  56378 102.35  29.23  891    1.0
  56380 103.37  29.92  466    2.0
  56381 103.52  30.02  497    0.1
  56382 103.60  29.73  408    0.5
  56383 103.87  29.83  454    0.7
  56384 103.48  29.60  446    1.6
  56387 103.27  29.23  639    1.7
  56389 103.95  29.20  386    0.1
  56390 104.07  29.67  403    2.7
  56391 103.82  30.08  416    1.2
  56394 104.43  29.45  382   0.01
  56395 104.67  29.52  349    1.2
  56396 104.77  29.35  352   0.01
  56473 102.77  28.95 1061   17.0
  56474 102.17  28.55 1775   0.01
  56480 103.53  28.82  564    4.2
  56483 103.95  28.60  412    3.8
  56489 103.63  28.23  876    1.1
  56490 103.90  28.95  396    1.9
  56494 104.15  28.65  460   0.01
  56497 104.23  28.10  433    0.4
  56498 104.50  28.17  442    0.5
  56567 100.85  27.30 2242    0.3
  56580 102.80  27.72 2461    0.3
  56584 103.25  27.70 1093    6.3
  56641  98.87  26.90 1191    0.1
  56645  99.42  26.42 2345    0.4
  56646  99.92  26.53 2193    0.1
  56649  99.97  26.10 2059    0.2
  56654 100.18  26.58 2196   0.01
  56670 102.12  26.90 1105    0.5
  56675 102.58  26.65 1695    0.7
  56742  99.37  25.90 1663    1.3
  56746  99.52  25.47 1618    0.2
  56835  97.82  24.07  958   16.6
  56836  97.95  24.70  828   31.0
  56840  98.30  24.82 1013   31.2
  56841  98.68  24.60 1527   10.3
  56842  99.18  24.73 1473    1.4
  56843  99.62  24.83 1650    0.1
  56844  98.58  24.43  915   22.4
  56883 103.98  24.83 1846    0.1
  56948  99.60  22.63 1156    0.2
  57001 105.33  34.75 1273    3.8
  57002 105.65  34.85 1217    4.7
  57004 104.88  34.73 1496    0.9
  57006 105.75  34.58 1142    3.0
  57007 105.18  34.18 1406    2.1
  57008 105.30  34.03 1578    2.5
  57011 106.15  34.75 1379    4.5
  57012 106.20  34.98 1665    8.0
  57016 107.13  34.35  613   12.1
  57020 107.40  34.37  563   10.4
  57021 107.13  34.65  751   13.4
  57022 107.78  34.68 1026   13.2
  57023 108.10  35.03  841   10.1
  57024 107.65  34.45  671   13.0
  57026 107.88  34.37  586    3.7
  57027 107.73  34.27  518    5.1
  57029 108.48  34.50  544    3.7
  57031 108.55  34.82 1013   12.1
  57032 108.20  34.13  436    2.0
  57033 108.82  34.55  429    4.9
  57035 108.23  34.55  636    5.9
  57036 108.93  34.30  398    1.7
  57038 108.45  34.28  411    2.0
  57039 108.88  34.08  445    1.1
  57040 109.08  34.52  378    4.2
  57041 108.92  34.63  425    5.6
  57042 109.18  34.78  473    8.0
  57043 109.97  34.80  352    2.3
  57044 109.23  34.40  424    1.0
  57045 109.48  34.52  354    0.7
  57047 109.32  34.17  541    0.3
  57053 110.72  34.70  507    0.2
  57054 110.23  34.55  557    0.3
  57055 110.08  34.55  352    1.1
  57060 111.23  35.17  404    2.4
  57061 111.20  34.83  411    0.5
  57102 105.72  33.75  971    6.1
  57105 105.60  33.33 1219    4.2
  57110 106.08  33.78  930    7.4
  57111 106.30  33.92  967    8.2
  57113 106.53  33.90  990   12.1
  57119 106.70  33.17  551    1.7
  57123 108.07  34.28  510    3.1
  57126 107.55  33.22  470    1.6
  57128 107.33  33.17  487    4.5
  57132 108.62  34.12  415    1.8
  57204 105.23  32.58  801   12.4
  57208 105.47  32.02  538    1.0
  57213 106.93  33.00  537    0.9
  57304 105.17  31.67  517    0.1
  57307 105.08  31.10  408    0.1
  57308 105.38  31.22  421   0.01
  57407 105.03  30.28  464   0.01
  58346 119.82  31.33   15    0.1
  58361 121.37  31.10   10    0.2
  58369 121.78  31.05    9   0.01
  58370 121.55  31.22   11    0.5
  58449 119.95  30.05   47    0.1
  58451 120.93  30.83    3   0.01
  58452 120.77  30.73    4   0.01
  58453 120.50  30.07   10    2.5
  58455 120.65  30.52    8   0.01
  58458 120.90  30.53    3   0.01
  58459 120.28  30.18   42   0.01
  58460 121.35  30.73    6    1.0
  58462 121.23  31.03    9   0.01
  58463 121.50  30.88    9    0.5
  58468 121.17  30.05   10   12.1
  58484 122.20  30.25    9    3.3
  58542 119.68  29.82   45   0.01
  58546 119.88  29.47  114   0.01
  58550 120.25  29.70   39   0.01
  58555 120.88  29.52  112    2.4
  58558 120.22  29.27   89   0.01
  58559 120.98  29.17   59    4.1
  58561 121.60  29.98    3   0.01
  58563 121.83  29.88    4    7.0
  58565 121.43  29.68    6    0.1
  58566 121.88  29.47   14    1.1
  58567 121.43  29.32   39    1.8
  58568 121.38  29.12   35    5.4
  58570 122.30  29.95   83   0.01
  58642 119.80  28.88  102    0.8
  58643 120.03  28.90   99    1.1
  58647 119.13  28.07  196   0.01
  58654 120.08  28.67  184    0.1
  58656 120.97  28.12    7    9.9
  58657 120.28  28.15   59    3.6
  58658 120.68  28.15   36    2.6
  58659 120.65  28.03   29    3.4
  58660 121.13  28.85    8    1.6
  58664 121.37  28.37   33   12.1
  58746 119.70  27.55  514    4.0
  58747 119.35  27.15  900    5.9
  58748 119.65  27.10   51    0.3
  58749 119.88  27.23  680   21.8
  58750 120.08  27.78  106    1.9
  58751 120.55  27.68    5    8.0
  58844 119.15  26.15   49    0.2
  58845 119.53  26.50   57    4.0
  58848 119.55  26.20   12    1.8
  58850 120.23  26.92   88    6.2
  58932 118.93  25.87   85    2.2
  58940 119.33  26.08   28    6.4
  58941 119.50  25.97   11    4.0
  58942 119.38  25.72   39    7.9
  58946 119.00  25.45   84   0.01
  59004 105.10  24.50  729   0.01
  59227 107.15  23.08  438   0.01
  59419 106.75  22.10  243    1.6
  59421 107.20  22.83  257   0.01
  59650 110.25  21.38   25    0.1
  59653 110.85  21.93   35   0.01
  59654 110.30  21.63   28   0.01
  59750 110.10  20.92   25    5.3
  59842 109.68  19.90   31   18.5
  59843 110.00  19.73   36    0.5
  59848 109.43  19.23  219    2.2
  59851 110.33  19.70   25    1.5
  59854 110.10  19.37  119   19.3
  59940 109.17  18.75  156    0.1
  59941 109.52  18.77  328    6.4
  59945 109.70  18.65   65    4.7
  59951 110.33  18.80   38   26.6
