diamond  3 2013年09月28日08点24小时降雨量                    
  13  09  28  08    -2 3 10 25 50 1 0
 39 122.7  37.3 122.5  36.7 120.8  36.2 119.3  35.0 120.4  34.3
 121.1  32.7 122.3  30.9 122.5  30.1 121.5  28.0 119.8  25.0
 116.1  22.6 111.0  21.0 111.0  18.6 109.6  18.1 108.3  18.5
 108.9  19.9 109.3  21.0 106.4  21.6 104.1  22.2 101.6  20.8
  98.7  22.0  97.1  24.1  97.7  27.0  91.7  26.6  85.7  27.7
  78.9  30.6  73.3  37.1  74.1  40.7  87.6  49.8  98.5  43.9
 110.4  44.3 122.0  54.7 135.7  48.3 131.5  42.2 125.2  39.4
 121.3  38.5 121.2  40.3 118.5  38.6 120.8  38.1
1                    572
  51137  82.93  46.20  715    1.4
  51145  83.65  46.55  523    1.4
  51329  80.85  44.05  641    0.1
  51430  81.15  43.83  605    0.7
  51434  81.53  43.97  771    0.8
  51435  82.23  43.47  776    2.2
  51436  83.25  43.45  929   0.01
  51438  81.77  43.18 1210    0.7
  53930 107.98  36.45 1270    0.1
  54759 120.83  37.30  172   0.01
  54777 122.07  37.20  112    0.4
  54778 122.48  37.17   60    0.6
  54844 119.18  36.42   67   0.01
  54846 119.75  36.38   37   0.01
  54848 119.42  35.98   81    1.4
  54849 120.00  36.27   16    2.5
  54851 120.57  36.90   81    0.7
  54852 120.73  36.97   53    0.8
  54853 120.42  36.17   43    2.4
  54855 120.47  36.38   30    1.5
  54861 121.53  36.93   47    1.0
  54871 122.48  36.93    9    1.3
  54907 116.65  34.98   38    0.2
  54923 117.93  35.72  202   0.01
  54927 117.20  35.10   79    0.5
  54932 118.65  35.77  184    0.7
  54935 118.43  35.53  120    1.6
  54938 118.40  35.05   66    1.4
  54939 118.82  35.17  116   11.9
  54940 119.20  35.75  147    3.5
  54943 120.00  35.88   13    5.7
  56185 102.98  32.08 2400   0.01
  56280 103.12  30.08  692   0.01
  56393 104.85  29.77  370   0.01
  56394 104.43  29.45  382   0.01
  56395 104.67  29.52  349   0.01
  56396 104.77  29.35  352   0.01
  56399 104.98  29.18  307    0.1
  56474 102.17  28.55 1775   0.01
  56478 102.43  28.30 1819    0.2
  56480 103.53  28.82  564   0.01
  56483 103.95  28.60  412   0.01
  56487 103.13  28.33 1945    0.9
  56489 103.63  28.23  876    0.3
  56490 103.90  28.95  396    0.3
  56491 104.57  28.70  288   0.01
  56493 104.97  28.85  297    0.2
  56494 104.15  28.65  460    0.3
  56496 105.23  28.32  330    0.5
  56497 104.23  28.10  433    1.2
  56498 104.50  28.17  442    1.9
  56499 104.78  28.38  368    1.0
  56567 100.85  27.30 2242    7.0
  56569 102.18  27.42 1381    5.9
  56575 102.55  27.37 1429   11.7
  56578 102.75  27.07 1093   11.1
  56580 102.80  27.72 2461    6.4
  56582 103.90  27.75 1177    3.9
  56584 103.25  27.70 1093    5.2
  56585 103.53  27.18 1916   10.1
  56592 104.52  28.43  360    0.5
  56593 104.92  28.58  281    0.7
  56594 104.05  27.63  884    4.3
  56595 104.87  27.42 1644    2.6
  56596 105.05  27.85 1176    1.8
  56598 104.73  27.13 1538    5.1
  56641  98.87  26.90 1191    1.1
  56645  99.42  26.42 2345    4.3
  56646  99.92  26.53 2193    1.3
  56649  99.97  26.10 2059    9.0
  56652 100.75  26.68 2131   10.7
  56654 100.18  26.58 2196    3.5
  56665 101.85  26.68 1140    7.2
  56669 101.67  26.05 1531   14.3
  56670 102.12  26.90 1105   13.5
  56673 102.92  26.92  894    9.7
  56674 101.73  26.50 1107    4.5
  56675 102.58  26.65 1695   23.4
  56688 103.17  26.10 1253    4.7
  56697 104.08  26.22 1987   10.9
  56742  99.37  25.90 1663   14.4
  56745  99.95  25.68 1627    8.0
  56746  99.52  25.47 1618    5.7
  56752 100.57  25.83 1440   19.0
  56755 100.48  25.35 1670   11.3
  56756 100.58  25.48 1993    7.1
  56757 100.28  25.27 1744   11.3
  56761 101.32  25.72 1873   13.7
  56764 101.23  25.53 1875    8.4
  56766 101.52  25.33 1769    9.6
  56767 101.28  25.18 1858   17.8
  56772 102.50  25.23 1694   23.2
  56774 102.42  25.53 1712   10.1
  56775 102.45  25.55 1752   11.5
  56777 102.07  25.15 1566   15.9
  56781 103.27  25.55 1874    6.0
  56782 103.55  25.42 2064   11.9
  56783 103.80  25.50 1906   10.5
  56785 103.03  25.33 1925    6.7
  56788 103.67  25.03 1842    3.7
  56790 104.25  25.68 1920    4.8
  56835  97.82  24.07  958    9.5
  56836  97.95  24.70  828    4.2
  56839  98.82  23.77  994   19.0
  56840  98.30  24.82 1013    7.3
  56841  98.68  24.60 1527    2.2
  56842  99.18  24.73 1473   15.7
  56843  99.62  24.83 1650    2.4
  56844  98.58  24.43  915   12.0
  56846  99.93  24.58 1569    3.1
  56849  99.23  24.03 1607   27.3
  56851 100.52  25.03 1378    2.3
  56854 100.13  24.45 1108    5.6
  56862 101.60  24.68 1966    4.6
  56863 102.48  24.93 1850    8.3
  56867 101.12  23.98 1107   13.7
  56869 101.97  24.07 1498   24.6
  56870 102.17  24.67 1576   29.7
  56871 102.60  24.65 1894    6.7
  56872 102.62  24.95 2360   17.6
  56873 102.90  24.67 1752    5.4
  56876 102.77  24.28 1732    6.9
  56878 102.75  24.13 1802    3.6
  56879 102.92  24.20 1610    7.3
  56880 103.17  24.92 1532   11.5
  56881 103.27  24.75 1694    6.0
  56882 102.80  24.88 1909    6.8
  56883 103.98  24.83 1846    7.8
  56885 103.45  24.40 1416   12.9
  56889 104.17  24.05 1518   10.5
  56891 104.32  24.98 1482   21.0
  56898 102.40  24.18 1542    7.9
  56944  99.27  23.15 1280    2.6
  56948  99.60  22.63 1156    0.1
  56949  99.60  22.32  946   10.3
  56950  99.80  23.47 1044    0.1
  56952 100.70  23.50  914    3.1
  56958 100.42  21.92 1177    0.5
  56961 101.05  23.03 1321    0.1
  56962 101.67  23.42 1315   12.6
  56970 102.48  23.70 1419   13.4
  56973 102.83  23.62 1310    7.5
  56975 102.43  23.37  975    3.8
  56976 102.83  23.23  229    3.0
  56978 102.42  23.00 1640    2.5
  56982 103.25  23.70 1055    1.1
  56984 103.15  23.38 1717    2.1
  56989 103.95  22.50  138   0.01
  56992 104.70  23.45 1508    6.1
  56994 104.25  23.38 1277   16.1
  56995 104.42  23.03 1335    2.3
  56996 104.70  23.13 1094    1.0
  57095 114.15  34.12   61   0.01
  57099 114.85  34.07   53   0.01
  57111 106.30  33.92  967   0.01
  57153 110.33  33.68  584   0.01
  57155 109.87  33.55  661   0.01
  57169 111.87  33.05  160    0.1
  57175 112.23  33.05  192    0.1
  57177 113.53  33.33   91    0.1
  57179 113.00  33.28  161    0.8
  57183 113.92  33.80   61   0.01
  57185 113.58  33.45   92   0.01
  57186 114.05  33.60   59   0.01
  57187 112.93  33.07  119    0.3
  57188 114.03  33.37   56    0.3
  57189 113.95  33.13   65    0.3
  57190 114.40  33.75   51   0.01
  57192 114.85  33.73   47    0.3
  57194 114.27  33.28   60    0.1
  57195 114.62  33.62   47   0.01
  57196 114.87  33.47   42    0.4
  57197 114.33  33.00   54    0.5
  57198 114.62  33.55   47    0.2
  57242 109.37  32.85  285   0.01
  57247 108.90  32.32  442   0.01
  57248 109.33  32.40  429    0.2
  57249 109.68  32.32  453    0.1
  57253 110.82  32.85  204    0.1
  57254 110.12  32.82  324    0.2
  57257 110.23  32.23  309    0.1
  57260 111.52  32.55  143    0.2
  57261 111.50  33.13  196    0.6
  57268 111.63  32.27   87   0.01
  57271 112.38  32.55   89    0.3
  57273 112.85  32.68  110    0.1
  57274 112.12  32.70  108    0.1
  57281 113.30  32.70  142    0.7
  57292 114.63  32.97   44    0.2
  57293 114.98  32.73   39    0.6
  57294 114.02  32.83   84    1.3
  57295 114.35  32.62   83   0.01
  57296 114.73  32.35   50    3.0
  57298 114.55  32.22   56    1.4
  57299 114.90  32.02   50    4.2
  57318 106.55  31.07  339   0.01
  57326 107.72  31.37  390    0.1
  57329 107.85  31.10  462    0.5
  57333 108.67  31.95  800    0.2
  57338 108.42  31.18  213    0.6
  57339 108.68  30.95  296    1.1
  57345 109.62  31.40  339    1.9
  57349 109.87  31.07  270    2.8
  57361 111.27  31.88  331    1.1
  57362 110.67  31.75  939    2.7
  57363 111.83  31.80  146    0.1
  57368 111.63  31.05  138    0.1
  57370 112.22  31.73   68   0.01
  57377 112.22  31.00  184   0.01
  57385 113.82  31.63   94    0.8
  57386 114.00  31.25   37    1.9
  57387 113.13  31.00   80    0.4
  57388 113.70  31.27   55    1.1
  57389 113.75  31.03   33    1.9
  57390 114.07  31.80  731    1.5
  57396 114.85  31.63  130    6.2
  57398 114.62  31.28   76    3.2
  57407 105.03  30.28  464   0.01
  57408 105.35  30.12  333   0.01
  57409 105.80  30.18  295    0.1
  57413 106.97  30.85  295    0.4
  57414 106.45  30.55  396    0.1
  57415 106.63  30.47  336    0.9
  57416 106.93  30.33 3915    0.2
  57417 106.28  30.35  315   0.01
  57420 107.20  30.75  397    0.5
  57425 107.33  30.33  430    0.2
  57431 108.35  30.83  256    1.3
  57437 108.03  30.30  326    1.3
  57438 108.12  29.98  630    4.8
  57453 111.32  30.77  116    0.2
  57460 111.78  30.82   91    0.2
  57462 111.08  30.87  104    0.3
  57464 111.18  30.47  144    0.7
  57465 111.45  30.38   76    0.3
  57466 111.77  30.43   50    0.5
  57469 111.77  30.18   68    0.3
  57475 112.90  30.40   33    0.8
  57477 112.22  30.07   39    0.4
  57481 113.58  30.95   31    1.3
  57485 113.45  30.37   33    1.4
  57486 113.85  30.65   25    1.3
  57489 114.00  30.58   39    2.3
  57491 114.40  30.87   31    0.9
  57492 114.80  30.83   33    2.2
  57495 114.88  30.67   19    1.6
  57496 114.87  30.37   30    2.8
  57498 114.90  30.43   22    5.0
  57499 114.97  30.10   40    6.8
  57505 105.58  29.42  324    0.5
  57506 105.90  29.37  376    1.7
  57507 105.30  29.33  374    0.1
  57508 105.37  29.15  302    0.2
  57509 106.93  28.95  325    7.2
  57510 106.05  29.85  275    0.3
  57511 106.45  29.85  242    0.8
  57513 106.62  29.73  457    0.7
  57514 106.22  29.58  325    1.6
  57518 106.53  29.38  243    4.1
  57519 107.08  29.15  559    7.0
  57522 107.42  29.75  273    3.9
  57525 107.75  29.32  273    8.1
  57537 108.17  29.30  321    5.6
  57540 109.15  29.68  776    2.1
  57541 109.48  30.00  533    2.4
  57543 110.03  29.88  540    2.1
  57544 109.45  29.47  486    2.1
  57558 110.47  29.13  184    1.3
  57564 111.13  29.43  103    1.4
  57565 111.75  29.65   39    0.6
  57566 111.65  29.45   50    1.0
  57571 112.40  29.70   37    1.9
  57575 112.57  29.52   32    1.8
  57577 112.17  29.40   37    0.8
  57582 113.88  29.73   51    4.3
  57585 113.45  29.48   60    5.5
  57586 114.03  29.53   79    3.9
  57589 113.80  29.25  103    5.3
  57590 114.37  29.85   64    4.9
  57596 114.20  29.63    0    7.0
  57600 105.07  28.72  256    0.7
  57603 105.83  28.82  283    2.8
  57605 105.82  28.03  539    1.9
  57609 105.70  28.58  316    1.8
  57623 107.60  28.88  684    6.6
  57634 107.88  28.52  658    2.2
  57635 108.98  28.45  363    6.1
  57636 108.50  28.57  335    3.2
  57637 108.12  28.25  524    4.2
  57640 109.45  28.58  344    6.7
  57643 109.83  29.00  268    3.9
  57646 109.95  28.62  301    4.0
  57657 110.20  28.22  182    1.3
  57658 110.20  28.02  144   0.01
  57661 111.48  28.92   51    0.3
  57663 111.95  28.92   31    0.3
  57666 112.13  28.52   49    0.6
  57674 112.47  28.57   44    1.5
  57678 112.55  28.25   71    1.8
  57680 113.07  28.80   47    7.1
  57688 113.63  28.15  100    2.5
  57694 114.38  28.53  256    3.7
  57698 114.45  28.12   99    6.7
  57699 114.92  28.23   68    4.6
  57708 105.60  27.15 1704    5.6
  57713 106.88  27.70  844    5.5
  57714 106.23  27.47  942    4.3
  57717 106.83  27.53  974    4.6
  57719 106.97  27.07 1280    4.7
  57720 107.17  27.88  888    3.4
  57723 107.72  27.98  710    4.6
  57728 107.47  27.07 1095    4.7
  57732 108.40  28.02  458    7.3
  57734 108.23  27.57  468    4.2
  57735 108.82  27.18  396    1.6
  57736 108.85  27.70  376    3.4
  57737 108.12  27.03  546    3.2
  57738 108.42  27.05  517    1.7
  57739 108.88  27.23  375    1.6
  57740 109.60  27.95  349    3.4
  57742 109.20  27.52  883    1.9
  57743 109.80  27.88  176    0.5
  57744 109.17  27.37  356    1.1
  57754 110.15  27.35  170    1.2
  57760 111.43  27.70  247    2.0
  57762 111.70  27.68  163    2.2
  57763 112.00  27.73  151    4.3
  57767 111.03  27.12  266    1.5
  57768 111.45  27.32  242    3.0
  57769 111.73  27.23  257    3.0
  57771 112.52  27.93   89    3.6
  57772 112.50  27.75   84    3.0
  57773 112.82  27.87   63    3.5
  57777 112.87  27.23   65    0.6
  57778 112.95  27.10   68    1.0
  57781 113.50  27.65   71    1.9
  57786 113.85  27.65  110    6.2
  57792 114.68  27.82   93    1.1
  57796 114.93  27.80   79    2.6
  57798 114.60  27.40   89    0.1
  57800 105.37  26.77 1458    6.7
  57807 105.47  26.20 1359    2.7
  57808 105.75  26.32 1272    2.1
  57809 105.75  26.07 1251    1.4
  57811 106.60  26.85 1242    4.5
  57813 106.47  26.57 1265    2.6
  57814 106.27  26.42 1285    2.4
  57818 106.45  26.03 1145    1.9
  57821 107.50  26.70  924    2.4
  57822 107.90  26.90  833    3.0
  57824 107.23  26.58 1005    3.2
  57828 107.58  26.50  983    1.5
  57829 107.80  26.20  964    0.1
  57834 108.30  26.68  642    0.5
  57835 108.43  26.72  521    0.3
  57837 108.07  26.40  838    0.2
  57842 109.72  26.88  281    0.9
  57844 109.18  26.68  344    0.2
  57846 110.15  26.58  307    2.2
  57851 110.85  26.45  307    1.4
  57859 110.63  26.03  409    0.4
  57860 111.28  27.00  282    2.8
  57867 111.28  26.40  169    0.4
  57870 112.10  26.80  151    0.1
  57871 112.37  26.98   91    0.2
  57876 112.83  26.43  118    0.2
  57881 113.25  26.72  105   0.01
  57882 113.55  26.78  135   0.01
  57891 114.25  26.93  144   0.01
  57900 105.22  25.83 1553    2.9
  57903 105.60  25.93 1138    1.5
  57905 105.63  25.40 1063    2.1
  57908 105.48  25.12 1393    2.9
  57909 105.82  24.98  584    1.6
  57911 106.65  26.67 1325    3.2
  57913 106.98  26.45 1095    2.2
  57914 106.67  26.42 1143    2.8
  57915 106.77  26.63 1102    2.3
  57927 107.18  24.97  283    0.1
  57936 108.92  25.75  255    0.9
  57941 109.60  25.78  198    1.2
  57942 110.00  25.80  267    0.6
  57948 109.25  25.08  123   0.01
  57954 110.18  25.23  158   0.01
  57966 111.95  25.60  205   0.01
  57971 112.20  25.92  225   0.01
  57975 112.20  25.38  278   0.01
  57976 112.95  25.42  226   0.01
  57981 113.22  25.98  141   0.01
  58001 115.10  34.43   57   0.01
  58006 115.88  34.38   47    0.6
  58007 115.30  34.07   53    1.1
  58008 115.33  34.47   55   0.01
  58011 116.07  34.80   44    0.1
  58012 116.58  34.68   40    0.5
  58013 116.90  34.75   40    0.4
  58016 116.97  34.18   39    3.8
  58017 116.13  34.25   42    1.0
  58020 117.13  34.80   38    0.3
  58021 117.28  34.78   80    0.5
  58022 117.57  34.75   48    1.0
  58024 117.58  34.87   78    0.7
  58025 117.73  34.57   32    2.1
  58030 118.07  34.85   47    1.5
  58032 118.65  34.93   75    6.3
  58035 118.35  34.33   30    6.0
  58036 118.73  34.52   39    9.0
  58041 119.43  34.78   22   19.4
  58044 119.23  34.53    5   16.5
  58045 119.60  34.20    8   14.2
  58048 119.35  34.12    9   15.7
  58049 119.82  34.03    7    6.1
  58100 115.17  33.65   42    0.5
  58101 115.48  33.87   42    0.6
  58104 115.07  33.40   42    0.6
  58107 115.25  33.07   40    0.4
  58108 115.33  33.23   46    0.7
  58109 115.62  33.18   37    1.5
  58112 116.45  30.73  933   12.1
  58113 116.75  33.93   35    4.8
  58114 116.18  33.48   29    3.9
  58116 116.83  33.98   32    5.3
  58117 116.20  33.13   33    4.4
  58125 117.55  33.55   28    4.5
  58126 117.87  33.47   24    4.3
  58127 117.20  32.98   23   26.7
  58128 117.30  33.32   23    6.6
  58129 117.87  33.13   20    4.6
  58131 118.27  33.98   28    8.7
  58132 118.68  33.72   19   14.8
  58139 118.88  33.30   13   29.1
  58140 119.30  33.77   13   14.6
  58145 119.17  33.53    8   28.9
  58146 119.77  33.47    7   10.9
  58147 118.97  32.98   28   26.1
  58148 119.30  33.23   11   22.1
  58154 120.20  33.43    7   11.2
  58202 115.58  32.63   37    4.9
  58205 115.43  32.47   36    5.3
  58207 115.05  32.17   42    4.1
  58210 116.23  32.65   25    8.4
  58212 116.73  32.72   27   15.5
  58214 116.28  32.33   37    9.3
  58220 117.15  32.47   32   19.7
  58222 117.55  32.85   31   10.5
  58223 117.98  32.78   38    3.7
  58224 117.02  32.65   36   22.2
  58230 118.27  32.08   34    8.0
  58234 118.42  32.47   43    7.6
  58235 118.85  32.37   16    7.9
  58237 118.62  32.05   22    6.6
  58240 119.02  32.68   25   14.6
  58242 119.18  32.28   14   10.2
  58243 119.83  32.93    7   17.4
  58244 119.58  32.45   10   15.7
  58245 119.42  32.42   14   13.5
  58246 119.90  32.52   11   16.4
  58247 119.82  32.25    5   19.2
  58249 120.00  32.17    8   15.4
  58250 120.15  32.52   10   17.7
  58254 120.45  32.52    5   15.4
  58257 120.25  31.98   12   16.3
  58264 121.18  32.33   11    2.8
  58268 121.08  32.10    8    5.8
  58301 115.38  31.82   90    8.4
  58306 115.88  31.68   94    8.4
  58316 116.95  31.47   26    7.9
  58317 116.37  30.87  434   10.8
  58320 117.13  31.73   26   12.2
  58323 117.47  31.88   29   16.7
  58327 117.28  31.25   24    6.6
  58329 117.87  31.33   24   12.9
  58330 118.08  31.75   20    9.3
  58331 118.37  31.73   26   11.9
  58334 118.37  31.38   23   14.2
  58335 118.52  31.57   16   13.5
  58337 118.18  31.08   30   12.5
  58339 118.90  31.33   24    5.9
  58340 119.03  31.65   23    9.2
  58341 119.58  31.98   10   14.8
  58342 119.55  31.72    7   13.8
  58344 119.20  31.97   35   12.6
  58346 119.82  31.33   15    9.0
  58351 120.30  31.90   12   21.5
  58352 120.77  31.65    8   0.01
  58353 120.57  31.87    6   16.1
  58360 121.20  31.92    6    0.8
  58401 115.40  30.78  106    5.8
  58404 115.22  30.47   57    4.3
  58408 115.43  30.23   35    5.8
  58409 115.93  30.07   20    9.2
  58415 116.58  30.63   38   10.1
  58416 116.82  30.75   38   11.4
  58417 116.13  30.17   50    9.8
  58418 116.70  30.13   26   17.7
  58420 117.22  30.72   38   13.8
  58421 117.87  30.63   32    8.5
  58423 117.78  30.48  643   11.6
  58426 118.13  30.30  192   12.1
  58427 117.48  30.67   36   17.1
  58428 117.48  30.22  115   15.4
  58431 118.32  30.92   17    9.7
  58432 118.40  30.68   39    8.7
  58433 118.75  30.93   30    5.1
  58435 118.53  30.30  221    1.3
  58438 118.58  30.08  197    0.5
  58441 119.42  30.87   53    0.2
  58442 119.18  31.13   16    2.5
  58443 119.90  31.02   19   0.01
  58451 120.93  30.83    3   0.01
  58501 115.63  29.93   25    8.1
  58502 116.00  29.73   37   10.4
  58503 115.68  29.70   41    7.0
  58508 115.77  29.33   42    7.5
  58509 115.82  29.05   38   11.7
  58510 116.23  29.73   40   16.1
  58512 116.55  29.90   66   20.7
  58514 116.05  29.45   35   14.2
  58517 116.20  29.27   43   13.4
  58523 117.93  29.93  231    5.8
  58529 117.85  29.27   82    0.3
  58530 118.43  29.87  170    0.3
  58601 115.38  28.70   54    5.7
  58602 115.55  28.85   46    9.7
  58605 115.38  28.42   49    1.2
  58607 115.95  28.55   35    3.4
  58609 115.82  28.22   30    3.0
  58612 116.68  28.70   22    3.1
  58614 116.27  28.38   40    2.3
  58615 117.08  28.68   56    1.3
  58616 116.82  28.20   44    0.3
  58618 116.60  28.23   51    1.5
  58619 116.37  28.00   47    0.1
  58620 117.13  28.97   37    1.8
  58624 117.43  28.40   64    0.1
  58625 117.60  28.42   80   0.01
  58627 117.03  28.25   64    1.6
  58629 117.70  28.32   59   0.01
  58693 115.83  28.70   37    2.9
  58701 115.40  27.77   47   0.01
  58704 115.35  27.62   61    0.8
  58710 116.05  27.77   76   0.01
  58712 116.78  27.92  123    0.9
  58713 117.07  27.72  220    0.2
  58724 117.30  27.52  264   0.01
  59001 105.33  24.78  674    3.6
  59004 105.10  24.50  729    1.8
  59012 106.55  24.78  973    1.2
  59015 106.57  24.35  442    0.8
  59017 106.27  24.27  279    0.3
  59022 107.55  24.98  695    0.6
  59025 107.38  24.53  249    0.5
  59027 107.25  24.13  244   0.01
  59031 108.25  24.83  205    0.4
  59205 105.63  23.65  688    2.5
  59650 110.25  21.38   25    0.1
  59653 110.85  21.93   35   0.01
  59654 110.30  21.63   28    0.5
  59655 110.62  21.65   35    4.5
  59656 110.77  21.43   29   0.01
  59757 110.37  20.00   10    0.1
  59842 109.68  19.90   31    5.0
  59843 110.00  19.73   36    2.5
  59847 109.05  19.27  101    1.2
  59848 109.43  19.23  219   14.3
  59851 110.33  19.70   25   10.3
  59854 110.10  19.37  119    1.4
  59856 110.75  19.62   26    5.1
  59940 109.17  18.75  156    3.8
  59941 109.52  18.77  328    2.7
  59945 109.70  18.65   65    0.4
  59951 110.33  18.80   38    0.1
