diamond  3 2013年10月31日08点24小时降雨量                    
  13  10  31  08    -2 3 10 25 50 1 0
 39 122.7  37.3 122.5  36.7 120.8  36.2 119.3  35.0 120.4  34.3
 121.1  32.7 122.3  30.9 122.5  30.1 121.5  28.0 119.8  25.0
 116.1  22.6 111.0  21.0 111.0  18.6 109.6  18.1 108.3  18.5
 108.9  19.9 109.3  21.0 106.4  21.6 104.1  22.2 101.6  20.8
  98.7  22.0  97.1  24.1  97.7  27.0  91.7  26.6  85.7  27.7
  78.9  30.6  73.3  37.1  74.1  40.7  87.6  49.8  98.5  43.9
 110.4  44.3 122.0  54.7 135.7  48.3 131.5  42.2 125.2  39.4
 121.3  38.5 121.2  40.3 118.5  38.6 120.8  38.1
1                    838
  50445 123.73  50.58  424    0.8
  52745  99.02  37.30 3417    0.1
  52853 100.98  36.90 3011    1.8
  52855 101.25  36.68 2676    0.3
  52862 101.68  36.95 2451    0.6
  52863 101.95  36.82 2480   0.01
  52869 101.58  36.50 2665   12.1
  52874 102.40  36.48 1981   0.01
  52875 102.10  36.50 2129   0.01
  52877 102.25  36.10 2835    2.6
  52881 103.18  36.98 2485    2.7
  52885 103.25  36.75 2119    1.8
  52896 104.15  36.55 1739    1.8
  52957 100.60  35.25 3149    3.1
  52963 102.02  35.93 2086    0.1
  52968 101.47  35.03 3663    0.8
  52972 102.47  35.85 1870   0.01
  52978 102.52  35.20 2930    0.4
  52980 103.30  35.97 1649   0.01
  52981 103.38  35.67 2429    0.3
  52982 103.55  35.48 1954    0.2
  52985 103.33  35.42 2164    0.7
  52988 103.72  35.37 2000    0.1
  52993 104.07  35.68 1740    3.2
  52995 104.62  35.58 1898    0.2
  53505 105.40  37.88 1382    5.5
  53610 106.35  38.57 1106    0.2
  53617 106.08  38.03 1119    3.9
  53618 106.25  38.28 1115    0.8
  53619 106.30  38.12 1117    1.6
  53644 108.83  38.60 1309   0.01
  53658 110.48  38.03  895   0.01
  53659 111.00  37.97 1164    0.2
  53679 112.55  37.73  776   0.01
  53707 105.25  36.93 1699    2.9
  53727 107.12  37.17 1713    6.6
  53730 107.48  38.18 1335    1.0
  53732 108.72  37.85 1211    2.0
  53748 109.70  37.18 1064    5.9
  53750 110.18  37.77  931    1.5
  53751 110.05  37.60  897    3.2
  53753 110.88  37.43  861    1.7
  53756 110.72  37.52  744    3.1
  53757 110.12  37.12  938    6.0
  53759 110.83  36.98 1106    4.8
  53760 111.23  37.88 1212   0.01
  53767 111.17  37.33 1212    3.7
  53768 111.75  37.15  770    3.0
  53769 111.78  37.25  749    3.3
  53770 112.35  37.35  769    1.5
  53771 112.05  37.42  751    0.7
  53774 112.33  37.62  774    0.2
  53776 112.77  37.68  831    0.3
  53777 112.15  37.53  760    0.4
  53778 112.22  37.17  780    2.0
  53781 114.47  36.87   69   0.01
  53786 113.37  37.08 1134    1.1
  53788 113.57  37.33 1267    0.2
  53829 107.90  35.98 1094   11.0
  53832 108.77  36.77 1220    7.9
  53841 109.32  36.88 1069    6.8
  53848 109.35  36.27 1005   11.2
  53850 110.18  36.88  801    6.7
  53852 110.63  36.77  917    7.2
  53856 110.75  36.47  756    4.3
  53857 110.18  36.07  840    9.1
  53860 111.17  36.98 1407    6.3
  53861 111.42  35.88  425    8.8
  53862 111.77  36.83  809    4.3
  53864 111.10  36.40 1030    5.2
  53865 111.55  36.65 1012    6.2
  53866 111.67  36.23  464    6.6
  53869 111.70  36.58  550    5.8
  53871 112.85  36.83  965    2.8
  53872 112.68  36.77  962    3.6
  53873 112.87  36.12  951    6.3
  53874 111.90  36.25  650    7.6
  53875 112.35  36.52 1001    5.7
  53878 113.38  36.52  769    1.6
  53879 112.88  36.32  953    7.5
  53880 113.23  36.33  948    4.2
  53881 106.48  37.28 1382    2.3
  53885 113.20  36.13 1031    5.8
  53886 113.67  36.57  471    0.5
  53888 113.43  36.20 1088    4.6
  53889 113.82  36.07  308    2.6
  53890 114.15  36.68  234   0.01
  53892 114.47  36.62   67   0.01
  53895 114.50  36.78   61   0.01
  53899 114.97  36.48   49   0.01
  53906 105.72  35.52 1659    2.9
  53908 105.23  35.22 1769    3.6
  53914 106.12  35.62 2079    2.6
  53916 106.32  35.50 1949    5.2
  53917 106.07  35.22 1633    3.4
  53924 107.62  35.07  967   11.0
  53925 107.18  35.68 1174    8.8
  53926 107.35  35.35 1630   12.1
  53927 106.62  35.20 1478    7.5
  53928 107.02  35.30 1150    8.0
  53930 107.98  36.45 1270    8.4
  53931 109.37  36.00  983   13.2
  53934 108.02  35.82 1299   12.3
  53935 108.35  35.48 1443   11.9
  53937 107.92  35.52  980   12.5
  53938 108.30  35.17 1277   11.0
  53941 109.58  35.18  807   11.7
  53944 109.25  35.57  857   14.1
  53945 109.07  35.43 1394   14.1
  53946 109.82  35.60 1091    5.2
  53947 109.07  35.08  979   12.5
  53949 109.92  35.18  680    7.4
  53950 110.15  35.23  710    8.9
  53953 110.85  35.97  966    8.6
  53954 110.97  35.62  433    9.6
  53956 110.83  35.40  589    9.7
  53957 110.72  35.62  459    9.8
  53958 110.78  35.13  389    8.0
  53961 111.48  35.65  473    9.6
  53962 111.70  35.73  585    8.8
  53964 111.22  35.62  431    9.2
  53965 111.57  35.52  761    8.2
  53966 111.83  35.98  818    8.6
  53967 111.20  35.33  469    7.6
  53970 112.20  35.70  887    8.5
  53972 112.92  35.12  121    7.4
  53973 112.95  35.77  836    6.8
  53974 114.18  35.62   73    2.6
  53976 112.87  35.50  751    9.9
  53978 112.63  35.08  140   10.9
  53979 113.08  35.15  121    6.8
  53980 114.80  36.55   51   0.01
  53981 113.27  35.78 1311    7.8
  53982 113.27  35.23  113    5.7
  53983 114.42  35.03   70    5.3
  53984 113.47  35.23   83    5.4
  53985 113.82  35.45   97    6.2
  53987 113.42  35.10   91    6.1
  53988 113.67  35.27   78    5.2
  53989 113.95  35.05   77    6.2
  53991 114.35  35.93   75    1.3
  53992 114.52  35.65   59    2.1
  53993 114.92  35.93   52    0.1
  53994 114.07  35.38   71    4.5
  53995 114.50  35.55   64    2.5
  53997 114.18  35.15   72    5.5
  53998 114.65  35.20   62    4.9
  54805 115.45  36.48   41   0.01
  54809 115.28  36.55   42   0.01
  54900 115.02  35.70   54    0.3
  54902 115.12  35.90   49   0.01
  54904 115.52  35.58   51   0.01
  54906 115.42  35.25   51    1.3
  54907 116.65  34.98   38   0.01
  54908 115.10  35.27   57    1.9
  54917 116.32  35.10   41   0.01
  56016  95.62  33.85 4181    0.7
  56071 102.50  34.58 3107    0.8
  56081 103.35  34.70 2811    2.5
  56082 103.50  34.58 2544    5.4
  56084 103.23  34.07 2376   0.01
  56091 104.47  34.85 1884    0.8
  56092 104.65  35.00 1729    0.7
  56094 104.37  33.78 1400    0.4
  56095 104.38  34.03 1754    0.3
  56097 104.23  33.27 1407    5.8
  56168 102.07  31.48 2170   0.01
  56180 103.85  31.68 1591    0.5
  56181 103.70  30.68  543    0.7
  56183 103.58  31.47 1326   0.01
  56184 103.17  31.43 1884    0.1
  56185 102.98  32.08 2400   0.01
  56186 104.20  31.33  589    0.7
  56189 103.93  30.98  584    0.4
  56190 104.55  31.55  518    3.6
  56192 104.67  32.95 1016    1.5
  56193 104.52  32.42  894    2.2
  56194 104.45  31.82  679    2.6
  56195 104.73  31.78  531    1.6
  56197 104.18  31.13  537    1.6
  56198 104.50  31.32  523    1.4
  56199 104.68  31.03  424    0.7
  56272 103.88  30.82  560    0.6
  56273 102.82  30.38 1011    0.3
  56278 102.77  30.07  756    7.9
  56279 102.93  30.15  683    1.1
  56280 103.12  30.08  692    8.2
  56281 103.50  30.18  512   0.01
  56284 103.48  30.42  502    0.1
  56286 104.25  30.55  514    1.4
  56288 103.92  30.58  495    0.2
  56290 104.18  30.78  515    0.6
  56291 104.28  30.97  474    0.5
  56295 104.55  30.38  443    0.4
  56296 104.43  30.85  449    0.6
  56297 104.15  30.02  431    0.1
  56298 104.60  30.13  415    0.2
  56371 102.23  29.92 1322   0.01
  56373 102.85  29.78  763    0.8
  56376 102.68  29.35 1098    1.4
  56378 102.35  29.23  891    0.9
  56380 103.37  29.92  466    4.8
  56382 103.60  29.73  408   0.01
  56384 103.48  29.60  446    4.8
  56387 103.27  29.23  639    0.1
  56390 104.07  29.67  403   0.01
  56391 103.82  30.08  416    0.1
  56393 104.85  29.77  370    0.1
  56394 104.43  29.45  382   0.01
  56399 104.98  29.18  307   0.01
  56473 102.77  28.95 1061    0.3
  56480 103.53  28.82  564    2.0
  56483 103.95  28.60  412    0.2
  56490 103.90  28.95  396   0.01
  56497 104.23  28.10  433    0.3
  56498 104.50  28.17  442    1.7
  56499 104.78  28.38  368    0.4
  56582 103.90  27.75 1177    0.7
  56592 104.52  28.43  360    0.1
  56593 104.92  28.58  281    0.7
  56594 104.05  27.63  884   0.01
  56595 104.87  27.42 1644    0.4
  56596 105.05  27.85 1176    0.4
  56598 104.73  27.13 1538    0.1
  56835  97.82  24.07  958   0.01
  56958 100.42  21.92 1177    0.4
  57001 105.33  34.75 1273    2.4
  57002 105.65  34.85 1217    2.5
  57004 104.88  34.73 1496    0.8
  57006 105.75  34.58 1142    4.1
  57007 105.18  34.18 1406    2.9
  57008 105.30  34.03 1578    3.2
  57011 106.15  34.75 1379    5.0
  57012 106.20  34.98 1665    2.5
  57016 107.13  34.35  613    8.4
  57020 107.40  34.37  563   16.5
  57021 107.13  34.65  751    9.6
  57022 107.78  34.68 1026   16.6
  57023 108.10  35.03  841   13.0
  57024 107.65  34.45  671   14.4
  57026 107.88  34.37  586   13.4
  57027 107.73  34.27  518   19.5
  57029 108.48  34.50  544   12.8
  57031 108.55  34.82 1013   13.7
  57032 108.20  34.13  436   12.4
  57033 108.82  34.55  429    8.8
  57035 108.23  34.55  636   14.7
  57036 108.93  34.30  398   10.0
  57038 108.45  34.28  411   15.9
  57039 108.88  34.08  445   11.0
  57040 109.08  34.52  378    8.1
  57041 108.92  34.63  425    9.5
  57042 109.18  34.78  473    9.8
  57043 109.97  34.80  352    6.2
  57044 109.23  34.40  424    8.8
  57045 109.48  34.52  354    5.8
  57047 109.32  34.17  541    8.9
  57053 110.72  34.70  507    8.4
  57054 110.23  34.55  557    7.3
  57055 110.08  34.55  352    3.5
  57056 110.88  34.53  390    7.4
  57057 110.15  34.10  961   12.8
  57060 111.23  35.17  404    8.4
  57061 111.20  34.83  411   10.1
  57063 111.77  34.77  524   15.4
  57065 112.18  34.50  196   22.8
  57066 111.67  34.38  329   14.7
  57070 112.12  34.73  358   23.0
  57072 112.75  34.92  128   13.5
  57074 112.42  34.42  198   21.6
  57075 112.87  34.17  203   16.8
  57076 112.82  34.72  190   12.9
  57078 112.47  34.15  337   20.9
  57079 113.03  34.95  106    8.6
  57080 112.97  34.73  166    9.6
  57081 113.43  34.80  141   10.7
  57082 113.02  34.47  428   10.2
  57084 113.05  34.50 1180   21.1
  57085 113.37  34.55  289   15.1
  57086 113.72  34.38  116   25.5
  57087 113.80  34.20   88   14.6
  57088 113.50  34.15  117   17.0
  57090 113.97  34.72   79    9.8
  57093 114.82  34.85   74    5.1
  57094 114.22  34.40   71   13.1
  57095 114.15  34.12   61   15.7
  57096 114.78  34.53   60    9.9
  57098 114.40  34.08   59   11.1
  57099 114.85  34.07   53   14.5
  57102 105.72  33.75  971    4.4
  57105 105.60  33.33 1219    6.1
  57110 106.08  33.78  930    9.2
  57111 106.30  33.92  967    5.9
  57113 106.53  33.90  990    6.5
  57119 106.70  33.17  551    7.7
  57123 108.07  34.28  510   18.6
  57126 107.55  33.22  470    6.9
  57128 107.33  33.17  487    5.8
  57129 107.72  32.98  447    4.7
  57132 108.62  34.12  415   11.0
  57137 108.32  33.32  801    6.9
  57140 109.12  33.67  818   11.7
  57153 110.33  33.68  584   16.3
  57155 109.87  33.55  661   20.1
  57162 112.08  34.15  327   18.5
  57169 111.87  33.05  160   14.6
  57173 112.88  33.75  147   22.1
  57175 112.23  33.05  192   12.9
  57176 112.42  33.48  230   11.0
  57177 113.53  33.33   91   12.5
  57179 113.00  33.28  161   10.0
  57180 113.20  33.98  118   13.1
  57182 113.50  33.85   81   15.6
  57183 113.92  33.80   61   17.5
  57184 113.37  33.63   84   20.0
  57185 113.58  33.45   92   19.9
  57186 114.05  33.60   59   17.5
  57187 112.93  33.07  119    8.8
  57188 114.03  33.37   56   16.7
  57189 113.95  33.13   65   17.0
  57190 114.40  33.75   51   14.4
  57191 114.48  34.48   64   14.0
  57192 114.85  33.73   47    9.9
  57194 114.27  33.28   60   17.1
  57195 114.62  33.62   47   14.1
  57196 114.87  33.47   42   12.6
  57197 114.33  33.00   54   14.8
  57198 114.62  33.55   47   14.0
  57204 105.23  32.58  801    4.4
  57208 105.47  32.02  538    4.7
  57213 106.93  33.00  537   10.7
  57216 106.83  32.35  577   13.7
  57217 106.28  32.23  493    8.1
  57231 108.53  32.53  504   12.0
  57233 108.50  32.90  413   11.0
  57242 109.37  32.85  285    6.0
  57247 108.90  32.32  442   10.5
  57248 109.33  32.40  429   11.1
  57249 109.68  32.32  453   13.8
  57253 110.82  32.85  204   31.0
  57254 110.12  32.82  324   16.8
  57257 110.23  32.23  309   17.6
  57260 111.52  32.55  143   18.4
  57261 111.50  33.13  196   19.4
  57268 111.63  32.27   87   27.9
  57271 112.38  32.55   89   11.5
  57273 112.85  32.68  110    6.1
  57274 112.12  32.70  108    9.9
  57281 113.30  32.70  142    9.2
  57292 114.63  32.97   44   14.8
  57293 114.98  32.73   39    0.2
  57294 114.02  32.83   84   12.0
  57295 114.35  32.62   83    8.0
  57296 114.73  32.35   50    5.4
  57298 114.55  32.22   56    7.3
  57299 114.90  32.02   50    1.1
  57303 105.92  31.73  460    5.6
  57304 105.17  31.67  517    6.2
  57307 105.08  31.10  408    0.7
  57308 105.38  31.22  421    0.3
  57309 105.88  30.98  375    1.3
  57314 106.07  31.35  385    4.1
  57315 106.40  31.53  658    6.5
  57317 106.42  31.03  323    3.8
  57318 106.55  31.07  339    7.3
  57320 107.22  31.93  483    8.7
  57324 107.08  31.58  363   11.2
  57326 107.72  31.37  390    9.6
  57329 107.85  31.10  462    6.9
  57333 108.67  31.95  800    9.4
  57338 108.42  31.18  213    9.8
  57339 108.68  30.95  296    9.4
  57345 109.62  31.40  339   13.7
  57349 109.87  31.07  270   10.9
  57361 111.27  31.88  331   15.1
  57362 110.67  31.75  939   12.5
  57363 111.83  31.80  146   18.5
  57368 111.63  31.05  138   14.7
  57370 112.22  31.73   68   16.3
  57377 112.22  31.00  184    8.0
  57385 113.82  31.63   94    6.3
  57386 114.00  31.25   37    5.4
  57387 113.13  31.00   80    1.6
  57388 113.70  31.27   55    4.9
  57389 113.75  31.03   33    3.9
  57390 114.07  31.80  731    9.6
  57396 114.85  31.63  130    3.3
  57398 114.62  31.28   76    4.5
  57401 105.37  30.87  380    0.2
  57402 105.70  30.77  395    0.4
  57407 105.03  30.28  464    0.6
  57408 105.35  30.12  333    0.2
  57409 105.80  30.18  295    0.1
  57413 106.97  30.85  295    9.1
  57414 106.45  30.55  396    1.6
  57415 106.63  30.47  336    3.5
  57416 106.93  30.33 3915    3.4
  57417 106.28  30.35  315    0.4
  57420 107.20  30.75  397    4.6
  57425 107.33  30.33  430    3.6
  57431 108.35  30.83  256    7.5
  57437 108.03  30.30  326    5.2
  57438 108.12  29.98  630    4.0
  57453 111.32  30.77  116   10.9
  57460 111.78  30.82   91   13.8
  57462 111.08  30.87  104    9.7
  57464 111.18  30.47  144   15.3
  57465 111.45  30.38   76   12.2
  57466 111.77  30.43   50    7.2
  57469 111.77  30.18   68    8.4
  57475 112.90  30.40   33    3.9
  57477 112.22  30.07   39    5.6
  57481 113.58  30.95   31    4.5
  57485 113.45  30.37   33    3.2
  57486 113.85  30.65   25    5.8
  57489 114.00  30.58   39    4.7
  57491 114.40  30.87   31    4.3
  57492 114.80  30.83   33    4.9
  57495 114.88  30.67   19    2.4
  57496 114.87  30.37   30    2.9
  57498 114.90  30.43   22    2.2
  57499 114.97  30.10   40    3.0
  57505 105.58  29.42  324    1.5
  57506 105.90  29.37  376    0.6
  57507 105.30  29.33  374   0.01
  57508 105.37  29.15  302    0.1
  57509 106.93  28.95  325    7.6
  57510 106.05  29.85  275    3.9
  57511 106.45  29.85  242    2.3
  57513 106.62  29.73  457    4.1
  57514 106.22  29.58  325    1.9
  57518 106.53  29.38  243    1.6
  57519 107.08  29.15  559    8.3
  57522 107.42  29.75  273    7.0
  57525 107.75  29.32  273    4.0
  57537 108.17  29.30  321    6.3
  57540 109.15  29.68  776   14.9
  57541 109.48  30.00  533   10.3
  57543 110.03  29.88  540    7.3
  57544 109.45  29.47  486    8.3
  57558 110.47  29.13  184   10.2
  57564 111.13  29.43  103   11.0
  57565 111.75  29.65   39    5.6
  57566 111.65  29.45   50    6.9
  57571 112.40  29.70   37    6.5
  57575 112.57  29.52   32    7.6
  57577 112.17  29.40   37    7.8
  57582 113.88  29.73   51    4.0
  57585 113.45  29.48   60    7.1
  57586 114.03  29.53   79    4.2
  57589 113.80  29.25  103    6.1
  57590 114.37  29.85   64    3.9
  57596 114.20  29.63    0    6.2
  57600 105.07  28.72  256    0.6
  57603 105.83  28.82  283    1.0
  57605 105.82  28.03  539   0.01
  57609 105.70  28.58  316    1.0
  57623 107.60  28.88  684    5.2
  57634 107.88  28.52  658    5.0
  57635 108.98  28.45  363    5.9
  57636 108.50  28.57  335    3.3
  57637 108.12  28.25  524    3.0
  57640 109.45  28.58  344    6.6
  57643 109.83  29.00  268    7.7
  57646 109.95  28.62  301    9.1
  57657 110.20  28.22  182   21.8
  57658 110.20  28.02  144    4.0
  57661 111.48  28.92   51   15.1
  57663 111.95  28.92   31   14.5
  57666 112.13  28.52   49    5.0
  57674 112.47  28.57   44    3.6
  57678 112.55  28.25   71    1.3
  57680 113.07  28.80   47    1.9
  57688 113.63  28.15  100    1.5
  57694 114.38  28.53  256    1.9
  57698 114.45  28.12   99    2.4
  57699 114.92  28.23   68    2.1
  57708 105.60  27.15 1704    0.9
  57713 106.88  27.70  844    0.6
  57714 106.23  27.47  942    3.5
  57717 106.83  27.53  974    1.3
  57719 106.97  27.07 1280    5.7
  57720 107.17  27.88  888    1.5
  57723 107.72  27.98  710    1.4
  57728 107.47  27.07 1095    9.3
  57732 108.40  28.02  458    0.3
  57734 108.23  27.57  468    2.3
  57735 108.82  27.18  396    3.3
  57736 108.85  27.70  376    3.4
  57737 108.12  27.03  546    5.2
  57738 108.42  27.05  517    3.2
  57739 108.88  27.23  375    3.4
  57740 109.60  27.95  349   10.2
  57742 109.20  27.52  883    7.1
  57743 109.80  27.88  176   10.9
  57744 109.17  27.37  356    3.3
  57754 110.15  27.35  170    3.7
  57760 111.43  27.70  247    0.8
  57762 111.70  27.68  163    0.9
  57763 112.00  27.73  151    2.2
  57767 111.03  27.12  266    4.6
  57768 111.45  27.32  242    3.9
  57769 111.73  27.23  257    7.6
  57771 112.52  27.93   89    1.3
  57772 112.50  27.75   84    7.0
  57773 112.82  27.87   63    5.9
  57777 112.87  27.23   65    5.1
  57778 112.95  27.10   68    6.6
  57781 113.50  27.65   71    2.7
  57786 113.85  27.65  110    1.5
  57792 114.68  27.82   93    0.4
  57796 114.93  27.80   79    0.3
  57798 114.60  27.40   89    2.8
  57800 105.37  26.77 1458    0.2
  57807 105.47  26.20 1359   0.01
  57808 105.75  26.32 1272    2.0
  57809 105.75  26.07 1251    0.1
  57811 106.60  26.85 1242    1.7
  57813 106.47  26.57 1265    3.2
  57814 106.27  26.42 1285    2.8
  57818 106.45  26.03 1145    8.0
  57821 107.50  26.70  924    8.3
  57822 107.90  26.90  833    4.6
  57824 107.23  26.58 1005    8.0
  57828 107.58  26.50  983    7.8
  57829 107.80  26.20  964    4.7
  57834 108.30  26.68  642    5.6
  57835 108.43  26.72  521    2.8
  57837 108.07  26.40  838   12.4
  57842 109.72  26.88  281    2.8
  57844 109.18  26.68  344    2.4
  57846 110.15  26.58  307    1.3
  57851 110.85  26.45  307    6.9
  57859 110.63  26.03  409    0.7
  57860 111.28  27.00  282    7.8
  57865 111.58  26.47  166    4.7
  57867 111.28  26.40  169    2.1
  57868 111.87  26.60  113    8.5
  57870 112.10  26.80  151   19.2
  57871 112.37  26.98   91    5.6
  57875 112.50  26.88   71    5.2
  57876 112.83  26.43  118    1.1
  57881 113.25  26.72  105    0.5
  57882 113.55  26.78  135    0.6
  57883 114.28  26.75  257    1.9
  57886 113.78  26.50  226    2.0
  57891 114.25  26.93  144    0.5
  57895 114.78  26.47   96    0.6
  57899 114.92  26.80   66    0.6
  57903 105.60  25.93 1138   0.01
  57911 106.65  26.67 1325    1.3
  57913 106.98  26.45 1095    2.1
  57914 106.67  26.42 1143    7.2
  57915 106.77  26.63 1102    1.6
  57921 107.32  25.83  710    0.1
  57923 107.87  25.98  418    1.4
  57927 107.18  24.97  283    3.6
  57936 108.92  25.75  255    1.3
  57941 109.60  25.78  198    0.9
  57942 110.00  25.80  267    0.5
  57948 109.25  25.08  123    0.1
  57949 110.00  24.98  157    0.2
  57954 110.18  25.23  158    0.9
  57955 110.67  25.62  224    1.2
  57956 110.32  25.42  169    0.6
  57958 110.32  25.08  152    2.0
  57960 111.07  25.93  192    0.7
  57962 111.65  25.97  166    0.2
  57964 111.15  25.50  258    3.4
  57966 111.95  25.60  205    0.9
  57969 111.33  25.27  230    2.1
  57971 112.20  25.92  225   0.01
  57973 112.72  25.75  328    1.1
  57975 112.20  25.38  278    0.2
  57976 112.95  25.42  226    2.6
  57978 112.55  25.28  291    1.0
  57981 113.22  25.98  141    0.2
  57985 113.68  25.57  608    1.2
  57991 114.55  25.80  148    0.1
  58001 115.10  34.43   57    9.4
  58002 115.58  34.85   53    1.2
  58003 115.88  34.95   48    0.3
  58004 115.15  34.65   61    4.4
  58006 115.88  34.38   47    8.4
  58007 115.30  34.07   53    5.0
  58008 115.33  34.47   55   10.1
  58011 116.07  34.80   44    0.3
  58012 116.58  34.68   40    0.3
  58013 116.90  34.75   40   0.01
  58016 116.97  34.18   39    0.3
  58017 116.13  34.25   42    2.0
  58020 117.13  34.80   38    0.1
  58021 117.28  34.78   80   0.01
  58022 117.57  34.75   48   0.01
  58025 117.73  34.57   32    0.3
  58030 118.07  34.85   47   0.01
  58035 118.35  34.33   30    0.5
  58036 118.73  34.52   39    0.4
  58041 119.43  34.78   22   0.01
  58044 119.23  34.53    5   0.01
  58048 119.35  34.12    9   0.01
  58049 119.82  34.03    7    0.1
  58100 115.17  33.65   42    6.5
  58101 115.48  33.87   42    7.7
  58104 115.07  33.40   42   13.2
  58107 115.25  33.07   40   10.2
  58108 115.33  33.23   46   10.1
  58109 115.62  33.18   37   11.6
  58112 116.45  30.73  933    1.0
  58113 116.75  33.93   35    0.8
  58114 116.18  33.48   29    4.0
  58116 116.83  33.98   32    0.3
  58117 116.20  33.13   33   10.3
  58125 117.55  33.55   28    1.2
  58126 117.87  33.47   24    1.5
  58127 117.20  32.98   23    8.3
  58128 117.30  33.32   23    4.2
  58129 117.87  33.13   20    3.2
  58131 118.27  33.98   28    0.2
  58132 118.68  33.72   19    0.4
  58139 118.88  33.30   13    2.0
  58140 119.30  33.77   13    0.2
  58145 119.17  33.53    8    0.6
  58146 119.77  33.47    7    0.5
  58147 118.97  32.98   28    4.8
  58148 119.30  33.23   11    0.8
  58154 120.20  33.43    7    1.3
  58202 115.58  32.63   37    6.5
  58205 115.43  32.47   36    3.6
  58207 115.05  32.17   42    1.7
  58210 116.23  32.65   25   12.2
  58212 116.73  32.72   27    4.2
  58214 116.28  32.33   37   10.2
  58220 117.15  32.47   32    6.4
  58222 117.55  32.85   31    4.3
  58223 117.98  32.78   38    2.7
  58224 117.02  32.65   36    4.8
  58230 118.27  32.08   34    3.9
  58234 118.42  32.47   43   10.8
  58235 118.85  32.37   16    8.8
  58237 118.62  32.05   22    3.5
  58240 119.02  32.68   25   10.8
  58242 119.18  32.28   14    6.9
  58243 119.83  32.93    7    3.7
  58244 119.58  32.45   10    7.5
  58245 119.42  32.42   14    6.3
  58246 119.90  32.52   11    5.4
  58247 119.82  32.25    5    3.7
  58249 120.00  32.17    8    1.5
  58250 120.15  32.52   10    3.4
  58254 120.45  32.52    5    2.6
  58257 120.25  31.98   12    1.3
  58264 121.18  32.33   11    0.6
  58268 121.08  32.10    8    0.7
  58269 121.65  31.78   12    0.8
  58301 115.38  31.82   90    3.3
  58306 115.88  31.68   94    4.7
  58316 116.95  31.47   26    4.6
  58317 116.37  30.87  434    2.2
  58320 117.13  31.73   26    3.0
  58323 117.47  31.88   29    3.5
  58327 117.28  31.25   24    7.5
  58329 117.87  31.33   24    1.2
  58330 118.08  31.75   20    3.4
  58331 118.37  31.73   26    3.3
  58334 118.37  31.38   23    0.5
  58335 118.52  31.57   16    0.1
  58337 118.18  31.08   30    0.8
  58339 118.90  31.33   24   0.01
  58340 119.03  31.65   23    1.3
  58341 119.58  31.98   10    1.1
  58342 119.55  31.72    7    1.5
  58344 119.20  31.97   35    0.4
  58346 119.82  31.33   15    3.3
  58349 120.63  31.27    9   14.2
  58351 120.30  31.90   12    0.1
  58352 120.77  31.65    8    2.0
  58353 120.57  31.87    6    0.5
  58359 120.62  31.13    9    2.5
  58360 121.20  31.92    6    0.8
  58361 121.37  31.10   10   39.4
  58365 121.25  31.37    9    3.3
  58366 121.40  31.63    9    1.4
  58367 121.43  31.20   18    7.2
  58369 121.78  31.05    9    8.6
  58370 121.55  31.22   11    3.9
  58377 121.10  31.47    6    2.6
  58401 115.40  30.78  106    1.5
  58404 115.22  30.47   57    2.4
  58408 115.43  30.23   35    0.7
  58409 115.93  30.07   20    2.1
  58415 116.58  30.63   38    0.4
  58416 116.82  30.75   38    0.4
  58417 116.13  30.17   50    3.6
  58418 116.70  30.13   26    0.9
  58420 117.22  30.72   38    1.0
  58421 117.87  30.63   32    0.3
  58423 117.78  30.48  643    0.1
  58426 118.13  30.30  192   0.01
  58427 117.48  30.67   36    1.2
  58428 117.48  30.22  115    0.2
  58431 118.32  30.92   17   0.01
  58432 118.40  30.68   39    0.1
  58433 118.75  30.93   30    0.2
  58435 118.53  30.30  221    0.3
  58438 118.58  30.08  197    0.3
  58441 119.42  30.87   53    1.2
  58442 119.18  31.13   16   0.01
  58443 119.90  31.02   19    8.4
  58446 119.68  30.63   25   12.5
  58449 119.95  30.05   47    3.8
  58451 120.93  30.83    3    4.7
  58452 120.77  30.73    4    2.2
  58453 120.50  30.07   10    0.9
  58454 119.97  30.53    5    2.3
  58455 120.65  30.52    8    4.2
  58456 120.52  30.63    6    3.2
  58458 120.90  30.53    3    1.7
  58459 120.28  30.18   42    2.7
  58460 121.35  30.73    6    1.8
  58461 121.12  31.13    8   14.7
  58462 121.23  31.03    9    5.9
  58463 121.50  30.88    9    1.9
  58468 121.17  30.05   10    0.5
  58501 115.63  29.93   25    3.2
  58502 116.00  29.73   37    1.2
  58503 115.68  29.70   41    3.2
  58508 115.77  29.33   42    0.1
  58509 115.82  29.05   38   0.01
  58510 116.23  29.73   40    0.2
  58512 116.55  29.90   66    0.1
  58514 116.05  29.45   35   0.01
  58517 116.20  29.27   43    0.1
  58523 117.93  29.93  231   0.01
  58529 117.85  29.27   82    0.2
  58530 118.43  29.87  170    0.1
  58534 118.18  29.78  173    0.6
  58537 118.40  29.13  153    0.2
  58542 119.68  29.82   45    0.3
  58544 119.27  29.48   87    0.1
  58546 119.88  29.47  114    1.8
  58548 119.47  29.22   46    0.4
  58550 120.25  29.70   39    0.8
  58555 120.88  29.52  112   0.01
  58558 120.22  29.27   89    0.9
  58559 120.98  29.17   59   0.01
  58561 121.60  29.98    3    0.4
  58563 121.83  29.88    4   0.01
  58565 121.43  29.68    6    0.6
  58566 121.88  29.47   14    1.6
  58567 121.43  29.32   39    0.6
  58568 121.38  29.12   35    1.9
  58601 115.38  28.70   54   0.01
  58605 115.38  28.42   49    0.8
  58607 115.95  28.55   35    1.6
  58609 115.82  28.22   30    0.4
  58612 116.68  28.70   22    0.5
  58614 116.27  28.38   40    1.6
  58615 117.08  28.68   56    0.6
  58616 116.82  28.20   44    1.0
  58618 116.60  28.23   51    0.9
  58619 116.37  28.00   47    0.1
  58623 117.92  28.47   92   0.01
  58624 117.43  28.40   64   0.01
  58625 117.60  28.42   80   0.01
  58627 117.03  28.25   64   0.01
  58631 118.50  28.90  134   0.01
  58642 119.80  28.88  102    0.3
  58643 120.03  28.90   99    1.6
  58654 120.08  28.67  184   0.01
  58656 120.97  28.12    7   0.01
  58657 120.28  28.15   59    7.3
  58658 120.68  28.15   36   22.1
  58659 120.65  28.03   29    3.5
  58660 121.13  28.85    8    0.9
  58664 121.37  28.37   33   10.4
  58693 115.83  28.70   37    0.9
  58701 115.40  27.77   47    0.3
  58704 115.35  27.62   61    0.5
  58706 115.83  27.43  180    0.4
  58707 115.13  27.22   66    2.0
  58710 116.05  27.77   76    0.8
  58712 116.78  27.92  123    0.4
  58714 116.23  27.55  115    0.1
  58719 116.93  27.30  123   0.01
  58746 119.70  27.55  514    4.9
  58747 119.35  27.15  900    4.8
  58748 119.65  27.10   51    0.6
  58749 119.88  27.23  680    2.7
  58750 120.08  27.78  106   10.8
  58751 120.55  27.68    5    0.8
  58844 119.15  26.15   49   0.01
  58845 119.53  26.50   57    0.1
  58848 119.55  26.20   12    8.7
  58850 120.23  26.92   88    3.7
  58932 118.93  25.87   85    1.3
  58934 118.27  25.33  170    0.4
  58940 119.33  26.08   28    1.6
  58941 119.50  25.97   11    4.4
  58942 119.38  25.72   39    6.1
  58946 119.00  25.45   84    0.2
  59001 105.33  24.78  674    0.1
  59012 106.55  24.78  973    0.3
  59015 106.57  24.35  442    0.5
  59017 106.27  24.27  279   0.01
  59022 107.55  24.98  695    1.1
  59025 107.38  24.53  249   0.01
  59027 107.25  24.13  244    1.5
  59031 108.25  24.83  205    0.5
  59033 108.90  24.78  330    0.1
  59038 108.65  24.07  142    0.1
  59041 109.25  24.65  109    0.9
  59044 109.38  24.47   99    0.1
  59045 109.75  24.48   95    1.0
  59047 109.33  24.25  101    2.7
  59051 110.50  24.77  133    1.8
  59052 110.82  24.83  167    0.8
  59053 110.67  24.62  108    0.5
  59055 110.40  24.50  166    1.0
  59057 110.18  24.13  827   0.01
  59061 111.27  24.82  198   0.01
  59063 111.45  25.18  262    0.9
  59064 111.32  24.55  141    0.1
  59215 106.62  23.33  640   0.01
  59229 107.70  23.18  101   0.01
  59235 108.62  23.43  116    0.2
  59241 109.68  23.97   91   0.01
  59249 109.62  23.12   56   0.01
  59419 106.75  22.10  243   0.01
  59425 107.35  22.40  107    0.1
  59427 107.07  22.12  162    0.5
  59441 109.25  22.70   78    0.4
  59448 109.55  22.27   70   0.01
  59847 109.05  19.27  101    0.2
  59848 109.43  19.23  219   0.01
  59940 109.17  18.75  156   17.4
  59941 109.52  18.77  328    3.8
  59951 110.33  18.80   38    0.1
