diamond  3 2013年10月21日08点24小时降雨量                    
  13  10  21  08    -2 3 10 25 50 1 0
 39 122.7  37.3 122.5  36.7 120.8  36.2 119.3  35.0 120.4  34.3
 121.1  32.7 122.3  30.9 122.5  30.1 121.5  28.0 119.8  25.0
 116.1  22.6 111.0  21.0 111.0  18.6 109.6  18.1 108.3  18.5
 108.9  19.9 109.3  21.0 106.4  21.6 104.1  22.2 101.6  20.8
  98.7  22.0  97.1  24.1  97.7  27.0  91.7  26.6  85.7  27.7
  78.9  30.6  73.3  37.1  74.1  40.7  87.6  49.8  98.5  43.9
 110.4  44.3 122.0  54.7 135.7  48.3 131.5  42.2 125.2  39.4
 121.3  38.5 121.2  40.3 118.5  38.6 120.8  38.1
1                    410
  45045 114.30  22.18   55    1.0
  52881 103.18  36.98 2485   0.01
  52885 103.25  36.75 2119   0.01
  52896 104.15  36.55 1739    0.6
  52980 103.30  35.97 1649   0.01
  52981 103.38  35.67 2429   0.01
  52982 103.55  35.48 1954    0.2
  52988 103.72  35.37 2000   0.01
  52993 104.07  35.68 1740    0.8
  52995 104.62  35.58 1898   0.01
  53610 106.35  38.57 1106    2.1
  53617 106.08  38.03 1119    0.4
  53618 106.25  38.28 1115    0.3
  53619 106.30  38.12 1117    0.5
  53644 108.83  38.60 1309   0.01
  53707 105.25  36.93 1699    1.5
  53727 107.12  37.17 1713    3.1
  53730 107.48  38.18 1335    1.5
  53732 108.72  37.85 1211    0.2
  53780 113.15  37.90 1066   0.01
  53829 107.90  35.98 1094    1.1
  53832 108.77  36.77 1220    0.6
  53841 109.32  36.88 1069    0.1
  53848 109.35  36.27 1005   0.01
  53864 111.10  36.40 1030    0.7
  53865 111.55  36.65 1012    0.1
  53881 106.48  37.28 1382    3.6
  53906 105.72  35.52 1659    1.3
  53908 105.23  35.22 1769   0.01
  53914 106.12  35.62 2079    2.6
  53916 106.32  35.50 1949    2.0
  53917 106.07  35.22 1633    0.5
  53924 107.62  35.07  967    0.4
  53925 107.18  35.68 1174    1.9
  53926 107.35  35.35 1630    0.4
  53927 106.62  35.20 1478    0.9
  53928 107.02  35.30 1150    1.5
  53930 107.98  36.45 1270    1.9
  53934 108.02  35.82 1299    1.3
  53935 108.35  35.48 1443    0.5
  53937 107.92  35.52  980    2.2
  53938 108.30  35.17 1277    0.2
  53944 109.25  35.57  857   0.01
  53945 109.07  35.43 1394    0.1
  54069 125.80  44.17  175    0.9
  54245 123.40  42.50   99    0.1
  54248 123.53  42.03   67    0.1
  54279 126.58  42.05  545    0.1
  54332 122.72  41.52   13   0.01
  54336 122.42  41.42   13    1.3
  54340 123.32  41.67   47    0.7
  54345 123.07  41.20   29    1.0
  54347 123.17  41.23   25    5.0
  54348 123.32  41.42   43    0.9
  54453 120.88  40.78   43    0.2
  54474 122.35  40.42   27    2.9
  54475 122.48  40.62   15    0.4
  54494 124.07  40.47   74   0.01
  54568 121.70  39.08   40    1.8
  54569 121.97  39.40   35    4.0
  54575 122.37  39.42   44    4.9
  54749 119.95  37.18   48   0.01
  54777 122.07  37.20  112   0.01
  56082 103.50  34.58 2544    0.1
  56092 104.65  35.00 1729   0.01
  56094 104.37  33.78 1400    3.8
  56095 104.38  34.03 1754    5.2
  56097 104.23  33.27 1407    5.2
  56147  98.83  31.22 3261    6.8
  56158 100.67  31.40 3250   11.3
  56164 100.98  32.27 3286    2.3
  56168 102.07  31.48 2170   13.9
  56171 101.70  32.90 3276    4.7
  56180 103.85  31.68 1591    3.2
  56181 103.70  30.68  543    3.8
  56183 103.58  31.47 1326    4.8
  56184 103.17  31.43 1884    5.5
  56185 102.98  32.08 2400    5.1
  56186 104.20  31.33  589    1.8
  56189 103.93  30.98  584    1.8
  56190 104.55  31.55  518    8.1
  56192 104.67  32.95 1016    0.5
  56193 104.52  32.42  894    1.2
  56194 104.45  31.82  679    3.7
  56195 104.73  31.78  531    1.3
  56197 104.18  31.13  537    1.1
  56198 104.50  31.32  523    1.0
  56199 104.68  31.03  424    0.6
  56263 101.88  30.88 1948    0.4
  56272 103.88  30.82  560    1.8
  56273 102.82  30.38 1011    0.4
  56276 103.82  30.45  468    8.8
  56278 102.77  30.07  756    0.5
  56279 102.93  30.15  683    1.0
  56280 103.12  30.08  692    2.4
  56281 103.50  30.18  512    1.7
  56284 103.48  30.42  502    1.0
  56285 103.52  30.60  525   16.5
  56286 104.25  30.55  514    3.6
  56288 103.92  30.58  495    3.1
  56289 103.87  30.20  439    9.3
  56290 104.18  30.78  515    7.3
  56291 104.28  30.97  474    2.3
  56295 104.55  30.38  443    0.5
  56296 104.43  30.85  449    9.8
  56297 104.15  30.02  431    0.1
  56298 104.60  30.13  415    0.3
  56373 102.85  29.78  763    5.8
  56376 102.68  29.35 1098    1.2
  56378 102.35  29.23  891    0.2
  56380 103.37  29.92  466    1.0
  56381 103.52  30.02  497    0.6
  56382 103.60  29.73  408    0.6
  56383 103.87  29.83  454    0.7
  56384 103.48  29.60  446    1.5
  56387 103.27  29.23  639    2.0
  56389 103.95  29.20  386    1.8
  56390 104.07  29.67  403    0.4
  56391 103.82  30.08  416    3.7
  56394 104.43  29.45  382    0.3
  56395 104.67  29.52  349    0.1
  56396 104.77  29.35  352    3.2
  56399 104.98  29.18  307    1.5
  56473 102.77  28.95 1061    1.5
  56474 102.17  28.55 1775    0.5
  56478 102.43  28.30 1819   0.01
  56480 103.53  28.82  564    1.7
  56483 103.95  28.60  412    0.9
  56487 103.13  28.33 1945    0.7
  56489 103.63  28.23  876    1.1
  56490 103.90  28.95  396    2.5
  56493 104.97  28.85  297    1.5
  56494 104.15  28.65  460    1.1
  56496 105.23  28.32  330    6.0
  56497 104.23  28.10  433    3.9
  56498 104.50  28.17  442    6.2
  56499 104.78  28.38  368    4.2
  56569 102.18  27.42 1381    0.4
  56575 102.55  27.37 1429    0.4
  56578 102.75  27.07 1093    0.8
  56580 102.80  27.72 2461    2.5
  56582 103.90  27.75 1177    0.8
  56584 103.25  27.70 1093    0.1
  56585 103.53  27.18 1916    1.9
  56592 104.52  28.43  360    0.4
  56593 104.92  28.58  281    0.6
  56594 104.05  27.63  884    1.6
  56595 104.87  27.42 1644    0.8
  56596 105.05  27.85 1176    1.8
  56598 104.73  27.13 1538    2.0
  56641  98.87  26.90 1191   0.01
  56670 102.12  26.90 1105   0.01
  56673 102.92  26.92  894    0.7
  56675 102.58  26.65 1695    0.2
  56688 103.17  26.10 1253   15.4
  56697 104.08  26.22 1987   13.4
  56745  99.95  25.68 1627   0.01
  56746  99.52  25.47 1618    0.3
  56755 100.48  25.35 1670    0.2
  56756 100.58  25.48 1993    0.2
  56757 100.28  25.27 1744    0.1
  56761 101.32  25.72 1873   0.01
  56764 101.23  25.53 1875    0.7
  56766 101.52  25.33 1769    2.4
  56767 101.28  25.18 1858    6.4
  56772 102.50  25.23 1694   24.3
  56774 102.42  25.53 1712    8.6
  56775 102.45  25.55 1752   11.5
  56777 102.07  25.15 1566   24.1
  56781 103.27  25.55 1874   21.1
  56782 103.55  25.42 2064   30.7
  56783 103.80  25.50 1906   22.0
  56785 103.03  25.33 1925   26.8
  56788 103.67  25.03 1842   14.0
  56790 104.25  25.68 1920   17.0
  56835  97.82  24.07  958    1.0
  56836  97.95  24.70  828    6.0
  56839  98.82  23.77  994   10.0
  56840  98.30  24.82 1013    0.8
  56841  98.68  24.60 1527    0.3
  56842  99.18  24.73 1473   0.01
  56843  99.62  24.83 1650   0.01
  56844  98.58  24.43  915   0.01
  56846  99.93  24.58 1569    1.7
  56849  99.23  24.03 1607    4.1
  56851 100.52  25.03 1378    1.0
  56854 100.13  24.45 1108    2.3
  56862 101.60  24.68 1966   25.0
  56863 102.48  24.93 1850   24.6
  56867 101.12  23.98 1107   19.1
  56869 101.97  24.07 1498   21.3
  56870 102.17  24.67 1576    9.8
  56871 102.60  24.65 1894    8.1
  56872 102.62  24.95 2360   25.9
  56873 102.90  24.67 1752    9.9
  56876 102.77  24.28 1732    2.7
  56878 102.75  24.13 1802    2.7
  56879 102.92  24.20 1610    2.6
  56880 103.17  24.92 1532    9.5
  56881 103.27  24.75 1694    7.1
  56882 102.80  24.88 1909   14.3
  56883 103.98  24.83 1846    6.8
  56885 103.45  24.40 1416    2.8
  56889 104.17  24.05 1518    1.2
  56891 104.32  24.98 1482    7.8
  56898 102.40  24.18 1542    8.4
  56944  99.27  23.15 1280   30.8
  56948  99.60  22.63 1156   12.3
  56949  99.60  22.32  946   12.6
  56950  99.80  23.47 1044   14.5
  56952 100.70  23.50  914    6.9
  56958 100.42  21.92 1177   53.4
  56961 101.05  23.03 1321   23.0
  56962 101.67  23.42 1315   12.3
  56970 102.48  23.70 1419    4.0
  56973 102.83  23.62 1310    1.4
  56975 102.43  23.37  975    3.2
  56976 102.83  23.23  229    0.2
  56978 102.42  23.00 1640    3.6
  56982 103.25  23.70 1055    1.1
  56984 103.15  23.38 1717    0.3
  56987 103.23  22.78 1261    2.0
  56992 104.70  23.45 1508    0.6
  56994 104.25  23.38 1277    1.1
  56995 104.42  23.03 1335    0.4
  57001 105.33  34.75 1273   0.01
  57002 105.65  34.85 1217    0.1
  57004 104.88  34.73 1496   0.01
  57006 105.75  34.58 1142    0.1
  57007 105.18  34.18 1406   0.01
  57008 105.30  34.03 1578   0.01
  57011 106.15  34.75 1379    0.2
  57012 106.20  34.98 1665    0.2
  57016 107.13  34.35  613    0.1
  57020 107.40  34.37  563    0.2
  57021 107.13  34.65  751    0.1
  57022 107.78  34.68 1026    0.2
  57023 108.10  35.03  841    0.1
  57024 107.65  34.45  671    0.1
  57029 108.48  34.50  544   0.01
  57031 108.55  34.82 1013    0.3
  57032 108.20  34.13  436   0.01
  57035 108.23  34.55  636   0.01
  57102 105.72  33.75  971    0.1
  57105 105.60  33.33 1219   0.01
  57110 106.08  33.78  930   0.01
  57111 106.30  33.92  967   0.01
  57119 106.70  33.17  551   0.01
  57126 107.55  33.22  470   0.01
  57129 107.72  32.98  447   0.01
  57140 109.12  33.67  818   0.01
  57155 109.87  33.55  661   0.01
  57208 105.47  32.02  538    0.4
  57304 105.17  31.67  517   0.01
  57307 105.08  31.10  408    0.2
  57362 110.67  31.75  939   0.01
  57401 105.37  30.87  380   0.01
  57402 105.70  30.77  395   0.01
  57407 105.03  30.28  464   0.01
  57408 105.35  30.12  333    0.2
  57409 105.80  30.18  295    0.2
  57413 106.97  30.85  295   0.01
  57414 106.45  30.55  396   0.01
  57417 106.28  30.35  315   0.01
  57505 105.58  29.42  324    0.6
  57506 105.90  29.37  376    8.6
  57507 105.30  29.33  374    2.1
  57508 105.37  29.15  302    9.3
  57511 106.45  29.85  242    1.0
  57514 106.22  29.58  325    0.2
  57518 106.53  29.38  243   0.01
  57537 108.17  29.30  321   0.01
  57540 109.15  29.68  776   0.01
  57541 109.48  30.00  533   0.01
  57544 109.45  29.47  486    0.1
  57558 110.47  29.13  184    0.6
  57564 111.13  29.43  103   0.01
  57600 105.07  28.72  256    2.6
  57603 105.83  28.82  283   12.1
  57605 105.82  28.03  539    7.9
  57609 105.70  28.58  316    2.4
  57634 107.88  28.52  658    0.2
  57635 108.98  28.45  363    0.6
  57636 108.50  28.57  335    0.1
  57637 108.12  28.25  524    0.8
  57640 109.45  28.58  344    0.6
  57643 109.83  29.00  268    0.9
  57646 109.95  28.62  301    0.7
  57657 110.20  28.22  182    0.1
  57658 110.20  28.02  144    2.1
  57661 111.48  28.92   51    0.1
  57663 111.95  28.92   31    0.1
  57666 112.13  28.52   49    0.1
  57708 105.60  27.15 1704    5.1
  57713 106.88  27.70  844    6.0
  57714 106.23  27.47  942   10.6
  57717 106.83  27.53  974    9.4
  57719 106.97  27.07 1280   14.3
  57720 107.17  27.88  888    2.9
  57723 107.72  27.98  710    2.8
  57728 107.47  27.07 1095   13.4
  57732 108.40  28.02  458    0.9
  57734 108.23  27.57  468    8.5
  57735 108.82  27.18  396   11.4
  57736 108.85  27.70  376    5.0
  57737 108.12  27.03  546   11.9
  57738 108.42  27.05  517   19.7
  57739 108.88  27.23  375    8.5
  57740 109.60  27.95  349    2.7
  57742 109.20  27.52  883    4.2
  57743 109.80  27.88  176    3.1
  57744 109.17  27.37  356    5.3
  57754 110.15  27.35  170    7.0
  57760 111.43  27.70  247    1.3
  57762 111.70  27.68  163    0.6
  57763 112.00  27.73  151    0.2
  57767 111.03  27.12  266    2.3
  57768 111.45  27.32  242    1.7
  57769 111.73  27.23  257    0.8
  57777 112.87  27.23   65   0.01
  57778 112.95  27.10   68   0.01
  57781 113.50  27.65   71   0.01
  57786 113.85  27.65  110   0.01
  57800 105.37  26.77 1458   11.1
  57807 105.47  26.20 1359    7.5
  57808 105.75  26.32 1272    6.8
  57809 105.75  26.07 1251    7.1
  57811 106.60  26.85 1242   11.1
  57813 106.47  26.57 1265    9.8
  57814 106.27  26.42 1285    8.4
  57818 106.45  26.03 1145    4.7
  57821 107.50  26.70  924   17.4
  57822 107.90  26.90  833   17.2
  57824 107.23  26.58 1005   13.3
  57828 107.58  26.50  983   11.3
  57829 107.80  26.20  964    9.6
  57834 108.30  26.68  642   11.2
  57835 108.43  26.72  521   10.1
  57837 108.07  26.40  838    9.1
  57842 109.72  26.88  281    4.4
  57844 109.18  26.68  344    4.7
  57846 110.15  26.58  307    4.5
  57851 110.85  26.45  307    5.0
  57859 110.63  26.03  409    3.0
  57860 111.28  27.00  282    2.3
  57865 111.58  26.47  166    1.0
  57867 111.28  26.40  169    2.0
  57868 111.87  26.60  113    0.7
  57870 112.10  26.80  151    0.7
  57871 112.37  26.98   91    0.3
  57875 112.50  26.88   71    0.6
  57876 112.83  26.43  118    0.4
  57881 113.25  26.72  105    0.2
  57882 113.55  26.78  135   0.01
  57883 114.28  26.75  257    0.4
  57886 113.78  26.50  226    0.1
  57887 113.12  26.13  124    0.3
  57895 114.78  26.47   96   0.01
  57900 105.22  25.83 1553   11.3
  57903 105.60  25.93 1138   11.2
  57905 105.63  25.40 1063    9.7
  57908 105.48  25.12 1393    7.2
  57909 105.82  24.98  584    2.5
  57911 106.65  26.67 1325   10.3
  57913 106.98  26.45 1095   15.6
  57914 106.67  26.42 1143    9.5
  57915 106.77  26.63 1102   12.0
  57921 107.32  25.83  710    2.9
  57923 107.87  25.98  418    8.9
  57927 107.18  24.97  283   0.01
  57936 108.92  25.75  255    8.1
  57941 109.60  25.78  198    3.9
  57942 110.00  25.80  267    2.5
  57948 109.25  25.08  123    0.1
  57949 110.00  24.98  157    0.7
  57954 110.18  25.23  158    0.5
  57955 110.67  25.62  224    0.1
  57956 110.32  25.42  169    0.2
  57958 110.32  25.08  152    0.5
  57960 111.07  25.93  192    0.4
  57962 111.65  25.97  166    0.5
  57964 111.15  25.50  258    0.8
  57966 111.95  25.60  205    0.1
  57969 111.33  25.27  230    0.3
  57971 112.20  25.92  225    0.4
  57973 112.72  25.75  328   0.01
  57975 112.20  25.38  278    0.2
  57981 113.22  25.98  141    0.2
  57989 113.73  25.10   96   0.01
  57992 114.75  25.67  129   0.01
  57995 114.93  25.40  166   0.01
  58555 120.88  29.52  112    0.2
  58559 120.98  29.17   59   0.01
  58567 121.43  29.32   39    0.6
  58643 120.03  28.90   99   0.01
  58654 120.08  28.67  184   0.01
  58660 121.13  28.85    8    0.1
  58814 116.35  26.35  237   0.01
  58826 117.80  26.40  120   0.01
  58828 117.62  26.27  206   0.01
  58932 118.93  25.87   85    0.1
  58941 119.50  25.97   11    0.3
  59001 105.33  24.78  674    1.7
  59004 105.10  24.50  729    2.2
  59012 106.55  24.78  973    0.1
  59052 110.82  24.83  167   0.01
  59063 111.45  25.18  262   0.01
  59205 105.63  23.65  688    0.4
  59314 116.13  23.30   27    1.0
  59951 110.33  18.80   38    0.8
