diamond  3 2013年10月14日08点24小时降雨量                    
  13  10  14  08    -2 3 10 25 50 1 0
 39 122.7  37.3 122.5  36.7 120.8  36.2 119.3  35.0 120.4  34.3
 121.1  32.7 122.3  30.9 122.5  30.1 121.5  28.0 119.8  25.0
 116.1  22.6 111.0  21.0 111.0  18.6 109.6  18.1 108.3  18.5
 108.9  19.9 109.3  21.0 106.4  21.6 104.1  22.2 101.6  20.8
  98.7  22.0  97.1  24.1  97.7  27.0  91.7  26.6  85.7  27.7
  78.9  30.6  73.3  37.1  74.1  40.7  87.6  49.8  98.5  43.9
 110.4  44.3 122.0  54.7 135.7  48.3 131.5  42.2 125.2  39.4
 121.3  38.5 121.2  40.3 118.5  38.6 120.8  38.1
1                    483
  50137 122.37  53.47  297    0.2
  50445 123.73  50.58  424   0.01
  50524 119.43  49.32  578    3.6
  50525 119.75  49.15  621    5.6
  50526 120.70  49.28  670    7.3
  50566 128.47  49.55  117    7.0
  50645 124.48  48.48  196   13.4
  50646 124.85  48.48  204   11.8
  50647 123.48  48.13  237    8.0
  50655 126.18  48.50  267    9.1
  50659 126.25  48.03  293    2.9
  50673 130.40  48.88   92    1.8
  50674 129.43  48.57  404    3.3
  50741 123.50  47.93  186    9.1
  50750 125.30  47.90  228    2.6
  50755 126.10  47.60  232    1.3
  50767 127.10  47.23  204    2.9
  50772 129.23  48.10  299    2.6
  50775 130.27  47.33  229    0.6
  50776 130.83  47.57   84    0.3
  50778 132.53  47.67   59    0.5
  50787 131.85  47.28   63    0.4
  50832 122.08  46.72  334    2.6
  50833 122.90  46.72  189    0.6
  50842 124.42  46.83  145    2.5
  50851 126.08  46.68  209    1.2
  50852 126.45  46.83  170    0.1
  50858 125.93  46.07  136    0.3
  50859 126.27  46.25  160    0.9
  50861 127.48  46.88  186    1.0
  50867 127.35  46.08  134    1.9
  50871 129.88  46.73   96   0.01
  50880 131.12  46.73  104   0.01
  50884 131.15  46.63  176   0.01
  50913 118.83  45.72  866   0.01
  50924 119.67  45.53  824    0.3
  50928 120.33  45.07  629    1.2
  50934 121.58  45.38  309   0.01
  50937 121.47  45.05  250    0.7
  50946 124.83  45.18  140    1.0
  50956 126.57  45.93  117   0.01
  50958 126.95  45.52  175    1.8
  50960 127.45  45.78  192    3.0
  50962 128.03  45.95  113    3.4
  50964 128.80  45.83  123    2.3
  50965 128.30  45.45  157    2.1
  50985 131.87  45.55  155   0.01
  51482  90.28  43.83 1271   0.01
  52643  99.62  38.83 2311    2.1
  52656 100.82  38.43 2282    1.7
  52784 102.90  37.47 2073    3.8
  52855 101.25  36.68 2676    0.3
  52862 101.68  36.95 2451    0.5
  52863 101.95  36.82 2480    0.6
  52869 101.58  36.50 2665    0.4
  52874 102.40  36.48 1981    3.3
  52875 102.10  36.50 2129    2.3
  52877 102.25  36.10 2835    5.2
  52881 103.18  36.98 2485    2.4
  52885 103.25  36.75 2119    1.9
  52896 104.15  36.55 1739    0.2
  52957 100.60  35.25 3149   0.01
  52963 102.02  35.93 2086    1.2
  52968 101.47  35.03 3663    0.7
  52972 102.47  35.85 1870    0.1
  52978 102.52  35.20 2930    9.0
  52980 103.30  35.97 1649    0.6
  52981 103.38  35.67 2429    1.7
  52982 103.55  35.48 1954    2.4
  52985 103.33  35.42 2164    2.8
  52988 103.72  35.37 2000    3.5
  52993 104.07  35.68 1740    4.9
  52995 104.62  35.58 1898    4.6
  52998 104.20  35.13 2111    7.7
  53367 111.23  41.32 1604    0.1
  53467 111.18  40.27 1017   0.01
  53469 111.82  40.40 1164   0.01
  53481 113.22  40.80 1317   0.01
  53488 113.58  40.03 1035    0.4
  53492 114.15  40.10  939    0.4
  53505 105.40  37.88 1382    0.6
  53518 106.35  39.03 1118   0.01
  53545 109.73  39.57 1330   0.01
  53547 109.03  39.10 1312    0.2
  53565 111.50  39.43 1050   0.01
  53567 111.08  39.03  980    0.1
  53574 112.27  39.52 1408    1.1
  53575 112.20  39.10 1526    1.8
  53576 112.82  39.50 1046    0.5
  53577 112.30  39.00 1441    3.0
  53579 112.90  39.02  861    3.2
  53580 113.10  39.82 1045   0.01
  53582 113.68  39.72 1094    3.7
  53584 113.17  39.57 1001   0.01
  53585 113.27  39.17  934    2.4
  53590 114.27  39.75  979    8.9
  53596 115.13  38.85   53    7.3
  53599 114.68  39.37  885    4.0
  53610 106.35  38.57 1106    0.3
  53611 106.55  38.88 1099   0.01
  53617 106.08  38.03 1119    0.2
  53618 106.25  38.28 1115   0.01
  53619 106.30  38.12 1117    0.2
  53644 108.83  38.60 1309    2.3
  53658 110.48  38.03  895    1.1
  53659 111.00  37.97 1164    0.8
  53660 111.08  39.02  893    0.1
  53662 111.58  38.72 1393    5.7
  53665 111.65  38.28 1183    3.0
  53666 111.93  38.35 1213    4.0
  53669 111.80  38.08 1151    3.5
  53674 112.70  38.42  799    9.0
  53676 112.98  38.50  760   10.9
  53677 112.48  37.93  808    3.9
  53678 112.67  38.07  899    4.3
  53679 112.55  37.73  776    6.0
  53680 114.38  38.30  109    7.3
  53681 113.37  38.83 1097    5.7
  53682 114.68  38.63  105    8.8
  53685 113.42  38.07  953    8.3
  53688 114.55  38.45   98    5.5
  53689 115.07  38.02   43    2.8
  53690 114.18  38.85  283    5.5
  53691 114.57  38.15   76    3.2
  53692 114.98  38.73   68    8.3
  53693 114.13  38.03  256    5.4
  53694 114.22  38.27  134    5.6
  53695 114.68  38.35   72    7.4
  53696 115.00  38.52   55    7.0
  53697 114.83  38.03   54    0.5
  53699 114.95  38.18   46    3.0
  53707 105.25  36.93 1699    3.0
  53727 107.12  37.17 1713    4.1
  53730 107.48  38.18 1335    4.8
  53732 108.72  37.85 1211    6.7
  53748 109.70  37.18 1064    3.3
  53750 110.18  37.77  931    0.5
  53751 110.05  37.60  897    1.7
  53753 110.88  37.43  861    4.4
  53756 110.72  37.52  744    4.1
  53757 110.12  37.12  938    5.3
  53759 110.83  36.98 1106    8.0
  53760 111.23  37.88 1212   0.01
  53763 112.17  37.92 1008    6.3
  53767 111.17  37.33 1212   12.7
  53768 111.75  37.15  770   12.8
  53769 111.78  37.25  749   10.5
  53770 112.35  37.35  769    9.4
  53771 112.05  37.42  751    7.3
  53774 112.33  37.62  774    3.3
  53776 112.77  37.68  831    8.8
  53777 112.15  37.53  760    5.6
  53778 112.22  37.17  780   10.4
  53780 113.15  37.90 1066   11.8
  53781 114.47  36.87   69    0.2
  53782 113.55  37.85  743   12.1
  53783 113.70  37.60  880    1.4
  53784 114.78  37.75   39    1.9
  53785 114.67  37.52   35    2.9
  53786 113.37  37.08 1134    6.9
  53788 113.57  37.33 1267    8.1
  53789 114.63  37.88   57    3.0
  53790 114.62  37.60   50    2.6
  53791 114.52  37.77   67    4.7
  53792 114.48  37.45  113    2.4
  53794 114.75  37.35   34    1.3
  53795 114.37  37.65  137    3.4
  53796 114.88  37.62   31    1.9
  53797 114.52  37.28   74    1.7
  53799 114.98  37.23   25    0.1
  53829 107.90  35.98 1094   11.7
  53832 108.77  36.77 1220    7.0
  53841 109.32  36.88 1069    7.4
  53848 109.35  36.27 1005    9.0
  53850 110.18  36.88  801    7.1
  53852 110.63  36.77  917    7.4
  53856 110.75  36.47  756    5.7
  53857 110.18  36.07  840    7.7
  53860 111.17  36.98 1407    6.8
  53861 111.42  35.88  425    7.6
  53862 111.77  36.83  809    8.1
  53864 111.10  36.40 1030    6.1
  53865 111.55  36.65 1012    5.9
  53866 111.67  36.23  464    4.8
  53869 111.70  36.58  550    5.6
  53871 112.85  36.83  965    5.9
  53872 112.68  36.77  962    4.1
  53873 112.87  36.12  951    2.4
  53874 111.90  36.25  650    6.2
  53875 112.35  36.52 1001    4.2
  53878 113.38  36.52  769    2.9
  53879 112.88  36.32  953    4.6
  53880 113.23  36.33  948    3.1
  53881 106.48  37.28 1382   0.01
  53883 114.70  37.13   36    0.6
  53885 113.20  36.13 1031    2.1
  53886 113.67  36.57  471    1.4
  53888 113.43  36.20 1088    2.8
  53890 114.15  36.68  234    1.2
  53891 114.68  37.02   44    0.5
  53895 114.50  36.78   61    0.2
  53896 114.95  36.35   51   0.01
  53899 114.97  36.48   49   0.01
  53906 105.72  35.52 1659   10.1
  53908 105.23  35.22 1769    6.4
  53914 106.12  35.62 2079   11.4
  53916 106.32  35.50 1949   12.4
  53917 106.07  35.22 1633    8.9
  53924 107.62  35.07  967    9.4
  53925 107.18  35.68 1174   11.4
  53926 107.35  35.35 1630    8.0
  53927 106.62  35.20 1478    9.7
  53928 107.02  35.30 1150    9.1
  53930 107.98  36.45 1270   13.8
  53931 109.37  36.00  983    6.8
  53934 108.02  35.82 1299    9.9
  53935 108.35  35.48 1443    9.8
  53937 107.92  35.52  980    8.9
  53938 108.30  35.17 1277   10.2
  53941 109.58  35.18  807    5.4
  53944 109.25  35.57  857    4.3
  53945 109.07  35.43 1394    8.3
  53946 109.82  35.60 1091    7.4
  53947 109.07  35.08  979    3.7
  53949 109.92  35.18  680    4.2
  53950 110.15  35.23  710    5.8
  53953 110.85  35.97  966    9.6
  53954 110.97  35.62  433    3.0
  53956 110.83  35.40  589    3.0
  53957 110.72  35.62  459    3.8
  53958 110.78  35.13  389    0.2
  53961 111.48  35.65  473    4.9
  53962 111.70  35.73  585    3.3
  53964 111.22  35.62  431    4.5
  53965 111.57  35.52  761    0.8
  53966 111.83  35.98  818    6.8
  53967 111.20  35.33  469    0.3
  53970 112.20  35.70  887    0.6
  53973 112.95  35.77  836   0.01
  53976 112.87  35.50  751   0.01
  53981 113.27  35.78 1311   0.01
  54024 119.30  44.45  710    2.2
  54031 121.82  44.90  201    0.1
  54039 122.02  44.03  182    1.4
  54047 123.28  44.13  146    0.3
  54065 125.65  44.53  173    1.2
  54072 126.52  44.85  203    1.2
  54076 126.93  44.42  254    3.7
  54080 127.15  44.90  196    1.6
  54092 129.40  44.60  294   0.01
  54093 130.55  44.93  266    1.5
  54098 129.47  44.33  272   0.01
  54164 125.28  43.35  249    0.1
  54169 126.02  43.30  270    3.0
  54172 126.60  43.78  199    2.2
  54187 128.92  43.12  369    1.5
  54192 130.27  43.70  386   0.01
  54248 123.53  42.03   67    4.2
  54249 123.87  42.30   79    2.4
  54252 124.75  42.73  198    1.5
  54261 125.52  42.68  343    2.3
  54267 125.73  42.25  363   11.8
  54274 126.07  42.68  300    4.7
  54279 126.58  42.05  545   19.4
  54290 129.40  42.77  245    0.2
  54291 130.28  42.90   37   0.01
  54293 129.83  42.95  141    0.4
  54319 118.67  41.00  509    0.3
  54321 119.63  41.87  661   0.01
  54323 120.78  41.82  253    0.1
  54325 120.35  41.18  183    0.2
  54328 119.72  41.08  300    0.2
  54330 121.37  41.17   61    0.8
  54331 121.77  41.58   83    0.2
  54332 122.72  41.52   13    7.4
  54336 122.42  41.42   13    5.0
  54338 121.95  41.28    4    2.7
  54340 123.32  41.67   47    9.8
  54345 123.07  41.20   29   26.4
  54347 123.17  41.23   25   23.4
  54348 123.32  41.42   43   18.7
  54362 125.73  41.67  388   21.1
  54371 126.43  41.93  521   25.1
  54398 116.62  40.13   29   0.01
  54424 117.12  40.17   33    0.6
  54425 117.48  40.42  584   0.01
  54428 117.40  40.03   19    1.3
  54431 116.63  39.92   40    0.6
  54433 116.50  39.95   36    0.3
  54434 118.30  40.17  103    4.9
  54437 118.65  39.50   19   20.6
  54438 118.88  39.88   61   18.4
  54439 118.72  40.02   51    8.4
  54453 120.88  40.78   43    6.4
  54474 122.35  40.42   27   14.8
  54475 122.48  40.62   15   24.1
  54483 123.90  40.88  239   33.1
  54494 124.07  40.47   74   15.5
  54502 116.03  39.48   30    2.4
  54503 115.82  39.07   13    9.1
  54505 116.12  39.92   94    0.2
  54506 115.88  39.32   29    4.6
  54507 115.50  39.35   52    3.4
  54510 116.98  39.90   18    1.9
  54512 116.28  39.42   22    5.1
  54513 116.20  39.95   67    0.1
  54514 116.25  39.87   56    0.2
  54515 116.70  39.50   14    4.6
  54517 117.20  39.07    5   18.5
  54519 116.48  39.30   13    7.5
  54520 117.08  39.97   19    1.6
  54521 116.98  39.77   14    3.0
  54522 117.73  39.88   19    3.5
  54526 117.33  39.08   10   17.0
  54529 117.82  39.35   12   25.7
  54530 117.77  39.23    6   24.0
  54531 118.72  39.73   43   14.2
  54532 118.10  39.80   35    9.2
  54533 118.10  39.58    9   12.2
  54535 118.47  39.28    3   26.5
  54540 119.17  39.72   14   16.4
  54541 119.23  39.90   23   24.7
  54568 121.70  39.08   40   0.01
  54569 121.97  39.40   35    0.8
  54575 122.37  39.42   44   0.01
  54590 124.17  39.88    5    2.5
  54594 116.35  39.72   38    1.9
  54596 116.13  39.68   40    1.5
  54597 115.73  39.73  409    0.2
  54601 115.65  38.98   14    7.6
  54603 115.77  38.72   10    8.2
  54604 115.33  38.42   31    5.7
  54605 115.93  38.93    7    7.5
  54607 115.12  38.72   45    7.6
  54608 115.55  38.00   27    2.8
  54609 115.50  38.25   25    3.8
  54610 116.10  38.73    9    9.7
  54611 115.32  38.93   45    5.6
  54612 116.45  38.87    7   10.1
  54613 116.62  38.70    8    8.1
  54614 116.08  38.45   13    4.9
  54615 116.83  38.58    8    5.7
  54616 116.85  38.35    9    5.9
  54617 116.12  38.18   13    1.9
  54619 116.92  38.92    8   12.8
  54620 115.57  38.48   19    5.6
  54621 115.18  38.18   39    2.6
  54622 117.37  38.98    3   13.2
  54626 115.82  38.42   15    5.9
  54627 117.23  38.03    8    0.8
  54628 117.48  38.15    7    0.6
  54632 115.03  37.07   34   0.01
  54633 115.23  37.52   27    0.8
  54636 116.10  39.02   12    8.7
  54644 117.12  38.05   11    2.0
  54645 117.47  38.85    3    7.9
  54700 115.93  38.03   16    1.9
  54701 115.20  37.93   41    2.8
  54702 115.70  37.73   22    1.0
  54703 115.88  37.80   25    1.6
  54706 115.67  37.08   32    1.1
  54707 115.98  37.35   28    1.4
  54708 115.73  37.50   24    0.5
  54709 116.07  37.22   30    0.7
  54710 116.17  37.87   19    3.5
  54711 116.28  37.70   19    2.5
  54712 116.82  37.20   23    0.6
  54713 116.53  37.88   15    5.7
  54714 116.33  37.45   24    1.1
  54717 116.40  37.63   18    1.7
  54718 116.43  37.15   26    0.8
  54719 116.68  38.03   12    5.3
  54723 117.57  37.65   11   0.01
  54724 117.13  37.32   21    0.9
  54728 117.38  37.77   16   0.01
  54729 117.87  37.17   11    0.6
  54730 118.13  37.70   11    0.4
  54732 118.52  37.87   13   0.01
  54736 118.67  37.43    9   0.01
  54752 120.77  37.80   64   0.01
  54801 115.48  36.85   36    0.1
  54802 115.73  36.82   35    0.1
  54803 116.02  36.98   28    0.4
  54804 115.13  36.30   46   0.01
  54805 115.45  36.48   41    0.1
  54807 115.80  36.13   44   0.01
  54809 115.28  36.55   42    0.1
  54810 116.27  36.87   28    0.8
  54811 116.62  36.93   22    0.1
  54812 116.75  36.78   23   0.01
  54814 116.23  36.58   32   0.01
  54816 116.80  36.52   82   0.01
  54818 116.42  36.25   72   0.01
  54821 117.20  37.00   21   0.01
  54822 117.73  36.87   46   0.01
  54825 117.85  36.52  195   0.01
  54829 117.87  36.77   88   0.01
  54932 118.65  35.77  184    0.1
  56016  95.62  33.85 4181    0.3
  56045  99.90  33.97 4051    4.0
  56071 102.50  34.58 3107    5.2
  56081 103.35  34.70 2811    4.2
  56082 103.50  34.58 2544    6.0
  56084 103.23  34.07 2376   11.0
  56091 104.47  34.85 1884    5.0
  56092 104.65  35.00 1729    8.5
  56094 104.37  33.78 1400    6.1
  56095 104.38  34.03 1754   11.6
  56097 104.23  33.27 1407    4.8
  56171 101.70  32.90 3276    3.7
  56185 102.98  32.08 2400    0.7
  56190 104.55  31.55  518   0.01
  56192 104.67  32.95 1016    4.3
  56193 104.52  32.42  894    2.9
  56195 104.73  31.78  531   0.01
  56278 102.77  30.07  756    0.1
  56279 102.93  30.15  683   0.01
  56280 103.12  30.08  692   0.01
  56389 103.95  29.20  386   0.01
  56480 103.53  28.82  564   0.01
  56669 101.67  26.05 1531   0.01
  57001 105.33  34.75 1273    8.5
  57002 105.65  34.85 1217    6.7
  57004 104.88  34.73 1496   10.2
  57006 105.75  34.58 1142    6.9
  57007 105.18  34.18 1406    7.2
  57008 105.30  34.03 1578    5.7
  57011 106.15  34.75 1379    9.5
  57012 106.20  34.98 1665   10.1
  57016 107.13  34.35  613    5.2
  57020 107.40  34.37  563    3.1
  57021 107.13  34.65  751    4.6
  57022 107.78  34.68 1026    3.5
  57023 108.10  35.03  841    9.0
  57024 107.65  34.45  671    1.9
  57026 107.88  34.37  586    0.4
  57027 107.73  34.27  518    1.0
  57029 108.48  34.50  544    0.6
  57031 108.55  34.82 1013    6.9
  57032 108.20  34.13  436    0.3
  57033 108.82  34.55  429    1.0
  57035 108.23  34.55  636    2.2
  57036 108.93  34.30  398   0.01
  57040 109.08  34.52  378    0.6
  57041 108.92  34.63  425    1.2
  57042 109.18  34.78  473    1.8
  57043 109.97  34.80  352    0.6
  57045 109.48  34.52  354    0.9
  57053 110.72  34.70  507   0.01
  57054 110.23  34.55  557   0.01
  57055 110.08  34.55  352   0.01
  57060 111.23  35.17  404   0.01
  57102 105.72  33.75  971    4.7
  57105 105.60  33.33 1219    5.8
  57110 106.08  33.78  930    1.7
  57111 106.30  33.92  967    0.2
  57113 106.53  33.90  990    2.3
  57119 106.70  33.17  551    0.2
  57123 108.07  34.28  510    0.9
  57132 108.62  34.12  415   0.01
  57204 105.23  32.58  801    6.2
  57208 105.47  32.02  538    0.9
  57213 106.93  33.00  537    0.1
  57217 106.28  32.23  493   0.01
  57303 105.92  31.73  460   0.01
  58534 118.18  29.78  173   0.01
  59318 116.58  23.27   10   0.01
  59448 109.55  22.27   70    0.3
  59449 109.98  22.30   80    1.5
  59457 110.27  22.32  120    0.1
  59640 109.18  21.67    6   34.1
  59757 110.37  20.00   10   13.3
  59842 109.68  19.90   31   0.01
  59843 110.00  19.73   36    1.4
  59847 109.05  19.27  101    0.3
  59848 109.43  19.23  219   11.6
  59851 110.33  19.70   25    4.2
  59854 110.10  19.37  119    7.5
  59856 110.75  19.62   26    9.1
  59940 109.17  18.75  156   0.01
  59941 109.52  18.77  328    2.5
  59945 109.70  18.65   65    3.4
  59951 110.33  18.80   38   17.7
