diamond  3 2013年10月04日08点24小时降雨量                    
  13  10  04  08    -2 3 10 25 50 1 0
 39 122.7  37.3 122.5  36.7 120.8  36.2 119.3  35.0 120.4  34.3
 121.1  32.7 122.3  30.9 122.5  30.1 121.5  28.0 119.8  25.0
 116.1  22.6 111.0  21.0 111.0  18.6 109.6  18.1 108.3  18.5
 108.9  19.9 109.3  21.0 106.4  21.6 104.1  22.2 101.6  20.8
  98.7  22.0  97.1  24.1  97.7  27.0  91.7  26.6  85.7  27.7
  78.9  30.6  73.3  37.1  74.1  40.7  87.6  49.8  98.5  43.9
 110.4  44.3 122.0  54.7 135.7  48.3 131.5  42.2 125.2  39.4
 121.3  38.5 121.2  40.3 118.5  38.6 120.8  38.1
1                    230
  50566 128.47  49.55  117   0.01
  50673 130.40  48.88   92    0.2
  50772 129.23  48.10  299   0.01
  50779 134.28  48.37   41   0.01
  50880 131.12  46.73  104   0.01
  50884 131.15  46.63  176   0.01
  50892 134.00  46.80   57   0.01
  52862 101.68  36.95 2451   0.01
  52874 102.40  36.48 1981    1.4
  52875 102.10  36.50 2129    3.5
  52877 102.25  36.10 2835   0.01
  52982 103.55  35.48 1954    0.1
  52988 103.72  35.37 2000   0.01
  52995 104.62  35.58 1898   0.01
  52998 104.20  35.13 2111    0.1
  53856 110.75  36.47  756    0.1
  53865 111.55  36.65 1012   0.01
  53866 111.67  36.23  464    0.1
  53869 111.70  36.58  550    0.1
  53874 111.90  36.25  650    0.7
  53875 112.35  36.52 1001    0.4
  53878 113.38  36.52  769   0.01
  53879 112.88  36.32  953    0.3
  53880 113.23  36.33  948    0.3
  53886 113.67  36.57  471   0.01
  53888 113.43  36.20 1088    0.2
  56016  95.62  33.85 4181    1.1
  56092 104.65  35.00 1729    2.5
  56094 104.37  33.78 1400    2.5
  56095 104.38  34.03 1754   0.01
  56147  98.83  31.22 3261    3.3
  56158 100.67  31.40 3250    0.8
  56168 102.07  31.48 2170    0.3
  56192 104.67  32.95 1016   0.01
  56263 101.88  30.88 1948    0.6
  56267 101.02  30.03 2598   23.4
  56273 102.82  30.38 1011   0.01
  56278 102.77  30.07  756    0.1
  56279 102.93  30.15  683   0.01
  56297 104.15  30.02  431    1.3
  56298 104.60  30.13  415   0.01
  56371 102.23  29.92 1322    2.8
  56373 102.85  29.78  763    3.3
  56376 102.68  29.35 1098   11.5
  56378 102.35  29.23  891    8.7
  56380 103.37  29.92  466    1.0
  56381 103.52  30.02  497   0.01
  56382 103.60  29.73  408    1.6
  56383 103.87  29.83  454    2.9
  56384 103.48  29.60  446    0.3
  56387 103.27  29.23  639    2.8
  56389 103.95  29.20  386    0.4
  56390 104.07  29.67  403    2.3
  56391 103.82  30.08  416   0.01
  56393 104.85  29.77  370    2.8
  56394 104.43  29.45  382    1.9
  56395 104.67  29.52  349    1.6
  56396 104.77  29.35  352    2.9
  56399 104.98  29.18  307    3.7
  56443  99.80  28.93 2842   0.01
  56473 102.77  28.95 1061   14.9
  56474 102.17  28.55 1775    3.2
  56478 102.43  28.30 1819    0.7
  56480 103.53  28.82  564    0.7
  56483 103.95  28.60  412    0.2
  56487 103.13  28.33 1945    3.6
  56489 103.63  28.23  876    1.9
  56490 103.90  28.95  396    1.0
  56491 104.57  28.70  288    1.0
  56493 104.97  28.85  297    1.0
  56494 104.15  28.65  460    0.5
  56496 105.23  28.32  330    2.0
  56497 104.23  28.10  433    1.3
  56498 104.50  28.17  442    0.9
  56499 104.78  28.38  368    1.8
  56567 100.85  27.30 2242    2.6
  56569 102.18  27.42 1381   22.7
  56575 102.55  27.37 1429   34.5
  56578 102.75  27.07 1093   48.2
  56580 102.80  27.72 2461   13.0
  56582 103.90  27.75 1177    6.9
  56584 103.25  27.70 1093    4.5
  56585 103.53  27.18 1916   19.5
  56592 104.52  28.43  360    0.5
  56593 104.92  28.58  281    1.0
  56594 104.05  27.63  884   10.5
  56595 104.87  27.42 1644    8.8
  56596 105.05  27.85 1176    4.6
  56598 104.73  27.13 1538   11.9
  56641  98.87  26.90 1191    5.3
  56645  99.42  26.42 2345    4.8
  56646  99.92  26.53 2193    0.7
  56649  99.97  26.10 2059    0.5
  56652 100.75  26.68 2131    0.3
  56654 100.18  26.58 2196    0.6
  56665 101.85  26.68 1140    1.5
  56669 101.67  26.05 1531    5.3
  56670 102.12  26.90 1105   24.9
  56673 102.92  26.92  894   37.8
  56674 101.73  26.50 1107    1.1
  56675 102.58  26.65 1695   55.2
  56688 103.17  26.10 1253   15.7
  56697 104.08  26.22 1987   18.0
  56742  99.37  25.90 1663    1.7
  56745  99.95  25.68 1627    4.0
  56746  99.52  25.47 1618    3.2
  56752 100.57  25.83 1440    0.7
  56755 100.48  25.35 1670    1.3
  56756 100.58  25.48 1993    0.6
  56757 100.28  25.27 1744    5.4
  56761 101.32  25.72 1873   18.2
  56764 101.23  25.53 1875    4.3
  56766 101.52  25.33 1769    0.7
  56767 101.28  25.18 1858    0.1
  56772 102.50  25.23 1694    0.5
  56774 102.42  25.53 1712    4.4
  56775 102.45  25.55 1752    3.7
  56781 103.27  25.55 1874   33.7
  56782 103.55  25.42 2064    8.2
  56783 103.80  25.50 1906   45.5
  56785 103.03  25.33 1925    8.1
  56788 103.67  25.03 1842    0.2
  56790 104.25  25.68 1920   41.5
  56835  97.82  24.07  958    1.6
  56836  97.95  24.70  828    1.5
  56839  98.82  23.77  994    0.2
  56840  98.30  24.82 1013   33.4
  56841  98.68  24.60 1527    9.1
  56842  99.18  24.73 1473    9.2
  56843  99.62  24.83 1650    3.2
  56844  98.58  24.43  915   14.9
  56846  99.93  24.58 1569   15.5
  56849  99.23  24.03 1607   17.9
  56851 100.52  25.03 1378    1.8
  56854 100.13  24.45 1108    5.8
  56862 101.60  24.68 1966   0.01
  56867 101.12  23.98 1107    2.3
  56869 101.97  24.07 1498    1.4
  56870 102.17  24.67 1576   0.01
  56871 102.60  24.65 1894    2.1
  56872 102.62  24.95 2360    0.3
  56873 102.90  24.67 1752    0.8
  56876 102.77  24.28 1732   17.9
  56878 102.75  24.13 1802    2.6
  56879 102.92  24.20 1610    8.8
  56880 103.17  24.92 1532    0.6
  56881 103.27  24.75 1694    1.3
  56882 102.80  24.88 1909   0.01
  56883 103.98  24.83 1846    0.3
  56885 103.45  24.40 1416    0.5
  56891 104.32  24.98 1482    0.4
  56898 102.40  24.18 1542    0.4
  56952 100.70  23.50  914    0.2
  56961 101.05  23.03 1321   0.01
  56962 101.67  23.42 1315    2.1
  56970 102.48  23.70 1419    0.7
  56973 102.83  23.62 1310   0.01
  56976 102.83  23.23  229    0.2
  56978 102.42  23.00 1640   31.7
  57102 105.72  33.75  971   0.01
  57409 105.80  30.18  295    3.2
  57414 106.45  30.55  396   0.01
  57416 106.93  30.33 3915    0.2
  57425 107.33  30.33  430   0.01
  57505 105.58  29.42  324    5.6
  57506 105.90  29.37  376    3.6
  57507 105.30  29.33  374    4.6
  57508 105.37  29.15  302    3.8
  57509 106.93  28.95  325    0.4
  57510 106.05  29.85  275    1.5
  57511 106.45  29.85  242    1.2
  57513 106.62  29.73  457    2.4
  57514 106.22  29.58  325    1.9
  57518 106.53  29.38  243    1.7
  57519 107.08  29.15  559    0.1
  57522 107.42  29.75  273   0.01
  57525 107.75  29.32  273    0.7
  57537 108.17  29.30  321    0.9
  57600 105.07  28.72  256    1.2
  57603 105.83  28.82  283    2.3
  57605 105.82  28.03  539   0.01
  57609 105.70  28.58  316    1.9
  57634 107.88  28.52  658   0.01
  57635 108.98  28.45  363    0.3
  57636 108.50  28.57  335   0.01
  57637 108.12  28.25  524    0.1
  57640 109.45  28.58  344    0.9
  57657 110.20  28.22  182   0.01
  57708 105.60  27.15 1704    5.9
  57713 106.88  27.70  844    0.4
  57714 106.23  27.47  942    5.5
  57717 106.83  27.53  974    1.5
  57719 106.97  27.07 1280    1.0
  57720 107.17  27.88  888    1.0
  57723 107.72  27.98  710    1.8
  57728 107.47  27.07 1095    0.2
  57732 108.40  28.02  458    1.0
  57734 108.23  27.57  468    0.2
  57735 108.82  27.18  396   0.01
  57736 108.85  27.70  376   0.01
  57737 108.12  27.03  546   0.01
  57738 108.42  27.05  517   0.01
  57740 109.60  27.95  349   0.01
  57742 109.20  27.52  883   0.01
  57743 109.80  27.88  176    0.1
  57744 109.17  27.37  356    0.2
  57763 112.00  27.73  151   0.01
  57800 105.37  26.77 1458   10.8
  57807 105.47  26.20 1359   10.2
  57808 105.75  26.32 1272    9.8
  57809 105.75  26.07 1251   11.7
  57811 106.60  26.85 1242    1.8
  57813 106.47  26.57 1265    2.3
  57814 106.27  26.42 1285    6.4
  57818 106.45  26.03 1145    3.6
  57821 107.50  26.70  924   0.01
  57822 107.90  26.90  833    0.1
  57824 107.23  26.58 1005   0.01
  57828 107.58  26.50  983   0.01
  57900 105.22  25.83 1553    9.3
  57903 105.60  25.93 1138    7.2
  57905 105.63  25.40 1063    3.7
  57908 105.48  25.12 1393    1.5
  57909 105.82  24.98  584    1.0
  57911 106.65  26.67 1325    1.5
  57913 106.98  26.45 1095    0.2
  57914 106.67  26.42 1143    1.2
  57915 106.77  26.63 1102    0.4
  57941 109.60  25.78  198   0.01
  59951 110.33  18.80   38   18.4
