diamond  3 2013年10月30日08点24小时降雨量                    
  13  10  30  08    -2 3 10 25 50 1 0
 39 122.7  37.3 122.5  36.7 120.8  36.2 119.3  35.0 120.4  34.3
 121.1  32.7 122.3  30.9 122.5  30.1 121.5  28.0 119.8  25.0
 116.1  22.6 111.0  21.0 111.0  18.6 109.6  18.1 108.3  18.5
 108.9  19.9 109.3  21.0 106.4  21.6 104.1  22.2 101.6  20.8
  98.7  22.0  97.1  24.1  97.7  27.0  91.7  26.6  85.7  27.7
  78.9  30.6  73.3  37.1  74.1  40.7  87.6  49.8  98.5  43.9
 110.4  44.3 122.0  54.7 135.7  48.3 131.5  42.2 125.2  39.4
 121.3  38.5 121.2  40.3 118.5  38.6 120.8  38.1
1                    789
  51145  83.65  46.55  523   0.01
  51468  86.83  43.10 3543    0.7
  52745  99.02  37.30 3417    0.3
  52869 101.58  36.50 2665    0.1
  52877 102.25  36.10 2835   0.01
  52896 104.15  36.55 1739   0.01
  52957 100.60  35.25 3149    1.3
  52963 102.02  35.93 2086   0.01
  52968 101.47  35.03 3663    0.2
  52972 102.47  35.85 1870   0.01
  52978 102.52  35.20 2930    0.6
  52980 103.30  35.97 1649    0.4
  52981 103.38  35.67 2429    1.3
  52982 103.55  35.48 1954    1.4
  52985 103.33  35.42 2164    4.8
  52988 103.72  35.37 2000    1.2
  52993 104.07  35.68 1740    2.7
  52995 104.62  35.58 1898    2.2
  52998 104.20  35.13 2111    6.6
  53829 107.90  35.98 1094    0.2
  53857 110.18  36.07  840   0.01
  53906 105.72  35.52 1659    5.8
  53908 105.23  35.22 1769    7.1
  53914 106.12  35.62 2079    0.5
  53916 106.32  35.50 1949    9.3
  53917 106.07  35.22 1633    4.3
  53924 107.62  35.07  967    3.2
  53925 107.18  35.68 1174    1.5
  53926 107.35  35.35 1630    3.2
  53927 106.62  35.20 1478    7.2
  53928 107.02  35.30 1150    5.7
  53931 109.37  36.00  983   0.01
  53934 108.02  35.82 1299   0.01
  53935 108.35  35.48 1443   0.01
  53937 107.92  35.52  980    0.3
  53938 108.30  35.17 1277    2.1
  53944 109.25  35.57  857   0.01
  53946 109.82  35.60 1091   0.01
  53947 109.07  35.08  979    0.5
  53954 110.97  35.62  433   0.01
  53956 110.83  35.40  589   0.01
  53957 110.72  35.62  459   0.01
  53958 110.78  35.13  389    0.3
  53961 111.48  35.65  473   0.01
  53965 111.57  35.52  761   0.01
  53970 112.20  35.70  887    0.2
  53972 112.92  35.12  121    3.3
  53973 112.95  35.77  836   0.01
  53976 112.87  35.50  751    0.3
  53978 112.63  35.08  140    1.6
  53979 113.08  35.15  121    3.5
  53982 113.27  35.23  113    2.6
  53983 114.42  35.03   70    0.5
  53984 113.47  35.23   83    0.1
  53985 113.82  35.45   97    0.5
  53987 113.42  35.10   91    1.6
  53988 113.67  35.27   78    0.2
  53989 113.95  35.05   77    0.1
  53994 114.07  35.38   71   0.01
  53995 114.50  35.55   64   0.01
  53997 114.18  35.15   72   0.01
  53998 114.65  35.20   62   0.01
  54069 125.80  44.17  175   0.01
  54076 126.93  44.42  254   0.01
  54092 129.40  44.60  294    6.8
  54093 130.55  44.93  266    2.6
  54098 129.47  44.33  272    4.8
  54099 131.13  44.08  151    3.6
  54154 124.30  43.35  163   0.01
  54156 124.80  43.52  200    2.9
  54164 125.28  43.35  249    2.1
  54169 126.02  43.30  270    3.4
  54172 126.60  43.78  199    2.7
  54187 128.92  43.12  369    5.8
  54192 130.27  43.70  386    3.0
  54248 123.53  42.03   67   0.01
  54249 123.87  42.30   79    0.1
  54252 124.75  42.73  198    0.7
  54261 125.52  42.68  343    2.8
  54267 125.73  42.25  363    6.6
  54274 126.07  42.68  300    4.5
  54279 126.58  42.05  545    2.3
  54290 129.40  42.77  245    4.2
  54291 130.28  42.90   37    2.8
  54293 129.83  42.95  141    2.5
  54319 118.67  41.00  509    0.2
  54348 123.32  41.42   43   0.01
  54362 125.73  41.67  388    1.2
  54371 126.43  41.93  521    2.8
  54430 118.15  40.77  268   0.01
  54540 119.17  39.72   14    0.1
  54628 117.48  38.15    7    0.5
  54645 117.47  38.85    3   0.01
  54724 117.13  37.32   21    0.3
  54738 118.40  37.05   20   0.01
  54777 122.07  37.20  112    1.1
  54778 122.48  37.17   60    2.7
  54851 120.57  36.90   81    0.4
  54852 120.73  36.97   53    0.9
  54861 121.53  36.93   47    0.7
  54871 122.48  36.93    9    2.1
  54908 115.10  35.27   57   0.01
  56016  95.62  33.85 4181    0.2
  56045  99.90  33.97 4051    0.9
  56071 102.50  34.58 3107    1.4
  56081 103.35  34.70 2811    2.1
  56082 103.50  34.58 2544    1.7
  56084 103.23  34.07 2376    4.5
  56091 104.47  34.85 1884   13.3
  56092 104.65  35.00 1729    7.8
  56094 104.37  33.78 1400    4.0
  56095 104.38  34.03 1754    5.3
  56097 104.23  33.27 1407    1.1
  56147  98.83  31.22 3261   0.01
  56164 100.98  32.27 3286    0.3
  56168 102.07  31.48 2170    0.3
  56171 101.70  32.90 3276    0.9
  56180 103.85  31.68 1591    0.7
  56181 103.70  30.68  543    0.6
  56183 103.58  31.47 1326    1.1
  56184 103.17  31.43 1884    1.6
  56185 102.98  32.08 2400    1.1
  56186 104.20  31.33  589    1.5
  56189 103.93  30.98  584   0.01
  56190 104.55  31.55  518    0.9
  56192 104.67  32.95 1016    3.4
  56193 104.52  32.42  894    2.1
  56194 104.45  31.82  679    0.8
  56195 104.73  31.78  531    1.5
  56197 104.18  31.13  537    0.4
  56198 104.50  31.32  523    0.5
  56199 104.68  31.03  424    2.7
  56263 101.88  30.88 1948    8.8
  56267 101.02  30.03 2598    0.2
  56272 103.88  30.82  560    0.8
  56273 102.82  30.38 1011    0.2
  56276 103.82  30.45  468    1.0
  56278 102.77  30.07  756    0.7
  56279 102.93  30.15  683    1.2
  56280 103.12  30.08  692    2.7
  56281 103.50  30.18  512    0.1
  56284 103.48  30.42  502    1.0
  56285 103.52  30.60  525    1.0
  56286 104.25  30.55  514    1.7
  56289 103.87  30.20  439    1.1
  56290 104.18  30.78  515   0.01
  56291 104.28  30.97  474   0.01
  56295 104.55  30.38  443    1.9
  56296 104.43  30.85  449    2.1
  56297 104.15  30.02  431    2.0
  56298 104.60  30.13  415    1.4
  56373 102.85  29.78  763    2.6
  56376 102.68  29.35 1098    0.5
  56378 102.35  29.23  891   0.01
  56380 103.37  29.92  466    3.2
  56381 103.52  30.02  497    0.7
  56382 103.60  29.73  408    0.5
  56383 103.87  29.83  454    0.2
  56384 103.48  29.60  446    2.5
  56387 103.27  29.23  639    0.2
  56389 103.95  29.20  386    0.7
  56390 104.07  29.67  403    0.5
  56391 103.82  30.08  416    0.5
  56393 104.85  29.77  370    3.9
  56394 104.43  29.45  382    0.8
  56395 104.67  29.52  349    0.7
  56396 104.77  29.35  352    0.1
  56399 104.98  29.18  307   0.01
  56441  99.28  28.72 2424    0.1
  56443  99.80  28.93 2842    0.5
  56473 102.77  28.95 1061    0.2
  56474 102.17  28.55 1775   0.01
  56480 103.53  28.82  564    1.0
  56483 103.95  28.60  412    0.1
  56487 103.13  28.33 1945    0.4
  56489 103.63  28.23  876    0.3
  56490 103.90  28.95  396    0.3
  56491 104.57  28.70  288    0.2
  56493 104.97  28.85  297    3.0
  56496 105.23  28.32  330    1.1
  56497 104.23  28.10  433    2.5
  56498 104.50  28.17  442    1.4
  56499 104.78  28.38  368    1.6
  56567 100.85  27.30 2242    2.2
  56569 102.18  27.42 1381    0.9
  56575 102.55  27.37 1429    1.0
  56578 102.75  27.07 1093    5.8
  56580 102.80  27.72 2461    3.7
  56582 103.90  27.75 1177    0.4
  56584 103.25  27.70 1093    1.6
  56585 103.53  27.18 1916    7.9
  56592 104.52  28.43  360    0.7
  56593 104.92  28.58  281    7.1
  56594 104.05  27.63  884    0.2
  56595 104.87  27.42 1644    2.3
  56596 105.05  27.85 1176    0.3
  56598 104.73  27.13 1538    5.5
  56641  98.87  26.90 1191   22.9
  56645  99.42  26.42 2345    4.0
  56646  99.92  26.53 2193    0.4
  56649  99.97  26.10 2059    0.5
  56652 100.75  26.68 2131    0.9
  56654 100.18  26.58 2196   0.01
  56665 101.85  26.68 1140    6.0
  56670 102.12  26.90 1105    5.9
  56673 102.92  26.92  894    3.9
  56674 101.73  26.50 1107   14.5
  56675 102.58  26.65 1695    6.0
  56688 103.17  26.10 1253    0.3
  56697 104.08  26.22 1987    1.8
  56761 101.32  25.72 1873    0.1
  56764 101.23  25.53 1875    2.0
  56767 101.28  25.18 1858    0.1
  56772 102.50  25.23 1694    0.4
  56774 102.42  25.53 1712    0.3
  56775 102.45  25.55 1752    0.2
  56777 102.07  25.15 1566    0.1
  56781 103.27  25.55 1874    2.5
  56782 103.55  25.42 2064    3.7
  56783 103.80  25.50 1906    4.0
  56785 103.03  25.33 1925    8.1
  56788 103.67  25.03 1842    4.7
  56790 104.25  25.68 1920    3.6
  56835  97.82  24.07  958    5.4
  56836  97.95  24.70  828    3.4
  56839  98.82  23.77  994    1.0
  56840  98.30  24.82 1013    5.5
  56841  98.68  24.60 1527    1.3
  56842  99.18  24.73 1473    2.5
  56843  99.62  24.83 1650    0.3
  56844  98.58  24.43  915    1.1
  56846  99.93  24.58 1569    0.1
  56849  99.23  24.03 1607    0.2
  56851 100.52  25.03 1378   0.01
  56854 100.13  24.45 1108   0.01
  56862 101.60  24.68 1966    1.0
  56863 102.48  24.93 1850    1.8
  56867 101.12  23.98 1107    1.9
  56869 101.97  24.07 1498    2.3
  56870 102.17  24.67 1576    0.4
  56871 102.60  24.65 1894    2.3
  56872 102.62  24.95 2360    2.6
  56873 102.90  24.67 1752    4.6
  56876 102.77  24.28 1732    4.7
  56878 102.75  24.13 1802    3.0
  56879 102.92  24.20 1610    4.6
  56880 103.17  24.92 1532    7.3
  56881 103.27  24.75 1694    3.9
  56882 102.80  24.88 1909    4.1
  56883 103.98  24.83 1846   10.2
  56885 103.45  24.40 1416    6.1
  56889 104.17  24.05 1518    1.2
  56891 104.32  24.98 1482   15.6
  56898 102.40  24.18 1542    5.2
  56944  99.27  23.15 1280    1.5
  56948  99.60  22.63 1156    3.3
  56949  99.60  22.32  946   12.9
  56950  99.80  23.47 1044    2.4
  56952 100.70  23.50  914    1.0
  56958 100.42  21.92 1177    1.6
  56961 101.05  23.03 1321   17.9
  56962 101.67  23.42 1315    4.5
  56970 102.48  23.70 1419    2.1
  56973 102.83  23.62 1310    1.1
  56975 102.43  23.37  975    2.4
  56976 102.83  23.23  229    1.5
  56978 102.42  23.00 1640    3.9
  56982 103.25  23.70 1055    1.3
  56984 103.15  23.38 1717    2.4
  56987 103.23  22.78 1261    7.1
  56989 103.95  22.50  138    4.4
  56992 104.70  23.45 1508    3.2
  56994 104.25  23.38 1277    0.4
  56995 104.42  23.03 1335    4.2
  56996 104.70  23.13 1094    1.9
  57001 105.33  34.75 1273    9.4
  57002 105.65  34.85 1217    5.4
  57004 104.88  34.73 1496    8.5
  57006 105.75  34.58 1142    5.1
  57007 105.18  34.18 1406    8.6
  57008 105.30  34.03 1578   10.6
  57011 106.15  34.75 1379    5.0
  57012 106.20  34.98 1665    4.5
  57016 107.13  34.35  613    4.3
  57020 107.40  34.37  563    4.8
  57021 107.13  34.65  751    6.7
  57022 107.78  34.68 1026    3.0
  57023 108.10  35.03  841    1.7
  57024 107.65  34.45  671    4.5
  57026 107.88  34.37  586    1.9
  57027 107.73  34.27  518    5.6
  57029 108.48  34.50  544    1.7
  57031 108.55  34.82 1013    2.9
  57032 108.20  34.13  436    1.4
  57033 108.82  34.55  429    1.2
  57035 108.23  34.55  636    1.1
  57036 108.93  34.30  398    0.9
  57038 108.45  34.28  411    1.3
  57039 108.88  34.08  445    2.2
  57040 109.08  34.52  378    1.1
  57041 108.92  34.63  425    1.2
  57042 109.18  34.78  473    0.5
  57043 109.97  34.80  352   0.01
  57044 109.23  34.40  424    1.1
  57045 109.48  34.52  354    0.7
  57047 109.32  34.17  541    2.3
  57053 110.72  34.70  507    0.5
  57054 110.23  34.55  557    0.1
  57056 110.88  34.53  390    0.8
  57057 110.15  34.10  961    4.6
  57060 111.23  35.17  404    0.4
  57061 111.20  34.83  411    1.0
  57063 111.77  34.77  524    1.6
  57065 112.18  34.50  196    3.0
  57066 111.67  34.38  329    2.8
  57070 112.12  34.73  358    2.4
  57072 112.75  34.92  128    1.6
  57074 112.42  34.42  198    2.8
  57075 112.87  34.17  203    7.2
  57076 112.82  34.72  190    1.4
  57078 112.47  34.15  337   0.01
  57079 113.03  34.95  106    1.4
  57080 112.97  34.73  166    1.6
  57081 113.43  34.80  141    4.1
  57082 113.02  34.47  428    0.8
  57084 113.05  34.50 1180    4.2
  57085 113.37  34.55  289    3.6
  57086 113.72  34.38  116    5.2
  57087 113.80  34.20   88    4.0
  57088 113.50  34.15  117    1.3
  57090 113.97  34.72   79    4.4
  57093 114.82  34.85   74    1.5
  57094 114.22  34.40   71    3.0
  57095 114.15  34.12   61    3.8
  57096 114.78  34.53   60    1.4
  57098 114.40  34.08   59    3.1
  57099 114.85  34.07   53    1.1
  57102 105.72  33.75  971    5.8
  57105 105.60  33.33 1219    9.0
  57110 106.08  33.78  930    4.0
  57111 106.30  33.92  967    2.5
  57113 106.53  33.90  990    2.5
  57119 106.70  33.17  551    5.9
  57123 108.07  34.28  510    2.6
  57126 107.55  33.22  470    8.6
  57128 107.33  33.17  487    6.5
  57129 107.72  32.98  447    4.2
  57132 108.62  34.12  415    1.7
  57137 108.32  33.32  801    5.0
  57140 109.12  33.67  818    6.6
  57153 110.33  33.68  584    9.1
  57155 109.87  33.55  661   12.1
  57162 112.08  34.15  327    5.3
  57169 111.87  33.05  160    7.3
  57173 112.88  33.75  147    4.9
  57175 112.23  33.05  192    6.9
  57176 112.42  33.48  230    4.8
  57177 113.53  33.33   91    4.5
  57179 113.00  33.28  161    2.6
  57180 113.20  33.98  118    2.1
  57182 113.50  33.85   81    1.0
  57183 113.92  33.80   61    1.3
  57184 113.37  33.63   84    3.3
  57185 113.58  33.45   92    3.9
  57186 114.05  33.60   59    2.0
  57187 112.93  33.07  119    8.1
  57188 114.03  33.37   56    3.7
  57189 113.95  33.13   65    2.3
  57190 114.40  33.75   51    1.6
  57191 114.48  34.48   64    2.3
  57192 114.85  33.73   47    2.3
  57194 114.27  33.28   60    2.8
  57195 114.62  33.62   47    2.5
  57196 114.87  33.47   42    3.1
  57197 114.33  33.00   54    0.1
  57198 114.62  33.55   47    2.4
  57204 105.23  32.58  801    2.8
  57208 105.47  32.02  538    2.2
  57213 106.93  33.00  537   10.4
  57216 106.83  32.35  577    9.4
  57217 106.28  32.23  493    8.5
  57231 108.53  32.53  504   18.7
  57233 108.50  32.90  413    9.5
  57242 109.37  32.85  285    7.4
  57247 108.90  32.32  442   11.0
  57248 109.33  32.40  429   14.2
  57249 109.68  32.32  453   21.5
  57253 110.82  32.85  204   20.2
  57254 110.12  32.82  324   17.2
  57257 110.23  32.23  309   10.6
  57260 111.52  32.55  143    9.7
  57261 111.50  33.13  196    9.8
  57268 111.63  32.27   87   10.1
  57271 112.38  32.55   89    5.1
  57273 112.85  32.68  110    4.6
  57274 112.12  32.70  108    7.1
  57281 113.30  32.70  142    3.1
  57292 114.63  32.97   44    0.3
  57293 114.98  32.73   39   0.01
  57294 114.02  32.83   84    0.9
  57295 114.35  32.62   83    0.2
  57296 114.73  32.35   50    0.6
  57298 114.55  32.22   56    0.3
  57299 114.90  32.02   50    0.4
  57303 105.92  31.73  460   11.8
  57304 105.17  31.67  517    2.1
  57307 105.08  31.10  408    6.7
  57308 105.38  31.22  421    3.9
  57309 105.88  30.98  375    3.4
  57314 106.07  31.35  385    9.2
  57315 106.40  31.53  658   10.1
  57317 106.42  31.03  323    6.4
  57318 106.55  31.07  339    8.5
  57320 107.22  31.93  483   10.0
  57324 107.08  31.58  363   28.6
  57326 107.72  31.37  390   12.6
  57329 107.85  31.10  462   26.5
  57333 108.67  31.95  800   15.7
  57338 108.42  31.18  213   29.0
  57339 108.68  30.95  296   33.9
  57345 109.62  31.40  339   28.6
  57349 109.87  31.07  270   17.0
  57361 111.27  31.88  331    6.4
  57362 110.67  31.75  939    9.9
  57363 111.83  31.80  146    3.7
  57368 111.63  31.05  138   10.2
  57370 112.22  31.73   68    5.7
  57377 112.22  31.00  184    6.3
  57385 113.82  31.63   94    1.8
  57386 114.00  31.25   37    0.6
  57387 113.13  31.00   80    4.3
  57388 113.70  31.27   55    0.4
  57389 113.75  31.03   33    1.8
  57390 114.07  31.80  731    2.2
  57396 114.85  31.63  130    0.3
  57398 114.62  31.28   76    0.1
  57401 105.37  30.87  380    2.4
  57402 105.70  30.77  395    2.6
  57407 105.03  30.28  464    2.5
  57408 105.35  30.12  333    1.5
  57409 105.80  30.18  295    6.3
  57413 106.97  30.85  295    8.7
  57414 106.45  30.55  396   11.7
  57415 106.63  30.47  336   13.6
  57416 106.93  30.33 3915   23.6
  57417 106.28  30.35  315   12.4
  57420 107.20  30.75  397   21.5
  57425 107.33  30.33  430   37.8
  57431 108.35  30.83  256   39.3
  57437 108.03  30.30  326    9.1
  57438 108.12  29.98  630    2.1
  57453 111.32  30.77  116   10.2
  57460 111.78  30.82   91   10.8
  57462 111.08  30.87  104   10.5
  57464 111.18  30.47  144   12.1
  57465 111.45  30.38   76    8.0
  57466 111.77  30.43   50    5.8
  57469 111.77  30.18   68    4.2
  57475 112.90  30.40   33    3.1
  57477 112.22  30.07   39    3.0
  57481 113.58  30.95   31    5.3
  57485 113.45  30.37   33    1.7
  57486 113.85  30.65   25    1.9
  57489 114.00  30.58   39    0.6
  57491 114.40  30.87   31    0.3
  57492 114.80  30.83   33    0.4
  57495 114.88  30.67   19    0.1
  57496 114.87  30.37   30   0.01
  57498 114.90  30.43   22   0.01
  57499 114.97  30.10   40    0.2
  57505 105.58  29.42  324    2.6
  57506 105.90  29.37  376    9.8
  57507 105.30  29.33  374    4.6
  57508 105.37  29.15  302    0.8
  57509 106.93  28.95  325    4.1
  57510 106.05  29.85  275   16.7
  57511 106.45  29.85  242   24.3
  57513 106.62  29.73  457   22.9
  57514 106.22  29.58  325   16.1
  57518 106.53  29.38  243   10.1
  57519 107.08  29.15  559    5.2
  57522 107.42  29.75  273   13.2
  57525 107.75  29.32  273    4.1
  57537 108.17  29.30  321   12.7
  57540 109.15  29.68  776   24.1
  57541 109.48  30.00  533   25.6
  57543 110.03  29.88  540   12.8
  57544 109.45  29.47  486   13.0
  57558 110.47  29.13  184   11.3
  57564 111.13  29.43  103    7.4
  57565 111.75  29.65   39    5.5
  57566 111.65  29.45   50    9.4
  57571 112.40  29.70   37    2.5
  57575 112.57  29.52   32    5.7
  57577 112.17  29.40   37   10.3
  57582 113.88  29.73   51    0.8
  57585 113.45  29.48   60    0.9
  57586 114.03  29.53   79    0.3
  57589 113.80  29.25  103    0.9
  57590 114.37  29.85   64    0.5
  57596 114.20  29.63    0    0.2
  57600 105.07  28.72  256    2.7
  57603 105.83  28.82  283    1.7
  57605 105.82  28.03  539    1.4
  57609 105.70  28.58  316    0.8
  57623 107.60  28.88  684   10.1
  57634 107.88  28.52  658   11.2
  57635 108.98  28.45  363   15.4
  57636 108.50  28.57  335    8.8
  57637 108.12  28.25  524   13.4
  57640 109.45  28.58  344   16.7
  57643 109.83  29.00  268   14.6
  57646 109.95  28.62  301   24.9
  57657 110.20  28.22  182   16.2
  57658 110.20  28.02  144   18.1
  57661 111.48  28.92   51   12.7
  57663 111.95  28.92   31    6.4
  57666 112.13  28.52   49    3.5
  57674 112.47  28.57   44    3.2
  57678 112.55  28.25   71    0.2
  57680 113.07  28.80   47    2.1
  57688 113.63  28.15  100    0.1
  57708 105.60  27.15 1704    0.5
  57713 106.88  27.70  844    1.2
  57714 106.23  27.47  942    2.8
  57717 106.83  27.53  974    0.7
  57719 106.97  27.07 1280    6.6
  57720 107.17  27.88  888    5.9
  57723 107.72  27.98  710   11.0
  57728 107.47  27.07 1095    6.9
  57732 108.40  28.02  458   11.9
  57734 108.23  27.57  468    9.3
  57735 108.82  27.18  396   22.5
  57736 108.85  27.70  376   18.4
  57737 108.12  27.03  546   13.4
  57738 108.42  27.05  517   15.7
  57739 108.88  27.23  375   20.0
  57740 109.60  27.95  349   27.6
  57742 109.20  27.52  883   26.7
  57743 109.80  27.88  176   23.7
  57744 109.17  27.37  356   26.8
  57754 110.15  27.35  170   21.8
  57760 111.43  27.70  247   12.2
  57762 111.70  27.68  163    5.5
  57763 112.00  27.73  151    3.8
  57767 111.03  27.12  266   14.7
  57768 111.45  27.32  242   12.2
  57769 111.73  27.23  257    7.1
  57771 112.52  27.93   89    1.5
  57772 112.50  27.75   84    1.3
  57773 112.82  27.87   63    2.1
  57777 112.87  27.23   65    0.3
  57778 112.95  27.10   68    0.1
  57781 113.50  27.65   71   0.01
  57786 113.85  27.65  110    0.2
  57792 114.68  27.82   93   0.01
  57800 105.37  26.77 1458    1.7
  57807 105.47  26.20 1359    6.5
  57808 105.75  26.32 1272    6.4
  57809 105.75  26.07 1251    8.9
  57811 106.60  26.85 1242    7.4
  57813 106.47  26.57 1265    7.0
  57814 106.27  26.42 1285    9.6
  57818 106.45  26.03 1145   12.6
  57821 107.50  26.70  924   12.4
  57822 107.90  26.90  833   10.8
  57824 107.23  26.58 1005    7.9
  57828 107.58  26.50  983   10.7
  57829 107.80  26.20  964   15.5
  57834 108.30  26.68  642   10.7
  57835 108.43  26.72  521    9.5
  57837 108.07  26.40  838   12.2
  57842 109.72  26.88  281   20.1
  57844 109.18  26.68  344    7.9
  57846 110.15  26.58  307   13.0
  57851 110.85  26.45  307    9.0
  57859 110.63  26.03  409    8.0
  57860 111.28  27.00  282    6.1
  57865 111.58  26.47  166    5.1
  57867 111.28  26.40  169    3.3
  57868 111.87  26.60  113    1.5
  57870 112.10  26.80  151    0.3
  57871 112.37  26.98   91    2.8
  57875 112.50  26.88   71    0.2
  57881 113.25  26.72  105   0.01
  57882 113.55  26.78  135   0.01
  57895 114.78  26.47   96   0.01
  57900 105.22  25.83 1553    6.5
  57903 105.60  25.93 1138    8.9
  57905 105.63  25.40 1063    9.0
  57908 105.48  25.12 1393    7.5
  57909 105.82  24.98  584    3.0
  57911 106.65  26.67 1325    7.5
  57913 106.98  26.45 1095    5.9
  57914 106.67  26.42 1143    7.8
  57915 106.77  26.63 1102   11.7
  57921 107.32  25.83  710   11.3
  57923 107.87  25.98  418   10.8
  57927 107.18  24.97  283    9.1
  57936 108.92  25.75  255    1.5
  57941 109.60  25.78  198    3.0
  57942 110.00  25.80  267    2.7
  57948 109.25  25.08  123    0.2
  57949 110.00  24.98  157    2.3
  57954 110.18  25.23  158    0.1
  57955 110.67  25.62  224    0.1
  57956 110.32  25.42  169   0.01
  57958 110.32  25.08  152    1.6
  57960 111.07  25.93  192   0.01
  57962 111.65  25.97  166    0.6
  57964 111.15  25.50  258    0.3
  57966 111.95  25.60  205    0.5
  57969 111.33  25.27  230    1.3
  57971 112.20  25.92  225   0.01
  57973 112.72  25.75  328   0.01
  57976 112.95  25.42  226    0.1
  57978 112.55  25.28  291   0.01
  57988 113.35  25.15  103   0.01
  57990 114.30  25.70  252   0.01
  57991 114.55  25.80  148   0.01
  57992 114.75  25.67  129   0.01
  57994 114.35  25.40  208   0.01
  58001 115.10  34.43   57    1.5
  58002 115.58  34.85   53   0.01
  58004 115.15  34.65   61    6.4
  58006 115.88  34.38   47   0.01
  58007 115.30  34.07   53    0.9
  58008 115.33  34.47   55    0.8
  58011 116.07  34.80   44    0.1
  58012 116.58  34.68   40   0.01
  58016 116.97  34.18   39    0.1
  58020 117.13  34.80   38   0.01
  58022 117.57  34.75   48   0.01
  58024 117.58  34.87   78   0.01
  58025 117.73  34.57   32    0.1
  58035 118.35  34.33   30    0.1
  58036 118.73  34.52   39    0.1
  58044 119.23  34.53    5   0.01
  58048 119.35  34.12    9   0.01
  58049 119.82  34.03    7   0.01
  58100 115.17  33.65   42    1.6
  58101 115.48  33.87   42    0.7
  58104 115.07  33.40   42    1.7
  58108 115.33  33.23   46    0.6
  58109 115.62  33.18   37    0.3
  58113 116.75  33.93   35   0.01
  58114 116.18  33.48   29    1.8
  58116 116.83  33.98   32    0.3
  58117 116.20  33.13   33    0.5
  58125 117.55  33.55   28    1.9
  58126 117.87  33.47   24    2.7
  58127 117.20  32.98   23    1.0
  58128 117.30  33.32   23    3.0
  58129 117.87  33.13   20   0.01
  58132 118.68  33.72   19    0.6
  58139 118.88  33.30   13    0.2
  58140 119.30  33.77   13    0.7
  58145 119.17  33.53    8    0.9
  58146 119.77  33.47    7    0.7
  58147 118.97  32.98   28   0.01
  58148 119.30  33.23   11    0.4
  58154 120.20  33.43    7    0.1
  58202 115.58  32.63   37    0.4
  58205 115.43  32.47   36    0.3
  58207 115.05  32.17   42    0.9
  58210 116.23  32.65   25    0.9
  58212 116.73  32.72   27    1.0
  58214 116.28  32.33   37   0.01
  58222 117.55  32.85   31   0.01
  58224 117.02  32.65   36    0.2
  58244 119.58  32.45   10   0.01
  58257 120.25  31.98   12   0.01
  58301 115.38  31.82   90   0.01
  58306 115.88  31.68   94   0.01
  58316 116.95  31.47   26   0.01
  58317 116.37  30.87  434   0.01
  58329 117.87  31.33   24   0.01
  58351 120.30  31.90   12   0.01
  58404 115.22  30.47   57   0.01
  58408 115.43  30.23   35    0.2
  58409 115.93  30.07   20   0.01
  58415 116.58  30.63   38   0.01
  58416 116.82  30.75   38   0.01
  58417 116.13  30.17   50   0.01
  58418 116.70  30.13   26   0.01
  58421 117.87  30.63   32   0.01
  58433 118.75  30.93   30   0.01
  58438 118.58  30.08  197   0.01
  58442 119.18  31.13   16   0.01
  58502 116.00  29.73   37   0.01
  58503 115.68  29.70   41   0.01
  58508 115.77  29.33   42    0.1
  58509 115.82  29.05   38    0.1
  58512 116.55  29.90   66   0.01
  58514 116.05  29.45   35   0.01
  58517 116.20  29.27   43   0.01
  58566 121.88  29.47   14    0.1
  58568 121.38  29.12   35   0.01
  58601 115.38  28.70   54   0.01
  58804 115.35  26.35  153   0.01
  58814 116.35  26.35  237   0.01
  58819 116.80  26.17  329   0.01
  58824 117.15  26.40  355   0.01
  58828 117.62  26.27  206   0.01
  58905 115.42  25.97  136   0.01
  59001 105.33  24.78  674    2.8
  59004 105.10  24.50  729    1.1
  59012 106.55  24.78  973    1.8
  59015 106.57  24.35  442   10.0
  59017 106.27  24.27  279    5.6
  59022 107.55  24.98  695    4.5
  59025 107.38  24.53  249    1.1
  59027 107.25  24.13  244    5.0
  59031 108.25  24.83  205    0.5
  59033 108.90  24.78  330    0.2
  59034 108.67  24.48  149   0.01
  59038 108.65  24.07  142    0.6
  59041 109.25  24.65  109    0.9
  59044 109.38  24.47   99    1.7
  59045 109.75  24.48   95    1.1
  59047 109.33  24.25  101   0.01
  59051 110.50  24.77  133    1.0
  59052 110.82  24.83  167    1.5
  59053 110.67  24.62  108   0.01
  59055 110.40  24.50  166    0.3
  59057 110.18  24.13  827   0.01
  59059 110.80  24.18  107    0.1
  59061 111.27  24.82  198    0.2
  59063 111.45  25.18  262    0.3
  59064 111.32  24.55  141    0.1
  59074 112.15  24.57  300   0.01
  59075 112.63  24.48   70   0.01
  59081 113.27  24.78   98   0.01
  59091 114.53  24.75  257   0.01
  59093 115.03  24.78  254   0.01
  59094 114.12  24.37  135   0.01
  59109 115.73  24.15  126   0.01
  59114 116.17  24.65  131   0.01
  59205 105.63  23.65  688    0.4
  59213 106.92  23.73  113    1.3
  59215 106.62  23.33  640    4.1
  59224 107.12  23.60  116    0.8
  59227 107.15  23.08  438    0.1
  59229 107.70  23.18  101   0.01
  59230 108.17  23.72  173    0.2
  59235 108.62  23.43  116   0.01
  59237 108.28  23.17  115   0.01
  59241 109.68  23.97   91    0.1
  59246 109.67  23.60   70    0.3
  59249 109.62  23.12   56   0.01
  59255 110.38  23.55   37    0.2
  59256 110.92  23.37   56   0.01
  59264 111.50  23.40   79   0.01
  59266 111.23  23.42   46   0.01
  59268 111.53  23.25   31   0.01
  59270 112.18  23.92   78   0.01
  59276 112.65  23.35   40   0.01
  59288 113.13  23.05    3   0.01
  59290 114.23  23.73   71   0.01
  59419 106.75  22.10  243    2.6
  59421 107.20  22.83  257   0.01
  59425 107.35  22.40  107   0.01
  59426 107.90  22.63   92   0.01
  59427 107.07  22.12  162   0.01
  59432 108.40  22.80  203   0.01
  59441 109.25  22.70   78   0.01
  59448 109.55  22.27   70   0.01
  59449 109.98  22.30   80    0.1
  59454 111.00  22.92  104   0.01
  59457 110.27  22.32  120   0.01
  59471 112.05  22.93  102   0.01
  59473 112.97  22.77   20   0.01
  59475 112.65  22.40   24   0.01
  59477 112.30  22.18   25   0.01
  59480 113.25  22.85   21   0.01
  59481 113.32  22.93   16   0.01
  59640 109.18  21.67    6   0.01
  59653 110.85  21.93   35    0.3
  59654 110.30  21.63   28    0.6
  59655 110.62  21.65   35   0.01
  59757 110.37  20.00   10    0.2
  59842 109.68  19.90   31    2.9
  59843 110.00  19.73   36   23.7
  59851 110.33  19.70   25   13.0
  59854 110.10  19.37  119   19.4
  59856 110.75  19.62   26    7.0
  59940 109.17  18.75  156    4.2
  59945 109.70  18.65   65   0.01
  59951 110.33  18.80   38    0.7
