diamond  3 2013年10月09日08点24小时降雨量                    
  13  10  09  08    -2 3 10 25 50 1 0
 39 122.7  37.3 122.5  36.7 120.8  36.2 119.3  35.0 120.4  34.3
 121.1  32.7 122.3  30.9 122.5  30.1 121.5  28.0 119.8  25.0
 116.1  22.6 111.0  21.0 111.0  18.6 109.6  18.1 108.3  18.5
 108.9  19.9 109.3  21.0 106.4  21.6 104.1  22.2 101.6  20.8
  98.7  22.0  97.1  24.1  97.7  27.0  91.7  26.6  85.7  27.7
  78.9  30.6  73.3  37.1  74.1  40.7  87.6  49.8  98.5  43.9
 110.4  44.3 122.0  54.7 135.7  48.3 131.5  42.2 125.2  39.4
 121.3  38.5 121.2  40.3 118.5  38.6 120.8  38.1
1                    266
  50137 122.37  53.47  297    0.4
  50850 125.13  46.57  148   0.01
  51058  87.97  47.10  564    0.2
  51145  83.65  46.55  523   0.01
  53694 114.22  38.27  134    0.5
  53848 109.35  36.27 1005   0.01
  54540 119.17  39.72   14   0.01
  56441  99.28  28.72 2424    0.3
  56490 103.90  28.95  396    0.1
  56595 104.87  27.42 1644   0.01
  56645  99.42  26.42 2345    0.1
  56742  99.37  25.90 1663   0.01
  56835  97.82  24.07  958    1.6
  56836  97.95  24.70  828    0.7
  56839  98.82  23.77  994    0.2
  56840  98.30  24.82 1013    2.2
  56841  98.68  24.60 1527    2.0
  56842  99.18  24.73 1473    0.7
  56843  99.62  24.83 1650   0.01
  56844  98.58  24.43  915    0.1
  56846  99.93  24.58 1569    0.1
  56849  99.23  24.03 1607   0.01
  57589 113.80  29.25  103   0.01
  57590 114.37  29.85   64    0.1
  57688 113.63  28.15  100    4.4
  57694 114.38  28.53  256    1.0
  57698 114.45  28.12   99    0.4
  57699 114.92  28.23   68    1.3
  57771 112.52  27.93   89   0.01
  57772 112.50  27.75   84   0.01
  57773 112.82  27.87   63    0.1
  57777 112.87  27.23   65    0.1
  57778 112.95  27.10   68    2.1
  57781 113.50  27.65   71    3.0
  57786 113.85  27.65  110    0.8
  57792 114.68  27.82   93    2.4
  57798 114.60  27.40   89    7.9
  57871 112.37  26.98   91   0.01
  57875 112.50  26.88   71    3.0
  57876 112.83  26.43  118    8.5
  57881 113.25  26.72  105    7.0
  57882 113.55  26.78  135    1.8
  57883 114.28  26.75  257   20.5
  57886 113.78  26.50  226    4.0
  57887 113.12  26.13  124    1.3
  57891 114.25  26.93  144   15.0
  57895 114.78  26.47   96    6.5
  57899 114.92  26.80   66   17.0
  57962 111.65  25.97  166   0.01
  57964 111.15  25.50  258    0.1
  57966 111.95  25.60  205    1.5
  57973 112.72  25.75  328    9.1
  57975 112.20  25.38  278    3.1
  57978 112.55  25.28  291    0.5
  57981 113.22  25.98  141   14.9
  57985 113.68  25.57  608   0.01
  57988 113.35  25.15  103    0.2
  57989 113.73  25.10   96    0.1
  57990 114.30  25.70  252    9.8
  57991 114.55  25.80  148   11.3
  57992 114.75  25.67  129    3.6
  57994 114.35  25.40  208    3.2
  57995 114.93  25.40  166    2.2
  58049 119.82  34.03    7    3.3
  58112 116.45  30.73  933    0.1
  58139 118.88  33.30   13    0.1
  58145 119.17  33.53    8    0.3
  58146 119.77  33.47    7    0.5
  58147 118.97  32.98   28    0.1
  58148 119.30  33.23   11    0.3
  58154 120.20  33.43    7    1.8
  58220 117.15  32.47   32   0.01
  58223 117.98  32.78   38   0.01
  58230 118.27  32.08   34   0.01
  58234 118.42  32.47   43   0.01
  58235 118.85  32.37   16    0.1
  58237 118.62  32.05   22   0.01
  58240 119.02  32.68   25   0.01
  58242 119.18  32.28   14    0.4
  58243 119.83  32.93    7    2.0
  58244 119.58  32.45   10    2.6
  58245 119.42  32.42   14    3.7
  58246 119.90  32.52   11    3.8
  58247 119.82  32.25    5    4.8
  58249 120.00  32.17    8   11.7
  58250 120.15  32.52   10    9.0
  58254 120.45  32.52    5    7.4
  58257 120.25  31.98   12   24.6
  58264 121.18  32.33   11   13.8
  58268 121.08  32.10    8   23.5
  58269 121.65  31.78   12   50.2
  58316 116.95  31.47   26    0.3
  58317 116.37  30.87  434   0.01
  58320 117.13  31.73   26    0.1
  58323 117.47  31.88   29    0.2
  58327 117.28  31.25   24    0.1
  58329 117.87  31.33   24    0.1
  58331 118.37  31.73   26   0.01
  58334 118.37  31.38   23    1.1
  58335 118.52  31.57   16    0.4
  58337 118.18  31.08   30    9.4
  58339 118.90  31.33   24    2.7
  58340 119.03  31.65   23    3.1
  58341 119.58  31.98   10    9.3
  58342 119.55  31.72    7    9.5
  58344 119.20  31.97   35    6.3
  58346 119.82  31.33   15    8.9
  58349 120.63  31.27    9   11.5
  58351 120.30  31.90   12   30.4
  58352 120.77  31.65    8   16.6
  58353 120.57  31.87    6   35.9
  58359 120.62  31.13    9   10.8
  58360 121.20  31.92    6   16.3
  58361 121.37  31.10   10   49.9
  58365 121.25  31.37    9   31.6
  58366 121.40  31.63    9   27.2
  58367 121.43  31.20   18   30.5
  58369 121.78  31.05    9  115.2
  58370 121.55  31.22   11   46.4
  58377 121.10  31.47    6   27.1
  58418 116.70  30.13   26    0.1
  58420 117.22  30.72   38    0.9
  58421 117.87  30.63   32    4.1
  58423 117.78  30.48  643   12.8
  58426 118.13  30.30  192    1.1
  58427 117.48  30.67   36    4.3
  58428 117.48  30.22  115    1.2
  58431 118.32  30.92   17    4.3
  58432 118.40  30.68   39    5.8
  58433 118.75  30.93   30    4.5
  58435 118.53  30.30  221    0.7
  58438 118.58  30.08  197    0.1
  58441 119.42  30.87   53    7.9
  58442 119.18  31.13   16   0.01
  58443 119.90  31.02   19    7.5
  58446 119.68  30.63   25    7.5
  58449 119.95  30.05   47    6.2
  58451 120.93  30.83    3   21.7
  58452 120.77  30.73    4   11.2
  58453 120.50  30.07   10   19.2
  58454 119.97  30.53    5    8.4
  58455 120.65  30.52    8   52.5
  58456 120.52  30.63    6    5.2
  58458 120.90  30.53    3   29.0
  58459 120.28  30.18   42   13.0
  58460 121.35  30.73    6   34.3
  58461 121.12  31.13    8   19.2
  58462 121.23  31.03    9   33.3
  58463 121.50  30.88    9   36.7
  58468 121.17  30.05   10   27.7
  58484 122.20  30.25    9   44.1
  58502 116.00  29.73   37    0.1
  58503 115.68  29.70   41    0.4
  58508 115.77  29.33   42   0.01
  58509 115.82  29.05   38   0.01
  58510 116.23  29.73   40    0.1
  58512 116.55  29.90   66    1.0
  58514 116.05  29.45   35   0.01
  58530 118.43  29.87  170    0.1
  58542 119.68  29.82   45    2.5
  58544 119.27  29.48   87   0.01
  58546 119.88  29.47  114    0.1
  58547 119.18  29.03   65    0.5
  58548 119.47  29.22   46   0.01
  58550 120.25  29.70   39    3.4
  58555 120.88  29.52  112    0.1
  58558 120.22  29.27   89   0.01
  58559 120.98  29.17   59   0.01
  58561 121.60  29.98    3   23.1
  58563 121.83  29.88    4   34.2
  58565 121.43  29.68    6    0.3
  58566 121.88  29.47   14    8.3
  58567 121.43  29.32   39   0.01
  58568 121.38  29.12   35   0.01
  58570 122.30  29.95   83   20.8
  58601 115.38  28.70   54   0.01
  58605 115.38  28.42   49    0.3
  58607 115.95  28.55   35    0.8
  58609 115.82  28.22   30    0.1
  58612 116.68  28.70   22    0.1
  58614 116.27  28.38   40    0.2
  58616 116.82  28.20   44    3.1
  58618 116.60  28.23   51    7.2
  58619 116.37  28.00   47   0.01
  58623 117.92  28.47   92    0.3
  58624 117.43  28.40   64    1.7
  58625 117.60  28.42   80    1.8
  58627 117.03  28.25   64    1.0
  58629 117.70  28.32   59    0.2
  58631 118.50  28.90  134    0.6
  58642 119.80  28.88  102    0.5
  58643 120.03  28.90   99    0.1
  58647 119.13  28.07  196    0.1
  58654 120.08  28.67  184   0.01
  58656 120.97  28.12    7    0.5
  58657 120.28  28.15   59    0.1
  58660 121.13  28.85    8    0.1
  58693 115.83  28.70   37   0.01
  58701 115.40  27.77   47    1.1
  58704 115.35  27.62   61    0.4
  58706 115.83  27.43  180    8.0
  58707 115.13  27.22   66    9.1
  58710 116.05  27.77   76    0.9
  58712 116.78  27.92  123    0.4
  58714 116.23  27.55  115    2.3
  58719 116.93  27.30  123   0.01
  58724 117.30  27.52  264   0.01
  58735 118.80  27.52  201    0.5
  58736 118.82  27.37  220    3.6
  58745 119.07  27.62  368    3.7
  58746 119.70  27.55  514   0.01
  58747 119.35  27.15  900   19.9
  58748 119.65  27.10   51   34.4
  58749 119.88  27.23  680   0.01
  58804 115.35  26.35  153    4.5
  58814 116.35  26.35  237   18.1
  58819 116.80  26.17  329   19.9
  58821 117.47  26.73  174    0.1
  58822 116.85  26.83  341    4.1
  58823 117.80  26.80  173    2.0
  58824 117.15  26.40  355    0.7
  58826 117.80  26.40  120    2.0
  58828 117.62  26.27  206    1.9
  58836 118.73  26.58  359    7.6
  58839 118.85  26.23   42    0.1
  58845 119.53  26.50   57    9.7
  58848 119.55  26.20   12   0.01
  58903 116.03  25.90  208    6.2
  58905 115.42  25.97  136    5.6
  58906 115.80  25.60  167    1.4
  58907 115.40  25.15  300    4.4
  58912 116.75  25.72  379    1.3
  58923 117.83  25.70  397    4.8
  58929 118.15  25.07   66    0.2
  58932 118.93  25.87   85    0.4
  58934 118.27  25.33  170    0.1
  58935 118.23  25.48  516    1.1
  58938 118.98  25.23   22    0.4
  58940 119.33  26.08   28    0.2
  58941 119.50  25.97   11    0.1
  58942 119.38  25.72   39   0.01
  58946 119.00  25.45   84    0.8
  59063 111.45  25.18  262    0.1
  59071 112.28  24.73  175    0.1
  59075 112.63  24.48   70   0.01
  59081 113.27  24.78   98    0.7
  59090 114.07  24.95  103    2.7
  59091 114.53  24.75  257    2.1
  59093 115.03  24.78  254   0.01
  59094 114.12  24.37  135    0.1
  59109 115.73  24.15  126    0.7
  59124 117.37  24.52   31    2.1
  59125 117.30  24.38  105    2.0
  59127 117.83  24.43   14   0.01
  59129 117.60  24.13   53    6.4
  59130 118.15  24.73   28   0.01
  59131 118.37  24.97   44    0.3
  59137 118.57  24.82   55    0.2
  59270 112.18  23.92   78    0.4
  59312 116.63  23.67   11    2.6
  59313 116.98  23.68   42   0.01
  59315 116.38  23.58   25    0.1
  59320 117.13  23.77   27    0.8
  59322 117.37  23.98   20   0.01
  59476 113.03  22.53   35   0.01
  59480 113.25  22.85   21    0.2
