diamond  3 2013年10月25日08点24小时降雨量                    
  13  10  25  08    -2 3 10 25 50 1 0
 39 122.7  37.3 122.5  36.7 120.8  36.2 119.3  35.0 120.4  34.3
 121.1  32.7 122.3  30.9 122.5  30.1 121.5  28.0 119.8  25.0
 116.1  22.6 111.0  21.0 111.0  18.6 109.6  18.1 108.3  18.5
 108.9  19.9 109.3  21.0 106.4  21.6 104.1  22.2 101.6  20.8
  98.7  22.0  97.1  24.1  97.7  27.0  91.7  26.6  85.7  27.7
  78.9  30.6  73.3  37.1  74.1  40.7  87.6  49.8  98.5  43.9
 110.4  44.3 122.0  54.7 135.7  48.3 131.5  42.2 125.2  39.4
 121.3  38.5 121.2  40.3 118.5  38.6 120.8  38.1
1                    132
  50659 126.25  48.03  293   0.01
  50673 130.40  48.88   92    2.0
  50674 129.43  48.57  404    2.5
  50749 124.83  47.18  159    6.5
  50750 125.30  47.90  228    3.9
  50755 126.10  47.60  232    7.1
  50767 127.10  47.23  204   19.1
  50772 129.23  48.10  299    8.3
  50775 130.27  47.33  229   18.0
  50776 130.83  47.57   84    7.9
  50778 132.53  47.67   59    3.5
  50779 134.28  48.37   41    2.9
  50787 131.85  47.28   63    8.9
  50832 122.08  46.72  334    8.1
  50833 122.90  46.72  189   14.5
  50842 124.42  46.83  145    5.1
  50850 125.13  46.57  148    9.8
  50851 126.08  46.68  209   11.4
  50852 126.45  46.83  170   10.3
  50858 125.93  46.07  136   10.9
  50859 126.27  46.25  160   12.2
  50861 127.48  46.88  186   30.8
  50867 127.35  46.08  134   29.1
  50871 129.88  46.73   96   45.4
  50878 130.72  47.00   80   20.7
  50880 131.12  46.73  104   36.6
  50884 131.15  46.63  176   49.0
  50892 134.00  46.80   57   16.4
  50928 120.33  45.07  629    2.2
  50934 121.58  45.38  309    6.8
  50937 121.47  45.05  250    5.5
  50939 122.82  45.33  154    2.1
  50940 123.17  45.85  142    5.0
  50946 124.83  45.18  140    7.7
  50954 125.08  45.50  129   11.0
  50956 126.57  45.93  117   28.7
  50958 126.95  45.52  175   13.6
  50960 127.45  45.78  192   11.9
  50962 128.03  45.95  113   19.7
  50964 128.80  45.83  123   31.2
  50965 128.30  45.45  157   14.1
  50971 131.02  45.77  226   34.3
  50979 130.23  45.27  279   23.5
  50985 131.87  45.55  155   16.1
  50987 131.13  45.25  181   36.8
  51137  82.93  46.20  715    0.4
  51145  83.65  46.55  523   0.01
  51329  80.85  44.05  641   0.01
  51435  82.23  43.47  776    0.1
  51436  83.25  43.45  929    0.2
  53289 113.83  42.23 1322   0.01
  54031 121.82  44.90  201    1.9
  54039 122.02  44.03  182    0.3
  54047 123.28  44.13  146    0.8
  54065 125.65  44.53  173    4.3
  54069 125.80  44.17  175    2.9
  54072 126.52  44.85  203    3.2
  54076 126.93  44.42  254    4.3
  54080 127.15  44.90  196    3.7
  54092 129.40  44.60  294   24.6
  54093 130.55  44.93  266   16.2
  54098 129.47  44.33  272   27.7
  54099 131.13  44.08  151   28.6
  54117 117.53  43.25 1004   0.01
  54154 124.30  43.35  163    1.2
  54155 124.23  43.67  145    2.9
  54156 124.80  43.52  200    3.5
  54164 125.28  43.35  249    1.6
  54169 126.02  43.30  270    1.3
  54172 126.60  43.78  199    0.6
  54187 128.92  43.12  369    1.9
  54192 130.27  43.70  386   14.6
  54204 115.00  42.30 1347    0.3
  54205 116.00  42.23 1316   0.01
  54252 124.75  42.73  198    2.6
  54261 125.52  42.68  343    1.4
  54267 125.73  42.25  363    0.8
  54274 126.07  42.68  300    1.5
  54279 126.58  42.05  545    0.8
  54290 129.40  42.77  245    6.3
  54291 130.28  42.90   37   17.0
  54293 129.83  42.95  141    5.8
  54305 115.27  41.88 1468    0.1
  54362 125.73  41.67  388    0.1
  54371 126.43  41.93  521    0.6
  56742  99.37  25.90 1663    0.3
  56745  99.95  25.68 1627    0.1
  56746  99.52  25.47 1618    1.2
  56752 100.57  25.83 1440   0.01
  56772 102.50  25.23 1694    0.1
  56844  98.58  24.43  915    0.2
  56846  99.93  24.58 1569    0.1
  56849  99.23  24.03 1607    1.1
  56883 103.98  24.83 1846    0.2
  56889 104.17  24.05 1518   0.01
  56949  99.60  22.32  946    0.3
  56958 100.42  21.92 1177    0.2
  56962 101.67  23.42 1315   0.01
  56970 102.48  23.70 1419    0.1
  56975 102.43  23.37  975   0.01
  56976 102.83  23.23  229   0.01
  56984 103.15  23.38 1717    0.1
  56987 103.23  22.78 1261   0.01
  56989 103.95  22.50  138    0.2
  56992 104.70  23.45 1508    0.1
  56994 104.25  23.38 1277    0.1
  56995 104.42  23.03 1335    0.4
  56996 104.70  23.13 1094   0.01
  57735 108.82  27.18  396    0.1
  57954 110.18  25.23  158   0.01
  57956 110.32  25.42  169   0.01
  58565 121.43  29.68    6   0.01
  58567 121.43  29.32   39   0.01
  58570 122.30  29.95   83   0.01
  59012 106.55  24.78  973    0.1
  59015 106.57  24.35  442   0.01
  59025 107.38  24.53  249    0.1
  59051 110.50  24.77  133   0.01
  59055 110.40  24.50  166   0.01
  59215 106.62  23.33  640    0.5
  59227 107.15  23.08  438   0.01
  59229 107.70  23.18  101   0.01
  59237 108.28  23.17  115   0.01
  59238 108.80  23.22  123   0.01
  59246 109.67  23.60   70   0.01
  59419 106.75  22.10  243    0.1
  59421 107.20  22.83  257   0.01
  59425 107.35  22.40  107   0.01
  59426 107.90  22.63   92   0.01
  59427 107.07  22.12  162   0.01
  59429 107.97  22.15  183   0.01
  59856 110.75  19.62   26   0.01
