diamond  3 2013年11月12日08点24小时降雨量                    
  13  11  12  08    -2 3 10 25 50 1 0
 39 122.7  37.3 122.5  36.7 120.8  36.2 119.3  35.0 120.4  34.3
 121.1  32.7 122.3  30.9 122.5  30.1 121.5  28.0 119.8  25.0
 116.1  22.6 111.0  21.0 111.0  18.6 109.6  18.1 108.3  18.5
 108.9  19.9 109.3  21.0 106.4  21.6 104.1  22.2 101.6  20.8
  98.7  22.0  97.1  24.1  97.7  27.0  91.7  26.6  85.7  27.7
  78.9  30.6  73.3  37.1  74.1  40.7  87.6  49.8  98.5  43.9
 110.4  44.3 122.0  54.7 135.7  48.3 131.5  42.2 125.2  39.4
 121.3  38.5 121.2  40.3 118.5  38.6 120.8  38.1
1                    657
  45045 114.30  22.18   55    0.5
  50431 121.52  50.78  718    0.1
  50524 119.43  49.32  578   0.01
  50525 119.75  49.15  621    0.1
  50526 120.70  49.28  670   0.01
  50645 124.48  48.48  196    0.1
  50646 124.85  48.48  204    0.1
  50842 124.42  46.83  145   0.01
  50850 125.13  46.57  148   0.01
  50867 127.35  46.08  134   0.01
  50913 118.83  45.72  866   0.01
  50924 119.67  45.53  824   0.01
  51707  76.73  39.50 1209    1.0
  51708  75.95  39.15 1324    1.7
  51717  76.78  39.25 1207   0.01
  51802  76.17  38.93 1299   0.01
  52853 100.98  36.90 3011    0.4
  52855 101.25  36.68 2676   0.01
  52862 101.68  36.95 2451   0.01
  52863 101.95  36.82 2480   0.01
  52869 101.58  36.50 2665   0.01
  52877 102.25  36.10 2835   0.01
  52881 103.18  36.98 2485    0.1
  52957 100.60  35.25 3149    1.0
  52963 102.02  35.93 2086    0.2
  52968 101.47  35.03 3663    0.2
  52981 103.38  35.67 2429   0.01
  53917 106.07  35.22 1633   0.01
  53927 106.62  35.20 1478   0.01
  54093 130.55  44.93  266   0.01
  54172 126.60  43.78  199    0.1
  54279 126.58  42.05  545    0.3
  54371 126.43  41.93  521    0.2
  56016  95.62  33.85 4181    0.1
  56091 104.47  34.85 1884   0.01
  56097 104.23  33.27 1407   0.01
  56181 103.70  30.68  543    0.2
  56186 104.20  31.33  589    0.1
  56193 104.52  32.42  894    0.5
  56194 104.45  31.82  679    0.2
  56195 104.73  31.78  531   0.01
  56199 104.68  31.03  424    0.5
  56272 103.88  30.82  560   0.01
  56273 102.82  30.38 1011   0.01
  56278 102.77  30.07  756    0.7
  56279 102.93  30.15  683    0.1
  56280 103.12  30.08  692    0.7
  56281 103.50  30.18  512    0.1
  56286 104.25  30.55  514    1.1
  56295 104.55  30.38  443    1.6
  56296 104.43  30.85  449    0.3
  56297 104.15  30.02  431    2.0
  56298 104.60  30.13  415    1.2
  56373 102.85  29.78  763    0.4
  56380 103.37  29.92  466    0.8
  56381 103.52  30.02  497    0.1
  56384 103.48  29.60  446    0.1
  56389 103.95  29.20  386    0.6
  56390 104.07  29.67  403    0.6
  56393 104.85  29.77  370    1.7
  56394 104.43  29.45  382    0.9
  56395 104.67  29.52  349    1.2
  56396 104.77  29.35  352    1.4
  56399 104.98  29.18  307    0.8
  56480 103.53  28.82  564   0.01
  56483 103.95  28.60  412    0.2
  56491 104.57  28.70  288    3.0
  56493 104.97  28.85  297    2.1
  56496 105.23  28.32  330    1.9
  56497 104.23  28.10  433    2.7
  56498 104.50  28.17  442    4.1
  56499 104.78  28.38  368    4.5
  56580 102.80  27.72 2461   0.01
  56582 103.90  27.75 1177    0.3
  56592 104.52  28.43  360    2.0
  56593 104.92  28.58  281    1.7
  56595 104.87  27.42 1644    0.1
  56596 105.05  27.85 1176    0.3
  56598 104.73  27.13 1538    0.2
  56697 104.08  26.22 1987   0.01
  56782 103.55  25.42 2064    0.1
  56783 103.80  25.50 1906   0.01
  56790 104.25  25.68 1920    5.4
  56849  99.23  24.03 1607   0.01
  56883 103.98  24.83 1846    0.2
  56889 104.17  24.05 1518    1.1
  56891 104.32  24.98 1482    4.5
  56989 103.95  22.50  138   0.01
  56992 104.70  23.45 1508    2.4
  56996 104.70  23.13 1094    0.1
  57001 105.33  34.75 1273   0.01
  57002 105.65  34.85 1217   0.01
  57006 105.75  34.58 1142    0.1
  57007 105.18  34.18 1406   0.01
  57008 105.30  34.03 1578   0.01
  57011 106.15  34.75 1379    0.4
  57012 106.20  34.98 1665    0.9
  57016 107.13  34.35  613    0.2
  57020 107.40  34.37  563   0.01
  57021 107.13  34.65  751    0.3
  57022 107.78  34.68 1026    0.1
  57024 107.65  34.45  671    0.1
  57032 108.20  34.13  436   0.01
  57035 108.23  34.55  636   0.01
  57036 108.93  34.30  398    0.3
  57038 108.45  34.28  411    0.3
  57039 108.88  34.08  445    0.4
  57040 109.08  34.52  378   0.01
  57044 109.23  34.40  424    1.3
  57045 109.48  34.52  354   0.01
  57047 109.32  34.17  541    0.4
  57057 110.15  34.10  961    0.3
  57066 111.67  34.38  329   0.01
  57102 105.72  33.75  971    0.7
  57105 105.60  33.33 1219    0.6
  57110 106.08  33.78  930    0.6
  57111 106.30  33.92  967    0.8
  57113 106.53  33.90  990    0.3
  57119 106.70  33.17  551    1.3
  57126 107.55  33.22  470    3.1
  57128 107.33  33.17  487    3.1
  57129 107.72  32.98  447    3.1
  57132 108.62  34.12  415    0.5
  57137 108.32  33.32  801    1.7
  57140 109.12  33.67  818    0.2
  57153 110.33  33.68  584    0.1
  57155 109.87  33.55  661    0.1
  57169 111.87  33.05  160    1.5
  57175 112.23  33.05  192    0.1
  57204 105.23  32.58  801    0.3
  57208 105.47  32.02  538   0.01
  57213 106.93  33.00  537    4.4
  57216 106.83  32.35  577    1.7
  57217 106.28  32.23  493    2.5
  57231 108.53  32.53  504    5.0
  57233 108.50  32.90  413    1.3
  57242 109.37  32.85  285    1.6
  57247 108.90  32.32  442    3.4
  57248 109.33  32.40  429    1.8
  57249 109.68  32.32  453    3.1
  57253 110.82  32.85  204   0.01
  57254 110.12  32.82  324    0.4
  57257 110.23  32.23  309    2.6
  57260 111.52  32.55  143    1.4
  57261 111.50  33.13  196    0.8
  57268 111.63  32.27   87    1.5
  57271 112.38  32.55   89   0.01
  57296 114.73  32.35   50   0.01
  57298 114.55  32.22   56    0.1
  57299 114.90  32.02   50    1.1
  57303 105.92  31.73  460    1.5
  57304 105.17  31.67  517   0.01
  57307 105.08  31.10  408    0.7
  57308 105.38  31.22  421    2.2
  57309 105.88  30.98  375    4.2
  57314 106.07  31.35  385    5.6
  57315 106.40  31.53  658    4.8
  57317 106.42  31.03  323    2.2
  57318 106.55  31.07  339    3.8
  57320 107.22  31.93  483    8.0
  57324 107.08  31.58  363    5.2
  57326 107.72  31.37  390    1.8
  57329 107.85  31.10  462    0.5
  57333 108.67  31.95  800    4.9
  57338 108.42  31.18  213    0.8
  57339 108.68  30.95  296    5.8
  57345 109.62  31.40  339    4.8
  57349 109.87  31.07  270   13.6
  57361 111.27  31.88  331    5.8
  57362 110.67  31.75  939   10.6
  57363 111.83  31.80  146    6.3
  57368 111.63  31.05  138   15.0
  57370 112.22  31.73   68    6.8
  57377 112.22  31.00  184    7.0
  57385 113.82  31.63   94    2.1
  57386 114.00  31.25   37    2.0
  57387 113.13  31.00   80    3.0
  57388 113.70  31.27   55    1.8
  57389 113.75  31.03   33    4.4
  57390 114.07  31.80  731    3.2
  57396 114.85  31.63  130    0.9
  57398 114.62  31.28   76    3.4
  57401 105.37  30.87  380    2.8
  57402 105.70  30.77  395    3.1
  57407 105.03  30.28  464    3.4
  57408 105.35  30.12  333    2.4
  57409 105.80  30.18  295    1.9
  57413 106.97  30.85  295    2.2
  57414 106.45  30.55  396    4.3
  57415 106.63  30.47  336    4.1
  57416 106.93  30.33 3915    4.0
  57417 106.28  30.35  315    3.7
  57420 107.20  30.75  397    3.8
  57425 107.33  30.33  430    4.7
  57431 108.35  30.83  256    6.4
  57437 108.03  30.30  326   20.0
  57438 108.12  29.98  630   20.7
  57453 111.32  30.77  116   13.1
  57460 111.78  30.82   91    3.9
  57462 111.08  30.87  104   13.2
  57464 111.18  30.47  144   20.0
  57465 111.45  30.38   76   17.1
  57466 111.77  30.43   50    9.7
  57469 111.77  30.18   68   12.9
  57475 112.90  30.40   33    9.6
  57477 112.22  30.07   39   17.5
  57481 113.58  30.95   31    4.9
  57485 113.45  30.37   33   12.2
  57486 113.85  30.65   25    6.0
  57489 114.00  30.58   39    6.1
  57491 114.40  30.87   31    5.9
  57492 114.80  30.83   33    5.7
  57495 114.88  30.67   19    8.5
  57496 114.87  30.37   30   12.1
  57498 114.90  30.43   22   10.5
  57499 114.97  30.10   40   19.2
  57505 105.58  29.42  324    1.7
  57506 105.90  29.37  376    1.6
  57507 105.30  29.33  374    1.3
  57508 105.37  29.15  302    0.8
  57509 106.93  28.95  325   32.9
  57510 106.05  29.85  275    2.5
  57511 106.45  29.85  242    4.5
  57513 106.62  29.73  457   10.2
  57514 106.22  29.58  325    2.5
  57518 106.53  29.38  243   10.4
  57519 107.08  29.15  559   27.8
  57522 107.42  29.75  273   19.4
  57525 107.75  29.32  273   24.4
  57537 108.17  29.30  321   25.0
  57540 109.15  29.68  776   29.5
  57541 109.48  30.00  533   42.7
  57543 110.03  29.88  540   26.2
  57544 109.45  29.47  486   22.3
  57558 110.47  29.13  184   24.8
  57564 111.13  29.43  103   29.9
  57565 111.75  29.65   39   28.5
  57566 111.65  29.45   50   41.8
  57571 112.40  29.70   37   40.5
  57575 112.57  29.52   32   40.5
  57577 112.17  29.40   37   45.4
  57582 113.88  29.73   51   23.6
  57585 113.45  29.48   60   28.2
  57586 114.03  29.53   79   28.0
  57589 113.80  29.25  103   35.4
  57590 114.37  29.85   64   23.6
  57596 114.20  29.63    0   33.9
  57600 105.07  28.72  256    3.0
  57603 105.83  28.82  283    6.7
  57605 105.82  28.03  539    3.6
  57609 105.70  28.58  316    7.4
  57623 107.60  28.88  684    9.0
  57634 107.88  28.52  658   11.3
  57635 108.98  28.45  363   39.4
  57636 108.50  28.57  335   20.2
  57637 108.12  28.25  524   24.9
  57640 109.45  28.58  344   34.5
  57643 109.83  29.00  268   22.2
  57646 109.95  28.62  301   31.7
  57657 110.20  28.22  182   36.6
  57658 110.20  28.02  144   38.7
  57661 111.48  28.92   51   39.5
  57663 111.95  28.92   31   38.9
  57666 112.13  28.52   49   49.4
  57674 112.47  28.57   44   48.1
  57678 112.55  28.25   71   53.2
  57680 113.07  28.80   47   38.3
  57688 113.63  28.15  100   48.3
  57694 114.38  28.53  256   34.7
  57698 114.45  28.12   99   47.0
  57699 114.92  28.23   68   41.8
  57708 105.60  27.15 1704    9.4
  57713 106.88  27.70  844    8.6
  57714 106.23  27.47  942   29.6
  57717 106.83  27.53  974    8.1
  57719 106.97  27.07 1280   14.9
  57720 107.17  27.88  888    6.8
  57723 107.72  27.98  710   17.2
  57728 107.47  27.07 1095    8.8
  57732 108.40  28.02  458   12.8
  57734 108.23  27.57  468    5.6
  57735 108.82  27.18  396   24.4
  57736 108.85  27.70  376   19.1
  57737 108.12  27.03  546   11.4
  57738 108.42  27.05  517   18.7
  57739 108.88  27.23  375   22.5
  57740 109.60  27.95  349   25.9
  57742 109.20  27.52  883   23.0
  57743 109.80  27.88  176   26.6
  57744 109.17  27.37  356   26.5
  57754 110.15  27.35  170   25.4
  57760 111.43  27.70  247   38.5
  57762 111.70  27.68  163   47.9
  57763 112.00  27.73  151   59.8
  57767 111.03  27.12  266   37.4
  57768 111.45  27.32  242   41.8
  57769 111.73  27.23  257   44.7
  57771 112.52  27.93   89   56.3
  57772 112.50  27.75   84   66.1
  57773 112.82  27.87   63   62.4
  57777 112.87  27.23   65   53.4
  57778 112.95  27.10   68   49.9
  57781 113.50  27.65   71   56.4
  57786 113.85  27.65  110   54.7
  57792 114.68  27.82   93   55.4
  57796 114.93  27.80   79   52.5
  57798 114.60  27.40   89   46.8
  57800 105.37  26.77 1458    4.9
  57807 105.47  26.20 1359    7.7
  57808 105.75  26.32 1272    8.6
  57809 105.75  26.07 1251    7.6
  57811 106.60  26.85 1242   14.6
  57813 106.47  26.57 1265   14.0
  57814 106.27  26.42 1285    8.9
  57818 106.45  26.03 1145    3.7
  57821 107.50  26.70  924   14.0
  57822 107.90  26.90  833   11.5
  57824 107.23  26.58 1005    3.9
  57828 107.58  26.50  983   15.8
  57829 107.80  26.20  964   12.6
  57834 108.30  26.68  642   18.2
  57835 108.43  26.72  521   21.5
  57837 108.07  26.40  838    8.5
  57842 109.72  26.88  281   21.0
  57844 109.18  26.68  344   28.1
  57846 110.15  26.58  307   27.4
  57851 110.85  26.45  307   47.4
  57859 110.63  26.03  409   33.0
  57860 111.28  27.00  282   48.7
  57865 111.58  26.47  166   66.8
  57867 111.28  26.40  169   59.7
  57868 111.87  26.60  113   54.2
  57870 112.10  26.80  151   47.4
  57871 112.37  26.98   91   48.4
  57875 112.50  26.88   71   49.0
  57876 112.83  26.43  118   58.5
  57881 113.25  26.72  105   47.5
  57882 113.55  26.78  135   46.4
  57883 114.28  26.75  257   54.9
  57886 113.78  26.50  226   44.0
  57887 113.12  26.13  124   51.0
  57891 114.25  26.93  144   45.3
  57895 114.78  26.47   96   44.1
  57899 114.92  26.80   66   45.3
  57900 105.22  25.83 1553   11.1
  57903 105.60  25.93 1138   12.4
  57905 105.63  25.40 1063   12.8
  57908 105.48  25.12 1393    0.1
  57909 105.82  24.98  584    8.5
  57911 106.65  26.67 1325    6.6
  57913 106.98  26.45 1095    2.7
  57914 106.67  26.42 1143    5.8
  57915 106.77  26.63 1102    7.2
  57921 107.32  25.83  710    8.5
  57923 107.87  25.98  418   11.4
  57927 107.18  24.97  283   17.0
  57936 108.92  25.75  255   34.8
  57941 109.60  25.78  198   39.1
  57942 110.00  25.80  267   44.2
  57948 109.25  25.08  123   58.8
  57949 110.00  24.98  157   78.2
  57954 110.18  25.23  158   55.6
  57955 110.67  25.62  224   69.4
  57956 110.32  25.42  169   57.4
  57958 110.32  25.08  152   54.5
  57960 111.07  25.93  192   54.4
  57962 111.65  25.97  166   76.0
  57964 111.15  25.50  258   52.8
  57966 111.95  25.60  205   56.2
  57969 111.33  25.27  230   54.4
  57971 112.20  25.92  225   59.6
  57973 112.72  25.75  328   50.3
  57975 112.20  25.38  278   68.8
  57976 112.95  25.42  226   38.5
  57978 112.55  25.28  291   61.7
  57981 113.22  25.98  141   33.1
  57985 113.68  25.57  608   18.0
  57988 113.35  25.15  103   24.7
  57989 113.73  25.10   96   10.0
  57990 114.30  25.70  252   17.0
  57991 114.55  25.80  148   21.8
  57992 114.75  25.67  129   13.0
  57994 114.35  25.40  208   11.4
  57995 114.93  25.40  166    2.7
  58112 116.45  30.73  933    6.6
  58207 115.05  32.17   42    0.1
  58301 115.38  31.82   90    1.3
  58306 115.88  31.68   94    2.2
  58316 116.95  31.47   26    0.6
  58317 116.37  30.87  434    5.0
  58327 117.28  31.25   24    0.4
  58329 117.87  31.33   24    0.6
  58330 118.08  31.75   20   0.01
  58334 118.37  31.38   23    0.3
  58337 118.18  31.08   30    1.3
  58339 118.90  31.33   24    0.9
  58346 119.82  31.33   15    0.1
  58361 121.37  31.10   10   0.01
  58367 121.43  31.20   18   0.01
  58369 121.78  31.05    9   0.01
  58401 115.40  30.78  106    7.0
  58404 115.22  30.47   57   10.4
  58408 115.43  30.23   35   12.0
  58409 115.93  30.07   20   11.8
  58415 116.58  30.63   38    3.8
  58416 116.82  30.75   38    2.8
  58417 116.13  30.17   50    8.4
  58418 116.70  30.13   26    7.4
  58420 117.22  30.72   38    1.8
  58421 117.87  30.63   32    5.1
  58423 117.78  30.48  643    9.1
  58426 118.13  30.30  192    9.2
  58427 117.48  30.67   36    3.0
  58428 117.48  30.22  115    9.2
  58431 118.32  30.92   17    1.9
  58432 118.40  30.68   39    5.4
  58433 118.75  30.93   30    1.9
  58435 118.53  30.30  221    7.2
  58438 118.58  30.08  197    8.3
  58441 119.42  30.87   53    3.8
  58442 119.18  31.13   16    2.1
  58443 119.90  31.02   19    3.2
  58446 119.68  30.63   25    4.7
  58449 119.95  30.05   47    5.9
  58451 120.93  30.83    3    2.0
  58452 120.77  30.73    4    2.1
  58453 120.50  30.07   10    3.7
  58454 119.97  30.53    5    5.4
  58455 120.65  30.52    8    4.8
  58456 120.52  30.63    6    2.7
  58458 120.90  30.53    3    3.0
  58459 120.28  30.18   42    4.1
  58460 121.35  30.73    6    2.8
  58461 121.12  31.13    8   0.01
  58462 121.23  31.03    9    0.1
  58463 121.50  30.88    9    0.9
  58468 121.17  30.05   10    3.8
  58484 122.20  30.25    9    2.8
  58501 115.63  29.93   25   15.9
  58502 116.00  29.73   37   19.1
  58503 115.68  29.70   41   19.3
  58508 115.77  29.33   42   30.7
  58509 115.82  29.05   38   34.3
  58510 116.23  29.73   40   21.3
  58512 116.55  29.90   66   13.6
  58514 116.05  29.45   35   25.6
  58517 116.20  29.27   43   32.3
  58523 117.93  29.93  231    9.2
  58529 117.85  29.27   82   26.9
  58530 118.43  29.87  170    9.4
  58534 118.18  29.78  173   10.3
  58537 118.40  29.13  153   25.0
  58542 119.68  29.82   45    5.0
  58544 119.27  29.48   87    6.6
  58546 119.88  29.47  114    3.4
  58547 119.18  29.03   65   11.0
  58548 119.47  29.22   46    6.5
  58550 120.25  29.70   39    4.3
  58555 120.88  29.52  112    3.3
  58558 120.22  29.27   89    5.8
  58559 120.98  29.17   59    4.4
  58561 121.60  29.98    3    6.0
  58563 121.83  29.88    4    8.1
  58565 121.43  29.68    6    2.7
  58566 121.88  29.47   14    2.9
  58567 121.43  29.32   39    2.6
  58568 121.38  29.12   35    4.0
  58570 122.30  29.95   83    6.0
  58601 115.38  28.70   54   29.2
  58602 115.55  28.85   46   27.3
  58605 115.38  28.42   49   37.4
  58607 115.95  28.55   35   29.5
  58609 115.82  28.22   30   46.5
  58612 116.68  28.70   22   39.3
  58614 116.27  28.38   40   46.1
  58615 117.08  28.68   56   40.1
  58616 116.82  28.20   44   35.0
  58618 116.60  28.23   51   47.4
  58619 116.37  28.00   47   46.0
  58620 117.13  28.97   37   33.5
  58623 117.92  28.47   92   37.6
  58624 117.43  28.40   64   38.6
  58625 117.60  28.42   80   36.5
  58627 117.03  28.25   64   42.3
  58629 117.70  28.32   59   17.0
  58631 118.50  28.90  134   15.3
  58632 118.60  28.72  124   17.3
  58635 118.20  28.43   96   31.8
  58642 119.80  28.88  102    9.2
  58643 120.03  28.90   99    7.4
  58644 119.28  28.60  237   19.3
  58647 119.13  28.07  196   19.7
  58654 120.08  28.67  184   15.7
  58656 120.97  28.12    7    8.1
  58657 120.28  28.15   59   19.6
  58658 120.68  28.15   36   17.5
  58659 120.65  28.03   29   11.9
  58660 121.13  28.85    8    5.6
  58664 121.37  28.37   33    5.8
  58693 115.83  28.70   37   25.9
  58701 115.40  27.77   47   38.3
  58704 115.35  27.62   61   38.6
  58706 115.83  27.43  180   47.4
  58707 115.13  27.22   66   44.3
  58710 116.05  27.77   76   34.7
  58712 116.78  27.92  123   45.2
  58713 117.07  27.72  220   50.7
  58714 116.23  27.55  115   50.4
  58719 116.93  27.30  123   45.5
  58724 117.30  27.52  264   46.7
  58735 118.80  27.52  201   31.7
  58736 118.82  27.37  220   28.4
  58745 119.07  27.62  368   26.1
  58746 119.70  27.55  514   25.1
  58747 119.35  27.15  900   31.2
  58748 119.65  27.10   51   30.2
  58749 119.88  27.23  680   22.5
  58750 120.08  27.78  106   10.4
  58751 120.55  27.68    5   11.5
  58804 115.35  26.35  153   32.6
  58814 116.35  26.35  237   17.4
  58819 116.80  26.17  329    8.4
  58821 117.47  26.73  174   29.2
  58822 116.85  26.83  341   37.9
  58823 117.80  26.80  173   43.6
  58824 117.15  26.40  355   21.1
  58826 117.80  26.40  120   15.3
  58828 117.62  26.27  206   15.8
  58836 118.73  26.58  359   25.4
  58839 118.85  26.23   42    4.9
  58844 119.15  26.15   49    7.3
  58845 119.53  26.50   57   20.1
  58848 119.55  26.20   12   10.2
  58850 120.23  26.92   88   19.7
  58903 116.03  25.90  208    7.2
  58905 115.42  25.97  136   14.7
  58906 115.80  25.60  167    4.8
  58907 115.40  25.15  300    0.8
  58912 116.75  25.72  379    0.3
  58917 116.10  25.08  307    1.3
  58923 117.83  25.70  397    1.6
  58932 118.93  25.87   85    1.4
  58934 118.27  25.33  170    0.2
  58935 118.23  25.48  516    0.6
  58938 118.98  25.23   22    0.1
  58940 119.33  26.08   28    4.0
  58941 119.50  25.97   11    8.0
  58942 119.38  25.72   39    3.3
  58946 119.00  25.45   84    0.8
  59001 105.33  24.78  674    4.4
  59004 105.10  24.50  729   0.01
  59012 106.55  24.78  973    9.7
  59015 106.57  24.35  442   18.8
  59017 106.27  24.27  279    9.8
  59022 107.55  24.98  695   29.7
  59025 107.38  24.53  249   40.8
  59027 107.25  24.13  244   41.4
  59031 108.25  24.83  205   35.6
  59033 108.90  24.78  330   50.9
  59034 108.67  24.48  149   54.5
  59038 108.65  24.07  142   60.5
  59041 109.25  24.65  109   57.4
  59044 109.38  24.47   99   70.5
  59045 109.75  24.48   95   52.1
  59047 109.33  24.25  101   80.9
  59051 110.50  24.77  133   54.9
  59052 110.82  24.83  167   32.7
  59053 110.67  24.62  108   51.4
  59055 110.40  24.50  166   70.8
  59057 110.18  24.13  827   97.8
  59059 110.80  24.18  107   81.3
  59061 111.27  24.82  198   81.7
  59063 111.45  25.18  262   53.5
  59064 111.32  24.55  141   54.0
  59071 112.28  24.73  175   38.3
  59074 112.15  24.57  300   33.9
  59075 112.63  24.48   70   39.6
  59081 113.27  24.78   98   21.6
  59090 114.07  24.95  103    2.5
  59091 114.53  24.75  257    0.8
  59093 115.03  24.78  254    0.2
  59094 114.12  24.37  135   0.01
  59099 114.93  24.45  175    1.0
  59106 115.90  24.58  152   0.01
  59109 115.73  24.15  126   0.01
  59114 116.17  24.65  131    0.1
  59137 118.57  24.82   55   0.01
  59205 105.63  23.65  688    3.7
  59213 106.92  23.73  113   44.7
  59215 106.62  23.33  640   42.2
  59224 107.12  23.60  116   69.2
  59227 107.15  23.08  438   68.3
  59229 107.70  23.18  101   74.1
  59230 108.17  23.72  173  107.7
  59235 108.62  23.43  116  170.6
  59237 108.28  23.17  115  101.3
  59238 108.80  23.22  123  221.0
  59241 109.68  23.97   91   71.0
  59246 109.67  23.60   70  136.5
  59249 109.62  23.12   56  145.8
  59255 110.38  23.55   37  130.0
  59256 110.92  23.37   56  125.1
  59264 111.50  23.40   79   64.9
  59266 111.23  23.42   46   87.3
  59268 111.53  23.25   31   55.8
  59269 111.77  23.15   27   49.0
  59270 112.18  23.92   78   37.2
  59276 112.65  23.35   40   34.0
  59279 112.87  23.18   18   0.01
  59284 113.22  23.38    6    0.1
  59288 113.13  23.05    3    0.1
  59290 114.23  23.73   71    0.1
  59297 114.28  23.18   16   0.01
  59314 116.13  23.30   27    0.1
  59419 106.75  22.10  243   46.8
  59421 107.20  22.83  257   56.5
  59425 107.35  22.40  107   69.5
  59426 107.90  22.63   92   96.9
  59427 107.07  22.12  162   42.1
  59429 107.97  22.15  183   21.2
  59432 108.40  22.80  203  121.0
  59435 108.48  22.77   75  146.3
  59441 109.25  22.70   78  193.8
  59448 109.55  22.27   70  179.1
  59449 109.98  22.30   80  195.4
  59451 110.35  22.70   99  153.1
  59452 110.53  22.85  100  145.7
  59454 111.00  22.92  104   84.4
  59457 110.27  22.32  120  184.3
  59469 111.78  22.17   33   21.1
  59470 112.22  22.72   33   19.0
  59471 112.05  22.93  102   33.8
  59473 112.97  22.77   20    0.5
  59476 113.03  22.53   35    3.7
  59477 112.30  22.18   25    5.7
  59487 113.30  22.23   12   0.01
  59635 108.35  21.62   26   16.3
  59640 109.18  21.67    6  126.8
  59650 110.25  21.38   25   88.0
  59653 110.85  21.93   35  173.9
  59654 110.30  21.63   28  172.6
  59655 110.62  21.65   35  128.8
  59656 110.77  21.43   29   34.5
  59659 110.92  21.75   32  118.9
  59750 110.10  20.92   25    7.6
  59757 110.37  20.00   10   0.01
  59842 109.68  19.90   31    0.3
  59843 110.00  19.73   36    0.3
  59847 109.05  19.27  101    1.6
  59848 109.43  19.23  219    0.1
  59851 110.33  19.70   25    0.5
  59854 110.10  19.37  119    0.5
  59856 110.75  19.62   26    1.7
  59940 109.17  18.75  156    9.7
  59941 109.52  18.77  328    0.5
  59945 109.70  18.65   65    1.6
  59951 110.33  18.80   38    1.5
