diamond  3 2013年12月27日08点24小时降雨量                    
  13  12  27  08    -2 3 10 25 50 1 0
 39 122.7  37.3 122.5  36.7 120.8  36.2 119.3  35.0 120.4  34.3
 121.1  32.7 122.3  30.9 122.5  30.1 121.5  28.0 119.8  25.0
 116.1  22.6 111.0  21.0 111.0  18.6 109.6  18.1 108.3  18.5
 108.9  19.9 109.3  21.0 106.4  21.6 104.1  22.2 101.6  20.8
  98.7  22.0  97.1  24.1  97.7  27.0  91.7  26.6  85.7  27.7
  78.9  30.6  73.3  37.1  74.1  40.7  87.6  49.8  98.5  43.9
 110.4  44.3 122.0  54.7 135.7  48.3 131.5  42.2 125.2  39.4
 121.3  38.5 121.2  40.3 118.5  38.6 120.8  38.1
1                    233
  50787 131.85  47.28   63   0.01
  50858 125.93  46.07  136   0.01
  50867 127.35  46.08  134    0.3
  50871 129.88  46.73   96    0.2
  50878 130.72  47.00   80    0.2
  50879 130.55  46.22  187    0.6
  50880 131.12  46.73  104    0.6
  50884 131.15  46.63  176    0.7
  50892 134.00  46.80   57    1.1
  50956 126.57  45.93  117   0.01
  50958 126.95  45.52  175    0.3
  50960 127.45  45.78  192    0.4
  50962 128.03  45.95  113    1.0
  50964 128.80  45.83  123    1.1
  50965 128.30  45.45  157    0.8
  50971 131.02  45.77  226    0.7
  50979 130.23  45.27  279    0.2
  50985 131.87  45.55  155    0.2
  50987 131.13  45.25  181    0.8
  51058  87.97  47.10  564   0.01
  51353  86.10  45.02  347   0.01
  51356  86.05  44.32  444   0.01
  51357  85.62  44.33  523   0.01
  51359  86.20  44.32  473   0.01
  51368  87.32  44.12  516   0.01
  51369  87.65  43.97  601   0.01
  51378  89.17  44.02  735   0.01
  51559  86.40  42.32 1110   0.01
  51568  86.80  42.25 1086    0.1
  51629  80.23  41.27 1134   0.01
  51707  76.73  39.50 1209   0.01
  51708  75.95  39.15 1324    0.4
  51717  76.78  39.25 1207   0.01
  51722  80.40  40.65 1046    0.1
  51802  76.17  38.93 1299   0.01
  51814  77.40  37.92 1360   0.01
  51815  77.27  38.20 1275   0.01
  51826  80.80  37.02 1337   0.01
  51827  79.72  37.28 1326   0.01
  51829  80.17  37.08 1349   0.01
  52885 103.25  36.75 2119   0.01
  52985 103.33  35.42 2164   0.01
  53343 109.97  41.77 1612    0.1
  54065 125.65  44.53  173   0.01
  54069 125.80  44.17  175    0.3
  54072 126.52  44.85  203    0.3
  54076 126.93  44.42  254   0.01
  54080 127.15  44.90  196    0.5
  54092 129.40  44.60  294    0.1
  54093 130.55  44.93  266    0.4
  54098 129.47  44.33  272    0.1
  54099 131.13  44.08  151    0.7
  54154 124.30  43.35  163   0.01
  54155 124.23  43.67  145    0.5
  54156 124.80  43.52  200   0.01
  54164 125.28  43.35  249    0.1
  54169 126.02  43.30  270    0.3
  54172 126.60  43.78  199   0.01
  54187 128.92  43.12  369    0.1
  54192 130.27  43.70  386    0.1
  54244 123.33  42.75  120    0.1
  54245 123.40  42.50   99    0.1
  54248 123.53  42.03   67    0.1
  54249 123.87  42.30   79    0.1
  54252 124.75  42.73  198    0.1
  54261 125.52  42.68  343   0.01
  54267 125.73  42.25  363    0.6
  54274 126.07  42.68  300    0.1
  54279 126.58  42.05  545    0.1
  54340 123.32  41.67   47   0.01
  54345 123.07  41.20   29    0.1
  54347 123.17  41.23   25    0.2
  54348 123.32  41.42   43   0.01
  54362 125.73  41.67  388   0.01
  54371 126.43  41.93  521    0.1
  54474 122.35  40.42   27   0.01
  54475 122.48  40.62   15   0.01
  54568 121.70  39.08   40   0.01
  54569 121.97  39.40   35   0.01
  54749 119.95  37.18   48    0.3
  54752 120.77  37.80   64    0.1
  54755 120.38  37.37  113    0.3
  54759 120.83  37.30  172    0.6
  54765 121.43  37.48   57    1.4
  54766 121.62  37.38   23    0.3
  54777 122.07  37.20  112    0.3
  54778 122.48  37.17   60   0.01
  54841 119.40  36.87    8   0.01
  54846 119.75  36.38   37    0.8
  54849 120.00  36.27   16    0.2
  54851 120.57  36.90   81    0.1
  54852 120.73  36.97   53    0.1
  54853 120.42  36.17   43   0.01
  54855 120.47  36.38   30    0.1
  54861 121.53  36.93   47    0.6
  54871 122.48  36.93    9   0.01
  54943 120.00  35.88   13   0.01
  56184 103.17  31.43 1884   0.01
  56186 104.20  31.33  589   0.01
  56273 102.82  30.38 1011   0.01
  56278 102.77  30.07  756    0.3
  56279 102.93  30.15  683    0.7
  56280 103.12  30.08  692   0.01
  56373 102.85  29.78  763    0.6
  56378 102.35  29.23  891   0.01
  56384 103.48  29.60  446    0.1
  56387 103.27  29.23  639    0.1
  56389 103.95  29.20  386    0.1
  56393 104.85  29.77  370    1.3
  56394 104.43  29.45  382    0.1
  56395 104.67  29.52  349    0.9
  56396 104.77  29.35  352    1.4
  56399 104.98  29.18  307    1.6
  56473 102.77  28.95 1061   0.01
  56478 102.43  28.30 1819   0.01
  56480 103.53  28.82  564    0.5
  56483 103.95  28.60  412    0.7
  56487 103.13  28.33 1945    0.2
  56489 103.63  28.23  876    0.8
  56490 103.90  28.95  396    0.6
  56491 104.57  28.70  288    1.5
  56493 104.97  28.85  297    1.8
  56494 104.15  28.65  460    0.4
  56496 105.23  28.32  330    5.4
  56497 104.23  28.10  433    2.7
  56498 104.50  28.17  442    2.6
  56499 104.78  28.38  368    3.7
  56575 102.55  27.37 1429   0.01
  56580 102.80  27.72 2461    0.3
  56582 103.90  27.75 1177    0.8
  56584 103.25  27.70 1093   0.01
  56585 103.53  27.18 1916    0.8
  56592 104.52  28.43  360    2.5
  56593 104.92  28.58  281    3.7
  56594 104.05  27.63  884    0.2
  56595 104.87  27.42 1644    1.0
  56596 105.05  27.85 1176    1.9
  56598 104.73  27.13 1538    0.2
  56697 104.08  26.22 1987    0.4
  56782 103.55  25.42 2064    0.4
  56783 103.80  25.50 1906    1.4
  56785 103.03  25.33 1925    0.1
  56788 103.67  25.03 1842   0.01
  56790 104.25  25.68 1920    0.3
  56871 102.60  24.65 1894    0.5
  56872 102.62  24.95 2360    0.4
  56873 102.90  24.67 1752   0.01
  56880 103.17  24.92 1532    0.2
  56881 103.27  24.75 1694    0.8
  56882 102.80  24.88 1909   0.01
  56883 103.98  24.83 1846    1.1
  56885 103.45  24.40 1416   0.01
  56889 104.17  24.05 1518   0.01
  56891 104.32  24.98 1482    0.1
  56958 100.42  21.92 1177    0.1
  56995 104.42  23.03 1335    0.1
  57012 106.20  34.98 1665   0.01
  57317 106.42  31.03  323    0.6
  57318 106.55  31.07  339    1.0
  57326 107.72  31.37  390    0.3
  57329 107.85  31.10  462    0.2
  57338 108.42  31.18  213    0.4
  57339 108.68  30.95  296    2.4
  57349 109.87  31.07  270   0.01
  57402 105.70  30.77  395    0.1
  57407 105.03  30.28  464   0.01
  57408 105.35  30.12  333    0.9
  57409 105.80  30.18  295    1.8
  57413 106.97  30.85  295    1.2
  57414 106.45  30.55  396    2.4
  57415 106.63  30.47  336    3.3
  57416 106.93  30.33 3915    3.1
  57417 106.28  30.35  315    2.9
  57420 107.20  30.75  397    1.8
  57425 107.33  30.33  430    1.9
  57431 108.35  30.83  256    0.1
  57437 108.03  30.30  326    2.8
  57438 108.12  29.98  630    1.9
  57505 105.58  29.42  324    4.1
  57506 105.90  29.37  376    4.1
  57507 105.30  29.33  374    3.4
  57508 105.37  29.15  302    3.1
  57509 106.93  28.95  325    3.8
  57510 106.05  29.85  275    3.5
  57511 106.45  29.85  242    3.1
  57513 106.62  29.73  457    2.6
  57514 106.22  29.58  325    3.9
  57518 106.53  29.38  243    4.0
  57519 107.08  29.15  559    3.3
  57522 107.42  29.75  273    1.7
  57525 107.75  29.32  273    0.7
  57537 108.17  29.30  321    0.7
  57540 109.15  29.68  776    3.3
  57541 109.48  30.00  533    5.3
  57543 110.03  29.88  540    2.8
  57544 109.45  29.47  486    1.1
  57600 105.07  28.72  256    1.9
  57603 105.83  28.82  283    5.1
  57605 105.82  28.03  539    0.1
  57609 105.70  28.58  316    5.0
  57623 107.60  28.88  684    0.8
  57634 107.88  28.52  658   0.01
  57635 108.98  28.45  363    0.7
  57636 108.50  28.57  335    0.1
  57637 108.12  28.25  524   0.01
  57640 109.45  28.58  344    0.7
  57643 109.83  29.00  268   0.01
  57646 109.95  28.62  301   0.01
  57708 105.60  27.15 1704    1.4
  57713 106.88  27.70  844    0.5
  57714 106.23  27.47  942    3.6
  57717 106.83  27.53  974    0.6
  57719 106.97  27.07 1280    0.2
  57720 107.17  27.88  888    0.1
  57728 107.47  27.07 1095   0.01
  57732 108.40  28.02  458   0.01
  57736 108.85  27.70  376   0.01
  57800 105.37  26.77 1458    0.1
  57807 105.47  26.20 1359    0.1
  57808 105.75  26.32 1272   0.01
  57809 105.75  26.07 1251   0.01
  57811 106.60  26.85 1242    1.9
  57813 106.47  26.57 1265    0.2
  57814 106.27  26.42 1285   0.01
  57824 107.23  26.58 1005   0.01
  57829 107.80  26.20  964   0.01
  57900 105.22  25.83 1553    0.1
  57903 105.60  25.93 1138   0.01
  57911 106.65  26.67 1325    0.6
  57913 106.98  26.45 1095   0.01
  57914 106.67  26.42 1143    0.1
  57915 106.77  26.63 1102    0.4
  57923 107.87  25.98  418   0.01
