diamond  3 2013年12月02日08点24小时降雨量                    
  13  12  02  08    -2 3 10 25 50 1 0
 39 122.7  37.3 122.5  36.7 120.8  36.2 119.3  35.0 120.4  34.3
 121.1  32.7 122.3  30.9 122.5  30.1 121.5  28.0 119.8  25.0
 116.1  22.6 111.0  21.0 111.0  18.6 109.6  18.1 108.3  18.5
 108.9  19.9 109.3  21.0 106.4  21.6 104.1  22.2 101.6  20.8
  98.7  22.0  97.1  24.1  97.7  27.0  91.7  26.6  85.7  27.7
  78.9  30.6  73.3  37.1  74.1  40.7  87.6  49.8  98.5  43.9
 110.4  44.3 122.0  54.7 135.7  48.3 131.5  42.2 125.2  39.4
 121.3  38.5 121.2  40.3 118.5  38.6 120.8  38.1
1                     42
  50787 131.85  47.28   63   0.01
  50880 131.12  46.73  104    0.3
  50884 131.15  46.63  176    0.3
  51137  82.93  46.20  715   15.3
  51145  83.65  46.55  523    5.5
  51434  81.53  43.97  771   0.01
  51435  82.23  43.47  776   0.01
  51436  83.25  43.45  929    1.1
  51438  81.77  43.18 1210   0.01
  56567 100.85  27.30 2242    1.9
  56580 102.80  27.72 2461   0.01
  56585 103.53  27.18 1916    0.1
  56641  98.87  26.90 1191   0.01
  56742  99.37  25.90 1663   0.01
  56745  99.95  25.68 1627    2.4
  56746  99.52  25.47 1618    0.7
  56755 100.48  25.35 1670    3.4
  56756 100.58  25.48 1993    3.7
  56757 100.28  25.27 1744    4.5
  56767 101.28  25.18 1858    0.3
  56835  97.82  24.07  958    0.1
  56839  98.82  23.77  994    1.1
  56841  98.68  24.60 1527    9.4
  56842  99.18  24.73 1473   0.01
  56843  99.62  24.83 1650    0.3
  56846  99.93  24.58 1569    7.9
  56849  99.23  24.03 1607    0.9
  56851 100.52  25.03 1378    2.5
  56854 100.13  24.45 1108    3.7
  56862 101.60  24.68 1966    0.2
  56867 101.12  23.98 1107   0.01
  56869 101.97  24.07 1498    0.5
  56876 102.77  24.28 1732    0.1
  56944  99.27  23.15 1280    4.3
  56948  99.60  22.63 1156    1.0
  56949  99.60  22.32  946   0.01
  56952 100.70  23.50  914    0.5
  56961 101.05  23.03 1321    0.5
  56970 102.48  23.70 1419    0.1
  56975 102.43  23.37  975    0.3
  56976 102.83  23.23  229   0.01
  56984 103.15  23.38 1717   0.01
