diamond  3 2013年12月17日08点24小时降雨量                    
  13  12  17  08    -2 3 10 25 50 1 0
 39 122.7  37.3 122.5  36.7 120.8  36.2 119.3  35.0 120.4  34.3
 121.1  32.7 122.3  30.9 122.5  30.1 121.5  28.0 119.8  25.0
 116.1  22.6 111.0  21.0 111.0  18.6 109.6  18.1 108.3  18.5
 108.9  19.9 109.3  21.0 106.4  21.6 104.1  22.2 101.6  20.8
  98.7  22.0  97.1  24.1  97.7  27.0  91.7  26.6  85.7  27.7
  78.9  30.6  73.3  37.1  74.1  40.7  87.6  49.8  98.5  43.9
 110.4  44.3 122.0  54.7 135.7  48.3 131.5  42.2 125.2  39.4
 121.3  38.5 121.2  40.3 118.5  38.6 120.8  38.1
1                    663
  45045 114.30  22.18   55    9.0
  50524 119.43  49.32  578    0.2
  50525 119.75  49.15  621    0.1
  50526 120.70  49.28  670   0.01
  50645 124.48  48.48  196    0.1
  50646 124.85  48.48  204    0.1
  50647 123.48  48.13  237   0.01
  50655 126.18  48.50  267    0.2
  50659 126.25  48.03  293   0.01
  50674 129.43  48.57  404    0.3
  50741 123.50  47.93  186   0.01
  50749 124.83  47.18  159   0.01
  50750 125.30  47.90  228    0.1
  50755 126.10  47.60  232    0.1
  50767 127.10  47.23  204    0.1
  50772 129.23  48.10  299    0.1
  50832 122.08  46.72  334   0.01
  50833 122.90  46.72  189   0.01
  50842 124.42  46.83  145    0.2
  50850 125.13  46.57  148    0.2
  50851 126.08  46.68  209   0.01
  50858 125.93  46.07  136    0.3
  50859 126.27  46.25  160    0.1
  50861 127.48  46.88  186   0.01
  50867 127.35  46.08  134   0.01
  50913 118.83  45.72  866    0.3
  50924 119.67  45.53  824   0.01
  50934 121.58  45.38  309    0.2
  50937 121.47  45.05  250   0.01
  50939 122.82  45.33  154   0.01
  50940 123.17  45.85  142   0.01
  50946 124.83  45.18  140    0.2
  50954 125.08  45.50  129   0.01
  50956 126.57  45.93  117   0.01
  50958 126.95  45.52  175   0.01
  50960 127.45  45.78  192    0.2
  50962 128.03  45.95  113    0.2
  51137  82.93  46.20  715   0.01
  51145  83.65  46.55  523    8.6
  51328  80.42  44.20  774    8.7
  51329  80.85  44.05  641    6.1
  51357  85.62  44.33  523   0.01
  51430  81.15  43.83  605    8.2
  51434  81.53  43.97  771    6.2
  51435  82.23  43.47  776    3.4
  51436  83.25  43.45  929    3.8
  51438  81.77  43.18 1210    0.2
  51482  90.28  43.83 1271   0.01
  51559  86.40  42.32 1110   0.01
  52896 104.15  36.55 1739   0.01
  53289 113.83  42.23 1322   0.01
  53324 107.05  41.07 1039   0.01
  53337 108.27  41.10 1025    0.1
  53348 109.13  41.02 1080   0.01
  53368 111.47  41.08 1640    0.1
  53378 112.62  41.28 1737    0.1
  53455 110.53  40.55 1000   0.01
  53464 111.17  40.72 1047   0.01
  53466 111.70  40.75 1046   0.01
  53467 111.18  40.27 1017   0.01
  53469 111.82  40.40 1164    0.4
  53472 112.57  40.87 1453    0.2
  53475 112.47  40.52 1272    0.5
  53481 113.22  40.80 1317    0.3
  53483 113.83  40.87 1269    0.2
  53484 113.15  40.45 1192    0.1
  53486 113.77  40.37 1050   0.01
  53488 113.58  40.03 1035   0.01
  53492 114.15  40.10  939    0.1
  53565 111.50  39.43 1050   0.01
  53567 111.08  39.03  980   0.01
  53573 112.70  40.00 1337   0.01
  53574 112.27  39.52 1408    0.1
  53575 112.20  39.10 1526    0.7
  53576 112.82  39.50 1046    0.5
  53577 112.30  39.00 1441    0.9
  53580 113.10  39.82 1045   0.01
  53582 113.68  39.72 1094    1.1
  53584 113.17  39.57 1001    1.3
  53590 114.27  39.75  979   0.01
  53662 111.58  38.72 1393   0.01
  54047 123.28  44.13  146   0.01
  54065 125.65  44.53  173   0.01
  54072 126.52  44.85  203   0.01
  54132 121.07  42.40  400   0.01
  54204 115.00  42.30 1347   0.01
  54205 116.00  42.23 1316    0.2
  54214 118.42  42.58  961    0.8
  54223 120.65  42.85  364   0.01
  54225 119.92  42.28  589    0.6
  54231 122.35  42.97  249   0.01
  54301 115.67  41.67 1414   0.01
  54305 115.27  41.88 1468   0.01
  54428 117.40  40.03   19   0.01
  54434 118.30  40.17  103    0.3
  54437 118.65  39.50   19   0.01
  54438 118.88  39.88   61    0.9
  54439 118.72  40.02   51    0.1
  54512 116.28  39.42   22   0.01
  54515 116.70  39.50   14    0.4
  54519 116.48  39.30   13    2.4
  54520 117.08  39.97   19   0.01
  54522 117.73  39.88   19   0.01
  54526 117.33  39.08   10   0.01
  54529 117.82  39.35   12    0.1
  54530 117.77  39.23    6    0.3
  54531 118.72  39.73   43    1.6
  54532 118.10  39.80   35    0.4
  54533 118.10  39.58    9   0.01
  54535 118.47  39.28    3   0.01
  54540 119.17  39.72   14    0.2
  54541 119.23  39.90   23    0.6
  54613 116.62  38.70    8   0.01
  54614 116.08  38.45   13    0.4
  54615 116.83  38.58    8   0.01
  54616 116.85  38.35    9    0.1
  54617 116.12  38.18   13   0.01
  54619 116.92  38.92    8   0.01
  54622 117.37  38.98    3    0.1
  54645 117.47  38.85    3   0.01
  56278 102.77  30.07  756    0.1
  56646  99.92  26.53 2193   0.01
  56652 100.75  26.68 2131   0.01
  56697 104.08  26.22 1987    0.3
  56755 100.48  25.35 1670    0.3
  56756 100.58  25.48 1993    2.0
  56757 100.28  25.27 1744   0.01
  56761 101.32  25.72 1873   0.01
  56764 101.23  25.53 1875    0.6
  56766 101.52  25.33 1769    0.6
  56767 101.28  25.18 1858    2.9
  56772 102.50  25.23 1694    0.7
  56774 102.42  25.53 1712    0.3
  56775 102.45  25.55 1752    0.1
  56777 102.07  25.15 1566    0.3
  56781 103.27  25.55 1874    0.3
  56782 103.55  25.42 2064    0.9
  56783 103.80  25.50 1906    0.7
  56788 103.67  25.03 1842    0.4
  56790 104.25  25.68 1920    0.4
  56842  99.18  24.73 1473   0.01
  56846  99.93  24.58 1569    0.1
  56849  99.23  24.03 1607   0.01
  56851 100.52  25.03 1378    0.3
  56862 101.60  24.68 1966    0.4
  56863 102.48  24.93 1850    0.3
  56867 101.12  23.98 1107   0.01
  56869 101.97  24.07 1498    0.3
  56870 102.17  24.67 1576   0.01
  56872 102.62  24.95 2360    1.6
  56876 102.77  24.28 1732   0.01
  56878 102.75  24.13 1802   0.01
  56879 102.92  24.20 1610   0.01
  56880 103.17  24.92 1532    0.6
  56881 103.27  24.75 1694    0.7
  56882 102.80  24.88 1909    1.5
  56883 103.98  24.83 1846    0.4
  56885 103.45  24.40 1416   0.01
  56889 104.17  24.05 1518    3.2
  56891 104.32  24.98 1482    0.2
  56898 102.40  24.18 1542   0.01
  56944  99.27  23.15 1280   0.01
  56948  99.60  22.63 1156    0.6
  56949  99.60  22.32  946    1.5
  56950  99.80  23.47 1044    0.7
  56952 100.70  23.50  914   0.01
  56962 101.67  23.42 1315   0.01
  56970 102.48  23.70 1419   0.01
  56973 102.83  23.62 1310    0.2
  56975 102.43  23.37  975    0.1
  56976 102.83  23.23  229    1.0
  56978 102.42  23.00 1640   0.01
  56982 103.25  23.70 1055    0.5
  56984 103.15  23.38 1717    3.7
  56987 103.23  22.78 1261    0.1
  56989 103.95  22.50  138    0.8
  56992 104.70  23.45 1508    5.1
  56994 104.25  23.38 1277    0.5
  56995 104.42  23.03 1335    0.7
  56996 104.70  23.13 1094    0.3
  57315 106.40  31.53  658    0.1
  57338 108.42  31.18  213    0.1
  57489 114.00  30.58   39   0.01
  57492 114.80  30.83   33    2.2
  57495 114.88  30.67   19    4.4
  57496 114.87  30.37   30    8.4
  57498 114.90  30.43   22    6.2
  57499 114.97  30.10   40   11.3
  57509 106.93  28.95  325    0.2
  57518 106.53  29.38  243   0.01
  57519 107.08  29.15  559    0.2
  57558 110.47  29.13  184    0.1
  57564 111.13  29.43  103    0.1
  57575 112.57  29.52   32    0.2
  57577 112.17  29.40   37   0.01
  57582 113.88  29.73   51   10.6
  57585 113.45  29.48   60    8.2
  57586 114.03  29.53   79    9.6
  57589 113.80  29.25  103   11.7
  57590 114.37  29.85   64   11.7
  57596 114.20  29.63    0    4.9
  57605 105.82  28.03  539    0.1
  57635 108.98  28.45  363    0.1
  57636 108.50  28.57  335    0.2
  57637 108.12  28.25  524    0.7
  57640 109.45  28.58  344    0.3
  57646 109.95  28.62  301    1.2
  57657 110.20  28.22  182    2.2
  57658 110.20  28.02  144    3.1
  57661 111.48  28.92   51    0.4
  57663 111.95  28.92   31    2.6
  57666 112.13  28.52   49    9.8
  57674 112.47  28.57   44   11.8
  57678 112.55  28.25   71   10.8
  57680 113.07  28.80   47   11.4
  57688 113.63  28.15  100   11.1
  57694 114.38  28.53  256   16.7
  57698 114.45  28.12   99   19.8
  57699 114.92  28.23   68   21.8
  57708 105.60  27.15 1704   0.01
  57713 106.88  27.70  844    0.3
  57717 106.83  27.53  974    0.6
  57719 106.97  27.07 1280    4.6
  57720 107.17  27.88  888    0.1
  57723 107.72  27.98  710    0.7
  57728 107.47  27.07 1095    0.8
  57732 108.40  28.02  458    0.2
  57734 108.23  27.57  468    1.3
  57735 108.82  27.18  396    3.0
  57736 108.85  27.70  376    2.2
  57737 108.12  27.03  546    0.6
  57738 108.42  27.05  517    0.8
  57739 108.88  27.23  375    3.7
  57740 109.60  27.95  349    3.9
  57742 109.20  27.52  883    2.9
  57743 109.80  27.88  176    3.1
  57744 109.17  27.37  356    3.9
  57754 110.15  27.35  170    6.5
  57760 111.43  27.70  247    9.8
  57762 111.70  27.68  163    8.4
  57763 112.00  27.73  151   12.3
  57767 111.03  27.12  266    6.3
  57768 111.45  27.32  242    6.8
  57769 111.73  27.23  257   12.4
  57771 112.52  27.93   89   10.4
  57772 112.50  27.75   84   12.7
  57773 112.82  27.87   63   14.1
  57777 112.87  27.23   65   14.8
  57778 112.95  27.10   68   16.8
  57781 113.50  27.65   71   15.2
  57786 113.85  27.65  110   21.0
  57792 114.68  27.82   93   23.0
  57796 114.93  27.80   79   25.7
  57798 114.60  27.40   89   23.1
  57800 105.37  26.77 1458   0.01
  57807 105.47  26.20 1359    0.1
  57808 105.75  26.32 1272   0.01
  57809 105.75  26.07 1251   0.01
  57811 106.60  26.85 1242    1.6
  57813 106.47  26.57 1265    1.0
  57814 106.27  26.42 1285    0.2
  57818 106.45  26.03 1145    0.9
  57821 107.50  26.70  924    0.1
  57822 107.90  26.90  833    2.2
  57824 107.23  26.58 1005    0.2
  57828 107.58  26.50  983    1.0
  57829 107.80  26.20  964    0.6
  57834 108.30  26.68  642    1.5
  57835 108.43  26.72  521    1.6
  57837 108.07  26.40  838    0.6
  57842 109.72  26.88  281    4.4
  57844 109.18  26.68  344    3.5
  57846 110.15  26.58  307    6.6
  57851 110.85  26.45  307    6.8
  57859 110.63  26.03  409    5.4
  57860 111.28  27.00  282   10.3
  57865 111.58  26.47  166   10.6
  57867 111.28  26.40  169    8.5
  57868 111.87  26.60  113   13.2
  57870 112.10  26.80  151   12.4
  57871 112.37  26.98   91   13.6
  57875 112.50  26.88   71   20.0
  57876 112.83  26.43  118   20.8
  57881 113.25  26.72  105   16.7
  57882 113.55  26.78  135   19.1
  57883 114.28  26.75  257   26.5
  57886 113.78  26.50  226   28.9
  57887 113.12  26.13  124   28.0
  57891 114.25  26.93  144   27.1
  57895 114.78  26.47   96   47.3
  57899 114.92  26.80   66   36.9
  57900 105.22  25.83 1553    0.3
  57903 105.60  25.93 1138    0.2
  57905 105.63  25.40 1063    0.3
  57908 105.48  25.12 1393    0.6
  57909 105.82  24.98  584    0.8
  57911 106.65  26.67 1325    1.5
  57913 106.98  26.45 1095    0.1
  57914 106.67  26.42 1143    1.0
  57915 106.77  26.63 1102    1.4
  57921 107.32  25.83  710    0.5
  57923 107.87  25.98  418    1.0
  57927 107.18  24.97  283   0.01
  57936 108.92  25.75  255    1.4
  57941 109.60  25.78  198    1.8
  57942 110.00  25.80  267    2.0
  57948 109.25  25.08  123    1.7
  57949 110.00  24.98  157    5.2
  57954 110.18  25.23  158    3.8
  57955 110.67  25.62  224    5.2
  57956 110.32  25.42  169    3.8
  57958 110.32  25.08  152    5.2
  57960 111.07  25.93  192    9.0
  57962 111.65  25.97  166   14.4
  57964 111.15  25.50  258   10.5
  57966 111.95  25.60  205   20.7
  57969 111.33  25.27  230   13.7
  57971 112.20  25.92  225   16.9
  57973 112.72  25.75  328   29.1
  57975 112.20  25.38  278   28.6
  57976 112.95  25.42  226   35.3
  57978 112.55  25.28  291   27.9
  57981 113.22  25.98  141   29.7
  57985 113.68  25.57  608   57.5
  57988 113.35  25.15  103   51.6
  57989 113.73  25.10   96   65.5
  57990 114.30  25.70  252   59.8
  57991 114.55  25.80  148   60.1
  57992 114.75  25.67  129   59.0
  57994 114.35  25.40  208   65.7
  57995 114.93  25.40  166   54.3
  58112 116.45  30.73  933   21.9
  58117 116.20  33.13   33   0.01
  58148 119.30  33.23   11   0.01
  58214 116.28  32.33   37   0.01
  58230 118.27  32.08   34    3.1
  58234 118.42  32.47   43    0.4
  58235 118.85  32.37   16    2.3
  58237 118.62  32.05   22    6.5
  58240 119.02  32.68   25    0.6
  58242 119.18  32.28   14    2.9
  58243 119.83  32.93    7    0.4
  58244 119.58  32.45   10    2.5
  58245 119.42  32.42   14    2.7
  58246 119.90  32.52   11    1.7
  58247 119.82  32.25    5    3.3
  58249 120.00  32.17    8    4.5
  58250 120.15  32.52   10    1.6
  58254 120.45  32.52    5    0.5
  58257 120.25  31.98   12    6.7
  58264 121.18  32.33   11    3.8
  58268 121.08  32.10    8    6.9
  58269 121.65  31.78   12   16.8
  58316 116.95  31.47   26   10.1
  58317 116.37  30.87  434   10.4
  58320 117.13  31.73   26    3.8
  58323 117.47  31.88   29    2.6
  58327 117.28  31.25   24   10.4
  58329 117.87  31.33   24   13.3
  58330 118.08  31.75   20   10.0
  58331 118.37  31.73   26   11.6
  58334 118.37  31.38   23   16.3
  58335 118.52  31.57   16   14.1
  58337 118.18  31.08   30   17.0
  58339 118.90  31.33   24   17.9
  58340 119.03  31.65   23   12.0
  58341 119.58  31.98   10    8.1
  58342 119.55  31.72    7   11.1
  58344 119.20  31.97   35    8.6
  58346 119.82  31.33   15   21.6
  58349 120.63  31.27    9   28.7
  58351 120.30  31.90   12    8.8
  58352 120.77  31.65    8   16.0
  58353 120.57  31.87    6   11.7
  58359 120.62  31.13    9   25.6
  58360 121.20  31.92    6   11.0
  58361 121.37  31.10   10   30.1
  58365 121.25  31.37    9   25.9
  58366 121.40  31.63    9   19.7
  58367 121.43  31.20   18   26.1
  58369 121.78  31.05    9   34.8
  58370 121.55  31.22   11   28.2
  58377 121.10  31.47    6   23.4
  58401 115.40  30.78  106    4.0
  58404 115.22  30.47   57    7.8
  58408 115.43  30.23   35    9.9
  58409 115.93  30.07   20   12.0
  58415 116.58  30.63   38   12.4
  58416 116.82  30.75   38   15.5
  58417 116.13  30.17   50   14.5
  58418 116.70  30.13   26   19.8
  58420 117.22  30.72   38   15.9
  58421 117.87  30.63   32   22.0
  58423 117.78  30.48  643   22.2
  58426 118.13  30.30  192   13.9
  58427 117.48  30.67   36   17.2
  58428 117.48  30.22  115   23.7
  58431 118.32  30.92   17   22.6
  58432 118.40  30.68   39   21.0
  58433 118.75  30.93   30   24.8
  58435 118.53  30.30  221   26.8
  58438 118.58  30.08  197   27.9
  58441 119.42  30.87   53   19.6
  58442 119.18  31.13   16   19.1
  58443 119.90  31.02   19   29.9
  58446 119.68  30.63   25   27.7
  58449 119.95  30.05   47   15.3
  58451 120.93  30.83    3   31.9
  58452 120.77  30.73    4   34.9
  58453 120.50  30.07   10   27.0
  58454 119.97  30.53    5   37.2
  58455 120.65  30.52    8   43.4
  58456 120.52  30.63    6   31.0
  58458 120.90  30.53    3   39.3
  58459 120.28  30.18   42   30.2
  58460 121.35  30.73    6   35.5
  58461 121.12  31.13    8   27.4
  58462 121.23  31.03    9   29.5
  58463 121.50  30.88    9   29.2
  58468 121.17  30.05   10   55.7
  58484 122.20  30.25    9   53.1
  58501 115.63  29.93   25   17.2
  58502 116.00  29.73   37   20.8
  58503 115.68  29.70   41   20.5
  58508 115.77  29.33   42   17.0
  58509 115.82  29.05   38   21.6
  58510 116.23  29.73   40   23.5
  58512 116.55  29.90   66   19.3
  58514 116.05  29.45   35   20.8
  58517 116.20  29.27   43   18.7
  58523 117.93  29.93  231   32.0
  58529 117.85  29.27   82   31.0
  58530 118.43  29.87  170   19.2
  58534 118.18  29.78  173   28.4
  58537 118.40  29.13  153   38.3
  58542 119.68  29.82   45   41.6
  58544 119.27  29.48   87   19.3
  58546 119.88  29.47  114   15.2
  58547 119.18  29.03   65   41.2
  58548 119.47  29.22   46   44.2
  58550 120.25  29.70   39   14.7
  58555 120.88  29.52  112   58.5
  58558 120.22  29.27   89   50.1
  58559 120.98  29.17   59   57.1
  58561 121.60  29.98    3   63.2
  58563 121.83  29.88    4   75.0
  58565 121.43  29.68    6   62.5
  58566 121.88  29.47   14   58.5
  58567 121.43  29.32   39   52.3
  58568 121.38  29.12   35   52.2
  58570 122.30  29.95   83   52.6
  58601 115.38  28.70   54   19.1
  58602 115.55  28.85   46   19.3
  58605 115.38  28.42   49   20.4
  58607 115.95  28.55   35   24.0
  58609 115.82  28.22   30   28.2
  58612 116.68  28.70   22   27.6
  58614 116.27  28.38   40   32.1
  58615 117.08  28.68   56   33.7
  58616 116.82  28.20   44   33.9
  58618 116.60  28.23   51   38.1
  58619 116.37  28.00   47   39.2
  58620 117.13  28.97   37   28.0
  58623 117.92  28.47   92   41.3
  58624 117.43  28.40   64   41.1
  58625 117.60  28.42   80   37.6
  58627 117.03  28.25   64   38.1
  58629 117.70  28.32   59   41.8
  58631 118.50  28.90  134   38.1
  58632 118.60  28.72  124   43.9
  58635 118.20  28.43   96   45.2
  58642 119.80  28.88  102   56.8
  58643 120.03  28.90   99   61.4
  58644 119.28  28.60  237   49.2
  58647 119.13  28.07  196   74.5
  58654 120.08  28.67  184   71.7
  58656 120.97  28.12    7   26.3
  58657 120.28  28.15   59   41.1
  58658 120.68  28.15   36   29.4
  58659 120.65  28.03   29   30.5
  58660 121.13  28.85    8   52.8
  58664 121.37  28.37   33   36.7
  58693 115.83  28.70   37   21.1
  58701 115.40  27.77   47   32.3
  58704 115.35  27.62   61   31.5
  58706 115.83  27.43  180   43.7
  58707 115.13  27.22   66   35.4
  58710 116.05  27.77   76   39.3
  58712 116.78  27.92  123   39.3
  58713 117.07  27.72  220   40.5
  58714 116.23  27.55  115   47.7
  58719 116.93  27.30  123   50.3
  58724 117.30  27.52  264   54.2
  58735 118.80  27.52  201   65.6
  58736 118.82  27.37  220   47.9
  58745 119.07  27.62  368   57.3
  58746 119.70  27.55  514   36.1
  58747 119.35  27.15  900   30.5
  58748 119.65  27.10   51   22.0
  58749 119.88  27.23  680   31.2
  58750 120.08  27.78  106   29.1
  58751 120.55  27.68    5   32.8
  58804 115.35  26.35  153   51.1
  58814 116.35  26.35  237   71.9
  58819 116.80  26.17  329   67.9
  58821 117.47  26.73  174   60.1
  58822 116.85  26.83  341   71.1
  58823 117.80  26.80  173   66.6
  58824 117.15  26.40  355   62.2
  58826 117.80  26.40  120   47.4
  58828 117.62  26.27  206   51.4
  58836 118.73  26.58  359   24.3
  58839 118.85  26.23   42   17.8
  58844 119.15  26.15   49   18.0
  58845 119.53  26.50   57   17.7
  58848 119.55  26.20   12   19.6
  58850 120.23  26.92   88   11.3
  58903 116.03  25.90  208   71.5
  58905 115.42  25.97  136   57.6
  58906 115.80  25.60  167   78.0
  58907 115.40  25.15  300   69.2
  58912 116.75  25.72  379   52.7
  58917 116.10  25.08  307   43.3
  58923 117.83  25.70  397   29.2
  58928 117.53  25.02  160   16.8
  58929 118.15  25.07   66   19.6
  58932 118.93  25.87   85   24.5
  58934 118.27  25.33  170   20.1
  58935 118.23  25.48  516   22.4
  58938 118.98  25.23   22   12.8
  58940 119.33  26.08   28   16.7
  58941 119.50  25.97   11   24.6
  58942 119.38  25.72   39   17.3
  58946 119.00  25.45   84   11.5
  59001 105.33  24.78  674    0.1
  59004 105.10  24.50  729    0.1
  59012 106.55  24.78  973    0.3
  59017 106.27  24.27  279   0.01
  59022 107.55  24.98  695    0.1
  59025 107.38  24.53  249   0.01
  59027 107.25  24.13  244    0.5
  59031 108.25  24.83  205    0.2
  59033 108.90  24.78  330    1.6
  59034 108.67  24.48  149    3.9
  59038 108.65  24.07  142    8.1
  59041 109.25  24.65  109    4.2
  59044 109.38  24.47   99    5.6
  59045 109.75  24.48   95    8.3
  59047 109.33  24.25  101    8.2
  59051 110.50  24.77  133   12.8
  59052 110.82  24.83  167   12.1
  59053 110.67  24.62  108   18.3
  59055 110.40  24.50  166   18.7
  59057 110.18  24.13  827   22.0
  59059 110.80  24.18  107   21.4
  59061 111.27  24.82  198   16.8
  59063 111.45  25.18  262   16.9
  59064 111.32  24.55  141   19.4
  59071 112.28  24.73  175   34.4
  59074 112.15  24.57  300   30.4
  59075 112.63  24.48   70   48.3
  59081 113.27  24.78   98   66.0
  59090 114.07  24.95  103   65.4
  59091 114.53  24.75  257   54.8
  59093 115.03  24.78  254   53.3
  59094 114.12  24.37  135   42.2
  59099 114.93  24.45  175   58.1
  59106 115.90  24.58  152   45.2
  59109 115.73  24.15  126   56.3
  59114 116.17  24.65  131   50.0
  59122 117.75  24.62   42   16.0
  59124 117.37  24.52   31   18.4
  59125 117.30  24.38  105   18.5
  59127 117.83  24.43   14   16.5
  59129 117.60  24.13   53   18.8
  59130 118.15  24.73   28   13.1
  59131 118.37  24.97   44   28.7
  59137 118.57  24.82   55   21.5
  59205 105.63  23.65  688    0.6
  59213 106.92  23.73  113    1.5
  59215 106.62  23.33  640    1.1
  59224 107.12  23.60  116    1.6
  59227 107.15  23.08  438    4.9
  59229 107.70  23.18  101    7.8
  59230 108.17  23.72  173    9.1
  59235 108.62  23.43  116   10.5
  59237 108.28  23.17  115   10.7
  59238 108.80  23.22  123   11.5
  59241 109.68  23.97   91   12.5
  59246 109.67  23.60   70   22.5
  59249 109.62  23.12   56   23.0
  59255 110.38  23.55   37   21.9
  59256 110.92  23.37   56   26.0
  59264 111.50  23.40   79   31.5
  59266 111.23  23.42   46   27.5
  59268 111.53  23.25   31   39.4
  59269 111.77  23.15   27   47.4
  59270 112.18  23.92   78   36.7
  59276 112.65  23.35   40   56.7
  59279 112.87  23.18   18   45.3
  59284 113.22  23.38    6   32.7
  59285 113.60  23.57   39   30.8
  59288 113.13  23.05    3   39.7
  59290 114.23  23.73   71   46.1
  59297 114.28  23.18   16   57.1
  59310 116.18  23.77   39   16.5
  59312 116.63  23.67   11   10.9
  59313 116.98  23.68   42   12.9
  59314 116.13  23.30   27   22.9
  59315 116.38  23.58   25   13.8
  59318 116.58  23.27   10    9.3
  59319 116.77  23.47    9    9.5
  59320 117.13  23.77   27   11.7
  59322 117.37  23.98   20   12.8
  59419 106.75  22.10  243    6.4
  59421 107.20  22.83  257    4.9
  59425 107.35  22.40  107    7.5
  59426 107.90  22.63   92   11.5
  59427 107.07  22.12  162    7.2
  59429 107.97  22.15  183   16.9
  59432 108.40  22.80  203   14.3
  59435 108.48  22.77   75   13.7
  59441 109.25  22.70   78   21.7
  59448 109.55  22.27   70   32.5
  59449 109.98  22.30   80   35.8
  59451 110.35  22.70   99   30.3
  59452 110.53  22.85  100   29.8
  59454 111.00  22.92  104   38.3
  59457 110.27  22.32  120   41.3
  59469 111.78  22.17   33   46.5
  59470 112.22  22.72   33   64.2
  59471 112.05  22.93  102   58.1
  59473 112.97  22.77   20   30.9
  59475 112.65  22.40   24   28.9
  59476 113.03  22.53   35   30.7
  59477 112.30  22.18   25   29.5
  59480 113.25  22.85   21   36.7
  59481 113.32  22.93   16   32.6
  59487 113.30  22.23   12   34.0
  59492 114.70  22.92   43   50.0
  59500 115.32  22.97   10   22.4
  59502 115.65  22.95   11   14.0
  59635 108.35  21.62   26   21.7
  59640 109.18  21.67    6   40.0
  59650 110.25  21.38   25   48.3
  59653 110.85  21.93   35   54.2
  59654 110.30  21.63   28   50.7
  59655 110.62  21.65   35   51.0
  59656 110.77  21.43   29   52.9
  59659 110.92  21.75   32   57.2
  59750 110.10  20.92   25   47.1
  59757 110.37  20.00   10   44.9
  59842 109.68  19.90   31   47.7
  59843 110.00  19.73   36   41.0
  59847 109.05  19.27  101   42.0
  59848 109.43  19.23  219   38.5
  59851 110.33  19.70   25   38.3
  59854 110.10  19.37  119   33.1
  59856 110.75  19.62   26   43.2
  59940 109.17  18.75  156   34.4
  59941 109.52  18.77  328   26.9
  59945 109.70  18.65   65   28.2
  59951 110.33  18.80   38    8.9
