diamond  3 2013年12月23日08点24小时降雨量                    
  13  12  23  08    -2 3 10 25 50 1 0
 39 122.7  37.3 122.5  36.7 120.8  36.2 119.3  35.0 120.4  34.3
 121.1  32.7 122.3  30.9 122.5  30.1 121.5  28.0 119.8  25.0
 116.1  22.6 111.0  21.0 111.0  18.6 109.6  18.1 108.3  18.5
 108.9  19.9 109.3  21.0 106.4  21.6 104.1  22.2 101.6  20.8
  98.7  22.0  97.1  24.1  97.7  27.0  91.7  26.6  85.7  27.7
  78.9  30.6  73.3  37.1  74.1  40.7  87.6  49.8  98.5  43.9
 110.4  44.3 122.0  54.7 135.7  48.3 131.5  42.2 125.2  39.4
 121.3  38.5 121.2  40.3 118.5  38.6 120.8  38.1
1                    124
  50566 128.47  49.55  117    0.1
  50673 130.40  48.88   92    0.3
  50674 129.43  48.57  404    0.3
  50767 127.10  47.23  204    0.1
  50772 129.23  48.10  299   0.01
  50776 130.83  47.57   84   0.01
  50778 132.53  47.67   59   0.01
  50787 131.85  47.28   63   0.01
  50867 127.35  46.08  134   0.01
  50892 134.00  46.80   57   0.01
  50962 128.03  45.95  113    0.1
  51058  87.97  47.10  564   0.01
  51137  82.93  46.20  715    1.2
  51145  83.65  46.55  523    0.5
  51328  80.42  44.20  774    1.7
  51329  80.85  44.05  641    2.5
  51356  86.05  44.32  444    2.5
  51357  85.62  44.33  523    1.3
  51359  86.20  44.32  473    2.1
  51368  87.32  44.12  516    2.0
  51369  87.65  43.97  601    2.4
  51377  87.92  44.17  547    1.2
  51378  89.17  44.02  735   0.01
  51430  81.15  43.83  605    2.3
  51434  81.53  43.97  771    2.9
  51435  82.23  43.47  776    2.4
  51436  83.25  43.45  929    3.7
  51438  81.77  43.18 1210    1.0
  51465  87.10  43.48 1874    0.2
  51482  90.28  43.83 1271   0.01
  51629  80.23  41.27 1134   0.01
  51815  77.27  38.20 1275   0.01
  51826  80.80  37.02 1337   0.01
  51829  80.17  37.08 1349   0.01
  54765 121.43  37.48   57   0.01
  56180 103.85  31.68 1591   0.01
  56181 103.70  30.68  543    0.4
  56186 104.20  31.33  589    0.6
  56189 103.93  30.98  584    0.2
  56190 104.55  31.55  518   0.01
  56193 104.52  32.42  894   0.01
  56194 104.45  31.82  679    0.4
  56195 104.73  31.78  531    0.2
  56199 104.68  31.03  424    0.1
  56272 103.88  30.82  560    0.2
  56273 102.82  30.38 1011   0.01
  56276 103.82  30.45  468    0.4
  56278 102.77  30.07  756    0.8
  56279 102.93  30.15  683    0.3
  56280 103.12  30.08  692    2.9
  56281 103.50  30.18  512    1.3
  56284 103.48  30.42  502    3.1
  56285 103.52  30.60  525    2.5
  56288 103.92  30.58  495    0.9
  56289 103.87  30.20  439    0.4
  56290 104.18  30.78  515    0.8
  56291 104.28  30.97  474   0.01
  56295 104.55  30.38  443   0.01
  56296 104.43  30.85  449    0.3
  56298 104.60  30.13  415   0.01
  56373 102.85  29.78  763    0.4
  56376 102.68  29.35 1098   0.01
  56380 103.37  29.92  466    2.4
  56381 103.52  30.02  497    0.4
  56382 103.60  29.73  408    1.3
  56384 103.48  29.60  446    2.2
  56387 103.27  29.23  639    0.1
  56389 103.95  29.20  386    0.6
  56390 104.07  29.67  403    0.4
  56391 103.82  30.08  416   0.01
  56393 104.85  29.77  370    0.4
  56394 104.43  29.45  382   0.01
  56395 104.67  29.52  349    0.5
  56396 104.77  29.35  352    0.3
  56399 104.98  29.18  307    0.7
  56480 103.53  28.82  564    0.4
  56483 103.95  28.60  412    0.8
  56487 103.13  28.33 1945    0.2
  56489 103.63  28.23  876   0.01
  56490 103.90  28.95  396    1.2
  56491 104.57  28.70  288    0.5
  56493 104.97  28.85  297    0.3
  56494 104.15  28.65  460    0.4
  56496 105.23  28.32  330    1.2
  56497 104.23  28.10  433    1.3
  56498 104.50  28.17  442    1.0
  56499 104.78  28.38  368    2.4
  56580 102.80  27.72 2461   0.01
  56582 103.90  27.75 1177    1.1
  56585 103.53  27.18 1916    0.3
  56592 104.52  28.43  360    0.5
  56593 104.92  28.58  281    1.0
  56594 104.05  27.63  884   0.01
  56595 104.87  27.42 1644    0.6
  56596 105.05  27.85 1176    0.3
  56697 104.08  26.22 1987    0.6
  56783 103.80  25.50 1906   0.01
  56790 104.25  25.68 1920    0.1
  56891 104.32  24.98 1482    0.1
  57008 105.30  34.03 1578   0.01
  57102 105.72  33.75  971   0.01
  57105 105.60  33.33 1219   0.01
  57126 107.55  33.22  470   0.01
  57204 105.23  32.58  801    0.2
  57208 105.47  32.02  538   0.01
  57217 106.28  32.23  493    0.2
  57304 105.17  31.67  517    0.5
  57307 105.08  31.10  408    0.2
  57308 105.38  31.22  421    0.1
  57417 106.28  30.35  315    0.3
  57507 105.30  29.33  374    0.1
  57509 106.93  28.95  325   0.01
  57519 107.08  29.15  559   0.01
  57600 105.07  28.72  256    0.5
  57609 105.70  28.58  316   0.01
  57708 105.60  27.15 1704    0.5
  57713 106.88  27.70  844   0.01
  57720 107.17  27.88  888   0.01
  57773 112.82  27.87   63    0.1
  57800 105.37  26.77 1458    1.0
  57807 105.47  26.20 1359    1.4
  57808 105.75  26.32 1272    0.4
  57900 105.22  25.83 1553    1.9
  57903 105.60  25.93 1138    0.1
