diamond  3 2013年12月14日08点24小时降雨量                    
  13  12  14  08    -2 3 10 25 50 1 0
 39 122.7  37.3 122.5  36.7 120.8  36.2 119.3  35.0 120.4  34.3
 121.1  32.7 122.3  30.9 122.5  30.1 121.5  28.0 119.8  25.0
 116.1  22.6 111.0  21.0 111.0  18.6 109.6  18.1 108.3  18.5
 108.9  19.9 109.3  21.0 106.4  21.6 104.1  22.2 101.6  20.8
  98.7  22.0  97.1  24.1  97.7  27.0  91.7  26.6  85.7  27.7
  78.9  30.6  73.3  37.1  74.1  40.7  87.6  49.8  98.5  43.9
 110.4  44.3 122.0  54.7 135.7  48.3 131.5  42.2 125.2  39.4
 121.3  38.5 121.2  40.3 118.5  38.6 120.8  38.1
1                    373
  45045 114.30  22.18   55    0.5
  50137 122.37  53.47  297   0.01
  50431 121.52  50.78  718    0.6
  50445 123.73  50.58  424    0.6
  50524 119.43  49.32  578    0.7
  50525 119.75  49.15  621    0.7
  50526 120.70  49.28  670    0.7
  50566 128.47  49.55  117    1.2
  50645 124.48  48.48  196   0.01
  50646 124.85  48.48  204    0.2
  50655 126.18  48.50  267    0.5
  50659 126.25  48.03  293    0.1
  50674 129.43  48.57  404    0.2
  50749 124.83  47.18  159    0.1
  50750 125.30  47.90  228   0.01
  50772 129.23  48.10  299   0.01
  50778 132.53  47.67   59   0.01
  50779 134.28  48.37   41    0.1
  50842 124.42  46.83  145   0.01
  50858 125.93  46.07  136   0.01
  50859 126.27  46.25  160   0.01
  50861 127.48  46.88  186    0.1
  50867 127.35  46.08  134   0.01
  50884 131.15  46.63  176   0.01
  50892 134.00  46.80   57   0.01
  50934 121.58  45.38  309   0.01
  50937 121.47  45.05  250   0.01
  50958 126.95  45.52  175    0.1
  50962 128.03  45.95  113    0.2
  51137  82.93  46.20  715    0.2
  51145  83.65  46.55  523    0.3
  51352  85.25  44.85  338    1.6
  51353  86.10  45.02  347    0.5
  51356  86.05  44.32  444    2.1
  51357  85.62  44.33  523    1.1
  51359  86.20  44.32  473    2.2
  51435  82.23  43.47  776   0.01
  51436  83.25  43.45  929    1.2
  51438  81.77  43.18 1210    1.8
  51465  87.10  43.48 1874    0.3
  51482  90.28  43.83 1271    0.2
  52853 100.98  36.90 3011    0.2
  52855 101.25  36.68 2676    0.9
  52862 101.68  36.95 2451    0.1
  52863 101.95  36.82 2480    0.2
  52869 101.58  36.50 2665    1.9
  52875 102.10  36.50 2129   0.01
  52877 102.25  36.10 2835    0.7
  52881 103.18  36.98 2485    0.3
  52885 103.25  36.75 2119   0.01
  52957 100.60  35.25 3149    0.8
  52968 101.47  35.03 3663    0.5
  52988 103.72  35.37 2000   0.01
  56016  95.62  33.85 4181    0.4
  56071 102.50  34.58 3107   0.01
  56181 103.70  30.68  543    1.8
  56184 103.17  31.43 1884   0.01
  56186 104.20  31.33  589   0.01
  56189 103.93  30.98  584    0.6
  56190 104.55  31.55  518   0.01
  56197 104.18  31.13  537    0.2
  56199 104.68  31.03  424    0.1
  56272 103.88  30.82  560    0.6
  56273 102.82  30.38 1011    0.6
  56276 103.82  30.45  468    1.0
  56278 102.77  30.07  756    3.2
  56279 102.93  30.15  683    3.1
  56280 103.12  30.08  692    1.8
  56281 103.50  30.18  512    0.8
  56284 103.48  30.42  502    1.4
  56285 103.52  30.60  525    1.3
  56286 104.25  30.55  514    0.8
  56288 103.92  30.58  495    0.8
  56289 103.87  30.20  439    0.3
  56290 104.18  30.78  515    0.4
  56291 104.28  30.97  474    0.4
  56295 104.55  30.38  443   0.01
  56296 104.43  30.85  449    0.1
  56298 104.60  30.13  415   0.01
  56371 102.23  29.92 1322    0.1
  56373 102.85  29.78  763    2.2
  56376 102.68  29.35 1098    2.4
  56378 102.35  29.23  891    5.1
  56380 103.37  29.92  466    0.7
  56381 103.52  30.02  497    0.4
  56382 103.60  29.73  408   0.01
  56390 104.07  29.67  403   0.01
  56391 103.82  30.08  416    0.5
  56393 104.85  29.77  370   0.01
  56394 104.43  29.45  382   0.01
  56443  99.80  28.93 2842   0.01
  56473 102.77  28.95 1061    0.1
  56489 103.63  28.23  876   0.01
  56575 102.55  27.37 1429   0.01
  56582 103.90  27.75 1177   0.01
  56585 103.53  27.18 1916    1.1
  56594 104.05  27.63  884    3.2
  56595 104.87  27.42 1644    2.3
  56596 105.05  27.85 1176   0.01
  56598 104.73  27.13 1538    1.5
  56673 102.92  26.92  894   0.01
  56675 102.58  26.65 1695    0.1
  56697 104.08  26.22 1987   0.01
  56745  99.95  25.68 1627    0.1
  56756 100.58  25.48 1993    0.3
  56757 100.28  25.27 1744    0.2
  56766 101.52  25.33 1769   0.01
  56774 102.42  25.53 1712   0.01
  56775 102.45  25.55 1752   0.01
  56782 103.55  25.42 2064    0.2
  56783 103.80  25.50 1906   0.01
  56788 103.67  25.03 1842    0.2
  56790 104.25  25.68 1920   0.01
  56841  98.68  24.60 1527   0.01
  56854 100.13  24.45 1108   0.01
  56862 101.60  24.68 1966    0.4
  56867 101.12  23.98 1107    0.3
  56872 102.62  24.95 2360    0.1
  56873 102.90  24.67 1752    0.1
  56880 103.17  24.92 1532    3.0
  56883 103.98  24.83 1846   0.01
  56889 104.17  24.05 1518    1.3
  56891 104.32  24.98 1482    0.6
  56944  99.27  23.15 1280   0.01
  56950  99.80  23.47 1044    0.2
  56958 100.42  21.92 1177   13.9
  56962 101.67  23.42 1315   0.01
  56970 102.48  23.70 1419   0.01
  56973 102.83  23.62 1310    4.4
  56975 102.43  23.37  975    4.5
  56976 102.83  23.23  229    3.1
  56978 102.42  23.00 1640    4.2
  56982 103.25  23.70 1055    1.3
  56984 103.15  23.38 1717    1.4
  56987 103.23  22.78 1261   10.4
  56989 103.95  22.50  138   26.8
  56992 104.70  23.45 1508    4.4
  56994 104.25  23.38 1277    6.3
  56995 104.42  23.03 1335   10.2
  56996 104.70  23.13 1094    9.2
  57007 105.18  34.18 1406   0.01
  57008 105.30  34.03 1578   0.01
  57415 106.63  30.47  336   0.01
  57506 105.90  29.37  376   0.01
  57511 106.45  29.85  242   0.01
  57605 105.82  28.03  539   0.01
  57637 108.12  28.25  524    0.4
  57643 109.83  29.00  268   0.01
  57666 112.13  28.52   49   0.01
  57708 105.60  27.15 1704    3.0
  57713 106.88  27.70  844    0.2
  57714 106.23  27.47  942   0.01
  57723 107.72  27.98  710    1.0
  57728 107.47  27.07 1095    0.7
  57732 108.40  28.02  458    1.4
  57735 108.82  27.18  396    0.1
  57736 108.85  27.70  376    0.5
  57737 108.12  27.03  546    0.3
  57738 108.42  27.05  517   0.01
  57740 109.60  27.95  349   0.01
  57743 109.80  27.88  176   0.01
  57767 111.03  27.12  266    0.4
  57768 111.45  27.32  242    0.1
  57769 111.73  27.23  257    0.4
  57792 114.68  27.82   93   29.5
  57800 105.37  26.77 1458    0.8
  57807 105.47  26.20 1359    1.0
  57808 105.75  26.32 1272    0.6
  57809 105.75  26.07 1251    0.1
  57813 106.47  26.57 1265    0.1
  57814 106.27  26.42 1285    0.3
  57824 107.23  26.58 1005    0.2
  57829 107.80  26.20  964    0.7
  57834 108.30  26.68  642   0.01
  57846 110.15  26.58  307    0.1
  57851 110.85  26.45  307    0.7
  57859 110.63  26.03  409    3.6
  57860 111.28  27.00  282   0.01
  57865 111.58  26.47  166    0.2
  57867 111.28  26.40  169    0.2
  57868 111.87  26.60  113   0.01
  57887 113.12  26.13  124    0.2
  57900 105.22  25.83 1553    1.1
  57905 105.63  25.40 1063    1.4
  57908 105.48  25.12 1393    1.3
  57909 105.82  24.98  584    4.9
  57914 106.67  26.42 1143   0.01
  57921 107.32  25.83  710   0.01
  57923 107.87  25.98  418    0.5
  57927 107.18  24.97  283    0.4
  57936 108.92  25.75  255    1.8
  57941 109.60  25.78  198    0.9
  57942 110.00  25.80  267    6.6
  57948 109.25  25.08  123    7.4
  57949 110.00  24.98  157    9.3
  57954 110.18  25.23  158    4.4
  57955 110.67  25.62  224    2.4
  57956 110.32  25.42  169    3.0
  57958 110.32  25.08  152    7.7
  57960 111.07  25.93  192    3.7
  57962 111.65  25.97  166    1.2
  57964 111.15  25.50  258    3.0
  57966 111.95  25.60  205    1.5
  57969 111.33  25.27  230    5.3
  57971 112.20  25.92  225    1.9
  57973 112.72  25.75  328    1.7
  57975 112.20  25.38  278    7.4
  57976 112.95  25.42  226    5.9
  57978 112.55  25.28  291    9.5
  57981 113.22  25.98  141    0.1
  57985 113.68  25.57  608    2.5
  57988 113.35  25.15  103    8.8
  57989 113.73  25.10   96    7.0
  57990 114.30  25.70  252   0.01
  57991 114.55  25.80  148    0.1
  57992 114.75  25.67  129    0.1
  57994 114.35  25.40  208    4.6
  57995 114.93  25.40  166    1.9
  58567 121.43  29.32   39    0.1
  58736 118.82  27.37  220   0.01
  58747 119.35  27.15  900    0.4
  58814 116.35  26.35  237   0.01
  58819 116.80  26.17  329    0.1
  58822 116.85  26.83  341    0.2
  58823 117.80  26.80  173    0.5
  58826 117.80  26.40  120   0.01
  58828 117.62  26.27  206    0.1
  58839 118.85  26.23   42    0.1
  58844 119.15  26.15   49    0.1
  58845 119.53  26.50   57   0.01
  58848 119.55  26.20   12    0.2
  58903 116.03  25.90  208   0.01
  58905 115.42  25.97  136   0.01
  58906 115.80  25.60  167    2.2
  58907 115.40  25.15  300    3.9
  58912 116.75  25.72  379    2.6
  58917 116.10  25.08  307    2.3
  58923 117.83  25.70  397    4.0
  58928 117.53  25.02  160    1.8
  58929 118.15  25.07   66    3.5
  58932 118.93  25.87   85    0.3
  58934 118.27  25.33  170    0.4
  58935 118.23  25.48  516    1.0
  58938 118.98  25.23   22    1.0
  58940 119.33  26.08   28    0.2
  58941 119.50  25.97   11    0.3
  58942 119.38  25.72   39   0.01
  58946 119.00  25.45   84   0.01
  59001 105.33  24.78  674    1.5
  59004 105.10  24.50  729    2.1
  59012 106.55  24.78  973    0.4
  59015 106.57  24.35  442    2.5
  59017 106.27  24.27  279    2.0
  59022 107.55  24.98  695    4.1
  59025 107.38  24.53  249    5.1
  59027 107.25  24.13  244   17.4
  59031 108.25  24.83  205    3.9
  59033 108.90  24.78  330   13.9
  59034 108.67  24.48  149   14.1
  59038 108.65  24.07  142   27.6
  59041 109.25  24.65  109   12.2
  59044 109.38  24.47   99   16.9
  59045 109.75  24.48   95   30.5
  59047 109.33  24.25  101   22.4
  59051 110.50  24.77  133   22.4
  59052 110.82  24.83  167   22.0
  59053 110.67  24.62  108   25.4
  59055 110.40  24.50  166   24.8
  59057 110.18  24.13  827   24.5
  59059 110.80  24.18  107   20.3
  59061 111.27  24.82  198   14.6
  59063 111.45  25.18  262    6.7
  59064 111.32  24.55  141   14.3
  59071 112.28  24.73  175   15.3
  59074 112.15  24.57  300   15.7
  59075 112.63  24.48   70   13.4
  59081 113.27  24.78   98    9.6
  59090 114.07  24.95  103    4.3
  59091 114.53  24.75  257    5.7
  59093 115.03  24.78  254    8.8
  59094 114.12  24.37  135   10.3
  59099 114.93  24.45  175    6.3
  59106 115.90  24.58  152    4.2
  59109 115.73  24.15  126    6.9
  59114 116.17  24.65  131    4.1
  59122 117.75  24.62   42    1.4
  59124 117.37  24.52   31    2.2
  59125 117.30  24.38  105    2.2
  59127 117.83  24.43   14    3.7
  59129 117.60  24.13   53    4.7
  59130 118.15  24.73   28    0.9
  59131 118.37  24.97   44    1.9
  59137 118.57  24.82   55    1.4
  59205 105.63  23.65  688   10.4
  59213 106.92  23.73  113   35.0
  59215 106.62  23.33  640   16.4
  59224 107.12  23.60  116   21.8
  59227 107.15  23.08  438   27.0
  59229 107.70  23.18  101   28.7
  59230 108.17  23.72  173   28.3
  59235 108.62  23.43  116   29.1
  59237 108.28  23.17  115   45.0
  59238 108.80  23.22  123   37.1
  59241 109.68  23.97   91   23.1
  59246 109.67  23.60   70   36.6
  59249 109.62  23.12   56   28.3
  59255 110.38  23.55   37   18.9
  59256 110.92  23.37   56   17.6
  59264 111.50  23.40   79   30.3
  59266 111.23  23.42   46   21.0
  59268 111.53  23.25   31   40.9
  59269 111.77  23.15   27   44.2
  59270 112.18  23.92   78   41.9
  59276 112.65  23.35   40   35.9
  59279 112.87  23.18   18   17.4
  59284 113.22  23.38    6   33.2
  59285 113.60  23.57   39   29.7
  59288 113.13  23.05    3   15.0
  59290 114.23  23.73   71   15.5
  59297 114.28  23.18   16    2.5
  59310 116.18  23.77   39    1.1
  59312 116.63  23.67   11    2.1
  59313 116.98  23.68   42    1.7
  59314 116.13  23.30   27    0.4
  59315 116.38  23.58   25    2.2
  59319 116.77  23.47    9    0.3
  59320 117.13  23.77   27    3.0
  59322 117.37  23.98   20    4.2
  59419 106.75  22.10  243   12.2
  59421 107.20  22.83  257   53.9
  59425 107.35  22.40  107   21.5
  59426 107.90  22.63   92   17.0
  59427 107.07  22.12  162   26.7
  59429 107.97  22.15  183   38.9
  59432 108.40  22.80  203   18.0
  59435 108.48  22.77   75   19.6
  59441 109.25  22.70   78   52.3
  59448 109.55  22.27   70   50.0
  59449 109.98  22.30   80   50.0
  59451 110.35  22.70   99   70.4
  59452 110.53  22.85  100   71.9
  59454 111.00  22.92  104   69.5
  59457 110.27  22.32  120   41.5
  59469 111.78  22.17   33   27.9
  59470 112.22  22.72   33    9.8
  59471 112.05  22.93  102   28.8
  59473 112.97  22.77   20    3.7
  59475 112.65  22.40   24    3.6
  59476 113.03  22.53   35    2.6
  59477 112.30  22.18   25    7.5
  59480 113.25  22.85   21    1.4
  59481 113.32  22.93   16    4.5
  59487 113.30  22.23   12   0.01
  59492 114.70  22.92   43   0.01
  59502 115.65  22.95   11   0.01
  59635 108.35  21.62   26   17.6
  59640 109.18  21.67    6   15.2
  59650 110.25  21.38   25   15.1
  59653 110.85  21.93   35   23.0
  59654 110.30  21.63   28   23.1
  59655 110.62  21.65   35   16.4
  59656 110.77  21.43   29    7.0
  59659 110.92  21.75   32   11.8
  59750 110.10  20.92   25   13.6
  59757 110.37  20.00   10    9.7
  59842 109.68  19.90   31    0.5
  59843 110.00  19.73   36    3.4
  59848 109.43  19.23  219    0.6
  59851 110.33  19.70   25    7.5
  59854 110.10  19.37  119    3.0
  59856 110.75  19.62   26    1.3
  59940 109.17  18.75  156    0.7
  59951 110.33  18.80   38    1.3
