diamond  3 2013年12月08日08点24小时降雨量                    
  13  12  08  08    -2 3 10 25 50 1 0
 39 122.7  37.3 122.5  36.7 120.8  36.2 119.3  35.0 120.4  34.3
 121.1  32.7 122.3  30.9 122.5  30.1 121.5  28.0 119.8  25.0
 116.1  22.6 111.0  21.0 111.0  18.6 109.6  18.1 108.3  18.5
 108.9  19.9 109.3  21.0 106.4  21.6 104.1  22.2 101.6  20.8
  98.7  22.0  97.1  24.1  97.7  27.0  91.7  26.6  85.7  27.7
  78.9  30.6  73.3  37.1  74.1  40.7  87.6  49.8  98.5  43.9
 110.4  44.3 122.0  54.7 135.7  48.3 131.5  42.2 125.2  39.4
 121.3  38.5 121.2  40.3 118.5  38.6 120.8  38.1
1                     55
  50526 120.70  49.28  670   0.01
  50772 129.23  48.10  299   0.01
  50924 119.67  45.53  824   0.01
  51357  85.62  44.33  523   0.01
  51482  90.28  43.83 1271   0.01
  52643  99.62  38.83 2311    0.1
  52656 100.82  38.43 2282    1.3
  52981 103.38  35.67 2429   0.01
  52985 103.33  35.42 2164   0.01
  52998 104.20  35.13 2111   0.01
  53343 109.97  41.77 1612   0.01
  53397 113.98  41.10 1377    0.1
  53469 111.82  40.40 1164   0.01
  53483 113.83  40.87 1269    0.1
  53533 108.73  39.85 1390   0.01
  53562 111.67  39.92 1192    0.1
  53893 114.95  36.77   40    0.1
  53899 114.97  36.48   49    0.1
  53974 114.18  35.62   73    0.1
  54631 115.15  37.07   33   0.01
  54632 115.03  37.07   34   0.01
  54709 116.07  37.22   30   0.01
  54714 116.33  37.45   24   0.01
  54800 115.25  36.98   35   0.01
  54900 115.02  35.70   54    0.1
  56280 103.12  30.08  692   0.01
  56295 104.55  30.38  443   0.01
  56298 104.60  30.13  415   0.01
  56393 104.85  29.77  370   0.01
  56396 104.77  29.35  352   0.01
  56496 105.23  28.32  330   0.01
  56596 105.05  27.85 1176   0.01
  57119 106.70  33.17  551   0.01
  57126 107.55  33.22  470    0.1
  57128 107.33  33.17  487   0.01
  57208 105.47  32.02  538   0.01
  57213 106.93  33.00  537   0.01
  57307 105.08  31.10  408    0.1
  57349 109.87  31.07  270   0.01
  57409 105.80  30.18  295   0.01
  57414 106.45  30.55  396   0.01
  57417 106.28  30.35  315   0.01
  57420 107.20  30.75  397   0.01
  57437 108.03  30.30  326    0.1
  57505 105.58  29.42  324    0.3
  57506 105.90  29.37  376   0.01
  57508 105.37  29.15  302    0.4
  57510 106.05  29.85  275    0.1
  57513 106.62  29.73  457   0.01
  57514 106.22  29.58  325   0.01
  57603 105.83  28.82  283    0.4
  57609 105.70  28.58  316    2.8
  57717 106.83  27.53  974   0.01
  58129 117.87  33.13   20    0.1
  58234 118.42  32.47   43    0.1
