diamond  3 2013年12月10日08点24小时降雨量                    
  13  12  10  08    -2 3 10 25 50 1 0
 39 122.7  37.3 122.5  36.7 120.8  36.2 119.3  35.0 120.4  34.3
 121.1  32.7 122.3  30.9 122.5  30.1 121.5  28.0 119.8  25.0
 116.1  22.6 111.0  21.0 111.0  18.6 109.6  18.1 108.3  18.5
 108.9  19.9 109.3  21.0 106.4  21.6 104.1  22.2 101.6  20.8
  98.7  22.0  97.1  24.1  97.7  27.0  91.7  26.6  85.7  27.7
  78.9  30.6  73.3  37.1  74.1  40.7  87.6  49.8  98.5  43.9
 110.4  44.3 122.0  54.7 135.7  48.3 131.5  42.2 125.2  39.4
 121.3  38.5 121.2  40.3 118.5  38.6 120.8  38.1
1                    196
  50137 122.37  53.47  297   0.01
  50524 119.43  49.32  578   0.01
  50525 119.75  49.15  621   0.01
  50526 120.70  49.28  670    0.1
  50842 124.42  46.83  145   0.01
  50850 125.13  46.57  148   0.01
  50851 126.08  46.68  209   0.01
  50858 125.93  46.07  136   0.01
  50859 126.27  46.25  160   0.01
  50867 127.35  46.08  134   0.01
  50913 118.83  45.72  866    1.0
  50924 119.67  45.53  824    0.4
  50928 120.33  45.07  629    0.4
  50958 126.95  45.52  175   0.01
  50960 127.45  45.78  192   0.01
  50962 128.03  45.95  113   0.01
  50985 131.87  45.55  155   0.01
  50987 131.13  45.25  181   0.01
  51568  86.80  42.25 1086   0.01
  52863 101.95  36.82 2480   0.01
  53367 111.23  41.32 1604   0.01
  53368 111.47  41.08 1640   0.01
  53378 112.62  41.28 1737   0.01
  53385 113.55  41.57 1387    0.1
  53392 114.60  41.85 1424   0.01
  54024 119.30  44.45  710    0.3
  54076 126.93  44.42  254   0.01
  54080 127.15  44.90  196   0.01
  54092 129.40  44.60  294    0.1
  54093 130.55  44.93  266   0.01
  54098 129.47  44.33  272    0.1
  54099 131.13  44.08  151    0.6
  54156 124.80  43.52  200   0.01
  54164 125.28  43.35  249   0.01
  54172 126.60  43.78  199   0.01
  54187 128.92  43.12  369    0.3
  54192 130.27  43.70  386    0.3
  54204 115.00  42.30 1347   0.01
  54231 122.35  42.97  249   0.01
  54244 123.33  42.75  120   0.01
  54245 123.40  42.50   99   0.01
  54248 123.53  42.03   67   0.01
  54249 123.87  42.30   79    0.1
  54252 124.75  42.73  198    0.1
  54261 125.52  42.68  343   0.01
  54267 125.73  42.25  363    0.6
  54274 126.07  42.68  300   0.01
  54290 129.40  42.77  245    0.3
  54291 130.28  42.90   37    0.2
  54293 129.83  42.95  141   0.01
  54305 115.27  41.88 1468   0.01
  54347 123.17  41.23   25   0.01
  54348 123.32  41.42   43   0.01
  54362 125.73  41.67  388   0.01
  54371 126.43  41.93  521    0.3
  54749 119.95  37.18   48    0.3
  54759 120.83  37.30  172   0.01
  54765 121.43  37.48   57    0.1
  54766 121.62  37.38   23    0.9
  54777 122.07  37.20  112    1.1
  54778 122.48  37.17   60    1.7
  54841 119.40  36.87    8    3.4
  54844 119.18  36.42   67   0.01
  54846 119.75  36.38   37    1.2
  54848 119.42  35.98   81   0.01
  54849 120.00  36.27   16    1.1
  54853 120.42  36.17   43    0.8
  54855 120.47  36.38   30    0.1
  54861 121.53  36.93   47   0.01
  54871 122.48  36.93    9    3.1
  54943 120.00  35.88   13   0.01
  56016  95.62  33.85 4181   0.01
  56045  99.90  33.97 4051    0.8
  56280 103.12  30.08  692   0.01
  56580 102.80  27.72 2461    0.1
  56582 103.90  27.75 1177   0.01
  56595 104.87  27.42 1644   0.01
  56783 103.80  25.50 1906   0.01
  56790 104.25  25.68 1920    0.3
  56883 103.98  24.83 1846   0.01
  56891 104.32  24.98 1482   0.01
  56948  99.60  22.63 1156    0.9
  56949  99.60  22.32  946    0.9
  56958 100.42  21.92 1177   0.01
  56961 101.05  23.03 1321   0.01
  56975 102.43  23.37  975   0.01
  56984 103.15  23.38 1717   0.01
  56996 104.70  23.13 1094   0.01
  57318 106.55  31.07  339   0.01
  57324 107.08  31.58  363   0.01
  57326 107.72  31.37  390   0.01
  57329 107.85  31.10  462   0.01
  57386 114.00  31.25   37    0.1
  57413 106.97  30.85  295   0.01
  57414 106.45  30.55  396   0.01
  57415 106.63  30.47  336    0.1
  57416 106.93  30.33 3915   0.01
  57420 107.20  30.75  397    0.1
  57425 107.33  30.33  430   0.01
  57431 108.35  30.83  256   0.01
  57437 108.03  30.30  326    0.1
  57438 108.12  29.98  630    0.6
  57511 106.45  29.85  242   0.01
  57513 106.62  29.73  457   0.01
  57537 108.17  29.30  321    1.6
  57540 109.15  29.68  776    0.6
  57541 109.48  30.00  533    0.3
  57543 110.03  29.88  540    0.4
  57544 109.45  29.47  486   0.01
  57575 112.57  29.52   32    0.1
  57634 107.88  28.52  658    0.6
  57635 108.98  28.45  363    0.3
  57636 108.50  28.57  335    1.5
  57637 108.12  28.25  524    3.9
  57640 109.45  28.58  344   0.01
  57658 110.20  28.02  144    0.1
  57708 105.60  27.15 1704   0.01
  57714 106.23  27.47  942    0.2
  57717 106.83  27.53  974   0.01
  57719 106.97  27.07 1280    0.3
  57723 107.72  27.98  710    0.9
  57728 107.47  27.07 1095    0.2
  57732 108.40  28.02  458    0.7
  57734 108.23  27.57  468    0.2
  57735 108.82  27.18  396    0.1
  57736 108.85  27.70  376   0.01
  57737 108.12  27.03  546   0.01
  57738 108.42  27.05  517   0.01
  57739 108.88  27.23  375    1.3
  57740 109.60  27.95  349   0.01
  57742 109.20  27.52  883    0.4
  57811 106.60  26.85 1242   0.01
  57821 107.50  26.70  924    0.1
  57822 107.90  26.90  833    0.5
  57824 107.23  26.58 1005   0.01
  57828 107.58  26.50  983    0.2
  57834 108.30  26.68  642    0.1
  57835 108.43  26.72  521   0.01
  57837 108.07  26.40  838   0.01
  57842 109.72  26.88  281   0.01
  57911 106.65  26.67 1325   0.01
  57913 106.98  26.45 1095   0.01
  57915 106.77  26.63 1102   0.01
  58049 119.82  34.03    7    0.1
  58139 118.88  33.30   13   0.01
  58145 119.17  33.53    8   0.01
  58146 119.77  33.47    7   0.01
  58147 118.97  32.98   28    0.1
  58154 120.20  33.43    7   0.01
  58230 118.27  32.08   34   0.01
  58234 118.42  32.47   43    0.1
  58235 118.85  32.37   16    0.4
  58237 118.62  32.05   22    0.1
  58240 119.02  32.68   25    0.3
  58242 119.18  32.28   14    0.3
  58243 119.83  32.93    7   0.01
  58244 119.58  32.45   10   0.01
  58245 119.42  32.42   14    0.1
  58246 119.90  32.52   11   0.01
  58257 120.25  31.98   12   0.01
  58264 121.18  32.33   11   0.01
  58268 121.08  32.10    8   0.01
  58269 121.65  31.78   12   0.01
  58316 116.95  31.47   26   0.01
  58323 117.47  31.88   29   0.01
  58329 117.87  31.33   24   0.01
  58330 118.08  31.75   20   0.01
  58331 118.37  31.73   26   0.01
  58335 118.52  31.57   16   0.01
  58340 119.03  31.65   23    0.1
  58341 119.58  31.98   10   0.01
  58344 119.20  31.97   35    0.2
  58346 119.82  31.33   15    0.1
  58353 120.57  31.87    6   0.01
  58360 121.20  31.92    6    0.1
  58361 121.37  31.10   10   0.01
  58365 121.25  31.37    9   0.01
  58366 121.40  31.63    9   0.01
  58367 121.43  31.20   18   0.01
  58433 118.75  30.93   30   0.01
  58441 119.42  30.87   53   0.01
  58443 119.90  31.02   19   0.01
  58452 120.77  30.73    4   0.01
  58458 120.90  30.53    3   0.01
  58462 121.23  31.03    9   0.01
  58468 121.17  30.05   10   0.01
  58561 121.60  29.98    3   0.01
  58563 121.83  29.88    4   0.01
  58828 117.62  26.27  206   0.01
  58844 119.15  26.15   49    0.7
  58932 118.93  25.87   85    0.5
  58940 119.33  26.08   28    0.2
  58946 119.00  25.45   84    1.3
  59131 118.37  24.97   44    0.1
  59854 110.10  19.37  119   0.01
  59945 109.70  18.65   65   0.01
