diamond  3 2013年12月01日08点24小时降雨量                    
  13  12  01  08    -2 3 10 25 50 1 0
 39 122.7  37.3 122.5  36.7 120.8  36.2 119.3  35.0 120.4  34.3
 121.1  32.7 122.3  30.9 122.5  30.1 121.5  28.0 119.8  25.0
 116.1  22.6 111.0  21.0 111.0  18.6 109.6  18.1 108.3  18.5
 108.9  19.9 109.3  21.0 106.4  21.6 104.1  22.2 101.6  20.8
  98.7  22.0  97.1  24.1  97.7  27.0  91.7  26.6  85.7  27.7
  78.9  30.6  73.3  37.1  74.1  40.7  87.6  49.8  98.5  43.9
 110.4  44.3 122.0  54.7 135.7  48.3 131.5  42.2 125.2  39.4
 121.3  38.5 121.2  40.3 118.5  38.6 120.8  38.1
1                     77
  50892 134.00  46.80   57   0.01
  51058  87.97  47.10  564   0.01
  51137  82.93  46.20  715    0.3
  51145  83.65  46.55  523    1.6
  51328  80.42  44.20  774    0.4
  51357  85.62  44.33  523   0.01
  56498 104.50  28.17  442    0.1
  56569 102.18  27.42 1381   0.01
  56575 102.55  27.37 1429    2.0
  56578 102.75  27.07 1093    0.8
  56580 102.80  27.72 2461   0.01
  56582 103.90  27.75 1177   0.01
  56585 103.53  27.18 1916    0.1
  56594 104.05  27.63  884   0.01
  56595 104.87  27.42 1644   0.01
  56598 104.73  27.13 1538    0.1
  56641  98.87  26.90 1191   0.01
  56665 101.85  26.68 1140    1.0
  56670 102.12  26.90 1105    1.2
  56673 102.92  26.92  894    1.2
  56674 101.73  26.50 1107   0.01
  56675 102.58  26.65 1695    0.1
  56688 103.17  26.10 1253    0.4
  56697 104.08  26.22 1987    0.5
  56772 102.50  25.23 1694    2.9
  56781 103.27  25.55 1874    0.5
  56782 103.55  25.42 2064    1.7
  56783 103.80  25.50 1906    0.8
  56785 103.03  25.33 1925   0.01
  56788 103.67  25.03 1842   0.01
  56790 104.25  25.68 1920    0.1
  56862 101.60  24.68 1966    0.4
  56863 102.48  24.93 1850    0.3
  56867 101.12  23.98 1107    1.9
  56869 101.97  24.07 1498    2.0
  56870 102.17  24.67 1576    3.8
  56871 102.60  24.65 1894    2.6
  56872 102.62  24.95 2360    0.7
  56876 102.77  24.28 1732    0.5
  56878 102.75  24.13 1802    0.5
  56879 102.92  24.20 1610    0.5
  56882 102.80  24.88 1909    1.5
  56883 103.98  24.83 1846   0.01
  56885 103.45  24.40 1416    1.0
  56889 104.17  24.05 1518   0.01
  56898 102.40  24.18 1542    0.4
  56949  99.60  22.32  946   0.01
  56970 102.48  23.70 1419    1.0
  56975 102.43  23.37  975    0.2
  56976 102.83  23.23  229   0.01
  56982 103.25  23.70 1055   0.01
  56984 103.15  23.38 1717   0.01
  56987 103.23  22.78 1261    0.8
  56992 104.70  23.45 1508    0.3
  56994 104.25  23.38 1277    0.8
  56996 104.70  23.13 1094   0.01
  57708 105.60  27.15 1704   0.01
  57800 105.37  26.77 1458   0.01
  57807 105.47  26.20 1359    1.0
  57808 105.75  26.32 1272    1.3
  57809 105.75  26.07 1251    0.1
  57813 106.47  26.57 1265   0.01
  57814 106.27  26.42 1285   0.01
  57829 107.80  26.20  964   0.01
  57900 105.22  25.83 1553    0.2
  57903 105.60  25.93 1138   0.01
  57911 106.65  26.67 1325    0.1
  57913 106.98  26.45 1095   0.01
  57914 106.67  26.42 1143   0.01
  57915 106.77  26.63 1102   0.01
  57921 107.32  25.83  710    0.2
  57923 107.87  25.98  418    0.2
  57927 107.18  24.97  283    0.2
  57936 108.92  25.75  255   0.01
  57948 109.25  25.08  123   0.01
  57958 110.32  25.08  152   0.01
  59022 107.55  24.98  695   0.01
