diamond  3 2013年12月04日08点24小时降雨量                    
  13  12  04  08    -2 3 10 25 50 1 0
 39 122.7  37.3 122.5  36.7 120.8  36.2 119.3  35.0 120.4  34.3
 121.1  32.7 122.3  30.9 122.5  30.1 121.5  28.0 119.8  25.0
 116.1  22.6 111.0  21.0 111.0  18.6 109.6  18.1 108.3  18.5
 108.9  19.9 109.3  21.0 106.4  21.6 104.1  22.2 101.6  20.8
  98.7  22.0  97.1  24.1  97.7  27.0  91.7  26.6  85.7  27.7
  78.9  30.6  73.3  37.1  74.1  40.7  87.6  49.8  98.5  43.9
 110.4  44.3 122.0  54.7 135.7  48.3 131.5  42.2 125.2  39.4
 121.3  38.5 121.2  40.3 118.5  38.6 120.8  38.1
1                     61
  50137 122.37  53.47  297    4.9
  50431 121.52  50.78  718    0.5
  50445 123.73  50.58  424    1.3
  50566 128.47  49.55  117    1.3
  50655 126.18  48.50  267    0.1
  50673 130.40  48.88   92    0.1
  50674 129.43  48.57  404    0.9
  50772 129.23  48.10  299    0.6
  50775 130.27  47.33  229    0.2
  50778 132.53  47.67   59    0.3
  50787 131.85  47.28   63   0.01
  50871 129.88  46.73   96   0.01
  50971 131.02  45.77  226   0.01
  51058  87.97  47.10  564   0.01
  51359  86.20  44.32  473   0.01
  51368  87.32  44.12  516    0.7
  51369  87.65  43.97  601    0.3
  51378  89.17  44.02  735   0.01
  51482  90.28  43.83 1271   0.01
  54261 125.52  42.68  343   0.01
  54267 125.73  42.25  363    0.3
  54274 126.07  42.68  300   0.01
  54362 125.73  41.67  388    0.4
  54371 126.43  41.93  521    0.3
  56490 103.90  28.95  396    0.1
  56493 104.97  28.85  297    0.1
  56582 103.90  27.75 1177   0.01
  56595 104.87  27.42 1644   0.01
  56596 105.05  27.85 1176   0.01
  56761 101.32  25.72 1873   0.01
  56777 102.07  25.15 1566    0.1
  56846  99.93  24.58 1569   0.01
  56869 101.97  24.07 1498    0.1
  57708 105.60  27.15 1704   0.01
  57800 105.37  26.77 1458   0.01
  57809 105.75  26.07 1251   0.01
  58100 115.17  33.65   42    0.2
  58101 115.48  33.87   42    1.1
  58104 115.07  33.40   42   0.01
  58109 115.62  33.18   37   0.01
  58117 116.20  33.13   33   0.01
  58127 117.20  32.98   23    4.3
  58129 117.87  33.13   20    0.5
  58147 118.97  32.98   28    0.6
  58148 119.30  33.23   11    3.9
  58212 116.73  32.72   27    1.0
  58220 117.15  32.47   32    1.5
  58222 117.55  32.85   31    0.6
  58224 117.02  32.65   36    0.4
  58237 118.62  32.05   22   0.01
  58432 118.40  30.68   39    1.5
  58441 119.42  30.87   53   0.01
  58446 119.68  30.63   25   0.01
  58529 117.85  29.27   82    0.3
  58530 118.43  29.87  170    0.7
  58534 118.18  29.78  173    0.1
  58658 120.68  28.15   36   0.01
  58664 121.37  28.37   33   0.01
  59750 110.10  20.92   25    0.2
  59856 110.75  19.62   26   0.01
  59951 110.33  18.80   38    5.8
