diamond  3 2013年12月06日08点24小时降雨量                    
  13  12  06  08    -2 3 10 25 50 1 0
 39 122.7  37.3 122.5  36.7 120.8  36.2 119.3  35.0 120.4  34.3
 121.1  32.7 122.3  30.9 122.5  30.1 121.5  28.0 119.8  25.0
 116.1  22.6 111.0  21.0 111.0  18.6 109.6  18.1 108.3  18.5
 108.9  19.9 109.3  21.0 106.4  21.6 104.1  22.2 101.6  20.8
  98.7  22.0  97.1  24.1  97.7  27.0  91.7  26.6  85.7  27.7
  78.9  30.6  73.3  37.1  74.1  40.7  87.6  49.8  98.5  43.9
 110.4  44.3 122.0  54.7 135.7  48.3 131.5  42.2 125.2  39.4
 121.3  38.5 121.2  40.3 118.5  38.6 120.8  38.1
1                    100
  50566 128.47  49.55  117    0.6
  50673 130.40  48.88   92    3.2
  50674 129.43  48.57  404    0.6
  50772 129.23  48.10  299    0.4
  50775 130.27  47.33  229    0.3
  50776 130.83  47.57   84    0.1
  50778 132.53  47.67   59    0.2
  50779 134.28  48.37   41    1.1
  50787 131.85  47.28   63   0.01
  50878 130.72  47.00   80    0.2
  50879 130.55  46.22  187    0.1
  50880 131.12  46.73  104    0.3
  50884 131.15  46.63  176    0.3
  50892 134.00  46.80   57    0.5
  50971 131.02  45.77  226    0.5
  50987 131.13  45.25  181    0.2
  51137  82.93  46.20  715    2.9
  51145  83.65  46.55  523    1.9
  51328  80.42  44.20  774    1.3
  51329  80.85  44.05  641    0.3
  51352  85.25  44.85  338   0.01
  51356  86.05  44.32  444    2.1
  51357  85.62  44.33  523    0.7
  51359  86.20  44.32  473    2.2
  51368  87.32  44.12  516   0.01
  51369  87.65  43.97  601    0.9
  51377  87.92  44.17  547    0.8
  51378  89.17  44.02  735    0.8
  51434  81.53  43.97  771    0.6
  51436  83.25  43.45  929    0.3
  51465  87.10  43.48 1874    0.8
  51482  90.28  43.83 1271    3.1
  54117 117.53  43.25 1004    0.1
  56580 102.80  27.72 2461    0.5
  56595 104.87  27.42 1644   0.01
  56781 103.27  25.55 1874    0.1
  56782 103.55  25.42 2064   0.01
  56783 103.80  25.50 1906   0.01
  56883 103.98  24.83 1846    0.2
  56992 104.70  23.45 1508    3.5
  57318 106.55  31.07  339    0.1
  57414 106.45  30.55  396    0.2
  57415 106.63  30.47  336    0.7
  57416 106.93  30.33 3915   0.01
  57417 106.28  30.35  315   0.01
  57425 107.33  30.33  430    0.1
  57437 108.03  30.30  326   0.01
  57438 108.12  29.98  630    1.4
  57469 111.77  30.18   68   0.01
  57509 106.93  28.95  325    0.5
  57510 106.05  29.85  275   0.01
  57511 106.45  29.85  242    0.8
  57513 106.62  29.73  457    1.5
  57514 106.22  29.58  325    0.3
  57518 106.53  29.38  243    1.5
  57519 107.08  29.15  559    0.6
  57522 107.42  29.75  273    0.3
  57525 107.75  29.32  273   0.01
  57540 109.15  29.68  776   0.01
  57541 109.48  30.00  533   0.01
  57543 110.03  29.88  540    0.2
  57544 109.45  29.47  486   0.01
  57558 110.47  29.13  184   0.01
  57564 111.13  29.43  103    0.1
  57566 111.65  29.45   50   0.01
  57635 108.98  28.45  363    0.6
  57636 108.50  28.57  335   0.01
  57640 109.45  28.58  344    0.5
  57643 109.83  29.00  268    0.5
  57646 109.95  28.62  301    0.9
  57657 110.20  28.22  182    0.6
  57661 111.48  28.92   51    0.2
  57663 111.95  28.92   31   0.01
  57666 112.13  28.52   49   0.01
  57674 112.47  28.57   44   0.01
  57680 113.07  28.80   47   0.01
  57698 114.45  28.12   99   0.01
  57728 107.47  27.07 1095    0.1
  57732 108.40  28.02  458   0.01
  57736 108.85  27.70  376   0.01
  57740 109.60  27.95  349    0.1
  57742 109.20  27.52  883    0.3
  57743 109.80  27.88  176    0.6
  57754 110.15  27.35  170   0.01
  57762 111.70  27.68  163   0.01
  57763 112.00  27.73  151   0.01
  57809 105.75  26.07 1251   0.01
  57811 106.60  26.85 1242   0.01
  57818 106.45  26.03 1145    0.1
  57822 107.90  26.90  833   0.01
  57824 107.23  26.58 1005   0.01
  57828 107.58  26.50  983   0.01
  57829 107.80  26.20  964   0.01
  57908 105.48  25.12 1393   0.01
  57909 105.82  24.98  584   0.01
  57911 106.65  26.67 1325   0.01
  57913 106.98  26.45 1095   0.01
  57914 106.67  26.42 1143    0.1
  57915 106.77  26.63 1102   0.01
  59015 106.57  24.35  442   0.01
